0 0 0 0.112684
0 0 1 -0.132659
0 0 2 0.206746
0 0 3 -0.0529018
0 0 4 -0.369934
0 0 5 -0.00200355
0 0 6 -0.0787667
0 0 7 0.953336
0 0 8 3.15385
0 0 9 4.91874
0 0 10 4.4891
0 0 11 2.69361
0 0 12 1.40793
0 0 13 0.447847
0 0 14 0.218389
0 0 15 -0.0507394
0 0 16 0.0872346
0 0 17 0.0700191
0 0 18 0.0773378
0 0 19 -0.156861
0 0 20 0.054051
0 0 21 -0.13532
0 0 22 0.236519
0 0 23 -0.382409
0 0 24 0.0104715
0 0 25 -0.294419
0 0 26 0.0536352
0 0 27 -0.0576423
0 0 28 -0.195699
0 0 29 0.377072
0 0 30 0.384889
0 0 31 0.200259
0 0 32 0.117923
0 0 33 -0.023128
0 0 34 -0.026621
0 0 35 0.255897
0 0 36 0.164913
0 0 37 -0.302652
0 0 38 0.0471481
0 0 39 0.209324
0 0 40 0.15801
0 0 41 0.142042
0 0 42 0.0161269
0 0 43 -0.263813
0 0 44 0.0199525
0 0 45 0.475458
0 0 46 -0.0874161
0 0 47 0.297314
0 0 48 -0.167672
0 0 49 0.288665
0 0 50 -0.0554799
0 0 51 -0.197363
0 0 52 -0.25217
0 0 53 -0.159855
0 0 54 0.0717656
0 0 55 0.04457
0 0 56 0.00664582
0 0 57 0.0424076
0 0 58 0.281762
0 0 59 -0.361701
0 0 60 -0.196947
0 0 61 0.138549
0 0 62 0.339979
0 0 63 0.103619
0 0 64 -0.159439
0 0 65 0.0376671
0 0 66 0.139464
0 0 67 -0.177569
0 0 68 0.326672
0 0 69 -0.237532
0 0 70 0.110521
0 0 71 0.0419918
0 0 72 0.0242772
0 0 73 -0.34881
0 0 74 0.167907
0 0 75 0.150691
0 0 76 0.184291
0 0 77 0.442191
0 0 78 0.0674409
0 0 79 -0.13399
0 0 80 -0.171498
0 0 81 0.390046
0 0 82 0.0760903
0 0 83 -0.0123994
0 0 84 -0.159439
0 0 85 0.350375
0 0 86 -0.0188033
0 0 87 -0.159855
0 0 88 -0.194369
0 0 89 -0.16551
0 0 90 0.0514728
0 0 91 0.060538
0 0 92 0.0652786
0 0 93 -0.120184
0 0 94 -0.134405
0 0 95 0.121749
0 0 96 -0.339745
0 0 97 0.117008
0 0 98 -0.283191
0 0 99 -0.418254
0 0 100 -0.202103
0 0 101 0.338316
0 0 102 -0.118437
0 0 103 -0.0955664
0 0 104 0.141626
0 0 105 -0.19046
0 0 106 0.145951
0 0 107 0.117008
0 0 108 0.250741
0 0 109 0.120002
0 0 110 0.200674
0 0 111 -0.0757727
0 0 112 0.0950523
0 0 113 0.180465
0 0 114 0.210654
0 0 115 -0.0447514
0 0 116 -0.114113
0 0 117 -0.137898
0 0 118 0.0760903
0 0 119 -0.0136469
0 0 120 -0.243521
0 0 121 0.252487
0 0 122 0.135555
0 0 123 0.33266
0 0 124 0.0113863
0 0 125 -0.451854
0 0 126 0.182128
0 0 127 0.197265
0 0 128 -0.0611353
0 0 129 0.0751754
0 0 130 0.141626
0 0 131 0.391792
0 0 132 0.360688
0 0 133 0.0204515
0 0 134 0.135971
0 0 135 -0.074442
0 0 136 -0.456179
0 0 137 -0.0951506
0 0 138 0.311952
0 0 139 0.224377
0 0 140 -0.0287833
0 0 141 0.0527203
0 0 142 -0.314296
0 0 143 -0.177569
0 0 144 0.631563
0 0 145 0.255897
0 0 146 0.121749
0 0 147 0.297314
0 0 148 -0.298328
0 0 149 0.0976305
0 0 150 -0.0313615
0 0 151 -0.0870002
0 0 152 0.107527
0 0 153 0.0704349
0 0 154 0.606529
0 0 155 -0.0731945
0 0 156 0.0773378
0 0 157 -0.0132311
0 0 158 0.0389978
0 0 159 0.124826
0 0 160 -0.254332
0 0 161 0.14121
0 0 162 -0.531611
0 0 163 -0.275457
0 0 164 -0.394469
0 0 165 -0.204765
0 0 166 0.0471481
0 0 167 0.229617
0 0 168 0.373246
0 0 169 0.0997929
0 0 170 -0.265976
0 0 171 -0.329765
0 0 172 -0.13873
0 0 173 -0.162932
0 0 174 0.08291
0 0 175 -0.0645451
0 0 176 0.451672
0 0 177 0.374493
0 0 178 0.479783
0 0 179 0.0281861
0 0 180 -0.234455
0 0 181 -0.210337
0 0 182 -0.190044
0 0 183 0.200259
0 0 184 0.100209
0 0 185 0.0704349
0 0 186 -0.0947348
0 0 187 -0.275041
0 0 188 0.215395
0 0 189 -0.0706163
0 0 190 0.246
0 0 191 -0.0071599
0 0 192 -0.0658758
0 0 193 -0.290593
0 0 194 -0.0257061
0 0 195 -0.307393
0 0 196 0.106696
0 0 197 0.0566292
0 0 198 0.0824941
0 0 199 -0.175823
0 0 200 -0.513564
0 0 201 0.349044
0 0 202 -0.0537334
0 0 203 0.0320949
0 0 204 -0.21724
0 0 205 -0.141308
0 0 206 0.146782
0 0 207 0.442191
0 0 208 0.499992
0 0 209 -0.162017
0 0 210 0.133392
0 0 211 -0.197862
0 0 212 0.0156279
0 0 213 -0.0468306
0 0 214 -0.380663
0 0 215 -0.139146
0 0 216 0.420651
0 0 217 -0.231461
0 0 218 0.189946
0 0 219 0.253735
0 0 220 0.111436
0 0 221 -0.166342
0 0 222 0.0579599
0 0 223 0.0139645
0 0 224 -0.071448
0 0 225 0.193772
0 0 226 0.198512
0 0 227 0.0643637
0 0 228 0.0286019
0 0 229 -0.0589729
0 0 230 -0.0386802
0 0 231 -0.210337
0 0 232 0.021699
0 0 233 0.325758
0 0 234 -0.118022
0 0 235 -0.475141
0 0 236 0.305465
0 0 237 0.288249
0 0 238 0.473296
0 0 239 0.186453
0 0 240 0.346466
0 0 241 -0.154282
0 0 242 -0.318121
0 0 243 -0.00890641
0 0 244 -0.0455831
0 0 245 0.0850723
0 0 246 -0.237948
0 0 247 0.23128
0 0 248 0.0544668
0 0 249 -0.184472
0 0 250 0.205831
0 0 251 -0.0248745
0 0 252 0.157594
0 0 253 -0.206844
0 0 254 0.0765061
0 0 255 -0.0882477
