0 0 0 5.1293
0 0 1 5.97793
0 0 2 5.93862
0 0 3 5.08557
0 0 4 4.01858
0 0 5 3.50756
0 0 6 2.59419
0 0 7 2.84061
0 0 8 2.24503
0 0 9 2.77254
0 0 10 3.13528
0 0 11 3.46926
0 0 12 3.66771
0 0 13 2.82784
0 0 14 1.89919
0 0 15 0.964305
0 0 16 0.409146
0 0 17 0.0966803
0 0 18 0.0611911
0 0 19 0.10412
0 0 20 0.341485
0 0 21 -0.0869987
0 0 22 0.288201
0 0 23 0.203148
0 0 24 0.319568
0 0 25 0.222953
0 0 26 0.233309
0 0 27 0.25804
0 0 28 0.0347502
0 0 29 0.218027
0 0 30 0.0859229
0 0 31 0.00509212
0 0 32 0.305594
0 0 33 0.0558627
0 0 34 0.477208
0 0 35 -0.25992
0 0 36 0.384414
0 0 37 0.0591804
0 0 38 0.0443011
0 0 39 0.310118
0 0 40 -0.128621
0 0 41 -0.237199
0 0 42 0.318764
0 0 43 0.269602
0 0 44 0.078986
0 0 45 0.167256
0 0 46 0.0331416
0 0 47 0.260152
0 0 48 -0.207441
0 0 49 0.0339459
0 0 50 0.24487
0 0 51 -0.294605
0 0 52 -0.0766435
0 0 53 0.0603868
0 0 54 0.286593
0 0 55 0.416183
0 0 56 -0.240115
0 0 57 0.0310304
0 0 58 0.24859
0 0 59 0.0723506
0 0 60 0.792187
0 0 61 0.0472166
0 0 62 0.248992
0 0 63 -0.0436678
0 0 64 0.0554606
0 0 65 0.181734
0 0 66 -0.128621
0 0 67 0.114475
0 0 68 0.279153
0 0 69 0.450466
0 0 70 -0.132743
0 0 71 -0.0856918
0 0 72 0.233309
0 0 73 0.0488252
0 0 74 0.000970149
0 0 75 -0.0498005
0 0 76 -0.0535203
0 0 77 0.195809
0 0 78 0.274227
0 0 79 -0.0560337
0 0 80 0.463234
0 0 81 -0.0325083
0 0 82 0.217223
0 0 83 0.140413
0 0 84 0.439709
0 0 85 0.295641
0 0 86 -0.228553
0 0 87 -0.0939357
0 0 88 0.175098
0 0 89 -0.118366
0 0 90 0.265078
0 0 91 0.132974
0 0 92 0.397182
0 0 93 -0.199197
0 0 94 0.000165862
0 0 95 0.184247
0 0 96 -0.235189
0 0 97 0.147049
0 0 98 -0.382071
0 0 99 -0.228955
0 0 100 0.292323
0 0 101 -0.0201424
0 0 102 0.0133361
0 0 103 -0.301643
0 0 104 -0.134452
0 0 105 0.0619954
0 0 106 0.0323373
0 0 107 -0.140182
0 0 108 0.180125
0 0 109 0.0153468
0 0 110 0.250199
0 0 111 -0.113842
0 0 112 0.0405813
0 0 113 0.0974846
0 0 114 0.213503
0 0 115 0.0472166
0 0 116 -0.0762414
0 0 117 0.341083
0 0 118 -0.0605578
0 0 119 -0.0209467
0 0 120 -0.100973
0 0 121 -0.237199
0 0 122 -0.156771
0 0 123 -0.61069
0 0 124 -0.0436678
0 0 125 0.23914
0 0 126 -0.349096
0 0 127 -0.066791
0 0 128 0.0562649
0 0 129 0.311726
0 0 130 -0.129928
0 0 131 0.201137
0 0 132 -0.0262751
0 0 133 -0.239311
0 0 134 -0.411428
0 0 135 -0.0341169
0 0 136 0.136291
0 0 137 0.000165862
0 0 138 0.157806
0 0 139 0.139609
0 0 140 -0.30114
0 0 141 -0.148426
0 0 142 0.134281
0 0 143 -0.228553
0 0 144 -0.0688017
0 0 145 -0.277615
0 0 146 -0.30114
0 0 147 -0.0799612
0 0 148 0.0615933
0 0 149 -0.103487
0 0 150 0.251505
0 0 151 0.0294218
0 0 152 0.142525
0 0 153 -0.0213488
0 0 154 -0.427514
0 0 155 -0.211161
0 0 156 0.0711442
0 0 157 0.0864256
0 0 158 -0.149331
0 0 159 0.0582756
0 0 160 -0.0440699
0 0 161 0.0480209
0 0 162 0.0872299
0 0 163 0.279555
0 0 164 0.24115
0 0 165 -0.0188354
0 0 166 -0.244237
0 0 167 -0.0589492
0 0 168 0.00670069
0 0 169 -0.227749
0 0 170 -0.034519
0 0 171 0.175903
0 0 172 0.216821
0 0 173 0.060789
0 0 174 0.0772769
0 0 175 0.0500316
0 0 176 -0.118768
0 0 177 0.219334
0 0 178 0.0611911
0 0 179 0.296847
0 0 180 0.275835
0 0 181 -0.165417
0 0 182 0.00961623
0 0 183 0.216016
0 0 184 0.259749
0 0 185 0.360889
0 0 186 0.213905
0 0 187 0.172685
0 0 188 0.0694351
0 0 189 0.197015
0 0 190 0.325801
0 0 191 0.312531
0 0 192 0.0715463
0 0 193 0.228382
0 0 194 0.0570692
0 0 195 0.520137
0 0 196 0.335654
0 0 197 0.359582
0 0 198 0.286593
0 0 199 0.109448
0 0 200 0.357169
0 0 201 0.0629002
0 0 202 0.421914
0 0 203 0.363301
0 0 204 0.260554
0 0 205 0.353047
0 0 206 0.511893
0 0 207 0.38562
0 0 208 0.18294
0 0 209 0.10412
0 0 210 0.542054
0 0 211 0.0488252
0 0 212 0.280359
0 0 213 0.341887
0 0 214 0.189575
0 0 215 0.505359
0 0 216 0.480526
0 0 217 0.418596
0 0 218 0.391854
0 0 219 0.502041
0 0 220 0.395071
0 0 221 0.336458
0 0 222 0.221345
0 0 223 0.57503
0 0 224 0.449159
0 0 225 0.476002
0 0 226 0.301874
0 0 227 0.516418
0 0 228 0.298154
0 0 229 0.711658
0 0 230 0.604386
0 0 231 0.601873
0 0 232 0.367423
0 0 233 0.420707
0 0 234 0.628314
0 0 235 0.483442
0 0 236 0.571813
0 0 237 0.770271
0 0 238 0.47932
0 0 239 0.418194
0 0 240 0.300165
0 0 241 0.626705
0 0 242 0.53753
0 0 243 0.309314
0 0 244 0.69145
0 0 245 0.703816
0 0 246 0.102511
0 0 247 0.0562649
0 0 248 0.783541
0 0 249 0.352142
0 0 250 0.368328
0 0 251 0.590311
0 0 252 0.731464
0 0 253 1.00512
0 0 254 1.72375
0 0 255 3.39868
