0 0 0 -0.00425673
0 0 1 -0.00213786
0 0 2 -0.000525686
0 0 3 0.000979013
0 0 4 0.00329748
0 0 5 0.00510926
0 0 6 0.00610727
0 0 7 0.00400377
0 0 8 0.00369668
0 0 9 0.00721277
0 0 10 0.00309787
0 0 11 0.00279079
0 0 12 0.00500178
0 0 13 0.00963871
0 0 14 0.00833361
0 0 15 0.00610727
0 0 16 0.00953123
0 0 17 0.00128609
0 0 18 0.00540099
0 0 19 0.00943911
0 0 20 0.00782693
0 0 21 0.00811866
0 0 22 0.00943911
0 0 23 0.00550846
0 0 24 0.0129552
0 0 25 0.00672144
0 0 26 0.00520138
0 0 27 0.0100379
0 0 28 0.00500178
0 0 29 0.00811866
0 0 30 0.00973083
0 0 31 0.00882494
0 0 32 0.0105446
0 0 33 0.00953123
0 0 34 0.00862534
0 0 35 0.00652183
0 0 36 0.0105446
0 0 37 0.011343
0 0 38 0.0116501
0 0 39 0.00732024
0 0 40 0.00490966
0 0 41 0.00842574
0 0 42 0.0118497
0 0 43 0.0123564
0 0 44 0.00661396
0 0 45 0.00853322
0 0 46 0.0145674
0 0 47 0.0134619
0 0 48 0.00742772
0 0 49 0.0100379
0 0 50 0.00833361
0 0 51 0.0117422
0 0 52 0.0139686
0 0 53 0.011343
0 0 54 0.0163791
0 0 55 0.0106367
0 0 56 0.010345
0 0 57 0.00811866
0 0 58 0.0157803
0 0 59 0.0124485
0 0 60 0.0176842
0 0 61 0.0149666
0 0 62 0.0110359
0 0 63 0.00993044
0 0 64 0.0129552
0 0 65 0.0142603
0 0 66 0.00993044
0 0 67 0.00742772
0 0 68 0.0122489
0 0 69 0.00762733
0 0 70 0.0139686
0 0 71 0.0186976
0 0 72 0.0131548
0 0 73 0.00721277
0 0 74 0.0140607
0 0 75 0.00540099
0 0 76 0.0124485
0 0 77 0.0127556
0 0 78 0.00581555
0 0 79 0.0145674
0 0 80 0.0129552
0 0 81 0.032286
0 0 82 0.107352
0 0 83 0.28982
0 0 84 0.999869
0 0 85 0.744224
0 0 86 0.118729
0 0 87 0.0488837
0 0 88 0.00259119
0 0 89 -0.00394964
0 0 90 -0.00304375
0 0 91 -0.00606851
0 0 92 0.00177742
0 0 93 -0.00574607
0 0 94 -0.00485553
0 0 95 -0.00224534
0 0 96 0.00128609
0 0 97 -0.00554647
0 0 98 -0.00496301
0 0 99 -0.00405712
0 0 100 -0.00485553
0 0 101 0.00137822
0 0 102 -0.00634488
0 0 103 -0.00365792
0 0 104 -0.00485553
0 0 105 0.00137822
0 0 106 -0.00365792
0 0 107 0.000579807
0 0 108 0.000272725
0 0 109 -0.00213786
0 0 110 0.00630688
0 0 111 -0.00193826
0 0 112 -0.00123197
0 0 113 -0.00335084
0 0 114 -0.00204574
0 0 115 -0.000940246
0 0 116 -0.000525686
0 0 117 0.00268331
0 0 118 0.00389629
0 0 119 -0.00113985
0 0 120 0.00128609
0 0 121 -0.00153906
0 0 122 0.0115426
0 0 123 0.00590767
0 0 124 -0.000233959
0 0 125 0.00199238
0 0 126 0.00329748
0 0 127 0.0029904
