0 0 0 0.0288618
0 0 1 0.0170608
0 0 2 0.016552
0 0 3 0.0225797
0 0 4 -0.0357794
0 0 5 -0.0704191
0 0 6 -0.0483632
0 0 7 -0.0179507
0 0 8 0.0274528
0 0 9 0.0415631
0 0 10 0.0762028
0 0 11 0.0714472
0 0 12 0.100196
0 0 13 0.114424
0 0 14 0.104815
0 0 15 0.147655
0 0 16 0.180885
0 0 17 0.21026
0 0 18 0.19435
0 0 19 0.185367
0 0 20 0.118397
0 0 21 0.0100155
0 0 22 -0.0437446
0 0 23 -0.040535
0 0 24 -0.0282252
0 0 25 -0.0532363
0 0 26 -0.0365622
0 0 27 -0.0649003
0 0 28 -0.0522186
0 0 29 -0.0259159
0 0 30 0.0041052
0 0 31 0.0903131
0 0 32 0.106596
0 0 33 0.18703
0 0 34 0.184721
0 0 35 0.148672
0 0 36 0.194213
0 0 37 0.18613
0 0 38 0.174212
0 0 39 0.129043
0 0 40 0.105187
0 0 41 0.0202704
0 0 42 0.0446356
0 0 43 0.060292
0 0 44 -0.0161698
0 0 45 -0.00346857
0 0 46 0.00244171
0 0 47 -0.0212973
0 0 48 -0.0315522
0 0 49 -0.0772297
0 0 50 -0.0812025
0 0 51 -0.0831204
0 0 52 -0.038989
0 0 53 -0.101595
0 0 54 -0.0987768
0 0 55 -0.0919662
0 0 56 -0.0839032
0 0 57 -0.0823571
0 0 58 -0.0301431
0 0 59 -0.0167961
0 0 60 0.0355354
0 0 61 0.0514462
0 0 62 0.0591374
0 0 63 0.0895499
0 0 64 0.107242
0 0 65 0.135971
0 0 66 0.145991
0 0 67 0.117242
0 0 68 0.117516
0 0 69 0.0296251
0 0 70 0.00115006
0 0 71 -0.0379713
0 0 72 -0.0106509
0 0 73 -0.0221975
0 0 74 -0.0251331
0 0 75 -0.0221975
0 0 76 -0.0136061
0 0 77 0.0171978
0 0 78 0.0750481
0 0 79 0.0551645
0 0 80 0.115461
0 0 81 0.14329
0 0 82 0.186659
0 0 83 0.159847
0 0 84 0.192295
0 0 85 0.176267
0 0 86 0.148809
0 0 87 0.129434
0 0 88 0.167656
0 0 89 0.125462
0 0 90 0.174329
0 0 91 0.156755
0 0 92 0.142899
0 0 93 0.137908
0 0 94 0.0977499
0 0 95 0.0903131
0 0 96 0.105324
0 0 97 0.122761
0 0 98 0.131626
0 0 99 0.0596462
0 0 100 0.0938945
0 0 101 0.0801756
0 0 102 0.108142
0 0 103 0.0872405
0 0 104 0.0978869
0 0 105 0.0950492
0 0 106 0.133407
0 0 107 0.0785121
0 0 108 0.0851856
0 0 109 0.0440094
0 0 110 0.0692749
0 0 111 0.0212881
0 0 112 -0.00384041
0 0 113 -0.047326
0 0 114 -0.0558
0 0 115 -0.0283426
0 0 116 -0.00859603
0 0 117 -0.0537451
0 0 118 -0.0219431
0 0 119 -0.0187335
0 0 120 -0.0402806
0 0 121 -0.0886392
0 0 122 -0.0868388
0 0 123 -0.0685012
0 0 124 -0.059264
0 0 125 -0.0387346
0 0 126 -0.124688
0 0 127 -0.126352
0 0 128 -0.139933
0 0 129 -0.124551
0 0 130 -0.1524
0 0 131 -0.0833748
0 0 132 -0.0645284
0 0 133 -0.0484806
0 0 134 0.0188613
0 0 135 0.0429721
0 0 136 0.0600376
0 0 137 0.107887
0 0 138 0.133936
0 0 139 0.127634
0 0 140 0.106478
0 0 141 0.130335
0 0 142 0.135462
0 0 143 0.153036
0 0 144 0.132781
0 0 145 0.0642648
0 0 146 0.0216795
0 0 147 -0.0328438
0 0 148 -0.0166786
0 0 149 -0.0293799
0 0 150 -0.0283426
0 0 151 -0.0156414
0 0 152 -0.0142323
0 0 153 -0.0311804
0 0 154 -0.035662
0 0 155 -0.0741375
0 0 156 -0.0542539
0 0 157 -0.020397
0 0 158 0.0150059
0 0 159 0.0274528
0 0 160 0.0383535
0 0 161 0.0328346
0 0 162 0.0337349
0 0 163 0.0384905
0 0 164 0.0406628
0 0 165 0.0573369
0 0 166 0.11777
0 0 167 0.146246
0 0 168 0.128417
0 0 169 0.163683
0 0 170 0.132135
0 0 171 0.121743
0 0 172 0.162019
0 0 173 0.165738
0 0 174 0.122644
0 0 175 0.150982
0 0 176 0.153173
0 0 177 0.16151
0 0 178 0.132507
0 0 179 0.114561
0 0 180 0.0542643
0 0 181 0.0437354
0 0 182 0.0724844
0 0 183 0.0660653
0 0 184 0.0627383
0 0 185 0.0904305
0 0 186 0.0480996
0 0 187 0.0418175
0 0 188 0.013088
0 0 189 -0.0178333
0 0 190 -0.00628672
0 0 191 0.0353984
0 0 192 0.0243802
0 0 193 -0.00885045
0 0 194 -0.0229608
0 0 195 -0.0283426
0 0 196 -0.00975069
0 0 197 0.0100155
0 0 198 0.036553
0 0 199 0.0415631
0 0 200 0.0302709
0 0 201 0.0526008
0 0 202 -0.0171875
0 0 203 0.00666893
0 0 204 0.0339893
0 0 205 0.00565127
0 0 206 -0.0247612
0 0 207 -0.0396348
0 0 208 -0.0577179
0 0 209 -0.0637456
0 0 210 -0.02026
0 0 211 0.0304079
0 0 212 0.0749111
0 0 213 0.119943
0 0 214 0.137654
0 0 215 0.0980043
0 0 216 0.155228
0 0 217 0.170356
0 0 218 0.186913
0 0 219 0.169456
0 0 220 0.153545
0 0 221 0.0741479
0 0 222 0.0832482
0 0 223 -0.0139779
0 0 224 -0.0233522
0 0 225 -0.0378343
0 0 226 0.0424633
0 0 227 0.00602311
0 0 228 0.00565127
0 0 229 -0.00820462
0 0 230 0.0246346
0 0 231 0.0407998
0 0 232 0.0765942
0 0 233 0.0791579
0 0 234 0.129571
0 0 235 0.157146
0 0 236 0.171648
0 0 237 0.117633
0 0 238 0.133662
0 0 239 0.164974
0 0 240 0.135717
0 0 241 0.110314
0 0 242 0.0937771
0 0 243 0.116733
0 0 244 0.0856945
0 0 245 0.0633646
0 0 246 0.0587459
0 0 247 0.0288618
0 0 248 0.0244976
0 0 249 -0.0166786
0 0 250 -0.0714564
0 0 251 -0.0370711
0 0 252 -0.0737657
0 0 253 -0.0560544
0 0 254 -0.0687556
0 0 255 -0.0841576
0 0 256 -0.0827485
0 0 257 -0.0637456
0 0 258 -0.0620821
0 0 259 -0.0477174
0 0 260 0.008215
0 0 261 0.0546557
0 0 262 0.0446356
0 0 263 0.0891585
0 0 264 0.0746567
0 0 265 0.0619555
0 0 266 0.100059
0 0 267 0.110451
0 0 268 0.0904305
0 0 269 0.10276
0 0 270 0.0773575
0 0 271 0.0526008
0 0 272 0.0102699
0 0 273 0.0132055
0 0 274 0.0184699
0 0 275 0.0428547
0 0 276 0.0278442
0 0 277 -0.000259015
0 0 278 0.0143601
0 0 279 0.0424633
0 0 280 0.0747937
0 0 281 0.0968496
0 0 282 0.0909589
0 0 283 0.0864577
0 0 284 0.13008
0 0 285 0.115716
0 0 286 0.122252
0 0 287 0.174858
0 0 288 0.163037
0 0 289 0.135717
0 0 290 0.133544
0 0 291 0.0764572
0 0 292 0.0849312
0 0 293 0.100451
0 0 294 0.122115
0 0 295 0.0813303
0 0 296 0.0842854
0 0 297 0.0641474
0 0 298 0.0261611
0 0 299 0.0464361
0 0 300 0.0628557
0 0 301 0.0143601
0 0 302 0.0175697
0 0 303 -0.0464453
0 0 304 -0.0617103
0 0 305 -0.059401
0 0 306 -0.0501637
0 0 307 -0.0337441
0 0 308 -0.082866
0 0 309 -0.0817113
0 0 310 -0.0904397
0 0 311 -0.0905572
0 0 312 -0.0709475
0 0 313 -0.0528449
0 0 314 -0.040535
0 0 315 -0.047326
0 0 316 -0.0200056
0 0 317 -0.0206514
0 0 318 0.0162976
0 0 319 -0.0039774
0 0 320 0.045027
0 0 321 0.0201334
0 0 322 -0.0252701
0 0 323 0.00655151
0 0 324 0.0441268
0 0 325 0.0649106
0 0 326 0.0592743
0 0 327 0.0768486
0 0 328 0.0803126
0 0 329 -0.000630854
0 0 330 0.0428547
0 0 331 -0.0486176
0 0 332 -0.0328438
0 0 333 0.00424219
0 0 334 -0.00769579
0 0 335 -0.0683642
0 0 336 -0.0243698
0 0 337 -0.00307716
0 0 338 -0.0455451
0 0 339 -0.0428444
0 0 340 -0.00231391
0 0 341 -0.0187335
0 0 342 -0.00346857
0 0 343 -0.00178551
0 0 344 -0.00448624
0 0 345 0.031817
0 0 346 -0.00333158
0 0 347 -0.0260333
0 0 348 -0.0293799
0 0 349 -0.0285971
0 0 350 -0.015387
0 0 351 0.00424219
0 0 352 0.0204074
0 0 353 0.0832482
0 0 354 0.10186
0 0 355 0.0996678
0 0 356 0.0545187
0 0 357 0.106596
0 0 358 0.114561
0 0 359 0.139181
0 0 360 0.126225
0 0 361 0.131998
0 0 362 0.083894
0 0 363 0.105695
0 0 364 0.107242
0 0 365 0.140981
0 0 366 0.16562
0 0 367 0.185758
0 0 368 0.212824
0 0 369 0.155346
0 0 370 0.129434
0 0 371 0.162156
0 0 372 0.138535
0 0 373 0.168947
0 0 374 0.159964
0 0 375 0.158164
0 0 376 0.0908219
0 0 377 0.0753026
0 0 378 0.0242432
0 0 379 0.00886082
0 0 380 0.0605464
0 0 381 0.0620925
0 0 382 0.0678658
0 0 383 0.0706839
0 0 384 0.106341
0 0 385 0.132644
0 0 386 0.109296
0 0 387 0.198831
0 0 388 0.218343
0 0 389 0.288503
0 0 390 0.29774
0 0 391 0.264255
0 0 392 0.265547
0 0 393 0.285176
0 0 394 0.264392
0 0 395 0.231162
0 0 396 0.262846
0 0 397 0.26952
0 0 398 0.244254
0 0 399 0.20345
0 0 400 0.188185
0 0 401 0.228089
0 0 402 0.304531
0 0 403 0.314023
0 0 404 0.331343
0 0 405 0.374457
0 0 406 0.416651
0 0 407 0.365728
0 0 408 0.39845
0 0 409 0.380484
0 0 410 0.446163
0 0 411 0.447181
0 0 412 0.420252
0 0 413 0.387784
0 0 414 0.412032
0 0 415 0.454754
0 0 416 0.4563
0 0 417 0.457455
0 0 418 0.49734
0 0 419 0.501841
0 0 420 0.525306
0 0 421 0.532371
0 0 422 0.535443
0 0 423 0.542626
0 0 424 0.538653
0 0 425 0.549045
0 0 426 0.539553
0 0 427 0.535052
0 0 428 0.495813
0 0 429 0.473092
0 0 430 0.49004
0 0 431 0.49503
0 0 432 0.520824
0 0 433 0.544837
0 0 434 0.527752
0 0 435 0.497731
0 0 436 0.481957
0 0 437 0.408822
0 0 438 0.390739
0 0 439 0.378175
0 0 440 0.36381
0 0 441 0.316215
0 0 442 0.315178
0 0 443 0.247327
0 0 444 0.23899
0 0 445 0.224234
0 0 446 0.24809
0 0 447 0.229753
0 0 448 0.224116
0 0 449 0.182666
0 0 450 0.194741
0 0 451 0.241045
0 0 452 0.247581
0 0 453 0.201141
0 0 454 0.211533
0 0 455 0.174212
0 0 456 0.165483
0 0 457 0.131235
0 0 458 0.118788
0 0 459 0.152136
0 0 460 0.215251
0 0 461 0.214233
0 0 462 0.154074
0 0 463 0.137654
0 0 464 0.140335
0 0 465 0.139063
0 0 466 0.114424
0 0 467 0.151627
0 0 468 0.175112
0 0 469 0.211415
0 0 470 0.20165
0 0 471 0.198968
0 0 472 0.205642
0 0 473 0.222825
0 0 474 0.251554
0 0 475 0.294277
0 0 476 0.319933
0 0 477 0.324689
0 0 478 0.307624
0 0 479 0.315824
0 0 480 0.340463
0 0 481 0.316978
0 0 482 0.305569
0 0 483 0.338525
0 0 484 0.41166
0 0 485 0.405378
0 0 486 0.371247
0 0 487 0.346745
0 0 488 0.398568
0 0 489 0.403949
0 0 490 0.456046
0 0 491 0.434225
0 0 492 0.402286
0 0 493 0.403949
0 0 494 0.417042
0 0 495 0.34289
0 0 496 0.367529
0 0 497 0.418588
0 0 498 0.400114
0 0 499 0.404478
0 0 500 0.436789
0 0 501 0.438844
0 0 502 0.49503
0 0 503 0.563664
0 0 504 0.562255
0 0 505 0.518378
0 0 506 0.535189
0 0 507 0.523134
0 0 508 0.509924
0 0 509 0.542626
0 0 510 0.532371
0 0 511 0.543389
0 0 512 0.484384
0 0 513 0.457572
0 0 514 0.466164
0 0 515 0.515442
0 0 516 0.548653
0 0 517 0.579183
0 0 518 0.58752
0 0 519 0.572138
0 0 520 0.601631
0 0 521 0.654999
0 0 522 0.618187
0 0 523 0.657446
0 0 524 0.693749
0 0 525 0.693612
0 0 526 0.638991
0 0 527 0.681165
0 0 528 0.669912
0 0 529 0.693749
0 0 530 0.694003
0 0 531 0.701577
0 0 532 0.71786
0 0 533 0.809841
0 0 534 0.843952
0 0 535 0.79393
0 0 536 0.806886
0 0 537 0.854227
0 0 538 0.821642
0 0 539 0.899258
0 0 540 0.946325
0 0 541 0.997541
0 0 542 0.999831
0 0 543 0.9657
0 0 544 0.910922
0 0 545 0.91515
0 0 546 0.91785
0 0 547 0.913623
0 0 548 0.943253
0 0 549 0.929906
0 0 550 0.816514
0 0 551 0.791758
0 0 552 0.764046
0 0 553 0.710169
0 0 554 0.694904
0 0 555 0.707722
0 0 556 0.67322
0 0 557 0.672828
0 0 558 0.637934
0 0 559 0.547636
0 0 560 0.548653
0 0 561 0.543037
0 0 562 0.481957
0 0 563 0.456418
0 0 564 0.467064
0 0 565 0.441544
0 0 566 0.388939
0 0 567 0.354182
0 0 568 0.314669
0 0 569 0.336216
0 0 570 0.356882
0 0 571 0.274002
0 0 572 0.3479
0 0 573 0.32647
0 0 574 0.287603
0 0 575 0.265156
0 0 576 0.271692
0 0 577 0.251946
0 0 578 0.249245
0 0 579 0.220007
0 0 580 0.183821
0 0 581 0.148418
0 0 582 0.16472
0 0 583 0.100822
0 0 584 0.117242
0 0 585 0.0806844
0 0 586 0.00627752
0 0 587 -0.0518272
0 0 588 -0.0870932
0 0 589 -0.10275
0 0 590 -0.0669552
0 0 591 -0.0668377
0 0 592 -0.0518272
0 0 593 -0.0542539
0 0 594 -0.0623365
0 0 595 -0.0619647
0 0 596 -0.0400262
0 0 597 -0.0239784
0 0 598 -0.0346248
0 0 599 0.0151429
0 0 600 0.0391363
0 0 601 0.0700381
0 0 602 0.0477278
0 0 603 0.0356724
0 0 604 0.063756
0 0 605 0.0987871
0 0 606 0.0853031
0 0 607 0.119943
0 0 608 0.183449
0 0 609 0.21257
0 0 610 0.183958
0 0 611 0.196013
0 0 612 0.187539
0 0 613 0.173311
0 0 614 0.145463
0 0 615 0.108396
0 0 616 0.0963408
0 0 617 0.0882582
0 0 618 0.0573369
0 0 619 0.0337349
0 0 620 0.0457903
0 0 621 0.0237344
0 0 622 -0.0115512
0 0 623 -0.0709475
0 0 624 -0.0398892
0 0 625 -0.027325
0 0 626 -0.00795021
0 0 627 -0.0460539
0 0 628 -0.0469542
0 0 629 -0.0233522
0 0 630 -0.0201426
0 0 631 -0.0219431
0 0 632 -0.0142323
0 0 633 -0.0402806
0 0 634 -0.0278338
0 0 635 -0.0245068
0 0 636 0.0215621
0 0 637 0.0201334
0 0 638 0.0329716
0 0 639 0.0346351
0 0 640 0.0251435
0 0 641 -0.00462323
0 0 642 -0.0285971
0 0 643 0.011542
0 0 644 0.0243802
0 0 645 0.0496457
0 0 646 0.0419545
0 0 647 0.0322084
0 0 648 0.00154147
0 0 649 -0.0250157
0 0 650 -0.060673
0 0 651 -0.0796564
0 0 652 0.0173153
0 0 653 0.0492543
0 0 654 0.0221883
0 0 655 0.0650476
0 0 656 0.0238518
0 0 657 0.0560648
0 0 658 0.000895643
0 0 659 0.0719756
0 0 660 0.10276
0 0 661 0.100959
0 0 662 0.127634
0 0 663 0.136245
0 0 664 0.163937
0 0 665 0.175484
0 0 666 0.176521
0 0 667 0.228344
0 0 668 0.19024
0 0 669 0.246564
0 0 670 0.261692
0 0 671 0.252846
0 0 672 0.242963
0 0 673 0.201141
0 0 674 0.110451
0 0 675 0.0355354
0 0 676 0.0320714
0 0 677 0.0328346
0 0 678 -0.0269336
0 0 679 -0.0100051
0 0 680 -0.0882478
0 0 681 -0.163946
0 0 682 -0.165081
0 0 683 -0.137135
0 0 684 -0.108895
0 0 685 -0.107368
0 0 686 -0.124942
0 0 687 -0.126352
0 0 688 -0.167919
0 0 689 -0.135315
0 0 690 -0.171129
0 0 691 -0.108777
0 0 692 -0.100049
0 0 693 -0.138035
0 0 694 -0.132516
0 0 695 -0.156744
0 0 696 -0.0699103
0 0 697 -0.0266791
0 0 698 -0.0396348
0 0 699 0.0192527
0 0 700 0.00962407
0 0 701 0.0205248
0 0 702 0.0270614
0 0 703 0.0532466
0 0 704 0.105187
0 0 705 0.146617
0 0 706 0.183449
0 0 707 0.0933857
0 0 708 0.135854
0 0 709 0.0822305
0 0 710 0.0424633
0 0 711 0.0289988
0 0 712 0.0497827
0 0 713 0.0147515
0 0 714 0.016552
0 0 715 0.0100155
0 0 716 -0.0298887
0 0 717 -0.059127
0 0 718 -0.0424529
0 0 719 -0.0818483
0 0 720 -0.00141367
0 0 721 -0.0102595
0 0 722 -0.0393804
0 0 723 -0.0336071
0 0 724 -0.0260333
0 0 725 -0.0130777
0 0 726 -0.0665833
0 0 727 -0.0332157
0 0 728 -0.0196338
0 0 729 0.00692335
0 0 730 -0.0115512
0 0 731 -0.0179507
0 0 732 -0.0214147
0 0 733 -0.00333158
0 0 734 0.011679
0 0 735 0.129317
0 0 736 0.0641474
0 0 737 -0.0298887
0 0 738 -0.059127
0 0 739 -0.0424529
0 0 740 -0.0818483
0 0 741 -0.00141367
0 0 742 -0.0102595
0 0 743 -0.0393804
0 0 744 -0.0336071
0 0 745 -0.0260333
0 0 746 -0.0130777
0 0 747 -0.0665833
0 0 748 -0.0332157
0 0 749 -0.0196338
0 0 750 -0.0827485
0 0 751 -0.163692
0 0 752 -0.150345
0 0 753 -0.186374
0 0 754 -0.225261
0 0 755 -0.185611
0 0 756 -0.181638
0 0 757 -0.139816
0 0 758 -0.261055
0 0 759 -0.2827
0 0 760 -0.249508
0 0 761 -0.197431
0 0 762 -0.171129
0 0 763 -0.16058
0 0 764 -0.155335
0 0 765 -0.157116
0 0 766 -0.189838
0 0 767 -0.141108
0 0 768 -0.161735
0 0 769 -0.0715738
0 0 770 -0.060673
0 0 771 -0.0166786
0 0 772 -0.0670922
0 0 773 -0.0768383
0 0 774 -0.0436076
0 0 775 0.000132395
0 0 776 0.00987849
0 0 777 -0.0219431
0 0 778 -0.0727285
0 0 779 -0.127643
0 0 780 -0.144435
0 0 781 -0.105059
0 0 782 -0.162635
0 0 783 -0.143671
0 0 784 -0.0813199
0 0 785 -0.0765838
0 0 786 -0.0633738
0 0 787 -0.0254071
0 0 788 0.048491
0 0 789 0.00782359
0 0 790 0.055419
0 0 791 0.0542643
0 0 792 0.00334195
0 0 793 0.0161606
0 0 794 0.0361812
0 0 795 -0.00217692
0 0 796 -0.0402806
0 0 797 -0.0706736
0 0 798 -0.0785017
0 0 799 -0.0767013
0 0 800 -0.000376438
0 0 801 0.020016
0 0 802 0.0218165
0 0 803 0.0315626
0 0 804 0.0220709
0 0 805 0.0457903
0 0 806 0.0460447
0 0 807 0.0656739
0 0 808 0.0732477
0 0 809 0.0454185
0 0 810 0.0619555
0 0 811 0.0161606
0 0 812 -0.0112968
0 0 813 -0.0224519
0 0 814 -0.0274424
0 0 815 -0.0260333
0 0 816 -0.0746659
0 0 817 -0.0708105
0 0 818 -0.0522186
0 0 819 -0.0336071
0 0 820 -0.142771
0 0 821 -0.166256
0 0 822 -0.19522
0 0 823 -0.17792
0 0 824 -0.262327
0 0 825 -0.259255
0 0 826 -0.255517
0 0 827 -0.27953
0 0 828 -0.259
0 0 829 -0.246788
0 0 830 -0.227824
0 0 831 -0.259489
0 0 832 -0.218313
0 0 833 -0.231778
0 0 834 -0.236651
0 0 835 -0.207784
0 0 836 -0.161363
0 0 837 -0.149954
0 0 838 -0.11866
0 0 839 -0.0800478
0 0 840 -0.125451
0 0 841 -0.11275
0 0 842 -0.0459169
0 0 843 -0.0705561
0 0 844 -0.0615733
0 0 845 -0.0597728
0 0 846 0.0342437
0 0 847 -0.00795021
0 0 848 -0.0393804
0 0 849 -0.0827485
0 0 850 -0.163692
0 0 851 -0.150345
0 0 852 -0.186374
0 0 853 -0.225261
0 0 854 -0.185611
0 0 855 -0.181638
0 0 856 -0.139816
0 0 857 -0.261055
0 0 858 -0.2827
0 0 859 -0.249508
0 0 860 -0.197431
0 0 861 -0.171129
0 0 862 -0.16058
0 0 863 -0.155335
0 0 864 -0.157116
0 0 865 -0.189838
0 0 866 -0.141108
0 0 867 -0.161735
0 0 868 -0.0715738
0 0 869 -0.060673
0 0 870 -0.0166786
0 0 871 -0.0670922
0 0 872 -0.0768383
0 0 873 -0.0436076
0 0 874 0.000132395
0 0 875 0.00987849
0 0 876 -0.0219431
0 0 877 -0.0727285
0 0 878 -0.127643
0 0 879 -0.144435
0 0 880 -0.105059
0 0 881 -0.162635
0 0 882 -0.143671
0 0 883 -0.0813199
0 0 884 -0.0765838
0 0 885 -0.0633738
0 0 886 -0.0254071
0 0 887 0.048491
0 0 888 0.00782359
0 0 889 0.055419
0 0 890 0.0542643
0 0 891 0.00334195
0 0 892 0.0161606
0 0 893 0.0361812
0 0 894 -0.00217692
0 0 895 -0.0402806
0 0 896 -0.0706736
0 0 897 -0.0785017
0 0 898 -0.0767013
0 0 899 -0.000376438
0 0 900 0.020016
0 0 901 0.0218165
0 0 902 0.0315626
0 0 903 0.0220709
0 0 904 0.0457903
0 0 905 0.0460447
0 0 906 0.0656739
0 0 907 0.0732477
0 0 908 0.0454185
0 0 909 0.0619555
0 0 910 0.0161606
0 0 911 -0.0112968
0 0 912 -0.0224519
0 0 913 -0.0274424
0 0 914 -0.0260333
0 0 915 -0.0746659
0 0 916 -0.0708105
0 0 917 -0.0522186
0 0 918 -0.0336071
0 0 919 0.0314256
0 0 920 0.0424633
0 0 921 0.0764572
0 0 922 0.0980043
0 0 923 0.117125
0 0 924 0.19204
0 0 925 0.195113
0 0 926 0.170748
0 0 927 0.19114
0 0 928 0.206151
0 0 929 0.183312
0 0 930 0.107496
0 0 931 0.035144
0 0 932 0.0329716
0 0 933 0.0678658
0 0 934 0.0996678
0 0 935 0.0681202
0 0 936 0.109942
0 0 937 0.173957
0 0 938 0.179594
0 0 939 0.191395
0 0 940 0.184467
0 0 941 0.21666
0 0 942 0.248482
0 0 943 0.259265
0 0 944 0.235917
0 0 945 0.204742
0 0 946 0.231553
0 0 947 0.184975
0 0 948 0.129317
0 0 949 0.0641474
0 0 950 0.0184699
0 0 951 0.00359637
0 0 952 0.0110331
0 0 953 -0.0692645
0 0 954 -0.120833
0 0 955 -0.122888
0 0 956 -0.114159
0 0 957 -0.166001
0 0 958 -0.161246
0 0 959 -0.118269
0 0 960 -0.0374625
0 0 961 -0.0555456
0 0 962 -0.0510639
0 0 963 -0.0986398
0 0 964 0.00255913
0 0 965 0.0324628
0 0 966 -0.00640414
0 0 967 -0.0275794
0 0 968 -0.0605556
0 0 969 -0.0732373
0 0 970 -0.0895395
0 0 971 -0.151734
0 0 972 -0.139307
0 0 973 -0.142497
0 0 974 -0.0831204
0 0 975 -0.084275
0 0 976 -0.0751748
0 0 977 -0.0223149
0 0 978 -0.0262877
0 0 979 -0.0505355
0 0 980 -0.0307889
0 0 981 -0.0669552
0 0 982 -0.0791476
0 0 983 -0.0581093
0 0 984 -0.0392434
0 0 985 -0.0454081
0 0 986 -0.101732
0 0 987 -0.0764468
0 0 988 -0.138387
0 0 989 -0.107114
0 0 990 -0.0221975
0 0 991 0.0170608
0 0 992 0.0785121
0 0 993 0.087358
0 0 994 0.0529727
0 0 995 0.0274528
0 0 996 0.0100155
0 0 997 0.0220709
0 0 998 -0.0128233
0 0 999 0.00641451
0 0 1000 -0.0268161
0 0 1001 -0.0496353
0 0 1002 -0.0768383
0 0 1003 -0.153046
0 0 1004 -0.127252
0 0 1005 -0.104041
0 0 1006 -0.0672096
0 0 1007 -0.0588726
0 0 1008 -0.0183421
0 0 1009 -0.0114142
0 0 1010 0.0188613
0 0 1011 0.00193288
0 0 1012 -0.00178551
0 0 1013 -0.0455451
0 0 1014 -0.0136061
0 0 1015 -0.0292429
0 0 1016 -0.0251331
0 0 1017 -0.0075588
0 0 1018 0.0302709
0 0 1019 -0.0166786
0 0 1020 -0.0351532
0 0 1021 -0.079539
0 0 1022 -0.0516902
0 0 1023 -0.0165416
