0 0 0 -0.0329642
0 0 1 0.00379393
0 0 2 0.0184131
0 0 3 -0.0351798
0 0 4 0.00148138
0 0 5 -0.0562352
0 0 6 -0.0134774
0 0 7 -0.0226791
0 0 8 -0.0469365
0 0 9 0.0281646
0 0 10 0.00377775
0 0 11 -0.00163975
0 0 12 0.0355712
0 0 13 0.000769827
0 0 14 0.00245168
0 0 15 0.0118151
0 0 16 -0.0352606
0 0 17 0.0275501
0 0 18 0.0275339
0 0 19 0.0302022
0 0 20 0.0121062
0 0 21 -0.00553712
0 0 22 -0.00676616
0 0 23 0.0323207
0 0 24 -0.00369355
0 0 25 0.0122355
0 0 26 -0.065162
0 0 27 -0.0195094
0 0 28 -0.0564131
0 0 29 -0.00757475
0 0 30 -0.0105503
0 0 31 -0.0214662
0 0 32 0.010683
0 0 33 -0.00618398
0 0 34 0.0264828
0 0 35 -0.0443814
0 0 36 -0.0462088
0 0 37 0.0128177
0 0 38 -0.00534306
0 0 39 -0.00940214
0 0 40 -0.0248299
0 0 41 -0.0186685
0 0 42 0.00300151
0 0 43 -0.0174718
0 0 44 -0.0317675
0 0 45 0.00615499
0 0 46 -0.0175527
0 0 47 -0.0113427
0 0 48 0.0120576
0 0 49 0.0223266
0 0 50 0.0106507
0 0 51 -0.0335302
0 0 52 0.0102788
0 0 53 0.013885
0 0 54 0.00778832
0 0 55 -0.0484729
0 0 56 0.0338085
0 0 57 -0.016922
0 0 58 -0.0379451
0 0 59 -0.00383909
0 0 60 -0.0150137
0 0 61 0.0195128
0 0 62 0.0339379
0 0 63 -0.0011546
0 0 64 -0.0120705
0 0 65 -0.00066945
0 0 66 -0.0328672
0 0 67 -0.0359722
0 0 68 -0.0132025
0 0 69 -0.0461603
0 0 70 -0.0153695
0 0 71 -0.00962855
0 0 72 0.00216059
0 0 73 -0.000831167
0 0 74 -0.0145447
0 0 75 -0.0461765
0 0 76 -0.010146
0 0 77 -0.00904637
0 0 78 -0.0178761
0 0 79 0.00149755
0 0 80 -0.038026
0 0 81 -0.0510441
0 0 82 -0.0139464
0 0 83 -0.0410501
0 0 84 0.00397181
0 0 85 -0.0143183
0 0 86 0.0256903
0 0 87 -0.0345652
0 0 88 -0.0363603
0 0 89 -0.0115206
0 0 90 0.0149685
0 0 91 -0.00644273
0 0 92 -0.0227276
0 0 93 -0.0351312
0 0 94 0.010117
0 0 95 0.0117827
0 0 96 -0.047923
0 0 97 0.0452742
0 0 98 -0.00540774
0 0 99 0.00376158
0 0 100 0.00434376
0 0 101 0.000397879
0 0 102 -0.00315988
0 0 103 0.0357329
0 0 104 0.0134484
0 0 105 0.00659162
0 0 106 -0.0144315
0 0 107 0.0363313
0 0 108 0.00539492
0 0 109 -0.0110517
0 0 110 0.0114916
0 0 111 -0.00432424
0 0 112 0.0223752
0 0 113 0.0398082
0 0 114 0.0483145
0 0 115 0.00827347
0 0 116 0.0198685
0 0 117 0.0516944
0 0 118 0.0524868
0 0 119 0.00293683
0 0 120 0.0196907
0 0 121 -0.0281936
0 0 122 0.0472795
0 0 123 0.00589624
0 0 124 -0.00746154
0 0 125 0.091606
0 0 126 0.21485
0 0 127 0.34859
0 0 128 0.614581
0 0 129 0.973155
0 0 130 0.994647
0 0 131 0.77185
0 0 132 0.569689
0 0 133 0.461953
0 0 134 0.40097
0 0 135 0.408118
0 0 136 0.329184
0 0 137 0.227416
0 0 138 0.222321
0 0 139 0.181795
0 0 140 0.222532
0 0 141 0.201298
0 0 142 0.223825
0 0 143 0.264659
0 0 144 0.156681
0 0 145 0.127216
0 0 146 0.106516
0 0 147 0.10946
0 0 148 0.103233
0 0 149 0.0583894
0 0 150 0.102053
0 0 151 0.042428
0 0 152 0.0343745
0 0 153 0.0287791
0 0 154 0.0820971
0 0 155 0.0302022
0 0 156 0.043366
0 0 157 0.0459211
0 0 158 0.021227
0 0 159 0.0167959
0 0 160 -0.0419072
0 0 161 0.00435993
0 0 162 0.0398244
0 0 163 -0.0275791
0 0 164 -0.0107929
0 0 165 -0.0127658
0 0 166 0.000203819
0 0 167 -0.00236747
0 0 168 0.00413353
0 0 169 -0.00500345
0 0 170 0.0203375
0 0 171 -0.0504135
0 0 172 -0.0136876
0 0 173 0.00877479
0 0 174 0.00693123
0 0 175 0.0221164
0 0 176 -0.0300695
0 0 177 -0.00763943
0 0 178 -0.0260913
0 0 179 0.0191893
0 0 180 -0.0281451
0 0 181 -0.0141243
0 0 182 0.00872628
0 0 183 0.0019827
0 0 184 -0.0445431
0 0 185 -0.0174718
0 0 186 -0.0112295
0 0 187 -0.0350989
0 0 188 -0.0154665
0 0 189 -0.0270131
0 0 190 -0.0404517
0 0 191 -0.0636257
0 0 192 -0.0350504
0 0 193 -0.000992883
0 0 194 -0.022388
0 0 195 -0.0194771
0 0 196 -0.00500345
0 0 197 -0.000216644
0 0 198 -0.0537125
0 0 199 0.0554947
0 0 200 0.0124619
0 0 201 -0.019655
0 0 202 0.00828965
0 0 203 0.038191
0 0 204 -0.0290669
0 0 205 -0.0134774
0 0 206 -0.0384464
0 0 207 -0.0222424
0 0 208 0.0022091
0 0 209 0.0260623
0 0 210 -0.0206253
0 0 211 -0.0433141
0 0 212 0.0179765
0 0 213 -0.0222748
0 0 214 -0.0164692
0 0 215 0.0240893
0 0 216 0.00440845
0 0 217 -0.00712194
0 0 218 -0.0326732
0 0 219 0.000333192
0 0 220 -0.0258487
0 0 221 -0.0253797
0 0 222 -0.0249431
0 0 223 -0.0247329
0 0 224 0.0332748
0 0 225 0.0245583
0 0 226 -0.0298755
0 0 227 -0.00404933
0 0 228 0.00355135
0 0 229 0.0247524
0 0 230 0.0169091
0 0 231 -0.0361177
0 0 232 -0.0417616
0 0 233 -0.00463151
0 0 234 0.0235719
0 0 235 -0.0285009
0 0 236 -0.0161619
0 0 237 -0.00739686
0 0 238 -0.0243447
0 0 239 0.00867776
0 0 240 -0.0324144
0 0 241 -0.0238434
0 0 242 0.0159712
0 0 243 -0.0409045
0 0 244 0.000672797
0 0 245 0.0194804
0 0 246 0.000656625
0 0 247 -0.0384788
0 0 248 -0.0100975
0 0 249 0.0482821
0 0 250 -0.0490712
0 0 251 -0.0299078
0 0 252 0.00246785
0 0 253 -0.0530009
0 0 254 0.0191085
0 0 255 0.033097
