0 0 0 0.310039
0 0 1 1.1001
0 0 2 2.12001
0 0 3 3.12851
0 0 4 3.02402
0 0 5 2.09746
0 0 6 0.903891
0 0 7 0.040582
0 0 8 -0.112878
0 0 9 -0.00964687
0 0 10 -0.0693983
0 0 11 0.19174
0 0 12 0.0964094
0 0 13 0.0299084
0 0 14 0.0153106
0 0 15 -0.0578876
0 0 16 -0.0990648
0 0 17 0.111426
0 0 18 0.0675277
0 0 19 -0.118424
0 0 20 0.150981
0 0 21 0.0932177
0 0 22 0.000241942
0 0 23 0.0631327
0 0 24 -0.0626488
0 0 25 0.188182
0 0 26 0.0235775
0 0 27 0.178293
0 0 28 -0.0622826
0 0 29 -0.0496207
0 0 30 -0.1224
0 0 31 -0.0309942
0 0 32 -0.0377437
0 0 33 0.0675277
0 0 34 -0.00253111
0 0 35 0.0722367
0 0 36 0.0350882
0 0 37 0.193309
0 0 38 -0.0183323
0 0 39 0.155324
0 0 40 -0.00253111
0 0 41 0.067894
0 0 42 -0.136266
0 0 43 0.0750098
0 0 44 0.0837475
0 0 45 -0.167083
0 0 46 -0.111308
0 0 47 0.0782014
0 0 48 -0.152852
0 0 49 -0.215742
0 0 50 0.0528776
0 0 51 0.152551
0 0 52 0.0611968
0 0 53 -0.0836299
0 0 54 0.0184499
0 0 55 -0.144166
0 0 56 0.0983453
0 0 57 -0.0768804
0 0 58 -0.229189
0 0 59 -0.0337672
0 0 60 -0.0314127
0 0 61 -0.05276
0 0 62 0.0908633
0 0 63 0.131988
0 0 64 -0.0365403
0 0 65 -0.0484173
0 0 66 -0.0155592
0 0 67 0.00699145
0 0 68 -0.194395
0 0 69 0.114984
0 0 70 -0.0911119
0 0 71 0.0884565
0 0 72 -0.0662067
0 0 73 -0.0325638
0 0 74 -0.193192
0 0 75 0.086102
0 0 76 0.110222
0 0 77 -0.0998496
0 0 78 -0.0622826
0 0 79 0.0853172
0 0 80 0.213087
0 0 81 -0.0199019
0 0 82 0.164061
0 0 83 -0.116069
0 0 84 -0.0290059
0 0 85 0.0726553
0 0 86 -0.300399
0 0 87 -0.00645525
0 0 88 -0.167502
0 0 89 0.0856834
0 0 90 -0.0290059
0 0 91 0.0829627
0 0 92 0.0018116
0 0 93 0.14465
0 0 94 0.205971
0 0 95 -0.201511
0 0 96 0.0346697
0 0 97 0.0441922
0 0 98 0.154173
0 0 99 -0.177757
0 0 100 -0.0218902
0 0 101 0.102322
0 0 102 -0.146939
0 0 103 -0.0195357
0 0 104 0.0777828
0 0 105 0.0793525
0 0 106 -0.0278549
0 0 107 -0.0507718
0 0 108 -0.157194
0 0 109 0.000660516
0 0 110 0.0829627
0 0 111 0.103107
0 0 112 0.121315
0 0 113 -0.0476325
0 0 114 0.131203
0 0 115 -0.0515566
0 0 116 0.0853172
0 0 117 -0.0373251
0 0 118 0.0204381
0 0 119 -0.00211254
0 0 120 0.0227926
0 0 121 -0.0646371
0 0 122 -0.00765865
0 0 123 0.198855
0 0 124 0.179078
0 0 125 0.0085611
0 0 126 0.0880902
0 0 127 0.00500322
0 0 128 0.0378613
0 0 129 -0.0132048
0 0 130 0.0378613
0 0 131 0.313963
0 0 132 0.0263505
0 0 133 -0.0306279
0 0 134 -0.0864029
0 0 135 -0.0203205
0 0 136 0.0738587
0 0 137 0.115402
0 0 138 0.341694
0 0 139 -0.159183
0 0 140 0.101118
0 0 141 0.0904447
0 0 142 0.0896599
0 0 143 0.0113342
0 0 144 0.0208044
0 0 145 -0.108954
0 0 146 0.0671092
0 0 147 0.0576389
0 0 148 0.114199
0 0 149 0.0279202
0 0 150 -0.0116351
0 0 151 -0.184506
0 0 152 0.176305
0 0 153 -0.0207391
0 0 154 -0.0147744
0 0 155 0.243172
0 0 156 -0.0329824
0 0 157 0.166834
0 0 158 0.0156769
0 0 159 0.0334663
0 0 160 0.11378
0 0 161 0.0659058
0 0 162 0.135965
0 0 163 -0.0361217
0 0 164 0.235638
0 0 165 0.207175
0 0 166 -0.0760955
0 0 167 0.0722367
0 0 168 -0.0388948
0 0 169 0.0856834
0 0 170 0.184205
0 0 171 0.0176651
0 0 172 0.0291236
0 0 173 0.125291
0 0 174 0.295389
0 0 175 0.153754
0 0 176 0.136749
0 0 177 0.137116
0 0 178 0.175101
0 0 179 0.0710856
0 0 180 0.021223
0 0 181 -0.0733225
0 0 182 0.268862
0 0 183 0.100752
0 0 184 0.0821255
0 0 185 0.0750098
0 0 186 0.180281
0 0 187 0.259758
0 0 188 0.0342511
0 0 189 0.00343357
0 0 190 0.105513
0 0 191 -0.108535
0 0 192 0.103891
0 0 193 0.250288
0 0 194 0.056017
0 0 195 -0.0531786
0 0 196 0.0473315
0 0 197 0.0113342
0 0 198 -0.0428712
0 0 199 -0.0713343
0 0 200 -0.0990648
0 0 201 -0.132289
0 0 202 0.0326814
0 0 203 0.0782014
0 0 204 -0.0895422
0 0 205 0.00934593
0 0 206 0.0627665
0 0 207 -0.0685612
0 0 208 0.0410006
0 0 209 -0.0294245
0 0 210 0.0504709
0 0 211 -0.119994
0 0 212 0.0548659
0 0 213 0.110641
0 0 214 0.158097
0 0 215 -0.0515566
0 0 216 -0.0935187
0 0 217 0.0275539
0 0 218 -0.159967
0 0 219 -0.0610792
0 0 220 -0.0745259
0 0 221 -0.0420864
0 0 222 -0.0132048
0 0 223 -0.110105
0 0 224 -0.154421
0 0 225 -0.0729562
0 0 226 0.0255657
0 0 227 -0.0638522
0 0 228 -0.0887574
0 0 229 -0.0144082
0 0 230 0.130419
0 0 231 0.124454
0 0 232 0.0956245
0 0 233 0.218267
0 0 234 0.0647547
0 0 235 0.270484
0 0 236 0.108653
0 0 237 -0.0998496
0 0 238 -0.0614454
0 0 239 -0.00765865
0 0 240 0.0782014
0 0 241 0.16877
0 0 242 -0.109738
0 0 243 0.17552
0 0 244 0.342479
0 0 245 0.123303
0 0 246 0.0315304
0 0 247 0.0659058
0 0 248 0.127227
0 0 249 0.170392
0 0 250 0.107868
0 0 251 0.161288
0 0 252 0.186194
0 0 253 0.12843
0 0 254 0.275611
0 0 255 0.10588
