0 0 0 0.0278226
0 0 1 0.0682275
0 0 2 0.00310798
0 0 3 -0.0658914
0 0 4 -0.00118205
0 0 5 -0.0125139
0 0 6 -0.0226322
0 0 7 0.0233617
0 0 8 0.0180462
0 0 9 0.0013988
0 0 10 -0.0495858
0 0 11 -0.0916486
0 0 12 -0.0618235
0 0 13 -0.0897343
0 0 14 0.0132605
0 0 15 0.00151845
0 0 16 -0.0741638
0 0 17 0.0488284
0 0 18 -0.0539955
0 0 19 -0.00632666
0 0 20 0.00497098
0 0 21 0.00524445
0 0 22 -0.0498593
0 0 23 -0.0554825
0 0 24 -0.0207692
0 0 25 0.00751765
0 0 26 -0.063772
0 0 27 -0.0465093
0 0 28 -0.00345525
0 0 29 0.00715872
0 0 30 -0.065823
0 0 31 -0.0740612
0 0 32 -0.0454838
0 0 33 -0.0930672
0 0 34 -0.117184
0 0 35 -0.0237261
0 0 36 -0.100246
0 0 37 -0.0845555
0 0 38 -0.0626439
0 0 39 0.00763729
0 0 40 -0.0298791
0 0 41 -0.00268612
0 0 42 -0.00331852
0 0 43 -0.0935971
0 0 44 -0.0895463
0 0 45 -0.0268026
0 0 46 -0.0692243
0 0 47 -0.0397581
0 0 48 -0.0621312
0 0 49 -0.0300329
0 0 50 0.0384366
0 0 51 -0.0896318
0 0 52 -0.0601485
0 0 53 0.0162173
0 0 54 -0.0215383
0 0 55 -0.0566789
0 0 56 -0.0165133
0 0 57 0.00645796
0 0 58 -0.136993
0 0 59 -0.010121
0 0 60 0.0578357
0 0 61 0.416437
0 0 62 0.983114
0 0 63 0.860515
0 0 64 0.779996
0 0 65 0.739335
0 0 66 0.765468
0 0 67 0.838244
0 0 68 0.806915
0 0 69 0.685308
0 0 70 0.545873
0 0 71 0.484446
0 0 72 0.484428
0 0 73 0.316041
0 0 74 0.248101
0 0 75 0.257536
0 0 76 0.240649
0 0 77 0.232889
0 0 78 0.0986337
0 0 79 0.171957
0 0 80 0.0808241
0 0 81 0.0890623
0 0 82 0.121366
0 0 83 0.057511
0 0 84 0.0982748
0 0 85 -0.040117
0 0 86 0.0480763
0 0 87 0.0360779
0 0 88 0.0327109
0 0 89 0.0244897
0 0 90 0.0440427
0 0 91 0.0491702
0 0 92 0.037582
0 0 93 0.0278226
0 0 94 0.0166446
0 0 95 -0.00764273
0 0 96 0.0821915
0 0 97 -0.0140863
0 0 98 0.055836
0 0 99 -0.00090858
0 0 100 0.0180974
0 0 101 0.0644502
0 0 102 0.00468042
0 0 103 -0.0223416
0 0 104 -0.000600929
0 0 105 0.0261476
0 0 106 -0.0427662
0 0 107 -0.00622411
0 0 108 -0.052594
0 0 109 -0.0473127
0 0 110 -0.0296056
0 0 111 -0.0166672
0 0 112 0.013739
0 0 113 0.000458759
0 0 114 -0.0955968
0 0 115 -0.0256574
0 0 116 0.0287627
0 0 117 -0.00278867
0 0 118 0.116443
0 0 119 0.000663859
0 0 120 -0.0685235
0 0 121 -0.00410474
0 0 122 0.0191913
0 0 123 0.0101327
0 0 124 -0.0270589
0 0 125 -0.046441
0 0 126 -0.000464195
0 0 127 -0.00121623
