0 0 0 -9.17515 11.6726 76.279 -16.1689
0 0 1 -16.283 -14.0479 40.564 -9.13672
0 0 2 8.34859 35.1378 -12.0231 -2.4095
0 0 3 7.37294 5.30976 10.9074 -6.44158
0 0 4 -0.250118 34.8888 5.82279 1.31643
0 0 5 18.0737 62.9596 10.0649 -12.2893
0 0 6 5.88377 33.9717 28.832 -10.8176
0 0 7 6.11237 16.4502 17.1554 -6.40257
0 0 8 -17.1047 -10.1306 6.51085 10.7955
0 0 9 -3.5763 11.5572 -15.5392 5.29177
0 0 10 5.38683 37.2776 -44.1258 9.20919
0 0 11 11.5207 -1.8952 19.2196 10.1454
0 0 12 4.62155 -50.3541 39.876 27.7442
0 0 13 1.71776 -36.9402 43.0276 5.65467
0 0 14 26.5399 -13.0924 -5.01125 8.71153
0 0 15 15.1318 -10.3796 -19.3031 2.73138
0 0 16 -13.1689 -23.087 -10.5128 18.0559
0 0 17 5.34874 -20.7548 12.2632 21.1328
0 0 18 9.85763 -14.2969 16.1612 12.4954
0 0 19 -5.21952 -13.1126 33.5114 -3.78544
0 0 20 4.01031 12.8751 -25.7055 1.45118
0 0 21 9.49487 3.51206 9.16688 38.5035
0 0 22 1.94635 36.7816 18.2458 14.1586
0 0 23 -5.29571 -2.79203 19.6015 1.43109
0 0 24 -0.708959 -36.9402 -44.3736 -1.05247
0 0 25 5.29076 -22.3217 -28.8018 24.6105
0 0 26 -5.18142 -15.4245 -39.8458 18.5535
0 0 27 2.57747 61.9656 -20.7958 1.85191
0 0 28 9.91561 13.4116 -11.6411 -10.0528
0 0 29 0.0546712 4.14369 -8.33493 -6.00184
0 0 30 -3.04126 32.2145 -8.06962 24.4959
0 0 31 -4.7408 41.4054 20.1759 0.0941535
0 0 32 -0.670861 -29.7555 -19.8774 -4.79848
0 0 33 6.01629 -11.2764 1.52533 -33.0999
0 0 34 17.368 -6.88138 6.77908 15.0558
0 0 35 18.1317 1.81154 2.68862 8.31081
0 0 36 -13.9524 -24.6539 -1.03741 5.31068
0 0 37 -15.7662 -23.7368 -8.71686 21.8019
0 0 38 -22.7797 -5.21932 70.4684 4.85203
0 0 39 -6.95715 -5.16264 16.5635 3.57184
0 0 40 0.417437 -7.43608 24.0739 8.32972
0 0 41 -20.9841 5.74907 -9.50114 5.92182
0 0 42 3.78172 3.95137 -0.442643 4.37447
0 0 43 -2.65862 48.5132 -27.1954 -17.812
0 0 44 -3.59452 37.9092 -19.0757 -8.40974
0 0 45 -36.8431 -6.95831 36.2257 -30.8634
0 0 46 13.0099 -7.78023 -42.426 -15.5944
0 0 47 24.2474 -12.481 -2.62345 -12.8248
0 0 48 -17.5635 -24.2713 -12.2913 -10.8366
0 0 49 -12.5958 -15.8638 -54.5021 -1.3007
0 0 50 -7.22549 2.36623 -40.3618 -21.7874
0 0 51 -5.64026 66.2837 -10.1134 -4.74056
0 0 52 -10.4738 23.0985 24.4937 7.85216
0 0 53 31.6219 -19.6475 3.72071 10.623
0 0 54 -15.3273 -14.1046 -50.4699 25.7761
0 0 55 -10.1674 -66.3856 -71.0301 -3.55612
0 0 56 -12.4235 -17.621 4.04724 -4.49232
0 0 57 1.48751 -2.98435 0.930563 -9.07998
0 0 58 0.475414 -3.48033 9.58672 5.75042
0 0 59 11.1961 1.48763 -38.9303 4.94778
0 0 60 25.1071 9.60764 48.0744 -22.4552
0 0 61 8.25252 7.10544 12.3215 0.150893
0 0 62 10.2966 -43.7241 4.08515 -7.12955
0 0 63 1.75586 1.52609 16.8114 18.6871
0 0 64 8.97805 -14.8131 -19.7637 11.8263
0 0 65 10.3546 25.7161 -14.5275 -4.93206
0 0 66 24.8768 64.6986 33.0158 -5.67677
0 0 67 23.5202 9.2068 28.2372 -7.49245
0 0 68 8.50099 13.201 9.54881 10.948
0 0 69 1.18272 -18.3275 2.65071 -2.08442
0 0 70 -15.2892 20.6732 -4.07537 -12.2704
0 0 71 0.513512 -7.43608 2.34459 -11.5245
0 0 72 8.34859 31.4493 -10.4574 -1.28179
0 0 73 -5.46799 6.20659 3.14927 0.953527
0 0 74 0.303141 -2.98435 -5.20076 -5.29614
0 0 75 -13.7801 -47.526 22.1234 -0.975631
0 0 76 -1.14958 6.74306 -56.5662 22.1459
0 0 77 -4.09146 1.94515 -23.8338 4.0494
0 0 78 1.18272 16.1628 21.5112 -14.3154
0 0 79 -4.39791 21.0153 -3.71093 -12.5388
0 0 80 -4.53043 19.0678 11.0037 13.7188
0 0 81 2.55759 17.8633 -28.0001 27.2288
0 0 82 11.3485 -25.3989 -20.3177 0.361304
0 0 83 23.0812 -31.8771 -26.1633 -2.10334
0 0 84 2.90214 -25.8564 -55.3242 4.52696
0 0 85 10.7935 -28.476 7.23681 22.5856
0 0 86 2.88226 -21.844 13.409 7.22211
0 0 87 -12.8624 -12.7097 -21.2332 -0.631645
0 0 88 5.27088 -63.5777 30.0332 0.13198
0 0 89 16.679 -1.34051 -6.02293 -0.670654
0 0 90 4.22068 -17.621 -3.95875 0.934614
0 0 91 3.64755 -13.9143 14.3652 12.2093
0 0 92 6.97207 54.3031 -48.4261 4.10732
0 0 93 12.5328 31.6983 1.86936 15.5345
0 0 94 -10.8366 -3.8832 -22.8396 10.604
0 0 95 0.0165725 -9.76823 -18.0232 -3.47928
0 0 96 1.94635 32.4048 -8.06962 -16.7801
0 0 97 15.9733 9.68457 38.4998 -4.95097
0 0 98 10.3927 -10.3209 -54.5779 8.19614
0 0 99 -5.19964 -15.8436 -21.3119 -1.93194
0 0 100 -7.68434 -14.22 -10.8977 -6.36592
0 0 101 -11.4296 -38.1832 38.252 -28.4945
0 0 102 16.1638 -1.66644 17.7676 -22.9907
0 0 103 2.80606 7.01029 0.665251 -19.8381
0 0 104 25.3737 -22.5141 -30.3879 0.877874
0 0 105 -6.72856 -17.6595 -3.17739 15.8017
0 0 106 10.3165 17.3471 -27.3674 1.52684
0 0 107 6.47513 35.7876 -8.25913 16.6799
0 0 108 13.4886 10.4113 12.8754 -16.2635
0 0 109 4.58345 -1.16843 -26.0117 5.06244
0 0 110 20.8831 -9.02324 22.103 16.9093
0 0 111 11.6532 -1.76159 -36.3122 -7.89317
0 0 112 27.6862 -18.7486 -13.1309 -12.0399
0 0 113 22.6224 -16.7242 -25.0379 13.0687
0 0 114 6.58943 -18.7689 34.1995 15.5912
0 0 115 -20.6213 -19.0158 40.1617 -19.7991
0 0 116 0.303141 -30.7879 8.88116 -16.3403
0 0 117 9.60917 -2.39119 2.61281 -2.31375
0 0 118 -27.6911 0.588781 -2.22111 2.23372
0 0 119 -19.76 -17.9469 -30.4054 -24.8253
0 0 120 -2.96341 55.2202 -24.4052 1.69942
0 0 121 17.5006 4.94536 -10.9356 28.7951
0 0 122 7.75558 25.0682 -44.5281 -7.64612
0 0 123 -3.97717 -3.63419 -47.1462 -8.56223
0 0 124 -16.0727 8.3282 -15.4255 -18.0224
0 0 125 2.76796 -11.6024 46.7916 0.150893
0 0 126 -2.02751 7.7735 -12.8277 9.64892
0 0 127 -11.4677 8.15612 18.4557 -7.33996
0 0 128 18.7048 13.7739 39.2841 -5.82926
0 0 129 11.2342 23.2523 2.68862 1.60367
0 0 130 24.3037 1.18194 0.91307 13.3748
0 0 131 -1.2059 -1.87496 4.21926 -19.7613
0 0 132 16.6409 -22.0161 -25.2099 3.70541
0 0 133 3.97221 2.19416 -32.4316 -0.555992
0 0 134 -2.37205 -33.8631 8.63334 -15.2138
0 0 135 0.0165725 -20.3722 -1.20942 -13.6641
0 0 136 20.4822 9.12987 6.53126 -26.5819
0 0 137 20.3298 1.63946 -34.8398 1.87082
0 0 138 2.19482 16.2782 -47.776 14.5593
0 0 139 -5.77277 -19.0158 -60.3127 2.23372
0 0 140 -5.06546 -30.2515 -40.3618 -5.23704
0 0 141 -16.8943 -13.7989 2.84314 -26.5819
0 0 142 0.896156 10.8891 -63.8288 -10.7042
0 0 143 24.7625 -19.5139 -25.8193 -0.383408
0 0 144 -11.7543 9.12987 10.4876 -14.5625
0 0 145 18.3801 17.1568 3.26297 -22.7614
0 0 146 35.7697 8.97804 -40.7642 -9.36487
0 0 147 -25.6073 56.1372 -2.56514 -36.2135
0 0 148 11.0039 12.4358 16.1991 -13.4927
0 0 149 -12.9204 44.4239 -15.3292 19.0878
0 0 150 -20.7737 20.0983 55.9842 -18.9397
0 0 151 -6.74843 -3.29004 25.2576 -16.7044
0 0 152 0.627808 -53.411 -26.242 14.655
0 0 153 -32.3342 -6.21332 -4.18907 -8.42866
0 0 154 12.667 14.6525 13.5635 -12.2704
0 0 155 31.1068 -2.64019 16.0096 -13.2646
0 0 156 44.4629 52.7949 8.02109 -17.7553
0 0 157 -4.91307 -0.824275 30.7038 -18.1182
0 0 158 41.1764 -49.8966 -53.5866 8.8652
0 0 159 24.8967 -34.7437 -48.5777 13.5084
0 0 160 23.005 -7.80048 -16.685 33.9738
0 0 161 -5.44811 39.2069 -16.6296 24.802
0 0 162 -15.3471 37.5064 10.4089 -10.0528
0 0 163 6.47513 -25.6277 4.35337 -23.4683
0 0 164 8.08025 11.3284 -16.0377 -16.2635
0 0 165 -10.3214 53.3678 -30.8077 -3.34571
0 0 166 -19.5314 12.4945 -9.31163 -7.47354
0 0 167 -28.3222 31.2387 -14.3934 -9.0989
0 0 168 -19.1305 5.40491 -7.9909 -3.03955
0 0 169 -16.4172 10.6786 -28.8776 4.0494
0 0 170 32.75 -1.77981 6.85488 2.82594
0 0 171 13.5068 -12.5194 -23.4694 -27.2521
0 0 172 -6.26971 -38.0293 -84.6572 0.877874
0 0 173 -15.8242 0.742638 -73.8785 -11.2196
0 0 174 10.6213 2.2144 6.30093 1.73725
0 0 175 -5.35203 -4.74156 -24.2536 0.667463
0 0 176 13.4306 -2.5248 -66.1029 30.4394
0 0 177 -3.28973 23.6532 -21.1194 0.667463
0 0 178 -3.30795 -0.919423 3.95103 -3.49819
0 0 179 -0.632762 0.36002 -17.8716 -27.29
0 0 180 -13.9325 -2.50658 -6.08124 -13.3213
0 0 181 3.85792 -0.996352 18.8172 -5.08573
0 0 182 12.4185 -18.3275 -6.40486 18.764
0 0 183 28.7943 9.91333 -28.1313 -23.9269
0 0 184 16.0495 -40.1894 -25.9738 6.93486
0 0 185 -14.5438 -21.1557 -23.586 1.96657
0 0 186 12.3423 -32.2961 -5.45149 -10.3023
0 0 187 -3.99539 -2.85073 -37.9915 -38.9642
0 0 188 14.7111 -23.4494 -17.5071 3.1321
0 0 189 1.50739 -33.8448 -8.90929 -5.39071
0 0 190 -7.9709 -0.308044 15.5314 -9.38496
0 0 191 9.1321 24.7423 -14.4692 13.1266
0 0 192 2.53937 62.3098 -61.3827 13.4706
0 0 193 13.2965 12.9135 -38.1635 11.5213
0 0 194 -1.85523 -9.07992 -48.12 10.1265
0 0 195 -6.26971 -6.59594 -55.1726 -4.49232
0 0 196 -23.984 23.3293 -34.8777 -0.631645
0 0 197 -17.0467 30.514 -29.1633 -8.79274
0 0 198 -16.5895 23.06 -27.0059 12.8015
0 0 199 -5.67836 30.2265 10.1436 -26.7155
0 0 200 -7.79863 24.4366 61.028 -14.5057
0 0 201 5.92187 31.4877 21.4733 -10.742
0 0 202 5.7496 -0.0408185 44.9402 -26.4117
0 0 203 -4.22564 -35.2781 41.9401 -11.4867
0 0 204 12.1883 -25.7046 -59.6421 3.57184
0 0 205 14.6349 38.8061 -60.3681 -0.918891
0 0 206 17.9975 -0.384972 -5.46898 -3.05846
0 0 207 32.5015 -3.02281 16.3157 4.0494
0 0 208 32.4253 -18.9976 -22.5918 7.10745
0 0 209 13.0099 23.1956 5.36506 16.9093
0 0 210 31.9665 -0.53883 -4.26488 -2.37167
0 0 211 9.76156 31.8319 6.91319 -4.77839
0 0 212 39.7436 -32.5451 67.7745 -6.09759
0 0 213 39.7254 11.6159 12.2457 -9.21356
0 0 214 46.7952 -5.71733 19.3333 -16.5898
0 0 215 52.4122 14.3468 -25.0379 9.64892
0 0 216 23.2717 -19.6475 18.2458 -2.88706
0 0 217 47.6168 -5.00878 27.8174 3.03636
0 0 218 38.483 24.2079 -45.7322 -3.17312
0 0 219 33.7621 -3.34672 8.00359 25.9096
0 0 220 17.5387 -45.3295 -14.2418 11.7507
0 0 221 22.9669 30.0544 -39.0615 -27.5949
0 0 222 9.79966 -10.9707 -17.0115 -2.18017
0 0 223 57.1895 21.0356 1.06468 12.3618
0 0 224 69.8018 -39.5396 -56.3563 7.69967
0 0 225 71.7117 15.9138 -35.6795 5.80716
0 0 226 41.2725 24.2463 35.5173 10.5272
0 0 227 44.9416 -3.71112 15.4556 0.9157
0 0 228 23.54 -4.55126 -26.8718 -4.09042
0 0 229 41.8456 -23.2388 -16.8191 -21.6727
0 0 230 34.2408 -22.7226 -18.8658 -24.0416
0 0 231 52.8148 50.8454 39.4357 5.48208
0 0 232 49.7569 -23.0101 30.418 -26.563
0 0 233 31.5838 -10.5132 15.3215 -17.6962
0 0 234 30.8202 -33.0998 33.3598 12.6869
0 0 235 15.1318 28.1049 27.0156 -11.4099
0 0 236 34.0304 8.9578 56.8063 -6.38484
0 0 237 20.4623 -18.1555 -25.7814 -1.45437
0 0 238 4.33498 -22.2651 -59.6042 11.5024
0 0 239 19.4303 -20.7933 -23.414 -18.1749
0 0 240 47.4644 -1.49436 -55.0939 -16.4349
0 0 241 29.9605 13.3913 -77.8903 -7.8187
0 0 242 41.3686 -26.8322 -50.4903 4.39339
0 0 243 50.5206 -6.57569 -63.7705 -5.75479
0 0 244 38.4449 30.6091 -59.8345 -5.50655
0 0 245 44.7312 13.6585 -28.0175 7.52709
0 0 246 67.6037 28.5644 -39.4259 -20.9079
0 0 247 30.9726 10.0105 -114.789 5.7315
0 0 248 28.0489 11.5956 -42.2161 1.73725
0 0 249 23.2336 -18.5381 -35.7582 -18.1749
0 0 250 26.636 48.2662 -26.7755 2.57771
0 0 251 28.4316 -25.743 -1.93538 4.35556
0 0 252 33.1128 -20.1637 32.2694 -8.1816
0 0 253 11.3286 -23.8502 -3.329 -19.2447
0 0 254 13.3743 -28.2452 6.12892 -1.3007
0 0 255 13.5847 17.3855 28.7358 -10.989
0 0 256 25.7365 0.971399 31.4472 3.11319
0 0 257 13.5449 -22.9149 -8.77518 9.13235
0 0 258 9.59094 37.8323 19.447 -2.54307
0 0 259 20.7887 9.11165 9.87535 -6.68982
0 0 260 14.1197 -0.652198 35.8613 -9.6131
0 0 261 23.4638 -9.8816 -20.3935 -3.13529
0 0 262 44.5589 4.63968 -22.8775 -0.516983
0 0 263 4.16271 -33.5007 25.4675 12.2471
0 0 264 14.9794 19.4302 -10.7431 -15.9396
0 0 265 -0.269996 42.1889 32.0799 -21.8831
0 0 266 -10.9708 22.564 -27.7493 -16.7233
0 0 267 14.731 5.19437 -9.02299 -10.5706
0 0 268 29.4437 55.9085 -61.1523 -2.16126
0 0 269 -4.09146 31.0302 -11.2971 -4.05377
0 0 270 11.2524 18.2257 -9.92097 34.8911
0 0 271 14.7873 36.2836 -9.50114 34.1653
0 0 272 20.6346 -18.615 -26.8134 5.21493
0 0 273 2.61557 -32.9075 -57.4059 -5.02781
0 0 274 22.4882 -26.7553 -44.4319 12.0178
0 0 275 -7.26359 11.213 -11.3175 -4.60699
0 0 276 22.354 -6.51901 17.6714 -9.49844
0 0 277 29.4255 27.0158 6.28344 -15.7481
0 0 278 23.4241 33.0162 9.22519 -15.04
0 0 279 0.800081 -19.4369 3.11137 2.78812
0 0 280 -1.39805 -22.4938 18.2458 -13.5896
0 0 281 4.27866 -26.2208 -16.0173 -24.8253
0 0 282 7.35472 -36.8248 -14.2009 1.96657
0 0 283 41.5392 14.8833 -20.5451 17.4448
0 0 284 33.285 23.4811 -16.2651 2.63563
0 0 285 15.1699 -38.2581 -27.2537 22.5856
0 0 286 21.5142 -29.6988 23.5374 17.4448
0 0 287 7.83178 -16.2646 12.5314 8.61696
0 0 288 43.3746 -45.6149 -61.8579 10.5272
0 0 289 27.9529 -29.9842 -38.5455 10.3558
0 0 290 6.49501 -34.0736 3.22507 14.0238
0 0 291 -10.3214 -33.444 7.67706 -0.116257
0 0 292 -17.7739 36.5508 -10.2475 -9.59419
0 0 293 -20.9642 40.0106 0.988873 -5.65786
0 0 294 -0.231897 20.8635 -8.22123 11.4823
0 0 295 19.6606 44.8632 2.99474 -3.74643
0 0 296 11.1381 46.0677 4.18136 -11.5434
0 0 297 22.8327 17.9017 -69.2341 -15.7871
0 0 298 -22.4169 13.2779 -15.1951 0.513793
0 0 299 -19.9322 -4.85695 40.9081 -17.6406
0 0 300 9.03603 15.189 -4.4573 27.2856
0 0 301 -13.8182 13.3731 -7.55358 4.39339
0 0 302 9.49487 -11.5457 10.0649 -3.00172
0 0 303 18.7628 -20.603 -5.10746 -4.26418
0 0 304 40.7557 -24.7875 -2.1074 -0.516983
0 0 305 22.9288 2.63346 31.7738 8.13822
0 0 306 12.2844 -36.1385 19.2575 -6.308
0 0 307 13.0496 -15.137 16.4294 -8.58115
0 0 308 -15.9203 -18.0218 -55.1726 -10.6462
0 0 309 34.0868 4.42913 -2.96748 -0.44133
0 0 310 -3.48023 40.622 1.52533 -6.23117
0 0 311 -4.7408 41.7881 8.65084 -6.97706
0 0 312 -20.7538 26.5198 0.493236 7.62283
0 0 313 -3.19366 3.89468 -23.3935 -4.11051
0 0 314 6.22666 22.89 14.4789 4.98561
0 0 315 8.67326 0.0158657 -48.7118 5.67358
0 0 316 -16.1688 -2.65841 -26.758 10.7376
0 0 317 -0.690738 -30.8831 24.2459 -6.61298
0 0 318 -11.5257 36.15 -11.5653 -20.6218
0 0 319 18.8771 -8.4483 -4.83923 -13.436
0 0 320 4.96609 14.4622 8.47882 -20.0674
0 0 321 4.92799 2.2144 32.6717 -13.4738
0 0 322 8.61529 18.4949 31.3539 11.2341
0 0 323 6.39893 28.7932 -35.2218 2.46305
0 0 324 15.0937 7.90711 -67.4586 -6.51723
0 0 325 4.7756 31.01 28.8874 -22.6645
0 0 326 15.266 41.4439 -8.0288 -6.42266
0 0 327 13.2203 1.98362 -1.0549 15.6681
0 0 328 0.188845 -29.9073 -20.6238 -3.86109
0 0 329 -4.64638 -19.4167 23.0797 7.69967
0 0 330 12.2082 8.23305 -2.25901 13.2791
0 0 331 -1.39805 3.87646 -16.7637 13.4127
0 0 332 -8.79251 14.7295 -7.9151 19.7947
0 0 333 -27.3085 -17.3356 -26.6239 3.878
0 0 334 1.65979 -10.6084 -42.5397 -8.77383
0 0 335 10.8896 -10.1124 -1.15111 2.04341
0 0 336 4.94621 -20.4107 -66.5023 -3.23104
0 0 337 -9.49982 -21.8258 -68.1641 7.56609
0 0 338 -16.5116 15.0351 6.91319 15.3619
0 0 339 -5.41001 -3.53904 -2.50683 -10.2266
0 0 340 15.7431 2.44316 18.8376 11.8074
0 0 341 8.17632 13.2577 19.3158 19.8148
0 0 342 -5.35203 -47.4126 -34.0002 -3.17312
0 0 343 -13.0347 -37.3997 -47.5282 -14.066
0 0 344 -4.32171 -25.9536 -9.73146 -16.5898
0 0 345 -3.02139 -18.6919 -13.2476 4.45131
0 0 346 17.2521 -49.935 -31.8573 -4.53015
0 0 347 18.8953 -38.1447 23.6511 -2.52416
0 0 348 15.6669 -25.7997 40.564 -5.33397
0 0 349 9.2845 -5.16264 30.3772 10.9291
0 0 350 -5.23774 -55.9921 24.9136 -10.9701
0 0 351 -4.87497 -4.41765 27.9136 -7.54919
0 0 352 13.0679 3.33999 -28.1313 -9.67221
0 0 353 5.8258 -18.2911 15.9892 7.3746
0 0 354 -2.83089 22.8515 -2.75464 -15.8249
0 0 355 -16.5895 16.9462 2.4029 -12.404
0 0 356 11.1381 -31.1503 -17.6617 -2.7724
0 0 357 2.06065 -29.468 -43.5339 8.94086
0 0 358 6.66728 -1.99035 -13.2855 19.05
0 0 359 4.65965 15.7032 -0.731279 -13.7043
0 0 360 -14.2572 3.37845 -62.8142 1.81408
0 0 361 7.64128 -34.2457 -40.9158 -14.0093
0 0 362 9.47499 -42.5782 -24.8834 4.75628
0 0 363 -9.46172 -34.7437 -22.4752 6.03648
0 0 364 -12.7101 25.4488 -16.4371 -7.53028
0 0 365 -5.5243 -20.3722 -17.4313 0.494879
0 0 366 -17.6016 11.1563 -6.15705 7.29776
0 0 367 -3.7287 34.0486 14.1932 -12.1948
0 0 368 6.6474 -27.1763 12.5489 2.08123
0 0 369 -1.56867 -34.8004 -11.2213 13.5663
0 0 370 -6.32769 -18.9025 -26.0117 9.4196
0 0 371 -12.5378 28.8499 -47.9859 13.337
0 0 372 -15.213 7.52652 -27.9417 9.87825
0 0 373 3.58957 21.9344 24.3217 -32.2772
0 0 374 7.73736 -33.9218 21.6453 6.6287
0 0 375 -6.38401 6.18837 3.18717 -17.3522
0 0 376 -3.63262 3.32177 -8.64106 2.10015
0 0 377 18.2278 -36.6163 -12.7315 17.3112
0 0 378 6.45691 -14.888 -49.3999 -5.9451
0 0 379 12.2264 -39.9404 1.98306 -10.5493
0 0 380 -14.1429 11.1381 -26.9855 -4.14834
0 0 381 2.08053 40.5066 -37.7816 14.5026
0 0 382 7.24042 10.6968 16.1029 22.0501
0 0 383 -1.72272 -0.25136 -6.25326 -9.15564
0 0 384 8.02393 -35.7174 1.19879 0.667463
0 0 385 -4.5122 -13.3029 -34.9156 -20.8512
0 0 386 -16.1688 5.44338 -11.9473 -28.7049
0 0 387 -12.4616 7.73504 -20.2973 -11.4288
0 0 388 -4.24386 1.2204 64.6782 -22.4174
0 0 389 21.9531 22.0093 37.6981 -4.89423
0 0 390 10.6213 2.13747 -15.2155 -1.28179
0 0 391 12.3987 -35.3348 -52.6099 -31.1317
0 0 392 23.2916 7.46781 -34.6474 -4.51124
0 0 393 -0.594663 -1.11174 -84.0245 2.76921
0 0 394 -15.9004 3.45538 -45.9421 6.22798
0 0 395 -12.3854 7.60142 -3.42521 8.94086
0 0 396 -13.4174 15.9725 22.1817 -1.72152
0 0 397 3.13073 11.1746 -31.6095 -25.531
0 0 398 2.61557 -20.354 -39.8662 -13.9513
0 0 399 15.2461 -44.7363 -41.7 9.55317
0 0 400 10.5451 -5.10595 -22.7638 7.22211
0 0 401 -9.28945 45.2458 13.3331 1.29751
0 0 402 -1.70284 25.3922 35.3861 -5.71578
0 0 403 -20.5634 -39.2136 25.0477 -2.14235
0 0 404 -11.8884 29.9026 13.3536 -10.1876
0 0 405 3.15061 48.5902 -28.0934 4.54587
0 0 406 0.838179 18.3411 -4.13076 7.58501
0 0 407 28.642 -2.41143 12.3215 -10.359
0 0 408 15.3422 -48.6151 17.5956 -1.98867
0 0 409 -8.009 -10.1306 29.3072 5.19602
0 0 410 -1.2821 -10.3411 -11.6236 7.62283
0 0 411 17.4061 -14.5257 -10.7636 -2.98281
0 0 412 0.246821 32.0606 -3.69344 -25.1315
0 0 413 -3.11746 -6.8247 -49.8402 -17.4858
0 0 414 4.03019 -35.0494 -44.738 7.47035
0 0 415 -1.55044 -19.1697 -33.4054 -4.12943
0 0 416 -19.0162 3.13147 -51.6361 3.8579
0 0 417 -14.8303 5.38467 -44.3182 5.17711
0 0 418 -9.0211 -28.1683 9.79955 9.15127
0 0 419 -5.29571 -19.5523 -6.02293 5.97974
0 0 420 3.57135 30.188 14.995 -10.9701
0 0 421 -19.2249 32.749 35.2899 1.24077
0 0 422 -5.46799 45.3409 20.4412 -15.7871
0 0 423 2.23292 -9.23175 42.7798 -27.271
0 0 424 17.5966 4.87046 19.4091 -13.1688
0 0 425 14.7873 -15.0986 17.6714 1.52684
0 0 426 3.51337 -49.4937 16.409 -3.59394
0 0 427 3.11251 -47.2587 7.18142 -2.94498
0 0 428 16.3924 6.1499 -22.7813 -20.6963
0 0 429 12.0558 -12.7867 -29.5453 10.0875
0 0 430 -13.8182 2.25084 -1.30272 1.56585
0 0 431 -17.2007 -15.3476 -24.1399 1.35544
0 0 432 -7.53194 -56.889 -19.6092 19.7002
0 0 433 -16.5895 -26.2208 4.18136 -1.03355
0 0 434 -3.6144 -17.6595 -25.3994 -15.0601
0 0 435 -7.60814 -29.3931 -10.3991 -7.37779
0 0 436 -1.45437 -36.2519 -51.7323 -5.40962
0 0 437 -12.7482 -41.5458 -55.3446 7.16419
0 0 438 -35.4301 31.2003 37.9634 -7.26312
0 0 439 1.06843 27.1494 53.9958 -3.86109
0 0 440 10.1442 16.0676 29.8233 -5.16138
0 0 441 2.61557 21.3595 -6.38737 10.4894
0 0 442 -4.45423 12.2637 -23.1836 8.06257
0 0 443 9.91561 43.5655 -21.4635 6.34264
0 0 444 28.087 7.5832 -17.927 -5.39071
0 0 445 13.7371 13.8306 -17.6412 -15.9774
0 0 446 -6.19352 -6.6344 -0.0607111 -21.8441
0 0 447 -10.2452 -6.95831 9.2456 -20.0284
0 0 448 8.48111 13.7942 -15.5217 -5.63894
0 0 449 -4.05336 26.6149 -1.39893 -15.1547
0 0 450 -20.0283 17.7864 55.7917 -21.2897
