0 0 0 -0.078115
0 0 1 -0.121463
0 0 2 -0.0930212
0 0 3 -0.0289888
0 0 4 -0.00681178
0 0 5 2.52797e-05
0 0 6 0.0239029
0 0 7 0.0390347
0 0 8 0.0232262
0 0 9 0.0265232
0 0 10 -0.0209024
0 0 11 -0.100761
0 0 12 -0.0951903
0 0 13 -0.0692477
0 0 14 0.0259506
0 0 15 0.0574635
0 0 16 0.0109403
0 0 17 -0.0239738
0 0 18 -0.082783
0 0 19 -0.0317133
0 0 20 -0.0144297
0 0 21 -0.0110112
0 0 22 0.0599624
0 0 23 0.143343
0 0 24 0.160401
0 0 25 0.084083
0 0 26 -0.00247354
0 0 27 -0.0353574
0 0 28 -0.0252233
0 0 29 -0.0402509
0 0 30 -0.0295615
0 0 31 -0.00816531
0 0 32 0.0201547
0 0 33 0.0758924
0 0 34 0.0861306
0 0 35 0.0119641
0 0 36 0.00582116
0 0 37 0.0119641
0 0 38 0.0066194
0 0 39 -0.0368324
0 0 40 -0.0444503
0 0 41 -0.0154535
0 0 42 -0.0782365
0 0 43 -0.0330841
0 0 44 -0.0486671
0 0 45 -0.0259174
0 0 46 0.0410824
0 0 47 0.0341412
0 0 48 -0.026143
0 0 49 -0.00271649
0 0 50 -0.0344377
0 0 51 0.0360847
0 0 52 0.0623571
0 0 53 0.0474509
0 0 54 0.0352865
0 0 55 0.0223065
0 0 56 0.0371085
0 0 57 0.0185582
0 0 58 0.0215256
0 0 59 2.52797e-05
0 0 60 -0.0330841
0 0 61 0.0117385
0 0 62 0.085905
0 0 63 0.116377
0 0 64 0.107961
0 0 65 0.0181071
0 0 66 -0.0184036
0 0 67 0.0144629
0 0 68 -0.0451444
0 0 69 -0.0369539
0 0 70 -0.00623913
0 0 71 0.0276685
0 0 72 -0.0683453
0 0 73 -0.133523
0 0 74 -0.071868
0 0 75 0.0254994
0 0 76 0.054045
0 0 77 0.000354986
0 0 78 -0.0422986
0 0 79 -0.0322859
0 0 80 -0.0206768
0 0 81 0.00229852
0 0 82 0.016285
0 0 83 0.0427829
0 0 84 0.0728209
0 0 85 0.0451776
0 0 86 0.0400585
0 0 87 0.00422469
0 0 88 0.0502968
0 0 89 0.0509735
0 0 90 0.02425
0 0 91 0.0107147
0 0 92 0.0224279
0 0 93 0.0554159
0 0 94 0.0655327
0 0 95 0.00877117
0 0 96 0.0423318
0 0 97 0.0759965
0 0 98 0.109679
0 0 99 0.141625
0 0 100 0.0515462
0 0 101 -0.0444503
0 0 102 0.0230006
0 0 103 0.0773674
0 0 104 0.0118426
0 0 105 -0.0634518
0 0 106 0.00547411
0 0 107 0.0396073
0 0 108 0.0579147
0 0 109 0.0580362
0 0 110 -0.000668838
0 0 111 -0.0222733
0 0 112 0.0135606
0 0 113 0.0758924
0 0 114 -0.00714149
0 0 115 -0.0176053
0 0 116 0.0750941
0 0 117 0.0881782
0 0 118 0.0235732
0 0 119 0.0150356
0 0 120 0.0330132
0 0 121 0.0375597
0 0 122 -0.0162518
0 0 123 -0.0513915
0 0 124 -0.0312621
0 0 125 0.0601879
0 0 126 0.12809
0 0 127 0.0232262
0 0 128 -0.0964397
0 0 129 -0.116344
0 0 130 -0.0350103
0 0 131 0.0443794
0 0 132 -0.0121565
0 0 133 -0.0538903
0 0 134 -0.0911992
0 0 135 -0.101437
0 0 136 -0.0159047
0 0 137 0.0212826
0 0 138 0.0218553
0 0 139 -0.0394527
0 0 140 -0.0996153
0 0 141 -0.0993898
0 0 142 -0.0195488
0 0 143 -0.0462724
0 0 144 0.0332388
0 0 145 0.0424532
0 0 146 0.0259506
0 0 147 -0.0563891
0 0 148 -0.0710697
0 0 149 -0.0193233
0 0 150 -0.0155577
0 0 151 -0.0863056
0 0 152 -0.0298912
0 0 153 0.0342626
0 0 154 0.0637106
0 0 155 0.0522229
0 0 156 0.0224279
0 0 157 0.0161635
0 0 158 0.0309656
0 0 159 0.0600838
0 0 160 0.0737232
0 0 161 0.0691768
0 0 162 0.107509
0 0 163 0.0644047
0 0 164 0.0137862
0 0 165 -0.0582112
0 0 166 0.0039991
0 0 167 -0.00908502
0 0 168 -0.0487712
0 0 169 -0.0344377
0 0 170 0.0138903
0 0 171 -0.0148809
0 0 172 0.0025241
0 0 173 0.0445009
0 0 174 0.076465
0 0 175 0.0629297
0 0 176 0.0179856
0 0 177 -0.0083909
0 0 178 -0.00224796
0 0 179 -0.018178
0 0 180 -0.136247
0 0 181 -0.108153
0 0 182 -0.0446759
0 0 183 -0.0432009
0 0 184 -0.0337609
0 0 185 -0.00703737
0 0 186 0.00184734
0 0 187 0.0363103
0 0 188 0.0574635
0 0 189 0.106139
0 0 190 0.142424
0 0 191 0.100464
0 0 192 0.103414
0 0 193 0.270731
0 0 194 0.423611
0 0 195 0.485491
0 0 196 0.617877
0 0 197 0.72583
0 0 198 0.850059
0 0 199 0.992336
0 0 200 0.999867
0 0 201 0.94911
0 0 202 0.770409
0 0 203 0.558617
0 0 204 0.422361
0 0 205 0.346026
0 0 206 0.221137
0 0 207 0.155855
0 0 208 0.111726
0 0 209 0.0691768
0 0 210 -0.0442247
0 0 211 -0.0236441
0 0 212 0.0910241
0 0 213 0.0315209
0 0 214 -0.04537
0 0 215 -0.0342121
0 0 216 -0.0462724
0 0 217 -0.081655
0 0 218 -0.021128
0 0 219 0.0095694
0 0 220 -0.000547367
0 0 221 -0.0343336
0 0 222 0.0282238
0 0 223 0.110928
0 0 224 0.157902
0 0 225 0.110581
0 0 226 0.0556415
0 0 227 -0.0493439
0 0 228 -0.0380818
0 0 229 0.0427829
0 0 230 0.128784
0 0 231 0.0261762
0 0 232 -0.0620809
0 0 233 0.00877117
0 0 234 0.0414294
0 0 235 -0.0119309
0 0 236 0.0153826
0 0 237 0.0254994
0 0 238 0.0352865
0 0 239 0.0591641
0 0 240 -0.0187506
0 0 241 -0.0661762
0 0 242 -0.00634325
0 0 243 0.0641791
0 0 244 0.110702
0 0 245 0.101019
0 0 246 0.05257
0 0 247 0.126511
0 0 248 0.0841871
0 0 249 0.0465485
0 0 250 0.0623571
0 0 251 0.0339156
0 0 252 -0.0244424
0 0 253 -0.0127118
0 0 254 0.00569969
0 0 255 0.0654285
0 0 256 0.0439282
0 0 257 0.0504009
0 0 258 0.0740703
0 0 259 0.0791894
0 0 260 0.104438
0 0 261 0.109106
0 0 262 -0.00714149
0 0 263 -0.0863056
0 0 264 -0.0601547
0 0 265 0.0490474
0 0 266 0.0328918
0 0 267 -0.0482159
0 0 268 -0.0334138
0 0 269 0.0443794
0 0 270 0.0349394
0 0 271 -0.0390015
0 0 272 0.0231047
0 0 273 0.0986421
0 0 274 0.11183
0 0 275 0.192244
0 0 276 0.153009
0 0 277 0.066678
0 0 278 0.0522229
0 0 279 -0.0387586
0 0 280 -0.0974636
0 0 281 -0.015228
0 0 282 0.0857835
0 0 283 0.0993188
0 0 284 0.129235
0 0 285 0.0890806
0 0 286 0.0513206
0 0 287 -0.00793972
0 0 288 -0.046845
0 0 289 0.0128665
0 0 290 0.0498456
0 0 291 0.0866859
0 0 292 0.0785127
0 0 293 0.0433556
0 0 294 0.0592856
0 0 295 0.0500712
0 0 296 -0.0197744
0 0 297 0.0160594
0 0 298 0.0998915
0 0 299 0.0392603
0 0 300 -0.0658465
0 0 301 -0.0106641
0 0 302 0.0723697
0 0 303 0.0115129
0 0 304 0.0187838
0 0 305 -0.0331883
0 0 306 -0.109749
0 0 307 -0.137358
0 0 308 -0.0674256
0 0 309 0.0457503
0 0 310 0.135153
0 0 311 0.0877097
0 0 312 0.0889765
0 0 313 0.0438068
0 0 314 0.0108188
0 0 315 -0.00998737
0 0 316 -0.00681178
0 0 317 0.0753197
0 0 318 0.0511991
0 0 319 0.011617
0 0 320 -0.00157119
0 0 321 0.0200332
0 0 322 0.0937485
0 0 323 0.0448306
0 0 324 -0.0695947
0 0 325 -0.0410491
0 0 326 -0.0905224
0 0 327 -0.0664018
0 0 328 -0.0579856
0 0 329 -0.0168071
0 0 330 -0.0554868
0 0 331 -0.01705
0 0 332 0.0783912
0 0 333 0.145391
0 0 334 0.0747471
0 0 335 0.0708774
0 0 336 0.10921
0 0 337 0.0876056
0 0 338 0.0936271
0 0 339 0.0810115
0 0 340 0.0984165
0 0 341 0.060535
0 0 342 -0.012035
0 0 343 -0.0243209
0 0 344 -0.0333097
0 0 345 0.00547411
0 0 346 -0.0826789
0 0 347 -0.0806312
0 0 348 -0.0236441
0 0 349 -0.0378562
0 0 350 -0.00885943
0 0 351 0.013335
0 0 352 -0.02944
0 0 353 0.0409609
0 0 354 0.123214
0 0 355 0.0772459
0 0 356 -0.0184036
0 0 357 -0.0171541
0 0 358 0.0390347
0 0 359 0.0977224
0 0 360 0.00946528
0 0 361 -0.0668703
0 0 362 -0.0822103
0 0 363 -0.0668703
0 0 364 -0.00271649
0 0 365 0.0216297
0 0 366 -0.0707227
0 0 367 -0.106209
0 0 368 -0.101784
0 0 369 -0.0557124
0 0 370 -0.0625321
0 0 371 -0.0679983
0 0 372 -0.0364853
0 0 373 0.0459759
0 0 374 0.0500712
0 0 375 0.0358418
0 0 376 -0.00681178
0 0 377 0.00332234
0 0 378 -0.0434265
0 0 379 -0.0532136
0 0 380 -0.0083909
0 0 381 0.0415335
0 0 382 0.0626868
0 0 383 0.0215256
0 0 384 0.104664
0 0 385 0.10364
0 0 386 0.105687
0 0 387 0.0679274
0 0 388 0.0622356
0 0 389 0.0905556
0 0 390 0.0505224
0 0 391 -0.0221518
0 0 392 -0.0830086
0 0 393 -0.11407
0 0 394 -0.0396783
0 0 395 0.110806
0 0 396 0.131283
0 0 397 0.0996659
0 0 398 0.00559558
0 0 399 -0.0575344
