0 0 0 0.000169903 0.00082973 0.000159954 -0.000250018
0 0 1 -0.00164057 0.00014889 -0.000490165 -0.000750166
0 0 2 0.000988991 0.000219277 -0.000690058 0.000749793
0 0 3 8.90943e-06 9.89786e-05 0.000119477 0.00173987
0 0 4 0.00106949 0.000109217 -0.00015016 0.000379853
0 0 5 0.0010596 -0.000310549 -0.000850097 0.000589891
0 0 6 0.000508836 0.000779818 0.000359847 7.97641e-05
0 0 7 -0.000211397 -0.000570343 -3.05983e-05 -0.0006202
0 0 8 -0.00159114 -3.02785e-05 0.000419628 0.00138989
0 0 9 -0.00161091 -0.000391175 0.000199808 0.000829865
0 0 10 -0.00193007 0.000189843 0.00080945 -0.000950225
0 0 11 -0.00161091 -2.00403e-05 9.87844e-06 -0.000370004
0 0 12 -0.000831363 0.000479071 0.000679924 -0.00033009
0 0 13 -0.000820065 -0.000231203 -0.000380567 0.00158994
0 0 14 -0.000400635 -0.000551147 -0.000180051 0.000979788
0 0 15 0.00118953 0.000848926 -0.000370603 -0.000880132
0 0 16 0.000189674 0.000229516 -0.00115025 -0.00114006
0 0 17 0.000669829 -0.000771268 -0.000100343 -0.0015302
0 0 18 -0.000770637 -0.000740553 0.000429591 0.000909937
0 0 19 -6.02895e-05 -0.000260638 -3.05983e-05 0.00129983
0 0 20 -0.000770637 -0.00134077 -0.00012027 -0.00023006
0 0 21 0.000719257 0.000189843 -0.000820206 -0.000590021
0 0 22 -0.000390749 -0.000470521 0.0011999 -0.000240039
0 0 23 -0.00118018 0.00105881 -0.000480202 0.00152983
0 0 24 -0.00111098 0.000358773 0.000459482 0.000759771
0 0 25 -0.00203034 0.000229516 -0.000680095 0.00137991
0 0 26 -0.000330024 -0.000270876 -0.000230491 -0.000640158
0 0 27 -0.000870905 0.000409964 -0.000790316 -0.000980161
0 0 28 0.000268758 4.90675e-05 -0.000310199 -4.02229e-05
0 0 29 0.000659944 -0.000400133 -0.00012027 -0.000100095
0 0 30 -0.00141037 -0.000290073 0.000429591 -0.000860174
0 0 31 0.00082941 0.000129693 -0.000370603 -0.00170008
0 0 32 0.00251984 -0.000270876 0.000139404 -0.00159007
0 0 33 -0.000290482 -0.000551147 -0.000350053 -0.000860174
0 0 34 0.000868953 -0.000370698 -0.000570496 0.00106984
0 0 35 0.000369026 0.000169366 -0.00123058 -0.00023006
0 0 36 0.00199873 -0.000460283 -0.000730535 -0.000780102
0 0 37 0.000679715 0.00093979 8.95865e-05 3.98495e-05
0 0 38 0.000299827 0.000589132 -0.00015016 0.000509819
0 0 39 -0.000591285 0.000499548 0.000539813 -0.000590021
0 0 40 0.000469294 0.000499548 0.000659375 -0.000470034
0 0 41 0.000779983 0.000639043 0.000149368 -0.000640158
0 0 42 0.00153976 0.000409964 -0.000260382 1.98923e-05
0 0 43 0.000988991 0.000879641 -0.000980245 0.00100997
0 0 44 -3.06328e-05 -0.00166071 -0.000670131 0.00151985
0 0 45 -0.000111129 -0.000350222 0.000539813 7.97641e-05
0 0 46 0.000699486 -0.000460283 0.00113949 -0.000510192
0 0 47 0.00109914 0.000788777 -0.000310199 0.00196986
0 0 48 0.000148719 0.000909076 -0.00103006 0.00101995
0 0 49 0.000189674 -0.000540908 -0.000460275 0.000989767
0 0 50 0.00127991 0.00129941 9.955e-05 0.000949852
0 0 51 -0.000660484 -0.000430848 -0.000840133 0.000529776
0 0 52 -0.000841248 5.93056e-05 0.000219735 0.00059987
0 0 53 0.000439637 -0.000331025 9.955e-05 0.000669964
0 0 54 0.000289942 0.000819491 0.000349883 0.000909937
0 0 55 -0.000211397 0.000119455 0.000349883 0.000469904
0 0 56 9.92916e-05 0.000619847 0.000829377 0.00032996
0 0 57 0.000489065 -0.000121142 0.000219735 -0.000470034
0 0 58 -4.05183e-05 0.000119455 -5.05253e-05 0.000369874
0 0 59 -0.000270711 0.00119958 -0.000900537 -0.00129023
0 0 60 -0.000300367 -0.000540908 -0.00189004 0.00138989
0 0 61 0.000158605 -0.00119103 5.9696e-05 4.98282e-05
0 0 62 0.000898609 -0.000400133 -0.000570496 -0.00089011
0 0 63 0.000609104 0.0003191 0.000309406 0.000189772
0 0 64 0.000158605 -0.000350222 0.000449518 0.000719857
0 0 65 -0.000660484 5.93056e-05 0.000199808 0.000729835
0 0 66 -0.000770637 -0.000290073 -0.00104003 0.00105986
0 0 67 -0.000910447 -0.00159032 -0.000510092 -0.000220082
0 0 68 -0.00256133 -0.000220965 -0.000760425 0.00022993
0 0 69 4.98639e-05 -0.000480759 0.000109514 0.000409789
0 0 70 0.000868953 0.000109217 0.000119477 7.97641e-05
0 0 71 -9.76128e-07 -0.000711118 0.000839963 -0.00134012
0 0 72 -0.000420406 0.000219277 0.000309406 -0.000200124
0 0 73 1.8795e-05 -0.000740553 -0.000220528 0.000709878
0 0 74 -0.000780523 0.000989701 0.000109514 -0.000400184
0 0 75 -0.000410521 0.000189843 -0.000350053 0.000759771
0 0 76 0.000459408 -8.43729e-07 0.000389737 -0.000780102
0 0 77 -0.00118018 -0.000931239 -0.000230491 -0.000400184
0 0 78 0.000148719 -0.000720077 0.00109964 -0.00137006
0 0 79 -0.000530559 0.00048931 -0.000250418 -0.000240039
0 0 80 0.00153976 -0.000240161 -0.000520056 -0.000130031
0 0 81 0.000189674 -0.000260638 0.000279516 -0.000420141
0 0 82 -0.000111129 -0.0014905 0.00134935 0.000509819
0 0 83 -0.000810179 0.00025895 -0.00114028 -0.00141022
0 0 84 0.000369026 0.000569935 0.000359847 -0.000680072
0 0 85 0.00145926 0.000819491 0.00033992 -0.000760145
0 0 86 0.000539905 0.00111896 -0.000950355 -0.000550107
0 0 87 -0.000320138 -0.000121142 0.000629484 0.000799929
0 0 88 -0.000900562 0.000418922 -0.000850097 0.000129901
0 0 89 8.90943e-06 0.000209039 0.000359847 0.000989767
0 0 90 0.00021933 0.000159128 0.000919671 0.000299781
0 0 91 1.8795e-05 9.89786e-05 6.96595e-05 -0.000930025
0 0 92 0.000648646 0.000439399 -0.000170087 -0.00265
0 0 93 -9.13583e-05 7.9782e-05 -0.000200601 -0.000960204
0 0 94 -0.000820065 0.00105881 -0.000940391 0.000649763
0 0 95 -0.0011011 -0.000110904 -0.000550569 -0.000480013
0 0 96 0.000819525 0.00059937 9.87844e-06 6.97854e-05
0 0 97 -0.000370978 0.000179604 0.000799487 -0.000770123
0 0 98 0.00104972 0.000109217 -0.000630277 -0.000940003
0 0 99 0.000239102 0.000609608 -0.000110306 -0.00145013
0 0 100 0.000179788 0.000528983 0.000309406 1.98923e-05
0 0 101 -0.000620942 0.000589132 0.000869854 0.00120978
0 0 102 -0.00223087 -0.000430848 -8.04159e-05 0.000359896
0 0 103 -0.00208118 -0.000730315 0.000729742 0.000999989
0 0 104 -0.000190214 -0.000821179 -9.03794e-05 0.000449947
0 0 105 -0.00121125 -0.000690642 -0.000550569 0.000799929
0 0 106 -0.000800294 -0.000570343 6.96595e-05 0.000549977
0 0 107 -0.000481132 0.000399726 -0.000650204 -6.01802e-05
0 0 108 0.000138834 -3.02785e-05 -0.000560532 -0.00023006
0 0 109 0.00226988 0.000339576 0.000439555 -0.000530149
0 0 110 -6.02895e-05 -0.000441086 -0.000480202 -0.00115004
0 0 111 0.000158605 0.000279427 -0.000580459 -0.000200124
0 0 112 0.000789868 0.000528983 -0.000190637 -0.000370004
0 0 113 0.000128948 -0.00116032 -0.00036064 -0.000210103
0 0 114 0.00063876 -0.000510194 0.000529849 -0.00043012
0 0 115 -0.00128045 7.9782e-05 0.000639448 0.000799929
0 0 116 0.00096922 0.000848926 -0.000870647 -0.00043012
0 0 117 0.000748914 -0.00019025 7.9623e-05 1.98923e-05
0 0 118 0.000209445 0.000509786 5.9696e-05 -0.000110073
0 0 119 0.000278644 0.00120982 -0.000170087 0.000589891
0 0 120 -0.000211397 0.00103961 0.00100997 -6.01802e-05
0 0 121 -0.000790408 -0.0002504 -0.000770389 -0.0015801
0 0 122 0.000278644 -0.000150577 0.000219735 -0.000680072
0 0 123 -0.000361093 0.00082973 -0.000180051 0.000419768
0 0 124 0.00104972 0.000299903 -7.04523e-05 -0.000500213
0 0 125 0.00182926 0.000559697 -0.000530642 -0.00103005
0 0 126 0.00121918 -4.05167e-05 0.000189844 -0.00072023
0 0 127 -0.000680255 0.000578894 0.00103986 0.00178976
0 0 128 -0.000540445 -0.00115008 -0.000130233 0.000919916
0 0 129 -0.00168011 0.000859164 -0.000550569 0.000859801
0 0 130 -0.000560216 -0.00182068 -0.000170087 0.00022993
0 0 131 0.000278644 0.000509786 -0.000320163 -9.0116e-05
0 0 132 0.000179788 0.000358773 0.0012796 2.98709e-05
0 0 133 0.000378912 0.000329338 0.000239662 0.0006999
0 0 134 -7.0175e-05 0.000179604 -0.000520056 0.000969809
0 0 135 0.000369026 -0.00144059 0.000439555 -0.00016021
0 0 136 0.00111892 4.90675e-05 0.00122979 -0.000220082
0 0 137 -0.000170443 0.000239754 -0.000460275 -0.000710008
0 0 138 -0.000861019 -0.000580581 -0.00126047 -0.000550107
0 0 139 0.000419866 0.00102937 -0.000230491 -0.000210103
0 0 140 0.000929678 -3.02785e-05 -0.00114028 -0.000210103
0 0 141 -0.000410521 0.000738866 0.000619521 0.000939873
0 0 142 -0.000481132 -0.000121142 0.00166943 0.000189772
0 0 143 -0.000510788 0.000549459 0.000409664 6.97854e-05
0 0 144 0.000719257 -0.000950436 -4.05618e-05 -0.0019201
0 0 145 0.00113869 -0.000821179 7.9623e-05 0.000179794
0 0 146 -0.00121125 0.000609608 9.87844e-06 0.000929895
0 0 147 0.000628875 -3.02785e-05 -0.000770389 0.00170993
0 0 148 -0.000520674 -0.000260638 -0.000110306 0.000529776
0 0 149 -0.00103049 0.000738866 -7.04523e-05 0.00146996
0 0 150 0.00040998 -0.000150577 0.00080945 0.00132977
0 0 151 5.97494e-05 0.000369011 0.000329956 -0.000590021
0 0 152 0.000199559 0.00157968 0.000359847 -0.00104003
0 0 153 -0.000861019 0.000509786 0.00036981 -0.000500213
0 0 154 -0.0011011 -0.000661207 0.00104982 -0.000830238
0 0 155 0.00063876 0.000559697 7.9623e-05 6.97854e-05
0 0 156 -0.0028 -0.000730315 0.000839963 0.000749793
0 0 157 -0.00144003 -6.09931e-05 0.00155983 -0.000850196
0 0 158 -0.000670369 -0.000661207 -0.00111039 5.98068e-05
0 0 159 0.000158605 -0.000970912 0.000789523 8.99861e-05
0 0 160 0.00159907 0.000589132 0.000209771 0.000319981
0 0 161 0.000569562 -0.000400133 -0.000310199 -0.000700029
0 0 162 0.000789868 -0.00130109 0.000359847 0.0006999
0 0 163 0.000459408 -0.000100666 -0.000170087 0.000189772
0 0 164 8.94061e-05 0.000649281 -0.000800279 -0.000800059
0 0 165 -0.00127056 0.00014889 -0.000580459 -0.000400184
0 0 166 0.00109914 -0.000150577 -0.000190637 9.91365e-06
0 0 167 -0.000211397 9.39446e-06 0.000979452 -0.000110073
0 0 168 0.000739028 0.000189843 -0.000280309 0.00138989
0 0 169 -0.000260825 -0.000121142 0.000249625 -0.000450077
0 0 170 -0.00115052 -0.000331025 0.00031937 6.97854e-05
0 0 171 -0.00153041 -0.000410371 0.000629484 -0.00089011
0 0 172 -0.00120136 -0.000620254 0.000219735 0.000619827
0 0 173 -0.000760752 -0.00165047 0.000279516 -0.000120052
0 0 174 -0.000160557 -0.000921001 0.000329956 5.98068e-05
0 0 175 -0.000351207 0.000358773 0.000789523 -0.000950225
0 0 176 0.000268758 -0.000200488 -0.00140058 -0.00141022
0 0 177 9.92916e-05 -0.000231203 -0.000790316 -0.000420141
0 0 178 0.000258873 -0.000341264 0.000599594 0.000419768
0 0 179 0.00101865 -0.00147002 0.00138982 -0.000410162
0 0 180 -0.000660484 0.000409964 3.9769e-05 0.000349917
0 0 181 0.000229216 -0.000950436 0.000569703 -0.000910067
0 0 182 0.000148719 0.000559697 -0.000670131 -0.000920046
0 0 183 -0.000951401 -2.00403e-05 3.9769e-05 -2.00222e-05
0 0 184 0.00040998 0.000339576 0.000189844 -0.000130031
0 0 185 0.000258873 -0.000620254 -0.000420421 0.00042999
0 0 186 0.0011288 -0.000601058 0.00103986 -0.00118022
0 0 187 0.00181938 0.000929552 -0.00115025 -0.000790081
0 0 188 0.000508836 -0.000160815 0.00186994 0.000419768
0 0 189 -0.000140786 0.000449637 -0.000550569 0.000479883
0 0 190 -0.00178038 0.000958987 0.000639448 0.00022993
0 0 191 -0.000831363 0.000369011 0.000309406 0.00032996
0 0 192 0.000289942 -0.000650969 -8.50635e-08 0.00125992
0 0 193 0.00140983 0.000549459 -0.000320163 0.00122998
0 0 194 0.00132934 -0.000160815 -0.000220528 0.000839844
0 0 195 0.000579447 0.000859164 0.000179881 0.000479883
0 0 196 -3.06328e-05 0.000929552 -0.00064024 0.000519797
0 0 197 0.000758799 0.000239754 -0.000170087 0.000609848
0 0 198 -0.00101071 5.93056e-05 0.000269552 0.00107982
0 0 199 -0.000810179 -0.000341264 -0.000990209 -0.000860174
0 0 200 -0.000410521 5.93056e-05 -0.000300236 -0.00205007
0 0 201 5.97494e-05 0.000589132 -0.00135014 -0.00111013
0 0 202 0.000459408 -0.000350222 -0.000230491 -0.000610222
0 0 203 -0.000430292 -0.000391175 -0.000420421 8.99861e-05
0 0 204 -0.000611056 -0.000940198 0.000409664 0.000299781
0 0 205 0.000248987 -0.000680404 -0.000780352 0.00143978
0 0 206 -0.00101071 0.000229516 -0.000290272 0.00088998
0 0 207 -0.000951401 -0.0010605 0.000229698 0.000189772
0 0 208 0.000419866 -0.0002504 0.000259589 0.000259866
0 0 209 0.000319598 7.9782e-05 0.000839963 -0.00105001
0 0 210 0.000439637 0.00111896 -0.00039053 -0.00147009
0 0 211 -9.76128e-07 0.000539221 0.000759632 -1.00436e-05
0 0 212 0.000199559 0.0010089 -0.000190637 -4.02229e-05
0 0 213 0.000909907 -2.00403e-05 -0.000180051 -6.49828e-08
0 0 214 0.000809639 -0.000231203 -0.000450311 0.00281999
0 0 215 0.000898609 -0.000320787 -0.000550569 -6.49828e-08
0 0 216 -0.000320138 -0.00053067 -0.00155003 0.000629806
0 0 217 0.000489065 0.000358773 0.00031937 5.98068e-05
0 0 218 -0.00144003 0.000509786 0.000819414 -6.01802e-05
0 0 219 -0.000351207 -0.000270876 -0.000660167 -0.000800059
0 0 220 -0.000111129 0.000179604 0.000899744 -0.000660115
0 0 221 8.90943e-06 -0.000380937 0.000659375 2.98709e-05
0 0 222 0.00063876 -0.000520432 0.000659375 -0.000770123
0 0 223 5.97494e-05 0.000389487 0.000619521 -6.49828e-08
0 0 224 -0.000420406 -0.00059082 0.00058963 0.000129901
0 0 225 0.00021933 0.000578894 0.000639448 0.00042999
0 0 226 0.000309713 -0.000210727 0.000479409 -0.00072023
0 0 227 -0.000270711 -0.00059082 9.955e-05 0.000579913
0 0 228 -0.00163068 5.93056e-05 -0.000280309 0.000199994
0 0 229 -0.000930218 0.00103961 0.000309406 0.00100997
0 0 230 0.000859067 -0.00101059 0.0011999 -0.00089011
0 0 231 0.000158605 -0.000350222 7.9623e-05 0.000619827
0 0 232 3.99783e-05 0.000669758 -3.05983e-05 -0.00105001
0 0 233 -0.000300367 0.000399726 -0.00122061 0.000999989
0 0 234 0.000729143 -0.000350222 -0.000220528 0.0012699
0 0 235 0.000309713 0.000159128 0.000429591 0.00148991
0 0 236 0.000878838 0.000249992 0.000229698 -0.000370004
0 0 237 0.00103983 0.00110872 0.000269552 2.98709e-05
0 0 238 -5.04039e-05 -0.0002504 3.9769e-05 -0.00219001
0 0 239 -0.000831363 1.96327e-05 -0.000690058 -0.000180167
0 0 240 0.000289942 -1.10819e-05 0.000139404 0.000559955
0 0 241 -0.00114064 0.000119455 6.96595e-05 -0.000790081
0 0 242 -0.00060117 -0.000150577 0.000539813 0.000169815
0 0 243 0.00167957 -5.07549e-05 -5.05253e-05 -0.000520171
0 0 244 0.00113869 0.000719669 0.000819414 -0.00033009
0 0 245 0.00118953 -0.000300311 0.000229698 -0.00026024
0 0 246 -0.000200099 -0.000341264 2.98055e-05 0.000179794
0 0 247 0.000209445 -0.000410371 -0.000410457 0.000189772
0 0 248 0.000268758 -0.000690642 -0.000680095 8.99861e-05
0 0 249 -0.000430292 -0.000470521 -5.05253e-05 0.00125992
0 0 250 -0.000400635 0.000449637 8.95865e-05 0.000419768
0 0 251 0.000508836 0.00042916 -0.000710608 0.000729835
0 0 252 0.00108926 -0.000810941 -0.000620313 0.00186983
0 0 253 0.00101865 0.00014889 0.000359847 0.000149858
0 0 254 -0.000290482 -8.43729e-07 -0.00034009 0.000619827
0 0 255 5.97494e-05 0.000349814 -0.00015016 0.00117985
0 0 256 0.000618989 9.39446e-06 2.98055e-05 0.000719857
0 0 257 -0.000150672 0.00048931 -0.000130233 -0.000340069
0 0 258 -0.000961287 0.000139931 -0.000990209 0.000509819
0 0 259 5.97494e-05 0.00102937 0.000459482 -0.000800059
0 0 260 8.90943e-06 0.000269189 -4.05618e-05 -0.000400184
0 0 261 -0.000930218 -0.000370698 -0.000990209 -0.000140009
0 0 262 0.00063876 0.00025895 1.9842e-05 -0.000420141
0 0 263 -0.000280596 -4.05167e-05 -0.000250418 -0.00136008
0 0 264 -0.000260825 0.000628805 0.000219735 -0.000310133
0 0 265 -0.00204022 -0.00122047 -0.00144043 0.000679942
0 0 266 0.000148719 0.00106905 3.9769e-05 -0.000970183
0 0 267 -0.000380864 -0.000341264 -0.000950355 0.000789951
0 0 268 0.000128948 0.000169366 -4.05618e-05 0.000119922
0 0 269 0.000248987 -0.000510194 -0.000290272 0.000419768
0 0 270 -0.000990944 0.000159128 -0.000440348 -0.00026024
0 0 271 0.000618989 0.00099994 0.000199808 0.000809908
0 0 272 8.90943e-06 0.000549459 8.95865e-05 0.000749793
0 0 273 -1.08617e-05 0.00193929 -0.000900537 0.00114991
0 0 274 -0.000670369 -0.000570343 -8.50635e-08 0.00163984
0 0 275 -0.000410521 -0.000940198 0.000169917 -0.00129023
0 0 276 0.000268758 -0.00125118 -0.000180051 3.98495e-05
0 0 277 0.000709372 0.000329338 -0.000290272 -0.00122014
0 0 278 0.000169903 0.00125973 -0.000510092 -0.000250018
0 0 279 -0.000440177 -9.04279e-05 -0.00123058 3.98495e-05
0 0 280 0.000398683 -0.000520432 0.000509922 -2.00222e-05
0 0 281 0.00140983 -0.000150577 0.000519886 0.000289802
0 0 282 -6.02895e-05 -0.00113088 -2.06348e-05 -0.000640158
0 0 283 -0.00108133 0.00156944 0.000679924 0.00104988
0 0 284 0.000268758 -0.00117056 0.0011096 -0.000290175
0 0 285 -4.05183e-05 0.000749104 -0.000310199 0.000159836
0 0 286 0.00113869 -0.00140092 -3.05983e-05 0.000119922
0 0 287 0.000489065 4.90675e-05 0.000329956 -0.000190146
0 0 288 0.00131945 -0.000470521 -0.000650204 -0.00124009
0 0 289 3.99783e-05 0.00122902 -6.04888e-05 -0.00128001
0 0 290 -0.00135106 -0.00139068 -0.000420421 0.000579913
0 0 291 0.00040998 -0.00109121 0.00140975 -0.000580042
0 0 292 0.000868953 -0.000620254 -5.05253e-05 0.000309759
0 0 293 -0.000700026 -0.000510194 -0.000110306 0.000579913
0 0 294 -0.00135106 -0.00146107 0.000449518 -0.000450077
0 0 295 -4.05183e-05 -1.10819e-05 -0.0012804 -0.00089011
0 0 296 -0.00107003 -0.000740553 -0.000260382 6.97854e-05
0 0 297 0.000429752 0.000198801 -0.000670131 -0.000520171
0 0 298 0.00107937 0.00103961 -0.000160124 0.000159836
0 0 299 0.000888724 -0.000281114 -0.000680095 0.00136993
0 0 300 -0.00141037 -0.000480759 -0.000310199 0.000419768
0 0 301 0.000109177 0.000819491 0.00117997 0.00032996
0 0 302 0.00125873 0.000139931 -0.000740498 -0.000570064
0 0 303 0.000628875 -0.000331025 0.000199808 0.00112995
0 0 304 -0.000700026 -0.0010605 -1.00486e-05 0.00049984
0 0 305 0.00049895 -2.00403e-05 0.000239662 0.000519797
0 0 306 0.000339369 0.000189843 9.955e-05 5.98068e-05
0 0 307 0.000289942 0.000619847 -0.000210564 0.000169815
0 0 308 -8.00606e-05 0.000119455 0.000279516 0.000819886
0 0 309 0.000508836 0.000569935 0.00112953 0.00112995
0 0 310 0.000559676 0.000699193 -0.00036064 -0.000360026
0 0 311 -0.000241054 -0.000630493 0.000299443 -0.000660115
0 0 312 0.000739028 0.000749104 -0.000290272 1.98923e-05
0 0 313 0.00106949 0.000619847 -0.000490165 0.00116987
0 0 314 0.00021933 -0.000231203 4.97325e-05 0.000979788
0 0 315 3.99783e-05 -0.000480759 0.0017099 0.000529776
0 0 316 -0.000810179 0.000358773 -7.04523e-05 0.000739814
0 0 317 -0.000190214 0.000119455 -0.000460275 0.000759771
0 0 318 -0.00216026 0.000979463 0.00191976 0.00179998
0 0 319 -0.000280596 -0.000450044 0.00104982 0.000749793
0 0 320 3.99783e-05 -0.000110904 0.000419628 -0.000640158
0 0 321 0.000699486 -0.000780226 0.000269552 -0.000310133
0 0 322 0.00049895 0.00186891 -0.000910501 -0.000380226
0 0 323 -0.00088079 -0.000771268 -0.00036064 0.000169815
0 0 324 0.000609104 -0.000231203 0.000229698 -0.000610222
0 0 325 -0.000680255 0.000418922 -0.000370603 -0.00107021
0 0 326 -0.000750866 -0.000850614 0.000679924 -0.000150231
0 0 327 0.00096922 -0.000220965 0.000429591 -0.000340069
0 0 328 0.000299827 -0.000501235 0.00036981 -0.00043012
0 0 329 -5.04039e-05 -0.000460283 -9.03794e-05 0.000519797
0 0 330 -0.000140786 0.00014889 0.00124971 -0.000960204
0 0 331 -2.07472e-05 -0.00019025 -0.000950355 -0.000840217
0 0 332 -0.000591285 -0.000580581 3.9769e-05 0.000739814
0 0 333 -0.000520674 0.000578894 -5.05253e-05 0.00168997
0 0 334 -0.00122114 0.000639043 0.000639448 0.000729835
0 0 335 0.00186881 -0.000630493 -0.000140197 -0.00125007
0 0 336 0.0015793 0.000889879 -0.000250418 0.000999989
0 0 337 0.000579447 -0.000320787 0.000169917 0.000459926
0 0 338 0.000329484 0.00110872 0.000629484 8.99861e-05
0 0 339 -0.00108133 -0.000160815 0.000349883 0.000649763
0 0 340 -0.000190214 -0.000121142 0.000529849 0.000119922
0 0 341 -0.000890676 -0.000490997 0.000399701 -0.00154018
0 0 342 0.000868953 0.000379249 0.000149368 -0.00023006
0 0 343 -0.000300367 -0.00042061 -0.000560532 0.000189772
0 0 344 0.00127991 -0.000510194 0.000399701 0.000659985
0 0 345 0.0012093 -0.000670166 -0.000630277 0.00128986
0 0 346 -0.000640713 0.000639043 -0.00039053 -0.00043012
0 0 347 0.00106949 0.000649281 0.000599594 0.000689921
0 0 348 0.000888724 0.000499548 0.00055974 -0.000770123
0 0 349 0.000369026 9.89786e-05 0.000609557 0.000239909
0 0 350 9.92916e-05 -3.02785e-05 0.00106975 0.000589891
0 0 351 -0.000130901 -0.000220965 0.000889781 -0.00072023
0 0 352 -0.000951401 -0.00108097 -0.000330126 -0.000900089
0 0 353 -0.00060117 0.000418922 -0.00039053 0.00106984
0 0 354 9.92916e-05 -0.00119103 -0.00113032 0.00039981
0 0 355 -2.07472e-05 -0.000200488 9.955e-05 -0.00043012
0 0 356 -0.000250939 -0.000180012 0.000249625 -0.00110015
0 0 357 -0.00104037 0.000369011 0.0011096 -0.000370004
0 0 358 0.000128948 0.000119455 0.000629484 -0.000300154
0 0 359 0.000319598 2.98708e-05 0.000789523 0.000239909
0 0 360 8.90943e-06 -0.000981151 -0.000590423 -0.00205007
0 0 361 -0.000630827 -0.000240161 5.9696e-05 0.000729835
0 0 362 -2.07472e-05 -0.000171054 0.00148946 -0.000760145
0 0 363 0.00139995 0.000109217 -9.03794e-05 -0.00171006
0 0 364 0.00054979 6.95438e-05 -0.000620313 -0.000390205
0 0 365 0.00063876 0.000299903 0.000889781 0.000109943
0 0 366 -0.000140786 -0.00180021 -0.000270345 0.000849822
0 0 367 -0.000920333 -0.000391175 -1.00486e-05 0.0006999
0 0 368 -9.76128e-07 -0.000380937 -0.000760425 0.00049984
0 0 369 -0.000180328 -0.000510194 0.000419628 -7.01588e-05
0 0 370 0.000329484 4.90675e-05 0.000549776 -0.000660115
0 0 371 0.000589333 -0.000171054 -0.000300236 -0.000640158
0 0 372 -0.000491017 0.000389487 0.000119477 0.000739814
0 0 373 -0.000660484 0.000198801 0.000579667 -0.000190146
0 0 374 -0.000640713 0.000349814 0.000179881 -0.00033009
0 0 375 -0.000370978 -0.00107073 0.000359847 -0.00026024
0 0 376 -0.00126068 -0.000240161 -0.00100017 0.000719857
0 0 377 -0.000150672 0.000528983 -0.000940391 0.00180996
0 0 378 9.92916e-05 -0.000150577 0.000399701 0.00111998
0 0 379 7.95205e-05 0.000399726 0.000189844 0.00039981
0 0 380 0.00108926 5.93056e-05 -0.000470238 0.000379853
0 0 381 -9.76128e-07 -0.00053067 0.000629484 -0.000220082
0 0 382 -0.00143014 0.000279427 0.000839963 0.00137991
0 0 383 -0.000231168 -0.000620254 -0.000250418 0.000609848
0 0 384 -4.05183e-05 0.000969225 0.000269552 0.00152983
0 0 385 -0.000410521 0.000369011 -6.04888e-05 -0.000780102
0 0 386 -0.000180328 -0.00121023 0.000249625 -0.000860174
0 0 387 -0.000630827 3.88293e-05 0.000579667 -0.000280197
0 0 388 -0.000540445 0.000528983 -0.000400494 -0.000740187
0 0 389 -0.00108133 -0.000260638 -8.04159e-05 0.000179794
0 0 390 0.00166968 0.000528983 -0.000740498 -0.0010101
0 0 391 0.00096922 0.000499548 0.000179881 0.000319981
0 0 392 0.000169903 0.000879641 0.000609557 0.000469904
0 0 393 0.00196907 0.00115991 -0.00154007 -0.000440098
0 0 394 0.000239102 0.000449637 -0.000590423 -0.000660115
0 0 395 0.00122907 0.000358773 -7.04523e-05 -0.000740187
0 0 396 -0.000140786 -0.000110904 -0.00036064 -0.000550107
0 0 397 0.000239102 -0.000560105 0.000299443 0.00059987
0 0 398 0.00100876 -0.000501235 -0.000440348 0.000129901
0 0 399 0.000748914 0.000499548 -0.000770389 0.000379853
0 0 400 0.00103983 0.00123926 0.000329956 0.00111
0 0 401 0.00117964 7.9782e-05 5.9696e-05 0.00109977
0 0 402 -2.07472e-05 -0.000430848 -0.000420421 0.000479883
0 0 403 0.00021933 0.000409964 0.000129441 0.00039981
0 0 404 -0.00074098 -0.000171054 0.000889781 -0.000130031
0 0 405 0.00082941 0.00113943 -0.000790316 0.000519797
0 0 406 0.000819525 -1.10819e-05 -0.00138003 -0.000370004
0 0 407 0.000648646 -0.000341264 -0.000350053 0.000409789
0 0 408 -0.000140786 0.000229516 -0.000220528 0.000119922
0 0 409 -0.000900562 -0.000400133 -0.00118014 -0.000540128
0 0 410 -0.000861019 -0.000650969 -0.000420421 -0.000350047
0 0 411 0.000859067 -0.000620254 -3.05983e-05 0.00039981
0 0 412 0.00117964 -0.000740553 -0.000210564 0.00115989
0 0 413 8.90943e-06 -0.000210727 -0.000100343 0.000969809
0 0 414 8.94061e-05 0.000738866 -0.000200601 0.000819886
0 0 415 -0.000510788 0.00185995 -0.000450311 0.00118983
0 0 416 0.000319598 -0.000231203 -0.000160124 0.000809908
0 0 417 0.00108926 0.000459875 1.9842e-05 0.00032996
0 0 418 0.000748914 -0.000570343 -0.000810243 -0.000110073
0 0 419 0.000128948 -0.000790464 -7.04523e-05 0.000539755
0 0 420 0.00135899 -0.000501235 0.000139404 -0.000820016
0 0 421 0.000299827 0.00059937 -0.000180051 3.98495e-05
0 0 422 0.00127991 -0.00100035 0.000269552 0.00039981
0 0 423 9.92916e-05 -0.000780226 0.000829377 -0.000750166
0 0 424 -0.00172106 -0.000730315 -0.000260382 0.00166977
0 0 425 -0.000200099 -0.000880048 0.000259589 0.000409789
0 0 426 -0.000310253 0.000418922 -0.000490165 -0.000500213
0 0 427 0.000189674 -0.000551147 0.000429591 -0.000980161
0 0 428 0.000859067 0.000528983 -0.000450311 -0.00137006
0 0 429 0.0027698 0.000528983 0.000729742 -0.00193008
0 0 430 0.00111892 -0.000300311 -7.04523e-05 0.000729835
0 0 431 0.000768685 -8.43729e-07 0.000829377 9.91365e-06
0 0 432 0.00141972 -0.000270876 0.000689888 0.00161988
0 0 433 0.00101865 -0.00124094 9.955e-05 0.000209973
0 0 434 0.000748914 -0.000570343 -0.000220528 -0.000740187
0 0 435 0.00152987 0.000619847 0.000179881 -0.000130031
0 0 436 0.00021933 -0.000800702 -0.00190062 0.000679942
0 0 437 0.00178972 -0.000171054 0.000259589 0.000649763
0 0 438 0.00199873 0.00146962 0.000299443 -0.00016021
0 0 439 -0.000380864 -0.00113088 0.000599594 0.000579913
0 0 440 0.00152987 -0.000551147 0.000539813 0.000829865
0 0 441 0.00132934 8.87404e-05 -0.0012804 0.000939873
0 0 442 0.00146915 0.000219277 0.000439555 0.000509819
0 0 443 0.00109914 0.00176908 7.9623e-05 0.000159836
0 0 444 0.00106949 -0.000551147 -0.000720571 0.000829865
0 0 445 0.00144938 2.98708e-05 -0.000770389 0.00139986
0 0 446 0.00215972 -0.000400133 0.000469445 0.000649763
0 0 447 0.00247889 -0.000830137 -0.000110306 -0.00026024
0 0 448 0.00443905 -0.000400133 9.955e-05 0.00032996
0 0 449 0.00253961 -3.02785e-05 0.000119477 -0.000110073
0 0 450 0.00292938 0.000308862 -0.000430384 -0.00131019
0 0 451 0.00312992 -0.000740553 0.00085989 -0.000900089
0 0 452 0.00265965 0.000859164 0.000409664 -0.000250018
0 0 453 0.00206934 -0.0002504 0.000169917 -8.01374e-05
0 0 454 0.00247889 -8.43729e-07 0.000919671 0.000929895
0 0 455 0.00357901 0.00114967 0.000659375 -0.00016021
0 0 456 0.00557871 -8.01897e-05 0.000329956 -0.000870153
0 0 457 0.00530898 0.00101914 0.00121982 -0.00016021
0 0 458 0.00601933 0.00132884 0.00033992 0.000689921
0 0 459 0.00488955 0.00182923 0.00161961 -0.000400184
0 0 460 0.0059586 0.000969225 0.00100997 -0.0011902
0 0 461 0.00617891 0.000269189 0.0017099 -3.02443e-05
0 0 462 0.00602921 0.00182923 0.00214954 7.97641e-05
0 0 463 0.00592894 0.000699193 0.00101993 -1.00436e-05
0 0 464 0.00716887 0.000299903 0.00162957 0.000549977
0 0 465 0.00758972 0.0017998 0.00103986 -0.000320111
0 0 466 0.00849919 0.00242945 0.00175972 -0.000100095
0 0 467 0.010119 0.00196873 0.00173979 -0.000860174
0 0 468 0.0104989 0.00105881 0.00122979 -0.000700029
0 0 469 0.0106698 0.00272891 0.00212961 -0.000700029
0 0 470 0.0132188 0.002249 0.00183943 -0.00161003
0 0 471 0.012339 0.00227971 0.00182946 0.0010898
0 0 472 0.0129491 0.00309877 0.00390935 -0.00103005
0 0 473 0.0143995 0.00419937 0.00300952 2.98709e-05
0 0 474 0.0175699 0.00370922 0.0042095 -0.000440098
0 0 475 0.0178989 0.00466905 0.00484965 -0.00170008
0 0 476 0.0181489 0.0065388 0.00589956 -7.01588e-05
0 0 477 0.0181899 0.0057799 0.00660946 -0.00190014
0 0 478 0.0220297 0.00765988 0.00685979 -0.00109017
0 0 479 0.0206189 0.00890894 0.00730939 -0.00227008
0 0 480 0.0225593 0.00974975 0.00748936 9.99647e-05
0 0 481 0.0246395 0.0107493 0.00902934 -0.00147009
0 0 482 0.0259189 0.0117398 0.00945964 0.000669964
0 0 483 0.0275995 0.0123797 0.0102598 0.000849822
0 0 484 0.0284793 0.0135392 0.00963961 -0.000320111
0 0 485 0.0304494 0.014229 0.0105095 -9.0116e-05
0 0 486 0.0311597 0.0161589 0.0131698 -0.00136008
0 0 487 0.0321596 0.0172889 0.0127196 0.000419768
0 0 488 0.0332696 0.0191292 0.0147795 0.000179794
0 0 489 0.0345999 0.0203092 0.0151999 0.000849822
0 0 490 0.039489 0.0226294 0.0168594 -0.000220082
0 0 491 0.0418799 0.0249791 0.0178097 -0.00123011
0 0 492 0.042699 0.0255396 0.0184897 -0.000580042
0 0 493 0.0434587 0.0294992 0.0190097 0.000509819
0 0 494 0.0457395 0.0295594 0.0217098 -0.000310133
0 0 495 0.0496386 0.0327191 0.0216494 7.97641e-05
0 0 496 0.0495299 0.0342997 0.0219993 0.00137991
0 0 497 0.0535688 0.0359096 0.0227497 0.000249888
0 0 498 0.0536493 0.0373097 0.0236396 0.00125992
0 0 499 0.0563989 0.0401188 0.0236197 0.000789951
0 0 500 0.0610395 0.0437994 0.0248595 0.00086978
0 0 501 0.0596894 0.046039 0.0268298 0.00106984
0 0 502 0.06211 0.0477091 0.0260595 0.00261993
0 0 503 0.0644387 0.0516099 0.0262693 0.00219986
0 0 504 0.0655487 0.0525799 0.0266498 -0.000450077
0 0 505 0.0710592 0.0575595 0.0283897 0.00265985
0 0 506 0.0702599 0.05876 0.0260595 0.00325978
0 0 507 0.0725788 0.0611596 0.0282994 0.00377989
0 0 508 0.0759497 0.0652599 0.0281599 0.00489993
0 0 509 0.0799491 0.0676199 0.0284993 0.0051898
0 0 510 0.0800593 0.0696291 0.0270695 0.00480988
0 0 511 0.0865287 0.0768291 0.0270197 0.00604991
0 0 512 0.08975 0.0787795 0.0271797 0.00750995
0 0 513 0.0881796 0.0804598 0.0255096 0.00904982
0 0 514 0.0875794 0.0790994 0.0241197 0.00826979
0 0 515 0.0881796 0.08181 0.0219196 0.00865993
0 0 516 0.0871388 0.0816193 0.0200197 0.00801983
0 0 517 0.0856291 0.0792799 0.0176795 0.0108698
0 0 518 0.0820887 0.0774588 0.0168096 0.0105298
0 0 519 0.0797486 0.0746996 0.0121598 0.00971985
0 0 520 0.0805889 0.0754495 0.0143698 0.0110998
0 0 521 0.0784494 0.0743988 0.00948953 0.01171
0 0 522 0.077369 0.0729092 0.00689964 0.0125998
0 0 523 0.0719291 0.0682789 0.00713939 0.0133
0 0 524 0.0700594 0.0677696 0.00482973 0.0116
0 0 525 0.068489 0.0650897 0.00226973 0.0106299
0 0 526 0.065769 0.0634196 -1.00486e-05 0.01058
0 0 527 0.0635787 0.0593397 9.87844e-06 0.0130099
0 0 528 0.0619094 0.0585987 -0.00227052 0.0126399
0 0 529 0.0599591 0.0540594 -0.0034705 0.0123399
0 0 530 0.0557987 0.0529895 -0.00557031 0.0120098
0 0 531 0.05273 0.0495597 -0.00684003 0.0123698
0 0 532 0.0505199 0.0478192 -0.00712026 0.0120398
0 0 533 0.0481586 0.0440195 -0.00853009 0.0103899
0 0 534 0.0479087 0.0433797 -0.00897036 0.0106498
0 0 535 0.0440194 0.0400599 -0.0109805 0.0108399
0 0 536 0.0427893 0.0372687 -0.01042 0.0103699
0 0 537 0.0414887 0.0373199 -0.01196 0.00965998
0 0 538 0.0402191 0.0359096 -0.0116306 0.0104799
0 0 539 0.0378889 0.0311194 -0.0121904 0.00880985
0 0 540 0.0350786 0.0291498 -0.0110004 0.00861977
0 0 541 0.03126 0.0259798 -0.01231 0.00856988
0 0 542 0.0283 0.0242394 -0.0119102 0.00916981
0 0 543 0.0264499 0.020569 -0.0102806 0.00721984
0 0 544 0.0233092 0.0184292 -0.0118903 0.00745981
0 0 545 0.0208886 0.0146897 -0.01008 0.00625994
0 0 546 0.017279 0.0119497 -0.00936018 0.00484979
0 0 547 0.0153089 0.0106392 -0.00808049 0.00535992
0 0 548 0.0146692 0.00985981 -0.00861042 0.00585983
0 0 549 0.0133897 0.00613951 -0.00797027 0.00390985
0 0 550 0.0123687 0.00586948 -0.00659032 0.00454995
0 0 551 0.0101896 0.00542924 -0.00556035 0.00344986
0 0 552 0.0106189 0.00401893 -0.00584057 0.00318993
0 0 553 0.00934935 0.00317939 -0.00508023 0.00258975
0 0 554 0.00732987 0.00309877 -0.00355021 0.00374995
0 0 555 0.00780861 0.00212998 -0.00411003 0.00231985
0 0 556 0.00748945 0.000639043 -0.00329053 0.00295994
0 0 557 0.00615914 0.00152977 -0.00328057 0.0021799
0 0 558 0.00578913 0.00135956 -0.00258063 6.97854e-05
0 0 559 0.00605887 0.00232962 -0.00105061 0.000489861
0 0 560 0.00578913 4.90675e-05 -0.00101014 0.00109977
0 0 561 0.0058089 0.000989701 -6.04888e-05 0.00114991
0 0 562 0.0062594 0.0003191 -0.000760425 -0.000950225
0 0 563 0.00508867 -0.000740553 -0.000140197 -0.000560085
0 0 564 0.00448989 -0.000441086 -0.000660167 -0.000380226
0 0 565 0.00591906 -0.00042061 -0.000810243 -0.000190146
0 0 566 0.00441928 0.000729907 0.000629484 -0.00099014
0 0 567 0.00472997 -0.000570343 0.000629484 0.000799929
0 0 568 0.00379931 0.000578894 -0.000560532 -0.000310133
0 0 569 0.00475962 -0.000830137 -0.000280309 -9.0116e-05
0 0 570 0.00386992 -0.000231203 0.000829377 -0.000110073
0 0 571 0.00400973 -0.000171054 -0.00219019 0.000579913
0 0 572 0.00361996 0.000549459 -0.00117017 -0.000450077
0 0 573 0.00309885 0.000569935 -0.0013601 0.000239909
0 0 574 0.00444894 0.000688954 -0.00115025 -0.000910067
0 0 575 0.00363973 -0.000830137 2.98055e-05 -0.00016021
0 0 576 0.00430913 0.000449637 -0.00224063 0.00115989
0 0 577 0.003 -8.01897e-05 -0.000680095 -0.000280197
0 0 578 0.00368916 -0.00134077 -0.00116021 -0.000370004
0 0 579 0.00545867 -0.000320787 -0.00225059 -0.000100095
0 0 580 0.00394901 -0.000200488 -0.00156062 -0.00112011
0 0 581 0.00415943 0.000189843 -0.00148029 0.000609848
0 0 582 0.00489943 0.00042916 -0.000700644 -0.000100095
0 0 583 0.00537959 -0.00100035 -0.000700644 -0.000570064
0 0 584 0.00395889 0.000339576 -0.000130233 0.000369874
0 0 585 0.00386992 0.000229516 -4.05618e-05 -0.000210103
0 0 586 0.00522989 -0.000121142 -0.00177048 0.000979788
0 0 587 0.00420886 -0.000231203 -0.00112036 0.000149858
0 0 588 0.00429924 -4.05167e-05 -0.000470238 0.000989767
0 0 589 0.00279946 3.88293e-05 -0.000380567 0.000899959
0 0 590 0.00420886 0.000809253 -0.00180037 0.000239909
0 0 591 0.00411989 -0.00042061 -0.000160124 0.000439968
0 0 592 0.00274862 -0.000220965 -0.00103006 -0.000270218
0 0 593 0.000809639 -0.00120127 -0.00124054 -0.00127003
0 0 594 0.00297881 0.000239754 -0.000450311 -0.000480013
0 0 595 0.00173888 -0.000341264 0.000879817 0.000969809
0 0 596 0.00146915 -0.000380937 0.000149368 -6.01802e-05
0 0 597 0.00136888 -0.000231203 0.000539813 0.000529776
0 0 598 0.00250995 -0.000560105 0.00134935 0.00111
0 0 599 0.0016598 -0.000690642 0.000489372 -0.000970183
0 0 600 0.0032895 -0.00109121 0.000439555 -0.000930025
0 0 601 0.00221904 0.000159128 0.000129441 -0.000600243
0 0 602 0.0011288 -0.000320787 -0.000320163 0.000209973
0 0 603 0.00242946 0.0003191 0.000169917 8.99861e-05
0 0 604 0.00122907 -1.10819e-05 4.97325e-05 -0.000190146
0 0 605 0.0006896 0.000699193 0.00130949 0.000129901
0 0 606 -0.000640713 0.000449637 0.000779559 -0.000530149
0 0 607 0.0014296 7.9782e-05 0.00058963 -0.000790081
0 0 608 0.000419866 -2.00403e-05 0.00151935 -0.00115004
0 0 609 -0.000450063 0.0003191 0.000469445 -0.00182007
0 0 610 0.00179961 0.000528983 0.000419628 -0.00129023
0 0 611 0.00119941 0.000509786 0.000959525 0.00042999
0 0 612 0.00082941 0.00113943 0.000399701 0.00134997
0 0 613 -0.000450063 0.00065952 -0.000100343 -0.000980161
0 0 614 0.000138834 0.00132884 0.000379774 -0.00140024
0 0 615 0.000659944 0.000459875 0.000129441 -0.00099014
0 0 616 -0.000200099 0.000189843 0.000919671 0.000389832
0 0 617 -0.000560216 0.000279427 -0.000750462 -0.0010101
0 0 618 -0.000300367 -0.000850614 -0.00036064 -0.00115004
0 0 619 0.00138865 0.000339576 0.00102989 -0.000140009
0 0 620 0.000919793 -0.000240161 0.000349883 0.000809908
0 0 621 -0.000290482 -2.00403e-05 -0.000510092 0.000579913
0 0 622 -0.000260825 -0.00117056 -0.000110306 -0.000110073
0 0 623 0.00143949 -0.000130101 0.000839963 0.00125992
0 0 624 0.000369026 0.00121878 0.000209771 0.000359896
0 0 625 0.000169903 0.000169366 -0.000250418 -0.000220082
0 0 626 0.000138834 6.95438e-05 -0.000910501 0.00101995
0 0 627 0.000158605 0.000219277 -0.000510092 0.000759771
0 0 628 0.000158605 -0.000110904 -0.00120007 0.000339939
0 0 629 0.000758799 -0.000100666 -0.000230491 0.000879758
0 0 630 0.000189674 -0.000350222 0.000479409 -0.000560085
0 0 631 0.000998877 -0.000931239 -0.000550569 0.000489861
0 0 632 0.00177984 0.000649281 -0.000200601 0.000179794
0 0 633 -0.000260825 -0.000140339 -0.000190637 0.00114991
0 0 634 -0.000380864 -0.000601058 -8.04159e-05 0.000819886
0 0 635 -0.000930218 -0.000580581 -0.000310199 -0.000250018
0 0 636 -0.00120136 -0.000810941 -0.000600386 0.000689921
0 0 637 -0.00172106 0.000578894 0.000159954 -0.000630179
0 0 638 -0.00116041 0.000909076 0.000179881 0.000689921
0 0 639 -0.000430292 0.000379249 0.000379774 0.000669964
0 0 640 -0.00145133 -0.00117056 -0.000540605 -0.00149004
0 0 641 -0.000310253 -0.000331025 -0.00132025 0.000439968
0 0 642 0.000579447 0.00099994 0.000669961 0.00170993
0 0 643 0.00107937 -0.000640731 -6.04888e-05 -0.000440098
0 0 644 -0.000270711 -0.000110904 -0.000520056 -0.000550107
0 0 645 0.000599218 0.00042916 0.000639448 0.000819886
0 0 646 -0.00152053 0.000459875 0.00033992 0.000199994
0 0 647 -0.00115052 0.000559697 -0.000230491 -0.00016021
0 0 648 0.000599218 -0.000341264 0.00031937 0.00039981
0 0 649 -9.13583e-05 -0.000310549 -7.04523e-05 0.00178976
0 0 650 -0.000940104 -0.000160815 -0.000100343 0.00122998
0 0 651 0.000699486 -0.00019025 -8.04159e-05 0.000639784
0 0 652 0.00116976 0.000628805 -0.00163036 -0.000110073
0 0 653 0.00115987 -0.000610016 0.00103986 0.000479883
0 0 654 0.000859067 0.00117911 -0.000560532 0.00127988
0 0 655 -0.000370978 0.000299903 -0.000600386 -0.000130031
0 0 656 0.000799754 0.000578894 -0.00064024 -0.00106023
0 0 657 0.000929678 0.00082973 -0.000750462 -0.00196001
0 0 658 0.00126861 -0.00036046 -0.000190637 -0.000250018
0 0 659 0.00186881 -0.000720077 -0.00146036 0.000219952
0 0 660 -0.000231168 -0.000200488 0.000719778 -2.00222e-05
0 0 661 -0.000130901 -0.00019025 0.00202936 -0.000440098
0 0 662 -0.000341322 0.00099994 9.87844e-06 -0.00102008
0 0 663 -0.000410521 0.000269189 -2.06348e-05 -0.000640158
0 0 664 0.000959335 -0.000680404 -0.000710608 -0.000170188
0 0 665 0.000319598 0.000169366 0.000499959 -0.000960204
0 0 666 -0.000611056 0.000299903 -0.000900537 -0.000220082
0 0 667 -3.06328e-05 0.000468833 -0.000480202 0.000319981
0 0 668 0.000559676 -0.000260638 0.000919671 0.00148991
0 0 669 0.000768685 0.000198801 0.000729742 0.00120978
0 0 670 0.000929678 -0.000281114 0.000579667 -0.000710008
0 0 671 -0.000440177 -8.01897e-05 -0.000660167 0.000769993
0 0 672 -0.000221283 0.000509786 -0.000160124 0.000739814
0 0 673 0.000169903 -0.000331025 -2.06348e-05 -0.000510192
0 0 674 0.000248987 -0.000171054 0.000639448 0.0011998
0 0 675 -0.000660484 0.000549459 -0.000400494 -0.000420141
0 0 676 -0.000101244 -0.000341264 -0.000520056 0.00022993
0 0 677 0.000199559 0.000628805 0.000779559 -0.00124009
0 0 678 -0.00123102 -2.00403e-05 -0.000190637 0.000979788
0 0 679 -0.00134117 -2.00403e-05 -0.00036064 0.000529776
0 0 680 -0.000910447 0.00042916 -0.00134018 0.00049984
0 0 681 -0.000420406 0.000189843 0.000119477 -0.000650136
0 0 682 4.98639e-05 0.000819491 -0.00109047 -0.000560085
0 0 683 -0.00146121 0.00014889 -0.000260382 -0.000390205
0 0 684 0.000459408 -0.000110904 -0.000630277 0.000969809
0 0 685 0.000878838 0.000879641 0.00109964 -0.00129023
0 0 686 0.000888724 -7.12313e-05 -0.000180051 -0.000350047
0 0 687 0.00139995 0.000169366 5.9696e-05 0.000179794
0 0 688 0.000839296 -0.000960674 0.000879817 -0.00152022
0 0 689 0.000878838 -0.000520432 -0.000650204 0.000669964
0 0 690 0.000709372 -0.000981151 0.000489372 -0.000210103
0 0 691 0.00125873 0.000539221 -0.000480202 -0.00099014
0 0 692 0.000449523 -0.000150577 -0.000510092 0.00206989
0 0 693 0.000909907 -0.000690642 -0.000680095 -0.00016021
0 0 694 -0.000320138 0.000159128 0.000649411 0.00116987
0 0 695 -0.000390749 -0.000921001 -0.00015016 0.00111998
0 0 696 0.000268758 -0.000281114 -7.04523e-05 -0.00016021
0 0 697 0.000229216 7.9782e-05 -0.000680095 -0.000390205
0 0 698 0.00104972 -9.04279e-05 0.000709815 -0.000610222
0 0 699 -0.00145133 8.87404e-05 0.000749669 -6.01802e-05
0 0 700 7.95205e-05 0.00109976 5.9696e-05 -0.00102008
0 0 701 -0.00156007 0.000109217 0.000269552 0.000509819
0 0 702 0.000508836 0.000499548 -0.000320163 0.000389832
0 0 703 0.000109177 0.000809253 -7.04523e-05 0.00138989
0 0 704 -0.000390749 -0.00166071 -0.00187011 -0.0006202
0 0 705 -0.000200099 0.000669758 -2.06348e-05 -3.02443e-05
0 0 706 9.92916e-05 0.000848926 0.00199947 -0.000780102
0 0 707 0.000949449 -0.000490997 -0.000400494 -0.000400184
0 0 708 -0.00060117 -0.000810941 0.000139404 -0.00143017
0 0 709 -0.00120136 0.000509786 0.000579667 0.00032996
0 0 710 -0.000510788 -2.00403e-05 -0.000200601 -0.00144015
0 0 711 -0.000121015 -0.000180012 0.000379774 -0.000310133
0 0 712 0.00141972 0.000569935 -0.000950355 4.98282e-05
0 0 713 1.8795e-05 0.000509786 -0.00034009 0.000359896
0 0 714 0.000109177 0.000409964 -0.000350053 0.000119922
0 0 715 0.000609104 0.000809253 -0.000520056 -0.000100095
0 0 716 0.000119063 -0.000180012 0.000839963 -0.00221021
0 0 717 -0.00046136 0.000189843 -0.000400494 -0.000830238
0 0 718 -0.00113075 0.000369011 -0.000820206 0.000609848
0 0 719 -0.000711324 0.000989701 7.9623e-05 -0.000400184
0 0 720 -0.00060117 -0.000810941 5.9696e-05 -0.000910067
0 0 721 0.000179788 -0.000341264 -0.000140197 -0.000190146
0 0 722 -1.08617e-05 0.000358773 -0.000560532 -0.00140024
0 0 723 -0.000670369 -0.000231203 0.00031937 0.000579913
0 0 724 -0.00212072 -0.000300311 0.00111956 0.000749793
0 0 725 -0.000581399 -0.000650969 -0.000750462 0.000849822
0 0 726 -7.0175e-05 -0.00115008 0.00113949 -0.000530149
0 0 727 0.00141972 0.000129693 -0.000660167 -0.000180167
0 0 728 0.000429752 0.000289665 -0.000430384 0.00022993
0 0 729 0.00108926 0.0003191 -0.000140197 -0.000940003
0 0 730 0.000209445 4.90675e-05 -0.000440348 7.97641e-05
0 0 731 2.86805e-05 -9.04279e-05 0.000289479 0.000459926
0 0 732 0.00211877 -0.000370698 0.000989416 -0.000670094
0 0 733 0.000119063 0.000379249 -0.00086006 -0.000270218
0 0 734 -0.000320138 -0.000350222 0.000149368 4.98282e-05
0 0 735 -0.00122114 0.000358773 -3.05983e-05 -0.000730209
0 0 736 1.8795e-05 0.000509786 0.00080945 -0.000490235
0 0 737 -0.000390749 -0.0002504 -0.000400494 -0.000440098
0 0 738 -0.000721209 0.000139931 -0.000250418 0.000319981
0 0 739 0.000339369 -0.000931239 7.9623e-05 -0.000150231
0 0 740 -8.00606e-05 -0.000840375 0.000379774 -0.000450077
0 0 741 -0.00145133 -0.000490997 9.87844e-06 -0.000470034
0 0 742 -0.000290482 -0.000100666 0.000449518 0.000989767
0 0 743 -9.13583e-05 0.000308862 -0.000550569 -0.00023006
0 0 744 -0.000971173 -0.00145083 0.000129441 -0.000390205
0 0 745 0.000539905 -0.000460283 0.000109514 0.00117985
0 0 746 -0.000250939 0.00107929 -0.000460275 0.000759771
0 0 747 0.000378912 0.000788777 -0.000200601 -6.01802e-05
0 0 748 0.000329484 0.000468833 -0.00116021 0.000809908
0 0 749 0.000268758 -0.000850614 0.00116938 0.000509819
0 0 750 -0.000111129 0.000418922 -0.000200601 4.98282e-05
0 0 751 -0.00101071 -0.000290073 0.000259589 0.000339939
0 0 752 0.00132934 -0.000960674 -0.000550569 -0.000240039
0 0 753 0.000189674 -8.01897e-05 -0.000570496 0.000689921
0 0 754 0.00113869 8.87404e-05 0.000209771 -0.000130031
0 0 755 0.00049895 0.00122902 0.000169917 -0.000110073
0 0 756 -0.000540445 0.00025895 0.00145957 0.00144976
0 0 757 -0.000341322 -0.000640731 0.000629484 -0.00100012
0 0 758 0.00161884 0.000439399 0.000579667 -0.00110015
0 0 759 -0.000280596 0.000169366 0.000759632 0.000379853
0 0 760 0.000309713 -0.000840375 -0.000380567 0.00111998
0 0 761 0.00135899 -0.000970912 -6.04888e-05 0.000589891
0 0 762 0.00108926 0.000289665 -0.000250418 8.99861e-05
0 0 763 0.00104972 0.000628805 -0.000210564 -0.000900089
0 0 764 0.000729143 0.000759342 0.000349883 -0.000210103
0 0 765 -2.07472e-05 0.000699193 -0.000310199 0.000209973
0 0 766 6.9635e-05 -0.000661207 0.000289479 -0.00134012
0 0 767 0.000268758 0.000169366 0.000229698 -0.000590021
0 0 768 0.000648646 -0.000601058 -0.000590423 8.99861e-05
0 0 769 -0.00159114 8.87404e-05 0.000969489 -5.02015e-05
0 0 770 -0.000380864 0.000119455 -0.000520056 0.000909937
0 0 771 0.000349255 0.00118935 -0.000130233 0.000279823
0 0 772 -0.000420406 3.88293e-05 -0.00111039 -0.000110073
0 0 773 0.0010596 -0.000150577 0.000669961 0.000239909
0 0 774 -0.000591285 0.000578894 -0.00086006 0.000969809
0 0 775 -0.00120136 -0.000810941 0.00115942 -0.000480013
0 0 776 8.90943e-06 0.000889879 0.000389737 0.000489861
0 0 777 -0.000820065 0.0011292 -0.000430384 -9.0116e-05
0 0 778 0.000739028 0.000219277 0.0011999 -0.00103005
0 0 779 -0.00088079 -0.000470521 0.000619521 0.000389832
0 0 780 0.000539905 -0.0011808 0.000249625 -0.000510192
0 0 781 0.000489065 -0.000350222 7.9623e-05 -0.000380226
0 0 782 -0.000650598 -0.00138044 0.000409664 0.000289802
0 0 783 -0.000570102 -0.000200488 0.000459482 -0.000820016
0 0 784 0.00103983 0.000239754 0.00085989 -0.000980161
0 0 785 2.86805e-05 0.000399726 0.0014795 -0.000100095
0 0 786 -0.000961287 -0.000921001 -0.000500129 -8.01374e-05
0 0 787 -0.000660484 0.000379249 -0.000870647 -0.000560085
0 0 788 0.000479179 5.93056e-05 0.000269552 0.000309759
0 0 789 0.000579447 -5.07549e-05 -0.000490165 0.000669964
0 0 790 0.00122907 0.00108952 -0.000170087 -0.00113008
0 0 791 -0.000910447 -0.000821179 0.000759632 -0.000710008
0 0 792 -0.000640713 -0.0011808 -0.000540605 -0.000360026
0 0 793 0.00144938 -8.43729e-07 -0.000280309 0.000929895
0 0 794 0.000479179 -0.000921001 -0.000350053 0.000609848
0 0 795 -0.000961287 0.0003191 -0.0011901 -0.000110073
0 0 796 0.00131945 0.00076958 -0.000730535 -0.00161003
0 0 797 0.00114998 0.000909076 0.000459482 -0.00195004
0 0 798 -0.000260825 0.000198801 0.000639448 -0.000530149
0 0 799 -4.05183e-05 -0.000630493 0.000939598 0.000159836
0 0 800 0.000528607 -0.000180012 9.87844e-06 -0.00109017
0 0 801 0.0014988 0.00025895 0.000389737 -0.000290175
0 0 802 5.97494e-05 0.00105881 0.000299443 -6.49828e-08
0 0 803 -0.00135106 0.000159128 0.000459482 0.00118983
0 0 804 -0.000520674 -0.0002504 0.00104982 0.000169815
0 0 805 5.97494e-05 -0.000260638 -0.000350053 -0.000980161
0 0 806 -0.00069014 0.000308862 0.000659375 -0.000600243
0 0 807 0.0014988 0.000329338 -0.000190637 -0.00151
0 0 808 0.000949449 -0.000830137 -3.05983e-05 -0.000450077
0 0 809 -0.000290482 2.98708e-05 -0.000950355 0.000729835
0 0 810 0.000469294 -0.00107073 -0.00036064 0.000139879
0 0 811 0.00082941 0.00014889 -0.000730535 -0.000660115
0 0 812 0.000398683 0.000369011 -0.000350053 -0.00129023
0 0 813 -8.00606e-05 0.000679996 -0.000560532 -2.00222e-05
0 0 814 0.000199559 -0.000790464 -0.000690058 0.000539755
0 0 815 0.000189674 -0.000130101 0.000109514 6.97854e-05
0 0 816 -0.000330024 0.000509786 0.000379774 0.000569934
0 0 817 0.00151999 -3.02785e-05 0.000499959 0.00109977
0 0 818 0.000209445 -8.43729e-07 -0.000620313 -0.000510192
0 0 819 0.000309713 -0.00100035 0.000719778 2.98709e-05
0 0 820 -0.000770637 0.000249992 -0.000630277 -0.000570064
0 0 821 0.00035914 0.000759342 -0.000140197 0.00237996
0 0 822 -0.000330024 0.000688954 0.000479409 0.000169815
0 0 823 0.00133922 0.000358773 0.000969489 9.91365e-06
0 0 824 -0.000711324 -0.000160815 -0.000110306 0.000939873
0 0 825 2.86805e-05 -0.000130101 -0.000580459 0.0010399
0 0 826 0.000199559 0.000709431 -7.04523e-05 -0.000410162
0 0 827 -9.13583e-05 0.000628805 -0.000590423 -0.00161003
0 0 828 -0.000500903 0.000329338 0.000449518 0.000309759
0 0 829 -0.000650598 0.0003191 0.00055974 0.00115989
0 0 830 -0.0013214 -0.00105026 0.00058963 0.00039981
0 0 831 6.9635e-05 0.000379249 -0.00129036 -0.000530149
0 0 832 7.95205e-05 0.00101914 -8.50635e-08 0.000639784
0 0 833 0.000169903 -0.00178101 0.000549776 0.0006999
0 0 834 -0.000390749 -0.00127038 -0.000430384 0.000899959
0 0 835 -0.000471246 0.000749104 -0.000250418 0.000319981
0 0 836 0.000508836 -0.000470521 -3.05983e-05 0.0010399
0 0 837 0.000469294 -0.000270876 -0.000280309 0.000189772
0 0 838 -8.00606e-05 0.000969225 0.00146953 0.000549977
0 0 839 -0.000900562 -0.000220965 -0.00015016 -0.000480013
0 0 840 -0.000670369 -0.00165047 0.000449518 -1.00436e-05
0 0 841 -0.000270711 0.00104985 0.000839963 -0.000690051
0 0 842 -0.00122114 7.9782e-05 -0.000250418 0.000419768
0 0 843 0.000758799 -0.00138044 0.000119477 2.98709e-05
0 0 844 -0.000910447 0.000299903 -0.000100343 0.000769993
0 0 845 -0.00112087 0.000209039 0.000599594 -0.000270218
0 0 846 -0.00194137 -0.00019025 -0.00177048 0.000199994
0 0 847 -0.00131011 -0.000140339 -0.000600386 0.000839844
0 0 848 -0.00119007 0.000229516 -0.00101014 0.00088998
0 0 849 -0.000870905 0.00048931 0.000829377 -0.000360026
0 0 850 0.000479179 -0.000630493 -0.000330126 0.00115989
0 0 851 0.000268758 -0.00206 -0.000320163 -0.000910067
0 0 852 -0.00150076 0.000329338 0.00058963 0.000799929
0 0 853 0.000459408 0.000379249 0.000569703 -0.000130031
0 0 854 0.000518722 0.000468833 0.000849927 0.000389832
0 0 855 -0.000140786 0.000779818 -0.000210564 -0.000790081
0 0 856 0.000319598 -0.000171054 0.000269552 0.000189772
0 0 857 -0.000721209 0.00102937 0.000789523 0.000469904
0 0 858 0.000169903 0.00104985 0.000249625 0.000469904
0 0 859 -0.000310253 -0.000560105 0.000329956 -0.000550107
0 0 860 -0.00126068 0.000198801 0.000389737 0.00059987
0 0 861 -0.00185099 -0.000580581 -0.00146036 -0.000800059
0 0 862 9.92916e-05 0.000958987 -0.00118014 -0.000630179
0 0 863 0.000169903 -0.00036046 6.96595e-05 0.000459926
0 0 864 0.000229216 -0.000520432 -0.000430384 -0.000730209
0 0 865 -0.00142026 0.000439399 0.000639448 4.98282e-05
0 0 866 -0.00088079 -2.00403e-05 0.00118993 -0.0013501
0 0 867 -0.000581399 -0.000620254 0.000229698 -0.000580042
0 0 868 -0.000790408 -0.000501235 -0.000480202 0.000469904
0 0 869 0.00035914 -0.000510194 0.00033992 -0.000150231
0 0 870 0.000868953 -0.00116032 -1.00486e-05 -0.000920046
0 0 871 -0.000241054 -0.000630493 -0.00034009 0.000389832
0 0 872 -0.000130901 0.00172941 -0.00036064 0.000139879
0 0 873 5.97494e-05 0.000509786 0.000579667 0.000309759
0 0 874 0.0006896 -0.000140339 -0.000180051 -0.000280197
0 0 875 -0.000140786 -0.000281114 -0.000790316 3.98495e-05
0 0 876 0.00136888 0.000418922 0.000539813 0.000299781
0 0 877 0.000479179 0.000578894 0.000759632 0.00127988
0 0 878 -0.000121015 -0.000740553 0.000139404 -0.000750166
0 0 879 -0.000810179 0.000239754 -0.000450311 0.00109977
0 0 880 0.000378912 0.000528983 0.000779559 0.00218988
0 0 881 0.000719257 3.88293e-05 0.00085989 0.00127988
0 0 882 -0.000530559 -0.000320787 6.96595e-05 0.000979788
0 0 883 -7.0175e-05 -0.000130101 -0.000870647 -0.000450077
0 0 884 -0.000680255 -0.000240161 0.00117997 0.000109943
0 0 885 -0.00114064 -0.000560105 0.000959525 0.000279823
0 0 886 -0.00189053 -8.01897e-05 0.000429591 0.000619827
0 0 887 -0.000140786 0.000139931 -0.000250418 -0.000320111
0 0 888 0.000239102 0.000819491 -0.000330126 -0.00161003
0 0 889 0.000209445 -0.000730315 -1.00486e-05 -9.0116e-05
0 0 890 -0.000910447 0.00134932 6.96595e-05 -0.0006202
0 0 891 0.000179788 0.000119455 -0.000280309 -0.000370004
0 0 892 -4.05183e-05 -0.000430848 -0.000570496 -0.000790081
0 0 893 0.000528607 -0.0002504 0.000449518 -0.000490235
0 0 894 0.000189674 -7.12313e-05 -0.000380567 0.00155977
0 0 895 -0.000400635 -0.000231203 -0.000380567 0.00111998
0 0 896 0.000339369 0.000379249 0.000269552 0.000799929
0 0 897 -0.0011703 -0.00143035 0.000979452 3.98495e-05
0 0 898 -0.000101244 0.00141971 -0.000540605 0.000249888
0 0 899 -0.000530559 0.00059937 0.000709815 1.98923e-05
0 0 900 0.000199559 -0.000450044 -0.000240455 -7.01588e-05
0 0 901 -0.000160557 -0.000560105 -0.000580459 6.97854e-05
0 0 902 -0.000540445 -0.000830137 -0.0011901 -0.00145013
0 0 903 -0.000190214 0.000509786 0.000149368 7.97641e-05
0 0 904 -0.000121015 0.000219277 -0.000230491 -0.000530149
0 0 905 0.000128948 -0.00138044 0.000489372 7.97641e-05
0 0 906 0.000508836 0.00059937 0.00033992 0.000379853
0 0 907 0.00176995 0.000249992 0.000519886 0.000649763
0 0 908 4.98639e-05 0.000179604 -4.05618e-05 0.000879758
0 0 909 -8.00606e-05 -0.00124094 -0.000480202 -0.000520171
0 0 910 -0.000910447 -0.000380937 -0.000440348 -0.000170188
0 0 911 -0.00129033 0.000699193 -0.00039053 0.000309759
0 0 912 -0.000190214 0.000729907 -0.000520056 -0.000790081
0 0 913 0.000589333 -0.000470521 1.9842e-05 0.000489861
0 0 914 0.000809639 -0.00059082 -0.00106058 -0.000870153
0 0 915 -4.05183e-05 -0.000260638 0.00201939 -0.000590021
0 0 916 0.000278644 -0.000290073 4.97325e-05 -0.00043012
0 0 917 -0.000370978 -0.000310549 -4.05618e-05 0.000759771
0 0 918 -0.000711324 6.95438e-05 0.000229698 -0.00033009
0 0 919 0.000268758 2.98708e-05 -0.000280309 0.000519797
0 0 920 0.000628875 -0.000281114 0.000849927 -0.00102008
0 0 921 -0.000450063 -0.000180012 0.000769596 -0.000970183
0 0 922 -0.000231168 -0.000160815 0.000279516 -0.00141022
0 0 923 0.000128948 0.00099994 0.000949562 -0.000650136
0 0 924 1.8795e-05 -0.00187059 -8.04159e-05 0.000249888
0 0 925 0.000378912 0.00014889 -0.00015016 0.000739814
0 0 926 -0.000400635 -7.12313e-05 0.000879817 -0.000660115
0 0 927 -0.000231168 -0.000331025 -0.000430384 -0.000900089
0 0 928 -0.000380864 0.000198801 0.000179881 -0.000900089
0 0 929 0.000729143 -0.00109121 -0.00122061 -0.000490235
0 0 930 6.9635e-05 -0.000840375 0.0011096 0.00111998
0 0 931 0.000998877 -0.00159032 -0.000250418 0.000749793
0 0 932 -0.000560216 0.000628805 4.97325e-05 -0.000790081
0 0 933 0.000349255 -0.000880048 1.9842e-05 0.000609848
0 0 934 0.000758799 -0.000761029 0.000209771 0.000489861
0 0 935 -0.000290482 -0.000130101 -0.000910501 0.000299781
0 0 936 0.000679715 -0.0002504 0.000109514 -0.000690051
0 0 937 -1.08617e-05 -0.00103106 -0.000480202 -0.000960204
0 0 938 -0.000410521 0.000358773 -0.00064024 0.00022993
0 0 939 -0.00055033 0.00099994 0.000269552 -0.000940003
0 0 940 -0.00151064 0.000459875 0.000329956 0.000649763
0 0 941 0.00040998 0.000559697 0.000189844 0.000649763
0 0 942 -2.07472e-05 0.000389487 -0.00086006 0.00127988
0 0 943 0.000469294 0.000699193 0.000119477 0.00022993
0 0 944 0.00144938 -0.000490997 0.00108967 -0.000190146
0 0 945 0.000128948 -0.0002504 -0.000260382 -0.000700029
0 0 946 0.000169903 0.00107929 0.000229698 0.000369874
0 0 947 0.00063876 0.000889879 -0.00115025 0.000719857
0 0 948 0.000369026 0.000969225 0.000709815 -0.000830238
0 0 949 -0.000711324 -0.000790464 -6.04888e-05 0.000159836
0 0 950 -0.00121125 0.000109217 0.00058963 -7.01588e-05
0 0 951 -0.000380864 -0.00117056 -0.000520056 0.000519797
0 0 952 -0.000341322 -0.000771268 -0.000190637 -0.000930025
0 0 953 -0.00160102 -5.07549e-05 0.000269552 0.00154979
0 0 954 -0.00122114 0.000129693 0.000679924 0.00150987
0 0 955 -4.05183e-05 -0.000490997 0.00101993 0.000239909
0 0 956 0.000898609 0.000528983 0.00105978 0.00124994
0 0 957 -0.00148098 -0.000270876 -0.000210564 0.000109943
0 0 958 0.000309713 -0.000650969 0.000239662 0.000489861
0 0 959 -0.000111129 -0.000990109 -0.000460275 -0.000840217
0 0 960 0.000239102 -6.09931e-05 9.955e-05 -4.02229e-05
0 0 961 0.00138865 0.000119455 -0.000800279 -0.0015801
0 0 962 0.000539905 -0.0002504 0.000459482 -0.000880132
0 0 963 0.00115987 0.000229516 0.000569703 0.00059987
0 0 964 0.000809639 0.00136979 0.000729742 0.000769993
0 0 965 0.000528607 -0.00019025 0.000569703 0.000389832
0 0 966 -4.05183e-05 -0.000610016 -0.000420421 0.00138989
0 0 967 -0.00163068 -0.000380937 0.000219735 -0.000210103
0 0 968 0.000329484 -0.000690642 0.000169917 -0.000910067
0 0 969 -0.00153041 -0.000640731 -0.00036064 0.000539755
0 0 970 -0.000390749 -0.00108097 8.95865e-05 0.000339939
0 0 971 -0.00163068 0.000339576 0.000959525 0.000349917
0 0 972 -0.000861019 0.0003191 0.00036981 0.000849822
0 0 973 -4.05183e-05 0.000239754 -0.000400494 -0.000500213
0 0 974 -2.07472e-05 -0.000220965 0.000529849 -0.000690051
0 0 975 0.000659944 0.0003191 -0.000550569 0.00100997
0 0 976 -0.00123102 -0.000210727 -0.00137007 0.000339939
0 0 977 -0.000910447 -0.00111041 -0.000260382 0.000619827
0 0 978 0.000628875 -0.000680404 -0.000400494 0.0010399
0 0 979 0.00144938 0.000349814 -2.06348e-05 0.000539755
0 0 980 0.000929678 9.39446e-06 -0.00104003 -0.000840217
0 0 981 0.00035914 0.000358773 4.97325e-05 0.000119922
0 0 982 0.00021933 0.00142994 0.00033992 -0.000190146
0 0 983 0.00107937 0.000159128 -0.000480202 -0.000700029
0 0 984 -1.08617e-05 -0.000610016 -0.000400494 0.00143978
0 0 985 0.000459408 -0.000160815 0.00114945 -0.000610222
0 0 986 -0.000260825 -9.04279e-05 0.000979452 0.000859801
0 0 987 0.00264976 -0.000800702 0.000419628 0.000259866
0 0 988 0.000339369 0.000439399 -0.000560532 -0.000150231
0 0 989 8.94061e-05 0.000449637 -0.00117017 0.00148991
0 0 990 7.95205e-05 0.000409964 -0.000500129 0.000519797
0 0 991 -8.00606e-05 -0.000650969 -0.000190637 0.00113993
0 0 992 0.000449523 -0.0010605 0.00102989 0.000169815
0 0 993 -2.07472e-05 -0.000601058 0.00058963 -0.000960204
0 0 994 -0.00186087 -0.00132029 -0.000430384 0.000259866
0 0 995 -0.00141037 0.000479071 -0.000240455 -0.00152022
0 0 996 -0.000440177 -0.000970912 -9.03794e-05 4.98282e-05
0 0 997 0.000849181 -0.000160815 -0.000430384 0.000549977
0 0 998 0.000199559 0.000809253 9.955e-05 0.000189772
0 0 999 -0.000410521 0.000759342 0.000269552 3.98495e-05
0 0 1000 0.000299827 -0.00125118 -0.000790316 0.00106984
0 0 1001 -0.000450063 -0.00116032 8.95865e-05 0.00086978
0 0 1002 0.00054979 0.000379249 0.00031937 -0.000610222
0 0 1003 0.000508836 -0.000810941 -0.00100017 -0.000930025
0 0 1004 -0.000910447 0.000468833 0.000269552 -0.000270218
0 0 1005 -9.13583e-05 0.000649281 0.000549776 0.000589891
0 0 1006 -0.000380864 6.95438e-05 -0.00036064 0.00153981
0 0 1007 -0.000581399 -0.00059082 -0.000140197 -0.000590021
0 0 1008 -4.05183e-05 0.000198801 0.000429591 -0.000770123
0 0 1009 0.000349255 -0.000210727 0.000719778 -6.01802e-05
0 0 1010 0.00096922 0.000479071 0.000919671 -0.000640158
0 0 1011 0.000979106 -0.000121142 0.000449518 -0.000300154
0 0 1012 -0.000731095 0.000439399 -0.00151018 -0.000690051
0 0 1013 -0.00145133 -0.0002504 -0.00012027 0.000409789
0 0 1014 -0.000591285 0.000399726 0.00055974 0.000539755
0 0 1015 -0.000491017 -0.000680404 0.000469445 -0.000190146
0 0 1016 -0.000800294 -0.00114112 0.000379774 0.00039981
0 0 1017 0.000479179 -0.000281114 4.97325e-05 -0.000220082
0 0 1018 0.000839296 6.95438e-05 0.000419628 -0.00100012
0 0 1019 0.000819525 0.000249992 -6.04888e-05 0.000679942
0 0 1020 -0.000760752 0.000389487 0.000249625 0.000279823
0 0 1021 -0.000900562 -0.000520432 0.000279516 -0.000790081
0 0 1022 -0.00151064 -8.43729e-07 0.000779559 -0.00126005
0 0 1023 0.000179788 -0.00036046 -0.000100343 7.97641e-05
