0 0 0 -0.15433
0 0 1 -0.0463366
0 0 2 0.116964
0 0 3 0.0192651
0 0 4 0.0205953
0 0 5 -0.138021
0 0 6 -0.0497295
0 0 7 -0.113365
0 0 8 -0.110126
0 0 9 0.0951612
0 0 10 -0.0826364
0 0 11 -0.00674038
0 0 12 -0.106753
0 0 13 -0.0740193
0 0 14 -0.0470692
0 0 15 -0.00903441
0 0 16 -0.0845834
0 0 17 -0.0703951
0 0 18 -0.139332
0 0 19 -0.0773158
0 0 20 0.113051
0 0 21 -0.0600623
0 0 22 0.0801825
0 0 23 0.0179543
0 0 24 0.0542733
0 0 25 -0.185868
0 0 26 -0.0566502
0 0 27 0.0354584
0 0 28 0.00122128
0 0 29 -0.0330351
0 0 30 -0.0423076
0 0 31 0.0296172
0 0 32 0.166527
0 0 33 -0.00683676
0 0 34 0.0234291
0 0 35 -0.0189046
0 0 36 -0.074694
0 0 37 0.00426715
0 0 38 -0.116295
0 0 39 -0.0795134
0 0 40 -0.103591
0 0 41 0.0224652
0 0 42 -0.0725156
0 0 43 0.0974167
0 0 44 -0.115312
0 0 45 0.0387741
0 0 46 0.0371162
0 0 47 0.0771366
0 0 48 0.1491
0 0 49 -0.00837897
0 0 50 -0.205223
0 0 51 -0.00134264
0 0 52 -0.139351
0 0 53 -0.118184
0 0 54 -0.0742121
0 0 55 0.12402
0 0 56 -0.0237625
0 0 57 0.0546589
0 0 58 -0.0863955
0 0 59 0.026128
0 0 60 -0.156528
0 0 61 0.0581674
0 0 62 -0.113384
0 0 63 -0.0649203
0 0 64 0.0707364
0 0 65 -0.0814412
0 0 66 -0.00674038
0 0 67 -0.0918704
0 0 68 0.0324896
0 0 69 -0.0104417
0 0 70 -0.126821
0 0 71 0.0364993
0 0 72 -0.00764642
0 0 73 0.00178034
0 0 74 0.0560083
0 0 75 -0.029353
0 0 76 -0.0806122
0 0 77 0.0359981
0 0 78 0.116752
0 0 79 -0.0914656
0 0 80 -0.076082
0 0 81 0.199781
0 0 82 0.124193
0 0 83 0.0259352
0 0 84 0.124116
0 0 85 -0.0377581
0 0 86 -0.0167262
0 0 87 0.072857
0 0 88 0.0143879
0 0 89 0.0868332
0 0 90 -0.0840822
0 0 91 -0.00805125
0 0 92 -0.0753687
0 0 93 0.0104745
0 0 94 0.0583216
0 0 95 0.135471
0 0 96 -0.121847
0 0 97 0.20674
0 0 98 -0.0267698
0 0 99 -0.00093781
0 0 100 -0.0974609
0 0 101 0.00920222
0 0 102 -0.0748097
0 0 103 0.0048262
0 0 104 -0.039975
0 0 105 -0.11564
0 0 106 -0.0572092
0 0 107 -0.152518
0 0 108 -0.139563
0 0 109 0.0811271
0 0 110 -0.0327845
0 0 111 -0.115755
0 0 112 -0.0988874
0 0 113 0.00528886
0 0 114 -0.0800146
0 0 115 -0.0372954
0 0 116 -0.154291
0 0 117 -0.0091308
0 0 118 -0.00512106
0 0 119 -0.0926029
0 0 120 -0.00465839
0 0 121 -0.0932198
0 0 122 -0.0875136
0 0 123 -0.0169382
0 0 124 -0.0343074
0 0 125 0.0135204
0 0 126 0.0478731
0 0 127 0.00580936
0 0 128 0.00978055
0 0 129 -0.0835617
0 0 130 -0.0505199
0 0 131 0.155519
0 0 132 -0.0918704
0 0 133 0.00359243
0 0 134 0.0431887
0 0 135 0.0118047
0 0 136 0.0791993
0 0 137 0.0441718
0 0 138 -0.118551
0 0 139 0.0637579
0 0 140 -0.0955524
0 0 141 -0.0171503
0 0 142 0.0138096
0 0 143 -0.100391
0 0 144 -0.0948777
0 0 145 0.0461382
0 0 146 -0.00433067
0 0 147 0.0238532
0 0 148 -0.110512
0 0 149 0.102506
0 0 150 0.0620229
0 0 151 -0.0227601
0 0 152 -0.00710665
0 0 153 0.0554878
0 0 154 -0.184075
0 0 155 -0.04331
0 0 156 -0.045045
0 0 157 -0.128228
0 0 158 -0.121192
0 0 159 -0.0795134
0 0 160 0.125408
0 0 161 -0.054067
0 0 162 0.0719316
0 0 163 -0.00662471
0 0 164 0.0238147
0 0 165 -0.122541
0 0 166 -0.00118842
0 0 167 -0.0694505
0 0 168 -0.0922752
0 0 169 0.00580936
0 0 170 -0.0275024
0 0 171 0.00249361
0 0 172 0.0229665
0 0 173 -0.0711662
0 0 174 -0.0514452
0 0 175 0.0986697
0 0 176 0.00981911
0 0 177 -0.0786652
0 0 178 -0.0760049
0 0 179 0.0558541
0 0 180 -0.0228758
0 0 181 -0.0995043
0 0 182 0.00536598
0 0 183 -0.0414979
0 0 184 -0.0938753
0 0 185 -0.138638
0 0 186 -0.103206
0 0 187 0.0366921
0 0 188 0.0335499
0 0 189 0.126796
0 0 190 0.0648182
0 0 191 0.0368463
0 0 192 -0.0153189
0 0 193 0.0745727
0 0 194 -0.0949548
0 0 195 -0.132565
0 0 196 -0.00496683
0 0 197 0.0161614
0 0 198 0.00831545
0 0 199 -0.11776
0 0 200 -0.12258
0 0 201 0.0308317
0 0 202 -0.0725735
0 0 203 0.0949106
0 0 204 0.071469
0 0 205 -0.139756
0 0 206 -0.0351942
0 0 207 0.00636841
0 0 208 0.0358054
0 0 209 -0.0208902
0 0 210 0.138382
0 0 211 -0.0745205
0 0 212 0.0394681
0 0 213 -0.0124658
0 0 214 0.0740522
0 0 215 -0.0333821
0 0 216 0.142796
0 0 217 -0.171583
0 0 218 0.00706241
0 0 219 0.00906728
0 0 220 0.11041
0 0 221 0.0436899
0 0 222 -0.077682
0 0 223 -0.119495
0 0 224 -0.285225
0 0 225 -0.0711469
0 0 226 0.0798933
0 0 227 -0.0590791
0 0 228 -0.0250541
0 0 229 0.0411645
0 0 230 -0.13646
0 0 231 0.0258003
0 0 232 -0.00808981
0 0 233 -0.00681749
0 0 234 -0.00967058
0 0 235 -0.0407847
0 0 236 -0.0791086
0 0 237 -0.0160707
0 0 238 -0.0709542
0 0 239 0.0212122
0 0 240 0.157254
0 0 241 0.0179735
0 0 242 0.0291353
0 0 243 0.0503214
0 0 244 0.020576
0 0 245 0.0825536
0 0 246 -0.048515
0 0 247 -0.00909225
0 0 248 0.0961829
0 0 249 0.000469457
0 0 250 0.0436321
0 0 251 0.376248
0 0 252 0.409252
0 0 253 0.602664
0 0 254 0.834034
0 0 255 0.978134
0 0 256 0.961054
0 0 257 0.825378
0 0 258 0.676131
0 0 259 0.682628
0 0 260 0.301355
0 0 261 0.236389
0 0 262 0.330233
0 0 263 0.31562
0 0 264 0.100289
0 0 265 0.163886
0 0 266 0.178672
0 0 267 0.0513046
0 0 268 0.132348
0 0 269 0.0522106
0 0 270 0.121629
0 0 271 0.0137903
0 0 272 0.0913056
0 0 273 -0.0903089
0 0 274 0.049319
0 0 275 -0.0548573
0 0 276 -0.0943379
0 0 277 0.0445188
0 0 278 0.000720066
0 0 279 -0.0185961
0 0 280 0.0173952
0 0 281 0.069252
0 0 282 0.13657
0 0 283 0.0105709
0 0 284 0.0886646
0 0 285 0.0334342
0 0 286 -0.0137189
0 0 287 -0.171622
0 0 288 -0.0006872
0 0 289 0.0936768
0 0 290 -0.00288485
0 0 291 -0.0777013
0 0 292 0.0989974
0 0 293 -0.0833689
0 0 294 0.00900945
0 0 295 -0.0901354
0 0 296 -0.0310495
0 0 297 -0.0147791
0 0 298 -0.0171117
0 0 299 -0.151573
0 0 300 -0.0156081
0 0 301 0.0331836
0 0 302 -0.0572285
0 0 303 0.108752
0 0 304 0.0116312
0 0 305 -0.20742
0 0 306 0.0416079
0 0 307 0.0301763
0 0 308 -0.0724193
0 0 309 -0.0820195
0 0 310 0.074669
0 0 311 -0.0435606
0 0 312 -0.0948777
0 0 313 0.0355162
0 0 314 0.00548164
0 0 315 0.123229
0 0 316 -0.0718602
0 0 317 0.0516901
0 0 318 0.000218848
0 0 319 -0.0155695
0 0 320 -0.0260951
0 0 321 -0.00305835
0 0 322 0.0145036
0 0 323 0.0289425
0 0 324 -0.0842172
0 0 325 -0.060043
0 0 326 -0.000320925
0 0 327 0.0620615
0 0 328 -0.0340761
0 0 329 -0.101413
0 0 330 -0.0846413
0 0 331 -0.0142587
0 0 332 0.105417
0 0 333 -0.155178
0 0 334 0.0525576
0 0 335 0.0103589
0 0 336 0.112222
0 0 337 0.0156988
0 0 338 0.00598286
0 0 339 -0.140951
0 0 340 0.0491262
0 0 341 -0.00477406
0 0 342 -0.0547031
0 0 343 -0.0152804
0 0 344 -0.0301241
0 0 345 0.0415115
0 0 346 -0.04331
0 0 347 0.122227
0 0 348 -0.00282702
0 0 349 0.0482587
0 0 350 0.0956817
0 0 351 0.104588
0 0 352 0.176166
0 0 353 0.0624856
0 0 354 0.0415501
0 0 355 0.022099
0 0 356 0.0987082
0 0 357 0.145341
0 0 358 0.14563
0 0 359 0.0997685
0 0 360 0.203559
0 0 361 -0.109914
0 0 362 -0.0422112
0 0 363 -0.0149526
0 0 364 0.00239722
0 0 365 0.00295627
0 0 366 -0.0132562
0 0 367 0.0473719
0 0 368 -0.0133333
0 0 369 0.0678062
0 0 370 -0.0281771
0 0 371 0.0645483
0 0 372 0.124675
0 0 373 0.0936575
0 0 374 -0.0323025
0 0 375 0.0569722
0 0 376 -0.28002
0 0 377 -0.0283506
0 0 378 0.0776185
0 0 379 -0.076082
0 0 380 0.0313908
0 0 381 0.0670351
0 0 382 -0.000243815
0 0 383 -0.00502467
0 0 384 0.108945
0 0 385 -0.101336
0 0 386 -0.0861835
0 0 387 -0.00772353
0 0 388 -0.0409582
0 0 389 -0.229069
0 0 390 0.00208878
0 0 391 0.0514588
0 0 392 0.0765583
0 0 393 0.18378
0 0 394 -0.0392617
0 0 395 -0.179102
0 0 396 -0.112478
0 0 397 -0.0467415
0 0 398 -0.0635901
0 0 399 0.0727606
0 0 400 0.0301763
0 0 401 -0.0675806
0 0 402 0.02474
0 0 403 -0.0729012
0 0 404 0.0404898
0 0 405 0.189217
0 0 406 -0.00616205
0 0 407 -0.0698168
0 0 408 0.0275545
0 0 409 0.0914791
0 0 410 -0.0796098
0 0 411 0.114767
0 0 412 0.0834789
0 0 413 -0.0496717
0 0 414 0.0475069
0 0 415 0.00856606
0 0 416 -0.11591
0 0 417 -0.0852967
0 0 418 0.0641242
0 0 419 -0.0240517
0 0 420 0.00166467
0 0 421 -0.0227986
0 0 422 0.0551794
0 0 423 0.0829584
0 0 424 0.0409718
0 0 425 0.0574927
0 0 426 -0.0524862
0 0 427 -0.0307603
0 0 428 -0.0726891
0 0 429 0.13148
0 0 430 -0.0189046
0 0 431 -0.104709
0 0 432 -0.0752531
0 0 433 -0.084275
0 0 434 0.078833
0 0 435 -0.064419
0 0 436 -0.157491
0 0 437 0.0225231
0 0 438 0.152493
0 0 439 0.062447
0 0 440 0.0358246
0 0 441 0.0859657
0 0 442 0.135394
0 0 443 0.0477189
0 0 444 0.114863
0 0 445 -0.00701026
0 0 446 0.0366536
0 0 447 0.126005
0 0 448 0.057859
0 0 449 0.0650688
0 0 450 -0.0773351
0 0 451 -0.0338447
0 0 452 -0.004562
0 0 453 0.175819
0 0 454 0.186595
0 0 455 0.0699075
0 0 456 0.0813006
0 0 457 0.0216556
0 0 458 0.00721663
0 0 459 -0.00681749
0 0 460 -0.0186539
0 0 461 -0.0225095
0 0 462 0.0961443
0 0 463 -0.0637636
0 0 464 0.099248
0 0 465 0.108578
0 0 466 0.0348222
0 0 467 0.0908044
0 0 468 0.0498202
0 0 469 0.188773
0 0 470 0.105783
0 0 471 -0.0742892
0 0 472 -0.0523705
0 0 473 0.0689821
0 0 474 0.0401235
0 0 475 0.0110336
0 0 476 -0.00061009
0 0 477 -0.122907
0 0 478 0.0621771
0 0 479 -0.133876
0 0 480 0.108829
0 0 481 0.0553721
0 0 482 -0.142744
0 0 483 -0.105615
0 0 484 -0.0615852
0 0 485 0.0335884
0 0 486 -0.0864341
0 0 487 -0.193965
0 0 488 0.0229086
0 0 489 -0.0114827
0 0 490 0.120704
0 0 491 0.065223
0 0 492 -0.0438884
0 0 493 -0.0855859
0 0 494 0.0457912
0 0 495 0.0442875
0 0 496 0.113263
0 0 497 -0.125683
0 0 498 0.0638929
0 0 499 0.150854
0 0 500 0.0251255
0 0 501 0.0416465
0 0 502 0.00631058
0 0 503 -0.179352
0 0 504 -0.202447
0 0 505 -0.157356
0 0 506 0.00931789
0 0 507 -0.0494596
0 0 508 -0.0583273
0 0 509 -0.0721879
0 0 510 -0.0250927
0 0 511 -0.0534693
