0 0 0 -0.000121688 -0.000740151 0.00034972 0.000639822
0 0 1 -0.000570209 0.00172998 -0.000640257 -0.000920151
0 0 2 0.000299752 -7.00079e-05 0.00103965 -0.000620128
0 0 3 -0.00138093 0.000609842 -0.00253036 -0.00214014
0 0 4 0.00179934 -0.00042016 -0.000480344 -0.00135002
0 0 5 0.00163854 -0.000190308 -0.00104004 -0.00180015
0 0 6 -2.01362e-05 0.000599788 0.000599893 -0.00140011
0 0 7 0.00057902 -0.000610144 -0.000209975 0.000189879
0 0 8 0.00113925 0.00118985 -0.000359997 -0.000740027
0 0 9 -0.000541436 0.000770011 -0.00243021 0.000899879
0 0 10 0.000509626 -0.00180031 -0.000100344 0.00230993
0 0 11 0.000529936 -0.00126018 0.00135 2.98301e-05
0 0 12 0.000509626 0.00113992 -0.000969974 -0.00115019
0 0 13 -0.000340025 0.000719741 0.00121976 0.000249921
0 0 14 -0.000160616 -0.000550167 0.000569806 0.00243996
0 0 15 -0.00133016 0.000889964 -0.000840148 -0.00250002
0 0 16 -0.00106104 -0.000440268 0.000780001 0.000439991
0 0 17 -0.00156034 0.000109922 -7.02575e-05 -0.00255011
0 0 18 -0.000810548 0.000819933 0.000569806 -0.00166017
0 0 19 -0.00102042 0.00195983 0.000829871 -0.00252009
0 0 20 -0.0010712 0.000589734 -0.000880126 -0.00068017
0 0 21 0.000509626 0.000419858 -0.00145013 0.00055989
0 0 22 -0.000761465 -0.000400052 0.00119998 -0.000320105
0 0 23 0.000978457 -0.00118009 -0.000270149 -5.01024e-05
0 0 24 -0.00118121 -0.000280099 0.000109851 0.000389895
0 0 25 -2.01362e-05 0.000129683 -1.99756e-05 0.0013699
0 0 26 0.00126957 -0.0015403 -0.00110021 0.00154984
0 0 27 0.00403855 -0.00152019 -0.000580083 -0.0004901
0 0 28 -5.06018e-05 0.00149978 0.00148972 0.000309962
0 0 29 0.00252882 -0.000930134 -0.000120127 -7.01776e-05
0 0 30 0.00199905 0.000719741 0.00145963 0.00127983
0 0 31 0.0022597 0.000489889 0.000149829 -0.00100008
0 0 32 0.000289597 -0.000480137 -0.00123004 -0.000160056
0 0 33 -0.0017516 -0.000320315 0.000339829 0.000699864
0 0 34 0.00045885 0.0011999 -0.000530213 0.00232982
0 0 35 0.000499471 0.00160968 -0.00114019 0.000529869
0 0 36 0.00210907 -0.00171018 0.00116989 0.00114999
0 0 37 0.00184842 0.000619896 -0.00140026 0.000909825
0 0 38 0.000118651 -0.000590036 -0.000549996 -0.000890131
0 0 39 0.000159272 0.00109971 0.000550023 0.000809817
0 0 40 0.000479161 0.00122001 -0.0011101 -0.000390092
0 0 41 0.00224955 0.00197994 0.000269764 -0.00189002
0 0 42 0.00237987 -0.000360184 0.000939914 -0.00137009
0 0 43 0.00217 0.000789772 0.000210002 -6.44617e-09
0 0 44 0.00181965 0.000869856 -0.000870234 -0.000830089
0 0 45 -1.16736e-05 0.00252979 -0.000640257 0.00227991
0 0 46 0.000499471 0.000989809 0.00184993 -0.000380146
0 0 47 -0.000191082 0.000369936 0.00239974 0.000819946
0 0 48 0.00324983 0.000149791 -0.0005603 -0.000920151
0 0 49 -0.00158065 -0.000490191 -0.000810061 -0.00169001
0 0 50 0.00112909 -0.000750205 0.0015297 0.000359874
0 0 51 -0.00153157 -0.000250284 0.000369915 -0.00212006
0 0 52 -0.00110166 0.000719741 0.00034972 0.000289887
0 0 53 -0.000160616 0.000199713 -0.000450257 -0.000180131
0 0 54 -0.000780083 -0.000140038 0.000809676 0.00117983
0 0 55 0.00249835 -0.000290153 -7.02575e-05 -0.000370017
0 0 56 -0.000460194 0.000459727 0.000999676 -0.000800068
0 0 57 0.000499471 0.000169898 0.0017197 3.99598e-05
0 0 58 -0.000720844 -0.00128999 2.00026e-05 0.000629877
0 0 59 -0.0018413 -0.00170012 0.000269764 0.000919954
0 0 60 0.00147945 -0.00166025 -0.000520322 -6.00479e-05
0 0 61 -0.00129123 -5.02468e-05 -0.000880126 6.99806e-05
0 0 62 0.00175871 0.00176985 0.000469655 -0.000400037
0 0 63 0.00172994 -0.000800127 0.000210002 -4.01569e-05
0 0 64 -0.000441577 -0.000160146 -0.000680235 0.00194987
0 0 65 0.0010597 -0.000790073 0.00125974 0.0014699
0 0 66 0.000959839 -0.000450322 0.00029985 0.0002199
0 0 67 0.000819359 -0.00103033 -0.000570192 0.00151982
0 0 68 -0.00114059 0.00132991 -0.00105034 0.000159859
0 0 69 -0.000180927 0.00139994 0.000780001 0.000939845
0 0 70 0.00133897 -0.000360184 0.00015972 0.000499848
0 0 71 -0.00051097 -0.0022302 0.000949806 0.000679972
0 0 72 0.00069919 1.97836e-05 0.00048985 -0.00206002
0 0 73 5.94127e-05 -0.00100016 0.000569806 -0.00165004
0 0 74 -0.00087148 -0.000480137 -1.00841e-05 -0.00130011
0 0 75 -0.000900253 -0.000510298 0.00259963 0.00101996
0 0 76 0.000128807 -0.000370237 -0.0005603 0.000599856
0 0 77 0.00146929 0.000499943 -0.00123004 -0.00105018
0 0 78 0.000678879 -0.000470083 -8.0149e-05 0.000129838
0 0 79 -0.000280786 0.000999863 -0.000330322 0.000659897
0 0 80 0.000778739 -0.00169007 -0.000260257 0.000299833
0 0 81 0.000228666 -0.000680174 -0.00122015 -0.000920151
0 0 82 -0.000380645 -0.000560221 -0.000450257 0.00077998
0 0 83 -0.000400956 0.00208984 -0.000890017 0.00127983
0 0 84 0.000479161 -0.000330022 -7.02575e-05 0.000819946
0 0 85 0.00157931 -0.00167031 0.000889632 0.000449936
0 0 86 0.00128988 0.000849748 0.00201974 0.00132993
0 0 87 -0.0012303 0.00087991 -0.00158036 -0.00124007
0 0 88 0.000218511 -0.00106014 -0.000530213 -0.000100014
0 0 89 0.000998768 -0.000480137 0.000609785 -0.00204013
0 0 90 0.000959839 0.00025969 0.000429677 0.000609985
0 0 91 0.00059933 -0.00243024 0.00015972 -0.000950172
0 0 92 -0.00065145 -0.000520005 0.00116 0.000639822
0 0 93 0.00043854 -0.00242019 0.000769698 0.000239975
0 0 94 -0.0012303 0.00242994 -0.00134008 -0.000250118
0 0 95 0.00123911 0.000229875 -0.000630365 0.00269983
0 0 96 0.000988612 -0.00092008 0.00155978 -0.000880185
0 0 97 -0.000730999 0.000159844 -0.000490235 0.00170989
0 0 98 -0.000541436 -0.00114023 -0.00147032 -0.000660094
0 0 99 0.000809204 0.000299905 0.00205972 -6.44617e-09
0 0 100 -0.00127092 -0.00123002 -0.00184002 -0.00033005
0 0 101 -0.00255047 6.97063e-05 -0.000500127 -8.01231e-05
0 0 102 -0.000881635 -0.00139019 0.00062998 0.00110984
0 0 103 -0.00164158 -0.000140038 0.00161996 -0.000220097
0 0 104 0.00142867 -0.00265004 -0.000850039 -0.000510175
0 0 105 0.000768583 -0.00177015 -0.000969974 -0.000750157
0 0 106 0.000619641 -0.000660066 -0.000190192 0.00108995
0 0 107 8.98783e-05 -0.000180254 -0.000790278 0.00221987
0 0 108 0.000128807 0.00103973 -0.00243021 0.0002199
0 0 109 0.000128807 0.000779718 -0.000739996 0.00228986
0 0 110 0.0013085 0.00080988 -0.000130019 -6.44617e-09
0 0 111 -0.00134031 -0.000370237 0.000799784 -0.000210152
0 0 112 0.00118833 0.00144986 0.000709936 1.98846e-05
0 0 113 -0.00151126 -0.00100016 0.000139937 -0.00266006
0 0 114 0.00122895 -0.000570275 -0.0013001 0.00201986
0 0 115 0.00149976 -0.000530059 -0.000390083 0.000459882
0 0 116 -0.00065145 0.00111982 0.00116 0.00255986
0 0 117 -9.12226e-05 -0.00172023 0.000339829 0.000859913
0 0 118 0.000558709 -0.000160146 -0.00108002 -0.000530066
0 0 119 -0.000431421 -6.03007e-05 0.000319633 0.000429861
0 0 120 -0.0012303 0.000299905 0.000849654 0.00103985
0 0 121 -0.000930718 0.00187975 0.00166983 0.000359874
0 0 122 -0.000560054 -0.00194003 0.00135989 0.000179934
0 0 123 0.00033868 -0.00117004 -6.0366e-05 -0.00119015
0 0 124 0.000328525 0.00126993 -0.000480344 -0.00146016
0 0 125 -0.00201055 0.00149978 0.00183963 -0.00230018
0 0 126 5.94127e-05 -0.000760258 -0.000270149 -0.00086011
0 0 127 0.0023291 -0.00158017 0.000599893 0.00127983
0 0 128 0.000409767 -0.000630251 0.00150991 -0.00192004
0 0 129 -0.000321407 0.000489889 0.000249981 0.000859913
0 0 130 -0.00049066 0.00080988 -0.00131 -0.000210152
0 0 131 -0.000111533 -0.000810181 -0.000900321 -0.000960118
0 0 132 0.000299752 0.000969701 0.00155978 -0.00117008
0 0 133 0.000259131 -0.000550167 0.000809676 -0.00209004
0 0 134 0.000709345 -3.01391e-05 -0.00152019 0.00120985
0 0 135 -0.000331562 0.00180001 0.000959697 -0.000160056
0 0 136 0.000138962 1.97836e-05 0.000989784 -0.00106013
0 0 137 0.000648414 0.000229875 -0.000260257 0.000339983
0 0 138 0.00197874 -0.00143005 -0.00199004 -0.00114006
0 0 139 -0.000180927 -0.00152019 -0.00108002 -0.00324004
0 0 140 0.000358991 -3.24151e-07 0.000859958 0.000629877
0 0 141 -0.000690379 0.000509997 -0.000910213 -0.00128003
0 0 142 -0.00051097 -0.00173028 0.000449872 0.000619931
0 0 143 -0.00023001 -0.00128999 -0.000160106 -0.000660094
0 0 144 -0.00023001 9.72972e-06 0.000609785 5.98509e-05
0 0 145 -0.000431421 -0.000370237 0.00310987 -8.01231e-05
0 0 146 -0.000580364 -0.000520005 0.000579698 -0.000990138
0 0 147 0.00280978 -0.000230177 -0.000380192 -0.000730081
0 0 148 -0.00156034 -6.03007e-05 -0.000180301 0.00165997
0 0 149 -0.00047035 -0.000300207 0.00029985 -0.000380146
0 0 150 -0.00144017 -0.000220123 -0.00120036 -0.00130011
0 0 151 -8.10674e-05 0.00157987 -0.000620061 -0.00154009
0 0 152 -0.00118121 0.00109971 0.000429677 -0.00153014
0 0 153 0.000809204 -0.000370237 -0.000969974 0.00160988
0 0 154 0.000149117 0.000859802 -0.000520322 0.000189879
0 0 155 -0.000900253 0.000509997 -0.000410279 0.000489903
0 0 156 -0.000670068 0.000859802 -0.000480344 0.000199825
0 0 157 -0.000570209 -0.000220123 0.00245002 0.00073983
0 0 158 0.000128807 -0.000460029 0.00102976 0.000719939
0 0 159 -0.000991649 0.000109922 -0.000510018 -0.00109015
0 0 160 0.00165885 -0.00115028 -0.0005603 -7.01776e-05
0 0 161 -0.000390801 -0.00158017 -0.00066004 -0.000730081
0 0 162 -0.00153157 -3.01391e-05 5.99809e-05 -0.000470024
0 0 163 -0.000670068 0.00112987 -0.000960082 0.000299833
0 0 164 -0.000321407 0.000849748 -0.000430062 0.000239975
0 0 165 0.000758428 0.00128969 -0.000240062 -0.00128003
0 0 166 0.000469005 0.00101997 -0.000450257 -0.00318018
0 0 167 -0.000700534 -0.000140038 -0.000640257 0.00169994
0 0 168 -0.00117106 -7.00079e-05 -0.00114019 0.000879988
0 0 169 1.8792e-05 -0.00175005 0.000989784 -0.000370017
0 0 170 -0.00194116 -0.000440268 0.00062998 -7.01776e-05
0 0 171 -0.000160616 -0.00164015 -0.00159025 0.000199825
0 0 172 -0.00108135 0.000919779 0.000930023 -0.000830089
0 0 173 0.000519781 0.00080988 -0.000969974 0.00073983
0 0 174 2.89472e-05 -0.000830289 0.00146994 9.98171e-05
0 0 175 -0.000820704 0.000929833 0.00116 0.000189879
0 0 176 -0.00049066 0.00103973 0.000189807 0.000499848
0 0 177 -0.0010712 0.00025969 0.000129634 -0.000210152
0 0 178 -0.000260476 0.00151989 -0.00175017 -0.000370017
0 0 179 -0.00154003 0.000759957 0.00204983 -0.000140165
0 0 180 0.000128807 0.00144986 -0.000700018 -0.00171008
0 0 181 -0.00051097 -0.000930134 -0.0003703 -0.000800068
0 0 182 -0.000661606 -0.000389998 -0.000480344 -0.00127009
0 0 183 0.000189738 -0.00198024 0.00139987 -0.000120089
0 0 184 -2.01362e-05 -0.0012002 -0.00122015 7.99261e-05
0 0 185 0.00127973 0.000519704 2.98942e-05 -0.000570032
0 0 186 0.000878598 0.00109 0.00231978 5.98509e-05
0 0 187 0.00059933 0.00124982 -0.0003703 -0.000270009
0 0 188 -0.000661606 0.000299905 -4.01708e-05 0.000659897
0 0 189 -0.0017516 0.000339774 9.69897e-06 -0.000830089
0 0 190 0.000269287 0.00219974 -3.02793e-05 -0.000250118
0 0 191 0.00117987 0.000799826 3.97857e-05 -0.000720136
0 0 192 0.000358991 2.98375e-05 0.000179916 0.0013699
0 0 193 0.000589175 -0.000810181 -0.000520322 0.000829892
0 0 194 0.000409767 -0.000150092 0.00139987 -0.00116013
0 0 195 -0.000311252 0.00111982 0.000329937 -2.00817e-05
0 0 196 0.000489316 -0.000389998 0.000769698 -0.00067004
0 0 197 -0.000531281 -0.00155001 0.000919719 -0.000780177
0 0 198 8.6368e-06 -0.00141029 3.97857e-05 9.93907e-06
0 0 199 -0.000881635 0.000619896 0.000279655 0.000689918
0 0 200 0.000428385 -0.000320315 0.000599893 0.00195981
0 0 201 0.000778739 -0.00220004 0.00162985 0.00246998
0 0 202 -0.00230167 0.000979755 0.00293965 0.0030599
0 0 203 0.00123911 -0.00151014 -0.00171019 0.000299833
0 0 204 0.000998768 -0.00193032 -0.000920104 0.00249982
0 0 205 -0.000290941 0.000979755 -0.000739996 -0.000390092
0 0 206 0.000939529 0.000499943 0.00131991 0.00077998
0 0 207 -0.000331562 0.00151989 0.00106974 0.000629877
0 0 208 0.00135928 3.98913e-05 2.98942e-05 0.00211986
0 0 209 -0.000331562 -4.0193e-05 -0.000110236 -0.000240172
0 0 210 -0.000851169 0.00118985 -0.000540105 -0.000230043
0 0 211 -0.00113044 0.000729795 -0.000779974 -0.00178007
0 0 212 4.92576e-05 -0.000560221 5.99809e-05 -0.00190015
0 0 213 -0.000260476 0.00025969 0.000119742 0.00095992
0 0 214 -0.00114059 0.00180001 -0.000510018 0.000209955
0 0 215 0.00226986 0.00225001 8.96554e-05 0.000689918
0 0 216 -0.000620985 -0.0016502 0.00124985 0.000269812
0 0 217 0.000749966 -0.00213001 0.000369915 1.98846e-05
0 0 218 0.000609485 0.000269744 -0.000900321 0.000509978
0 0 219 -0.00087148 0.000969701 7.97639e-05 -7.01776e-05
0 0 220 -0.00063114 0.000549865 0.00200985 -0.000750157
0 0 221 0.000389456 0.00135002 -0.000530213 -0.000870055
0 0 222 0.00163854 0.000739849 -0.000290344 0.00110984
0 0 223 -0.00174144 -0.00126018 -1.99756e-05 0.00104998
0 0 224 -0.0014114 0.000569973 0.000859958 0.00106987
0 0 225 0.0007195 -0.000380291 -0.00115008 0.0020799
0 0 226 0.00157931 0.000799826 0.00279993 -0.00214014
0 0 227 0.000218511 0.000349828 -0.000620061 -0.000250118
0 0 228 -0.00118121 0.00115968 -0.00134997 0.000199825
0 0 229 -0.00149095 0.000489889 -0.00105034 0.00036982
0 0 230 0.00154884 -6.03007e-05 -0.00276034 -0.00127009
0 0 231 -0.00167035 -0.000150092 -0.00124034 -0.000540011
0 0 232 0.000189738 -0.00124007 0.00144974 -0.00171008
0 0 233 -0.00103058 0.000719741 -1.00841e-05 0.00174985
0 0 234 -0.00137078 -0.000510298 0.000249981 0.000229846
0 0 235 -0.00339166 0.000119976 -0.000350105 -0.000820144
0 0 236 -1.16736e-05 -9.01157e-05 0.00147983 -0.00146016
0 0 237 -0.000720844 0.000659765 -0.000450257 -0.00199003
0 0 238 0.000289597 0.00132991 -0.00225999 0.000999887
0 0 239 -0.000800393 0.00180001 -0.00157006 -0.000890131
0 0 240 0.0013999 -0.000500244 -0.000240062 0.0002199
0 0 241 0.000538399 -0.00151014 0.000859958 0.0009299
0 0 242 9.8341e-05 -0.000380291 0.000979893 0.000239975
0 0 243 0.00150991 -0.000570275 0.0017197 0.000249921
0 0 244 -0.0035406 0.00167001 -0.0020803 -0.000100014
0 0 245 0.00057902 0.00206973 3.97857e-05 -0.0012001
0 0 246 -0.000900253 -0.00010017 -0.000670343 0.00162995
0 0 247 0.00045885 0.000539812 -0.000290344 0.000189879
0 0 248 -0.000971339 8.9814e-05 0.000279655 0.000149913
0 0 249 -0.000280786 0.000119976 0.000360024 0.000509978
0 0 250 -0.000930718 -0.00010017 0.00119998 -0.00113011
0 0 251 -0.000641295 -7.00079e-05 -0.00215036 -6.44617e-09
0 0 252 -0.000290941 1.97836e-05 0.000799784 0.00102991
0 0 253 1.8792e-05 -0.000570275 -1.00841e-05 0.000259866
0 0 254 3.91024e-05 0.00208984 -0.00224021 -0.000470024
0 0 255 -0.00077162 -0.000700282 -4.01708e-05 0.000669843
0 0 256 0.00120864 -0.000880212 -0.000160106 0.000819946
0 0 257 0.000529936 -0.00124007 0.000189807 -0.000180131
0 0 258 0.00300949 0.00105984 0.000689741 0.0002199
0 0 259 0.00165885 -0.000180254 -1.99756e-05 -0.00197014
0 0 260 0.00362896 -2.00852e-05 -0.000500127 0.000229846
0 0 261 0.000118651 0.00199 8.96554e-05 0.000649952
0 0 262 0.00142867 -3.24151e-07 0.00139987 0.000729884
0 0 263 -0.00100011 0.00154971 -0.000920104 0.000189879
0 0 264 -0.00126076 0.000559919 0.000199699 0.00127983
0 0 265 -0.00156034 -3.01391e-05 -0.00157006 -0.000710006
0 0 266 -0.00202071 0.000900018 -0.000650148 -6.00479e-05
0 0 267 -0.00133016 0.00190991 -0.000830256 -0.000160056
0 0 268 0.000248976 0.0013098 -0.0024401 0.00201986
0 0 269 -0.00100011 -0.000200015 -0.000520322 -0.000240172
0 0 270 0.000788894 -0.00024023 0.00180996 0.00164984
0 0 271 0.0023291 -0.000760258 -5.00623e-05 0.00145996
0 0 272 0.00230879 0.000749903 0.00156967 0.00161982
0 0 273 0.000729655 -0.00194003 -0.000820365 0.000609985
0 0 274 0.00138974 -0.00101022 -0.000450257 0.000809817
0 0 275 0.00156915 -0.00111006 -0.000450257 -0.000810014
0 0 276 -0.00035018 0.000409805 0.000689741 0.000489903
0 0 277 0.00152853 -0.000740151 -0.0005603 0.000469827
0 0 278 0.000909063 0.000219821 -0.00139036 0.000199825
0 0 279 -0.00061083 0.00144986 -0.0005603 4.99053e-05
0 0 280 0.00069919 -0.000460029 0.00132981 -0.00117008
0 0 281 -0.000130151 -0.000690228 -0.00214006 5.98509e-05
0 0 282 -0.00144017 -0.00241013 -0.000600278 -0.000640019
0 0 283 0.000499471 -0.000230177 -0.00109032 0.000339983
0 0 284 0.00102923 -0.00113017 0.00159976 -0.00104005
0 0 285 0.00210907 -0.00128999 0.00029985 0.00237992
0 0 286 0.000419922 0.000969701 -0.000730105 0.00172996
0 0 287 0.00118833 -0.000340076 0.00174978 -0.00172003
0 0 288 0.00149976 0.000489889 0.000459763 -0.00112017
0 0 289 0.000758428 -0.00164015 0.000309742 -5.01024e-05
0 0 290 -0.00127092 0.000159844 0.000559915 -0.00126014
0 0 291 -0.000111533 -0.000440268 -0.000390083 -0.00132018
0 0 292 0.0013085 -9.01157e-05 0.00143985 -0.000770048
0 0 293 0.000499471 0.000119976 0.000139937 -0.000790123
0 0 294 0.00163854 0.00142975 0.000149829 0.000909825
0 0 295 -0.00185146 0.000359882 -0.000570192 -0.000940042
0 0 296 -0.000780083 0.000289851 -0.00129021 -0.000270009
0 0 297 -0.000881635 0.000159844 -1.92555e-07 -0.000810014
0 0 298 0.000959839 0.000739849 -0.00172997 -0.000170185
0 0 299 0.000548554 -0.000970003 -0.00158036 -0.000620128
0 0 300 -0.00144017 -0.000500244 -0.00125023 0.000439991
0 0 301 -0.000380645 -0.000700282 0.000619676 -0.00113011
0 0 302 -0.000301096 -0.000680174 -0.000890017 -0.00109015
0 0 303 0.000519781 -0.000530059 -0.0013203 0.00156991
0 0 304 0.000809204 0.000889964 -0.000940299 0.0009299
0 0 305 -0.0021815 0.000299905 0.0018998 -0.00129016
0 0 306 0.000829515 -0.00218999 0.000479958 0.00104998
0 0 307 0.00176887 0.000739849 -0.000200084 0.000159859
0 0 308 0.00192966 0.000529758 -0.0011101 -0.000380146
0 0 309 -0.00152141 -0.000790073 0.000959697 0.000329853
0 0 310 -0.00133016 0.000179952 -0.000190192 -0.00171008
0 0 311 -0.000160616 -0.000740151 0.00143985 0.000769851
0 0 312 0.000619641 0.00116974 -4.01708e-05 -0.000620128
0 0 313 0.00069919 0.0011999 0.000419785 0.000109947
0 0 314 0.000509626 0.00194978 -0.00108002 6.99806e-05
0 0 315 -0.000790238 -0.000690228 -0.000450257 0.000429861
0 0 316 -0.00139109 0.000169898 -0.00137017 -0.000560087
0 0 317 -0.000400956 0.000929833 9.99591e-05 -1.01361e-05
0 0 318 -0.000500815 0.000509997 0.00104996 0.00192998
0 0 319 -0.000160616 0.000829987 0.000729719 0.00153989
0 0 320 0.00286901 -0.000760258 -0.00118017 0.00108995
0 0 321 0.00222924 0.00162979 -0.00187999 -6.00479e-05
0 0 322 0.000939529 -0.000610144 0.000599893 0.00137984
0 0 323 -0.000390801 -0.00042016 -0.000680235 -0.000530066
0 0 324 0.00152853 0.00087991 0.000369915 0.000229846
0 0 325 0.000689034 0.00148973 0.000119742 -0.00146016
0 0 326 -3.02914e-05 0.000439966 -0.000980278 0.00039984
0 0 327 -0.000670068 -0.000770312 0.00169991 0.00127983
0 0 328 2.89472e-05 0.00118985 -0.000320018 0.000439991
0 0 329 -0.000360335 0.00183988 -0.000810061 0.00242983
0 0 330 -0.00264017 -0.000520005 -0.00114019 0.00102991
0 0 331 -0.00273157 -0.000870158 0.000279655 -4.01569e-05
0 0 332 -0.000301096 -0.00135032 0.000199699 -0.000140165
0 0 333 0.00204983 0.000859802 -0.000690126 2.98301e-05
0 0 334 0.0018298 -0.00139019 -0.00147032 0.000709993
0 0 335 0.00349864 0.000799826 -0.000140322 0.00201986
0 0 336 -0.000910408 -0.000730097 -0.0007503 0.00126989
0 0 337 -0.000551591 -0.000510298 0.00188991 0.000109947
0 0 338 -0.00316147 -0.00105009 0.00128983 0.00381999
0 0 339 -0.00063114 0.0020999 0.00120987 -0.000650149
0 0 340 -0.00102042 0.00149978 -0.00177036 0.00140986
0 0 341 -0.000820704 9.98679e-05 -0.000209975 0.00142994
0 0 342 -0.00474061 -0.00177015 -0.00120036 -0.00157011
0 0 343 -0.00226105 0.000749903 9.99591e-05 -3.00272e-05
0 0 344 0.00085998 -0.000830289 -0.00161004 -0.000280139
0 0 345 -0.00115075 0.000969701 -0.000739996 0.00055989
0 0 346 -0.000741155 -0.000870158 0.000689741 0.000629877
0 0 347 -0.000951028 0.00128969 -0.00262021 -0.00113011
0 0 348 -0.000620985 0.000139737 -0.000250366 0.000189879
0 0 349 0.000558709 0.000239929 0.00138998 -0.00207015
0 0 350 -0.00151126 0.00129975 -0.00209019 -0.000710006
0 0 351 -0.00153157 0.00302971 -0.00023017 -0.00183017
0 0 352 -0.00201055 -0.000330022 0.000409893 0.00212999
0 0 353 -0.000260476 -0.0016502 -0.000310127 0.00178982
0 0 354 -0.000580364 -0.00067012 -0.000570192 0.000279942
0 0 355 -0.00023001 -0.000330022 -0.0011101 0.000139968
0 0 356 -0.00196147 0.000989809 0.000109851 -0.00260002
0 0 357 -0.000201237 -0.000210069 0.00116 0.00103985
0 0 358 0.000279442 -0.00153025 0.00233998 -0.00141006
0 0 359 0.000548554 0.00122972 -0.000540105 -0.00114006
0 0 360 -0.00143001 0.000239929 9.99591e-05 -0.00133013
0 0 361 -0.00137078 0.000309959 0.00126963 0.000309962
0 0 362 -0.000521126 0.000289851 -0.000120127 -0.00178007
0 0 363 -0.000940873 -0.00104003 -0.00144023 -0.00116013
0 0 364 0.000558709 -0.000180254 0.000979893 -0.000240172
0 0 365 0.000489316 -0.000300207 8.96554e-05 -0.000130035
0 0 366 0.00137959 -0.00301025 -0.000169997 0.00102991
0 0 367 -0.000881635 -0.000570275 -0.00179015 0.00224989
0 0 368 -0.00266049 -0.00147027 0.000930023 0.00111997
0 0 369 0.000678879 -6.03007e-05 -0.000510018 0.00224989
0 0 370 -0.00112028 0.00148973 -0.00108002 -0.000750157
0 0 371 0.0010597 0.00152994 0.00128983 0.000169988
0 0 372 -0.00075131 0.00116974 0.0015198 -0.00293007
0 0 373 -0.00113044 -0.000300207 -0.000500127 -0.000880185
0 0 374 0.00159962 -9.01157e-05 0.000829871 0.00100983
0 0 375 -0.000500815 0.000939886 -0.000440365 -0.00134007
0 0 376 -0.000580364 0.000759957 0.000769698 -0.000500045
0 0 377 -0.000600674 0.000209767 9.99591e-05 4.99053e-05
0 0 378 -0.00147064 -0.00122031 0.00015972 0.000419916
0 0 379 -0.000541436 0.000359882 -0.000130019 0.000989941
0 0 380 -0.0014114 0.000689926 0.00195998 0.00116988
0 0 381 0.000419922 -0.00140024 -0.00182023 -0.00163015
0 0 382 0.00073981 0.000269744 0.000759806 0.00110984
0 0 383 -0.0014114 0.00165995 -0.00316012 -5.01024e-05
0 0 384 0.00142867 -0.00137008 -0.00267008 -0.000630074
0 0 385 0.000589175 0.000289851 0.000229785 0.000989941
0 0 386 -0.000690379 -0.000940188 -0.000600278 0.000729884
0 0 387 -0.00104073 -0.00207004 -0.00317001 -7.01776e-05
0 0 388 -0.00125061 -2.00852e-05 -0.000860343 0.00156991
0 0 389 0.000919219 0.000249983 0.00173 -0.00463001
0 0 390 0.000819359 0.00135002 -0.000320018 -0.000930097
0 0 391 -0.000240165 -0.00101022 3.97857e-05 -0.00144008
0 0 392 -0.00104073 -0.000470083 0.000769698 -0.000390092
0 0 393 -0.000191082 0.000119976 0.000729719 -0.00034018
0 0 394 0.000128807 -0.00156006 -0.00210997 -0.000910022
0 0 395 0.00033868 0.000109922 0.000789893 -0.00033005
0 0 396 0.00249835 0.00238002 0.000590002 0.000839838
0 0 397 0.00059933 -0.00168001 -0.000890017 -0.000200022
0 0 398 0.00154884 -0.000760258 0.000590002 -0.00143014
0 0 399 -0.00165004 2.98375e-05 -0.000630365 -0.000980009
0 0 400 -0.000130151 0.00139994 0.00062998 0.000129838
0 0 401 0.000819359 0.00128969 -6.0366e-05 -0.000570032
0 0 402 -0.000830859 -0.000330022 -5.00623e-05 0.00213994
0 0 403 -0.000311252 0.00190991 0.00126963 -0.00212006
0 0 404 0.000399612 -0.00144011 -0.00144023 -0.000190076
0 0 405 8.6368e-06 -0.00117004 0.00245991 -0.00149018
0 0 406 -0.00047035 0.00100992 -0.000620061 0.000139968
0 0 407 -0.000890097 -0.00118009 0.00116 0.000209955
0 0 408 -0.000441577 0.000249983 0.000459763 -0.000250118
0 0 409 0.00136943 -0.00102027 -0.000820365 0.00178982
0 0 410 0.00184842 0.000519704 -0.00028004 -0.00230018
0 0 411 0.00123911 0.000589734 -0.00155028 -0.000740027
0 0 412 -0.000670068 0.000190006 0.000469655 -0.00132018
0 0 413 0.00140836 0.00195983 -0.0005603 0.000709993
0 0 414 -0.00137078 -0.00085005 -0.00144023 0.00107982
0 0 415 -0.00061083 -0.000680174 -0.00126013 -0.00117008
0 0 416 -0.00035018 0.00215987 -0.00122015 -2.00817e-05
0 0 417 0.000639951 -0.00194003 -0.00119006 -0.00361005
0 0 418 0.00271838 -0.000660066 -0.00142004 0.000309962
0 0 419 -0.000741155 -0.00115028 0.000619676 -0.00263004
0 0 420 -0.000160616 -0.000450322 0.00034972 -0.00201011
0 0 421 0.00100892 0.000159844 -0.000950191 -0.000510175
0 0 422 -0.000250321 -0.000650012 0.000769698 -0.000750157
0 0 423 0.000179582 0.000269744 0.000360024 0.000889933
0 0 424 0.000668724 -0.00212031 -0.000380192 0.0009299
0 0 425 -0.00221027 -0.00218028 -8.0149e-05 0.000309962
0 0 426 5.94127e-05 -0.00198024 0.00204983 0.00324997
0 0 427 0.000248976 0.000649711 0.00118968 0.00170989
0 0 428 -5.06018e-05 -0.000860104 0.000279655 0.000109947
0 0 429 -0.000690379 -0.000690228 0.000869849 0.00147985
0 0 430 -0.00136062 0.000209767 0.000829871 -0.00033005
0 0 431 -0.00051097 0.00037999 0.000529828 -7.01776e-05
0 0 432 -0.000920563 -0.00010017 0.000400002 0.000229846
0 0 433 -6.0757e-05 0.000799826 -0.000690126 -0.000230043
0 0 434 -0.000900253 0.000119976 0.00113981 -0.00344005
0 0 435 -0.000560054 4.99452e-05 0.000550023 -0.00207015
0 0 436 -0.00247092 -0.00035013 -0.000540105 -0.000110144
0 0 437 0.00213953 0.000320013 -0.00180004 0.000229846
0 0 438 -0.00161112 -0.000950242 -0.00115997 0.00142994
0 0 439 0.00137959 0.000679872 0.000179916 0.000449936
0 0 440 -0.000290941 -0.000340076 -0.000110236 0.000469827
0 0 441 0.00215984 0.000199713 -0.00146002 0.000329853
0 0 442 0.00138974 -0.00301025 0.000269764 -0.000880185
0 0 443 0.000389456 -0.00235016 -0.000399975 0.000799871
0 0 444 0.000678879 -0.000290153 -0.00119006 -0.000360071
0 0 445 0.00169948 0.00117979 -0.00158036 -0.00180015
0 0 446 -0.000140306 -0.00267015 0.000400002 -0.000250118
0 0 447 -7.09122e-05 0.000299905 -0.00125023 -0.000170185
0 0 448 4.92576e-05 0.000139737 0.000269764 -0.000460079
0 0 449 0.00085998 -0.00122031 0.00108994 0.00130986
0 0 450 -0.000140306 -0.000730097 -0.000359997 0.00168981
0 0 451 -0.00172113 0.000649711 -0.00197025 -0.00030003
0 0 452 0.0011494 0.000849748 0.00233998 0.0013699
0 0 453 -0.00037049 0.000919779 -0.00217015 -0.000500045
0 0 454 -0.00119137 -0.000950242 -0.000460148 0.000909825
0 0 455 -0.00201055 0.000499943 0.00067985 0.000749959
0 0 456 0.00265914 0.000419858 0.000989784 0.0020799
0 0 457 -0.000121688 -7.00079e-05 0.00222993 0.00103985
0 0 458 -0.00109151 0.00147968 -0.000100344 -0.000140165
0 0 459 -6.0757e-05 0.000449673 -0.00156017 -0.0004901
0 0 460 0.000629796 -0.000870158 0.000400002 -0.000240172
0 0 461 0.00212938 -0.000810181 4.96772e-05 0.000899879
0 0 462 -0.000560054 -0.000800127 -0.00222002 0.00302988
0 0 463 0.000479161 -0.00200001 0.00252998 0.00143988
0 0 464 0.000619641 0.0014197 -0.000520322 0.00152995
0 0 465 0.0022597 0.000419858 0.00218996 0.00279984
0 0 466 -0.000900253 -0.00276999 8.96554e-05 0.00172996
0 0 467 0.00151837 0.00154 0.00118968 -0.000130035
0 0 468 0.00140836 0.000869856 -0.000480344 0.00115994
0 0 469 0.000269287 0.000509997 0.000889632 0.00134982
0 0 470 0.000419922 -0.00108025 0.00150002 0.00127983
0 0 471 -0.000411111 0.000689926 0.00121976 0.00206995
0 0 472 0.00188904 0.000959994 0.00355004 0.00198983
0 0 473 -7.09122e-05 -0.000760258 0.000899936 -0.00141006
0 0 474 0.00151837 0.000409805 0.00161996 -0.00156016
0 0 475 0.00104954 -0.00179026 0.000769698 0.000489903
0 0 476 0.000519781 -0.00163009 0.00137967 -0.000380146
0 0 477 -0.000820704 -0.000580329 0.000469655 0.000119892
0 0 478 -0.00346105 0.00154971 -8.0149e-05 -0.00068017
0 0 479 0.00126957 -0.000410106 0.00154 -0.00279009
0 0 480 0.00137959 0.000640004 -0.000840148 0.00171983
0 0 481 0.000489316 -0.000960296 -0.000630365 -0.000800068
0 0 482 -0.00214088 -0.000870158 0.00158987 -0.00114006
0 0 483 -0.000541436 0.00241989 -0.000890017 -0.00033005
0 0 484 0.00110878 -0.000960296 -0.000600278 -0.000710006
0 0 485 -0.000140306 -0.00173999 0.000759806 0.000209955
0 0 486 -0.00075131 0.00180972 0.000179916 -0.00222007
0 0 487 -0.000951028 -3.01391e-05 -0.000169997 0.000949975
0 0 488 -0.000450039 -0.000480137 0.00266969 -0.000930097
0 0 489 -0.00258094 -0.000740151 -0.00136028 -0.00126014
0 0 490 -0.000670068 -0.00180031 -0.00234036 0.00113986
0 0 491 -0.00133016 -0.000129984 0.00112991 0.000709993
0 0 492 0.0007195 0.00080988 -0.000739996 -0.000250118
0 0 493 0.00244927 0.000509997 -0.00162034 0.00242983
0 0 494 -0.000981494 -0.00035013 -0.00174028 -0.00307004
0 0 495 -0.00125061 -0.00010017 -0.00160015 -0.000610183
0 0 496 -0.00292113 0.000799826 -0.000530213 -3.00272e-05
0 0 497 -0.000170772 0.00148973 0.000199699 0.00181984
0 0 498 0.00235956 -0.000110223 0.00176998 0.00181984
0 0 499 0.00240865 -0.00190016 -0.000120127 -0.00155003
0 0 500 0.000519781 -0.00121026 -0.000760191 -0.000610183
0 0 501 0.00178918 0.000169898 0.000279655 -0.00328019
0 0 502 0.00381853 0.000659765 0.00034972 -0.000370017
0 0 503 0.00984901 -0.00185024 0.00184993 -0.000730081
0 0 504 0.0147286 -0.00092008 0.000529828 -0.000740027
0 0 505 0.0221791 0.000489889 0.00147983 -0.0010301
0 0 506 0.0337594 -0.00151014 -0.00204032 0.00130986
0 0 507 0.0497386 -0.0051701 0.000249981 -0.000130035
0 0 508 0.0634092 -0.0104203 -0.0039601 -0.0026201
0 0 509 0.0762098 -0.0122401 -0.00643009 -0.00409001
0 0 510 0.0762589 -0.01725 -0.0159404 -0.00611006
0 0 511 0.0802295 -0.0113203 -0.02346 -0.00825
0 0 512 0.10611 -0.00465007 -0.0138603 -0.00217016
0 0 513 0.0967199 0.000369936 -0.0125303 -0.00348002
0 0 514 0.0783187 0.00397997 -0.00987028 -0.00437014
0 0 515 0.0635293 0.00547002 -0.00540014 -0.00358003
0 0 516 0.0538294 0.00536983 -0.00278012 -0.000750157
0 0 517 0.0364488 0.0032398 -0.00443036 -0.000250118
0 0 518 0.0226496 0.00274993 -0.00123004 0.00137984
0 0 519 0.0118191 0.00062995 -0.000680235 -0.00186
0 0 520 0.00521994 -0.000620198 -0.000860343 0.00224989
0 0 521 0.00530965 -0.00137008 -0.000670343 -3.00272e-05
0 0 522 0.0017384 0.00133996 -0.00117028 -0.000230043
0 0 523 0.000269287 -0.000890265 -0.000390083 -0.000720136
0 0 524 0.00387946 -0.0010702 0.00181985 0.00187988
0 0 525 0.0031889 0.000339774 -0.00129021 0.000159859
0 0 526 0.000169427 -0.0023401 -0.000820365 -0.000730081
0 0 527 -0.000521126 0.00203992 -0.00162034 -0.00030003
0 0 528 0.000309907 0.00193002 -0.000290344 0.00258988
0 0 529 -0.00075131 -0.0017601 -0.00148021 0.00104998
0 0 530 -0.00133016 -0.00162004 -0.00129021 -0.00144008
0 0 531 0.000609485 -0.000820235 -0.0013001 0.000699864
0 0 532 0.000428385 0.00127998 0.00278963 -0.00334004
0 0 533 0.00104954 -0.000910026 -0.000200084 -0.00230018
0 0 534 -0.00075131 -0.00336005 -0.00190019 0.000769851
0 0 535 -0.00128107 0.000399751 0.000619676 -0.00112017
0 0 536 0.000758428 -0.000709989 -0.00042017 0.00177987
0 0 537 0.000259131 0.00115968 3.97857e-05 0.00162995
0 0 538 0.00203967 0.00169982 -0.000500127 0.00222982
0 0 539 0.000409767 0.000289851 0.00155978 0.00147985
0 0 540 0.00366958 -4.0193e-05 -0.000580083 -0.00211011
0 0 541 0.000788894 -0.00186029 2.98942e-05 0.00162995
0 0 542 0.00210907 0.00113992 0.000289959 -0.000780177
0 0 543 0.000788894 0.00094994 -0.00149999 6.99806e-05
0 0 544 -0.00133016 0.000739849 -0.000290344 -0.0010301
0 0 545 0.000479161 0.000129683 -6.0366e-05 0.00125994
0 0 546 -0.00117106 -0.00180031 -1.92555e-07 0.00181984
0 0 547 -0.00101027 0.00168977 -0.000549996 0.00155997
0 0 548 0.000749966 -0.000440268 -0.00163023 -0.000100014
0 0 549 4.92576e-05 -0.00233005 -0.000140322 -0.000840035
0 0 550 0.00170963 0.00176985 0.000409893 0.000359874
0 0 551 0.000299752 0.00110976 -0.00172997 0.000249921
0 0 552 -0.00047035 -0.00118009 0.000239677 -0.000440188
0 0 553 0.0014896 0.000179952 0.00226002 0.000159859
0 0 554 -0.00101027 -0.000940188 -1.92555e-07 0.00103985
0 0 555 -0.00051097 -0.000480137 -0.000860343 0.000509978
0 0 556 -0.000780083 0.00135002 0.000279655 -0.000210152
0 0 557 0.00153869 0.00080988 -0.000250366 0.000809817
0 0 558 -0.00152141 0.00115968 -1.00841e-05 0.000879988
0 0 559 0.0011494 0.000129683 -8.0149e-05 0.00110984
0 0 560 -0.000531281 -0.00160028 2.98942e-05 0.0011999
0 0 561 -0.000400956 -0.00162004 -0.000830256 -0.000580162
0 0 562 0.000448695 0.000439966 0.00119998 -0.00253004
0 0 563 0.000149117 0.00131985 0.000339829 -0.00170014
0 0 564 0.000709345 0.000249983 0.00103965 -0.000690115
0 0 565 0.000849825 -0.00105009 0.000609785 0.000789926
0 0 566 -0.00153157 -0.00085005 -0.000980278 0.00180989
0 0 567 0.00140836 0.000439966 -0.00336001 -0.000730081
0 0 568 -0.0015011 0.00143981 0.00310987 -0.00231013
0 0 569 0.00264899 -0.00205027 -0.000820365 -0.00193017
0 0 570 0.00199905 0.00105984 -0.00205021 0.00172996
0 0 571 0.000909063 0.00247986 0.000109851 -0.000500045
0 0 572 -0.00063114 -0.00085005 -0.000720213 0.000709993
0 0 573 -0.00257078 -5.02468e-05 0.0017197 -0.000360071
0 0 574 -0.00101027 0.000190006 0.000259872 0.000469827
0 0 575 -0.000121688 0.000589734 0.00249989 -0.000600053
0 0 576 -0.00157049 -0.00104003 0.000799784 -0.000470024
0 0 577 0.00151837 -3.24151e-07 -0.000630365 -0.00159018
0 0 578 -0.00122014 0.00228988 -0.000790278 -0.000790123
0 0 579 -0.000841014 -0.000389998 0.00102976 5.98509e-05
0 0 580 0.000248976 0.00225972 -0.000169997 -0.00106013
0 0 581 -0.000480505 0.00110976 -0.000800169 0.00040997
0 0 582 -8.10674e-05 0.000309959 -3.02793e-05 -0.00107007
0 0 583 -0.00161112 -0.00092008 0.000219894 -0.00163015
0 0 584 -0.00222043 -0.00092008 -0.00106023 -3.00272e-05
0 0 585 0.000228666 0.000909725 -0.00105034 -0.000460079
0 0 586 0.00167917 -0.00173999 -0.000790278 -0.000440188
0 0 587 -5.06018e-05 0.00122972 -0.00107013 0.000819946
0 0 588 0.00122895 0.000709687 -0.000440365 -0.000470024
0 0 589 0.000548554 0.000929833 -0.00128032 -0.00175005
0 0 590 -0.00134031 -0.00149003 0.000469655 -0.00100008
0 0 591 -0.00122014 -9.01157e-05 -0.0017003 -9.00687e-05
0 0 592 -0.000570209 0.00185999 -0.00174028 -0.00115019
0 0 593 0.00151837 -0.000820235 0.000189807 0.000149913
0 0 594 0.000809204 -0.00202011 -0.00127002 -0.00115019
0 0 595 -5.06018e-05 0.000209767 0.000379807 9.98171e-05
0 0 596 -0.00105089 0.00100992 0.000669958 0.0034999
0 0 597 -0.00087148 0.000729795 -0.00139036 -0.00151007
0 0 598 -0.00174144 0.00162979 8.96554e-05 -0.000410167
0 0 599 -0.0020901 -0.00010017 -0.000840148 -1.01361e-05
0 0 600 -0.00214088 0.00094994 -0.000779974 0.000209955
0 0 601 0.000658569 0.000589734 0.000149829 -0.000470024
0 0 602 0.000949684 -0.00130005 0.000999676 0.000439991
0 0 603 -0.000830859 -0.00214007 -0.000180301 0.00125994
0 0 604 0.00133897 0.00101997 0.000389698 0.0011999
0 0 605 0.00101908 0.000190006 -0.00181034 -0.0037701
0 0 606 -0.00198009 0.000969701 0.000949806 -0.000440188
0 0 607 -0.00225089 0.00087991 0.0019097 -0.00240001
0 0 608 -0.00125061 -0.0021002 -0.000820365 0.00150987
0 0 609 -0.00163143 0.00111982 -0.000250366 -0.00334004
0 0 610 0.00031837 0.000919779 0.000569806 -0.000930097
0 0 611 -0.000600674 0.000529758 -0.000380192 -0.00250002
0 0 612 -0.00158065 0.0014197 0.00261982 -0.00126014
0 0 613 0.00166901 0.000169898 -0.000390083 0.000689918
0 0 614 -0.00037049 -0.000990111 0.00118968 0.000709993
0 0 615 0.000149117 -0.000970003 0.000970001 0.0002199
0 0 616 6.95679e-05 0.00080988 0.000809676 0.00144983
0 0 617 -0.00221027 -0.00146022 -0.000310127 -0.00181009
0 0 618 -0.000830859 -0.00126018 -0.00131 -0.00102016
0 0 619 -0.00114059 0.000269744 -7.02575e-05 -5.01024e-05
0 0 620 0.000509626 0.000929833 -0.00128032 0.00155997
0 0 621 -0.000250321 -0.000280099 -0.000180301 -0.00101003
0 0 622 -0.000390801 -0.000910026 -0.000290344 0.000639822
0 0 623 0.00117987 -0.00238032 0.000659654 -0.000720136
0 0 624 -0.000830859 -0.000310261 -0.00142004 -0.00116013
0 0 625 -0.000140306 0.000659765 -0.000300235 0.000139968
0 0 626 0.00344955 -0.00119015 -0.000880126 0.00131999
0 0 627 0.00240865 -0.000870158 -0.000830256 0.000859913
0 0 628 0.00175871 0.000339774 0.00116 0.00212999
0 0 629 0.00138974 -0.000250284 -0.000940299 0.00110984
0 0 630 0.000919219 0.000249983 -0.000169997 -0.000750157
0 0 631 0.00175871 -0.000389998 -0.000500127 0.000279942
0 0 632 -0.00350167 -0.000440268 -0.00160015 -0.00086011
0 0 633 0.00180949 -0.000530059 0.00119998 0.00133988
0 0 634 -0.000280786 -0.000340076 0.000319633 -0.00033005
0 0 635 0.0007195 0.00195983 0.000459763 -0.000420113
0 0 636 -0.000321407 -0.000990111 -0.00253036 -0.00123012
0 0 637 0.000279442 -0.00227007 -0.00156017 -0.00111004
0 0 638 0.000639951 0.000739849 0.00122965 -0.000950172
0 0 639 -0.00148079 6.97063e-05 -0.000870234 0.00148998
0 0 640 0.00188904 0.00156981 -0.000350105 -0.00134007
0 0 641 -0.00130138 0.00260987 0.000319633 -0.00185006
0 0 642 0.00219877 0.000139737 0.000509633 0.000919954
0 0 643 -0.00087148 -0.000830289 -0.00129021 0.000109947
0 0 644 -0.00051097 0.000729795 -0.000240062 0.000989941
0 0 645 -0.00125061 -0.00216017 0.00118968 0.000949975
0 0 646 0.000228666 -0.000820235 0.000369915 0.0019099
0 0 647 0.00149976 -0.000380291 -0.000920104 0.000919954
0 0 648 -0.00157049 0.000109922 0.000559915 0.000689918
0 0 649 0.00113925 -0.000360184 -0.000990169 -0.00067004
0 0 650 -0.000981494 0.000409805 0.000749915 -0.00130011
0 0 651 -0.00173129 0.00161974 0.000669958 -0.00172003
0 0 652 -0.00183114 0.000789772 -0.000200084 -0.00067004
0 0 653 -0.000800393 9.98679e-05 0.00121976 0.000639822
0 0 654 -0.000160616 -0.000389998 -3.02793e-05 0.000389895
0 0 655 -0.000301096 0.000289851 -0.000640257 0.000259866
0 0 656 -0.000331562 -0.000180254 -0.000390083 -0.000140165
0 0 657 0.00263883 0.00129975 -0.000350105 -0.000400037
0 0 658 0.00043854 -0.00078002 0.000709936 0.00170989
0 0 659 0.00083967 0.00159998 -0.000680235 -0.000560087
0 0 660 0.0018298 0.000320013 -0.000670343 -0.00225009
0 0 661 0.000218511 -0.00092008 0.00211989 0.000859913
0 0 662 0.00126957 0.000919779 -0.000790278 0.000809817
0 0 663 -0.00147064 0.00144986 0.000369915 0.000389895
0 0 664 -0.000460194 0.000209767 -0.00209019 -0.000600053
0 0 665 -0.000101378 -0.00126018 0.000689741 -0.00181009
0 0 666 -0.00334088 0.00080988 0.000309742 -0.00108002
0 0 667 4.92576e-05 -0.000410106 -0.000390083 -0.00265012
0 0 668 0.00245942 0.000649711 -0.00128032 -0.00068017
0 0 669 -0.00049066 0.00087991 0.000579698 -0.00184011
0 0 670 -0.000400956 0.00241989 -0.000260257 0.00135995
0 0 671 0.00085998 -0.00160998 -0.00179015 -0.00130011
0 0 672 -1.51839e-06 -3.01391e-05 0.000259872 -0.00015011
0 0 673 0.00133897 -0.00178021 -0.000540105 -0.000600053
0 0 674 0.00256944 -0.000610144 -0.000690126 0.000229846
0 0 675 -0.000800393 0.000549865 -0.000710321 0.000259866
0 0 676 0.000238821 -0.00114023 -0.000520322 0.0021799
0 0 677 0.00162839 -0.00124007 0.000669958 -0.00115019
0 0 678 -0.00189038 0.00122972 0.00102976 -0.000800068
0 0 679 -0.00136062 8.9814e-05 -0.00157006 9.98171e-05
0 0 680 -0.00051097 0.000609842 0.000829871 -3.00272e-05
0 0 681 -0.00130138 -0.00042016 -0.000330322 -0.000770048
0 0 682 -0.00103058 -0.000110223 -0.00137017 -0.00015011
0 0 683 0.00156915 -0.000440268 -0.000620061 -0.000550141
0 0 684 -0.00210026 0.000709687 -0.00143034 -0.000870055
0 0 685 0.000138962 0.00105984 -0.00131 -0.000160056
0 0 686 -0.00481 -0.00127023 -0.00346016 -0.00161008
0 0 687 0.000169427 0.000369936 0.000789893 -0.000440188
0 0 688 -0.000111533 -0.00124007 -9.00406e-05 -0.00237017
0 0 689 0.000369146 -0.000220123 -0.0007503 -9.00687e-05
0 0 690 -0.000260476 -0.00067012 -0.00184002 0.00183991
0 0 691 0.000138962 -0.000940188 0.00123996 -0.00107007
0 0 692 -0.000421266 -0.00143005 -0.000430062 -0.000130035
0 0 693 -0.000690379 0.000999863 0.00117978 -0.00108002
0 0 694 0.0016487 -0.00106014 -0.000860343 0.00137984
0 0 695 0.000609485 -0.00010017 -0.000169997 0.00247993
0 0 696 -0.0029516 -0.00144011 0.00113981 -0.000940042
0 0 697 0.000208356 -0.000540113 -0.00147032 -0.000600053
0 0 698 8.98783e-05 -0.000950242 0.00288978 0.00107982
0 0 699 -0.00130138 0.000640004 -0.000929996 0.00187988
0 0 700 -0.000680223 -0.000620198 0.0015198 -0.00127009
0 0 701 -0.00115075 0.00173969 0.000129634 -0.000750157
0 0 702 -0.00241168 0.000569973 -0.00234036 0.000569835
0 0 703 -0.00157049 -0.000320315 -0.00172008 -0.000710006
0 0 704 -0.000600674 -0.000550167 0.000339829 0.000599856
0 0 705 -0.000761465 0.000439966 -0.000830256 0.00114999
0 0 706 -0.00049066 0.00137983 -0.000950191 -0.000500045
0 0 707 0.00282839 0.000549865 -0.000820365 -8.01231e-05
0 0 708 0.00134912 -0.000250284 0.000170024 -0.00121004
0 0 709 -0.00177021 6.97063e-05 0.000759806 -0.000500045
0 0 710 -0.00147064 -0.000180254 0.000129634 0.000179934
0 0 711 0.00057902 0.000609842 9.69897e-06 0.000799871
0 0 712 0.00085998 -0.000800127 0.00163974 0.000799871
0 0 713 -0.000170772 -0.000550167 7.97639e-05 0.000659897
0 0 714 0.00057902 -0.0001702 -0.000160106 0.00140986
0 0 715 -0.00132 -0.00115999 -0.000929996 0.00040997
0 0 716 0.000509626 -0.0016502 0.00034972 0.000489903
0 0 717 0.00147945 6.97063e-05 0.000769698 0.00218985
0 0 718 -0.00103058 0.00137983 -0.00123004 -0.000870055
0 0 719 -0.000700534 -0.00106014 -0.00137017 0.00107982
0 0 720 0.000689034 1.97836e-05 -0.00127002 0.00208984
0 0 721 -0.000680223 0.000959994 -0.000500127 0.000609985
0 0 722 0.00120864 -0.000460029 -0.000870234 -0.000730081
0 0 723 0.00043854 0.00226977 -0.00122015 -0.00179002
0 0 724 0.000898908 0.000359882 -0.00163023 0.00039984
0 0 725 0.000668724 0.000339774 0.00132981 0.00236997
0 0 726 0.00215984 -0.000860104 0.00145963 0.000709993
0 0 727 0.000939529 0.000109922 0.000419785 4.99053e-05
0 0 728 -0.00202071 -0.000870158 0.000729719 -0.000420113
0 0 729 -0.00075131 -0.00060009 -0.00133019 -0.00199003
0 0 730 -0.00271126 0.00196989 -0.00201023 0.000879988
0 0 731 -0.000140306 0.000959994 0.000919719 -0.000930097
0 0 732 0.000128807 -0.00175005 0.000719828 -0.00127009
0 0 733 -0.00104073 -0.000340076 -0.00106023 -0.00205007
0 0 734 -0.00135047 -0.00250027 -0.00114019 -0.00192004
0 0 735 -0.000730999 0.00162979 0.00233998 -0.000930097
0 0 736 0.000419922 0.00123977 0.00048985 -0.00143014
0 0 737 0.000998768 0.000649711 -0.000570192 0.00159993
0 0 738 -0.00063114 0.00151989 -0.00186021 0.000309962
0 0 739 -0.000670068 -0.00164015 -0.000220279 -0.00165004
0 0 740 -0.000551591 -0.000430214 0.00034972 -0.000450133
0 0 741 0.00115956 0.000489889 -0.000350105 0.000689918
0 0 742 0.00170963 0.000889964 -0.000160106 -4.01569e-05
0 0 743 0.00033868 -0.0001702 -1.00841e-05 0.00316985
0 0 744 0.00223939 0.00132991 2.00026e-05 -0.00227016
0 0 745 0.000758428 0.000359882 0.000509633 -0.00172003
0 0 746 -0.000421266 0.000849748 -0.000180301 -0.000140165
0 0 747 -0.00119137 -0.000970003 0.00166983 -0.00219005
0 0 748 -0.000390801 0.00107995 -0.00185032 8.98716e-05
0 0 749 0.00143883 -0.0015403 -0.0005603 0.00145996
0 0 750 0.000529936 -0.000740151 0.000659654 0.00150987
0 0 751 0.000299752 -0.000120277 8.96554e-05 0.00239999
0 0 752 0.00144898 -0.000230177 -8.0149e-05 -0.000120089
0 0 753 -0.000641295 -0.00124007 0.000199699 0.00055989
0 0 754 0.000149117 -0.000340076 -0.00205021 -0.000200022
0 0 755 0.00184842 -0.000440268 0.000149829 -0.00175005
0 0 756 -0.000250321 -2.00852e-05 -0.000220279 -0.000770048
0 0 757 0.000538399 -0.000970003 0.00053972 0.000179934
0 0 758 -0.00198009 0.00184994 -0.000980278 -0.00104005
0 0 759 -0.00283143 -0.00108025 0.00211989 -0.00193017
0 0 760 -0.00128107 -0.00144011 0.000809676 -0.00195007
0 0 761 0.000279442 0.00207979 -0.000760191 0.000749959
0 0 762 0.000358991 -0.000940188 0.00141965 -0.00302013
0 0 763 -8.10674e-05 0.00265979 -0.000640257 -0.000650149
0 0 764 0.000128807 0.000169898 0.000119742 0.00127983
0 0 765 0.00246958 -0.000310261 -4.01708e-05 -0.00171008
0 0 766 -0.00174144 -0.000360184 0.00148972 0.00095992
0 0 767 -0.00063114 0.000519704 -0.00260001 0.00206995
0 0 768 -0.000380645 0.00135972 -0.000900321 0.000949975
0 0 769 0.000929374 -0.00067012 -0.000220279 -0.000610183
0 0 770 -0.00113044 -0.000320315 -0.0011101 0.000869858
0 0 771 -0.000240165 -0.0012002 0.000289959 0.000419916
0 0 772 -0.000600674 -0.00085005 0.000889632 0.00106987
0 0 773 0.000939529 -0.000160146 -0.00061017 -0.00052012
0 0 774 0.00154884 -0.00103033 0.000599893 0.00264992
0 0 775 -0.00120152 0.000109922 -0.00141015 0.00121998
0 0 776 -0.00122014 -0.000380291 -0.000250366 0.000669843
0 0 777 0.00142867 0.00025969 0.00119998 -0.000970063
0 0 778 0.000448695 0.000159844 0.000199699 -0.00153014
0 0 779 0.00187888 0.00150984 0.000930023 -0.00015011
0 0 780 0.00033868 -0.000129984 -0.000300235 0.000609985
0 0 781 0.00292995 -0.000430214 -0.00155028 -0.000620128
0 0 782 0.00206845 -0.00115999 -0.000310127 0.000919954
0 0 783 0.000538399 0.00037999 0.00264991 0.00241989
0 0 784 0.00161993 0.0011999 -0.000270149 -0.00034018
0 0 785 0.00043854 0.00100992 -0.00153997 -0.000160056
0 0 786 0.000248976 0.00163984 -0.00146002 0.000729884
0 0 787 0.00160977 -0.000690228 -0.00242032 0.00229999
0 0 788 0.000668724 -0.00144011 0.000259872 -0.000140165
0 0 789 0.00156915 -0.00127023 -0.00129021 0.000449936
0 0 790 -0.00176006 0.000199713 0.000809676 0.000669843
0 0 791 -0.000841014 0.000759957 -0.00168999 0.00139992
0 0 792 -0.000460194 0.000469781 -0.000730105 0.00110984
0 0 793 0.00045885 0.00223996 -0.000760191 -0.00108002
0 0 794 -0.00164158 0.000109922 -0.000900321 -0.00217016
0 0 795 0.000379301 -0.00067012 0.000170024 -0.000900076
0 0 796 -0.00111013 0.000969701 0.00015972 0.000139968
0 0 797 -0.00117106 -0.000410106 0.000139937 -0.00137009
0 0 798 -0.000390801 -0.000270045 -0.00061017 -0.000430058
0 0 799 0.00147945 -0.00164015 0.000469655 -0.000570032
0 0 800 0.000499471 0.00113992 -0.000770083 -0.000760102
0 0 801 0.000419922 0.000640004 0.00280982 -0.000710006
0 0 802 0.00288933 -3.01391e-05 0.000799784 0.000649952
0 0 803 0.000469005 -0.000470083 -0.000990169 -0.000550141
0 0 804 -0.000380645 -9.01157e-05 -0.00176006 -0.000220097
0 0 805 0.00124926 0.000299905 -0.000520322 0.000829892
0 0 806 0.00205998 0.00094994 0.000269764 0.000729884
0 0 807 0.000248976 0.000589734 -0.000320018 2.98301e-05
0 0 808 -0.00186161 0.000489889 0.00218996 0.000569835
0 0 809 -0.0037911 0.00194978 0.00125974 0.000549944
0 0 810 -0.00215103 -0.00206033 0.00156967 0.00143988
0 0 811 -0.000761465 -0.00150008 0.00256995 0.00139992
0 0 812 -0.00168051 -0.000630251 0.00108994 -0.00226003
0 0 813 -0.000160616 0.000439966 0.000769698 0.000579965
0 0 814 -0.000641295 0.00206973 0.000419785 -0.000800068
0 0 815 0.00201936 0.00135972 0.000309742 -0.000840035
0 0 816 0.00197874 0.000399751 -0.000770083 0.000429861
0 0 817 -0.000590519 -0.000140038 -0.00155028 7.99261e-05
0 0 818 0.00103939 0.00118985 -0.000779974 -0.00123012
0 0 819 -0.000221547 0.00112987 -0.00129021 -0.00124007
0 0 820 -0.00109151 0.000549865 0.000759806 -0.000140165
0 0 821 0.000788894 -0.00167031 -0.000450257 0.00243996
0 0 822 -0.000460194 0.00124982 -3.02793e-05 -0.00104005
0 0 823 -0.000920563 0.000489889 0.000249981 -0.000390092
0 0 824 -0.000620985 0.00144986 0.000869849 4.99053e-05
0 0 825 0.000689034 -0.000430214 0.000279655 -0.00146016
0 0 826 0.00195843 -0.000860104 -0.00115997 -0.00151007
0 0 827 -0.000600674 0.000819933 -0.00066004 -0.00106013
0 0 828 -0.00167035 -0.000360184 0.0018998 -0.00287003
0 0 829 -0.000130151 0.000689926 0.00158987 0.00158999
0 0 830 -0.00159081 0.00249997 -0.00221012 0.000449936
0 0 831 -0.00125061 -0.00108025 -0.000969974 -0.000190076
0 0 832 -0.00144017 0.0016499 -0.000480344 -0.00242008
0 0 833 -0.000331562 -0.00225031 0.00121976 0.00250995
0 0 834 -0.00120152 -0.00271002 -0.000350105 -0.00182004
0 0 835 0.000328525 0.00154 0.000529828 0.00110984
0 0 836 0.00122895 0.00163984 0.000279655 0.000449936
0 0 837 0.00186873 0.000299905 -0.00181034 0.000119892
0 0 838 -0.0011609 -0.00193032 4.96772e-05 -0.00134007
0 0 839 -0.000111533 0.00161974 -0.0013203 0.000449936
0 0 840 -0.000570209 0.00143981 -0.000169997 -0.0028901
0 0 841 -0.000940873 0.000219821 0.00048985 -0.00204013
0 0 842 0.00112909 -0.000790073 4.96772e-05 -0.000400037
0 0 843 -4.04466e-05 1.97836e-05 0.00204983 0.000269812
0 0 844 -0.000270631 -0.000330022 0.00264991 0.000499848
0 0 845 -0.000280786 0.000819933 0.000930023 0.000689918
0 0 846 0.0018298 0.000109922 -0.00238034 0.00258988
0 0 847 0.00111894 -0.0001702 -0.000190192 -0.00142001
0 0 848 0.00106985 0.000149791 0.000569806 -0.00175005
0 0 849 0.00031837 0.000429912 0.000809676 -0.00309012
0 0 850 -0.00142155 0.00132991 0.000869849 -0.00123012
0 0 851 0.00127973 0.00113992 0.00081998 4.99053e-05
0 0 852 0.00186873 0.000589734 0.000379807 -0.000850164
0 0 853 -0.000761465 -0.0015403 -0.00243021 -0.0026201
0 0 854 -0.000741155 -0.00316001 0.00158987 -0.00104005
0 0 855 0.000589175 0.000429912 9.69897e-06 0.00186994
0 0 856 0.00150991 -0.000310261 0.00102976 0.00230993
0 0 857 0.000829515 -0.00117004 -0.00164012 0.00268989
0 0 858 3.91024e-05 0.000190006 -0.00179015 0.000279942
0 0 859 0.00135928 0.00154 -1.99756e-05 -0.000470024
0 0 860 0.000128807 -0.000540113 -0.000549996 -0.00115019
0 0 861 0.000189738 -1.00313e-05 0.000389698 -0.0021801
0 0 862 0.000128807 -0.000230177 -0.000310127 4.99053e-05
0 0 863 0.00175871 0.000389697 -0.000589975 -0.00163015
0 0 864 -0.00142155 0.0011999 -0.000450257 0.00152995
0 0 865 -0.000390801 -0.000140038 0.00100998 -0.000370017
0 0 866 0.000128807 0.000819933 0.000699633 -0.00119015
0 0 867 -0.000221547 -0.000810181 -0.00126013 -0.000940042
0 0 868 8.6368e-06 -0.000120277 -0.00106023 -0.000780177
0 0 869 0.00175871 -6.03007e-05 9.69897e-06 -0.00185006
0 0 870 -0.000221547 0.000339774 -0.00106023 0.000119892
0 0 871 -0.000421266 0.00139994 -0.00102026 -0.000570032
0 0 872 0.000328525 -0.000410106 -0.00174028 0.00036982
0 0 873 0.000868443 -0.000480137 2.98942e-05 -0.000250118
0 0 874 -0.00188023 -0.000200015 0.000599893 -0.0017401
0 0 875 0.00204983 0.00260987 -0.000190192 0.000349929
0 0 876 -0.000380645 -0.000820235 -0.000209975 0.00115994
0 0 877 0.00143883 0.00161974 2.00026e-05 0.000659897
0 0 878 0.000888753 0.000399751 -0.000260257 0.00113986
0 0 879 -0.000900253 0.00142975 0.000189807 -0.00221012
0 0 880 -0.000360335 0.00169982 2.98942e-05 0.00247993
0 0 881 -0.000340025 0.000119976 0.00175967 -0.00187013
0 0 882 -9.12226e-05 0.000469781 -0.00196036 -0.00154009
0 0 883 0.000259131 -0.000370237 0.00136978 -0.000470024
0 0 884 -0.000761465 -0.000300207 0.000519937 -0.000460079
0 0 885 -0.00112028 0.000399751 0.000360024 -0.000280139
0 0 886 0.00112909 -0.000430214 -0.00042017 -0.00162002
0 0 887 0.000128807 -0.000470083 0.00132981 0.00178982
0 0 888 -0.001931 0.000609842 -0.00162034 -0.000960118
0 0 889 -0.0024303 0.00126993 0.000309742 -0.00154009
0 0 890 0.000849825 -0.000570275 -0.00112 0.000469827
0 0 891 -0.00111013 -0.00035013 0.000550023 0.000669843
0 0 892 -0.000121688 -0.000910026 0.00108994 0.000449936
0 0 893 -0.000531281 0.00069998 0.00230989 0.000459882
0 0 894 -0.00129123 -0.000750205 0.00272987 4.99053e-05
0 0 895 -0.000570209 0.000909725 0.000170024 0.000109947
0 0 896 -0.000881635 -0.00192027 0.000869849 -0.000380146
0 0 897 0.000888753 0.000479835 0.000959697 0.00125994
0 0 898 0.000898908 -0.00124007 -0.000730105 -0.00033005
0 0 899 0.000709345 0.000229875 0.000959697 -0.000780177
0 0 900 -0.00125061 0.00273988 0.000389698 0.00124981
0 0 901 0.000758428 -0.00170012 -0.00121026 6.99806e-05
0 0 902 -0.00049066 0.000320013 -0.00066004 0.00209997
0 0 903 -0.00188023 -0.000180254 0.00119998 0.00176993
0 0 904 -0.000961184 0.000149791 -0.000490235 -0.00114006
0 0 905 -0.000500815 0.000279798 0.000669958 -0.00100008
0 0 906 -0.00110166 0.000320013 -0.000490235 0.000109947
0 0 907 -0.000431421 -0.00303001 -0.00108002 0.00172996
0 0 908 -0.000680223 -0.00183013 0.000409893 0.00249982
0 0 909 -0.00049066 -0.000160146 0.00132981 0.0009299
0 0 910 -0.000270631 -0.00115999 0.000459763 0.00113986
0 0 911 -0.000301096 -0.000330022 -0.00252006 -0.00345018
0 0 912 0.000289597 -0.000140038 3.97857e-05 -0.00132018
0 0 913 -0.000741155 0.000159844 -7.02575e-05 -0.00158005
0 0 914 0.000849825 -0.0012002 -0.00136028 -0.000630074
0 0 915 0.000149117 -0.000510298 0.000479958 0.000259866
0 0 916 -0.000920563 -0.000280099 0.000400002 0.000419916
0 0 917 -0.00049066 -0.000389998 0.00150991 -0.000560087
0 0 918 -0.00279081 0.000479835 0.000729719 0.000839838
0 0 919 -1.51839e-06 7.97602e-05 -0.00206999 -0.000820144
0 0 920 -0.00120152 0.000619896 -0.000530213 0.000729884
0 0 921 0.00194997 -0.00139019 -0.0007503 -0.000270009
0 0 922 0.00289948 -0.00108025 0.00166983 0.00155997
0 0 923 0.00154884 0.00162979 -0.00142004 -0.000740027
0 0 924 0.000328525 -0.000660066 -0.000220279 5.98509e-05
0 0 925 0.00123911 0.000599788 0.000799784 -0.000910022
0 0 926 0.00102923 0.000320013 -0.000890017 0.000519923
0 0 927 -6.0757e-05 0.00122001 0.000519937 -3.00272e-05
0 0 928 -0.00127092 -0.00115028 3.97857e-05 -0.000510175
0 0 929 -0.00213072 -0.000259991 0.000400002 0.00196994
0 0 930 -0.00167035 -0.000980057 -6.0366e-05 -0.00230018
0 0 931 -0.0011609 -0.00147027 0.000839763 -8.01231e-05
0 0 932 0.000648414 -0.00186029 0.00261982 0.000999887
0 0 933 0.000289597 0.00025969 -0.000290344 9.93907e-06
0 0 934 -0.000940873 -0.00188005 -0.000700018 0.00125994
0 0 935 -0.00147064 0.000139737 -0.000890017 0.000199825
0 0 936 0.00057902 -0.00215012 -0.000399975 0.00176993
0 0 937 0.00178918 0.00207979 -6.0366e-05 -0.000590107
0 0 938 0.000589175 0.000149791 -0.00023017 -0.000790123
0 0 939 -0.00061083 0.000529758 -0.0005603 -0.00102016
0 0 940 -0.0012303 0.00109971 -0.000320018 0.00181984
0 0 941 -0.00158065 0.000619896 -0.000870234 -0.000460079
0 0 942 -0.000290941 -0.00152019 -0.00114019 0.00223995
0 0 943 0.000419922 0.000759957 -0.000100344 0.000429861
0 0 944 0.000929374 -0.000540113 -0.00129021 -0.00109015
0 0 945 0.00157931 -0.00200001 0.000459763 -0.00115019
0 0 946 0.00153869 0.000619896 -0.00103015 0.000749959
0 0 947 -0.000961184 0.000779718 -0.000880126 0.000749959
0 0 948 0.000998768 0.000139737 -0.000870234 -0.000870055
0 0 949 0.000189738 0.000469781 0.000429677 9.98171e-05
0 0 950 0.000279442 -0.00169007 -0.00118017 0.00172996
0 0 951 -0.00161112 -0.000760258 -0.00108002 -0.00118002
0 0 952 0.000558709 -0.000140038 -0.00225999 -0.000450133
0 0 953 0.000749966 0.000369936 -0.00124034 -0.0017401
0 0 954 0.000819359 0.000229875 0.00143985 0.000549944
0 0 955 -0.000580364 -0.00118009 0.000469655 -0.000800068
0 0 956 -0.00075131 -0.00106014 0.00166983 0.00155997
0 0 957 -0.000380645 -0.000110223 0.000749915 -0.00102016
0 0 958 0.000799049 -0.000450322 -0.000670343 -0.00189002
0 0 959 -0.00049066 0.000479835 0.00160965 -0.000700061
0 0 960 0.00196859 -0.000320315 -1.99756e-05 0.00104998
0 0 961 -0.000270631 -0.00206033 -0.000399975 0.000979996
0 0 962 0.00179934 0.000169898 -0.000290344 -0.00146016
0 0 963 0.00161993 0.00116974 0.00123996 -0.000970063
0 0 964 0.00123911 -7.00079e-05 0.00180996 0.000949975
0 0 965 0.000159272 -0.000500244 0.000669958 -0.000550141
0 0 966 -0.00151126 -0.00103033 -8.0149e-05 -9.00687e-05
0 0 967 -0.00035018 -0.000709989 9.99591e-05 -0.00153014
0 0 968 0.00217 0.000439966 0.00062998 -0.000170185
0 0 969 0.00167917 0.00135972 -0.00229997 -0.00227016
0 0 970 0.000929374 -0.000320315 -0.00194017 -0.00112017
0 0 971 -0.00142155 0.000569973 -0.00152019 -0.00030003
0 0 972 0.00134912 0.00182983 0.000780001 -0.00015011
0 0 973 -0.00106104 -0.000320315 0.00243972 0.000169988
0 0 974 0.000369146 0.000689926 -0.000670343 0.000489903
0 0 975 -2.01362e-05 -0.000360184 -0.0015103 0.000569835
0 0 976 0.000609485 -0.000320315 0.000959697 -0.000270009
0 0 977 0.000469005 -0.00105009 0.000979893 -0.000120089
0 0 978 0.000399612 0.000239929 8.96554e-05 -0.00227016
0 0 979 -0.000780083 -0.00121026 0.00053972 0.000519923
0 0 980 5.94127e-05 -3.01391e-05 -0.000760191 -0.00130011
0 0 981 0.00170963 -0.00156006 -0.000220279 -0.00127009
0 0 982 -0.000280786 -0.000740151 0.00158987 -0.00030003
0 0 983 -0.00065145 0.00107995 0.00226991 0.00095992
0 0 984 -0.00136062 -0.000200015 -0.000850039 0.00154984
0 0 985 2.89472e-05 -0.000880212 0.00192 0.000479957
0 0 986 0.000199893 -0.00092008 0.00222993 -0.000990138
0 0 987 0.000799049 0.000759957 0.00194967 0.00036982
0 0 988 0.000189738 -0.00024023 -7.02575e-05 0.000669843
0 0 989 -0.00101027 0.00080988 -0.00131 0.000759905
0 0 990 -0.00195131 -0.000480137 -0.000390083 6.99806e-05
0 0 991 -1.51839e-06 -0.000590036 -0.00166032 -0.000780177
0 0 992 -0.00246077 -0.00115999 9.99591e-05 0.00166992
0 0 993 -0.000570209 -0.000800127 4.96772e-05 -0.00101003
0 0 994 -0.00202071 -0.00284002 -0.00109032 0.00147985
0 0 995 0.000169427 -0.00163009 0.00029985 -0.00276007
0 0 996 -0.00199024 0.00025969 5.99809e-05 0.000379949
0 0 997 -0.000321407 0.0011999 -0.000720213 -0.0014701
0 0 998 0.000489316 0.00189986 -0.00168999 -0.000350126
0 0 999 0.00196859 -0.000760258 -0.00141015 -0.000120089
0 0 1000 -0.00299053 -0.00197019 -0.000440365 -0.00111004
0 0 1001 0.000619641 0.00184994 -0.000940299 -0.00137009
0 0 1002 0.00186873 7.97602e-05 6.98724e-05 -0.00125001
0 0 1003 0.000758428 -0.000110223 0.00105985 0.000649952
0 0 1004 -0.000211392 0.000119976 0.000519937 0.000479957
0 0 1005 0.000998768 0.00234986 0.00242983 0.00114999
0 0 1006 0.00113925 0.00219974 -0.000640257 0.00113986
0 0 1007 -0.00154003 -0.00119015 0.00211 -0.000320105
0 0 1008 -0.000270631 0.000119976 0.000930023 0.000309962
0 0 1009 -0.000541436 -5.02468e-05 0.0011497 -0.00122017
0 0 1010 0.000299752 0.00148973 0.000389698 -0.00105018
0 0 1011 0.000678879 0.00122972 -0.00157006 0.000989941
0 0 1012 -0.00122014 0.00117979 -0.000830256 -0.000440188
0 0 1013 0.000118651 -0.00194003 0.00221963 0.000489903
0 0 1014 0.000369146 -0.00112012 -5.00623e-05 -0.000730081
0 0 1015 0.000538399 0.000179952 2.98942e-05 -0.00108002
0 0 1016 0.000309907 -0.000450322 -0.000860343 6.99806e-05
0 0 1017 -0.00105089 0.000719741 0.00048985 -0.00285013
0 0 1018 -0.000531281 -0.00178021 -0.000380192 0.00203993
0 0 1019 0.000949684 -0.000700282 -0.00061017 -0.000800068
0 0 1020 0.000149117 0.000719741 -0.00164012 -9.00687e-05
0 0 1021 -0.00134031 3.98913e-05 0.00224972 -0.000160056
0 0 1022 -0.000140306 0.000409805 -0.000570192 0.00077998
0 0 1023 0.00043854 -0.000560221 0.00173989 -0.00171008
