0 0 0 -5.90708 -3.66892 3.05687 6.04639
0 0 1 -4.39334 -10.3776 3.79913 3.81604
0 0 2 -2.8796 -10.3776 0.071331 -0.650693
0 0 3 0.820645 3.03979 -7.36777 -2.88105
0 0 4 -2.8796 6.0013 -5.88325 -4.36996
0 0 5 -7.42081 -2.18817 2.31461 -1.39214
0 0 6 -8.09359 -2.18817 1.55585 -2.13961
0 0 7 -2.20683 -4.42441 0.071331 0.838218
0 0 8 11.2486 -5.14967 1.55585 6.04639
0 0 9 16.4626 -2.91343 3.05687 9.01819
0 0 10 15.7057 2.28431 2.31461 6.78784
0 0 11 12.6783 4.52054 -3.63997 0.0907483
0 0 12 5.27776 6.0013 -6.62551 -1.39214
0 0 13 0.820645 2.28431 -0.67093 -2.13961
0 0 14 -5.15021 -2.18817 3.05687 -1.39214
0 0 15 -7.42081 -3.66892 4.54139 1.57966
0 0 16 -4.39334 -2.91343 0.071331 0.838218
0 0 17 -5.90708 4.52054 3.05687 0.838218
0 0 18 -5.15021 3.03979 2.31461 3.81604
0 0 19 -7.42081 3.76506 -2.15545 4.55748
0 0 20 -5.15021 0.0480686 -1.41319 3.06857
0 0 21 -2.20683 -2.91343 4.54139 -0.650693
0 0 22 -1.44996 -2.18817 3.79913 1.57966
0 0 23 -2.20683 -1.43268 -3.63997 2.32713
0 0 24 -2.20683 2.28431 -2.89771 1.57966
0 0 25 -3.63647 6.0013 9.01145 -2.13961
0 0 26 -2.20683 3.76506 11.9805 -2.88105
0 0 27 1.57751 -0.707417 8.25269 0.0907483
0 0 28 0.0637764 -5.90516 2.31461 2.32713
0 0 29 0.0637764 -11.1029 -2.89771 0.838218
0 0 30 1.57751 -15.5754 -2.15545 0.838218
0 0 31 -2.20683 -21.5286 -2.15545 3.81604
0 0 32 -5.15021 -20.0478 -5.12449 6.04639
0 0 33 -2.8796 -11.1029 -2.89771 5.29892
0 0 34 0.0637764 0.803554 3.79913 1.57966
0 0 35 1.57751 0.0480686 8.25269 -1.39214
0 0 36 1.57751 -2.18817 4.54139 -2.88105
0 0 37 5.27776 0.0480686 0.813592 -2.13961
0 0 38 8.97801 -0.707417 4.54139 -2.13961
0 0 39 8.22114 5.24581 1.55585 -4.36996
0 0 40 5.27776 7.48205 -5.12449 -4.36996
0 0 41 0.0637764 -2.91343 -5.12449 -0.650693
0 0 42 -4.39334 -5.14967 -2.89771 0.838218
0 0 43 -10.3642 3.76506 -2.15545 -1.39214
0 0 44 -11.1211 6.75678 -2.89771 0.0907483
0 0 45 -11.8779 5.24581 -4.38223 0.0907483
0 0 46 -12.5507 -2.91343 -5.88325 1.57966
0 0 47 -11.1211 -10.3776 -2.89771 0.0907483
0 0 48 -5.90708 -11.8584 2.31461 -4.36996
0 0 49 2.25029 -6.63042 3.05687 -2.88105
0 0 50 3.76402 -2.18817 -2.15545 -2.13961
0 0 51 -1.44996 -2.18817 0.071331 -2.13961
0 0 52 -5.15021 -4.42441 3.05687 -2.13961
0 0 53 -5.90708 -5.90516 4.54139 -2.88105
0 0 54 0.820645 -7.38591 3.79913 -5.11743
0 0 55 5.27776 -3.66892 -1.41319 -3.62852
0 0 56 0.820645 3.03979 0.071331 -5.11743
0 0 57 -2.8796 4.52054 0.813592 -3.62852
0 0 58 -2.20683 6.0013 -2.15545 -2.13961
0 0 59 -3.63647 2.28431 4.54139 -5.11743
0 0 60 -11.1211 -9.62215 10.496 -4.36996
0 0 61 -10.3642 -9.62215 4.54139 0.838218
0 0 62 -7.42081 0.0480686 3.05687 -2.88105
0 0 63 -8.09359 4.52054 -2.89771 -5.11743
0 0 64 -5.15021 6.0013 -5.12449 -5.11743
0 0 65 -1.44996 7.48205 -0.67093 0.0907483
0 0 66 1.57751 6.0013 -2.15545 -0.650693
0 0 67 2.25029 3.03979 -6.62551 -5.85887
0 0 68 4.52089 2.28431 -1.41319 -2.88105
0 0 69 6.03463 -3.66892 0.071331 4.55748
0 0 70 1.57751 -9.62215 -3.63997 5.29892
0 0 71 -2.20683 -6.63042 -0.67093 4.55748
0 0 72 -3.63647 0.0480686 -2.15545 3.81604
0 0 73 -1.44996 4.52054 -5.12449 3.06857
0 0 74 -2.8796 4.52054 0.813592 -1.39214
0 0 75 0.820645 -2.91343 9.75371 -2.13961
0 0 76 4.52089 -9.62215 9.01145 3.06857
0 0 77 6.7915 -9.62215 3.05687 3.06857
0 0 78 6.7915 1.52882 1.55585 0.0907483
0 0 79 0.820645 11.199 4.54139 -2.13961
0 0 80 -2.8796 11.9545 5.28365 -5.85887
0 0 81 -4.39334 7.48205 4.54139 -9.57813
0 0 82 -3.63647 11.199 -2.15545 -6.60031
0 0 83 0.0637764 18.6632 -4.38223 -3.62852
0 0 84 3.76402 13.4353 1.55585 -3.62852
0 0 85 0.0637764 1.52882 7.51043 -3.62852
0 0 86 -5.15021 -5.14967 2.31461 -0.650693
0 0 87 -8.85045 -3.66892 -3.63997 -3.62852
0 0 88 -8.85045 -3.66892 3.79913 -8.08922
0 0 89 -0.693092 -9.62215 3.05687 -7.34778
0 0 90 2.25029 -11.1029 0.071331 -2.88105
0 0 91 0.820645 -7.38591 -0.67093 -2.88105
0 0 92 3.00715 0.0480686 -4.38223 -5.11743
0 0 93 1.57751 7.48205 -2.15545 -5.11743
0 0 94 3.00715 12.71 -4.38223 -0.650693
0 0 95 10.4917 6.0013 -7.36777 0.838218
0 0 96 14.9489 -4.42441 -8.85229 -4.36996
0 0 97 13.4351 -6.63042 -11.8213 -5.11743
0 0 98 16.4626 -2.91343 -14.0646 -5.11743
0 0 99 14.192 -5.90516 -14.8069 0.838218
0 0 100 11.2486 -3.66892 -13.3224 3.06857
0 0 101 15.7057 7.48205 -7.36777 3.06857
0 0 102 18.6491 14.916 -3.63997 8.27675
0 0 103 17.1354 11.9545 -8.11003 6.78784
0 0 104 23.8631 9.71828 -11.0791 0.838218
0 0 105 32.0205 11.199 -6.62551 -0.650693
0 0 106 36.4776 11.199 1.55585 2.32713
0 0 107 30.5908 6.0013 1.55585 10.5071
0 0 108 33.5342 0.803554 -6.62551 12.7435
0 0 109 46.9055 0.803554 -4.38223 14.2264
0 0 110 62.5475 1.52882 4.54139 18.6931
0 0 111 77.4326 3.76506 9.01145 15.7153
0 0 112 96.7748 -0.707417 7.51043 11.996
0 0 113 126.545 -10.3776 4.54139 12.7435
0 0 114 167.416 -20.7731 2.31461 17.2042
0 0 115 231.413 -36.3966 3.79913 30.5984
0 0 116 334.852 -52.7755 6.02591 43.9865
0 0 117 504.475 -67.6434 12.7228 61.1
0 0 118 785.693 -86.9839 20.9041 86.3934
0 0 119 1273.71 -128.656 38.7679 117.636
0 0 120 2097.26 -229.076 102.751 157.813
0 0 121 3303.96 -531.874 219.55 223.283
0 0 122 4655.73 -1156.06 232.201 314.788
0 0 123 5498.63 -1846.48 -95.8947 357.942
0 0 124 5151.98 -1940.19 -638.24 279.078
0 0 125 3736.22 -1260.98 -848.778 132.519
0 0 126 2228.96 -531.874 -612.211 24.6427
0 0 127 1252.85 -161.384 -284.858 -24.4552
0 0 128 752.98 -48.303 -93.6679 -37.1019
0 0 129 479.162 -27.4818 -23.7305 -34.8715
0 0 130 313.996 -13.3391 0.813592 -27.433
0 0 131 215.099 -2.18817 9.75371 -20.7359
0 0 132 157.072 -1.43268 4.54139 -13.2974
0 0 133 116.117 -5.90516 -2.15545 -9.57813
0 0 134 85.5899 -11.8584 -0.67093 -9.57813
0 0 135 67.7615 -13.3391 -0.67093 -7.34778
0 0 136 54.3901 -5.90516 -1.41319 -4.36996
0 0 137 44.719 -7.38591 0.813592 -2.13961
0 0 138 38.7482 -14.0946 5.28365 0.0907483
0 0 139 30.5908 -9.62215 6.02591 -2.13961
0 0 140 26.8065 2.28431 3.79913 -2.88105
0 0 141 26.8065 9.71828 6.76817 -1.39214
0 0 142 20.1628 9.71828 11.2382 -0.650693
0 0 143 14.9489 8.23753 6.02591 0.0907483
0 0 144 13.4351 4.52054 -0.67093 0.0907483
0 0 145 11.2486 0.0480686 -3.63997 -2.88105
0 0 146 10.4917 -2.91343 -2.15545 -2.88105
0 0 147 8.22114 3.03979 -3.63997 0.0907483
0 0 148 10.4917 6.75678 -5.88325 2.32713
0 0 149 17.8922 7.48205 -2.89771 0.838218
0 0 150 21.5925 10.4738 2.31461 -2.13961
0 0 151 17.1354 8.23753 2.31461 -0.650693
0 0 152 14.192 3.76506 1.55585 4.55748
0 0 153 10.4917 4.52054 5.28365 4.55748
0 0 154 10.4917 4.52054 10.496 0.838218
0 0 155 14.192 6.75678 14.2073 -1.39214
0 0 156 12.6783 13.4353 6.76817 0.0907483
0 0 157 14.9489 20.144 1.55585 -1.39214
0 0 158 23.8631 22.3802 7.51043 -1.39214
0 0 159 29.0771 18.6632 15.6918 -2.13961
0 0 160 29.0771 18.6632 19.4196 0.0907483
0 0 161 32.7773 24.6165 17.9351 3.06857
0 0 162 40.2619 25.3417 17.1928 4.55748
0 0 163 49.933 32.7757 17.9351 3.81604
0 0 164 55.147 40.2097 19.4196 5.29892
0 0 165 53.6333 38.0037 18.6773 3.81604
0 0 166 49.1761 29.8142 20.1619 1.57966
0 0 167 47.6624 24.6165 20.1619 1.57966
0 0 168 51.3626 20.144 17.1928 2.32713
0 0 169 52.8764 17.1523 20.1619 0.838218
0 0 170 49.933 15.6715 17.1928 0.0907483
0 0 171 47.6624 12.71 11.9805 -1.39214
0 0 172 45.4759 13.4353 12.7228 -3.62852
0 0 173 44.719 19.3885 6.76817 0.0907483
0 0 174 40.9347 24.6165 0.071331 6.78784
0 0 175 32.0205 21.6247 -1.41319 5.29892
0 0 176 25.3768 18.6632 0.071331 -2.88105
0 0 177 22.3494 19.3885 3.79913 -5.11743
0 0 178 22.3494 16.427 3.79913 -4.36996
0 0 179 15.7057 8.23753 6.02591 -2.88105
0 0 180 1.57751 3.03979 9.01145 -4.36996
0 0 181 -3.63647 1.52882 8.25269 -2.88105
0 0 182 0.0637764 0.803554 3.79913 0.0907483
0 0 183 1.57751 -0.707417 -2.15545 -4.36996
0 0 184 0.0637764 -2.91343 -3.63997 -8.08922
0 0 185 -0.693092 -1.43268 -1.41319 -8.83669
0 0 186 3.76402 0.803554 3.05687 -6.60031
0 0 187 8.97801 0.0480686 3.05687 -4.36996
0 0 188 7.46427 -0.707417 3.05687 -1.39214
0 0 189 5.27776 -2.18817 -0.67093 0.0907483
0 0 190 9.73487 -2.18817 -0.67093 -2.13961
0 0 191 17.8922 -2.18817 5.28365 -4.36996
0 0 192 17.8922 0.0480686 7.51043 -2.13961
0 0 193 12.6783 8.23753 3.05687 -1.39214
0 0 194 11.2486 8.23753 0.071331 -2.88105
0 0 195 14.192 3.03979 -2.89771 -5.11743
0 0 196 11.2486 1.52882 -6.62551 -7.34778
0 0 197 6.03463 0.0480686 -8.11003 -5.85887
0 0 198 6.03463 -4.42441 -4.38223 -5.85887
0 0 199 6.7915 -3.66892 -1.41319 -6.60031
0 0 200 5.27776 -2.91343 -2.89771 -8.08922
0 0 201 1.57751 -2.18817 0.813592 -11.067
0 0 202 0.0637764 -4.42441 3.79913 -11.8085
0 0 203 0.0637764 -7.38591 0.071331 -11.8085
0 0 204 3.76402 -9.62215 -5.12449 -9.57813
0 0 205 8.97801 -4.42441 -7.36777 -6.60031
0 0 206 6.7915 0.0480686 0.071331 -2.88105
0 0 207 3.76402 0.0480686 3.05687 2.32713
0 0 208 3.00715 -1.43268 -3.63997 5.29892
0 0 209 3.76402 -2.18817 -5.88325 3.81604
0 0 210 3.00715 0.0480686 1.55585 -2.13961
0 0 211 0.820645 0.803554 1.55585 -2.13961
0 0 212 0.0637764 -1.43268 2.31461 0.838218
0 0 213 -0.693092 -5.90516 1.55585 0.0907483
0 0 214 -2.20683 -6.63042 -2.15545 -0.650693
0 0 215 -4.39334 -0.707417 -3.63997 3.81604
0 0 216 -2.20683 7.48205 3.05687 3.81604
0 0 217 -3.63647 9.71828 5.28365 2.32713
0 0 218 -4.39334 5.24581 0.071331 2.32713
0 0 219 0.0637764 0.803554 -0.67093 3.81604
0 0 220 5.27776 -1.43268 1.55585 0.0907483
0 0 221 3.76402 0.0480686 1.55585 -5.85887
0 0 222 0.0637764 -2.18817 3.79913 -5.11743
0 0 223 3.00715 -4.42441 6.76817 -1.39214
0 0 224 7.46427 -3.66892 3.79913 1.57966
0 0 225 6.03463 4.52054 2.31461 3.81604
0 0 226 2.25029 8.23753 3.05687 2.32713
0 0 227 0.0637764 6.0013 2.31461 -2.13961
0 0 228 -1.44996 0.803554 0.071331 -4.36996
0 0 229 -1.44996 -2.18817 -2.89771 -1.39214
0 0 230 -0.693092 -0.707417 3.05687 0.838218
0 0 231 1.57751 3.03979 9.75371 3.81604
0 0 232 6.03463 3.03979 6.76817 3.81604
0 0 233 6.7915 1.52882 -1.41319 1.57966
0 0 234 3.00715 -0.707417 -6.62551 0.0907483
0 0 235 3.76402 -2.91343 -6.62551 -2.13961
0 0 236 4.52089 -5.14967 -5.12449 -5.85887
0 0 237 3.00715 -5.90516 -0.67093 -8.08922
0 0 238 3.00715 -5.14967 4.54139 -9.57813
0 0 239 4.52089 -7.38591 3.05687 -8.83669
0 0 240 3.76402 -9.62215 -0.67093 -6.60031
0 0 241 3.76402 -9.62215 -2.15545 -2.13961
0 0 242 6.7915 -8.14139 -5.12449 4.55748
0 0 243 6.03463 -2.91343 -4.38223 4.55748
0 0 244 3.76402 2.28431 4.54139 1.57966
0 0 245 4.52089 3.03979 4.54139 -2.88105
0 0 246 7.46427 -1.43268 -2.15545 -3.62852
0 0 247 11.9214 -8.14139 -2.15545 -2.13961
0 0 248 11.2486 -9.62215 0.813592 -2.13961
0 0 249 6.7915 -5.90516 -2.89771 -4.36996
0 0 250 2.25029 -2.91343 -1.41319 -5.11743
0 0 251 0.0637764 -3.66892 2.31461 -4.36996
0 0 252 0.820645 -5.90516 4.54139 -4.36996
0 0 253 5.27776 -1.43268 4.54139 -1.39214
0 0 254 8.97801 2.28431 6.02591 3.81604
0 0 255 4.52089 -2.91343 6.76817 3.06857
0 0 256 -1.44996 -5.90516 7.51043 -1.39214
0 0 257 -2.8796 -6.63042 8.25269 -4.36996
0 0 258 -0.693092 -0.707417 9.01145 -2.88105
0 0 259 6.7915 4.52054 6.76817 -3.62852
0 0 260 12.6783 3.76506 1.55585 -2.13961
0 0 261 14.192 3.76506 -2.15545 -2.13961
0 0 262 13.4351 8.23753 0.071331 -3.62852
0 0 263 11.2486 10.4738 3.05687 -4.36996
0 0 264 6.03463 6.75678 2.31461 -2.88105
0 0 265 3.76402 7.48205 -5.12449 1.57966
0 0 266 7.46427 12.71 -10.3368 3.81604
0 0 267 13.4351 14.1908 -5.12449 -1.39214
0 0 268 18.6491 10.4738 6.02591 -9.57813
0 0 269 14.9489 6.0013 8.25269 -12.556
0 0 270 8.22114 3.76506 11.2382 -6.60031
0 0 271 6.7915 -0.707417 12.7228 -1.39214
0 0 272 6.03463 -2.91343 7.51043 -1.39214
0 0 273 6.03463 2.28431 4.54139 -5.11743
0 0 274 6.7915 3.03979 3.79913 -3.62852
0 0 275 6.03463 3.76506 0.813592 0.838218
0 0 276 0.0637764 4.52054 0.071331 0.838218
0 0 277 -4.39334 -3.66892 -1.41319 3.06857
0 0 278 -3.63647 -11.1029 -2.15545 6.78784
0 0 279 -2.20683 -13.3391 0.071331 8.27675
0 0 280 -2.8796 -13.3391 -2.15545 6.78784
0 0 281 -1.44996 -12.5837 -5.12449 3.06857
0 0 282 0.0637764 -10.3776 -2.89771 -2.88105
0 0 283 -0.693092 -4.42441 -2.15545 -6.60031
0 0 284 -2.8796 4.52054 -0.67093 -4.36996
0 0 285 -2.20683 6.0013 1.55585 0.838218
0 0 286 4.52089 6.0013 -1.41319 0.838218
0 0 287 6.03463 6.0013 0.071331 -2.88105
0 0 288 3.76402 0.803554 6.76817 -5.11743
0 0 289 4.52089 -4.42441 8.25269 -3.62852
0 0 290 4.52089 -2.91343 8.25269 3.06857
0 0 291 3.76402 0.803554 3.79913 6.04639
0 0 292 2.25029 3.03979 -2.15545 3.06857
0 0 293 1.57751 -1.43268 -3.63997 -4.36996
0 0 294 -1.44996 -2.91343 0.071331 -5.11743
0 0 295 -2.20683 4.52054 2.31461 -0.650693
0 0 296 0.0637764 7.48205 5.28365 2.32713
0 0 297 2.25029 -2.18817 6.02591 0.838218
0 0 298 4.52089 -6.63042 5.28365 -1.39214
0 0 299 3.76402 -1.43268 3.05687 -0.650693
0 0 300 3.76402 6.75678 1.55585 -0.650693
0 0 301 3.76402 8.23753 -1.41319 -3.62852
0 0 302 -1.44996 1.52882 -5.88325 -3.62852
0 0 303 -5.90708 -5.14967 -6.62551 -1.39214
0 0 304 -5.15021 -5.90516 -2.89771 -4.36996
0 0 305 -5.15021 2.28431 -0.67093 -11.067
0 0 306 -1.44996 3.76506 -0.67093 -11.8085
0 0 307 7.46427 0.0480686 -5.88325 -8.83669
0 0 308 11.2486 -0.707417 -9.59455 -6.60031
0 0 309 10.4917 -3.66892 -9.59455 -5.11743
0 0 310 8.22114 -7.38591 -5.88325 -2.13961
0 0 311 6.03463 -8.14139 -2.15545 -1.39214
0 0 312 4.52089 -7.38591 0.071331 -1.39214
0 0 313 4.52089 -2.18817 4.54139 -0.650693
0 0 314 3.76402 0.0480686 5.28365 0.838218
0 0 315 3.76402 -2.18817 0.813592 1.57966
0 0 316 3.76402 -2.18817 -2.89771 0.0907483
0 0 317 2.25029 -4.42441 -5.88325 -2.88105
0 0 318 -2.8796 -7.38591 -5.12449 -2.88105
0 0 319 -6.66394 -5.90516 -4.38223 2.32713
0 0 320 -2.8796 1.52882 -5.12449 3.81604
0 0 321 1.57751 6.75678 -4.38223 1.57966
0 0 322 1.57751 5.24581 -3.63997 0.0907483
0 0 323 3.00715 7.48205 -0.67093 -3.62852
0 0 324 5.27776 6.75678 2.31461 -6.60031
0 0 325 3.76402 2.28431 -0.67093 -7.34778
0 0 326 2.25029 1.52882 -2.89771 -8.08922
0 0 327 5.27776 0.0480686 -0.67093 -5.85887
0 0 328 8.97801 -5.90516 -0.67093 -1.39214
0 0 329 11.2486 -5.90516 -5.12449 0.838218
0 0 330 11.9214 -2.18817 -7.36777 -1.39214
0 0 331 10.4917 -2.91343 -8.85229 -6.60031
0 0 332 8.97801 -3.66892 -5.88325 -9.57813
0 0 333 12.6783 -0.707417 0.813592 -8.08922
0 0 334 15.7057 2.28431 6.76817 -5.85887
0 0 335 12.6783 -1.43268 10.496 -2.13961
0 0 336 8.97801 -5.90516 13.465 0.838218
0 0 337 5.27776 -2.18817 14.9495 0.0907483
0 0 338 -1.44996 4.52054 11.9805 0.838218
0 0 339 -2.8796 6.0013 5.28365 1.57966
0 0 340 0.0637764 0.803554 -1.41319 1.57966
0 0 341 2.25029 -5.14967 -2.89771 0.838218
0 0 342 -1.44996 -5.14967 -2.15545 2.32713
0 0 343 -5.15021 -1.43268 -2.15545 4.55748
0 0 344 -3.63647 0.803554 -1.41319 4.55748
0 0 345 -5.90708 1.52882 0.071331 3.06857
0 0 346 -8.85045 0.0480686 -1.41319 3.81604
0 0 347 -8.85045 0.0480686 -3.63997 5.29892
0 0 348 -5.15021 1.52882 -0.67093 3.06857
0 0 349 2.25029 0.803554 5.28365 -0.650693
0 0 350 6.03463 0.0480686 3.79913 -4.36996
0 0 351 7.46427 -0.707417 -0.67093 -7.34778
0 0 352 8.22114 0.803554 -2.89771 -7.34778
0 0 353 7.46427 -0.707417 -2.15545 -5.85887
0 0 354 5.27776 -2.91343 -0.67093 -5.11743
0 0 355 1.57751 -4.42441 -1.41319 -2.88105
0 0 356 0.820645 -4.42441 0.071331 -2.13961
0 0 357 0.820645 -6.63042 3.79913 -0.650693
0 0 358 3.76402 -5.14967 4.54139 3.06857
0 0 359 8.97801 0.0480686 3.79913 4.55748
0 0 360 11.9214 2.28431 2.31461 0.838218
0 0 361 11.2486 3.76506 3.05687 -3.62852
0 0 362 9.73487 6.0013 6.02591 -5.85887
0 0 363 8.97801 2.28431 6.76817 -6.60031
0 0 364 11.2486 -2.91343 2.31461 -4.36996
0 0 365 12.6783 -3.66892 0.813592 -0.650693
0 0 366 10.4917 -1.43268 5.28365 1.57966
0 0 367 11.9214 0.803554 9.75371 2.32713
0 0 368 13.4351 -2.18817 9.75371 3.06857
0 0 369 12.6783 -5.14967 4.54139 3.06857
0 0 370 16.4626 -4.42441 3.79913 1.57966
0 0 371 20.1628 0.0480686 6.02591 -0.650693
0 0 372 20.1628 7.48205 3.79913 -4.36996
0 0 373 15.7057 10.4738 -2.89771 -6.60031
0 0 374 11.9214 5.24581 -7.36777 -3.62852
0 0 375 10.4917 -2.18817 -6.62551 0.838218
0 0 376 8.22114 -6.63042 -5.12449 5.29892
0 0 377 6.7915 -7.38591 -7.36777 5.29892
0 0 378 7.46427 -5.14967 -9.59455 0.0907483
0 0 379 9.73487 -3.66892 -6.62551 -5.11743
0 0 380 11.2486 -3.66892 -0.67093 -5.11743
0 0 381 11.9214 -5.14967 0.813592 0.838218
0 0 382 10.4917 -5.90516 -1.41319 5.29892
0 0 383 6.03463 -6.63042 -0.67093 5.29892
0 0 384 -0.693092 -4.42441 2.31461 3.81604
0 0 385 -5.15021 -1.43268 3.05687 5.29892
0 0 386 -3.63647 -2.18817 2.31461 8.27675
0 0 387 -0.693092 -2.18817 -0.67093 8.27675
0 0 388 -2.8796 0.803554 -0.67093 6.78784
0 0 389 -3.63647 5.24581 -1.41319 3.06857
0 0 390 -1.44996 8.23753 -8.11003 0.0907483
0 0 391 -2.20683 8.99302 -11.0791 -1.39214
0 0 392 -4.39334 8.99302 -5.88325 -1.39214
0 0 393 -5.15021 10.4738 -2.89771 -2.13961
0 0 394 -2.20683 10.4738 -2.15545 -1.39214
0 0 395 -1.44996 7.48205 -1.41319 0.838218
0 0 396 0.0637764 3.76506 1.55585 2.32713
0 0 397 4.52089 -0.707417 6.02591 0.0907483
0 0 398 11.2486 -2.91343 3.79913 -2.88105
0 0 399 13.4351 -1.43268 -3.63997 -1.39214
0 0 400 7.46427 -2.18817 -7.36777 0.838218
0 0 401 -0.693092 -4.42441 -7.36777 0.838218
0 0 402 -5.15021 -3.66892 -5.88325 -0.650693
0 0 403 -4.39334 -2.18817 0.071331 -0.650693
0 0 404 0.820645 -0.707417 4.54139 2.32713
0 0 405 6.03463 3.76506 6.76817 6.04639
0 0 406 6.03463 8.23753 9.01145 3.81604
0 0 407 4.52089 4.52054 9.75371 -0.650693
0 0 408 4.52089 -0.707417 11.2382 -2.88105
0 0 409 5.27776 -0.707417 8.25269 -0.650693
0 0 410 5.27776 4.52054 0.071331 3.81604
0 0 411 4.52089 6.75678 -6.62551 3.81604
0 0 412 1.57751 3.76506 -4.38223 0.838218
0 0 413 -2.20683 3.03979 2.31461 -3.62852
0 0 414 -4.39334 4.52054 6.02591 -5.11743
0 0 415 -3.63647 3.03979 6.02591 -3.62852
0 0 416 0.0637764 0.803554 3.79913 -4.36996
0 0 417 3.00715 0.0480686 1.55585 -5.85887
0 0 418 0.0637764 0.0480686 -1.41319 -5.85887
0 0 419 -3.63647 2.28431 -2.89771 -5.85887
0 0 420 -2.20683 8.99302 -2.15545 -5.11743
0 0 421 3.76402 13.4353 0.071331 -1.39214
0 0 422 7.46427 11.9545 3.05687 3.06857
0 0 423 7.46427 10.4738 3.05687 3.81604
0 0 424 4.52089 11.9545 3.05687 0.838218
0 0 425 0.820645 14.916 4.54139 0.0907483
0 0 426 0.820645 14.1908 3.05687 1.57966
0 0 427 4.52089 7.48205 -1.41319 2.32713
0 0 428 6.7915 0.803554 -5.88325 3.06857
0 0 429 6.7915 -0.707417 -5.88325 3.81604
0 0 430 6.7915 2.28431 -1.41319 3.81604
0 0 431 5.27776 5.24581 3.05687 4.55748
0 0 432 3.00715 4.52054 3.79913 0.838218
0 0 433 5.27776 3.76506 2.31461 -5.11743
0 0 434 8.22114 4.52054 3.05687 -7.34778
0 0 435 5.27776 6.75678 6.02591 -5.11743
0 0 436 0.0637764 8.23753 6.76817 -0.650693
0 0 437 -1.44996 8.23753 3.79913 3.81604
0 0 438 -0.693092 6.0013 0.813592 4.55748
0 0 439 -0.693092 2.28431 0.813592 3.06857
0 0 440 -2.20683 -2.18817 3.05687 2.32713
0 0 441 -2.20683 -3.66892 1.55585 1.57966
0 0 442 -2.20683 0.0480686 -5.88325 -0.650693
0 0 443 -1.44996 1.52882 -8.11003 -1.39214
0 0 444 0.820645 0.0480686 -5.88325 0.838218
0 0 445 5.27776 -1.43268 -2.89771 2.32713
0 0 446 7.46427 -3.66892 -1.41319 3.06857
0 0 447 3.76402 -3.66892 0.813592 2.32713
0 0 448 0.0637764 -0.707417 2.31461 0.0907483
0 0 449 -2.8796 1.52882 0.813592 -2.13961
0 0 450 -3.63647 0.0480686 -2.15545 -5.85887
0 0 451 0.0637764 0.0480686 -0.67093 -7.34778
0 0 452 0.820645 1.52882 3.79913 -5.11743
0 0 453 -2.20683 -2.91343 8.25269 -1.39214
0 0 454 -3.63647 -8.14139 9.75371 0.0907483
0 0 455 0.820645 -11.1029 5.28365 -0.650693
0 0 456 4.52089 -9.62215 0.813592 0.0907483
0 0 457 3.76402 -2.18817 0.813592 2.32713
0 0 458 -1.44996 3.03979 0.813592 3.81604
0 0 459 -5.90708 4.52054 -0.67093 5.29892
0 0 460 -1.44996 6.75678 0.071331 7.53531
0 0 461 0.820645 5.24581 1.55585 7.53531
0 0 462 -2.8796 0.0480686 -2.89771 3.81604
0 0 463 -5.90708 -1.43268 -9.59455 -0.650693
0 0 464 -7.42081 -1.43268 -8.85229 -3.62852
0 0 465 -3.63647 -2.91343 -3.63997 -1.39214
0 0 466 0.820645 -3.66892 -2.89771 3.81604
0 0 467 1.57751 -2.18817 -1.41319 6.04639
0 0 468 0.0637764 3.76506 1.55585 6.78784
0 0 469 1.57751 8.23753 5.28365 7.53531
0 0 470 3.76402 3.03979 4.54139 7.53531
0 0 471 6.03463 -3.66892 -0.67093 6.04639
0 0 472 6.03463 -7.38591 -6.62551 6.04639
0 0 473 3.00715 -11.1029 -11.8213 4.55748
0 0 474 0.820645 -10.3776 -11.8213 1.57966
0 0 475 -2.20683 -5.90516 -5.88325 0.838218
0 0 476 -2.8796 -3.66892 2.31461 -1.39214
0 0 477 1.57751 -2.18817 6.02591 -2.88105
0 0 478 5.27776 3.76506 2.31461 -2.88105
0 0 479 2.25029 2.28431 -2.15545 -0.650693
0 0 480 -2.20683 -5.14967 -5.12449 0.0907483
0 0 481 -2.20683 -8.14139 -5.12449 -0.650693
0 0 482 0.0637764 -3.66892 -4.38223 0.0907483
0 0 483 1.57751 -2.18817 -2.89771 0.838218
0 0 484 1.57751 -5.90516 -4.38223 1.57966
0 0 485 1.57751 -9.62215 -7.36777 0.838218
0 0 486 -0.693092 -7.38591 -5.12449 0.838218
