0 0 0 -6.77016e-06 -1.64927e-06 -4.86512e-07 -9.86526e-07
0 0 1 -6.77016e-06 -1.64927e-06 -4.86512e-07 -9.86526e-07
0 0 2 -6.77016e-06 -1.64927e-06 -4.86512e-07 -9.86526e-07
0 0 3 -6.77016e-06 -1.64927e-06 -4.86512e-07 -9.86526e-07
0 0 4 -6.77016e-06 -1.64927e-06 -4.86512e-07 -9.86526e-07
0 0 5 -6.77016e-06 -1.64927e-06 -4.86512e-07 -9.86526e-07
0 0 6 -6.77016e-06 -1.64927e-06 -4.86512e-07 -9.86526e-07
0 0 7 -6.77016e-06 -1.64927e-06 -4.86512e-07 -9.86526e-07
0 0 8 -6.77016e-06 -1.64927e-06 -4.86512e-07 -9.86526e-07
0 0 9 -6.77016e-06 -1.64927e-06 -4.86512e-07 -9.86526e-07
0 0 10 -6.77016e-06 -1.64927e-06 -4.86512e-07 -9.86526e-07
0 0 11 -6.77016e-06 -1.64927e-06 -4.86512e-07 -9.86526e-07
0 0 12 -6.77016e-06 -1.64927e-06 -4.86512e-07 -9.86526e-07
0 0 13 -6.77016e-06 -1.64927e-06 -4.86512e-07 -9.86526e-07
0 0 14 -6.77016e-06 -1.64927e-06 -4.86512e-07 -9.86526e-07
0 0 15 -6.77016e-06 -1.64927e-06 -4.86512e-07 -9.86526e-07
0 0 16 -6.77016e-06 -1.64927e-06 -4.86512e-07 -9.86526e-07
0 0 17 -6.77016e-06 -1.64927e-06 -4.86512e-07 -9.86526e-07
0 0 18 -6.77016e-06 -1.64927e-06 -4.86512e-07 -9.86526e-07
0 0 19 -6.77016e-06 -1.64927e-06 -4.86512e-07 -9.86526e-07
0 0 20 -6.77016e-06 -1.64927e-06 -4.86512e-07 -9.86526e-07
0 0 21 -6.77016e-06 -1.64927e-06 -4.86512e-07 -9.86526e-07
0 0 22 -6.77016e-06 -1.64927e-06 -4.86512e-07 -9.86526e-07
0 0 23 -6.77016e-06 -1.64927e-06 -4.86512e-07 -9.86526e-07
0 0 24 -6.77016e-06 -1.64927e-06 -4.86512e-07 -9.86526e-07
0 0 25 -6.77016e-06 -1.64927e-06 -4.86512e-07 -9.86526e-07
0 0 26 -6.77016e-06 -1.64927e-06 -4.86512e-07 -9.86526e-07
0 0 27 -6.77016e-06 -1.64927e-06 -4.86512e-07 -9.86526e-07
0 0 28 -6.77016e-06 -1.64927e-06 -4.86512e-07 -9.86526e-07
0 0 29 -6.77016e-06 -1.64927e-06 -4.86512e-07 -9.86526e-07
0 0 30 -6.77016e-06 -1.64927e-06 -4.86512e-07 -9.86526e-07
0 0 31 -6.77016e-06 -1.64927e-06 -4.86512e-07 -9.86526e-07
0 0 32 -6.77016e-06 -1.64927e-06 -4.86512e-07 -9.86526e-07
0 0 33 -6.77016e-06 -1.64927e-06 -4.86512e-07 -9.86526e-07
0 0 34 -6.77016e-06 -1.64927e-06 -4.86512e-07 -9.86526e-07
0 0 35 -6.77016e-06 -1.64927e-06 -4.86512e-07 -9.86526e-07
0 0 36 -6.77016e-06 -1.64927e-06 -4.86512e-07 -9.86526e-07
0 0 37 -6.77016e-06 -1.64927e-06 -4.86512e-07 -9.86526e-07
0 0 38 -6.77016e-06 -1.64927e-06 -4.86512e-07 -9.86526e-07
0 0 39 -6.77016e-06 -1.64927e-06 -4.86512e-07 -9.86526e-07
0 0 40 -6.77016e-06 -1.64927e-06 -4.86512e-07 -9.86526e-07
0 0 41 -6.77016e-06 -1.64927e-06 -4.86512e-07 -9.86526e-07
0 0 42 -6.77016e-06 -1.64927e-06 -4.86512e-07 -9.86526e-07
0 0 43 -6.77016e-06 -1.64927e-06 -4.86512e-07 -9.86526e-07
0 0 44 -6.77016e-06 -1.64927e-06 -4.86512e-07 -9.86526e-07
0 0 45 -6.77016e-06 -1.64927e-06 -4.86512e-07 -9.86526e-07
0 0 46 -6.77016e-06 -1.64927e-06 -4.86512e-07 -9.86526e-07
0 0 47 -6.77016e-06 -1.64927e-06 -4.86512e-07 -9.86526e-07
0 0 48 -6.77016e-06 -1.64927e-06 -4.86512e-07 -9.86526e-07
0 0 49 -6.77016e-06 -1.64927e-06 -4.86512e-07 -9.86526e-07
0 0 50 -6.77016e-06 -1.64927e-06 -4.86512e-07 -9.86526e-07
0 0 51 -6.77016e-06 -1.64927e-06 -4.86512e-07 -9.86526e-07
0 0 52 -6.77016e-06 -1.64927e-06 -4.86512e-07 -9.86526e-07
0 0 53 -6.77016e-06 -1.64927e-06 -4.86512e-07 -9.86526e-07
0 0 54 -6.77016e-06 -1.64927e-06 -4.86512e-07 -9.86526e-07
0 0 55 -6.77016e-06 -1.64927e-06 -4.86512e-07 -9.86526e-07
0 0 56 -6.77016e-06 -1.64927e-06 -4.86512e-07 -9.86526e-07
0 0 57 -6.77016e-06 -1.64927e-06 -4.86512e-07 -9.86526e-07
0 0 58 -6.77016e-06 -1.64927e-06 -4.86512e-07 -9.86526e-07
0 0 59 -6.77016e-06 -1.64927e-06 -4.86512e-07 -9.86526e-07
0 0 60 -6.77016e-06 -1.64927e-06 -4.86512e-07 -9.86526e-07
0 0 61 -0.00254993 0.00127132 -0.00256262 -0.000286613
0 0 62 -0.00512612 -0.000917257 0.000556499 -0.000361712
0 0 63 -0.00223616 0.000869552 0.00384271 0.00109597
0 0 64 0.00131435 -0.000416104 0.000950101 0.00233204
0 0 65 -0.00342517 -0.00275482 0.000864697 -0.00159901
0 0 66 0.000851959 0.00174287 -0.000913942 0.00127817
0 0 67 -0.00550594 -0.000449938 -0.000936222 0.000655215
0 0 68 -0.00141046 0.00116559 0.000849844 -0.00315888
0 0 69 -0.000997611 0.00107467 -0.00108846 0.000433608
0 0 70 -0.00136092 0.000548138 -0.00114788 -0.00268119
0 0 71 -0.00167469 0.00107467 -0.00158975 0.000612124
0 0 72 -0.000931555 -0.00356047 0.00577359 -0.00277107
0 0 73 -0.000782929 0.000888584 -0.000505486 8.86265e-06
0 0 74 0.00154555 -0.00119638 0.00146995 9.99675e-05
0 0 75 -0.000270995 0.00181688 -0.00358004 -0.000827086
0 0 76 0.00166115 0.00046567 -0.00256262 -0.000984673
0 0 77 -0.00182331 -0.00116466 -0.00290424 0.0028799
0 0 78 0.000951043 0.00273037 0.00204179 -0.00134663
0 0 79 0.00149601 0.00153776 -0.00102905 -0.00184032
0 0 80 7.58e-05 0.00145317 -0.00010817 -0.000937889
0 0 81 0.00197491 -0.00267235 7.74914e-05 -0.00306654
0 0 82 -0.00139395 0.000241526 9.97708e-05 -0.0037092
0 0 83 0.000455622 -0.000674082 -0.000193575 0.00342776
0 0 84 -0.00230222 -0.00419061 0.0021012 0.00199716
0 0 85 0.00322998 -0.00190899 -0.00198707 -0.00197944
0 0 86 0.000505164 0.00104929 0.000601057 0.00327633
0 0 87 0.000637277 0.00127132 0.00127687 -0.00106962
0 0 88 0.00356026 0.0028361 0.00338598 -0.00338171
0 0 89 -0.00202148 0.000448754 -0.0035392 -0.000317391
0 0 90 -0.000782929 -0.00331518 -0.00115159 -0.000888643
0 0 91 0.00318044 -0.00329403 -0.000654016 -0.000185659
0 0 92 0.000587735 -0.000574697 0.00355308 0.00181126
0 0 93 0.000224426 -0.00125982 0.00146624 -0.000577163
0 0 94 0.000918015 0.000607346 0.000690175 -0.000386335
0 0 95 0.00237125 0.000630606 -0.00278913 -0.00058455
0 0 96 0.00144646 0.0029228 0.000411683 0.00143822
0 0 97 -0.000964583 -0.000365355 -0.000657729 -0.00269843
0 0 98 -0.00215359 0.000897042 0.00435885 -0.00149683
0 0 99 0.00299878 0.00165194 0.00133999 0.000322805
0 0 100 -0.000287509 -0.000287116 -0.00181626 0.00303625
0 0 101 0.00179326 0.00116559 0.0022683 0.000731546
0 0 102 -0.00207102 -0.000640249 0.00276587 -0.00358609
0 0 103 0.00118224 -0.00157489 0.0038947 -0.00373259
0 0 104 0.000538193 0.000765939 -0.000557472 0.00231972
0 0 105 -0.000502191 0.00201142 -0.00228413 0.000790641
0 0 106 -0.00114624 0.000137912 0.00203065 0.0013225
0 0 107 -0.00344169 -0.00142264 -0.000145303 0.00193191
0 0 108 -0.00243433 -0.00246723 0.000909256 -0.00159778
0 0 109 -0.000815957 0.00158428 0.00175216 0.000498859
0 0 110 0.00106664 -0.00497511 -0.00159346 0.000983931
0 0 111 -0.000270995 -0.00265543 -0.00121843 0.000857123
0 0 112 0.00334558 0.000207693 0.000482234 0.00218307
0 0 113 0.00367586 0.00488723 -0.0025292 0.00124001
0 0 114 -0.00198845 -0.00104836 -0.00152291 -0.00161256
0 0 115 -0.00316095 0.00318289 0.0039801 0.000310494
0 0 116 -8.93403e-05 0.00284456 0.0005008 -0.00260732
0 0 117 0.000207912 -0.00153683 -0.00187938 -0.00146974
0 0 118 -0.00221965 -0.00123867 0.000760727 0.000434839
0 0 119 -0.00137743 0.00108312 -0.00305277 0.00372569
0 0 120 -0.00183983 -0.00219657 0.000393116 -0.00332016
0 0 121 -0.000766415 0.000664439 0.000738447 0.00033881
0 0 122 0.00319695 0.00263945 -0.003736 -8.34733e-05
0 0 123 0.000984071 0.00135167 0.000337418 -0.000776609
0 0 124 0.00200794 -0.000881309 0.000961241 -0.000136413
0 0 125 -0.000320537 -0.00204009 -0.00164174 -0.0010093
0 0 126 -0.00127835 0.00193107 -0.00319758 -0.000920653
0 0 127 -0.000469163 -0.001983 -0.00187567 0.00155026
0 0 128 0.000736361 -2.91386e-05 -0.00265545 -0.00161256
0 0 129 -0.000584761 0.00157582 -0.00125927 0.00112059
0 0 130 -0.00108018 -0.000743862 -0.000501773 -0.00293727
0 0 131 -0.000700359 0.00041492 -0.000104457 0.0025795
0 0 132 0.00407219 -0.00232133 0.0030258 -0.00106716
0 0 133 0.000439108 0.00220384 -0.00271115 -0.00164457
0 0 134 0.000554707 -0.000667738 0.00152937 -0.00202868
0 0 135 0.00154555 0.00217636 -0.00322729 0.000187379
0 0 136 -0.000584761 -0.00229384 0.00426231 0.000431146
0 0 137 -0.00170771 -0.000490114 -7.91298e-06 0.00103318
0 0 138 0.000207912 -3.97115e-05 -0.000839677 -0.00103146
0 0 139 -0.00221965 -0.00203375 0.00256907 -0.00143897
0 0 140 -0.000502191 0.0033436 0.00039683 0.00410242
0 0 141 -0.0026325 -0.00122175 -0.000182435 -0.0028437
0 0 142 0.000752875 0.00085475 0.000593631 0.000544411
0 0 143 -0.00256644 0.000918187 -0.0018274 -0.00188341
0 0 144 -0.00134441 -0.00151568 0.00188955 0.00241699
0 0 145 -0.00174074 0.000178089 0.00230172 -0.0026184
0 0 146 0.000984071 -0.000929944 0.00108378 -3.17652e-05
0 0 147 0.000125342 0.00046567 -0.000423795 -0.000843091
0 0 148 0.00189234 -0.000862278 0.00123602 0.00355703
0 0 149 -0.00205451 -0.00227481 -0.000434935 0.00233696
0 0 150 0.00126481 0.00191203 -0.00048692 -0.00226753
0 0 151 -0.000667331 -0.000832674 0.000771866 -0.00038018
0 0 152 0.00179326 -0.00135286 -0.00175685 -0.00293358
0 0 153 0.00119875 -0.00224732 -0.00162317 -0.00139095
0 0 154 0.000884987 0.000357827 -0.000501773 -0.00379169
0 0 155 0.00128132 0.000708845 0.00251337 0.000346197
0 0 156 0.00503001 0.0021108 0.00181157 0.000362202
0 0 157 0.00126481 0.00213195 -0.00273343 -0.000519299
0 0 158 0.00250336 0.00256332 -0.0015749 0.000979006
0 0 159 0.000703333 0.00216155 -0.00228413 -0.00175291
0 0 160 0.00169417 0.00156102 0.00160363 -0.000849247
0 0 161 0.000273968 -0.00206758 0.00118404 0.00283434
0 0 162 0.00200794 -0.0043788 -0.000375523 0.00371708
0 0 163 -0.000848985 0.000658096 -0.00425957 -0.000603017
0 0 164 -0.00302884 -0.000917257 -0.00334982 0.00362351
0 0 165 0.00126481 0.000323994 -0.00011931 7.78068e-05
0 0 166 -0.000105854 -0.00160238 0.000608484 0.000214464
0 0 167 -0.00281415 0.000427608 -0.00119986 0.00183342
0 0 168 0.000439108 0.00117828 -0.0013781 -0.00138972
0 0 169 -0.00203799 -0.0020845 0.00140683 -0.000424501
0 0 170 -0.00243433 0.0012248 -0.000301258 0.000665064
0 0 171 0.00139692 -0.000866507 -0.00105133 -0.000450355
0 0 172 -0.000436135 0.000167516 -0.00199449 -0.00293235
0 0 173 -0.00185634 -0.000574697 0.00106521 -0.000461435
0 0 174 -0.00142698 0.00164137 -0.0016046 0.000892826
0 0 175 -0.000617789 0.000875896 0.00194154 -0.00040234
0 0 176 0.00108316 0.00316386 -0.00048692 -0.000653494
0 0 177 0.00134738 -0.00112237 -5.98983e-05 0.00300055
0 0 178 0.000620763 0.00274517 0.000597344 0.00160443
0 0 179 0.00375843 -4.1826e-05 0.00256536 -0.000465129
0 0 180 0.00015837 -0.0015474 0.00107264 0.00228525
0 0 181 -0.00299581 -0.00259834 0.00132142 0.00181495
0 0 182 0.002074 0.00170058 0.00222003 -0.00406746
0 0 183 -0.00624907 0.0011952 0.00151823 0.00541236
0 0 184 -7.28262e-05 -8.20028e-05 0.00406179 0.000964232
0 0 185 0.000604249 -0.00331095 0.00113948 -0.00281908
0 0 186 0.00108316 -0.00194282 0.00167047 0.000170143
0 0 187 -0.000386593 0.000852636 -0.00368402 0.000271097
0 0 188 -0.00104715 -0.00193859 -0.0015192 0.00113536
0 0 189 0.00214005 -0.000955319 0.00141797 -0.00339033
0 0 190 -0.000617789 -0.00117312 -8.96041e-05 0.000397905
0 0 191 0.000686819 -0.00222406 -0.000342104 0.0021252
0 0 192 -0.00106367 -0.000323063 -0.00143379 -0.000651032
0 0 193 0.00367586 0.00323787 0.000188888 -0.00037033
0 0 194 -0.000650817 0.0042 0.00291069 -0.00180954
0 0 195 -0.00104715 -0.000762893 7.37782e-05 0.000529638
0 0 196 -0.00132789 0.00127132 0.000493374 -0.00207916
0 0 197 0.000884987 -0.00175463 -0.00281883 -0.000493445
0 0 198 0.000802417 -0.00145436 0.00202694 0.00119815
0 0 199 -0.000915041 0.00155679 9.97708e-05 -0.000415883
0 0 200 -0.00147652 -0.00230441 -0.00217273 0.00175217
0 0 201 0.000703333 0.00171115 0.00154051 0.00324924
0 0 202 -0.000601275 0.00300104 0.00180786 -0.000647338
0 0 203 0.000174884 0.00249354 -0.000813685 -0.000259527
0 0 204 0.00574011 -0.000411875 0.00295896 -0.00465595
0 0 205 -0.000782929 0.00413656 0.000422822 -0.00236356
0 0 206 0.000538193 5.12149e-05 -0.00167516 0.00223108
0 0 207 0.00291621 -0.00141207 -0.00117387 -0.00228969
0 0 208 -0.000882013 -0.000268085 -0.00075056 0.000903906
0 0 209 0.00119875 -0.000843247 -0.000687435 0.00144069
0 0 210 9.2314e-05 -0.00199569 -0.0021356 0.000881746
0 0 211 -0.000667331 0.000624263 0.00280301 0.00157119
0 0 212 -0.0016912 0.000909729 -0.00114788 0.000506246
0 0 213 0.00291621 0.00144683 -0.000694861 1.37872e-05
0 0 214 -0.000898527 -0.00274424 -0.000731994 -0.00161748
0 0 215 0.00176023 -0.00233825 -0.00463089 0.00122154
0 0 216 -0.000403107 0.00121634 0.000311425 -0.0033534
0 0 217 -5.63122e-05 -0.00165313 -0.00382883 0.00124247
0 0 218 -0.000353565 0.000207693 0.00126573 -0.000987135
0 0 219 -0.00025448 0.000436066 -0.000524053 0.0014493
0 0 220 -0.000716873 0.00295452 -0.00118872 0.000440995
0 0 221 0.00182629 0.00192261 0.00182642 -0.000674424
0 0 222 -0.0018068 -0.000261741 0.00154051 -0.00204715
0 0 223 -0.000931555 -0.000325178 0.00146995 -0.00424721
0 0 224 -0.00149303 0.000226724 0.00189326 -0.00174183
0 0 225 0.00225565 -0.00147339 0.000329991 -0.00144389
0 0 226 0.00139692 0.00103237 -0.00172714 0.000359739
0 0 227 -0.00127835 -0.00247358 0.000953815 -0.000843091
0 0 228 -0.00131138 0.00361215 0.00051194 0.00156749
0 0 229 -0.00106367 0.00149124 0.00158135 0.000264941
0 0 230 -0.000122368 -0.00454797 0.00218661 0.00146285
0 0 231 -0.00188937 -0.00157066 0.000140616 -0.00114226
0 0 232 0.00111618 0.000522763 -0.00336468 0.00012459
0 0 233 0.000356538 -0.00445493 -0.0017717 -0.00302591
0 0 234 0.000769389 0.000395889 0.000972381 -0.00431862
0 0 235 0.000472136 0.00432476 0.00119517 0.000530869
0 0 236 0.000951043 0.000907615 -0.000293832 -0.00188833
0 0 237 0.00123178 -0.00158123 0.0025208 -0.000492214
0 0 238 0.000571221 -0.00311006 0.000883263 0.0022003
0 0 239 0.00032351 0.000472014 0.00435514 -0.000481134
0 0 240 0.00162812 -0.000418219 0.00158506 0.00279987
0 0 241 0.0019584 5.5444e-05 -0.00108846 0.00137051
0 0 242 -0.00126184 0.00145106 -0.000327251 -0.00154977
0 0 243 -0.00116275 -0.00124501 0.00159249 0.0013582
0 0 244 0.00015837 -0.000807299 0.00163705 -0.000828317
0 0 245 0.00285016 0.00114868 0.000155469 -0.0026381
0 0 246 0.00260245 0.00242164 0.00143654 -0.00333986
0 0 247 0.000951043 -0.00271041 0.00194154 0.00135081
0 0 248 -0.000568247 -0.00189419 -0.00100677 3.34856e-05
0 0 249 -2.32842e-05 -0.000107378 0.000422822 0.000170143
0 0 250 -0.000650817 0.000178089 9.97708e-05 -0.00236479
0 0 251 0.0016116 -0.00233613 -4.19975e-06 0.00215598
0 0 252 0.00200794 -0.00151145 5.5212e-05 0.00115014
0 0 253 0.000356538 -0.00191533 0.00246881 3.34856e-05
0 0 254 0.000554707 -0.00140995 -0.00344265 -0.00218627
0 0 255 0.0028997 0.000865323 0.00076444 -0.00254946
0 0 256 0.000422594 -0.00538322 -0.00210589 -0.00199175
0 0 257 0.00293273 0.000797657 -0.0016603 -0.00118289
0 0 258 0.00242079 0.00416405 8.49179e-05 -0.000222593
0 0 259 -0.00276461 -0.00174617 -0.000657729 0.00318153
0 0 260 -0.00195542 0.000653867 -0.00100306 -0.00208778
0 0 261 -0.000551733 -0.000259626 0.00168904 -0.00187602
0 0 262 -0.000535219 0.000892813 -0.00212446 -0.000404803
0 0 263 0.00192537 -0.00134651 0.000749587 -0.000167191
0 0 264 0.00139692 0.000374744 -0.00151177 0.000479161
0 0 265 0.000868473 0.00357197 -0.000327251 -0.000340783
0 0 266 -0.00377197 0.00267116 0.000771866 -0.00177507
0 0 267 0.000587735 0.000768053 0.000794146 -0.00146851
0 0 268 0.00270153 -0.00333632 5.5212e-05 -0.00145866
0 0 269 -0.00132789 -0.0027379 0.00312977 -0.000668268
0 0 270 -0.00111321 -0.000215221 0.00113205 -0.0021518
0 0 271 -0.000650817 0.000467785 0.00142911 0.00257703
0 0 272 0.00313089 -0.00167216 0.000586205 0.00330095
0 0 273 0.000472136 0.000514305 0.00165562 0.00240098
0 0 274 -0.000122368 0.00112119 0.0010615 -0.000207819
0 0 275 0.00128132 0.00275786 -0.00106618 -0.00334478
0 0 276 0.00306484 0.00159062 -0.00191652 -0.000786458
0 0 277 0.00276759 0.00108312 0.00164076 -0.00167904
0 0 278 0.0016116 -0.00106105 -0.00184596 0.00111936
0 0 279 0.00147949 -0.000441479 0.00122117 0.00257827
0 0 280 -0.00114624 0.00159273 -0.00396993 -0.000676886
0 0 281 0.00152903 0.0006877 -0.00245493 -0.00305669
0 0 282 -0.000782929 -0.00205701 -0.00255148 0.000656446
0 0 283 0.000719847 0.00129458 0.000289146 -0.00328322
0 0 284 0.00176023 0.00195433 0.00135856 -0.00261964
0 0 285 0.000207912 -0.00142264 0.000355984 -0.00221089
0 0 286 -0.000683845 0.00103237 0.00217918 0.00233573
0 0 287 0.0012483 -0.000578926 -8.96041e-05 -0.00202376
0 0 288 0.00215657 0.00356985 -0.000193575 -0.000751986
0 0 289 -0.00183983 -0.00277385 0.0021569 9.50429e-05
0 0 290 -3.97982e-05 0.00161177 -0.00249207 0.00148378
0 0 291 0.000422594 0.00418096 0.00128058 -0.00331523
0 0 292 -0.000584761 -0.000913028 0.000140616 -0.00290895
0 0 293 0.000340024 0.00165194 0.00105407 0.000837424
0 0 294 -0.00141046 0.00287628 0.000820138 0.00488174
0 0 295 -0.000865499 -0.00233402 0.00298495 0.00126956
0 0 296 0.0017272 0.000277474 -0.00141523 8.15003e-05
0 0 297 -0.0016912 0.000916073 0.00129543 0.00120061
0 0 298 0.00276759 7.0246e-05 0.00279187 -0.00223798
0 0 299 -0.000584761 0.00291011 0.00406179 0.00189867
0 0 300 -0.00154257 0.00083149 0.000229734 0.00193068
0 0 301 0.00209051 -0.000948975 0.00137341 -0.000462666
0 0 302 0.00105013 -0.00329826 -0.000238134 0.000955614
0 0 303 -0.00243433 5.33295e-05 0.00380187 -0.00137987
0 0 304 0.000984071 0.000239411 -0.00118501 -0.00107332
0 0 305 -0.000138882 0.000463556 -0.00171229 0.0021289
0 0 306 0.00190886 -0.00127462 -0.000145303 0.000175067
0 0 307 0.000736361 -0.000369584 0.00117661 0.00115506
0 0 308 -0.000122368 0.00137282 -0.00222471 -0.0014008
0 0 309 0.00103361 -0.000488 -0.00568545 0.00051117
0 0 310 -0.000469163 -0.000663509 0.00296639 0.00341052
0 0 311 0.000389566 -0.000246939 -0.00160832 0.00165737
0 0 312 9.2314e-05 0.00315963 -0.000858244 -0.00128877
0 0 313 0.000736361 0.00229477 0.00356793 0.000908831
0 0 314 0.00156206 -0.00241437 -0.00246607 0.000780792
0 0 315 0.00169417 -0.00174194 0.000560212 -0.000428194
0 0 316 -0.00182331 0.000334567 -0.000297545 -0.00251499
0 0 317 -0.00306186 0.00477304 0.00156279 0.00187282
0 0 318 0.00182629 0.00176824 -0.000965927 0.0024453
0 0 319 0.00199143 -3.12532e-05 0.00125087 -0.00161748
0 0 320 -0.00197194 0.000472014 -0.0028931 0.00249209
0 0 321 -0.000766415 0.000645408 -0.00174571 0.00122154
0 0 322 0.00230519 0.000552367 0.00114319 0.00136682
0 0 323 -0.000485677 -1.43367e-05 0.00329687 -0.000499601
0 0 324 -0.00160863 -0.00590129 0.000493374 -0.00109301
0 0 325 -0.00205451 0.0027494 -0.00123699 -0.00116565
0 0 326 -0.00132789 -0.00121541 -0.000795119 -4.77701e-05
0 0 327 0.00209051 -0.00271252 0.00122117 -0.000944045
0 0 328 0.0011327 -0.00110122 -0.000416369 -0.00125429
0 0 329 0.00147949 0.000131568 -0.000126736 -0.00363656
0 0 330 0.00154555 0.00368404 0.000471094 0.000234162
0 0 331 0.000835445 0.00031765 -0.00291166 -0.000110559
0 0 332 0.000439108 0.00181688 0.00111348 0.00341298
0 0 333 -0.00025448 -0.00083056 -0.00121471 0.00218061
0 0 334 -0.00111321 -0.0014755 -0.00152663 0.000555492
0 0 335 -0.000370079 0.000880125 0.00145881 0.000534562
0 0 336 -0.00167469 -0.00209084 3.29326e-05 -0.000710127
0 0 337 -0.00025448 0.00375594 0.00099466 -6.3775e-05
0 0 338 -0.0019224 -0.000107378 -0.000713427 0.000555492
0 0 339 -0.000584761 0.00130938 -0.000304972 -0.00129862
0 0 340 -0.00112972 0.00173018 -0.00294137 -0.000769222
0 0 341 0.00141344 -0.00263429 -0.00270743 -0.00171351
0 0 342 -0.00106367 -0.00119427 -0.000516626 -0.000216437
0 0 343 0.00166115 -0.00245878 0.00142911 -0.00109548
0 0 344 -7.28262e-05 -0.00325597 -0.00202049 -0.000436812
0 0 345 0.000884987 0.000315536 0.00112462 -0.000733519
0 0 346 -0.000848985 -0.00129154 0.00306665 -0.0024682
0 0 347 0.000257454 0.00396528 0.00112834 0.000266172
0 0 348 0.000306996 -0.00342725 -0.00294879 0.00327017
0 0 349 0.00147949 0.000175974 -0.00203905 -0.000378949
0 0 350 -0.000782929 0.00311522 0.00105407 0.000828806
0 0 351 0.000802417 -0.00075655 0.00138084 7.9038e-05
0 0 352 0.000306996 -0.000204648 0.00130286 0.000711847
0 0 353 -0.000733387 0.00403506 -0.00105505 0.000343735
0 0 354 -0.00165817 -0.000703686 0.000274293 -0.000557465
0 0 355 -0.000551733 -0.000883424 0.00464848 -0.00134909
0 0 356 0.00144646 0.00219327 0.00329315 -0.000138875
0 0 357 -0.00210405 -0.000424563 0.00326716 -0.000126563
0 0 358 0.000686819 0.00364386 -0.0011553 0.000491472
0 0 359 0.000125342 -0.00158123 -0.000535192 0.00228402
0 0 360 -0.000683845 -0.000346324 0.00012205 0.00101594
0 0 361 0.00273456 0.000410691 -0.00245865 0.000634285
0 0 362 -0.000155396 -0.000872851 -0.000505486 0.00150347
0 0 363 -0.000584761 0.00209812 -0.00184968 -0.00133186
0 0 364 -0.00017191 -0.00102299 0.00183014 -0.00236971
0 0 365 0.00139692 -0.00220714 0.00220517 0.00116491
0 0 366 0.00286667 -0.000151784 -0.00100306 0.000406523
0 0 367 -7.28262e-05 -0.000695227 -0.00119243 -0.000678117
0 0 368 -0.00134441 0.00198816 -0.000442361 -0.000755679
0 0 369 -3.97982e-05 0.00310042 1.06532e-05 0.00164136
0 0 370 2.62579e-05 -0.00287746 -0.00302677 0.000374513
0 0 371 0.0018428 -0.00141841 0.000794146 0.00152933
0 0 372 0.00230519 0.00234129 -0.00061317 -8.59356e-05
0 0 373 -0.000188424 0.00229266 0.0026322 -0.00245835
0 0 374 -0.00307838 -0.00203586 0.00206779 -0.00329553
0 0 375 -2.32842e-05 -0.000515489 -8.96041e-05 0.00168815
0 0 376 0.00299878 -0.00518445 0.000478521 0.00469953
0 0 377 0.00133087 0.00351276 -0.00131126 0.0010738
0 0 378 0.00121527 0.00323364 -0.000115597 0.00208458
0 0 379 -0.000931555 -0.000361126 0.0041212 -0.000721207
0 0 380 -0.0015756 0.000647523 -0.00152663 -0.000828317
0 0 381 -0.000882013 -0.000198304 -0.00179769 0.00102456
0 0 382 0.0017272 9.56208e-05 0.00138826 -0.000908341
0 0 383 0.00529423 0.00237935 -0.000561185 0.00185558
0 0 384 -0.000204938 0.00144683 -0.0026146 0.000280946
0 0 385 0.00167766 -0.00157489 -0.000297545 -0.000909573
0 0 386 0.000686819 0.00119097 0.0011469 -0.00193266
0 0 387 0.000422594 -8.41174e-05 -0.000913942 0.00103441
0 0 388 -0.000865499 0.000423379 0.00198981 0.00260289
0 0 389 0.0027841 -0.00190053 -0.00209846 0.000278484
0 0 390 0.00171069 -0.00307412 0.00100209 0.00145546
0 0 391 -0.00456464 -0.00105047 0.00436999 0.00346715
0 0 392 -0.000452649 0.00108101 0.00148852 0.00148624
0 0 393 0.00214005 -0.00134228 -0.000583464 0.000335116
0 0 394 0.00395659 0.00172807 -0.00138924 -0.000399878
0 0 395 0.00299878 0.00208966 -0.00223957 0.00468106
0 0 396 -0.000287509 -0.00207815 -0.000843391 3.7179e-05
0 0 397 -0.00278113 -0.00203163 -0.00146721 -0.00174675
0 0 398 0.000207912 0.000975281 0.000207455 0.000130746
0 0 399 0.00200794 -0.00375712 -0.000431222 0.000940841
0 0 400 -0.00141046 0.00155256 0.00250223 0.000944534
0 0 401 0.000257454 0.000763824 0.000140616 0.000400367
0 0 402 0.00114921 0.00194375 -0.00123699 0.000605969
0 0 403 -0.000485677 -0.00389245 0.000964954 0.0014333
0 0 404 -0.00370591 -0.00249684 -4.13321e-05 0.00132619
0 0 405 0.00123178 0.000309192 -0.00336839 -0.00167288
0 0 406 -0.000749901 0.00181053 0.00172617 -0.00167904
0 0 407 -0.00228571 -0.000633905 0.00171503 0.00176078
0 0 408 -0.00164166 0.000436066 0.00231286 -0.00160763
0 0 409 0.00171069 0.000199235 0.00358278 -0.000302617
0 0 410 -0.00207102 0.000721533 0.00163705 -6.99307e-05
0 0 411 0.00149601 0.000992197 0.000552785 0.000625667
0 0 412 -0.00154257 0.0028657 -0.000420082 0.00187036
0 0 413 0.000653791 -0.00214582 -0.000650303 -0.00390988
0 0 414 0.00217308 -0.00159815 0.00104293 0.00319507
0 0 415 -0.000634303 -0.00134228 0.00332286 -0.00184648
0 0 416 0.00271804 0.00101546 0.000697602 0.00200332
0 0 417 0.00123178 0.0014574 -0.000304972 -0.00360578
0 0 418 0.00362631 -0.00051126 0.00276959 0.00321846
0 0 419 2.62579e-05 0.00383206 -0.00173457 0.000147982
0 0 420 0.00141344 -0.000739633 0.000656756 -0.000958819
0 0 421 0.000719847 -5.02843e-05 0.000972381 -0.000438044
0 0 422 0.00268502 0.00403506 0.00285128 0.000928529
0 0 423 -0.00248387 0.000486816 0.00618205 -0.0024916
0 0 424 -0.0015756 -0.00284363 -0.00120357 -0.000425732
0 0 425 5.92859e-05 -0.000553551 0.000775579 0.0014727
0 0 426 0.00176023 -0.000676196 -0.000628023 -0.000333396
0 0 427 -0.000650817 -0.000934173 0.000430249 -0.000564852
0 0 428 -0.000485677 -0.000128523 0.00213091 0.00215106
0 0 429 0.00157858 -0.000572582 0.0015665 -0.00216657
0 0 430 -0.000287509 0.0016604 0.000660469 0.000620742
0 0 431 0.00656581 0.00103872 -0.00114045 0.000948227
0 0 432 -0.00213708 0.000664439 0.00300723 0.00174232
0 0 433 -0.00025448 0.00123749 0.00052308 -0.00258024
0 0 434 0.0044355 -0.000147554 0.0005008 0.00151579
0 0 435 -0.000915041 -0.00406796 -0.000969641 0.000852198
0 0 436 -0.00134441 -0.000798841 0.000456241 -0.002547
0 0 437 0.00169417 -0.00187938 -0.00103277 0.000400367
0 0 438 -8.93403e-05 -0.00355835 0.00429201 0.000801721
0 0 439 0.000967557 -0.00524366 -0.000290119 -0.000513143
0 0 440 -0.00152606 -0.00265543 -0.00206876 -0.000516837
0 0 441 0.00311438 -0.00183709 -0.000958501 0.00216214
0 0 442 -0.000419621 -0.000720602 -0.000702288 0.00181495
0 0 443 -0.00119578 -0.000726946 0.000411683 0.000363433
0 0 444 -0.000865499 -0.00322636 -0.000564898 0.002955
0 0 445 0.00194188 0.00106409 0.00129543 0.00193438
0 0 446 0.00118224 0.00254006 0.00303694 0.00108858
0 0 447 -0.00205451 0.000307078 0.00451109 7.9038e-05
0 0 448 -0.00241782 -0.000439365 -0.00310104 -0.00188464
0 0 449 -0.00370591 0.0024872 8.49179e-05 -0.000588243
0 0 450 -6.77016e-06 0.00138128 -0.00261832 0.00120677
0 0 451 -0.000915041 -0.00109911 -0.00438953 -0.00401576
0 0 452 -0.00235176 0.000649637 -0.00244379 -0.000129026
0 0 453 -0.00139395 -0.00239322 0.00307036 0.00157365
0 0 454 -0.000667331 0.00238993 4.77855e-05 -0.00372151
0 0 455 -0.000370079 -0.00111814 9.23443e-05 0.00114521
0 0 456 0.0017272 -0.00235728 0.00255793 -0.00150052
0 0 457 -0.000237966 0.00148278 -0.0022767 0.00153302
0 0 458 0.00227216 0.000653867 -0.00128898 0.00114398
0 0 459 -0.00121229 0.00107889 0.000419109 0.00453086
0 0 460 -0.000270995 -0.00164467 -0.000319825 -0.000350632
0 0 461 0.00329603 0.00103449 -0.0023621 0.000215695
0 0 462 -0.00471327 -0.000285001 -0.0013781 -0.00161256
0 0 463 -0.00183983 -0.000767123 -0.000579751 0.000122128
0 0 464 -0.000204938 0.00200719 -0.00202049 -0.0014919
0 0 465 -0.000122368 -0.000255397 -0.00213188 0.000995011
0 0 466 -0.000782929 0.00169635 -0.00142637 -0.00292865
0 0 467 0.000637277 0.000304963 0.000452528 -0.0011755
0 0 468 -0.000617789 -0.000136982 -0.00280027 0.000735239
0 0 469 -0.000485677 -0.00104202 0.00290698 0.00500609
0 0 470 0.00263547 0.0017767 0.00367933 0.000769711
0 0 471 -0.00228571 0.00125652 -0.00140409 6.30331e-05
0 0 472 -0.000485677 0.00173441 -0.000583464 0.000777098
0 0 473 0.00187583 0.00148912 0.00108006 0.00440775
0 0 474 -0.000270995 0.00200719 0.00125459 -0.000447893
0 0 475 -0.000386593 0.000691929 0.00374245 0.00155641
0 0 476 -0.00152606 -0.000953205 0.00263962 0.00231111
0 0 477 0.000373052 0.00316386 0.000864697 0.00217076
0 0 478 0.00303181 -0.00058527 0.0034454 0.00185928
0 0 479 -0.00250039 0.00056294 -0.000104457 0.00339328
0 0 480 0.00233822 6.81314e-05 0.000872124 0.000830037
0 0 481 0.000951043 -0.00495185 0.000471094 -0.00115211
0 0 482 0.000340024 -0.00280979 -0.00350578 0.00349424
0 0 483 0.00382448 0.00034514 -0.00239552 -0.00127769
0 0 484 -0.000204938 -0.00287535 -0.00152291 0.000831269
0 0 485 0.000191398 -0.00060853 -0.00217644 0.000842349
0 0 486 0.000670305 0.000131568 -0.00098078 0.000625667
0 0 487 -0.00388757 -0.00200203 0.000901829 0.00201071
0 0 488 -6.77016e-06 -0.000587384 -0.000546332 -0.00147221
0 0 489 0.000901501 0.00128612 -0.00237324 -0.000191814
0 0 490 0.000505164 0.00144049 0.000987234 0.00127202
0 0 491 -0.000436135 -0.00325808 0.00138455 0.000486548
0 0 492 0.00139692 -0.000115836 -0.000884236 -0.0017923
0 0 493 0.00032351 -0.000614874 0.000641903 0.00450624
0 0 494 0.00256942 0.0029524 -0.00361346 -0.00156454
0 0 495 0.00111618 -0.00153894 0.0023797 0.00128064
0 0 496 0.00138041 -0.000210991 0.00292183 -5.26947e-05
0 0 497 -0.00121229 -0.00185401 0.0036719 0.00356441
0 0 498 0.00131435 0.00142568 -0.00226185 -0.00150299
0 0 499 -0.00111321 -0.000164471 0.00122488 0.000448382
0 0 500 0.00157858 -0.0013148 0.00128429 0.00298331
0 0 501 -0.00131138 -0.0016933 -0.00183111 -0.00247682
0 0 502 0.00169417 0.00220384 0.000563925 -0.000223824
0 0 503 0.00108316 0.00108312 -0.00141523 -0.00155592
0 0 504 -0.000370079 -0.000208877 0.00143654 -0.00199175
0 0 505 0.00111618 0.00145317 -0.00259604 0.00249332
0 0 506 0.00260245 -0.00058527 -0.00231383 0.00178171
0 0 507 0.00228868 2.37255e-05 -0.00360975 -0.00200776
0 0 508 0.000637277 0.00297989 -0.00259604 0.000129515
0 0 509 -0.000948069 -0.000246939 2.92194e-05 0.00708796
0 0 510 -0.00155909 0.00196701 -0.000304972 -0.000647338
0 0 511 0.00209051 -0.000227908 0.00421403 0.00040283
0 0 512 -0.00279764 0.00242376 0.0013697 0.00316675
0 0 513 0.000373052 -0.00105682 0.000226021 -0.00105362
0 0 514 0.000224426 -0.00443801 0.000274293 -0.00179354
0 0 515 0.000967557 -0.00083056 -0.00228413 0.000911293
0 0 516 0.00126481 -0.00245243 0.00116547 -0.00164334
0 0 517 -0.000667331 -0.00332786 0.00136227 0.000423759
0 0 518 0.000670305 -0.00367888 0.00061591 0.000666295
0 0 519 -0.00117927 -0.00331729 -0.000735707 -0.000825855
0 0 520 -0.00017191 -0.00122387 0.000166609 -0.000375255
0 0 521 -0.00126184 -0.00154105 0.0010912 0.00134589
0 0 522 -0.00213708 -0.00143744 0.000166609 -0.00258886
0 0 523 -0.000964583 0.00209389 4.77855e-05 -0.00175906
0 0 524 0.00228868 0.000818803 0.000823852 0.000699536
0 0 525 -8.93403e-05 -0.00138035 0.000497087 0.00033881
0 0 526 0.0019584 -0.000602186 -0.000238134 0.00274447
0 0 527 0.00164463 -0.00217542 -0.00103277 0.00268414
0 0 528 0.00131435 -0.000515489 -0.00115902 -0.000721207
0 0 529 -0.000403107 0.000941448 -0.00224699 -0.0031441
0 0 530 -0.00218662 0.000188662 -0.000364383 -0.00106716
0 0 531 0.000653791 0.00398642 -0.00313446 0.00117968
0 0 532 0.00217308 0.00184014 -0.00122957 -0.000488521
0 0 533 0.00164463 -0.00126405 0.00330058 0.00199101
0 0 534 -0.000485677 0.0022271 -0.000709714 -0.00533554
0 0 535 0.000373052 -0.00257508 0.000898116 0.000885439
0 0 536 -0.00177377 0.00131996 0.00250595 0.000591195
0 0 537 0.00169417 -0.00324751 0.00262848 -0.000626409
0 0 538 0.00015837 0.000328223 -0.000821111 0.00059612
0 0 539 -0.000683845 0.00012311 -0.00150063 -0.00257901
0 0 540 -0.00165817 0.000894927 -0.000835964 -0.00188957
0 0 541 0.00324649 0.000744793 -0.000420082 0.00273093
0 0 542 -0.00279764 -0.0007058 -0.00158232 0.00272231
0 0 543 -0.00207102 0.00147643 0.00132514 -0.00063872
0 0 544 0.00156206 0.00435224 -0.00141152 -0.0014956
0 0 545 0.00283364 -0.00197031 -0.00161946 -0.000886181
0 0 546 0.00251988 0.00147643 -0.000880523 0.00206611
0 0 547 0.0016116 0.00164137 -0.000186148 0.000466849
0 0 548 0.00356026 0.00367981 0.000381977 0.0010738
0 0 549 0.000818931 -0.000365355 -0.00122214 0.00179033
0 0 550 0.000290482 7.23606e-05 0.00209378 0.00316306
0 0 551 -0.0019224 -0.000980694 -0.00307133 0.000458231
0 0 552 -0.00220314 0.0019501 -0.00235096 -0.000937889
0 0 553 -0.000138882 -0.000889768 0.00270646 0.000842349
0 0 554 -0.000584761 0.00353814 0.000905543 -5.39258e-05
0 0 555 -0.00136092 -1.64512e-05 -0.00154519 -7.14226e-06
0 0 556 -0.00406922 -0.000771352 -0.00130012 0.00550839
0 0 557 0.000769389 -0.00127673 -0.00398479 0.000794334
0 0 558 0.000488651 0.000806115 0.00163334 0.00413197
0 0 559 -0.003805 0.0016456 0.000749587 -0.000457742
0 0 560 0.00141344 -0.00224309 -0.000902802 0.00138282
0 0 561 0.00109967 0.00254218 0.00382414 4.08725e-05
0 0 562 -0.000419621 0.00228843 -0.00142637 -0.00168766
0 0 563 0.00138041 -0.000111607 0.000556499 0.000626898
0 0 564 -0.00106367 -0.000929944 -0.00190538 -0.00169628
0 0 565 -0.000518705 8.92771e-05 0.000582491 0.00284912
0 0 566 -0.00175726 -0.00193648 0.00168904 0.000106123
0 0 567 -0.00212056 -0.00118792 -0.000564898 -0.00228723
0 0 568 0.000951043 0.00104718 -0.000182435 -0.00201391
0 0 569 -0.00154257 0.00160331 0.00231286 -0.00247436
0 0 570 -0.00221965 -0.00374443 -0.00073942 0.00104179
0 0 571 -0.00164166 -0.00207181 -0.00189424 -0.00109794
0 0 572 -0.000337051 0.00247028 -0.00423357 0.00345115
0 0 573 -0.000749901 0.00189723 0.00131029 0.000685993
0 0 574 0.00347769 -0.00327711 -0.000813685 0.00266321
0 0 575 0.00146298 -0.0033913 0.000441388 0.00281341
0 0 576 -0.00254993 -0.00183921 0.000808999 0.0046589
0 0 577 -0.00159212 0.001413 0.00103922 -0.00284617
0 0 578 -0.000848985 0.00134744 0.00195267 0.000484085
0 0 579 4.27719e-05 -0.000872851 0.000563925 0.000565341
0 0 580 0.000422594 0.000245755 0.00182271 0.00260781
0 0 581 0.000785903 -0.00162775 -0.000193575 -0.00239803
0 0 582 -0.00188937 0.00129881 0.000441388 0.000241549
0 0 583 0.00134738 0.00200719 0.00153679 -0.00175168
0 0 584 0.00146298 -0.000458396 0.000526793 0.00240098
0 0 585 0.000191398 -0.0022156 -0.000171295 0.000911293
0 0 586 0.00222262 0.00146163 -0.000787692 -1.94537e-05
0 0 587 -0.00183983 -0.0058442 -0.00272971 -0.00177507
0 0 588 -0.0016912 0.000512191 -0.000416369 0.000251399
0 0 589 -0.00175726 -0.00482709 -0.000743133 -0.00254454
0 0 590 0.002074 -0.000938403 -0.000223281 0.00165121
0 0 591 -0.000304023 0.000262672 0.000311425 -0.000578394
0 0 592 -0.000667331 -0.0012281 0.000931535 0.000841118
0 0 593 -0.000683845 0.00179573 -0.00435611 -0.00260117
0 0 594 -0.000667331 0.00225671 0.000808999 0.00226555
0 0 595 -2.32842e-05 0.00370942 -0.00121843 0.00184081
0 0 596 -0.000353565 0.00088224 -0.00222843 -0.000344476
0 0 597 2.62579e-05 0.00278746 -0.000899089 -0.00189203
0 0 598 -0.00122881 -0.00240591 0.00523517 -0.000378949
0 0 599 0.00260245 -0.00265966 -0.000802545 0.00155026
0 0 600 -0.00225268 -0.000468969 -0.000713427 0.00159089
0 0 601 0.00105013 0.00085898 0.001314 0.000502552
0 0 602 -0.000931555 0.000736335 -0.000375523 0.000796796
0 0 603 0.00256942 -0.00077981 -0.00232126 -0.000319853
0 0 604 0.00177674 0.000154829 0.000519366 0.00348931
0 0 605 0.00222262 0.000670783 -0.000594604 0.00239113
0 0 606 -0.00385454 -0.000623332 -0.00180141 -3.29963e-05
0 0 607 0.00225565 0.00118462 0.000846131 0.00176817
0 0 608 -0.00329306 -0.000913028 -0.00512104 0.000514864
0 0 609 -0.00278113 -0.00104836 -0.00130383 0.00107134
0 0 610 0.000290482 -0.000657165 -0.00141894 0.00210797
0 0 611 -0.00155909 -0.000913028 0.00177815 -0.00207178
0 0 612 0.000273968 -0.000893997 0.00233885 -0.000136413
0 0 613 0.00142995 -0.00285209 -2.27659e-05 -0.00187972
0 0 614 0.000587735 0.00536724 -0.001211 8.15003e-05
0 0 615 0.00240428 -0.0028838 -0.00141152 -0.00169381
0 0 616 0.00177674 0.000237297 -0.00133725 0.00182234
0 0 617 -0.000122368 0.00230323 0.00210492 0.000357277
0 0 618 0.00253639 0.000260557 0.00179672 -0.000814774
0 0 619 0.000273968 0.000810345 -0.00133354 -0.00373013
0 0 620 2.62579e-05 0.000520649 0.000608484 -0.00297051
0 0 621 0.00182629 -0.00177789 -0.000126736 0.00107504
0 0 622 -0.00324352 -0.00148819 0.000419109 0.0033108
0 0 623 0.00228868 0.00217001 -0.00132611 0.00259673
0 0 624 0.00471624 -0.000198304 -9.70306e-05 0.0023148
0 0 625 0.000257454 -0.000426677 0.00219775 0.00322216
0 0 626 0.00123178 0.00292914 -0.00205391 -0.00169135
0 0 627 0.00359329 0.0003684 -0.0014635 -0.00127522
0 0 628 0.000207912 -0.00234459 0.00146253 0.00134219
0 0 629 -0.000815957 0.00213829 -0.000795119 0.00127202
0 0 630 -7.28262e-05 0.00103237 0.00217918 0.000376975
0 0 631 -0.00207102 -0.00144167 -0.00269258 0.000750013
0 0 632 -0.00132789 0.000216151 -0.000984494 7.65757e-05
0 0 633 0.00352723 -0.000676196 -0.00311589 0.000272328
0 0 634 -0.00147652 0.00233283 0.00248738 -2.43783e-05
0 0 635 -0.00124532 -0.00194705 -0.00197221 -0.0011558
0 0 636 -0.00017191 0.00209177 -0.000453501 0.00318768
0 0 637 0.0019584 0.000899156 -0.00402563 -0.000726132
0 0 638 -0.00154257 0.000620033 0.0037833 -0.000442968
0 0 639 -0.000832471 0.00182957 0.00115433 0.00122893
0 0 640 0.000802417 0.00425075 0.000170322 0.00271615
0 0 641 0.00040608 0.00127343 0.000140616 0.000219389
0 0 642 0.00106664 0.000376858 0.000407969 -0.000918191
0 0 643 -0.000105854 0.00213829 -0.00072828 -0.00142419
0 0 644 -0.00131138 0.000573513 0.000504513 -0.00230077
0 0 645 -0.000832471 0.000958364 0.000300285 0.00357057
0 0 646 -0.000403107 -0.00158757 1.43664e-05 -0.00129369
0 0 647 -0.00337563 0.000133683 -0.0033164 0.00130895
0 0 648 -0.000898527 -0.000369584 -0.000524053 1.50184e-05
0 0 649 -0.00259947 -0.00320733 0.00340084 0.00193684
0 0 650 0.000653791 -0.00173348 -0.000902802 0.000111048
0 0 651 0.00190886 0.00151027 -0.000342104 0.0014887
0 0 652 0.000538193 0.00117405 0.00357536 0.00116737
0 0 653 0.000934529 -0.000578926 0.00126201 -0.00017704
0 0 654 -0.00241782 0.00116771 -0.00063545 -0.00263318
0 0 655 0.002074 -0.00370637 0.00151823 0.00266445
0 0 656 0.00100059 -0.00228327 -0.00202791 0.00196762
0 0 657 -7.28262e-05 0.00195855 0.000593631 0.000955614
0 0 658 0.000554707 0.000897042 0.000801572 0.00121416
0 0 659 0.00103361 -0.000583155 4.03591e-05 -0.00323275
0 0 660 -0.00154257 0.00180208 -0.000145303 -0.000488521
0 0 661 0.000356538 0.000313421 -0.00136324 0.00107873
0 0 662 0.00243731 -0.00121118 -0.000642876 -0.00137864
0 0 663 -0.00202148 0.00321249 -0.000962214 -0.000239829
0 0 664 -0.000221452 0.000736335 -0.00172714 0.00185804
0 0 665 0.000653791 -0.00110757 -0.000936222 0.00206365
0 0 666 0.00152903 0.000575628 0.00157392 0.00148747
0 0 667 -0.00271507 0.00145529 0.00111348 0.000569034
0 0 668 -0.00558851 -9.89194e-05 0.00116176 0.00472785
0 0 669 0.000868473 -0.00204009 0.00119517 0.000640441
0 0 670 -0.000485677 -0.00133806 -0.00326813 -0.00102776
0 0 671 0.000422594 -0.00261525 -0.000442361 0.00103441
0 0 672 -0.00225268 0.00166463 -0.00564832 -0.00260609
0 0 673 -0.000568247 -0.00163198 -5.98983e-05 -0.0023771
0 0 674 0.0011327 -0.00282248 -0.00156004 -0.000776609
0 0 675 -0.000948069 0.000677127 0.00213091 -0.000513143
0 0 676 -0.00226919 0.00129669 0.000222308 0.000465618
0 0 677 -0.00129486 -0.0031439 0.0022683 0.000651521
0 0 678 -0.00261599 0.00189935 -0.0055035 -0.0017369
0 0 679 0.000257454 0.0015145 -0.00224328 0.000150444
0 0 680 0.000719847 0.00194587 0.000333705 -0.000599324
0 0 681 -0.00218662 -0.00332998 -0.00134468 0.000788178
0 0 682 -0.000733387 0.000478357 0.00153679 0.000793103
0 0 683 0.000422594 0.00173652 -0.000936222 -0.000399878
0 0 684 -0.00335912 0.00163714 -0.00304534 -0.00284617
0 0 685 -0.00114624 0.00276209 -0.00510618 -0.00445281
0 0 686 0.00166115 0.00150604 0.00227573 0.00184696
0 0 687 -0.00324352 0.00304544 0.000964954 -0.00141311
0 0 688 5.92859e-05 -0.00193648 -1.16262e-05 -0.00233032
0 0 689 -0.00167469 -0.00510621 -0.000115597 -0.00164087
0 0 690 -0.00329306 -0.000261741 0.000686462 0.00284173
0 0 691 -0.00122881 -0.00175463 0.00052308 0.00265213
0 0 692 -0.00294627 0.000431837 0.00052308 0.00142222
0 0 693 0.0028997 0.00272826 -9.70306e-05 0.00239236
0 0 694 0.00151252 -0.00187516 -0.000947361 0.00197254
0 0 695 0.00109967 -0.00149665 -0.00145236 7.78068e-05
0 0 696 0.00131435 0.00149124 -0.00118872 0.000949459
0 0 697 -0.00319398 -0.000320949 0.000422822 -0.000162267
0 0 698 0.000554707 0.000653867 0.00126573 0.000237856
0 0 699 -0.00311141 2.58401e-05 0.00164819 0.000271097
0 0 700 -0.00502703 -0.000564124 9.97708e-05 -0.00137125
0 0 701 5.92859e-05 -0.00258142 2.55061e-05 0.00129172
0 0 702 0.00877869 0.00244702 -0.00239181 0.00287251
0 0 703 0.0137164 -0.00523097 0.00110234 -0.00146359
0 0 704 0.00106664 -0.0021712 -0.000446075 0.0023345
0 0 705 -0.000204938 0.00289108 -0.00239181 0.00271492
0 0 706 0.00119875 0.0030391 -0.000408942 0.000301876
0 0 707 -0.00279764 -0.000447823 -0.00270743 0.00153795
0 0 708 -0.0025169 0.00193318 -0.00418159 0.00119446
0 0 709 0.000538193 0.00102392 0.000872124 -0.000692891
0 0 710 -0.00482886 -0.00012218 0.00136598 -0.00260117
0 0 711 -0.000749901 0.000167516 0.0010615 -0.00123952
0 0 712 0.000356538 -0.000509145 -0.00113674 0.00279495
0 0 713 -0.000584761 0.00102392 -0.00133354 -0.0032426
0 0 714 0.00354374 0.00207063 -0.00372115 -0.00260979
0 0 715 -0.000270995 9.77354e-05 0.0007533 -0.00182678
0 0 716 -0.0015756 -0.00033998 0.000712454 0.00275309
0 0 717 -0.000485677 0.00104929 -0.0041556 -4.65389e-05
0 0 718 0.00182629 0.0033436 0.00395411 0.00358288
0 0 719 0.00167766 0.00353814 -0.000512913 -0.000770453
0 0 720 -0.000634303 -0.000308262 0.00209749 0.000541949
0 0 721 0.00111618 0.0016456 0.00160363 6.42642e-05
0 0 722 -0.00121229 0.00136648 -0.000323538 -0.000465129
0 0 723 -0.00236828 0.00204948 -0.000241847 0.00326771
0 0 724 0.00319695 3.21838e-05 0.000467381 -0.0015313
0 0 725 -0.00241782 0.000968937 0.000757013 -0.000103172
0 0 726 0.00128132 0.000406462 -0.00197964 -0.00111517
0 0 727 0.00123178 0.0030243 -0.00116644 0.001224
0 0 728 0.00134738 -0.000234252 -0.00277056 0.00359642
0 0 729 0.000918015 0.00444317 0.00358278 -0.00309732
0 0 730 -2.32842e-05 0.00085475 0.000660469 0.0053151
0 0 731 0.002074 0.00124172 0.000326278 0.0013225
0 0 732 0.00516212 0.00225248 0.00129172 -0.00304315
0 0 733 0.000851959 0.000522763 0.00274359 -0.00231677
0 0 734 0.00263547 -0.000938403 0.000407969 0.000588733
0 0 735 -0.000320537 0.00168366 -0.000899089 0.00105903
0 0 736 0.00273456 -0.000619103 0.00190812 0.00255857
0 0 737 0.000257454 -6.08572e-05 -0.000769126 0.0025561
0 0 738 0.0018428 0.00108735 0.00115804 0.00202917
0 0 739 0.00162812 0.00232015 0.00116176 0.000162756
0 0 740 0.00534377 0.00148489 -7.47512e-05 0.000657677
0 0 741 0.00347769 0.0018486 -0.00219129 0.0015478
0 0 742 0.00707775 0.00222922 0.000292859 0.0021289
0 0 743 0.0100007 0.000700387 0.000924109 0.00448531
0 0 744 0.0117512 -8.41174e-05 -0.000349531 0.000343735
0 0 745 0.0156981 -0.000335751 -0.00389567 0.000726621
0 0 746 0.0217587 0.00805062 -0.003736 0.00100363
0 0 747 0.0245496 0.00433956 -0.00138552 -0.000739674
0 0 748 0.0359443 0.00455736 -0.00129641 0.00485589
0 0 749 0.0490729 0.00609676 -0.00815104 0.00410612
0 0 750 0.0685925 0.00854966 -0.00412589 0.0046429
0 0 751 0.0958736 0.00950967 -0.00161946 0.00148008
0 0 752 0.146407 0.0156758 -0.00712618 1.62495e-05
0 0 753 0.205576 0.0194608 -0.00574857 0.00339698
0 0 754 0.290244 0.022971 -0.00692567 0.00567337
0 0 755 0.401251 0.0180589 -0.00312332 0.00663859
0 0 756 0.534767 0.0123517 -0.016762 0.00761119
0 0 757 0.704696 -0.0039432 -0.0363011 0.00998854
0 0 758 0.881446 -0.0342534 -0.0932509 0.0139725
0 0 759 0.988225 -0.0431938 -0.180545 0.00633449
0 0 760 1 -0.0157657 -0.233303 -0.0107403
0 0 761 0.912459 0.0313912 -0.230514 -0.0136409
0 0 762 0.752587 0.0795695 -0.189049 -0.0155319
0 0 763 0.565797 0.0953823 -0.124646 -0.00932323
0 0 764 0.394365 0.0856764 -0.07024 -4.28455e-05
0 0 765 0.271434 0.0637145 -0.0304416 -0.00180092
0 0 766 0.183992 0.0451211 -0.0148943 0.00153795
0 0 767 0.133063 0.0296911 -0.00666203 0.00104672
0 0 768 0.103635 0.0192769 0.000177749 0.000959308
0 0 769 0.0787651 0.00817961 0.0026619 -0.000207819
0 0 770 0.0647282 0.00890914 0.00425488 0.00374416
0 0 771 0.05335 0.00660637 0.0042883 0.0036469
0 0 772 0.0465628 0.00750718 0.00766363 0.00289098
0 0 773 0.0324433 0.0072196 0.00954253 0.00438928
0 0 774 0.0306763 0.0100087 0.0099287 0.00102087
0 0 775 0.0275221 0.00736973 0.0100401 0.0008325
0 0 776 0.0230303 0.0043607 0.00827631 -0.00174552
0 0 777 0.0204541 0.00265213 0.00817606 -0.00186617
0 0 778 0.0171513 0.00733167 0.00501238 -0.000771684
0 0 779 0.0154008 0.00147643 0.00771933 0.00137913
0 0 780 0.0117347 0.00382572 0.00961679 -0.00120628
0 0 781 0.010876 0.00181899 0.00488984 0.000503784
0 0 782 0.0110411 0.00286993 0.00577731 0.000624436
0 0 783 0.00935668 0.00223345 0.00400238 0.00123262
0 0 784 0.00877869 -0.000181387 0.00494183 0.00261766
0 0 785 0.00293273 -0.0018096 0.00431429 0.00197254
0 0 786 0.00377494 0.00249354 0.00281043 0.00262136
0 0 787 0.00187583 -0.00150722 -0.000141589 -0.00121367
0 0 788 0.00296575 -0.00184344 0.0010058 0.00294884
0 0 789 0.00126481 0.00197124 0.00305551 0.00032773
0 0 790 0.000439108 0.000381087 0.0015665 4.08725e-05
0 0 791 -6.77016e-06 -0.000369584 0.000827565 -0.00177753
0 0 792 0.00209051 0.000393775 0.00160363 0.00307196
0 0 793 -5.63122e-05 0.00352122 -0.00114045 0.00216337
0 0 794 -0.00253342 -0.00147973 -0.000193575 -0.00232293
0 0 795 0.00268502 0.0031406 0.00163705 0.00183958
0 0 796 0.00265199 -0.000784039 -0.000706001 9.50429e-05
0 0 797 0.00100059 -0.00136977 -0.000531479 -8.71668e-05
0 0 798 -0.00259947 8.92356e-06 0.000389403 0.00243176
0 0 799 0.00133087 0.00218904 -0.00183482 0.00156011
0 0 800 -0.00170771 0.000512191 0.00178929 0.00223601
0 0 801 -0.00253342 -0.00238265 0.000905543 0.00142961
0 0 802 -0.000617789 0.00573729 -0.000186148 -0.00287818
0 0 803 -0.00205451 0.00115079 0.00122488 0.00103195
0 0 804 -0.00271507 0.00178093 0.000708741 -0.000588243
0 0 805 -0.00162514 0.00134533 0.00145139 0.00204887
0 0 806 0.0010171 -0.00127462 0.00206036 0.00139883
0 0 807 0.00121527 -0.00356258 0.000296572 -0.00126537
0 0 808 -0.000716873 0.0001506 0.000935249 -0.00214934
0 0 809 5.92859e-05 -0.00251587 -0.000319825 1.13249e-05
0 0 810 -0.00235176 0.00115502 0.00131029 -0.00128015
0 0 811 -0.00278113 0.00212561 0.00314091 -5.76193e-05
0 0 812 -0.00197194 -0.000198304 -9.70306e-05 0.00164998
0 0 813 9.2314e-05 0.000907615 0.000838704 -0.00078892
0 0 814 -0.000948069 0.000939333 0.000589918 0.00234558
0 0 815 0.000207912 -0.00242494 -0.000587178 0.000301876
0 0 816 0.00564103 -0.000591614 -0.000917655 0.00169923
0 0 817 0.00237125 0.00212138 0.00305179 0.00186297
0 0 818 -0.000370079 -0.0010251 -0.00037181 0.00519815
0 0 819 0.000373052 -0.0011562 -0.000531479 0.00267553
0 0 820 -0.00162514 0.00135379 -0.00114788 0.00153548
0 0 821 -0.00213708 0.000833605 0.00123231 -0.000996984
0 0 822 0.000835445 0.0014574 -2.27659e-05 -7.73176e-05
0 0 823 0.00118224 0.00189089 -0.000698575 -0.00323275
0 0 824 -0.00160863 -0.000547208 0.000445102 0.000406523
0 0 825 -0.00101413 0.00175556 0.00239826 0.00195531
0 0 826 -0.000650817 0.000283817 -0.00366545 0.00135451
0 0 827 -0.00205451 0.000486816 0.000355984 0.00224832
0 0 828 0.00142995 -0.00286266 -0.000345817 0.00165121
0 0 829 -0.00165817 -0.00364293 -0.00175313 0.00226555
0 0 830 -0.00111321 -0.00231287 0.000426535 0.00220646
0 0 831 5.92859e-05 -0.00339764 -0.00149692 -0.00112256
0 0 832 5.92859e-05 0.00134533 -0.000468354 0.000191072
0 0 833 0.000571221 -0.00321791 0.00074216 0.00121046
0 0 834 -0.000716873 0.00330765 0.00247995 0.00267676
0 0 835 0.00309787 0.00220807 -0.00653207 -0.00131708
0 0 836 -0.00146 -0.00340822 -0.000186148 0.00177063
0 0 837 0.00162812 -0.00104413 -0.00178655 -0.000828317
0 0 838 -0.00395362 0.000971052 -0.00072828 0.00152317
0 0 839 -0.00132789 -0.000515489 0.00104665 -0.000237367
0 0 840 4.27719e-05 -0.00219868 0.000456241 -0.000647338
0 0 841 0.000340024 0.000804001 0.00333771 0.000296951
0 0 842 0.000257454 -0.00378672 0.00274359 0.00259796
0 0 843 -0.000419621 -0.000430906 -0.00144493 -0.00189572
0 0 844 -0.000716873 0.000252099 -0.00199821 -0.00198313
0 0 845 0.00438596 0.00103237 -0.00201306 0.00131511
0 0 846 0.00136389 -0.00214159 0.00271017 0.00174601
0 0 847 0.00157858 -0.000158127 -0.000171295 -0.00162118
0 0 848 -0.000584761 0.000839948 0.00125459 -0.000877563
0 0 849 0.00251988 -0.000200419 -0.00194993 -0.000140106
0 0 850 0.00138041 -0.000868622 -0.000420082 0.0025561
0 0 851 -0.00207102 0.0021827 -0.000152729 0.0022951
0 0 852 0.00354374 -0.00219234 0.00324859 0.00329479
0 0 853 0.000587735 -0.00179903 0.00158135 0.00328371
0 0 854 0.0019584 -0.00129788 0.00389841 0.00359642
0 0 855 0.00494744 -0.00292187 0.00194154 -0.00061656
0 0 856 0.00119875 0.000825147 -0.00171229 -0.00171474
0 0 857 0.00177674 -0.000743862 0.000352271 0.000300644
0 0 858 0.00040608 0.00238781 0.00039683 -0.00104869
0 0 859 0.000340024 -0.00103356 0.00222745 0.000194766
0 0 860 0.00228868 0.000558711 0.00116176 -0.000623947
0 0 861 0.00265199 0.00056294 0.000114624 0.00173739
0 0 862 0.00171069 -0.00122598 -0.000835964 -0.00158917
0 0 863 0.00285016 0.000298619 -0.00148949 -0.00196836
0 0 864 -8.93403e-05 -0.00127673 -7.84644e-05 -0.000470053
0 0 865 0.00152903 -0.00414832 0.000820138 0.000136902
0 0 866 0.000587735 -0.00240591 0.00161106 -0.00121859
0 0 867 -0.0016912 -0.00239745 -0.0040442 -0.000558696
0 0 868 5.92859e-05 -0.00127462 0.000924109 0.00205133
0 0 869 0.00233822 -0.0034632 0.00247253 0.0019787
0 0 870 0.000637277 -0.00104836 0.000682749 -0.0025827
0 0 871 0.000587735 9.77354e-05 0.00154051 -0.000547616
0 0 872 0.00182629 0.00107255 0.00125087 0.00294884
0 0 873 0.00114921 0.000408577 0.000727307 -0.000550078
0 0 874 0.000802417 5.75586e-05 -0.000301258 -0.00192527
0 0 875 -0.0016912 -0.0048715 -0.000468354 -0.000372793
0 0 876 5.92859e-05 0.00284244 -0.00333868 -0.00238572
0 0 877 0.00233822 -0.00120907 0.00121003 0.00201071
0 0 878 -8.93403e-05 -0.0025645 0.000938962 0.000959308
0 0 879 0.00250336 -0.000306147 -0.00215788 -0.000728594
0 0 880 0.000373052 0.000364171 0.000653043 -0.00305669
0 0 881 -0.00183983 -0.00194282 0.00116918 -0.00181693
0 0 882 -0.000617789 0.00210657 0.00115804 0.000716772
0 0 883 0.00187583 -0.000276543 0.00241683 0.00263613
0 0 884 -0.00230222 -0.000786154 0.0018487 0.000839887
0 0 885 0.000174884 0.00102603 0.00130657 -0.000170885
0 0 886 -0.000138882 -0.00080307 -0.00133354 0.00306334
0 0 887 -0.000436135 0.00321038 -0.00161574 -0.000119177
0 0 888 0.00309787 0.00295029 -0.000141589 0.00222246
0 0 889 -0.00256644 -0.000583155 0.00287727 0.00204887
0 0 890 0.00040608 0.00126286 -0.00251806 0.000798028
0 0 891 0.00118224 -0.00381421 -0.00211332 0.00196762
0 0 892 0.000703333 0.00271346 -0.00135953 0.000260017
0 0 893 -0.000981097 0.00107889 0.00517576 -0.000625178
0 0 894 -0.000436135 -0.000824216 0.00541712 0.000194766
0 0 895 0.000439108 0.00209177 0.000964954 0.00144684
0 0 896 -0.000403107 -0.000433021 0.000541646 0.000653983
0 0 897 -0.000469163 -0.000441479 -0.000765413 0.00258196
0 0 898 -0.000502191 0.00118462 -0.00242894 -0.00181939
0 0 899 -0.000502191 0.00382572 -0.00345751 -0.000495907
0 0 900 0.000141856 0.00163714 0.000860984 0.00115629
0 0 901 -0.00124532 -0.00100184 5.89252e-05 -0.0014008
0 0 902 0.00040608 -0.001577 -0.0010142 -0.00146482
0 0 903 -0.000436135 0.000649637 -0.00165659 0.00169923
0 0 904 -0.000337051 -0.00410814 0.00244653 0.00102702
0 0 905 -0.00337563 0.000275359 0.000285433 -0.00195358
0 0 906 -0.000832471 -0.0018815 0.00130286 -1.08357e-05
0 0 907 0.000967557 -0.00107796 0.000801572 0.000268635
0 0 908 -0.0025169 0.0020812 0.0019304 0.00243915
0 0 909 -0.00017191 0.00156736 0.00162591 -0.00222197
0 0 910 -0.0015756 0.00105352 0.000404256 0.00236528
0 0 911 0.00238776 -0.0014607 0.00150337 -0.00153253
0 0 912 0.00118224 0.0013559 0.00404694 -0.000687966
0 0 913 -0.000452649 -0.0039136 0.00125459 0.000537025
0 0 914 0.00157858 -0.00215216 0.0026062 -0.00153746
0 0 915 0.00352723 0.0015145 -0.000824825 -0.000814774
0 0 916 -0.00238479 -0.000640249 0.00197867 -0.00130477
0 0 917 0.00332906 0.00071096 -0.00152291 -0.00373505
0 0 918 0.00811813 0.00105352 0.00317433 -0.000233673
0 0 919 -0.000270995 -0.000693113 -0.00239181 -0.00043435
0 0 920 -0.00213708 -0.000559895 -0.00173457 -0.000297693
0 0 921 0.000389566 0.00267116 -7.84644e-05 0.0010935
0 0 922 0.00215657 -0.00077981 0.000515653 -0.00432477
0 0 923 0.000439108 0.00192261 0.00239084 0.000312956
0 0 924 -0.00142698 -0.00164044 0.000901829 0.000347428
0 0 925 0.000752875 0.00120365 0.00175587 -0.000958819
0 0 926 0.00174372 0.00167943 -0.000483207 0.00253025
0 0 927 -0.00218662 -0.00385016 -0.00116644 0.000195997
0 0 928 -0.000287509 -0.000718488 0.000931535 0.0025598
0 0 929 -0.00288021 -0.00182018 -0.000267839 0.000170143
0 0 930 -0.0015756 0.000370515 -0.00493537 -0.00237341
0 0 931 -0.000898527 -0.0018667 0.000641903 1.47577e-06
0 0 932 0.00199143 0.000398004 -0.000512913 0.00106149
0 0 933 -5.63122e-05 0.00110215 -0.00142266 0.0011132
0 0 934 -0.000188424 -0.00131268 -0.000201001 -0.000264452
0 0 935 0.00352723 0.00192895 -0.00284854 0.00173001
0 0 936 -0.00132789 -0.000828445 -0.00156747 -0.00142173
0 0 937 0.000769389 0.00014637 0.000630763 0.0018999
0 0 938 -0.000204938 0.00249565 0.000255727 0.00110458
0 0 939 0.00379145 0.00164137 0.00230172 0.000507477
0 0 940 0.00217308 -0.000695227 -0.00346122 -0.00318104
0 0 941 0.000356538 -0.000737519 0.000303999 0.00311505
0 0 942 -0.00454813 -0.001171 0.000411683 -0.00217273
0 0 943 -0.00236828 0.00319558 0.000898116 -0.000818468
0 0 944 0.00380797 -0.00183921 0.000875837 0.000173836
0 0 945 -0.00205451 0.00196067 -0.000609457 -0.00241896
0 0 946 0.0018428 0.000330338 0.00295525 -0.00123829
0 0 947 -0.00355728 -0.00123867 0.00104293 -0.00251376
0 0 948 0.00167766 0.000199235 -0.00309361 0.000264941
0 0 949 0.00253639 0.000129454 -6.36115e-05 0.00119692
0 0 950 0.00149601 -0.000143325 0.00108749 -0.00209024
0 0 951 -0.000568247 0.00117194 0.00222374 -0.000751986
0 0 952 -0.000370079 -0.000929944 0.000864697 0.000197228
0 0 953 -0.00142698 -0.000424563 0.00291812 0.00214613
0 0 954 -0.00311141 0.00061369 -0.00262946 0.00277771
0 0 955 -0.00142698 0.000725762 -0.0012667 -0.000999446
0 0 956 0.00177674 0.00167732 -0.0028374 0.00264229
0 0 957 0.0037254 -0.00011795 0.00138455 0.00165737
0 0 958 0.000125342 -0.00120061 -0.000252986 0.000933454
0 0 959 0.000918015 0.00019712 0.000593631 -0.00179723
0 0 960 0.000207912 -0.000885538 0.00165933 -0.0018317
0 0 961 -0.00101413 0.000349369 0.000745874 0.00128925
0 0 962 -0.00154257 0.000203464 0.0031669 0.00282326
0 0 963 -0.000337051 -0.00287112 -0.00115159 0.000646597
0 0 964 -0.00112972 -0.00145436 -0.00437096 -0.000250909
0 0 965 0.00179326 0.00185283 -0.00203905 -0.00132324
0 0 966 -0.00314443 0.00088224 -0.00329784 -0.000748292
0 0 967 -0.000700359 0.00122269 0.00146624 0.00140868
0 0 968 -0.00190588 -0.00335747 -0.0018571 -0.000823392
0 0 969 0.00197491 -0.000678311 0.000857271 -0.00510655
0 0 970 -0.00281415 0.000175974 -0.00153777 0.00221261
0 0 971 0.00217308 -0.00180749 5.89252e-05 -0.000404803
0 0 972 -0.000683845 0.000926646 -0.00329041 -0.000926809
0 0 973 -0.00017191 0.000298619 0.000148043 -0.000722438
0 0 974 0.00146298 -0.000507031 -0.00127041 -0.00136879
0 0 975 -0.000915041 0.000469899 0.000797859 0.0010972
0 0 976 0.00280061 -0.00239745 -0.00148949 -0.000543922
0 0 977 0.00200794 -0.000107378 -0.00156376 0.00114029
0 0 978 0.000785903 0.00282341 -0.00361718 0.00293653
0 0 979 0.00248685 -0.00149665 0.00109863 0.00237143
0 0 980 -0.00220314 0.0011233 0.00156279 0.00263736
0 0 981 -0.00228571 0.00401814 -0.000895376 6.79577e-05
0 0 982 0.000538193 -9.46902e-05 -0.00073942 -0.00287694
0 0 983 -0.00141046 -0.000335751 0.00186727 0.00111566
0 0 984 0.00176023 0.00116136 -8.58909e-05 -0.00151283
0 0 985 -0.000997611 0.00174287 -0.00098078 0.00283927
0 0 986 -0.00225268 0.00118039 -0.00116273 -0.0033928
0 0 987 -0.00250039 -0.00109277 0.00230915 0.000944534
0 0 988 -0.00124532 -0.00291764 0.00224231 0.00138405
0 0 989 -0.000270995 -0.000268085 -0.00153777 -0.000342014
0 0 990 -0.00309489 0.000918187 -0.00239181 0.000386825
0 0 991 -0.00200497 -0.000136982 4.03591e-05 0.00440652
0 0 992 0.00136389 0.00156947 -0.00149692 -0.00152022
0 0 993 0.00126481 0.00124383 -0.00087681 -0.00102776
0 0 994 0.00179326 -0.00135497 0.00413606 0.000870665
0 0 995 0.000934529 -0.00496242 -0.00212074 -0.000940351
0 0 996 -0.00182331 -0.00107162 -0.000817398 -0.00124198
0 0 997 -0.00238479 0.00124595 0.00183014 -0.000772915
0 0 998 -0.000221452 0.00163503 0.00284756 0.00194546
0 0 999 0.00232171 0.00306659 0.00309635 0.00103318
0 0 1000 0.00261896 0.00135379 -1.16262e-05 0.000662601
0 0 1001 2.62579e-05 3.42984e-05 0.000118337 0.000221851
0 0 1002 -0.0010967 0.000768053 -0.00204277 -0.00160517
0 0 1003 0.0027841 0.00330976 0.00213091 0.0014727
0 0 1004 0.00385751 -2.49095e-05 0.000768153 0.00143453
0 0 1005 -0.000915041 0.00103026 0.000823852 0.00204641
0 0 1006 0.00159509 0.000484701 0.00155536 0.00039298
0 0 1007 -0.000997611 0.000653867 0.00148481 0.000572728
0 0 1008 -0.00141046 0.00085475 0.00116176 0.00272108
0 0 1009 -0.000882013 -0.000314605 0.00185984 1.9943e-05
0 0 1010 0.000439108 -0.00233402 0.00100209 0.0033305
0 0 1011 -0.000667331 0.00332668 -0.00193508 0.000697074
0 0 1012 -0.000700359 0.00158005 0.00216804 0.00188144
0 0 1013 0.000257454 0.000241526 0.00151823 -0.000205357
0 0 1014 0.00215657 0.00164348 0.00166676 0.00100609
0 0 1015 0.00123178 -0.00264909 0.00207521 0.00324185
0 0 1016 0.00024094 -0.00153048 -0.000787692 0.000580115
0 0 1017 0.00435293 3.64129e-05 0.00112091 0.00152317
0 0 1018 0.00032351 0.00299258 0.00135113 -0.000823392
0 0 1019 0.000818931 0.00330553 5.89252e-05 0.00122154
0 0 1020 -0.00101413 -0.00416312 -0.00100677 0.00283927
0 0 1021 0.00342815 0.00169423 5.89252e-05 -0.00287694
0 0 1022 -0.00398665 -0.00258142 0.00449995 0.00146162
0 0 1023 -0.0822466 0.00117828 -0.00131497 0.0651501
