0 0 0 2.43651 -11.7566 -4.68393 1.88174
0 0 1 -1.73179 1.26608 -2.80197 -2.18792
0 0 2 -2.54543 4.92837 -6.10768 -2.69641
0 0 3 -4.22277 5.28656 -2.13755 -1.01821
0 0 4 3.35655 1.67178 0.251723 -2.18792
0 0 5 1.62288 -0.56507 0.811402 1.06781
0 0 6 -1.1247 4.01463 -0.664711 2.44142
0 0 7 0.152081 -1.78583 2.44135 5.59562
0 0 8 -2.80204 -3.924 1.52491 1.8314
0 0 9 0.0957524 -11.6068 0.30409 -0.508863
0 0 10 -0.311065 -14.454 0.353185 1.52596
0 0 11 -0.717882 -4.37722 -1.17202 -0.000370052
0 0 12 -2.49536 3.09722 4.01565 3.20502
0 0 13 -1.73179 4.97954 3.35451 2.64533
0 0 14 1.01578 -2.09285 1.62637 3.30654
0 0 15 3.09994 -7.27928 -0.00356958 2.69567
0 0 16 3.8635 -5.85749 -0.867636 2.5438
0 0 17 3.81343 -7.53512 0.965232 -1.37398
0 0 18 1.67295 -10.6894 2.8472 -0.915829
0 0 19 2.38645 -7.68863 2.28752 -2.69641
0 0 20 1.72928 6.55849 5.69469 -1.47551
0 0 21 2.23624 12.0519 3.20395 -2.0352
0 0 22 -0.154597 10.3743 -2.69723 -0.865491
0 0 23 4.577 1.92763 1.11579 0.559314
0 0 24 3.25015 1.72295 2.64427 0.76237
0 0 25 4.93375 1.47076 1.98313 4.222
0 0 26 1.72928 3.45541 -0.154127 5.18865
0 0 27 0.709107 1.87646 -0.154127 4.52744
0 0 28 3.55683 -7.7398 4.6277 2.64533
0 0 29 3.40662 0.911544 9.05276 -0.915829
0 0 30 -1.06837 2.18348 1.06669 -3.86697
0 0 31 4.32039 -6.46787 -1.01819 -1.37398
0 0 32 7.32458 -2.29388 1.11579 1.98412
0 0 33 8.54503 -0.56507 -2.18992 0.76237
0 0 34 0.759177 2.94372 -1.52878 -1.93367
0 0 35 0.915645 3.25073 -1.987 3.0523
0 0 36 4.67714 -3.71932 -6.71645 1.47477
0 0 37 2.69312 -4.88526 -5.90475 -3.30728
0 0 38 1.47267 1.82529 -1.42732 -1.17093
0 0 39 -0.411204 -2.04168 0.30409 3.15382
0 0 40 -0.154597 -6.36553 -7.22704 0.0508206
0 0 41 -3.51553 1.47076 -7.12557 0.457786
0 0 42 -3.81595 -0.41156 -3.30928 -1.5267
0 0 43 -1.32498 -2.19154 -1.88553 -2.49335
0 0 44 -1.06837 -0.5139 -2.13755 0.660842
0 0 45 -0.104527 -4.83775 -0.206494 4.52744
0 0 46 2.23624 -5.60164 3.25305 2.08565
0 0 47 3.04987 -3.51464 1.16816 0.406595
0 0 48 3.8635 -0.41156 -0.105032 -2.90032
0 0 49 2.23624 2.48684 -0.969099 -2.28944
0 0 50 0.759177 1.9788 -0.612344 0.864751
0 0 51 3.30648 -4.94009 3.25305 2.69567
0 0 52 2.08603 -1.4313 4.06802 2.08565
0 0 53 -2.29508 3.40424 7.47519 -0.254617
0 0 54 -3.20885 5.9006 -2.29138 2.13684
0 0 55 -3.92235 2.33333 -4.63156 2.64533
0 0 56 -0.918161 5.74343 -3.36165 1.88174
0 0 57 0.35236 2.99488 -2.34375 0.152349
0 0 58 1.82942 -2.34505 1.88167 -1.62823
0 0 59 4.22025 -4.12137 3.45597 -5.24058
0 0 60 3.45669 -6.10968 5.69469 -8.90327
0 0 61 -1.27491 0.198822 3.91419 -5.13905
0 0 62 -1.9884 -0.258051 0.811402 -3.40881
0 0 63 1.87949 -1.4313 -1.83317 -0.101898
0 0 64 1.97963 1.52193 0.15026 5.18865
0 0 65 -3.05864 -0.159366 0.15026 4.62897
0 0 66 -2.80204 -0.616239 -1.93463 0.253877
0 0 67 2.43651 0.0453128 -3.66603 -3.46
0 0 68 -0.461274 2.74269 -3.5122 -2.28944
0 0 69 -1.27491 3.3019 4.01565 -0.000370052
0 0 70 1.4226 -2.70324 10.0707 -3.35847
0 0 71 2.9998 -1.22662 6.20527 -0.915829
0 0 72 3.65697 0.706865 1.32199 2.64533
0 0 73 7.57493 -3.05777 -0.713806 -0.560054
0 0 74 5.29049 -5.3933 -2.54667 -1.47551
0 0 75 4.07004 -2.85309 -1.93463 -1.67942
0 0 76 5.39063 -1.48247 2.08459 -1.42518
0 0 77 2.38645 1.21491 1.21725 -1.98486
0 0 78 2.0297 -1.99051 1.52491 -4.47784
0 0 79 4.62707 -3.21128 -1.78407 -3.20576
0 0 80 2.74319 1.0614 -0.409419 -0.153089
0 0 81 4.17018 2.18348 -1.93463 4.9344
0 0 82 6.66115 -4.83775 -2.54667 3.91742
0 0 83 7.16811 -3.0066 -2.13755 2.18718
0 0 84 5.89759 -6.21202 -5.39417 0.101158
0 0 85 2.89966 -2.04168 3.56071 -0.712773
0 0 86 0.508828 3.75878 6.71258 1.01747
0 0 87 -1.58159 5.33773 4.16948 3.81504
0 0 88 -1.32498 0.147652 -0.969099 0.712033
0 0 89 0.809247 -7.02708 -1.57787 1.37324
0 0 90 -1.48145 -1.837 0.202628 -0.407335
0 0 91 -3.05864 -2.29388 -0.105032 1.62749
0 0 92 -0.361134 -3.71932 -1.07056 0.355405
0 0 93 -0.561414 -5.4993 0.912865 -0.356145
0 0 94 0.30229 -2.44739 -1.01819 -4.6809
0 0 95 7.93167 -3.0066 2.08459 -6.41114
0 0 96 6.96783 -1.27779 9.36042 -5.3933
0 0 97 5.59091 -0.210536 3.6098 -4.73209
0 0 98 5.69731 -2.54973 -0.766174 -4.22274
0 0 99 8.69524 -9.01174 -0.664711 0.253877
0 0 100 3.40662 -5.29827 -0.409419 2.03446
0 0 101 2.43651 1.77412 -1.22439 0.406595
0 0 102 1.26613 0.502186 -0.00356958 5.18865
0 0 103 -1.27491 -0.919603 1.01433 1.88174
0 0 104 0.659037 0.604525 -0.510881 0.76237
0 0 105 0.809247 3.96346 2.64427 3.71351
0 0 106 1.67295 4.57384 5.49176 1.27172
0 0 107 2.38645 1.26608 7.98577 -1.5267
0 0 108 -3.10871 -1.93934 5.08591 0.712033
0 0 109 -2.54543 -0.258051 0.405553 1.119
0 0 110 1.57281 0.502186 -1.32585 2.2887
0 0 111 0.915645 -2.29388 1.11579 0.203539
0 0 112 1.77935 1.77412 6.50966 -1.78095
0 0 113 4.67714 3.60527 2.18605 -2.59488
0 0 114 3.96364 0.809204 0.657572 0.508123
0 0 115 1.77935 -2.19154 -2.44521 0.152349
0 0 116 0.25222 -8.09434 -0.357051 -1.83214
0 0 117 -0.868091 -8.3977 -3.41074 -1.62823
0 0 118 -4.32916 -8.45253 -1.27349 -0.254617
0 0 119 -3.66574 -2.75441 3.66217 1.37324
0 0 120 0.0957524 0.758035 7.47519 -0.356145
0 0 121 -2.85211 5.33773 1.32199 -1.37398
0 0 122 -0.204666 2.3845 1.21725 -2.64607
0 0 123 0.709107 1.21491 4.88299 1.01747
0 0 124 0.40243 -2.70324 4.68006 1.93293
0 0 125 -0.204666 -5.85749 3.66217 2.95077
0 0 126 -2.29508 -1.02194 1.88167 0.457786
0 0 127 -1.68173 0.553356 -4.5301 0.406595
0 0 128 0.0456826 -1.17545 -3.41074 2.03446
0 0 129 1.37253 4.36916 0.30409 0.203539
0 0 130 0.709107 0.249992 2.08459 -1.11974
0 0 131 -0.311065 3.91229 0.70994 -0.153089
0 0 132 2.84333 -3.31362 -4.63156 -0.458526
0 0 133 2.64305 -7.63381 -1.42732 -2.59488
0 0 134 -1.06837 -0.258051 -4.83449 0.253877
0 0 135 -0.611483 4.0658 -5.49563 -0.967019
0 0 136 -0.767951 -0.309221 -3.61367 -0.560054
0 0 137 -0.561414 -0.309221 -4.07188 1.62749
0 0 138 -1.53152 -0.36039 -3.97042 1.119
0 0 139 -2.80204 2.02997 -2.54667 -0.153089
0 0 140 -1.32498 0.553356 -4.17335 -0.967019
0 0 141 -2.90218 -3.82166 -5.08978 -2.34063
0 0 142 -3.15878 -2.49856 1.77693 -3.61272
0 0 143 -1.32498 5.03071 4.22185 -3.30728
0 0 144 -0.361134 8.84651 2.38898 -0.000370052
0 0 145 -1.06837 2.99488 2.8472 3.56079
0 0 146 -1.0183 -0.769749 1.21725 1.98412
0 0 147 0.709107 -2.04168 -1.93463 1.27172
0 0 148 -0.00438719 2.53801 -1.01819 0.966279
0 0 149 -2.64557 3.40424 -1.987 -0.356145
0 0 150 -2.08854 3.40424 -2.7496 -0.814301
0 0 151 -2.75197 3.19956 -4.17335 0.203539
0 0 152 -2.34515 5.94811 -4.58247 0.355405
0 0 153 -3.10871 3.14839 -3.25691 -1.47551
0 0 154 -6.92028 -1.88817 -3.81659 1.52596
0 0 155 -7.78398 0.758035 -2.13755 3.81504
0 0 156 -5.1428 6.25148 -0.612344 -0.305807
0 0 157 -1.32498 1.47076 -2.13755 -0.101898
0 0 158 0.152081 -4.27853 -4.63156 0.813561
0 0 159 -0.311065 -4.88526 -5.85238 0.559314
0 0 160 -3.92235 -4.07385 -4.37627 1.88174
0 0 161 -3.51553 0.451016 0.657572 2.49261
0 0 162 1.06585 0.0964826 2.69337 3.20502
0 0 163 1.52274 -0.5139 1.26962 0.966279
0 0 164 0.508828 5.9006 3.30541 0.355405
0 0 165 0.0957524 9.05119 4.47387 0.355405
0 0 166 2.49284 4.4715 1.93076 -2.90032
0 0 167 4.01371 4.97954 -1.37495 -0.865491
0 0 168 1.52274 8.13379 -4.27481 -1.22127
0 0 169 -3.40913 6.25148 -0.664711 -4.01969
0 0 170 -4.32916 2.48684 4.57533 -0.560054
0 0 171 -1.06837 -2.95543 3.96655 2.2887
0 0 172 -0.254736 -3.87283 1.52491 2.64533
0 0 173 -3.76588 0.147652 0.15026 -0.153089
0 0 174 -6.46339 -1.32896 -1.68261 1.17019
0 0 175 -5.39315 -1.99051 -0.409419 2.79805
0 0 176 -1.83193 0.0453128 2.94866 1.06781
0 0 177 -0.968231 -0.970773 1.21725 -0.611245
0 0 178 -1.68173 1.72295 -0.916731 -0.254617
0 0 179 -0.561414 5.84577 -0.713806 1.78021
0 0 180 -0.868091 4.42033 -0.206494 0.864751
0 0 181 -1.1247 -1.02194 -1.22439 2.69567
0 0 182 -2.39522 -1.02194 -0.766174 4.52744
0 0 183 -3.40913 0.502186 3.05012 1.27172
0 0 184 -1.0183 -1.99051 5.03355 -2.28944
0 0 185 0.202151 -3.4123 6.81405 -2.79879
0 0 186 -2.03847 3.3019 6.30674 -4.47784
0 0 187 -4.02249 4.16813 2.18605 -3.40881
0 0 188 -5.39315 -0.868433 0.0487981 1.06781
0 0 189 -4.07256 -0.00585699 3.91419 2.74686
0 0 190 0.0957524 7.57458 1.88167 4.12047
0 0 191 -1.22484 5.99928 -1.63024 4.32438
0 0 192 -1.42512 0.249992 -2.03609 0.101158
0 0 193 -0.054457 -5.55047 -2.95252 -2.84913
0 0 194 -1.32498 -3.05777 -1.52878 -2.13758
0 0 195 -1.9884 0.451016 1.01433 -0.356145
0 0 196 -1.22484 1.5731 -1.42732 0.152349
0 0 197 1.82942 0.451016 -1.57787 1.72902
0 0 198 1.37253 2.23465 0.657572 3.00111
0 0 199 -2.44529 2.08114 -0.409419 1.98412
0 0 200 -4.68591 3.45541 0.70994 -0.000370052
0 0 201 -4.32916 1.82529 -0.206494 -1.57789
0 0 202 -1.93833 0.301162 -0.458514 -1.62823
0 0 203 -3.30899 4.72735 -0.563249 -0.560054
0 0 204 -5.64976 6.30265 -0.713806 -0.76311
0 0 205 -5.49955 2.99488 1.32199 0.152349
0 0 206 -7.5837 3.65644 4.16948 3.81504
0 0 207 -5.54962 0.399846 4.52623 4.9856
0 0 208 -1.78186 -8.24785 -0.105032 1.72902
0 0 209 -1.32498 -6.31436 -0.916731 -0.101898
0 0 210 -1.93833 -3.0066 1.88167 1.93293
0 0 211 -3.40913 2.48684 0.55611 2.5438
0 0 212 -1.06837 0.911544 -2.29138 4.32438
0 0 213 1.06585 -2.04168 -0.458514 5.34137
0 0 214 -0.818021 0.451016 0.454648 3.45926
0 0 215 -3.40913 3.80995 1.42345 2.44142
0 0 216 -2.49536 0.911544 -3.41074 1.27172
0 0 217 -2.13861 0.502186 -7.68525 0.355405
0 0 218 -2.03847 0.0453128 -4.93595 -0.967019
0 0 219 0.608968 2.18348 -0.867636 -0.712773
0 0 220 2.69312 4.52267 1.8293 -3.00185
0 0 221 0.35236 2.33333 -0.105032 -1.22127
0 0 222 -2.64557 2.79386 -2.64814 1.32205
0 0 223 -2.44529 2.02997 -1.07056 3.7647
0 0 224 -1.58159 -3.16011 -1.987 4.52744
0 0 225 -0.767951 -6.77123 -3.41074 2.69567
0 0 226 -3.10871 -6.41304 -2.49431 1.27172
0 0 227 -3.87228 -2.95543 -1.78407 -0.0515607
0 0 228 -1.63166 -1.78583 -1.12293 1.62749
0 0 229 -2.34515 1.21491 2.03222 4.57863
0 0 230 -4.22277 5.33773 3.15158 1.06781
0 0 231 -3.97242 8.38964 -0.105032 -2.34063
0 0 232 -4.32916 5.69226 -0.867636 -1.93367
0 0 233 -3.35906 0.451016 0.86377 -3.20576
0 0 234 -3.30899 -0.970773 -0.664711 -3.40881
0 0 235 -3.97242 -2.04168 -1.32585 -0.611245
0 0 236 -4.4293 -4.58555 0.101166 0.406595
0 0 237 -4.4293 -1.78583 1.47254 -0.712773
0 0 238 -3.40913 3.75878 -2.08846 -3.05304
0 0 239 0.558898 0.758035 0.608478 -6.05451
0 0 240 0.4525 -3.87283 1.06669 -4.37546
0 0 241 -0.511344 -0.769749 -1.42732 -1.98486
0 0 242 0.709107 5.94811 -2.24229 0.406595
0 0 243 8.54503 15.2062 -3.61367 1.32205
0 0 244 26.808 29.5081 -9.46575 3.30654
0 0 245 41.7163 40.3452 -15.3669 6.25768
0 0 246 48.2817 44.4643 -14.6043 8.3437
0 0 247 86.8917 65.7839 -5.90475 12.1079
0 0 248 224.771 133.193 51.9943 26.6588
0 0 249 386.146 112.992 161.174 47.0097
0 0 250 402.381 -15.0132 164.686 46.0934
0 0 251 313.652 -104.049 60.9982 29.5076
0 0 252 235.349 -106.333 -22.7933 18.4172
0 0 253 176.535 -69.5529 -49.8085 14.0412
0 0 254 116.502 -38.5696 -43.2985 8.85219
0 0 255 64.9674 -19.5929 -27.5784 4.83288
0 0 256 31.3894 -4.27853 -14.2476 1.42444
0 0 257 15.8677 -0.36039 -8.29403 0.660842
0 0 258 7.63126 1.72295 -5.14215 1.52596
0 0 259 -0.254736 2.69152 -2.39284 1.47477
0 0 260 -2.49536 6.66083 1.72784 -0.560054
0 0 261 1.77935 4.26682 2.89629 -4.88481
0 0 262 2.59298 1.36842 2.64427 -6.15604
0 0 263 -3.71581 2.69152 2.38898 -0.865491
0 0 264 -6.31318 4.52267 3.56071 3.71351
0 0 265 -7.48356 6.60966 4.42477 3.25535
0 0 266 -5.09273 2.84503 4.78153 0.508123
0 0 267 -4.68591 0.604525 6.96788 -0.814301
0 0 268 -4.47937 1.01388 4.12038 2.69567
0 0 269 -3.10871 -1.48247 -0.458514 6.00344
0 0 270 -2.95225 -1.32896 -0.815269 6.35921
0 0 271 -1.53152 -1.63232 -1.57787 2.5438
0 0 272 1.01578 -1.88817 -3.46311 -0.712773
0 0 273 3.50676 -3.21128 -3.61367 -1.27246
0 0 274 3.04987 -5.19593 -2.03609 -0.254617
0 0 275 1.82942 -4.78658 -1.22439 1.72902
0 0 276 0.35236 -1.78583 1.42345 0.864751
0 0 277 -1.22484 0.198822 4.12038 -1.06855
0 0 278 0.759177 -0.616239 3.71126 -0.915829
0 0 279 -0.717882 2.74269 0.86377 1.72902
0 0 280 -2.64557 3.04605 -1.52878 2.44142
0 0 281 -0.361134 0.706865 -3.7675 -1.22127
0 0 282 -2.80204 1.87646 -5.95385 -3.25609
0 0 283 -2.7019 1.16374 -6.51353 -1.01821
0 0 284 -1.83193 -2.19154 -3.66603 0.508123
0 0 285 -3.30899 -2.04168 -3.61367 1.67868
0 0 286 0.35236 -0.919603 -3.41074 2.95077
0 0 287 3.91357 3.96346 -4.22571 1.78021
0 0 288 0.25222 6.35382 -1.987 1.47477
0 0 289 -4.98633 7.11771 0.657572 4.222
0 0 290 -4.07256 0.706865 2.23515 6.1553
0 0 291 0.35236 -3.82166 -0.0526643 3.10349
0 0 292 1.16599 -1.27779 -1.52878 0.253877
0 0 293 1.21606 2.69152 1.93076 -0.305807
0 0 294 1.16599 5.9006 4.47387 -0.153089
0 0 295 -0.661553 7.01537 6.05144 1.93293
0 0 296 -1.32498 3.75878 4.83062 2.44142
0 0 297 -1.22484 3.3019 -1.12293 1.37324
0 0 298 -2.54543 -0.718579 -3.05399 1.37324
0 0 299 -1.78186 -5.60164 -1.52878 1.119
0 0 300 -2.03847 -3.4123 -1.78407 0.457786
0 0 301 -0.204666 1.41959 -0.154127 -0.458526
0 0 302 -0.204666 1.92763 3.66217 -0.560054
0 0 303 -1.42512 2.08114 7.37373 0.559314
0 0 304 -2.03847 3.35307 6.25437 1.93293
0 0 305 -2.08854 1.72295 6.10381 2.49261
0 0 306 -3.81595 1.11257 7.02024 1.01747
0 0 307 -4.02249 3.60527 2.54281 -1.11974
0 0 308 -3.92235 0.809204 -0.154127 -1.37398
0 0 309 -5.95643 -1.63232 0.202628 1.47477
0 0 310 -4.4293 -1.78583 2.03222 1.57715
0 0 311 0.608968 -1.93934 2.23515 -0.712773
0 0 312 1.37253 -2.54973 2.03222 -3.35847
0 0 313 -0.767951 -3.82166 -0.154127 -1.32279
0 0 314 -0.661553 0.198822 -1.68261 3.61198
0 0 315 1.47267 -0.868433 -4.98832 0.915089
0 0 316 3.15001 -1.07311 -2.90343 0.457786
0 0 317 2.08603 2.53801 2.54281 0.813561
0 0 318 -0.818021 1.77412 2.23515 2.44142
0 0 319 -0.461274 -3.26245 2.08459 3.7647
0 0 320 -1.88826 -2.90426 2.69337 0.660842
0 0 321 -2.5955 -1.12428 1.8293 3.00111
0 0 322 -3.25892 -0.769749 2.5919 3.71351
0 0 323 -1.63166 -0.820918 0.251723 0.253877
0 0 324 -0.461274 -3.05777 -5.44653 -2.95151
0 0 325 -1.32498 -1.32896 -5.2927 -3.71425
0 0 326 -1.53152 -0.820918 -4.47773 -0.661582
0 0 327 1.01578 -2.49856 -3.5122 3.15382
0 0 328 -0.767951 1.82529 -0.409419 2.95077
0 0 329 -2.75197 6.712 1.62637 1.72902
0 0 330 1.21606 9.66158 3.66217 0.203539
0 0 331 6.76129 5.99928 0.251723 -0.153089
0 0 332 3.40662 5.03071 -0.664711 -1.01821
0 0 333 -2.75197 8.33847 2.54281 -2.23911
0 0 334 -2.49536 6.81069 1.62637 -1.78095
0 0 335 1.62288 6.55849 2.44135 -0.458526
0 0 336 2.84333 3.3019 3.05012 0.0508206
0 0 337 1.37253 -2.29388 1.8293 0.0508206
0 0 338 -0.361134 -3.66815 0.0487981 1.52596
0 0 339 -1.27491 0.352331 1.93076 2.79805
0 0 340 -1.73179 2.08114 0.55611 1.32205
0 0 341 -2.54543 -0.41156 -0.713806 -1.57789
0 0 342 0.0957524 -2.70324 -0.458514 -2.44216
0 0 343 3.09994 -4.48321 -1.47641 -3.51119
0 0 344 2.33638 -5.55047 0.86377 -4.27393
0 0 345 -0.154597 -7.07825 2.74573 -2.54454
0 0 346 -1.37505 1.52193 0.405553 0.76237
0 0 347 -4.98633 7.98394 -3.61367 1.88174
0 0 348 -2.34515 2.33333 -2.24229 -0.204279
0 0 349 2.33638 -1.88817 -1.42732 -1.11974
0 0 350 1.21606 -5.95617 -1.78407 -0.407335
0 0 351 1.06585 -5.04243 -0.916731 0.508123
0 0 352 -0.054457 -0.210536 -0.458514 2.2887
0 0 353 -1.22484 0.655695 0.657572 0.813561
0 0 354 -3.81595 0.604525 -0.255589 -2.34063
0 0 355 -3.25892 2.23465 -2.59577 -3.76544
0 0 356 -2.34515 2.99488 -3.81659 -3.81578
0 0 357 -1.42512 1.31725 -4.32718 -3.35847
0 0 358 1.32246 -2.29388 -3.91805 -3.30728
0 0 359 0.558898 -2.44739 -4.07188 -4.78243
0 0 360 -1.17477 -1.02194 -3.41074 -4.52818
0 0 361 -0.968231 0.706865 -1.987 -0.560054
0 0 362 1.77935 -1.4313 1.11579 0.457786
0 0 363 2.28631 1.01388 2.94866 -2.08639
0 0 364 0.659037 0.553356 -1.57787 -3.56153
0 0 365 -1.06837 -4.43204 -4.68393 -3.40881
0 0 366 -3.15878 -6.36553 -1.07056 -2.08639
0 0 367 -3.46546 -4.68424 1.77693 1.42444
0 0 368 -4.73598 -3.26245 1.62637 1.72902
0 0 369 -6.05657 -1.12428 1.88167 0.457786
0 0 370 -2.23875 1.77412 1.98313 -2.0352
0 0 371 2.64305 2.33333 0.811402 -0.661582
0 0 372 1.37253 4.67618 0.70994 1.88174
0 0 373 -3.25892 3.65644 0.15026 1.62749
0 0 374 -3.71581 -0.46273 1.37108 0.76237
0 0 375 -3.35906 -4.37722 0.657572 1.06781
0 0 376 -4.73598 -0.46273 -1.78407 0.152349
0 0 377 -4.78605 2.08114 -4.88686 -0.814301
0 0 378 -3.87228 1.16374 -5.64946 0.406595
0 0 379 -4.07256 2.84503 -2.13755 2.23837
0 0 380 -0.204666 3.25073 -1.88553 3.56079
0 0 381 2.33638 1.62427 -3.15545 4.9856
0 0 382 -0.868091 0.147652 -1.57787 3.30654
0 0 383 1.06585 3.86112 -0.867636 -0.000370052
0 0 384 2.1361 5.33773 0.454648 -2.64607
0 0 385 0.809247 6.86186 1.57401 -1.27246
0 0 386 -2.03847 8.18862 3.05012 0.406595
0 0 387 -1.22484 5.18422 3.30541 1.98412
0 0 388 2.28631 -0.667409 3.30541 4.17166
0 0 389 3.20008 0.249992 1.98313 5.44375
0 0 390 1.77935 -0.5139 -2.44521 3.66232
0 0 391 -0.968231 -2.65207 -3.71513 -0.661582
0 0 392 -1.63166 1.47076 -2.24229 -2.18792
0 0 393 -0.511344 1.0614 -1.32585 -1.22127
0 0 394 -0.818021 0.301162 -0.206494 1.47477
0 0 395 2.54291 2.08114 3.40688 3.00111
0 0 396 3.96364 3.96346 1.06669 0.864751
0 0 397 -0.254736 3.3019 -1.27349 0.610505
0 0 398 -0.717882 0.249992 -1.78407 0.101158
0 0 399 0.809247 -0.667409 -2.7496 -2.79879
0 0 400 -1.53152 -2.54973 -1.63024 -4.01969
0 0 401 -3.10871 -0.41156 -1.83317 -2.28944
0 0 402 -2.08854 0.911544 -0.154127 -1.57789
0 0 403 -2.34515 2.58918 2.8472 -0.560054
0 0 404 -3.10871 5.84577 5.54413 1.37324
0 0 405 -1.58159 5.74343 5.13501 0.152349
0 0 406 -1.27491 3.80995 3.15158 -1.06855
0 0 407 -2.39522 2.28582 -1.47641 -1.67942
0 0 408 -3.46546 1.72295 -2.44521 -1.42518
0 0 409 -3.76588 4.42033 -0.916731 -2.54454
0 0 410 -2.44529 2.3845 1.98313 -0.101898
0 0 411 -0.717882 0.352331 -0.154127 -0.865491
0 0 412 -1.9884 2.23465 -2.34375 0.966279
0 0 413 -2.64557 -0.210536 -0.815269 4.37472
0 0 414 0.659037 -2.44739 -4.02279 4.9856
0 0 415 -0.868091 -2.75441 -3.46311 3.30654
0 0 416 -3.30899 0.604525 0.912865 5.08712
0 0 417 -0.361134 0.962714 1.57401 3.20502
0 0 418 1.62288 0.911544 4.57533 0.457786
0 0 419 -0.254736 1.87646 4.42477 0.508123
0 0 420 -0.868091 3.25073 0.811402 -0.967019
0 0 421 -0.611483 3.86112 -0.255589 -1.88248
0 0 422 0.4525 0.198822 -1.01819 1.47477
0 0 423 0.40243 -2.44739 -2.90343 2.08565
0 0 424 0.558898 -2.85309 -4.78539 -2.54454
0 0 425 -0.104527 1.41959 -1.12293 1.98412
0 0 426 -2.34515 1.47076 0.15026 2.08565
0 0 427 -2.80204 -0.36039 1.26962 -3.40881
0 0 428 -0.661553 0.301162 0.101166 -1.62823
0 0 429 0.0456826 0.604525 0.353185 0.76237
0 0 430 -1.58159 1.0614 1.72784 1.37324
0 0 431 -4.12263 5.28656 0.657572 -0.0515607
0 0 432 -3.15878 5.33773 -1.68261 -2.34063
0 0 433 -0.104527 -1.52999 -5.34507 -2.13758
0 0 434 -0.968231 -6.21202 -7.42996 1.8314
0 0 435 -1.48145 -2.90426 -2.59577 1.37324
0 0 436 1.47267 3.25073 3.15158 -0.204279
0 0 437 3.25015 4.36916 3.00103 1.37324
0 0 438 2.0297 0.451016 2.79483 0.203539
0 0 439 4.77728 -1.73466 2.8472 -0.611245
0 0 440 5.34056 -0.718579 -2.80197 -0.356145
0 0 441 1.72928 -0.868433 -3.81659 0.864751
0 0 442 0.759177 1.77412 0.0487981 2.84839
0 0 443 0.4525 2.48684 1.16816 1.27172
0 0 444 1.37253 -2.6009 1.26962 -2.34063
0 0 445 3.81343 -5.2471 0.86377 -5.03753
0 0 446 3.65697 -0.00585699 -3.30928 -1.93367
0 0 447 3.50676 3.65644 -1.42732 0.355405
0 0 448 5.03389 -2.80192 0.101166 -4.52818
0 0 449 5.13402 -9.36627 -5.34507 -5.49483
0 0 450 3.20008 -9.5673 -5.70183 -2.54454
0 0 451 0.759177 -7.43278 -0.458514 0.203539
0 0 452 0.30229 -2.09285 1.16816 -4.01969
0 0 453 1.52274 2.53801 -0.563249 -6.25842
0 0 454 1.62288 1.01388 -1.12293 -3.40881
0 0 455 0.709107 2.28582 -2.95252 -0.915829
0 0 456 -0.461274 5.64475 -3.15545 -0.560054
0 0 457 -2.85211 3.3019 -4.37627 -1.06855
0 0 458 1.47267 -2.09285 -2.7496 -1.22127
0 0 459 1.32246 -3.05777 -1.987 -0.76311
0 0 460 -2.23875 -4.88526 4.27094 -1.01821
0 0 461 0.508828 -3.31362 4.93208 -1.98486
0 0 462 0.25222 1.77412 -0.458514 -2.64607
0 0 463 -0.311065 3.86112 -0.969099 -2.69641
0 0 464 0.35236 5.58992 -1.37495 -0.865491
0 0 465 -0.661553 7.67692 -3.86896 0.253877
0 0 466 -3.71581 3.55775 -6.46443 -1.78095
0 0 467 -6.31318 2.53801 -5.90475 -3.46
0 0 468 -5.95643 4.21565 -4.12425 -1.98486
0 0 469 -4.73598 1.67178 -1.47641 1.119
0 0 470 -4.22277 3.45541 2.8472 3.81504
0 0 471 -1.22484 4.72735 3.45597 3.96776
0 0 472 3.25015 -0.159366 1.57401 2.95077
0 0 473 6.71122 -4.07385 -0.664711 -1.32279
0 0 474 7.11804 -9.41379 -1.78407 -0.101898
0 0 475 3.30648 -9.51978 -5.2927 0.559314
0 0 476 1.62288 -5.3933 -3.91805 0.101158
0 0 477 0.4525 -1.48247 2.23515 1.32205
0 0 478 -1.27491 2.53801 5.18738 2.18718
0 0 479 -1.42512 2.64035 5.54413 1.06781
0 0 480 1.32246 0.0453128 2.69337 -0.712773
0 0 481 0.508828 2.18348 -0.612344 -2.90032
0 0 482 0.659037 0.809204 -2.7496 -4.52818
0 0 483 2.9998 -1.837 -2.08846 -5.69874
0 0 484 1.11592 -3.46347 -1.63024 -3.51119
0 0 485 0.35236 -3.4123 -2.34375 -1.22127
0 0 486 2.9998 -7.33045 0.202628 1.06781
0 0 487 3.96364 -8.80706 2.38898 1.47477
0 0 488 4.67714 -5.44813 -1.17202 3.30654
0 0 489 4.88368 -3.924 -4.07188 3.81504
