0 0 0 9.16394 8.33867 4.74852 -5.15578
0 0 1 9.34881 8.43028 2.066 -1.60624
0 0 2 11.7755 2.89173 5.27881 -1.30013
0 0 3 8.92934 -1.68812 8.74675 -1.16747
0 0 4 8.49122 -0.270331 7.6555 -0.973804
0 0 5 6.30841 1.9943 10.6234 -0.361937
0 0 6 -0.168573 4.75851 5.84999 -4.58471
0 0 7 -2.0764 8.81801 4.43208 -0.800353
0 0 8 -4.99252 7.03273 2.1576 -3.91148
0 0 9 -8.48192 6.28815 2.92257 2.85134
0 0 10 -3.09557 6.18642 2.83097 5.49283
0 0 11 3.52435 9.57271 1.89264 1.44351
0 0 12 4.02461 4.16679 1.24993 -1.0451
0 0 13 3.6766 -1.35152 -2.8505 -0.218991
0 0 14 -0.0458386 4.10554 -6.27755 2.13732
0 0 15 3.47308 1.39246 -7.18523 4.21838
0 0 16 3.53367 0.749604 -8.66407 1.50488
0 0 17 4.28872 3.67732 -6.88961 2.12703
0 0 18 -0.964019 5.97231 -4.75782 0.933447
0 0 19 -1.36174 9.60307 -9.40899 0.433667
0 0 20 0.606676 9.80706 -8.80715 6.09477
0 0 21 4.77811 6.50279 -5.77754 5.50347
0 0 22 5.49277 5.53345 -3.187 2.12703
0 0 23 4.48292 8.05266 1.50504 -0.239564
0 0 24 2.45236 11.5311 3.38171 6.52325
0 0 25 -3.78847 12.9691 -0.851197 6.55376
0 0 26 -6.33949 13.6322 -3.00342 5.04413
0 0 27 -6.55389 15.0095 -5.21658 3.03472
0 0 28 0.881664 6.40053 -7.82794 1.62725
0 0 29 3.92207 3.51382 -10.5513 -0.0966177
0 0 30 5.87961 -1.22902 -8.01152 -1.82049
0 0 31 7.22659 -10.3477 -9.88818 -4.31939
0 0 32 10.8776 -11.0822 -5.31878 -2.98321
0 0 33 8.97129 -7.77737 -3.31948 -0.106904
0 0 34 7.59324 -0.361939 0.87255 1.67833
0 0 35 1.81072 2.75912 -4.40089 4.10558
0 0 36 0.903414 3.3812 -4.45161 2.14725
0 0 37 0.412475 4.38089 -9.10277 -7.72633
0 0 38 4.98318 -0.545687 -10.5714 -9.54172
0 0 39 0.964005 -4.6968 -9.53125 -5.22708
0 0 40 2.23952 -1.22902 -2.56472 -1.55517
0 0 41 3.38142 2.88162 0.994809 3.33055
0 0 42 6.7574 6.13529 -5.15564 0.95402
0 0 43 5.97283 4.75851 -9.71483 -0.1782
0 0 44 5.0127 -0.576045 -5.81842 6.768
0 0 45 0.483941 -2.63669 -4.72717 9.20589
0 0 46 -0.525903 -5.90048 -2.02421 5.656
0 0 47 1.57613 -6.41071 1.46417 5.96211
0 0 48 4.04481 -4.86031 0.75029 2.08624
0 0 49 5.83922 -4.58495 -4.70673 -2.38092
0 0 50 12.2851 -7.43012 -3.71729 -4.01328
0 0 51 14.367 -9.56213 -0.249361 -4.83939
0 0 52 11.541 -7.51214 2.30068 1.17819
0 0 53 5.58443 -5.86 0.270715 -1.83077
0 0 54 0.0054304 -3.04466 -3.24832 -5.25794
0 0 55 -2.98371 -0.586697 -1.13697 -7.35886
0 0 56 -6.99201 1.76954 -3.48262 -5.37002
0 0 57 -6.72634 1.5762 -4.66585 0.790856
0 0 58 -9.47001 2.90185 0.627652 3.09609
0 0 59 -5.87031 5.42107 0.954309 5.19736
0 0 60 -2.34051 4.40113 1.7295 4.76888
0 0 61 -2.35139 0.525378 -0.45338 3.36105
0 0 62 -2.03445 2.69787 -4.10489 0.647909
0 0 63 -2.11679 1.28008 -4.13555 1.34171
0 0 64 3.76826 -1.70836 -1.07565 -1.74884
0 0 65 4.19706 -3.62626 -1.19791 0.0768333
0 0 66 0.106415 -1.90223 1.90286 -7.23613
0 0 67 -6.93142 2.57537 3.19813 -12.3258
0 0 68 -7.68492 -1.3414 1.58642 -2.54444
0 0 69 -9.23542 -4.04436 0.0258172 -0.259782
0 0 70 -3.57563 -1.48413 -1.41215 5.60563
0 0 71 -1.39281 -3.46276 -1.90195 6.23736
0 0 72 -3.77915 -1.46336 -0.983676 5.67657
0 0 73 -4.05414 -1.8511 -0.810317 5.75815
0 0 74 2.89203 -0.586697 0.0053775 2.05574
0 0 75 -2.18826 -3.55436 0.168895 -1.70804
0 0 76 -3.4529 -4.59507 -2.52384 -1.33064
0 0 77 -4.65694 -3.47287 -1.46325 -0.565893
0 0 78 -4.97232 4.24828 2.32074 -0.667694
0 0 79 -6.5337 9.66432 1.50504 -1.62646
0 0 80 -7.2266 12.0717 -2.7483 -3.05451
0 0 81 -7.70667 14.2543 -4.08445 -4.39033
0 0 82 1.81072 13.0815 -3.48262 1.65776
0 0 83 8.05311 11.3473 -1.64683 6.91059
0 0 84 9.14374 8.2673 6.66606 7.33907
0 0 85 0.0365025 6.75737 14.234 4.81996
0 0 86 -4.43167 2.81025 6.96168 3.36105
0 0 87 -2.93244 5.03387 4.21822 4.03428
0 0 88 -1.91172 5.49297 4.38136 0.423735
0 0 89 0.800876 4.97262 6.75766 -5.59455
0 0 90 3.98266 3.55483 8.66499 -2.00387
0 0 91 -1.40214 2.92209 7.97155 -1.78998
0 0 92 -6.96094 5.08446 9.27704 -2.24862
0 0 93 -6.22764 1.89204 10.4296 -3.54436
0 0 94 -5.26751 3.2587 8.86901 0.168702
0 0 95 -0.198092 6.50279 1.8722 2.38242
0 0 96 3.26956 0.974363 4.14668 3.72817
0 0 97 0.769804 4.68714 5.18721 0.525536
0 0 98 -7.0324 7.28784 5.66641 1.14769
0 0 99 -6.45135 3.72792 5.93175 2.75947
0 0 100 -7.45032 1.98418 4.47296 5.03384
0 0 101 -7.58393 1.60656 4.37114 8.36914
0 0 102 -4.9832 3.45257 3.88135 6.16606
0 0 103 -5.17584 5.32946 0.86233 4.52378
0 0 104 -4.70666 2.93275 2.75944 8.52273
0 0 105 -4.77812 2.71811 -0.178201 6.40088
0 0 106 -7.80765 7.40022 3.04521 10.2973
0 0 107 -5.9309 7.8082 6.31935 5.04413
0 0 108 -10.0029 4.77875 7.06388 4.63622
0 0 109 -14.4089 3.9628 8.36937 6.77829
0 0 110 -10.0309 5.46208 9.47084 5.82945
0 0 111 -7.32914 3.10584 9.51172 2.04545
0 0 112 -5.18672 1.35145 9.48106 -2.54444
0 0 113 -5.17584 -1.59598 3.99376 -5.06391
0 0 114 -8.63417 -3.28966 0.98459 -3.66673
0 0 115 -10.0821 -3.13627 -0.055563 0.229711
0 0 116 -15.4063 4.33988 2.58608 2.38242
0 0 117 -14.2054 10.2358 6.73722 -0.0863312
0 0 118 -14.0205 5.23785 8.17557 -1.92229
0 0 119 -13.6523 0.545617 8.88945 -0.688266
0 0 120 -13.1427 -1.69824 4.84012 -6.27772
0 0 121 -14.44 -2.83056 5.42151 -6.25714
0 0 122 -17.4276 -5.07441 3.25945 -7.08361
0 0 123 -14.224 -5.34977 5.06458 -5.89002
0 0 124 -13.0806 -1.75949 6.31935 0.382944
0 0 125 -14.7041 -2.98341 3.48353 4.10558
0 0 126 -16.0713 -11.1328 0.0666965 8.89978
0 0 127 -19.7207 -10.5208 -2.20779 10.9195
0 0 128 -17.4369 -2.99353 -0.749377 7.94101
0 0 129 -13.02 -4.98281 4.7383 3.0553
0 0 130 -9.1857 -4.62543 4.41202 1.24984
0 0 131 -8.08264 -2.51419 2.10688 -0.290287
0 0 132 -3.87082 -4.07472 -1.94245 2.54523
0 0 133 -3.94228 -6.24721 -2.77896 3.504
0 0 134 -6.72634 -1.45324 3.87113 -2.96264
0 0 135 -7.58393 -2.66705 9.19566 -3.53407
0 0 136 -7.20641 -2.65693 1.39263 0.770283
0 0 137 -6.24783 0.44389 -1.06543 -0.657762
0 0 138 -9.16395 2.749 0.617432 1.3825
0 0 139 -2.90137 -0.3417 0.86233 -1.7389
0 0 140 8.88895 -2.76931 4.00398 2.3207
0 0 141 15.4576 -5.57399 2.08644 5.66664
0 0 142 28.8916 -7.87963 -3.0848 -0.157982
0 0 143 52.5965 -11.8875 -7.87904 -2.87112
0 0 144 78.2699 -15.0602 -6.95055 -6.79771
0 0 145 82.0948 -19.8941 -5.90018 -11.5405
0 0 146 63.6116 -9.69421 -7.17501 -7.17548
0 0 147 36.7964 -5.24804 -3.09502 -6.54304
0 0 148 16.7735 -3.89097 -2.09575 -6.66505
0 0 149 12.4498 -0.96378 3.86091 -2.93213
0 0 150 5.47257 -0.994671 5.13612 -0.525102
0 0 151 0.637748 -4.6968 7.77776 2.88184
0 0 152 -1.36174 -8.0016 7.31862 4.2691
0 0 153 3.17789 -5.14578 6.64562 5.43218
0 0 154 4.68644 0.331511 2.98389 3.37134
0 0 155 2.45236 -2.65693 0.525832 0.95402
0 0 156 -1.57614 -2.00449 2.61674 -1.08589
0 0 157 -1.85113 -1.29027 6.61496 -3.73802
0 0 158 0.689017 -2.17758 10.3687 -2.72818
0 0 159 -1.98318 1.94317 14.0406 -1.25934
0 0 160 -7.40993 4.82988 9.165 -8.59323
0 0 161 -8.43065 7.51207 1.27037 -11.1535
0 0 162 -5.07486 7.94081 -0.167981 -4.76773
0 0 163 -1.44253 5.85993 8.10403 0.127911
0 0 164 -1.14734 4.53375 11.6639 2.86127
0 0 165 -3.69681 0.525378 9.87888 0.750064
0 0 166 -2.73824 -4.46245 8.08359 -2.58523
0 0 167 -11.0112 -4.38096 7.58396 -1.4633
0 0 168 -11.7243 -3.56502 7.3595 -0.555607
0 0 169 -10.5824 1.04573 7.14526 3.32026
0 0 170 -8.96043 3.56495 2.5963 0.168702
0 0 171 -9.85841 8.8995 4.41202 2.30048
0 0 172 -12.1438 2.98334 2.86163 0.637623
0 0 173 -3.91121 -0.902531 2.05578 1.81063
0 0 174 -4.63519 1.80043 5.19706 3.40184
0 0 175 -7.97078 2.94286 11.0825 5.80958
0 0 176 -5.33897 -0.168071 11.9493 4.25881
0 0 177 -8.48192 3.39132 8.66499 3.90162
0 0 178 -11.3064 8.50165 8.31827 0.433667
0 0 179 -12.8879 5.12547 8.21645 -0.402729
0 0 180 -17.8968 2.42251 3.66711 -2.17732
0 0 181 -16.5078 -0.474318 2.99411 -0.749276
0 0 182 -16.6523 -0.015214 1.77 -0.57618
0 0 183 -12.4094 -2.96317 -2.10597 -3.34004
0 0 184 -13.5109 -2.00449 -2.25888 1.50488
0 0 185 -7.17533 -2.7283 -2.34027 0.556041
0 0 186 -5.59532 -2.54508 -4.57425 -0.433233
0 0 187 -3.17791 -1.36164 -0.0964424 0.719205
0 0 188 -9.24629 -4.72769 -0.514699 0.484745
0 0 189 -7.18621 -12.6118 0.362693 3.19789
0 0 190 -6.86927 -9.4604 1.64774 0.576613
0 0 191 -6.75741 -2.9424 2.68827 -2.28976
0 0 192 -7.01221 0.382641 0.780571 0.280789
0 0 193 -11.5021 3.65655 -2.45268 -0.0455401
0 0 194 -8.70564 0.790615 -3.0848 -0.81064
0 0 195 -8.24888 -3.74823 -0.779658 -3.6153
0 0 196 -2.82058 0.158415 6.01313 -6.32879
0 0 197 -0.5461 -2.91204 11.2968 -4.25767
0 0 198 -2.49432 -7.43012 13.0614 -2.42207
0 0 199 -0.0349633 -13.9279 10.1544 -2.30998
0 0 200 1.81072 -16.5797 3.87113 -1.72862
0 0 201 1.46427 -13.367 3.46347 -0.218991
0 0 202 -2.75843 -4.05448 0.699191 -2.80976
0 0 203 -3.44202 0.49502 1.41307 -5.51226
0 0 204 1.04479 4.14655 -0.0657829 -10.2047
0 0 205 6.98267 6.41065 -2.37092 -8.77662
0 0 206 7.05259 0.0460354 1.35175 -6.41038
0 0 207 3.39229 -4.77882 -2.53406 -6.33908
0 0 208 6.33948 -2.63669 -6.53267 -8.8887
0 0 209 7.42079 -3.70775 -3.5235 -9.99006
0 0 210 3.79934 -3.39139 -3.56437 -4.45205
0 0 211 1.25919 1.1171 -0.402281 -6.55332
0 0 212 3.94227 -1.33128 0.0053775 -6.08369
0 0 213 2.91223 -2.27984 5.44195 -10.7349
0 0 214 7.31825 -0.29057 9.37924 -6.71649
0 0 215 6.41095 1.66781 7.87995 -4.61521
0 0 216 8.29702 -1.19866 3.18791 -4.22716
0 0 217 2.9635 -4.37084 -4.23737 -5.60449
0 0 218 3.61601 -2.42258 -4.24759 -2.14646
0 0 219 6.37987 -2.54508 -2.86072 1.93301
0 0 220 5.29856 -1.11664 -1.16725 4.07507
0 0 221 9.07227 -2.46306 2.18826 7.2167
0 0 222 7.99096 0.188773 5.89087 2.82048
0 0 223 3.38142 -0.0967023 2.48426 -5.66585
0 0 224 -1.27008 -1.84098 -2.71764 -2.36106
0 0 225 3.13595 -5.58465 -3.57459 -5.02312
0 0 226 9.53214 -6.22697 -5.23702 -0.892222
0 0 227 8.66523 -0.504676 0.372913 0.994811
0 0 228 3.55542 -0.117474 0.403194 -2.46286
0 0 229 -1.12715 -1.22902 2.23936 -0.514815
0 0 230 -0.18877 -0.0663439 1.9233 -4.64572
0 0 231 1.67866 -0.0455724 -2.58516 -2.89134
0 0 232 0.208953 -1.24926 -6.30821 -1.62646
0 0 233 1.48446 -2.38157 -7.30749 -6.4916
0 0 234 1.3726 -0.92277 -9.60279 -6.00246
0 0 235 0.454422 -1.20878 -8.76627 -5.4924
0 0 236 -2.89204 -0.892412 -7.6137 -4.12536
0 0 237 -4.54353 -8.40957 -1.74865 -8.24633
0 0 238 3.32082 -9.266 1.07657 -6.93037
0 0 239 2.65744 -14.9478 4.04449 -1.392
0 0 240 2.27991 -13.9481 7.36972 -4.91104
0 0 241 3.32082 -9.56213 3.16747 -7.98066
0 0 242 -2.42286 -4.33995 3.93245 -8.82734
0 0 243 -2.23953 -2.41246 3.85069 -3.57486
0 0 244 -0.60669 -0.698544 -0.188042 -2.51394
0 0 245 -2.52384 1.82067 -2.05487 -0.106904
0 0 246 -5.63571 -4.42144 -0.0760027 -1.4633
0 0 247 -4.64606 -5.0334 0.586773 -0.902509
0 0 248 -1.87133 -4.33995 -4.65563 -0.514815
0 0 249 0.137487 -3.56502 -4.9925 0.923515
0 0 250 -1.35087 2.54501 -4.71695 1.29064
0 0 251 0.066021 0.209012 -3.75817 4.39183
0 0 252 -2.67765 0.158415 -5.1352 6.99217
0 0 253 0.106415 3.37108 -3.66619 4.59543
0 0 254 1.07586 2.55513 -2.25888 6.72721
0 0 255 1.01527 -2.58556 1.28059 5.96211
0 0 256 2.78949 -3.86061 0.903209 0.902942
0 0 257 5.96195 -6.58381 -1.83041 0.127911
0 0 258 9.47 -4.4012 -3.73773 3.16738
0 0 259 7.43011 0.147763 -4.37023 4.67701
0 0 260 6.7776 -0.0455724 -7.68524 4.51384
0 0 261 10.4596 -3.1874 -7.71552 1.06611
0 0 262 12.2245 -6.21685 -5.24724 -2.98321
0 0 263 14.3266 -5.48239 -4.02351 -4.26831
0 0 264 11.9092 -4.62543 -0.922735 -3.92141
0 0 265 5.50364 -2.86091 -0.800097 -1.41258
0 0 266 2.60617 0.566389 -2.25888 2.38242
0 0 267 5.34983 2.1168 -0.228922 7.31886
0 0 268 5.98215 -0.0253335 1.08679 10.2973
0 0 269 5.72736 -3.88085 -0.178201 5.5134
0 0 270 6.48241 -3.63638 -1.98333 0.229711
0 0 271 2.43216 -0.127593 -3.56437 -0.841145
0 0 272 -3.15616 0.616986 -4.23737 0.250284
0 0 273 -3.14684 0.412999 -3.65597 0.750064
0 0 274 1.53573 -0.0455724 -3.31948 0.291075
0 0 275 5.67609 -2.03485 -2.84028 0.902942
0 0 276 6.46222 -5.64536 -3.44212 1.51481
0 0 277 3.59581 -8.12357 -3.33992 1.26013
0 0 278 2.90135 -7.28791 -1.69793 1.56589
0 0 279 3.79001 -3.09579 -1.88151 5.08492
0 0 280 3.66728 -0.494557 -1.77931 5.76879
0 0 281 4.13647 -0.718783 -0.524919 1.54567
0 0 282 4.82005 -1.17789 -2.20779 -1.12668
0 0 283 5.87961 -5.51275 -2.37092 -0.106904
0 0 284 4.41146 -8.92993 -1.86107 3.40184
0 0 285 0.188756 -6.20673 -4.02351 6.07455
0 0 286 -2.41198 -1.37175 -3.66619 4.35104
0 0 287 -1.30115 1.69817 2.23936 0.260216
