0 0 0 3.72658
0 0 1 -8.81186
0 0 2 -1.35022
0 0 3 13.3382
0 0 4 3.38331
0 0 5 -0.0494067
0 0 6 0.890073
0 0 7 0.0770617
0 0 8 0.998474
0 0 9 10.8449
0 0 10 14.3861
0 0 11 13.1033
0 0 12 -0.880485
0 0 13 -10.8173
0 0 14 3.0039
0 0 15 8.47818
0 0 16 -10.1127
0 0 17 0.546801
0 0 18 -8.68539
0 0 19 -4.801
0 0 20 -3.01238
0 0 21 -9.42613
0 0 22 -4.90941
0 0 23 0.420333
0 0 24 3.50978
0 0 25 -5.01781
0 0 26 -0.0494067
0 0 27 0.546801
0 0 28 0.311932
0 0 29 -7.61944
0 0 30 -0.880485
0 0 31 11.2966
0 0 32 -0.284277
0 0 33 -2.88591
0 0 34 -7.16777
0 0 35 -2.05483
0 0 36 -0.645615
0 0 37 9.63446
0 0 38 2.42576
0 0 39 -4.56613
0 0 40 4.91899
0 0 41 9.63446
0 0 42 5.87654
0 0 43 -0.754016
0 0 44 5.87654
0 0 45 -5.16234
0 0 46 -11.1967
0 0 47 -3.37372
0 0 48 -5.39721
0 0 49 -4.33126
0 0 50 0.890073
0 0 51 6.79795
0 0 52 1.25141
0 0 53 -1.47669
0 0 54 3.97951
0 0 55 -4.56613
0 0 56 -0.645615
0 0 57 0.420333
0 0 58 1.14301
0 0 59 -7.27617
0 0 60 -2.1813
0 0 61 4.68412
0 0 62 -3.01238
0 0 63 1.25141
0 0 64 5.96688
0 0 65 2.20896
0 0 66 0.655203
0 0 67 7.88197
0 0 68 4.91899
0 0 69 8.71305
0 0 70 3.27491
0 0 71 -7.61944
0 0 72 -4.56613
0 0 73 -0.284277
0 0 74 11.7664
0 0 75 9.90546
0 0 76 -5.16234
0 0 77 -0.0494067
0 0 78 6.34628
0 0 79 -1.25989
0 0 80 -10.474
0 0 81 5.28033
0 0 82 3.13037
0 0 83 1.35981
0 0 84 7.99037
0 0 85 3.50978
0 0 86 0.781671
0 0 87 3.0039
0 0 88 -4.90941
0 0 89 3.97951
0 0 90 5.6236
0 0 91 -3.95186
0 0 92 5.87654
0 0 93 -0.645615
0 0 94 4.43119
0 0 95 11.4411
0 0 96 3.27491
0 0 97 -8.46859
0 0 98 9.76093
0 0 99 6.11141
0 0 100 1.35981
0 0 101 -8.46859
0 0 102 -3.86153
0 0 103 -1.94643
0 0 104 8.33364
0 0 105 4.91899
0 0 106 -11.6664
0 0 107 8.47818
0 0 108 9.63446
0 0 109 -4.07833
0 0 110 -2.1813
0 0 111 7.39416
0 0 112 7.28576
0 0 113 0.311932
0 0 114 -3.26532
0 0 115 -7.52911
0 0 116 -2.30777
0 0 117 -0.0494067
0 0 118 0.890073
0 0 119 3.27491
0 0 120 5.5152
0 0 121 4.34085
0 0 122 6.34628
0 0 123 1.25141
0 0 124 1.59468
0 0 125 4.91899
0 0 126 -3.86153
0 0 127 0.998474
0 0 128 -3.48212
0 0 129 -2.30777
0 0 130 5.6236
0 0 131 1.14301
0 0 132 7.28576
0 0 133 11.5315
0 0 134 1.95602
0 0 135 -2.30777
0 0 136 -7.76398
0 0 137 13.573
0 0 138 -6.57156
0 0 139 -1.58509
0 0 140 3.72658
0 0 141 -5.61402
0 0 142 4.34085
0 0 143 -1.11535
0 0 144 -9.76941
0 0 145 -2.05483
0 0 146 9.76093
0 0 147 5.75007
0 0 148 -0.284277
0 0 149 3.60011
0 0 150 8.47818
0 0 151 0.311932
0 0 152 -0.519146
0 0 153 -4.801
0 0 154 -3.73506
0 0 155 -14.1597
0 0 156 -5.16234
0 0 157 10.9533
0 0 158 0.185463
0 0 159 -4.90941
0 0 160 -3.01238
0 0 161 3.13037
0 0 162 4.34085
0 0 163 -6.57156
0 0 164 5.37067
0 0 165 17.7104
0 0 166 12.0374
0 0 167 2.20896
0 0 168 9.29119
0 0 169 -0.988886
0 0 170 -0.0494067
0 0 171 1.95602
0 0 172 1.14301
0 0 173 1.35981
0 0 174 -2.43424
0 0 175 6.45468
0 0 176 13.1936
0 0 177 11.5315
0 0 178 0.0770617
0 0 179 9.63446
0 0 180 -3.01238
0 0 181 -12.2446
0 0 182 -13.9248
0 0 183 4.79253
0 0 184 0.890073
0 0 185 -1.47669
0 0 186 -2.1813
0 0 187 7.88197
0 0 188 0.655203
0 0 189 -3.73506
0 0 190 4.19632
0 0 191 -3.01238
0 0 192 9.9958
0 0 193 12.2542
0 0 194 0.185463
0 0 195 7.05089
0 0 196 13.1936
0 0 197 13.8079
0 0 198 7.88197
0 0 199 6.56308
0 0 200 6.34628
0 0 201 11.676
0 0 202 12.1458
0 0 203 10.3752
0 0 204 16.1566
0 0 205 18.415
0 0 206 9.76093
0 0 207 8.56851
0 0 208 21.2696
0 0 209 17.9272
0 0 210 23.6363
0 0 211 16.9877
0 0 212 16.8612
0 0 213 30.1223
0 0 214 34.0609
0 0 215 32.5072
0 0 216 27.5207
0 0 217 39.4991
0 0 218 53.4648
0 0 219 52.6518
0 0 220 57.6021
0 0 221 76.3194
0 0 222 75.5968
0 0 223 82.1189
0 0 224 88.3881
0 0 225 87.5571
0 0 226 98.3611
0 0 227 100.114
0 0 228 114.079
0 0 229 117.873
0 0 230 126.654
0 0 231 126.762
0 0 232 134.35
0 0 233 135.886
0 0 234 144.865
0 0 235 142.155
0 0 236 150.791
0 0 237 168.786
0 0 238 173.646
0 0 239 195.688
0 0 240 209.418
0 0 241 219.951
0 0 242 243.167
0 0 243 261.885
0 0 244 280.819
0 0 245 317.043
0 0 246 349.383
0 0 247 397.224
0 0 248 448.137
0 0 249 501.289
0 0 250 569.853
0 0 251 670.161
0 0 252 767.614
0 0 253 878.797
0 0 254 971.174
0 0 255 1061.74
0 0 256 1118.22
0 0 257 1169.77
0 0 258 1085.19
0 0 259 999.232
0 0 260 896.088
0 0 261 770.83
0 0 262 658.453
0 0 263 574.587
0 0 264 518.724
0 0 265 472.418
0 0 266 432.617
0 0 267 416.158
0 0 268 398.507
0 0 269 381.343
0 0 270 374.947
0 0 271 387.847
0 0 272 398.055
0 0 273 409.311
0 0 274 411.533
0 0 275 419.013
0 0 276 416.881
0 0 277 405.137
0 0 278 403.005
0 0 279 391.551
0 0 280 360.873
0 0 281 339.554
0 0 282 336.357
0 0 283 324.396
0 0 284 315.742
0 0 285 319.789
0 0 286 313.737
0 0 287 297.621
0 0 288 294.188
0 0 289 269.816
0 0 290 249.31
0 0 291 224.324
0 0 292 198.163
0 0 293 175.308
0 0 294 154.116
0 0 295 135.633
0 0 296 115.615
0 0 297 86.8524
0 0 298 79.987
0 0 299 65.7684
0 0 300 61.6491
0 0 301 49.201
0 0 302 49.201
0 0 303 27.1774
0 0 304 23.1666
0 0 305 19.6074
0 0 306 13.6814
0 0 307 12.7239
0 0 308 25.2804
0 0 309 24.6842
0 0 310 15.2171
0 0 311 17.7104
0 0 312 20.7998
0 0 313 28.2253
0 0 314 26.4548
0 0 315 20.5288
0 0 316 14.639
0 0 317 28.4782
0 0 318 20.312
0 0 319 18.415
0 0 320 25.2804
0 0 321 16.8612
0 0 322 18.1801
0 0 323 25.0275
0 0 324 22.0826
0 0 325 15.3436
0 0 326 -1.71156
0 0 327 -0.410745
0 0 328 16.4096
0 0 329 10.2487
0 0 330 4.91899
0 0 331 8.71305
0 0 332 9.41766
0 0 333 -3.37372
0 0 334 4.08792
0 0 335 7.28576
0 0 336 8.71305
0 0 337 2.20896
0 0 338 -3.95186
0 0 339 6.11141
0 0 340 6.11141
0 0 341 4.19632
0 0 342 -1.35022
0 0 343 5.87654
0 0 344 9.41766
0 0 345 2.08249
0 0 346 -5.75855
0 0 347 -10.0043
0 0 348 -6.08376
0 0 349 1.14301
0 0 350 -4.2048
0 0 351 -2.30777
0 0 352 1.95602
0 0 353 6.34628
0 0 354 0.781671
0 0 355 -1.47669
0 0 356 -4.43967
0 0 357 -8.81186
0 0 358 5.28033
0 0 359 10.4836
0 0 360 -0.0494067
0 0 361 -0.880485
0 0 362 -4.67454
0 0 363 -4.43967
0 0 364 5.0274
0 0 365 2.6787
0 0 366 5.87654
0 0 367 2.31736
0 0 368 -1.83803
0 0 369 -6.21022
0 0 370 -4.56613
0 0 371 1.59468
0 0 372 -2.77751
0 0 373 -3.95186
0 0 374 -3.13885
0 0 375 0.546801
0 0 376 -1.71156
0 0 377 0.0770617
0 0 378 2.08249
0 0 379 -10.8173
0 0 380 -6.9329
0 0 381 1.72115
0 0 382 1.72115
0 0 383 7.7555
0 0 384 -0.284277
0 0 385 -3.60859
0 0 386 0.998474
0 0 387 1.35981
0 0 388 -6.44509
0 0 389 -0.754016
0 0 390 10.3752
0 0 391 8.33364
0 0 392 -1.71156
0 0 393 -2.1813
0 0 394 3.27491
0 0 395 3.97951
0 0 396 5.96688
0 0 397 6.11141
0 0 398 0.998474
0 0 399 -10.5824
0 0 400 -0.988886
0 0 401 -14.25
0 0 402 -0.284277
0 0 403 2.20896
0 0 404 -0.988886
0 0 405 10.6101
0 0 406 2.42576
0 0 407 -7.16777
0 0 408 -4.801
0 0 409 -4.43967
0 0 410 -5.48755
0 0 411 1.25141
0 0 412 -7.27617
0 0 413 0.185463
0 0 414 4.57572
0 0 415 -8.23372
0 0 416 7.7555
0 0 417 -1.94643
0 0 418 3.97951
0 0 419 6.45468
0 0 420 1.35981
0 0 421 9.63446
0 0 422 5.37067
0 0 423 -3.95186
0 0 424 -1.83803
0 0 425 4.57572
0 0 426 0.546801
0 0 427 -6.67996
0 0 428 -7.52911
0 0 429 3.13037
0 0 430 8.94792
0 0 431 -5.75855
0 0 432 -3.01238
0 0 433 -3.60859
0 0 434 -5.25268
0 0 435 5.0274
0 0 436 -3.01238
0 0 437 2.31736
0 0 438 2.53416
0 0 439 4.79253
0 0 440 -0.284277
0 0 441 -2.43424
0 0 442 -0.284277
0 0 443 0.0770617
0 0 444 2.08249
0 0 445 -11.0883
0 0 446 -7.16777
0 0 447 -7.16777
0 0 448 0.890073
0 0 449 2.08249
0 0 450 -4.67454
0 0 451 2.7871
0 0 452 -5.84889
0 0 453 3.38331
0 0 454 -5.48755
0 0 455 -10.3475
0 0 456 -4.43967
0 0 457 -6.44509
0 0 458 -4.2048
0 0 459 4.43119
0 0 460 0.998474
0 0 461 0.998474
0 0 462 3.27491
0 0 463 0.420333
0 0 464 -0.0494067
0 0 465 -1.83803
0 0 466 3.60011
0 0 467 5.0274
0 0 468 -5.61402
0 0 469 -3.13885
0 0 470 4.08792
0 0 471 -12.8588
0 0 472 -4.90941
0 0 473 -2.77751
0 0 474 -5.01781
0 0 475 -8.68539
0 0 476 4.08792
0 0 477 6.11141
0 0 478 -11.8832
0 0 479 -0.645615
0 0 480 8.22524
0 0 481 -2.77751
0 0 482 -5.84889
0 0 483 -9.661
0 0 484 -3.48212
0 0 485 6.45468
0 0 486 -5.61402
0 0 487 -3.37372
0 0 488 4.79253
0 0 489 -0.880485
0 0 490 -10.474
0 0 491 -6.44509
0 0 492 7.15929
0 0 493 1.59468
0 0 494 3.38331
0 0 495 3.50978
0 0 496 9.41766
0 0 497 0.998474
0 0 498 8.56851
0 0 499 5.0274
0 0 500 5.75007
0 0 501 -4.801
0 0 502 -0.0494067
0 0 503 3.72658
0 0 504 -8.46859
0 0 505 0.781671
0 0 506 5.5152
0 0 507 -4.2048
0 0 508 -1.35022
0 0 509 0.998474
0 0 510 4.34085
0 0 511 0.185463
