0 0 0 -3.5875 -67.8252 3.15648 2.1004
0 0 1 8.97036 -31.8713 17.4308 5.27306
0 0 2 16.2356 -61.7441 16.6397 -4.4424
0 0 3 16.1683 -51.8967 35.2116 -18.0576
0 0 4 19.1417 -54.4084 22.8518 1.77026
0 0 5 9.69208 -16.738 52.6601 12.2128
0 0 6 -14.2304 21.5963 62.7731 19.5485
0 0 7 4.08194 20.0086 56.0303 8.31307
0 0 8 -3.5875 21.4626 72.2215 -0.807941
0 0 9 -20.3121 35.0131 42.0834 7.58598
0 0 10 -7.94666 -8.87221 44.3996 8.04876
0 0 11 13.7241 20.7356 1.8347 5.93334
0 0 12 18.3527 28.205 36.7987 6.66042
0 0 13 -0.681389 -32.9946 -15.4824 -3.97962
0 0 14 5.07309 -65.9748 11.7493 4.6118
0 0 15 25.4928 -15.0189 62.4408 4.94195
0 0 16 10.2887 5.86482 37.1955 -0.93961
0 0 17 -4.78074 -12.6385 7.78397 1.90193
0 0 18 -6.56097 -48.1961 1.57183 -19.5776
0 0 19 -4.51129 -26.189 -36.2986 -23.1462
0 0 20 10.154 -27.1786 -47.6689 0.646231
0 0 21 2.35944 28.2706 -36.6979 -7.87936
0 0 22 -0.816109 -10.6569 23.3155 -12.4394
0 0 23 -0.01741 -57.7809 26.6857 -19.7761
0 0 24 4.08194 -35.5063 -39.6043 -14.2247
0 0 25 -2.79842 -63.0668 -42.6472 -19.5118
0 0 26 -13.7011 -17.5306 -28.172 -7.81353
0 0 27 23.7703 -4.17951 -3.78474 5.07458
0 0 28 -13.0372 10.2949 -27.8422 -1.07225
0 0 29 -17.3386 25.8246 19.3502 -0.14669
0 0 30 -11.9786 -18.5883 -23.8099 -4.1781
0 0 31 3.74514 5.86482 27.6777 -3.84795
0 0 32 7.6424 13.9299 25.4309 1.43915
0 0 33 -4.0494 24.0399 -28.7647 12.8073
0 0 34 -9.80388 -18.0582 -35.8399 -2.65809
0 0 35 -4.0494 -27.113 23.8438 -20.4373
0 0 36 -13.4317 2.42918 9.50253 -11.2505
0 0 37 -16.3474 -20.3073 -67.957 8.04876
0 0 38 -6.95551 -25.2626 -18.9865 -5.5006
0 0 39 -10.4582 -17.3993 -30.8825 -6.49102
0 0 40 -12.5753 -14.7539 -18.0615 -2.32795
0 0 41 -26.8556 14.2582 13.7308 18.1612
0 0 42 -25.4603 9.36854 35.0802 9.3703
0 0 43 -21.6304 19.1503 43.4696 -0.675303
0 0 44 -26.5188 12.0115 -6.95653 3.3561
0 0 45 -34.8522 65.8098 -31.2124 2.1004
0 0 46 -36.2379 27.2786 -0.0153019 9.50293
0 0 47 -17.6658 -6.8225 5.40327 4.08319
0 0 48 -13.8359 -23.8086 43.4696 2.76166
0 0 49 13.1948 6.59182 42.4826 2.62902
0 0 50 3.28324 -1.27149 26.6188 14.5916
0 0 51 -10.9875 14.3263 -31.872 6.39612
0 0 52 -12.6426 29.4596 18.9534 -0.807941
0 0 53 -24.4691 37.126 36.6648 -9.73048
0 0 54 -1.60519 12.4079 -2.72583 -1.86517
0 0 55 6.92069 -17.7956 -41.8511 6.92473
0 0 56 -32.8026 18.8196 -60.0957 2.62902
0 0 57 -21.3706 -17.7956 -40.202 -10.7219
0 0 58 2.09962 -9.13724 29.4607 -3.58365
0 0 59 -8.54328 -10.7225 36.9971 -0.675303
0 0 60 -6.30115 20.7356 -2.52991 15.7156
0 0 61 18.6798 7.18753 -9.07188 1.24165
0 0 62 9.69208 -33.7897 -33.9899 -6.6895
0 0 63 8.11392 -2.65985 0.512916 6.00014
0 0 64 12.6655 14.3263 83.8547 6.06598
0 0 65 -10.0637 -45.2881 50.0166 6.99153
0 0 66 -6.83041 -35.7714 57.5505 24.0427
0 0 67 -2.92352 -4.17951 25.0316 9.70141
0 0 68 7.12277 4.21386 -1.73387 11.1546
0 0 69 1.503 -2.39482 -5.57026 3.0918
0 0 70 16.5051 -44.3641 -13.8977 -10.1923
0 0 71 -12.5753 -22.2233 -9.86544 -7.35075
0 0 72 -15.6161 -12.9036 -29.4293 -6.35935
0 0 73 -0.01741 -17.3993 -60.9537 10.3617
0 0 74 -0.941206 44.0653 -52.2964 17.1698
0 0 75 -5.96435 34.5486 8.57753 -0.873776
0 0 76 -22.0923 -32.929 -6.95653 -6.82213
0 0 77 -11.1896 -17.8613 -5.7017 -6.9538
0 0 78 11.6167 -1.8672 -12.9727 2.62902
0 0 79 4.66893 -0.940815 -0.543519 -10.0606
0 0 80 0.309768 53.4508 8.57753 0.0517827
0 0 81 16.7649 28.6013 59.0707 0.447759
0 0 82 17.0343 -4.24516 60.6578 -0.410996
0 0 83 28.8609 -27.0473 9.36862 4.81028
0 0 84 -9.1399 -21.1656 -31.2124 8.51154
0 0 85 -17.4637 -17.3312 -2.396 5.27306
0 0 86 -1.21065 13.1349 -6.69366 15.187
0 0 87 0.579209 18.7539 19.6131 15.2528
0 0 88 17.6887 -19.1159 15.3824 14.7242
0 0 89 6.06425 -22.9503 2.42739 23.4483
0 0 90 -25.7971 -25.0657 1.37344 -5.03782
0 0 91 -1.60519 -31.8057 36.2011 -17.1998
0 0 92 12.7329 -23.4123 12.2106 -9.92798
0 0 93 -1.67255 0.84387 11.3525 -9.2677
0 0 94 -14.2304 -45.0911 -7.15492 1.10901
0 0 95 -12.1134 -52.9544 -1.14117 -9.33353
0 0 96 1.9649 -24.008 2.56131 0.646231
0 0 97 7.58466 -14.8876 41.0939 2.16624
0 0 98 31.5071 -51.5661 85.7022 12.0802
0 0 99 23.9051 -40.7947 11.0872 9.83308
0 0 100 30.7084 -72.3185 -53.1545 15.187
0 0 101 4.01458 -21.827 -26.7858 6.59459
0 0 102 -7.68684 17.6306 4.41379 -2.85656
0 0 103 -17.406 39.2413 -4.84366 -1.20392
0 0 104 0.511848 6.19549 -7.42027 9.10599
0 0 105 18.9493 0.775789 10.6259 1.8361
0 0 106 10.818 -20.9662 25.5623 7.45431
0 0 107 -8.28346 -7.08752 30.6511 -4.64088
0 0 108 14.4554 1.57087 37.3914 6.33028
0 0 109 5.53499 -0.347541 -42.1189 -3.05503
0 0 110 10.818 -7.68323 -50.1811 1.30748
0 0 111 15.9758 -9.99554 19.5486 6.06598
0 0 112 6.39143 -72.2553 62.7731 6.39612
0 0 113 -15.4814 -69.5442 58.3441 23.0513
0 0 114 21.5956 -27.7743 35.0107 18.2928
0 0 115 12.935 -5.30284 -6.22992 -14.4222
0 0 116 0.906386 6.39487 -10.4606 -24.9315
0 0 117 28.0044 25.0976 4.80809 -19.9087
0 0 118 -4.44393 25.3626 -15.284 -13.2333
0 0 119 11.8091 15.8459 -25.1317 -8.87076
0 0 120 20.4023 12.1453 32.635 9.50293
0 0 121 -5.63717 -24.5356 15.3824 4.48013
0 0 122 -16.742 7.84888 -11.3187 -9.79631
0 0 123 2.15736 32.4333 23.9752 -16.2733
0 0 124 7.24786 4.67584 35.7398 -9.06923
0 0 125 2.75398 22.1896 15.0525 12.6088
0 0 126 -8.2161 -0.213811 7.9154 7.85029
0 0 127 -23.6127 48.6924 27.2139 -2.72392
0 0 128 -15.8855 79.2266 -1.86778 -6.16088
0 0 129 -2.73106 38.0524 15.2509 -12.7705
0 0 130 -2.2018 48.6268 34.1552 9.89891
0 0 131 -7.61948 -6.42617 -35.4406 22.0599
0 0 132 -5.89699 -29.6246 -8.21383 -12.1092
0 0 133 7.91184 23.7773 14.7227 -11.052
0 0 134 37.3194 20.935 34.4825 -14.2905
0 0 135 13.3969 41.1573 19.747 -6.7563
0 0 136 5.26555 50.6765 -4.37744 8.04876
0 0 137 -2.92352 12.6729 -63.6643 20.2756
0 0 138 19.7384 -9.79859 -20.4397 3.29027
0 0 139 16.8323 -33.5247 36.4019 -6.09505
0 0 140 3.74514 34.3517 66.0764 -11.3163
0 0 141 5.07309 -32.3357 47.1052 -5.16949
0 0 142 8.37374 -70.5362 35.41 -3.1867
0 0 143 5.26555 -36.7634 3.75166 12.146
0 0 144 -2.59634 -3.51815 20.3421 1.37332
0 0 145 -11.3917 31.0474 50.0166 -15.1493
0 0 146 14.0609 -22.6196 37.5873 -13.0348
0 0 147 16.5051 26.751 39.3753 9.70141
0 0 148 0.107687 26.3547 19.3502 12.2786
0 0 149 16.4377 19.8116 -13.3695 3.3561
0 0 150 17.8234 8.24521 -20.1768 -5.96241
0 0 151 4.93837 -20.6356 2.69522 -5.6981
0 0 152 2.75398 16.2423 -32.2043 15.8473
0 0 153 13.7241 32.8977 -23.0188 15.3845
0 0 154 12.0785 -3.32121 -23.547 -8.27631
0 0 155 10.0962 -33.194 18.4252 0.580397
0 0 156 -7.4174 -44.7604 24.3075 2.16624
0 0 157 -11.7188 -25.924 -71.9918 6.33028
0 0 158 1.23356 0.248164 -50.9077 10.0974
0 0 159 17.2268 -39.4064 -13.6994 8.84168
0 0 160 13.1371 53.5164 -68.2248 -12.3735
0 0 161 -7.35967 19.3472 -57.1223 -10.3249
0 0 162 -7.09023 -9.33419 -28.3059 -5.16949
0 0 163 23.9724 32.105 29.5277 12.5429
0 0 164 22.9139 47.9654 25.8277 -0.345162
0 0 165 10.2213 29.3283 9.36862 0.712066
0 0 166 13.3295 5.20589 -9.20331 14.063
0 0 167 18.8146 15.9772 0.0516552 10.1632
0 0 168 5.33291 49.6844 -40.202 14.9885
0 0 169 15.4466 63.0355 -58.0473 7.1232
0 0 170 -13.7011 20.935 -13.8977 1.43915
0 0 171 -14.4902 12.8723 -14.0292 -9.99479
0 0 172 -0.411948 -4.24516 -10.7235 -18.5204
0 0 173 6.78597 -47.1384 13.267 -1.00545
0 0 174 36.7227 -13.9612 25.2945 -2.06364
0 0 175 21.788 17.4969 20.2082 -9.79631
0 0 176 27.148 43.8028 -15.1526 7.52015
0 0 177 22.1248 48.2304 20.2727 22.5885
0 0 178 16.0432 26.0896 32.8334 0.910538
0 0 179 -8.35082 38.4487 3.75166 13.6002
0 0 180 -26.7209 50.7421 -8.94044 1.8361
0 0 181 -37.8931 -9.73051 2.23148 16.0457
0 0 182 -36.44 11.1532 16.6397 6.00014
0 0 183 -10.1984 18.4233 59.4005 -1.46822
0 0 184 -5.56981 -30.8136 62.6392 -8.34214
0 0 185 3.87986 9.89616 8.70897 1.43915
0 0 186 3.21588 40.761 -18.9865 4.54597
0 0 187 8.63356 -2.65985 -5.37187 -3.64948
0 0 188 10.8853 -16.6042 52.8585 0.910538
0 0 189 -9.53444 42.6113 38.6487 -5.89658
0 0 190 -19.1188 -12.9036 19.9454 10.8245
0 0 191 1.36828 -0.610138 10.9558 4.87611
0 0 192 -6.09907 39.7033 -0.412085 -7.61506
0 0 193 7.9792 57.0201 17.1654 15.7156
0 0 194 3.21588 18.4233 40.4987 17.6984
0 0 195 -5.50245 -7.08752 46.9762 12.5429
0 0 196 -4.25148 -3.32121 24.1711 -2.52642
0 0 197 13.7241 2.62856 -10.5921 -1.99684
0 0 198 8.11392 -19.4466 -27.314 -2.72392
0 0 199 -5.10791 7.78323 19.6775 -7.02061
0 0 200 -20.3121 18.9509 7.18879 5.80167
0 0 201 12.5404 -45.1568 40.3003 27.4138
0 0 202 -6.03171 -36.829 20.2082 22.8529
0 0 203 -25.4603 8.24521 32.5655 1.96777
0 0 204 -6.23379 59.3324 19.6775 -15.6779
0 0 205 -6.76305 -10.1949 -9.99688 -10.4566
0 0 206 4.27439 47.9654 -16.8711 6.13181
0 0 207 -1.99972 38.118 2.23148 -1.73253
0 0 208 10.154 52.5924 -12.8388 1.57179
0 0 209 -9.6018 10.0955 -12.8388 8.71001
0 0 210 -8.08138 -5.04024 0.0516552 13.6002
0 0 211 27.8023 -37.8867 22.7204 0.447759
0 0 212 13.7914 5.07216 -10.7235 -13.1006
0 0 213 -21.1011 1.83347 -4.7767 -29.691
0 0 214 -16.742 -29.0314 0.381481 -5.76491
0 0 215 -0.354211 22.654 -15.6808 7.91612
0 0 216 9.62471 10.0299 -48.8593 18.1612
0 0 217 -16.6073 5.60222 -27.7108 6.33028
0 0 218 -4.25148 19.019 -35.8399 -10.7877
0 0 219 16.6975 -36.4327 15.5832 3.55458
0 0 220 2.61926 -46.2144 13.0711 -4.83935
0 0 221 -3.5875 -26.651 -41.9206 5.33889
0 0 222 -6.69569 -28.7663 -8.67509 7.65182
0 0 223 -4.3862 -22.6196 -10.7235 -9.39937
0 0 224 3.14852 -15.8116 9.30414 -10.8535
0 0 225 -15.8855 -26.2547 5.73557 -20.3047
0 0 226 -0.0847701 0.578842 -0.808868 10.8903
0 0 227 -14.4229 38.118 12.2751 9.6346
0 0 228 3.94722 19.0846 16.5702 -25.9887
0 0 229 4.66893 17.0349 12.9397 -15.0834
0 0 230 2.75398 -9.33419 -11.5146 -14.489
0 0 231 -29.7617 -38.6137 -26.7188 -19.7112
0 0 232 -1.73991 5.66787 10.0283 -12.7705
0 0 233 12.5404 -8.07956 -10.3912 28.0741
0 0 234 1.23356 2.0985 7.25575 27.0827
0 0 235 -2.46162 10.6912 20.4066 -0.279327
0 0 236 -0.941206 -20.4386 -36.9632 -31.2768
0 0 237 13.0697 -3.91448 19.0848 -9.59784
0 0 238 22.1826 19.8116 -16.0776 15.0543
0 0 239 41.8806 48.2304 -29.0325 8.44571
0 0 240 151.658 49.3538 -1.14117 6.39612
0 0 241 370.945 55.3011 66.6691 15.1202
0 0 242 553.491 81.4732 24.5704 -0.93961
0 0 243 586.67 6.7912 19.4816 -5.30213
0 0 244 553.289 -28.105 25.6938 7.18904
0 0 245 553.356 1.30585 86.4338 1.8361
0 0 246 487.795 43.9341 38.118 -16.6693
0 0 247 391.105 87.0242 16.2429 -7.35075
0 0 248 343.847 45.0574 78.1708 10.4943
0 0 249 334.724 45.0574 88.3508 -6.9538
0 0 250 375.304 -4.44454 85.4419 0.381924
0 0 251 444.242 -41.2567 48.0326 -14.9518
0 0 252 451.575 1.30585 28.7341 2.36471
0 0 253 340.94 35.8714 18.6236 29.8594
0 0 254 174.984 32.8977 38.9761 11.4857
0 0 255 99.31 59.4662 24.7043 -19.7761
0 0 256 57.8065 9.03786 -21.2333 -26.5183
0 0 257 9.69208 6.9225 -12.1122 -3.12087
0 0 258 12.2036 -33.921 -4.64526 -6.88797
0 0 259 20.8642 -20.5699 45.9843 -8.14367
0 0 260 -6.69569 56.8207 62.2424 0.250255
0 0 261 -8.01402 -8.01391 12.8727 2.23304
0 0 262 -0.286851 2.36353 0.512916 -18.9164
0 0 263 -5.77189 28.8663 -27.5124 -23.4125
0 0 264 -1.21065 24.5043 -12.5065 -17.9918
0 0 265 11.5493 75.3946 30.8495 -6.42519
0 0 266 25.4255 78.3026 9.83236 -3.51781
0 0 267 -1.67255 4.54454 22.522 -25.7244
0 0 268 6.39143 41.0917 -19.8445 -5.56643
0 0 269 -0.681389 29.1289 13.3364 13.4017
0 0 270 26.9459 -10.2606 75.3264 -11.5148
0 0 271 18.4874 -8.80656 28.4712 5.6032
0 0 272 9.23018 -4.84086 -4.70974 -1.60086
0 0 273 -20.774 5.53657 -9.33722 -0.345162
0 0 274 8.17166 18.5546 75.9885 -17.5948
0 0 275 0.377128 -3.98256 54.5771 -26.9143
0 0 276 -3.39504 -59.1668 -43.1084 -3.58365
0 0 277 -2.39426 -15.4809 -66.7716 -15.612
0 0 278 12.271 67.3295 -20.1099 -9.2009
0 0 279 26.2146 38.0524 7.32023 -13.5634
0 0 280 20.7295 -0.610138 -5.30492 -7.28491
0 0 281 14.6479 -11.5152 -35.1108 -10.7877
0 0 282 27.5425 -35.6401 10.4945 -15.4136
0 0 283 26.1568 -6.62555 -11.7824 -21.4297
0 0 284 22.3847 12.4079 -8.87348 -10.3908
0 0 285 30.1214 23.4466 10.0283 1.96777
0 0 286 28.1391 -9.59921 2.10005 11.8817
0 0 287 12.5404 -10.8563 2.56131 10.9571
0 0 288 -8.54328 -11.9115 -28.5018 0.183452
0 0 289 5.07309 -13.6306 11.8163 -2.52642
0 0 290 -2.2018 -26.386 2.7597 -1.53503
0 0 291 8.30638 -28.9633 -39.6738 -5.56643
0 0 292 32.8928 12.0115 -38.4165 2.49735
0 0 293 36.5303 29.9897 -0.146736 -4.70671
0 0 294 7.6424 0.182515 -35.9688 -11.6465
0 0 295 19.9404 6.6599 -13.1042 -24.9315
0 0 296 26.7438 18.0926 1.70326 -27.1118
0 0 297 40.8895 -24.6013 -14.0961 -2.26115
0 0 298 25.0983 -57.5815 13.4679 -18.9832
0 0 299 -0.15213 15.4496 8.11379 -10.7219
0 0 300 -0.941206 -3.58623 1.77022 2.76166
0 0 301 8.63356 -36.3671 0.64683 -11.5806
0 0 302 7.12277 16.3735 -29.164 -9.00339
0 0 303 20.7295 -1.8672 4.74362 2.95916
0 0 304 7.91184 12.8723 -17.8631 -11.8449
0 0 305 -4.11676 24.3049 -52.165 -9.13506
0 0 306 30.2465 -13.2342 -13.0372 -5.5006
0 0 307 22.9813 37.3254 2.10005 -2.72392
0 0 308 10.4234 37.391 -5.171 21.0685
0 0 309 -6.03171 10.9538 -16.0131 7.65182
0 0 310 -18.5896 2.8255 31.71 -0.543634
0 0 311 -23.3529 29.9897 -2.99117 -1.13808
0 0 312 2.22472 -17.0686 -27.4454 -0.014052
0 0 313 21.9901 -44.4954 -24.0752 3.68625
0 0 314 29.4575 -42.9757 39.9705 -3.38518
0 0 315 -6.69569 18.0269 17.9615 8.64321
0 0 316 -10.795 16.838 15.1195 8.90752
0 0 317 -2.06708 -24.2706 22.4525 11.5516
0 0 318 1.6281 -11.3182 35.0802 3.0918
0 0 319 -8.28346 23.6436 -1.66939 -10.3249
0 0 320 -1.14329 13.2029 -56.9884 -12.7705
0 0 321 -1.67255 2.03285 -20.0404 -12.969
0 0 322 -12.046 2.9568 -28.1075 -23.7417
0 0 323 -5.43509 -5.04024 -40.0036 -14.2247
0 0 324 -2.59634 -3.98256 -34.6495 0.117617
0 0 325 -20.5719 16.0429 -33.1293 -1.99684
0 0 326 -30.5508 24.4362 6.72257 -2.72392
0 0 327 -26.3937 3.94883 0.116132 -3.78212
0 0 328 -12.8447 -41.653 -5.23796 -12.0434
0 0 329 1.36828 -19.8429 -6.03153 -1.931
0 0 330 -3.85694 -0.743868 -4.44687 16.2442
0 0 331 -20.3794 -24.0736 4.94201 -3.45101
0 0 332 -27.4426 -28.567 4.34683 -17.9918
0 0 333 -4.25148 20.0742 -4.57831 -14.8849
0 0 334 2.75398 48.4955 -16.6703 -12.1751
0 0 335 -8.35082 48.9574 -7.02348 7.98293
0 0 336 8.97036 23.843 -20.9679 31.5779
0 0 337 28.3316 -15.5465 -29.4293 18.623
0 0 338 -1.53782 -14.1606 -49.8513 6.19861
0 0 339 -3.19296 -2.13223 -46.3447 0.712066
0 0 340 11.6744 0.775789 -20.7051 -20.6348
0 0 341 10.3561 21.2656 4.61218 -7.74769
0 0 342 -1.21065 41.5561 0.579873 6.72723
0 0 343 -3.39504 28.7983 -9.9324 -3.12087
0 0 344 3.09078 -24.1393 8.51057 -10.7219
0 0 345 16.303 -61.8778 4.54522 -5.03782
0 0 346 3.67778 -51.2378 3.6847 13.9313
0 0 347 -7.82157 -23.3466 -3.12509 5.6032
0 0 348 -6.76305 3.6838 15.2509 0.910538
0 0 349 -5.96435 11.9459 -2.59439 -3.51781
0 0 350 13.9261 1.57087 -27.1156 10.6928
0 0 351 16.7649 14.9852 -11.9138 -5.56643
0 0 352 20.4697 -8.60718 -1.40652 -3.64948
0 0 353 7.38258 -39.6714 -22.2252 -12.8363
0 0 354 7.9792 -38.6137 -38.0866 -23.213
0 0 355 10.2887 -2.52855 -71.8603 -10.0606
0 0 356 19.2091 17.2343 -67.2328 -7.08644
0 0 357 -6.16643 31.0474 -14.1606 -14.092
0 0 358 5.13083 42.6113 7.05736 -8.67228
0 0 359 -5.96435 80.5493 -49.1246 -4.4424
0 0 360 -15.2216 50.4771 -74.1691 1.30748
0 0 361 -0.748749 13.5312 -35.9068 18.6898
0 0 362 27.6676 3.81753 6.33075 15.7814
0 0 363 15.3118 21.9926 -20.2413 -0.410996
0 0 364 1.43564 18.8196 -22.8204 -10.0606
0 0 365 -4.0494 -9.86424 7.9154 -14.6206
0 0 366 6.78597 -27.378 -3.78474 -6.55783
0 0 367 18.8146 -30.6823 -0.213693 8.18043
0 0 368 12.271 -25.2626 -8.4767 6.99153
0 0 369 10.818 -11.0532 -12.1122 5.8675
0 0 370 16.1105 -8.47588 4.67666 -11.1837
0 0 371 7.6424 15.0533 32.2357 -25.3933
0 0 372 -7.61948 7.84888 5.80005 -17.133
0 0 373 -2.73106 23.2473 -5.23796 -1.27072
0 0 374 -11.7862 31.84 -24.472 -3.51781
0 0 375 -1.07593 17.0349 -24.6704 -0.14669
0 0 376 2.09962 20.0742 3.15648 -12.3077
0 0 377 -20.0426 34.748 -13.8308 -8.34214
0 0 378 -33.4569 27.4123 -27.314 -0.345162
0 0 379 7.12277 11.0876 -19.1179 0.31609
0 0 380 34.7404 40.3647 14.1275 5.93334
0 0 381 13.599 45.9181 20.4736 2.89332
0 0 382 -15.6161 40.9604 16.6397 6.13181
0 0 383 -5.24263 20.8693 15.98 0.0517827
0 0 384 3.09078 9.43419 13.7977 -2.12948
0 0 385 -17.531 16.7699 -9.33722 1.96777
0 0 386 -10.0637 12.6072 -17.201 7.25584
0 0 387 12.8003 21.5282 19.9454 16.8387
0 0 388 10.0289 21.7933 28.6027 12.4103
0 0 389 5.13083 6.59182 3.2904 10.8245
0 0 390 17.631 -2.99053 14.9211 5.73583
0 0 391 -9.20726 -3.71753 10.1597 5.6032
0 0 392 -5.10791 10.8225 -6.09848 2.43055
0 0 393 2.68662 13.1349 -13.1711 -6.16088
0 0 394 10.154 2.2298 1.70326 -2.32795
0 0 395 2.56152 -7.5495 -21.3647 5.14042
0 0 396 9.69208 -34.383 -39.6738 2.16624
0 0 397 -7.02287 -25.3964 -39.21 -0.0808548
0 0 398 -2.99088 2.29788 -0.28313 -3.84795
0 0 399 -15.4814 9.16916 -5.50083 -7.28491
0 0 400 -15.414 16.6386 -3.38796 3.75305
0 0 401 -7.61948 6.9225 -0.345128 -8.93659
0 0 402 -22.4868 -5.36849 -27.314 -18.5862
0 0 403 -32.9373 4.47889 -27.314 2.69485
0 0 404 -13.374 31.84 13.267 15.1202
0 0 405 15.4466 33.756 37.5873 0.712066
0 0 406 22.8466 39.5064 46.3141 -10.7877
0 0 407 12.0112 18.2239 32.7639 -15.1493
0 0 408 -4.0494 13.6649 23.7768 -6.29352
0 0 409 3.41796 6.39487 30.4527 -2.79073
0 0 410 -1.53782 -42.2487 29.1979 5.80167
0 0 411 -12.9698 -24.3387 25.0316 6.59459
0 0 412 0.636946 -19.8429 6.33075 0.0517827
0 0 413 19.6133 -34.1861 8.18075 5.14042
0 0 414 19.084 -15.7459 22.3236 1.8361
0 0 415 -14.4902 18.4233 8.77344 -6.16088
0 0 416 -36.9596 49.6844 -24.539 -11.1178
0 0 417 -14.8944 18.0269 12.0122 -11.448
0 0 418 -4.57865 -1.07455 19.0848 -3.78212
0 0 419 8.04656 -21.0343 -39.7382 2.23304
0 0 420 0.0499502 -16.6723 -56.2618 -0.741138
0 0 421 -11.9786 16.9693 3.81861 3.95055
0 0 422 -25.2678 24.1736 15.1865 -10.8535
0 0 423 -28.8379 -7.48385 13.9291 -10.1265
0 0 424 -10.5256 14.5232 24.2405 14.2614
0 0 425 -14.0957 -25.5277 -1.80331 8.97432
0 0 426 -0.479308 -56.6551 -6.62422 -1.00545
0 0 427 11.2125 -11.5152 5.07344 -0.212524
0 0 428 15.3118 11.4183 44.7294 7.45431
0 0 429 2.75398 9.43419 21.2002 6.59459
0 0 430 -7.02287 38.7137 5.86701 -1.60086
0 0 431 -12.6426 45.5874 11.0872 -8.40798
0 0 432 -19.6481 26.289 -4.50887 -9.33353
0 0 433 -43.9651 25.8246 -16.7372 6.19861
0 0 434 -25.0658 -3.78318 -55.5352 12.8731
0 0 435 19.9404 -24.8663 -55.1384 6.99153
0 0 436 12.1363 -23.6117 -26.1906 2.56318
0 0 437 -7.82157 22.9822 -6.89205 3.55458
0 0 438 -1.73991 39.8371 -29.164 -3.05503
0 0 439 -9.34198 29.3283 -18.2599 -1.6667
0 0 440 -28.376 28.2706 17.1654 9.30446
0 0 441 -26.0569 16.9036 31.0479 13.667
0 0 442 -31.6093 -21.6933 15.1195 5.47153
0 0 443 -18.5896 -43.1727 0.0516552 6.33028
0 0 444 -20.2447 -45.2224 6.46218 -0.873776
0 0 445 -7.88893 -30.748 36.9302 -5.36796
0 0 446 3.48532 24.7669 61.0546 -9.99479
0 0 447 0.309768 10.3606 35.3405 -18.2561
0 0 448 -5.50245 -16.6723 7.98236 -21.6272
0 0 449 -10.1984 -39.5377 -7.88153 -31.8703
0 0 450 -5.37735 -11.3839 1.8347 -18.1902
0 0 451 2.4268 0.182515 5.99844 2.89332
0 0 452 3.21588 -14.1606 -1.27013 8.3789
0 0 453 5.40027 -19.646 -5.37187 23.7784
0 0 454 -15.0868 -22.8847 7.71701 15.2528
0 0 455 -24.6039 -9.20289 -5.96705 5.66903
0 0 456 -18.5896 -9.20289 -12.3106 3.68625
0 0 457 -20.4372 -0.678219 6.9904 -4.64088
0 0 458 -18.3971 -25.197 7.45414 5.8675
0 0 459 -25.595 -14.1606 -20.9679 11.8817
0 0 460 -14.5576 -6.75685 -26.8502 3.55458
0 0 461 6.78597 -25.5277 -43.1754 1.8361
0 0 462 10.2887 -7.5495 -60.557 4.41333
0 0 463 8.4411 -11.9796 -46.7439 9.50293
0 0 464 34.7404 -32.0707 18.2888 10.8245
0 0 465 5.00573 -2.32917 7.38718 13.667
0 0 466 -17.531 34.945 -20.5711 15.3187
0 0 467 3.3506 14.0612 -8.60814 -4.57504
0 0 468 25.5602 -24.008 18.4252 -6.55783
0 0 469 22.9139 5.20589 38.5173 6.33028
0 0 470 4.13967 37.0603 31.8414 7.78446
0 0 471 17.631 1.9672 -12.1122 2.89332
0 0 472 9.43226 -12.0453 -20.2413 -8.67228
0 0 473 -11.9786 -4.37889 -14.7533 -1.07225
0 0 474 -13.374 9.83051 -49.5859 -2.26115
0 0 475 7.05541 -18.3233 -69.2168 -6.29352
0 0 476 13.5316 -31.475 -53.8836 -4.31073
0 0 477 5.46763 -17.3312 -28.5688 1.17485
0 0 478 -9.20726 -5.10589 -33.8559 5.53736
0 0 479 -2.92352 -22.6196 -22.8849 -2.85656
0 0 480 -5.24263 -0.0825131 13.9961 -11.6465
0 0 481 -3.91468 -9.92989 33.6914 -7.02061
0 0 482 -23.8148 -16.2079 5.86701 2.76166
0 0 483 -19.2535 -19.8429 14.6582 -12.3077
0 0 484 -0.681389 -25.6589 25.6938 -23.8075
0 0 485 -5.70453 -25.0657 -9.20331 -14.2247
0 0 486 -7.82157 -12.6385 -25.0672 -11.5806
0 0 487 23.6453 20.1423 -4.64526 -3.64948
0 0 488 14.5228 22.7853 -23.6785 -1.79933
0 0 489 -2.79842 15.1189 -49.8513 4.3475
0 0 490 15.052 -9.99554 -31.014 8.24723
0 0 491 15.8411 -32.467 -40.202 5.93334
0 0 492 13.4642 -26.8504 -43.2423 16.5744
0 0 493 6.12199 -29.6903 -11.7824 8.31307
