0 0 0 -10.0752 -1.45478 -1.89397 -0.507792
0 0 1 -5.25088 8.24237 -5.39364 -4.22617
0 0 2 -0.73407 -0.726415 -1.01834 2.19001
0 0 3 -8.97247 8.67963 -5.46661 0.294424
0 0 4 -1.6035 -3.05889 -6.99753 1.24222
0 0 5 -4.44506 -10.1312 2.26242 2.33559
0 0 6 -4.08457 5.54387 -8.30955 -7.28792
0 0 7 2.40437 3.5762 0.731494 -0.435004
0 0 8 3.2844 -2.47546 -5.39364 -0.726156
0 0 9 1.3865 -0.872578 -2.33179 -2.03944
0 0 10 -5.25088 1.17003 -12.247 -5.75782
0 0 11 3.21018 -2.47546 0.293678 -6.85119
0 0 12 3.79334 -3.49738 -4.44503 -4.29896
0 0 13 -0.00247414 11.1583 4.81491 2.33559
0 0 14 -5.54776 -2.33053 5.2513 -0.58058
0 0 15 4.88543 6.56456 -2.91411 -4.44454
0 0 16 -0.80829 3.86729 8.0227 -1.60116
0 0 17 -5.98247 3.93976 3.35553 0.512788
0 0 18 -6.05669 5.39894 -2.76817 -1.89231
0 0 19 -3.72407 3.35634 -3.13302 1.09664
0 0 20 -1.90038 8.8258 4.3771 -11.0063
0 0 21 0.803341 -4.663 14.6572 -0.289428
0 0 22 0.654902 -13.3395 7.14707 0.658364
0 0 23 0.145966 -6.48575 9.99144 0.367212
0 0 24 -5.61137 1.02386 10.2833 1.67894
0 0 25 -8.97247 9.40799 -7.58128 2.91944
0 0 26 -3.42719 2.33565 1.53273 5.47166
0 0 27 -1.75194 7.07552 4.59601 -2.33059
0 0 28 4.3765 -3.56985 -3.93568 3.79444
0 0 29 -4.51928 1.67976 4.66897 7.00176
0 0 30 -8.6862 9.04443 -0.290077 4.23117
0 0 31 -2.55776 8.09621 2.91914 0.512788
0 0 32 -1.02035 -4.7367 4.81491 5.61724
0 0 33 -1.82616 15.4597 6.49178 5.17896
0 0 34 1.67277 6.92936 -4.44503 2.91944
0 0 35 -7.223 -2.54916 -3.86271 2.55395
0 0 36 -3.72407 6.1273 6.85519 4.01281
0 0 37 0.729121 -16.1104 -0.94537 3.94002
0 0 38 0.368625 -1.16368 -2.40476 2.91944
0 0 39 -3.64985 -2.33053 -2.11288 -7.28792
0 0 40 -2.03822 11.5231 -2.40476 0.0032723
0 0 41 0.729121 3.1377 1.60569 0.658364
0 0 42 -5.61137 0.659067 1.53273 0.0032723
0 0 43 -7.00035 2.77414 -3.4249 -0.653368
0 0 44 -2.48354 5.54387 8.16864 0.44
0 0 45 -5.61137 -6.55944 -11.0065 -5.90339
0 0 46 2.11809 -12.9022 1.60569 -4.00781
0 0 47 5.24593 -0.289153 -4.88285 1.16943
0 0 48 5.82908 -16.84 2.48133 -0.0695157
0 0 49 3.6449 -15.0897 -5.39364 -4.15339
0 0 50 -4.81616 1.46112 4.08522 2.33559
0 0 51 5.03387 -13.9229 -7.87316 2.33559
0 0 52 -0.00247414 -6.77807 -5.75848 -4.44454
0 0 53 -7.5835 1.97208 -1.31022 -3.86223
0 0 54 -0.65985 1.67976 -4.66394 1.97165
0 0 55 7.21806 -4.88163 -0.581954 4.01281
0 0 56 -5.10244 -5.46506 1.24085 -1.89231
0 0 57 -0.946126 1.24249 -2.84114 -0.362216
0 0 58 7.3665 3.93976 -3.6438 0.0032723
0 0 59 6.05174 6.201 -4.66394 -3.42396
0 0 60 -5.98247 -4.07958 -10.2053 -2.18501
0 0 61 -1.24301 10.2837 -8.01767 2.19001
0 0 62 -0.51141 4.37825 -7.87316 -3.42396
0 0 63 -1.09457 1.31496 -5.39364 -0.362216
0 0 64 6.70912 3.35634 3.6474 -1.01886
0 0 65 -3.64985 -10.8608 3.28256 2.48116
0 0 66 -3.20453 -7.58013 6.49178 -1.52837
0 0 67 -0.80829 -2.69532 -12.6848 -4.44454
0 0 68 0.0717457 1.67976 -5.17473 0.951065
0 0 69 -3.20453 -6.04848 -6.19487 -2.47617
0 0 70 -4.15879 -8.67328 -1.38319 -2.2578
0 0 71 7.44072 -0.142989 -6.55971 2.2628
0 0 72 10.0596 -14.8711 0.804463 4.59666
0 0 73 5.39437 1.75222 3.86631 -4.51733
0 0 74 -1.31723 14.9499 1.09634 5.17896
0 0 75 0.654902 -6.77807 -0.581954 -4.44454
0 0 76 -2.18666 -6.55944 -3.6438 1.89886
0 0 77 2.40437 2.40934 5.39724 -8.6012
0 0 78 3.86756 12.179 4.3771 -0.726156
0 0 79 1.31228 12.179 7.14707 4.66945
0 0 80 1.3865 -5.53875 -0.0711687 3.64887
0 0 81 -2.18666 6.34593 -12.247 4.44953
0 0 82 -0.076694 0.659067 -2.6952 -4.00781
0 0 83 0.0717457 0.440436 1.09634 -1.45558
0 0 84 2.47859 -2.403 8.67799 3.79444
0 0 85 -1.52928 11.5231 -3.35193 7.44004
0 0 86 2.25593 10.5024 3.6474 0.0760603
0 0 87 4.58855 6.05483 3.06365 -1.52837
0 0 88 0.145966 1.60729 2.33539 1.09664
0 0 89 8.23593 -14.069 -0.290077 1.60616
0 0 90 3.06175 -3.49738 -5.90442 2.11722
0 0 91 9.91118 1.67976 4.08522 -1.74674
0 0 92 -3.78769 0.00317425 3.57444 -2.18501
0 0 93 -13.924 -8.45465 7.00113 7.87676
0 0 94 5.32015 -3.27752 4.81491 -3.35117
0 0 95 3.06175 2.62798 4.95942 0.148848
0 0 96 -0.225134 -4.07958 -1.52912 0.44
0 0 97 1.16384 -8.23602 0.147739 -2.84165
0 0 98 4.66277 11.0121 -5.02879 -0.653368
0 0 99 0.654902 0.00317425 -7.50832 4.37675
0 0 100 8.02387 4.37825 -4.15459 4.74223
0 0 101 1.89543 -5.53875 7.73082 4.08559
0 0 102 2.70125 -4.29944 -1.23725 0.878277
0 0 103 -3.93613 -1.16368 5.39724 1.67894
0 0 104 -7.944 -7.21534 -1.60209 -0.362216
0 0 105 -7.14878 7.44031 7.51192 -4.29896
0 0 106 -1.45506 -2.1119 -1.09131 -6.56004
0 0 107 -7.29722 -1.30984 -4.15459 1.82607
0 0 108 -4.30723 0.659067 0.366647 -3.27838
0 0 109 8.81908 12.3976 3.50147 6.49224
0 0 110 3.06175 -3.27752 -2.91411 -0.289428
0 0 111 1.74699 -12.9759 -1.52912 -0.362216
0 0 112 1.3865 -8.74698 -2.47629 0.367212
0 0 113 -3.50141 4.08593 10.3563 -4.0806
0 0 114 -3.86191 1.38866 -1.16428 -1.45558
0 0 115 0.506462 7.73141 -8.16361 -0.0695157
0 0 116 -6.77769 -6.85054 0.585555 5.47166
0 0 117 4.07962 3.64866 0.585555 -5.97618
0 0 118 8.81908 1.38866 -1.01834 -4.15339
0 0 119 3.2844 5.39894 2.33539 -4.00781
0 0 120 2.62703 12.0328 -1.09131 -5.10118
0 0 121 -0.00247414 7.36662 -8.30955 -0.653368
0 0 122 4.07962 -6.41328 -1.16428 2.48116
0 0 123 -0.871907 6.34593 -0.436015 2.77386
0 0 124 -1.9746 -2.1119 8.38755 -1.96665
0 0 125 -0.150914 2.55428 5.76208 -7.6534
0 0 126 10.4943 1.97208 5.83505 -7.28792
0 0 127 2.76487 -5.39259 2.70023 -4.59011
0 0 128 -5.25088 -2.25683 1.75163 -6.34012
0 0 129 5.09749 -9.03808 -8.23658 -2.62174
0 0 130 -3.50141 1.75222 -3.86271 1.67894
0 0 131 -2.26088 2.62798 1.16931 2.11722
0 0 132 -2.91825 2.62798 -4.95582 -1.45558
0 0 133 -4.01035 -3.71601 -1.31022 -5.31954
0 0 134 1.96965 -3.05889 -3.71677 -4.37175
0 0 135 -1.39145 -1.7471 0.439617 3.64887
0 0 136 -5.17666 6.49209 8.0227 4.74223
0 0 137 0.877561 4.59688 3.79334 -0.653368
0 0 138 3.57068 -0.434088 -3.93568 -3.56953
0 0 139 0.220185 -2.54916 -4.518 6.49224
0 0 140 0.877561 -10.8608 3.06365 -1.3828
0 0 141 -9.69347 -4.88163 0.950402 1.315
0 0 142 -3.27875 -4.3719 3.86631 2.11722
0 0 143 1.74699 11.4506 1.24085 8.89734
0 0 144 -0.51141 -2.69532 -6.26784 0.80394
0 0 145 7.14384 -4.15327 -6.19487 3.72165
0 0 146 -7.00035 -3.64231 -1.31022 5.03339
0 0 147 -8.3151 0.0756418 3.93928 -2.84165
0 0 148 -6.92613 -4.80917 -4.59097 -9.03792
0 0 149 -8.38932 7.80388 -3.27896 -6.12176
0 0 150 -2.03822 4.52319 -5.97739 -4.51733
0 0 151 3.57068 -2.1119 4.45007 -1.01886
0 0 152 3.6449 0.805231 -0.508985 5.10617
0 0 153 1.89543 14.3665 8.82393 1.82607
0 0 154 1.74699 -1.60094 0.512586 -6.12176
0 0 155 10.5686 -1.09121 -2.40476 -4.22617
0 0 156 1.67277 5.17908 6.63772 1.53337
0 0 157 -5.90825 10.3562 2.7732 -2.84165
0 0 158 -7.14878 10.6485 14.0019 -2.84165
0 0 159 -9.33297 4.52319 4.01225 -5.61224
0 0 160 2.47859 4.88798 8.0227 -4.0806
0 0 161 -2.62137 -5.32012 -3.49786 -0.143852
0 0 162 -0.946126 -0.142989 -2.6952 5.61724
0 0 163 -1.24301 2.04455 -0.94537 0.0760603
0 0 164 -0.58563 4.59688 2.04351 -1.16443
0 0 165 5.90331 6.92936 -0.0711687 2.11722
0 0 166 -2.11244 9.70032 6.05396 0.148848
0 0 167 -2.91825 1.75222 1.02337 -0.21664
0 0 168 7.29228 9.04443 -1.89397 -0.94452
0 0 169 -0.946126 14.439 1.8246 -4.66445
0 0 170 1.74699 2.11702 4.15819 -9.62178
0 0 171 0.877561 15.1686 -2.76817 -8.52841
0 0 172 6.6349 -0.36162 -3.49786 0.951065
0 0 173 5.09749 -4.7367 3.35553 -0.94452
0 0 174 2.76487 -1.23614 -0.799431 3.64887
0 0 175 2.83909 1.17003 2.48133 -3.35117
0 0 176 3.2844 -9.84014 -0.799431 -0.798944
0 0 177 -0.00247414 8.24237 1.67866 -3.64232
0 0 178 -1.82616 13.7106 1.75163 -7.28792
0 0 179 -3.50141 4.59688 -2.40476 -0.726156
0 0 180 -4.23301 -4.59053 9.6266 4.01281
0 0 181 -0.946126 -5.82985 1.02337 -9.54899
0 0 182 -5.25088 -0.142989 -6.77862 -9.40341
0 0 183 0.580682 -4.07958 1.02337 -7.14234
0 0 184 1.31228 5.32524 -1.38319 1.89886
0 0 185 -2.99247 -3.49738 -1.89397 -2.47617
0 0 186 -0.73407 3.5025 0.07477 -8.3085
0 0 187 -1.75194 -13.7043 -0.436015 0.658364
0 0 188 -3.72407 0.5866 9.69956 0.658364
0 0 189 -4.81616 0.512904 0.293678 4.01281
0 0 190 -1.09457 9.1169 -5.90442 -5.02839
0 0 191 -1.02035 -3.86095 -1.09131 -6.34012
0 0 192 -0.43719 6.92936 -11.9537 -9.98572
0 0 193 -3.64985 -2.76779 2.62726 -2.54895
0 0 194 1.89543 -9.40287 11.8142 -2.11223
0 0 195 1.3865 3.43003 6.27287 -7.58062
0 0 196 0.145966 -1.16368 5.68911 0.731152
0 0 197 2.91331 6.1273 -7.28941 4.37675
0 0 198 2.62703 3.28387 2.7732 3.72165
0 0 199 -0.946126 -3.64231 -0.508985 -1.3828
0 0 200 -5.68559 -2.18436 -1.821 -1.52837
0 0 201 -5.47354 -14.4338 5.83505 0.0760603
0 0 202 -1.90038 -5.0278 0.220709 2.70107
0 0 203 -3.27875 -1.30984 3.93928 -4.15339
0 0 204 -0.43719 -3.56985 5.98099 -7.79898
0 0 205 2.76487 -6.34081 8.16864 -1.16443
0 0 206 -2.18666 -4.51807 7.0741 -3.71511
0 0 207 -11.0824 -3.56985 -3.20599 -3.71511
0 0 208 -5.17666 -3.05889 -0.0711687 -8.89235
0 0 209 -7.36084 6.63826 1.38679 4.08559
0 0 210 -8.6862 11.5955 -2.6952 -2.11223
0 0 211 -9.33297 1.75222 -1.96694 -3.27838
0 0 212 -5.3251 7.00305 -7.28941 -6.63282
0 0 213 -7.73194 12.7624 -5.97739 -5.46512
0 0 214 -0.288751 10.9396 -1.96694 -1.23722
0 0 215 -0.58563 -4.59053 5.47021 1.46058
0 0 216 -1.82616 -13.4132 0.07477 0.0760603
0 0 217 0.145966 -6.48575 -3.49786 -4.66445
0 0 218 -3.06669 -2.18436 1.97054 -6.92398
0 0 219 -5.10244 -5.0278 6.85519 0.367212
0 0 220 -1.09457 4.66935 -6.41378 0.512788
0 0 221 -1.02035 3.06524 0.877432 4.59666
0 0 222 -4.08457 6.63826 2.26242 -1.74674
0 0 223 3.49646 1.60729 -3.57083 0.731152
0 0 224 -0.150914 -0.945046 -4.37207 -1.74674
0 0 225 1.31228 -1.16368 2.04351 0.658364
0 0 226 -2.3351 5.61757 5.83505 -0.94452
0 0 227 -1.90038 5.32524 1.97054 -1.74674
0 0 228 4.22806 4.88798 5.98099 0.44
0 0 229 0.220185 -1.89327 1.97054 -0.143852
0 0 230 5.17171 0.00317425 0.07477 -4.81003
0 0 231 6.12596 -2.47546 -1.16428 -1.81952
0 0 232 10.7912 -5.32012 -2.33179 -4.66445
0 0 233 6.33802 0.0756418 -8.23658 4.74223
0 0 234 7.3665 2.55428 -8.96627 -3.86223
0 0 235 16.6228 -1.96573 -6.85159 1.97165
0 0 236 28.7312 7.58525 -19.9031 9.4812
0 0 237 37.2559 0.5866 -19.5368 9.04292
0 0 238 55.4079 7.51278 -26.828 4.81502
0 0 239 112.069 7.87758 -23.7662 8.97013
0 0 240 277.718 12.9085 -1.16428 -13.4129
0 0 241 529.492 18.4492 -23.1109 -36.6726
0 0 242 665.251 12.4713 -30.0358 -39.5887
0 0 243 678.674 -37.1813 22.0214 18.0841
0 0 244 645.784 1.67976 63.7283 51.1128
0 0 245 608.452 33.2511 57.0924 19.6885
0 0 246 495.585 43.313 37.4064 -1.96665
0 0 247 381.625 22.0947 44.4787 10.7201
0 0 248 358.437 12.1065 60.884 19.2518
0 0 249 442.581 14.2203 58.6233 8.60619
0 0 250 535.472 -13.9229 48.1243 -14.5791
0 0 251 566.242 -34.9213 13.9289 -50.3784
0 0 252 497.705 -24.3496 -19.6098 -15.8196
0 0 253 309.728 4.08593 -9.98641 10.6474
0 0 254 131.971 -3.86095 -4.22756 -1.89231
0 0 255 46.2259 -6.77807 -2.40476 -1.60116
0 0 256 10.3565 1.38866 -3.4249 -0.435004
0 0 257 3.2844 -0.0705216 -2.62223 -1.31001
0 0 258 -2.11244 -5.97602 2.91914 1.89886
0 0 259 -3.14091 -9.32918 -1.52912 -4.44454
0 0 260 -9.64045 9.40799 3.4285 2.84665
0 0 261 -1.6035 3.35634 -4.22756 -1.01886
0 0 262 -0.150914 7.80388 -2.33179 -3.35117
0 0 263 0.654902 8.02374 -4.59097 0.878277
0 0 264 -1.45506 -0.872578 4.30413 -1.89231
0 0 265 0.220185 -2.76779 -1.821 5.32454
0 0 266 0.654902 -1.01751 -2.11288 5.90839
0 0 267 2.11809 8.97073 1.09634 4.15838
0 0 268 -5.90825 5.39894 2.84617 3.50174
0 0 269 -6.05669 -3.13258 10.2104 -5.53791
0 0 270 -3.14091 -4.15327 5.39724 0.585576
0 0 271 -2.40932 -11.5904 3.72037 -6.85119
0 0 272 -1.9746 2.55428 7.51192 2.70107
0 0 273 1.46072 5.69004 1.31382 4.74223
0 0 274 -4.30723 15.241 2.11648 -1.96665
0 0 275 -2.99247 -5.46506 7.36598 -0.871732
0 0 276 0.506462 6.49209 12.0332 0.731152
0 0 277 -5.17666 0.221805 4.08522 2.2628
0 0 278 -4.66772 -1.16368 1.16931 0.221636
0 0 279 0.877561 -6.9967 3.4285 -0.871732
0 0 280 -0.150914 -6.92424 -2.11288 4.44953
0 0 281 0.145966 0.440436 -0.94537 3.42895
0 0 282 -8.89825 -1.38231 -2.18585 -1.96665
0 0 283 -6.63985 -5.46506 -4.2991 4.01281
0 0 284 -2.84403 -2.76779 5.10536 2.04443
0 0 285 -5.17666 4.37825 -2.6952 -0.871732
0 0 286 1.3865 4.23209 1.97054 -0.871732
0 0 287 -0.946126 5.76251 1.09634 6.49224
0 0 288 -9.69347 2.62798 -6.34081 -4.00781
0 0 289 -16.1824 9.91895 2.26242 -0.798944
0 0 290 -12.6198 7.22168 -3.27896 1.60616
0 0 291 -0.65985 5.32524 0.147739 2.19001
0 0 292 1.0154 5.39894 -6.85159 -0.798944
0 0 293 -2.99247 -5.32012 -3.78974 -2.91444
0 0 294 1.46072 -8.08986 0.07477 -5.24675
0 0 295 -1.39145 7.80388 -0.217107 -5.53791
0 0 296 -0.73407 6.92936 3.72037 1.38779
0 0 297 -0.73407 -3.27752 -0.290077 7.6584
0 0 298 0.368625 -7.72506 -1.38319 6.49224
0 0 299 1.96965 4.01346 5.47021 4.15838
0 0 300 -7.50928 4.52319 7.14707 -1.52837
0 0 301 -7.07456 -7.21534 3.6474 2.40837
0 0 302 -7.223 7.65895 1.31382 6.56503
0 0 303 -0.73407 6.56456 0.658524 -1.52837
0 0 304 3.13596 0.877698 4.08522 2.19001
0 0 305 6.05174 3.72113 0.366647 0.658364
0 0 306 3.49646 3.64866 4.95942 0.148848
0 0 307 -6.13091 10.3562 0.439617 -2.54895
0 0 308 -6.34297 17.2824 -6.26784 -0.94452
0 0 309 0.951781 -10.496 0.585555 2.70107
0 0 310 -1.9746 -9.32918 -2.84114 2.40837
0 0 311 -4.51928 -4.3719 -0.144138 -0.21664
0 0 312 -0.288751 8.60594 2.33539 -5.31954
0 0 313 -0.946126 1.24249 -0.8724 4.88781
0 0 314 -3.64985 2.04455 -3.06005 -0.58058
0 0 315 -2.91825 6.56456 -1.60209 -2.11223
0 0 316 9.91118 -6.41328 -5.17473 -1.01886
0 0 317 5.75487 5.17908 -7.14347 3.06501
0 0 318 -2.18666 6.27346 1.89757 -4.9556
0 0 319 2.76487 -9.69397 9.55363 -4.51733
0 0 320 2.33015 3.64866 7.80379 0.294424
0 0 321 4.3765 2.77414 6.49178 0.0032723
0 0 322 6.20018 -0.434088 -1.60209 3.21059
0 0 323 1.31228 -6.41328 -8.16361 4.15838
0 0 324 -0.58563 -3.56985 -1.23725 1.75328
0 0 325 1.46072 -8.23602 -1.09131 -2.18501
0 0 326 -0.65985 6.27346 -4.08162 0.731152
0 0 327 1.23806 5.10661 -8.82033 1.82607
0 0 328 -0.225134 2.62798 -1.16428 4.74223
0 0 329 -2.62137 -6.41328 -0.217107 5.90839
0 0 330 -7.50928 -0.945046 -4.73691 2.77386
0 0 331 0.145966 -8.74698 3.72037 4.23117
0 0 332 1.59855 0.440436 -5.90442 -1.01886
0 0 333 -6.41719 -8.67328 -5.83145 2.48116
0 0 334 -6.05669 -3.35122 6.05396 7.00176
0 0 335 0.580682 -7.72506 10.3563 0.294424
0 0 336 4.07962 -5.46506 2.7732 -7.3607
0 0 337 4.73699 -1.7471 3.72037 -1.45558
0 0 338 -0.225134 -1.89327 3.06365 2.11722
0 0 339 3.71912 -4.15327 -6.70565 -1.52837
0 0 340 -1.45506 0.805231 -3.35193 -1.45558
0 0 341 -7.29722 1.24249 7.29301 1.46058
0 0 342 -1.45506 -4.3719 10.7927 -2.40338
0 0 343 2.11809 -7.2878 8.75096 4.23117
0 0 344 3.2844 2.55428 -6.77862 -1.16443
0 0 345 -4.74194 -0.798882 -1.52912 -2.76732
0 0 346 0.729121 -3.64231 -1.45615 1.16943
0 0 347 -2.48354 -7.94492 2.26242 -4.66445
0 0 348 5.75487 -4.44437 -1.96694 -3.20559
0 0 349 5.03387 5.98114 -7.58128 1.89886
0 0 350 7.14384 -1.09121 1.02337 2.62674
0 0 351 4.88543 -3.27752 -9.18518 5.54445
0 0 352 2.18171 -2.76779 3.86631 1.53337
0 0 353 2.91331 5.8362 -7.43535 0.148848
0 0 354 -2.55776 -0.142989 -3.57083 1.75328
0 0 355 5.39437 -0.142989 -6.05036 2.99223
0 0 356 4.30228 -1.81957 -3.06005 0.0760603
0 0 357 0.506462 6.56456 -0.508985 2.33559
0 0 358 2.18171 -5.82985 -0.581954 2.48116
0 0 359 -1.09457 -8.38219 9.69956 -0.653368
0 0 360 0.506462 -0.289153 0.439617 2.77386
0 0 361 -2.99247 -0.142989 -9.11221 0.367212
0 0 362 -0.150914 0.294273 -5.61254 -1.23722
0 0 363 8.60703 -3.49738 8.75096 1.82607
0 0 364 -0.225134 -1.67341 10.4278 -1.67395
0 0 365 -0.362971 -6.92424 6.63772 -1.23722
0 0 366 -2.99247 4.08593 3.79334 0.0032723
0 0 367 3.42224 6.1273 -1.09131 6.85618
0 0 368 -1.09457 2.48181 -0.290077 6.63782
0 0 369 1.46072 -9.25671 -6.19487 4.74223
0 0 370 -6.77769 1.75222 -12.1011 7.44004
0 0 371 1.23806 -4.663 -3.6438 2.33559
0 0 372 -1.67772 -8.01739 6.34584 -1.60116
0 0 373 1.31228 -7.72506 0.439617 3.06501
0 0 374 -2.99247 -2.76779 0.585555 -0.798944
0 0 375 -1.24301 -0.726415 -2.40476 -0.798944
0 0 376 0.951781 3.86729 0.950402 4.59666
0 0 377 -3.50141 10.9396 -6.92456 -3.86223
0 0 378 1.67277 -7.2878 1.38679 1.67894
0 0 379 -4.08457 3.35634 1.67866 -0.0695157
0 0 380 1.82121 -6.9967 2.7732 2.04443
0 0 381 -1.6035 -7.43397 2.99211 3.1378
0 0 382 -5.98247 -4.15327 9.55363 2.2628
0 0 383 -1.02035 -0.726415 10.1374 -1.01886
0 0 384 3.06175 -8.74698 9.77253 0.0032723
0 0 385 1.89543 -8.30849 2.48133 4.81502
0 0 386 -3.14091 -5.32012 -1.89397 -4.37175
0 0 387 1.89543 -2.33053 -7.87316 -4.59011
0 0 388 2.70125 0.951394 7.22004 1.315
0 0 389 2.98753 -4.88163 12.2506 1.53337
0 0 390 0.803341 -1.81957 9.8455 -2.33059
0 0 391 4.3765 -0.434088 2.91914 3.21059
0 0 392 10.4943 -2.33053 -0.144138 -5.61224
0 0 393 10.6428 3.72113 -4.73691 0.221636
0 0 394 6.05174 7.22168 -7.94613 4.15838
0 0 395 4.30228 5.76251 -2.76817 4.66945
0 0 396 0.729121 -1.89327 -3.57083 1.16943
0 0 397 1.67277 -4.88163 -3.35193 -6.63282
0 0 398 -5.3251 3.2114 1.67866 2.48116
0 0 399 -3.35297 -10.3499 -2.40476 0.658364
0 0 400 0.145966 -5.0278 -5.97739 1.315
0 0 401 -5.98247 9.40799 -6.48674 4.52387
0 0 402 -5.39932 -9.69397 -2.18585 3.72165
0 0 403 -4.01035 5.47141 -1.89397 2.33559
0 0 404 -4.37084 -1.89327 3.72037 -2.91444
0 0 405 0.877561 -9.54904 5.32427 4.23117
0 0 406 -1.82616 -1.16368 7.14707 0.951065
0 0 407 -3.35297 13.7831 -3.71677 -5.68503
0 0 408 0.729121 8.38731 -2.25882 2.48116
0 0 409 -1.02035 3.35634 0.439617 5.69003
0 0 410 -8.01822 5.98114 3.13662 6.85618
0 0 411 3.71912 4.37825 -0.653492 1.38779
0 0 412 9.69912 -8.96561 -6.77862 5.54445
0 0 413 4.88543 -0.215457 1.53273 0.0032723
0 0 414 1.08962 -1.7471 1.38679 1.82607
0 0 415 1.31228 0.659067 -2.33179 -2.03944
0 0 416 1.82121 2.26318 -3.35193 -3.86223
0 0 417 -1.09457 -2.69532 -4.00865 -4.44454
0 0 418 -3.64985 -4.663 2.91914 -1.45558
0 0 419 -1.02035 -9.47534 0.877432 1.46058
0 0 420 -1.90038 5.54387 5.76208 2.84665
0 0 421 1.31228 -3.13258 9.33472 2.77386
0 0 422 6.05174 -2.54916 0.877432 -0.653368
0 0 423 3.71912 -0.652719 10.7927 4.37675
0 0 424 8.45859 -6.26712 5.54318 2.40837
0 0 425 -0.225134 -6.26712 8.75096 1.67894
0 0 426 3.49646 -0.434088 -5.90442 -1.45558
0 0 427 1.82121 1.02386 -5.2477 -0.143852
0 0 428 1.46072 9.26306 -3.20599 -0.653368
0 0 429 -0.871907 4.88798 -7.43535 -5.90339
0 0 430 6.12596 15.0961 -5.75848 1.82607
0 0 431 3.34802 0.221805 2.7732 -1.23722
0 0 432 1.89543 0.0756418 -1.23725 -8.67398
0 0 433 11.6606 -6.34081 -0.436015 1.315
0 0 434 5.82908 -2.76779 4.3771 1.60616
0 0 435 -0.150914 -4.51807 -0.144138 -0.507792
0 0 436 1.31228 -2.25683 -0.290077 2.04443
0 0 437 -1.16879 -0.872578 -6.19487 2.33559
0 0 438 1.3865 6.92936 -4.15459 1.82607
0 0 439 2.25593 -0.0705216 8.46052 -7.3607
0 0 440 -1.90038 6.85689 8.46052 0.80394
0 0 441 -2.03822 -3.49738 5.39724 0.0032723
0 0 442 -0.00247414 5.17908 -1.45615 -1.96665
0 0 443 -1.09457 3.72113 -8.52845 -4.22617
0 0 444 2.11809 1.53359 -4.66394 -3.20559
0 0 445 2.91331 6.201 -4.73691 2.2628
0 0 446 -3.78769 -2.47546 -7.36238 -0.798944
0 0 447 -1.39145 7.14799 -9.84047 -0.21664
0 0 448 1.0154 4.88798 -5.32067 -0.726156
0 0 449 -1.09457 -10.2049 -4.15459 2.40837
0 0 450 -2.99247 1.31496 -1.45615 5.03339
0 0 451 7.3665 -3.71601 5.32427 0.80394
0 0 452 6.2744 -2.47546 7.94973 2.55395
0 0 453 0.432242 -3.71601 0.07477 0.585576
0 0 454 -4.30723 -4.22574 0.585555 -7.87177
0 0 455 -6.92613 -4.88163 8.24161 -1.23722
0 0 456 -4.23301 11.3044 5.76208 5.76281
0 0 457 0.877561 0.00317425 6.85519 8.46062
0 0 458 2.55281 3.79483 -1.45615 10.065
0 0 459 -2.55776 -1.01751 -4.00865 1.67894
0 0 460 5.24593 -0.36162 1.09634 3.57608
0 0 461 -0.225134 5.10661 0.512586 3.1378
0 0 462 0.145966 4.96045 -2.91411 1.16943
0 0 463 -0.150914 -10.4236 -9.91344 3.72165
0 0 464 -3.78769 -4.51807 -1.821 -0.871732
0 0 465 -5.54776 -3.27752 1.16931 -4.88281
0 0 466 4.58855 -11.2256 -4.15459 4.23117
0 0 467 -1.9746 -2.98642 4.15819 4.9606
0 0 468 -4.08457 -2.69532 -8.23658 2.48116
0 0 469 1.82121 -5.32012 1.60569 2.99223
0 0 470 6.70912 2.40934 -3.49786 0.512788
0 0 471 0.729121 -7.94492 -1.74803 3.1378
0 0 472 5.54281 -7.43397 -3.06005 1.97165
0 0 473 3.79334 -0.0705216 -13.1956 -1.96665
0 0 474 5.09749 -7.58013 0.512586 0.585576
0 0 475 5.90331 -0.36162 -3.6438 -2.69453
0 0 476 1.53494 4.23209 7.65786 -2.62174
0 0 477 3.42224 -0.215457 -2.18585 -0.143852
0 0 478 2.91331 -1.67341 -5.83145 -0.435004
0 0 479 2.11809 3.5762 -2.40476 0.294424
0 0 480 1.31228 -2.1119 -1.60209 0.951065
0 0 481 -3.14091 -3.49738 6.27287 -1.01886
0 0 482 -3.72407 -1.38231 8.09567 -5.39233
0 0 483 -3.93613 2.84661 0.07477 -0.94452
0 0 484 -8.46354 11.9603 4.01225 -1.96665
0 0 485 -7.36084 7.51278 3.79334 3.1378
0 0 486 -2.48354 4.08593 7.87676 3.72165
0 0 487 -1.6035 5.8362 0.439617 -1.74674
0 0 488 -0.362971 0.221805 -1.74803 2.55395
0 0 489 -6.13091 1.46112 -9.55002 -0.507792
0 0 490 2.11809 8.31484 -6.05036 -2.62174
0 0 491 1.53494 4.88798 2.5543 1.75328
0 0 492 5.17171 -4.51807 -7.43535 -1.74674
0 0 493 1.59855 -5.75739 3.93928 -1.74674
0 0 494 4.3765 -1.45478 0.950402 -4.37175
