0 0 0 5.39911 2.11609 13.6418 2.53371
0 0 1 7.02589 -6.11805 4.17551 11.1777
0 0 2 16.9028 -7.35349 -1.99813 4.18072
0 0 3 11.5576 0.0527805 -1.99813 -8.57799
0 0 4 1.68075 4.17304 3.3572 -0.757506
0 0 5 9.11746 -4.06111 -2.81645 2.94546
0 0 6 18.5296 -7.35349 0.476166 -11.872
0 0 7 12.7777 -5.29655 10.3492 -7.34274
0 0 8 10.3375 -9.41044 1.29448 2.94546
0 0 9 4.17902 -5.29655 -4.46275 7.47193
0 0 10 15.276 -2.82567 -6.52548 2.53371
0 0 11 18.5296 -9.41044 0.476166 -3.63977
0 0 12 16.0894 -11.0598 -3.23286 0.0631968
0 0 13 18.1229 -12.7028 -0.351829 -6.93099
0 0 14 7.43258 -8.58893 -7.75536 -11.4603
0 0 15 3.71422 -2.00416 -3.64444 -8.57799
0 0 16 -6.97605 0.880653 0.0645896 2.12196
0 0 17 4.17902 -1.59023 -9.81809 -2.81627
0 0 18 21.8412 13.6363 -18.8728 5.00422
0 0 19 21.0278 15.2856 -6.10906 2.53371
0 0 20 18.1229 15.2856 -8.17178 -4.87503
0 0 21 15.6827 27.6337 -11.8711 -4.46327
0 0 22 27.5931 17.3426 1.29448 9.94244
0 0 23 11.9643 -2.00416 4.59193 5.82772
0 0 24 -2.44431 -1.18266 -4.46275 -3.63977
0 0 25 7.02589 1.70216 -0.763405 -4.87503
0 0 26 0.0539657 4.58061 2.52921 -6.11028
0 0 27 -3.66439 4.58061 0.476166 -1.99276
0 0 28 0.0539657 4.99454 4.17551 2.12196
0 0 29 2.08744 0.466717 11.9955 2.94546
0 0 30 -1.63092 9.10843 3.3572 -4.87503
0 0 31 4.58571 9.52237 -3.64444 -10.225
0 0 32 0.0539657 7.46542 -6.52548 -5.69853
0 0 33 -7.38275 13.2287 -1.17014 -2.81627
0 0 34 -15.5748 4.99454 -0.351829 2.94546
0 0 35 -9.00953 4.58061 -11.8711 -8.16624
0 0 36 1.27405 2.52366 -9.40651 -5.28678
0 0 37 11.5576 -1.59023 -1.99813 -4.87503
0 0 38 10.3375 0.880653 0.8829 -7.75449
0 0 39 7.02589 -3.64717 3.3572 -4.46327
0 0 40 4.17902 -6.93956 2.94078 4.59247
0 0 41 -5.69787 0.0527805 -6.10906 -1.58101
0 0 42 7.83928 1.28822 -10.6364 -20.5132
0 0 43 5.8058 7.46542 -4.46275 -6.52203
0 0 44 -9.82292 4.99454 -3.64444 1.7102
0 0 45 -9.00953 0.466717 -9.81809 -3.63977
0 0 46 3.71422 1.70216 -3.23286 -5.69853
0 0 47 6.61919 -4.06111 2.52921 2.12196
0 0 48 3.71422 -2.82567 1.7109 1.29845
0 0 49 2.49414 7.05149 -4.05117 -5.69853
0 0 50 2.90083 5.40848 -5.69748 -8.16624
0 0 51 3.30753 7.05149 -6.10906 -5.69853
0 0 52 4.58571 4.58061 -4.87917 -4.46327
0 0 53 11.5576 0.466717 -4.05117 0.886701
0 0 54 7.43258 -2.00416 -7.75536 0.474949
0 0 55 0.460661 5.40848 -11.8711 -6.11028
0 0 56 1.68075 0.0527805 -7.34379 -7.34274
0 0 57 0.0539657 -2.82567 -4.46275 -3.63977
0 0 58 -8.19614 2.52366 -6.10906 2.12196
0 0 59 -12.3212 0.0527805 -3.64444 0.0631968
0 0 60 -5.29117 -6.53199 -2.40487 -3.63977
0 0 61 -2.851 -17.6446 3.3572 -1.99276
0 0 62 -2.03761 -2.00416 5.82182 -0.757506
0 0 63 -3.2577 4.17304 -1.99813 3.35721
0 0 64 1.68075 -2.82567 -4.87917 9.53069
0 0 65 -4.47778 -2.00416 -4.05117 14.0572
0 0 66 -4.47778 -8.9965 -7.34379 3.76897
0 0 67 2.90083 -7.35349 2.52921 -9.81325
0 0 68 9.11746 2.52366 4.59193 -15.1632
0 0 69 7.02589 7.46542 1.29448 -8.98975
0 0 70 5.39911 2.11609 -1.17014 0.474949
0 0 71 2.08744 -7.76743 3.76878 3.76897
0 0 72 9.52416 -8.9965 6.64981 -3.63977
0 0 73 8.65267 -2.00416 6.64981 -8.16624
0 0 74 12.7777 9.10843 12.4119 -12.2838
0 0 75 13.1844 11.5793 14.8765 -15.575
0 0 76 5.39911 7.46542 11.5839 -16.8102
0 0 77 1.27405 -6.93956 7.05655 -11.872
0 0 78 9.52416 -18.0522 1.29448 -9.81325
0 0 79 17.3095 -6.11805 -0.351829 -11.4603
0 0 80 15.276 -0.768724 1.29448 -4.46327
0 0 81 2.90083 -3.2396 3.3572 2.53371
0 0 82 7.02589 -7.76743 -1.99813 -1.58101
0 0 83 12.7777 -8.9965 -7.75536 -3.63977
0 0 84 12.7777 -7.76743 -5.29075 -3.22802
0 0 85 4.99241 -8.175 -8.57852 -2.81627
0 0 86 6.2125 -0.768724 -13.5174 -1.58101
0 0 87 9.52416 -5.70412 -4.05117 -0.757506
0 0 88 -0.35273 -6.11805 -0.763405 2.53371
0 0 89 -5.69787 -5.70412 0.8829 -3.22802
0 0 90 -4.47778 -3.2396 15.7045 -1.16926
0 0 91 4.99241 -0.768724 9.11443 1.7102
0 0 92 4.58571 -11.8813 -0.763405 -1.58101
0 0 93 1.27405 -5.29655 -4.46275 -2.40451
0 0 94 -7.38275 1.28822 -6.10906 -2.40451
0 0 95 2.08744 0.880653 -6.93705 -5.28678
0 0 96 2.90083 2.52366 -18.0448 -5.28678
0 0 97 0.867356 5.81605 -16.81 1.7102
0 0 98 -4.07109 0.466717 -2.40487 7.06018
0 0 99 -8.19614 2.52366 2.12247 -1.58101
0 0 100 -5.69787 1.70216 0.476166 -8.57799
0 0 101 -3.2577 7.05149 -1.17014 -5.69853
0 0 102 -4.47778 15.6932 5.41024 -0.757506
0 0 103 -15.5748 13.2287 -1.17014 -0.345754
0 0 104 -7.38275 11.5793 -8.99009 3.76897
0 0 105 -0.35273 4.58061 -3.64444 7.47193
0 0 106 0.460661 1.28822 -4.46275 -4.46327
0 0 107 3.30753 9.52237 -4.46275 -5.69853
0 0 108 1.68075 3.7591 12.8235 2.94546
0 0 109 0.867356 -2.82567 12.8235 11.5895
0 0 110 -2.03761 2.9376 4.59193 8.70719
0 0 111 -4.88448 11.5793 -4.46275 0.886701
0 0 112 -7.78944 13.2287 -11.8711 2.94546
0 0 113 -4.47778 2.52366 -15.5802 4.59247
0 0 114 -1.63092 -3.2396 0.476166 0.474949
0 0 115 -0.35273 -3.2396 0.476166 5.82772
0 0 116 3.30753 -1.18266 -6.10906 10.3542
0 0 117 6.2125 11.9932 -6.93705 -0.345754
0 0 118 -0.35273 0.466717 -3.64444 -6.11028
0 0 119 -4.88448 -6.93956 -1.58172 3.76897
0 0 120 -5.69787 -16.4091 6.23824 4.59247
0 0 121 -2.851 -20.1091 2.94078 -1.58101
0 0 122 -6.16266 -8.58893 3.3572 -6.52203
0 0 123 -12.3212 0.880653 6.64981 -1.99276
0 0 124 -15.5748 5.40848 -5.69748 0.886701
0 0 125 -13.1346 4.99454 -12.2827 -3.63977
0 0 126 -11.9145 4.99454 -5.29075 0.0631968
0 0 127 -9.41623 7.87299 5.00351 9.53069
0 0 128 -2.03761 6.63755 12.4119 5.41597
0 0 129 1.27405 4.99454 17.7575 -7.75449
0 0 130 -10.6363 1.70216 2.12247 -6.52203
0 0 131 -11.1011 1.70216 -3.23286 -6.52203
0 0 132 -3.2577 12.4008 11.5839 -1.16926
0 0 133 -1.63092 10.3439 22.6965 4.59247
0 0 134 -6.56936 5.40848 13.6418 0.886701
0 0 135 -6.97605 4.99454 -7.75536 5.41597
0 0 136 -3.66439 3.7591 -6.52548 4.59247
0 0 137 -13.1346 5.40848 5.41024 0.474949
0 0 138 -20.5132 -4.88261 2.12247 -9.4015
0 0 139 -13.1346 -4.06111 -4.05117 -9.4015
0 0 140 -6.97605 -2.41173 -4.05117 -2.81627
0 0 141 -11.5078 3.7591 -9.40651 -3.63977
0 0 142 -10.2296 6.63755 -6.93705 -2.40451
0 0 143 -7.78944 0.880653 7.05655 -1.58101
0 0 144 -6.16266 -10.2319 3.3572 -8.57799
0 0 145 -10.2296 -11.4674 -7.75536 -11.0485
0 0 146 -4.07109 -3.64717 -6.52548 -7.34274
0 0 147 -1.22422 6.63755 6.64981 -6.93099
0 0 148 -7.38275 14.0502 6.23824 -2.40451
0 0 149 -4.88448 5.81605 10.3492 -1.58101
0 0 150 -2.851 6.22998 16.1161 4.59247
0 0 151 -2.44431 2.9376 18.9971 0.0631968
0 0 152 -5.29117 -0.354788 7.05655 -1.58101
0 0 153 -11.1011 1.70216 -4.05117 -0.757506
0 0 154 -9.41623 0.0527805 -4.46275 2.94546
0 0 155 -0.759425 -1.18266 -4.46275 -0.345754
0 0 156 7.83928 -5.70412 2.12247 -2.81627
0 0 157 8.65267 -6.93956 -1.99813 -7.34274
0 0 158 4.17902 -5.29655 -6.93705 -2.81627
0 0 159 -4.47778 -9.82438 -4.46275 4.18072
0 0 160 -6.16266 -13.1168 -4.87917 6.23948
0 0 161 -7.38275 -10.6459 -7.75536 9.53069
0 0 162 -9.41623 -6.11805 -4.05117 5.41597
0 0 163 -8.19614 -4.88261 -8.17178 4.59247
0 0 164 1.27405 -3.2396 -14.3454 2.53371
0 0 165 2.90083 -2.82567 -7.34379 -4.87503
0 0 166 -0.35273 4.17304 -8.17178 -2.40451
0 0 167 3.30753 5.81605 -8.57852 2.53371
0 0 168 5.39911 1.28822 -3.64444 -3.22802
0 0 169 3.30753 -2.00416 -4.05117 -6.11028
0 0 170 1.68075 -9.82438 -9.40651 -1.16926
0 0 171 3.30753 -9.41044 -11.4644 4.18072
0 0 172 -0.35273 -0.354788 -6.10906 7.88368
0 0 173 -3.66439 -0.354788 -4.87917 9.53069
0 0 174 1.27405 -2.41173 -10.2248 11.5895
0 0 175 3.71422 1.70216 -15.9917 5.82772
0 0 176 -2.851 3.34517 -15.5802 -3.22802
0 0 177 -13.1346 4.99454 -11.8711 0.474949
0 0 178 -15.1681 6.63755 -6.52548 6.23948
0 0 179 -15.1681 4.17304 1.29448 7.88368
0 0 180 -13.948 -2.82567 -0.763405 9.53069
0 0 181 -10.2296 -5.29655 -1.58172 5.00422
0 0 182 -1.22422 2.52366 2.52921 0.886701
0 0 183 2.49414 6.22998 5.41024 2.53371
0 0 184 -1.22422 4.58061 1.29448 6.23948
0 0 185 -1.22422 4.58061 1.29448 9.11894
0 0 186 0.0539657 -0.768724 4.59193 4.59247
0 0 187 -1.63092 -3.64717 0.0645896 0.474949
0 0 188 -0.35273 -2.41173 1.29448 -1.58101
0 0 189 5.39911 -2.41173 1.7109 -0.757506
0 0 190 3.71422 5.81605 -5.29075 -1.16926
0 0 191 -7.78944 12.4008 -13.5174 1.7102
0 0 192 -9.82292 3.7591 -10.6364 -0.757506
0 0 193 -2.851 -8.175 -5.29075 -7.75449
0 0 194 -2.851 -16.4091 -7.34379 -8.57799
0 0 195 -2.44431 -11.8813 -7.34379 -4.05152
0 0 196 -3.2577 -4.06111 -3.23286 -5.69853
0 0 197 -5.29117 1.70216 -1.17014 -2.81627
0 0 198 -2.44431 -1.18266 -5.29075 3.76897
0 0 199 -2.44431 -3.64717 -3.23286 2.53371
0 0 200 -5.29117 -1.18266 1.7109 -2.81627
0 0 201 -3.66439 -3.2396 2.12247 -0.757506
0 0 202 -3.2577 -11.4674 1.29448 2.94546
0 0 203 -3.66439 -16.8167 1.29448 2.53371
0 0 204 -2.44431 -9.82438 4.17551 -1.58101
0 0 205 -4.07109 -5.29655 5.41024 -3.22802
0 0 206 -7.38275 0.466717 6.64981 -0.757506
0 0 207 -4.07109 1.70216 4.59193 0.474949
0 0 208 -6.97605 3.7591 5.82182 3.76897
0 0 209 -6.56936 3.7591 2.12247 10.7659
0 0 210 -2.03761 4.58061 -6.52548 11.1777
0 0 211 3.30753 -1.59023 -5.69748 5.82772
0 0 212 3.30753 -10.6459 -0.351829 7.88368
0 0 213 -2.851 -15.1737 1.29448 11.5895
0 0 214 -9.00953 -5.70412 -2.40487 6.23948
0 0 215 -8.19614 0.880653 0.476166 1.7102
0 0 216 -2.03761 -1.59023 4.59193 3.35721
0 0 217 -0.35273 -5.29655 -6.10906 2.12196
0 0 218 0.0539657 -4.06111 -9.40651 1.7102
0 0 219 0.0539657 0.880653 -3.64444 7.47193
0 0 220 0.460661 12.4008 -1.17014 8.29544
0 0 221 -1.63092 20.635 -2.40487 4.18072
0 0 222 4.99241 16.5211 1.29448 -0.757506
0 0 223 17.3095 12.8148 5.00351 -0.757506
0 0 224 21.0278 5.81605 5.82182 -1.99276
0 0 225 25.9663 2.9376 -1.17014 -2.81627
0 0 226 26.373 14.8717 -14.3454 0.474949
0 0 227 30.0913 32.1615 -20.9258 8.70719
0 0 228 44.5 46.1525 -18.0448 11.1777
0 0 229 77.849 60.9715 -12.2827 12.0012
0 0 230 138.272 77.841 -10.6364 28.4629
0 0 231 255.226 88.9599 -6.52548 46.1626
0 0 232 578.723 64.6714 13.6418 50.2773
0 0 233 1419.6 -3.2396 81.5519 59.7448
0 0 234 2683.55 -26.2863 198.44 93.0827
0 0 235 3605.06 -95.4264 195.147 72.0918
0 0 236 3787.03 -230.013 45.338 70.4448
0 0 237 3560.61 -307.801 -11.0528 126.421
0 0 238 3219.45 -328.377 7.05655 116.541
0 0 239 2809.1 -299.981 -19.6911 95.9622
0 0 240 2441.97 -253.06 -25.8647 113.662
0 0 241 2302.01 -243.596 6.23824 92.2592
0 0 242 2406.53 -275.285 10.7656 25.5834
0 0 243 2558.86 -293.396 -62.0883 -12.6955
0 0 244 2494.2 -258.001 -118.881 61.389
0 0 245 2038.59 -174.036 -65.3809 163.053
0 0 246 1312.17 -76.0797 -17.2265 119.835
0 0 247 655.298 -16.4091 -23.8117 17.7629
0 0 248 266.73 2.52366 -19.6911 -6.93099
0 0 249 93.071 10.3439 -11.8711 5.00422
0 0 250 27.5931 9.52237 -13.1107 8.70719
0 0 251 6.2125 4.17304 -8.99009 5.41597
0 0 252 2.08744 5.40848 -6.52548 4.59247
0 0 253 7.43258 0.880653 -6.93705 2.12196
0 0 254 6.61919 -4.47505 2.12247 -6.52203
0 0 255 -3.2577 0.466717 3.76878 -6.52203
0 0 256 -10.6363 7.46542 2.52921 2.94546
0 0 257 -13.5413 9.93631 0.476166 4.59247
0 0 258 -10.6363 4.99454 -9.81809 5.82772
0 0 259 -7.78944 -1.59023 -8.99009 2.94546
0 0 260 -2.44431 -4.88261 -11.4644 1.7102
0 0 261 -2.03761 2.52366 -11.4644 -0.757506
0 0 262 -7.78944 9.93631 -6.52548 -1.58101
0 0 263 -7.78944 4.17304 -4.87917 0.474949
0 0 264 -6.97605 -2.00416 -5.69748 -7.75449
0 0 265 -6.16266 1.70216 -1.58172 -8.98975
0 0 266 -3.66439 7.46542 7.05655 -0.345754
0 0 267 -2.44431 8.28693 5.82182 4.18072
0 0 268 -5.29117 6.22998 -5.29075 -0.757506
0 0 269 -7.38275 8.28693 -9.81809 -1.16926
0 0 270 -2.851 10.3439 -5.69748 2.94546
0 0 271 4.58571 8.70086 -2.40487 1.7102
0 0 272 4.58571 12.4008 -0.763405 -6.11028
0 0 273 -1.22422 13.6363 0.0645896 1.29845
0 0 274 -1.63092 8.28693 1.29448 8.29544
0 0 275 -0.759425 0.0527805 1.7109 3.35721
0 0 276 0.867356 -7.76743 0.476166 -2.40451
0 0 277 -2.03761 -8.175 0.476166 -1.58101
0 0 278 -6.16266 -5.70412 -0.763405 5.00422
0 0 279 -8.60284 -2.41173 -8.17178 10.7659
0 0 280 -9.82292 1.70216 -13.929 13.2365
0 0 281 -13.1346 4.58061 -11.0528 5.82772
0 0 282 -15.1681 1.70216 -8.17178 -5.28678
0 0 283 -14.3547 -0.768724 -4.05117 -5.28678
0 0 284 -12.3212 8.28693 -1.99813 0.474949
0 0 285 -13.5413 11.9932 -3.64444 1.7102
0 0 286 -11.9145 7.46542 0.8829 0.0631968
0 0 287 -11.5078 4.58061 2.94078 4.59247
0 0 288 -11.5078 3.7591 -1.17014 9.11894
0 0 289 -7.78944 1.28822 -3.64444 7.47193
0 0 290 -11.5078 2.11609 -3.64444 10.3542
0 0 291 -15.5748 11.1654 -1.99813 13.6454
0 0 292 -13.1346 12.4008 -1.99813 8.70719
0 0 293 -5.29117 3.34517 -3.23286 5.41597
0 0 294 -3.66439 -5.70412 -4.05117 7.06018
0 0 295 -6.16266 -2.82567 -4.05117 4.18072
0 0 296 -6.97605 4.99454 -8.17178 -0.757506
0 0 297 -4.88448 6.22998 -11.8711 0.886701
0 0 298 -3.66439 7.87299 -5.29075 2.53371
0 0 299 -2.44431 13.2287 2.94078 3.76897
0 0 300 -3.2577 13.6363 6.23824 5.00422
0 0 301 -12.7279 9.10843 5.41024 4.18072
0 0 302 -12.3212 -0.354788 1.29448 4.59247
0 0 303 -4.88448 -9.82438 -1.17014 2.53371
0 0 304 -5.29117 -8.175 -6.10906 2.53371
0 0 305 -6.97605 -4.06111 -10.2248 5.00422
0 0 306 -2.851 -3.2396 -9.81809 6.23948
0 0 307 -4.07109 -8.9965 -4.87917 5.41597
0 0 308 -9.00953 -15.1737 1.29448 0.886701
0 0 309 -9.82292 -11.0598 4.59193 -0.345754
0 0 310 -6.97605 -5.70412 6.64981 1.7102
0 0 311 -4.07109 -4.47505 3.3572 4.18072
0 0 312 0.867356 -5.70412 -2.81645 3.35721
0 0 313 2.08744 -11.8813 -0.763405 0.886701
0 0 314 0.460661 -11.4674 3.3572 -0.345754
0 0 315 4.99241 -2.82567 5.41024 -3.63977
0 0 316 5.8058 4.58061 2.94078 -4.05152
0 0 317 -1.63092 7.87299 -4.46275 0.474949
0 0 318 0.0539657 2.9376 0.0645896 1.29845
0 0 319 8.65267 -2.41173 10.3492 1.7102
0 0 320 11.5576 -3.2396 14.4698 4.59247
0 0 321 3.30753 -2.41173 5.82182 7.06018
0 0 322 -1.63092 -1.18266 2.12247 7.88368
0 0 323 -3.66439 6.22998 -0.763405 9.53069
0 0 324 -1.63092 10.7578 -4.05117 9.53069
0 0 325 5.8058 7.05149 -1.99813 3.35721
0 0 326 9.52416 4.58061 0.476166 -1.16926
0 0 327 5.39911 5.40848 -1.17014 3.76897
0 0 328 3.30753 7.05149 0.0645896 11.5895
0 0 329 0.460661 4.58061 2.94078 7.06018
0 0 330 -5.69787 2.9376 1.29448 0.886701
0 0 331 -0.759425 1.70216 0.0645896 -2.81627
0 0 332 3.71422 -3.2396 -1.17014 -7.34274
0 0 333 0.867356 -2.41173 -3.64444 -8.57799
0 0 334 -1.22422 1.70216 -1.17014 -4.46327
0 0 335 -5.29117 3.7591 0.0645896 0.886701
0 0 336 -7.38275 3.34517 -1.99813 4.59247
0 0 337 -5.69787 0.0527805 1.29448 4.18072
0 0 338 -4.07109 -4.47505 3.76878 5.82772
0 0 339 -3.2577 -1.18266 3.3572 7.06018
0 0 340 -1.63092 -3.2396 4.59193 2.12196
0 0 341 -5.69787 -11.0598 2.94078 -3.22802
0 0 342 -15.1681 -8.58893 -10.2248 -6.52203
0 0 343 -16.8529 0.466717 -17.2265 -4.87503
0 0 344 -11.1011 2.11609 -15.9917 0.886701
0 0 345 -11.1011 1.28822 -13.929 9.53069
0 0 346 -9.41623 1.70216 -6.93705 12.413
0 0 347 -4.07109 3.7591 -0.351829 6.23948
0 0 348 0.0539657 8.28693 0.8829 2.12196
0 0 349 -2.44431 6.63755 -0.763405 -3.63977
0 0 350 -2.44431 1.28822 3.3572 -8.16624
0 0 351 0.0539657 -4.47505 2.12247 -4.87503
0 0 352 -6.56936 -4.88261 -2.81645 0.474949
0 0 353 -12.3212 2.9376 -5.29075 -4.46327
0 0 354 -6.56936 4.99454 3.3572 -8.16624
0 0 355 0.0539657 -2.82567 9.94242 -0.757506
0 0 356 0.867356 -9.41044 14.4698 5.82772
0 0 357 -3.66439 -8.58893 11.5839 5.41597
0 0 358 -3.2577 -8.58893 8.70285 5.00422
0 0 359 -1.22422 -3.2396 4.59193 -0.345754
0 0 360 0.0539657 4.99454 -2.81645 -1.16926
0 0 361 3.71422 11.9932 -3.23286 3.35721
0 0 362 -2.44431 11.9932 5.41024 7.88368
0 0 363 -9.00953 5.40848 9.11443 7.06018
0 0 364 -6.16266 -3.2396 0.8829 3.35721
0 0 365 4.17902 -4.47505 0.8829 2.53371
0 0 366 8.24597 0.880653 3.3572 -1.58101
0 0 367 3.30753 -0.768724 4.59193 -4.05152
0 0 368 2.08744 -9.82438 3.76878 0.474949
0 0 369 6.2125 -9.41044 -3.23286 8.29544
0 0 370 4.99241 -0.354788 -1.58172 12.413
0 0 371 -4.88448 0.466717 2.94078 12.413
0 0 372 -11.1011 -1.18266 3.76878 7.06018
0 0 373 -10.2296 -1.18266 3.76878 4.18072
0 0 374 -6.97605 -2.41173 0.8829 -3.22802
0 0 375 -1.22422 -3.64717 -2.40487 -9.4015
0 0 376 5.39911 -4.88261 -2.40487 -7.75449
0 0 377 9.52416 -4.06111 -3.23286 -1.58101
0 0 378 9.11746 -2.82567 -1.17014 -4.87503
0 0 379 1.68075 -5.29655 -2.40487 -7.34274
0 0 380 -4.07109 -2.00416 -1.99813 -0.757506
0 0 381 -6.97605 0.466717 -0.763405 1.7102
0 0 382 -9.41623 0.466717 -0.351829 0.474949
0 0 383 -5.29117 -3.2396 0.0645896 2.12196
0 0 384 0.460661 -1.18266 1.7109 6.65123
0 0 385 0.0539657 0.0527805 8.29612 7.06018
0 0 386 -3.66439 4.58061 13.6418 6.65123
0 0 387 -4.88448 9.93631 10.3492 6.23948
0 0 388 -9.00953 8.28693 1.7109 7.47193
0 0 389 -8.19614 2.9376 -4.46275 5.41597
0 0 390 -5.29117 -6.93956 -4.46275 5.00422
0 0 391 -3.2577 -9.82438 -4.87917 6.65123
0 0 392 -3.66439 -5.70412 -5.69748 9.94244
0 0 393 -1.22422 -3.64717 -3.64444 5.82772
0 0 394 4.58571 0.880653 0.0645896 0.0631968
0 0 395 5.39911 4.99454 5.41024 3.35721
0 0 396 3.30753 4.58061 4.59193 0.474949
0 0 397 8.24597 -3.64717 -1.99813 -2.81627
0 0 398 15.276 -5.70412 -5.29075 0.0631968
0 0 399 9.93085 -2.82567 -5.29075 3.76897
0 0 400 4.17902 -0.768724 -3.23286 5.41597
0 0 401 2.90083 4.17304 5.41024 5.82772
0 0 402 -0.759425 13.2287 4.17551 3.76897
0 0 403 -1.63092 8.28693 -5.29075 0.0631968
0 0 404 2.49414 0.0527805 -2.81645 -2.81627
0 0 405 6.61919 -2.82567 2.94078 2.12196
0 0 406 7.02589 -1.59023 9.11443 5.00422
0 0 407 6.2125 1.28822 11.9955 4.18072
0 0 408 5.39911 1.28822 6.23824 6.65123
0 0 409 2.49414 2.9376 -1.17014 4.59247
0 0 410 3.71422 7.05149 -5.69748 6.23948
0 0 411 6.61919 1.70216 -1.99813 8.29544
0 0 412 3.71422 -5.70412 2.52921 7.47193
0 0 413 -2.851 -4.88261 -1.17014 7.06018
0 0 414 2.90083 -0.768724 -2.81645 2.94546
0 0 415 8.65267 5.40848 2.12247 -0.345754
0 0 416 7.83928 8.28693 9.94242 0.0631968
0 0 417 0.867356 5.81605 9.94242 0.886701
0 0 418 6.61919 1.70216 5.41024 -4.05152
0 0 419 12.371 -0.354788 -1.58172 -11.872
0 0 420 7.02589 -3.2396 -6.10906 -9.81325
0 0 421 3.30753 -4.06111 -3.23286 -4.46327
0 0 422 3.30753 -1.18266 4.17551 -8.16624
0 0 423 3.71422 2.11609 4.59193 -8.57799
0 0 424 3.30753 -2.00416 0.0645896 -5.28678
0 0 425 2.08744 -8.58893 -2.40487 -3.63977
0 0 426 5.8058 -8.175 7.88454 -5.69853
0 0 427 6.61919 -6.93956 13.6418 -1.99276
0 0 428 -2.44431 -8.175 12.8235 -2.40451
0 0 429 -5.69787 -1.18266 15.2881 -6.52203
0 0 430 -6.56936 1.70216 12.4119 -4.87503
0 0 431 -10.6363 -2.82567 8.29612 3.76897
0 0 432 -13.1346 -8.175 9.94242 9.94244
0 0 433 -9.00953 -7.76743 7.05655 10.3542
0 0 434 -6.16266 0.880653 5.41024 10.3542
0 0 435 -2.851 10.7578 10.7656 9.53069
0 0 436 -2.03761 12.4008 8.29612 5.00422
0 0 437 -0.759425 13.2287 6.64981 1.29845
0 0 438 -2.44431 11.9932 4.59193 -2.81627
0 0 439 -11.1011 7.05149 0.0645896 -2.40451
0 0 440 -9.00953 -2.00416 -0.763405 -6.52203
0 0 441 -10.2296 -9.82438 2.12247 -12.6955
0 0 442 -4.88448 -11.8813 8.70285 -12.6955
0 0 443 6.2125 -10.2319 13.6418 -11.872
0 0 444 6.2125 -9.82438 15.7045 -5.69853
0 0 445 -6.16266 -6.11805 12.4119 -1.16926
0 0 446 -13.1346 -2.00416 7.05655 1.7102
0 0 447 -9.00953 -4.06111 6.23824 9.94244
0 0 448 -5.69787 -4.88261 6.23824 13.6454
0 0 449 -3.2577 -5.29655 2.12247 15.2924
0 0 450 8.24597 -5.70412 -0.351829 9.94244
0 0 451 14.0559 -2.41173 2.52921 -0.757506
0 0 452 3.71422 -1.18266 2.94078 -1.16926
0 0 453 -0.35273 2.9376 -1.99813 0.474949
0 0 454 0.867356 1.70216 -0.763405 -4.46327
0 0 455 0.867356 -3.64717 5.82182 -8.57799
0 0 456 6.2125 -5.29655 5.41024 -6.93099
0 0 457 11.5576 -6.11805 0.8829 -7.34274
0 0 458 7.02589 4.17304 -2.81645 -8.57799
0 0 459 -0.759425 13.2287 -2.81645 -4.05152
0 0 460 -1.63092 0.0527805 5.00351 -2.40451
0 0 461 3.30753 -11.0598 9.53085 -8.98975
0 0 462 11.1509 -9.82438 9.94242 -9.4015
0 0 463 11.5576 -10.2319 11.5839 -5.28678
0 0 464 10.7442 -14.3522 7.05655 -4.46327
0 0 465 4.99241 -9.41044 2.94078 -6.11028
0 0 466 0.0539657 3.7591 1.29448 -1.16926
0 0 467 -2.44431 0.466717 -5.29075 5.41597
0 0 468 -7.38275 -6.93956 -11.0528 1.7102
0 0 469 -4.07109 -4.88261 -7.34379 -6.11028
0 0 470 11.1509 3.7591 -3.64444 -6.11028
0 0 471 13.5911 9.93631 -1.17014 -6.11028
0 0 472 6.2125 14.4578 -1.99813 -5.69853
0 0 473 3.71422 11.1654 -4.46275 0.0631968
0 0 474 4.58571 8.28693 -8.99009 0.886701
0 0 475 2.49414 6.63755 -10.6364 -1.16926
0 0 476 12.7777 3.34517 -4.05117 -3.22802
0 0 477 21.8412 2.52366 7.88454 -10.225
0 0 478 15.276 -1.59023 10.7656 -8.98975
