0 0 0 -88.2348 -74.9968 58.4702 -17.7814
0 0 1 -66.2659 10.0625 -61.78 -8.49883
0 0 2 -44.7242 33.5215 -27.5678 -16.8093
0 0 3 15.8734 -18.2838 -5.07438 10.5654
0 0 4 -9.57391 -68.6434 34.0266 -6.54599
0 0 5 -49.6672 15.4385 11.0566 68.7388
0 0 6 -85.7938 -41.7429 -11.9221 26.2143
0 0 7 11.9678 -74.9968 -48.5876 -8.00843
0 0 8 -5.66833 -33.9232 -29.0327 -50.5417
0 0 9 -15.4323 33.5215 21.3194 -52.9849
0 0 10 30.0311 63.8431 -10.4573 2.74529
0 0 11 -32.5192 -20.2388 -76.9404 26.696
0 0 12 -14.9441 60.9107 25.2287 19.8567
0 0 13 -70.1715 -97.4784 -3.60953 -32.4495
0 0 14 -71.1479 -113.606 -6.54806 31.5912
0 0 15 -13.9677 -23.6599 -58.365 -54.4474
0 0 16 23.1964 86.3247 45.2777 49.1842
0 0 17 -1.76274 12.0174 -44.1842 28.1672
0 0 18 15.8734 36.9426 -7.51874 -31.4687
0 0 19 -77.0062 -16.8176 -6.54806 -20.715
0 0 20 -22.2671 -15.3515 7.63277 -95.019
0 0 21 -42.2832 -41.2541 56.0258 -23.167
0 0 22 -101.965 6.15265 56.0258 -32.9399
0 0 23 55.9666 19.3484 34.0266 -44.6744
0 0 24 -33.0074 -106.276 108.822 41.8545
0 0 25 -27.6372 -61.8011 -60.3152 -15.8285
0 0 26 -32.031 -94.0573 40.389 -44.6744
0 0 27 -63.3367 -60.8237 61.8941 -2.14117
0 0 28 -14.4559 -17.7951 -25.6088 -34.8927
0 0 29 50.1083 -19.75 -11.4368 -10.9421
0 0 30 21.2436 40.8728 -0.185655 -14.3661
0 0 31 -74.077 134.241 40.8743 13.9894
0 0 32 163.492 19.3484 -41.7398 14.9702
0 0 33 145.917 -67.6659 -79.3848 118.111
0 0 34 60.3604 -72.5532 -32.4565 3.72609
0 0 35 110.706 82.4148 23.2785 7.14136
0 0 36 -65.2895 -40.7654 60.4292 -95.9998
0 0 37 6.59764 52.6023 25.2287 -75.9548
0 0 38 43.2125 -35.3894 11.542 -48.0897
0 0 39 -32.5192 -13.8853 -18.2757 -11.9229
0 0 40 -26.6608 -47.1189 0.78503 -15.8285
0 0 41 -118.076 -84.7714 124.468 -19.7429
0 0 42 -128.816 -120.937 27.1877 -2.14117
0 0 43 -92.6896 -109.697 -37.3453 -49.0705
0 0 44 -51.6199 -113.606 -16.3255 -21.2054
0 0 45 -90.6758 -78.9067 6.65326 20.3471
0 0 46 60.3604 -17.3064 7.63277 -29.5159
0 0 47 -73.5888 -22.1937 -35.3862 -23.6486
0 0 48 -74.077 17.8822 -7.51874 -60.805
0 0 49 -86.7702 -119.96 33.0559 -9.47087
0 0 50 -24.2198 -77.4405 0.299688 -94.5374
0 0 51 -80.4236 -115.073 21.3194 -34.8927
0 0 52 -112.217 -28.5472 -28.5385 -74.002
0 0 53 62.3132 9.08503 -14.8518 -18.7622
0 0 54 -5.18013 -0.200835 -52.0114 -61.2954
0 0 55 -118.076 6.64138 21.3194 52.6082
0 0 56 -110.753 30.1004 81.9343 16.4326
0 0 57 43.2125 70.6853 22.7843 -53.957
0 0 58 55.4785 14.4611 -53.9616 -37.8264
0 0 59 -11.5267 13.4836 13.501 -81.8221
0 0 60 -64.8013 -104.809 -52.4968 -10.9421
0 0 61 -20.8025 -14.374 -46.1432 -55.4282
0 0 62 -99.5244 -88.6813 -4.10369 6.65972
0 0 63 -130.769 -94.0573 94.1561 -90.6229
0 0 64 -99.0362 -9.4867 27.1877 -88.1797
0 0 65 -46.738 -53.4927 -27.0736 -8.00843
0 0 66 -17.3851 19.3484 14.9659 1.28286
0 0 67 -26.1726 -42.2316 81.449 21.8095
0 0 68 -101.965 -37.833 21.3194 -55.4282
0 0 69 -82.3764 -43.6978 -16.3255 4.69813
0 0 70 -5.66833 -32.9457 13.9864 20.3471
0 0 71 -72.6124 -79.3954 7.63277 -61.7771
0 0 72 25.1492 91.7007 33.5412 0.79246
0 0 73 82.8175 59.4445 -15.8313 -57.381
0 0 74 131.698 147.436 -98.9397 -53.957
0 0 75 40.2833 26.6793 -16.8108 -6.54599
0 0 76 74.5182 32.0553 -89.1622 -25.6102
0 0 77 25.6374 -42.2316 83.408 -46.6273
0 0 78 64.7542 62.8657 2.74405 -8.98923
0 0 79 -63.8249 -88.1925 -24.6293 72.6533
0 0 80 -21.2907 32.5441 -35.8716 -10.4517
0 0 81 41.7479 123.957 -5.07438 14.4798
0 0 82 115.1 140.105 -54.9411 -27.563
0 0 83 89.6523 196.798 -37.3453 22.7903
0 0 84 88.6759 140.594 3.72356 59.4475
0 0 85 49.6201 208.527 70.2067 3.72609
0 0 86 116.076 84.3698 -87.6973 2.74529
0 0 87 21.2436 114.182 44.2982 -63.7386
0 0 88 94.5953 90.2345 10.0771 -77.9164
0 0 89 55.4785 -23.6599 -76.4462 60.9187
0 0 90 61.825 37.4314 -68.1424 15.9423
0 0 91 71.1008 97.0767 -70.0926 -36.3639
0 0 92 83.7939 128.865 -89.1622 -58.8522
0 0 93 52.0611 83.881 -8.49825 48.2034
0 0 94 -25.1962 36.9426 13.9864 37.4497
0 0 95 88.6759 152.324 -38.8101 2.74529
0 0 96 109.241 93.6556 -39.7896 -26.5822
0 0 97 87.2113 148.414 -2.63002 30.6104
0 0 98 28.0783 34.9877 -26.5883 -25.1198
0 0 99 83.7939 37.4314 8.61228 9.10295
0 0 100 49.6201 142.549 5.67375 -56.8906
0 0 101 90.1405 92.6782 0.299688 -5.0748
0 0 102 127.793 126.401 12.5215 26.2143
0 0 103 66.2188 90.7233 25.2287 56.0323
0 0 104 95.5717 110.272 -20.7201 -18.7622
0 0 105 84.7703 122.491 -55.4265 -32.4495
0 0 106 100.454 71.6628 18.3897 -86.2269
0 0 107 87.2113 163.564 -14.3665 6.65972
0 0 108 122.911 163.076 -18.761 22.7903
0 0 109 188.451 174.316 -86.2237 -11.9229
0 0 110 98.9891 216.347 10.0771 -20.715
0 0 111 127.793 92.6782 -92.5772 -122.394
0 0 112 136.092 131.797 -56.8913 8.61255
0 0 113 67.1952 125.423 -47.1227 -36.8543
0 0 114 50.5965 166.008 -24.1439 51.6274
0 0 115 38.3305 148.414 -49.5671 51.1371
0 0 116 84.2821 113.694 -14.3665 -3.61236
0 0 117 1.71567 79.4825 -11.4368 26.696
0 0 118 98.0127 204.618 6.65326 -6.54599
0 0 119 47.6673 33.0328 -8.49825 16.923
0 0 120 -15.9205 52.1136 60.9146 21.8095
0 0 121 64.266 81.4374 -29.518 -52.4945
0 0 122 66.707 146.459 -8.99242 63.362
0 0 123 49.1319 -7.04305 16.9249 21.3191
0 0 124 66.707 -17.3064 27.673 -2.63157
0 0 125 73.5418 107.34 30.1174 -16.3189
0 0 126 121.446 92.6782 43.3187 -8.00843
0 0 127 79.8883 66.2868 -8.01291 58.9659
0 0 128 22.22 33.0328 -15.346 13.499
0 0 129 104.359 53.0911 13.501 75.0965
0 0 130 32.4721 192.888 -20.7201 11.5462
0 0 131 67.1952 73.129 -62.7596 -20.2333
0 0 132 83.3057 145.481 67.2682 21.8095
0 0 133 106.8 43.8052 10.5625 -39.2976
0 0 134 -88.723 -9.4867 13.9864 28.6576
0 0 135 -16.4087 2.73154 -17.7904 16.923
0 0 136 43.2125 59.4445 -33.9214 -16.8093
0 0 137 40.2833 117.115 -55.4265 16.4326
0 0 138 142.5 181.159 -28.0531 -0.678733
0 0 139 116.076 188.978 -26.0941 43.8074
0 0 140 40.2833 51.6249 -5.07438 0.302062
0 0 141 100.942 153.79 18.3897 58.9659
0 0 142 -7.13292 5.17519 24.7433 8.12216
0 0 143 16.3616 38.9179 -52.4968 13.499
0 0 144 -13.9677 25.2131 48.2074 35.9873
0 0 145 123.887 101.964 -39.7896 40.3833
0 0 146 70.1244 38.9179 -22.1849 48.2034
0 0 147 63.2896 -37.3443 -90.1329 -18.2718
0 0 148 12.9442 24.2356 -96.9806 32.0728
0 0 149 87.2113 107.829 -10.4573 111.754
0 0 150 1.71567 150.369 51.6313 85.3598
0 0 151 95.0835 144.504 -75.9609 -50.5417
0 0 152 34.4249 30.5891 8.11812 -51.0233
0 0 153 5.13305 -22.1937 17.8956 79.983
0 0 154 6.59764 83.881 -9.47776 27.6768
0 0 155 62.3132 57.0009 -14.8518 65.3148
0 0 156 -22.2671 11.5287 63.8531 97.5847
0 0 157 -51.1317 -20.7275 42.3392 -8.49883
0 0 158 -0.298149 -34.9006 51.6313 -34.8927
0 0 159 -40.3304 -8.50924 -19.7406 22.7903
0 0 160 27.5902 31.0779 -12.9016 64.3428
0 0 161 -7.13292 27.168 -19.2552 45.2785
0 0 162 -1.27454 68.2417 34.0266 -48.0897
0 0 163 22.7082 -40.2767 55.5405 -23.167
0 0 164 -3.71553 -87.7038 31.0969 -33.9207
0 0 165 49.6201 56.0234 27.1877 32.0728
0 0 166 127.305 64.8206 -69.6073 13.0086
0 0 167 -50.6436 -66.6884 44.2982 -2.63157
0 0 168 -95.6188 38.4292 21.3194 71.1821
0 0 169 -72.6124 -43.209 15.4512 9.59335
0 0 170 -62.3603 -38.8105 2.25871 26.696
0 0 171 -34.9602 -125.825 -67.6483 14.4798
0 0 172 35.4013 105.874 -76.9404 -28.5438
0 0 173 45.6535 29.6117 12.0362 19.3663
0 0 174 -19.3379 78.9937 -13.8811 -13.3853
0 0 175 63.2896 102.941 -27.0736 33.0536
0 0 176 73.0536 80.9487 -40.7603 76.0685
0 0 177 142.988 136.195 -92.0919 20.8287
0 0 178 102.895 35.9652 76.0749 -19.2526
0 0 179 63.7778 48.6925 39.8948 -59.3338
0 0 180 13.9206 -23.1711 -50.5378 70.2013
0 0 181 31.0075 -105.787 -42.234 14.9702
0 0 182 37.3541 30.5891 -65.6981 -53.957
0 0 183 -17.8733 -47.1189 -35.8716 48.2034
0 0 184 16.3616 -102.366 -0.185655 10.075
0 0 185 -70.1715 -82.8165 -30.4975 -17.2997
0 0 186 -61.8721 -124.359 100.51 -72.5395
0 0 187 26.6138 -21.2162 -21.2054 -43.2032
0 0 188 -109.288 -140.018 -73.0312 20.3471
0 0 189 -30.0782 -63.2673 18.8751 -35.3831
0 0 190 -74.5652 -68.6434 55.5405 12.0366
0 0 191 -90.1876 -143.928 3.72356 -4.5844
0 0 192 -33.9838 -127.291 45.2777 24.7431
0 0 193 -80.4236 -70.5983 68.7418 -18.2718
0 0 194 -14.9441 -58.8688 50.1664 36.4777
0 0 195 -38.8658 -112.629 -20.2347 -11.9229
0 0 196 -53.5727 -71.087 12.5215 -1.16913
0 0 197 -45.7616 -24.6373 -31.477 57.9851
0 0 198 -32.5192 -83.794 79.49 -0.188335
0 0 199 -31.0546 -123.381 -1.65933 33.0536
0 0 200 -124.911 -131.689 17.4102 63.362
0 0 201 15.3852 -148.815 -29.0327 5.67892
0 0 202 58.8958 -70.5983 -7.0334 -10.9421
0 0 203 -51.6199 -53.9815 -37.8306 98.5568
0 0 204 -71.6361 -109.697 -67.6483 -25.6102
0 0 205 -104.406 -93.0798 -3.12418 -16.8093
0 0 206 4.15666 -100.9 -28.5385 -2.63157
0 0 207 -59.9193 -43.6978 -31.477 -30.9871
0 0 208 -23.2434 -93.0798 10.5625 35.4969
0 0 209 -88.723 -132.667 96.6005 -7.02763
0 0 210 -10.5503 -131.201 41.8538 40.3833
0 0 211 -22.2671 -54.9589 102.469 -7.02763
0 0 212 58.4076 -13.8853 28.1672 56.5139
0 0 213 4.15666 -37.833 81.449 31.5912
0 0 214 -80.4236 -15.8402 35.0061 24.2527
0 0 215 50.5965 -62.7786 -63.2537 -19.7429
0 0 216 70.6126 -52.0265 -48.5876 4.69813
0 0 217 -29.1018 -91.1249 -55.9206 101.981
0 0 218 90.6287 -153.214 -118.98 8.12216
0 0 219 27.102 -160.056 -33.4272 42.3449
0 0 220 60.3604 -68.1546 -56.8913 92.6895
0 0 221 479.295 -190.357 -158.575 117.621
0 0 222 1965.37 -234.852 -330.651 212.951
0 0 223 3677.85 -339.949 -451.872 138.156
0 0 224 3769.75 -960.29 -177.15 -360.946
0 0 225 3510.15 -1118.17 -359.983 -64.7107
0 0 226 3006.15 -1070.76 -179.109 54.5611
0 0 227 2514.35 -996.456 -198.664 101
0 0 228 2126.72 -741.278 -127.292 171.88
0 0 229 2143.32 -651.82 -44.6783 62.8716
0 0 230 2370.15 -662.083 -33.4272 -8.98923
0 0 231 2517.28 -801.412 -169.817 -26.0919
0 0 232 2097.37 -549.166 -46.1432 67.2764
0 0 233 1361.16 -163.966 -37.3453 149.401
0 0 234 499.311 -157.613 -99.9103 47.7218
0 0 235 152.752 -138.043 -107.243 13.499
0 0 236 -28.6136 -92.5911 37.9446 24.2527
0 0 237 93.1307 4.19773 -35.3862 -9.96126
0 0 238 -26.1726 24.2356 7.14743 23.7623
0 0 239 70.6126 -1.66702 -13.8811 -16.3189
0 0 240 5.62125 37.9201 -62.2742 -18.2718
0 0 241 16.8498 -32.9457 -42.7193 -7.02763
0 0 242 -9.08571 7.13011 0.299688 84.379
0 0 243 10.9914 -79.3954 -22.1849 -5.0748
0 0 244 -33.0074 -18.2838 53.0961 -36.3639
0 0 245 19.2908 51.6249 49.1869 8.61255
0 0 246 64.7542 38.9179 -3.60953 0.302062
0 0 247 110.218 97.5655 8.11812 40.3833
0 0 248 -41.795 42.8277 42.8334 35.9873
0 0 249 -21.7789 -0.200835 -19.7406 43.8074
0 0 250 22.7082 -17.3064 -24.6293 3.72609
0 0 251 -57.9665 -98.4559 -10.9426 -16.8093
0 0 252 51.0847 -75.4856 -38.8101 -95.5094
0 0 253 52.5493 -56.4251 58.4702 -80.3596
0 0 254 10.5032 -6.55432 26.2082 -4.094
0 0 255 -100.989 14.9498 -62.2742 64.3428
0 0 256 31.0075 63.3544 -46.1432 34.0344
0 0 257 54.9903 -132.178 -23.1644 -2.63157
0 0 258 28.5665 91.7007 -12.9016 26.2143
0 0 259 6.59764 37.4314 -9.9631 -35.3831
0 0 260 106.8 71.6628 27.673 -18.2718
0 0 261 57.4312 -83.794 -58.365 -2.14117
0 0 262 62.8014 -48.0963 -11.9221 31.5912
0 0 263 28.0783 -95.5235 57.4907 -18.2718
0 0 264 29.0547 -20.7275 4.70307 -82.8029
0 0 265 -12.9913 -20.7275 63.3589 74.1157
0 0 266 -76.0298 -80.8616 51.6313 -20.715
0 0 267 -92.2014 -3.13321 -9.9631 36.4777
0 0 268 -101.965 -77.4405 33.0559 -12.8949
0 0 269 -79.9354 -66.1997 14.4805 -69.1155
0 0 270 -71.1479 10.0625 34.0266 73.1349
0 0 271 -87.7466 -137.066 -10.4573 -2.14117
0 0 272 -17.8733 -165.921 -13.8811 -6.05559
0 0 273 31.4957 -1.17829 -31.9624 55.0515
0 0 274 -53.5727 -91.6136 22.7843 0.79246
0 0 275 -84.8174 -52.0265 47.7221 45.2785
0 0 276 -114.17 -54.4702 -1.16516 42.8266
0 0 277 -110.753 -186.448 29.632 75.5869
0 0 278 -29.1018 -139.02 63.3589 -22.1862
0 0 279 -100.989 -162.989 32.5617 -20.715
0 0 280 -134.675 -224.568 41.8538 22.7903
0 0 281 -26.1726 -27.5697 41.8538 -8.00843
0 0 282 -31.5428 -94.546 -10.9426 69.7196
0 0 283 -20.8025 -121.915 -2.63002 -26.5822
0 0 284 11.9678 -120.449 -37.3453 -37.8264
0 0 285 -58.9429 -22.1937 -30.0122 97.5847
0 0 286 -64.3131 -85.2602 -18.761 42.3449
0 0 287 -89.6994 -252.446 41.3597 -24.139
0 0 288 -71.1479 -96.0122 114.205 6.16932
0 0 289 8.55044 -103.343 40.389 15.9423
0 0 290 -64.3131 -53.9815 51.6313 -6.05559
0 0 291 -32.031 -79.8841 50.1664 81.9358
0 0 292 -8.59751 -61.8011 60.4292 29.6296
0 0 293 -133.21 -141.973 126.427 -25.1198
0 0 294 -16.4087 -159.567 55.0463 -31.4687
0 0 295 -63.3367 -149.793 52.6108 41.3641
0 0 296 -64.3131 -101.877 5.18841 87.3127
0 0 297 14.897 -60.3349 -10.4573 -42.2312
0 0 298 36.3777 -38.3218 -7.51874 9.59335
0 0 299 18.3144 -6.55432 56.0258 3.23569
0 0 300 -23.2434 -102.854 60.9146 -41.7408
0 0 301 -27.149 -57.4026 84.3787 4.69813
0 0 302 -109.777 -151.259 63.8531 22.7903
0 0 303 -63.3367 -111.163 67.2682 -27.563
0 0 304 -77.4944 -124.359 60.9146 16.923
0 0 305 -39.8422 -116.539 -46.1432 73.1349
0 0 306 -10.0621 -64.7335 -57.8708 26.2143
0 0 307 66.2188 -30.9908 -40.7603 -3.12197
0 0 308 -38.8658 -14.374 -50.0524 5.67892
0 0 309 -40.3304 -148.815 87.8026 54.5611
0 0 310 -100.989 -142.951 17.8956 -7.02763
0 0 311 -62.3603 -117.028 32.0764 12.5182
0 0 312 -37.4012 12.9949 47.7221 43.317
0 0 313 40.7715 -34.4119 -11.9221 -22.1862
0 0 314 30.0311 48.6925 -59.8299 6.16932
0 0 315 9.52683 56.0234 27.673 96.6039
0 0 316 -132.722 48.6925 37.9446 85.3598
0 0 317 -38.3776 -42.2316 45.7631 -13.3853
0 0 318 4.15666 -44.6752 10.0771 -21.6958
0 0 319 82.8175 50.1587 -64.7186 3.23569
0 0 320 96.5481 97.0767 23.2785 -6.54599
0 0 321 135.604 36.4539 -59.8299 -16.8093
0 0 322 80.8647 106.363 -57.3855 24.2527
0 0 323 41.7479 27.6568 31.0969 11.5462
0 0 324 -89.2112 -89.17 19.8546 -32.4495
0 0 325 -0.298149 -17.7951 91.7118 -60.805
0 0 326 -41.795 -26.1035 -5.07438 -46.1369
0 0 327 -92.6896 -28.5472 43.3187 12.5182
0 0 328 -10.5503 -49.0738 27.673 21.8095
0 0 329 -76.0298 -30.0133 3.72356 0.302062
0 0 330 -1.27454 18.8596 42.3392 -20.2333
0 0 331 6.10945 32.5441 12.5215 -51.0233
0 0 332 11.9678 -111.652 -19.2552 -32.4495
0 0 333 -14.4559 -8.50924 14.4805 -28.5438
0 0 334 -34.9602 11.5287 -31.9624 -76.4452
0 0 335 -71.6361 55.046 9.59179 -62.7578
0 0 336 -3.22734 2.24281 -15.8313 -8.98923
0 0 337 -63.3367 -48.5851 62.3794 13.499
0 0 338 43.2125 -44.6752 9.59179 50.165
0 0 339 41.7479 -9.97543 -9.9631 7.63176
0 0 340 88.1877 62.3769 87.3172 -30.9871
0 0 341 -32.031 -21.7049 21.3194 13.499
0 0 342 -18.3615 -174.718 25.2287 29.6296
0 0 343 2.69206 -34.9006 -1.65933 -71.5587
0 0 344 -42.7714 -12.4191 42.8334 -7.02763
0 0 345 -60.4075 -82.3278 122.509 83.8886
0 0 346 -3.71553 -13.8853 4.70307 -28.5438
0 0 347 59.384 -54.9589 63.8531 11.0558
0 0 348 -93.1778 -78.4179 23.7638 32.0728
0 0 349 47.1791 73.129 12.5215 -37.8264
0 0 350 66.707 116.137 53.5815 54.0707
0 0 351 -16.4087 47.2263 31.0969 4.69813
0 0 352 -12.5031 -77.9292 -2.63002 5.67892
0 0 353 27.5902 -12.9078 51.6313 -55.4282
0 0 354 10.015 21.792 80.4695 -54.9378
0 0 355 -10.5503 -6.06559 60.4292 35.9873
0 0 356 -47.7144 19.3484 -70.5868 28.6576
0 0 357 29.0547 -35.3894 39.8948 -0.188335
0 0 358 9.03863 -32.9457 21.8048 -12.8949
0 0 359 27.102 -11.9303 -36.8511 -7.02763
0 0 360 6.59764 79.9712 -65.2039 -23.167
0 0 361 21.7318 25.7018 -64.7186 -47.6081
0 0 362 -58.9429 -14.8627 57.9849 -22.1862
0 0 363 17.338 -6.06559 -27.5678 31.1008
0 0 364 17.338 -57.4026 -42.234 -58.8522
0 0 365 50.1083 -14.374 -24.1439 -3.61236
0 0 366 -51.1317 -60.3349 -79.3848 17.9038
0 0 367 -197.713 -190.357 63.3589 -71.0683
0 0 368 -124.422 -158.101 86.823 -24.6294
0 0 369 -229.446 -329.686 33.5412 -19.7429
0 0 370 -120.029 -146.372 -0.679822 17.9038
0 0 371 -41.3068 -24.6373 -20.2347 -61.2954
0 0 372 -41.795 -65.2222 -28.5385 5.67892
0 0 373 -17.3851 -68.6434 3.72356 -20.2333
0 0 374 56.4548 -109.208 59.9351 31.5912
0 0 375 -17.3851 -98.9446 9.09763 -34.8927
0 0 376 -148.893 -91.6136 -25.1234 -24.139
0 0 377 -33.9838 -14.8627 65.318 -17.2997
0 0 378 84.2821 -50.0513 -39.2954 -45.1648
0 0 379 -40.3304 11.5287 61.8941 -25.6102
0 0 380 69.148 -27.081 -55.9206 -40.76
0 0 381 -9.57391 5.17519 -39.2954 50.6554
0 0 382 -46.2498 -37.3443 27.1877 -13.3853
0 0 383 -40.3304 -50.0513 20.8341 21.3191
0 0 384 19.2908 -63.2673 -20.7201 -7.02763
0 0 385 14.897 77.0388 -79.3848 43.8074
0 0 386 14.897 9.57376 4.2089 -12.4045
0 0 387 3.18026 -8.02051 -28.0531 -24.6294
0 0 388 -110.753 -100.9 4.70307 66.786
0 0 389 -56.9901 -75.9743 -39.7896 11.0558
0 0 390 14.897 -44.6752 76.5603 -45.6465
0 0 391 -35.9366 34.0102 -6.05389 44.2978
0 0 392 -89.2112 -108.719 -18.2757 -10.9421
0 0 393 -10.5503 -112.629 -44.1842 75.5869
0 0 394 -109.288 -43.6978 18.8751 17.9038
0 0 395 -13.4795 76.5501 16.4307 30.12
0 0 396 -5.18013 -79.3954 -6.54806 -12.8949
0 0 397 37.3541 9.08503 -31.9624 7.63176
0 0 398 85.7467 -58.38 -68.6278 26.696
0 0 399 -5.66833 18.3709 17.8956 -17.2997
0 0 400 29.0547 9.08503 -22.6791 -16.3189
0 0 401 16.3616 59.9333 40.389 29.1392
0 0 402 -44.7242 73.6177 -93.5568 14.4798
0 0 403 -12.5031 58.9558 14.9659 10.075
0 0 404 9.52683 34.0102 -19.2552 -54.4474
0 0 405 67.1952 -26.5922 2.25871 -58.8522
0 0 406 -54.0609 1.26535 24.2491 53.589
0 0 407 -32.5192 -106.764 61.8941 -56.4002
0 0 408 -7.13292 -36.8556 25.2287 -21.6958
0 0 409 -44.7242 15.4385 -15.346 10.075
0 0 410 48.6437 106.363 -39.2954 -42.2312
0 0 411 4.15666 -30.5021 -3.12418 15.9423
0 0 412 56.4548 59.9333 -5.56855 1.7645
0 0 413 16.3616 47.715 -70.0926 -86.2269
0 0 414 27.102 199.73 -0.679822 -51.5137
0 0 415 1.71567 143.038 -76.4462 37.9401
0 0 416 6.59764 24.7244 -86.2237 89.2742
0 0 417 16.3616 -27.081 -73.0312 20.3471
0 0 418 -33.4956 -22.6824 -8.99242 -40.76
0 0 419 -33.9838 23.2582 -22.1849 -22.1862
0 0 420 87.6995 39.4066 -93.0714 -8.98923
0 0 421 7.57404 28.1455 -6.05389 24.2527
0 0 422 -16.8969 -17.3064 -40.275 93.6703
0 0 423 101.43 -14.8627 -52.9821 -34.4023
0 0 424 35.4013 26.6793 30.1174 -6.54599
0 0 425 42.7243 39.4066 27.673 -29.5159
0 0 426 17.338 16.416 -2.63002 -30.9871
0 0 427 19.2908 37.4314 -15.346 80.4734
0 0 428 -98.0598 -50.54 -37.8306 91.2271
0 0 429 -157.193 -160.545 1.2792 37.9401
0 0 430 -27.6372 -63.2673 36.9651 82.4262
0 0 431 -0.298149 -23.1711 17.4102 -56.8906
0 0 432 33.4485 24.2356 -34.9009 -47.6081
0 0 433 49.6201 78.0163 -42.234 5.18853
0 0 434 -0.786347 109.295 -3.12418 -6.54599
0 0 435 -12.0149 67.2642 27.1877 57.0043
0 0 436 8.06224 -36.3668 -122.889 14.4798
0 0 437 -11.0385 25.2131 -37.8306 -18.7622
0 0 438 -3.22734 27.168 3.72356 37.4497
0 0 439 93.1307 159.654 15.9454 -25.6102
0 0 440 24.661 58.4671 -5.56855 -49.5609
0 0 441 2.20386 27.168 38.9153 54.5611
0 0 442 -100.501 -110.185 -23.1644 11.0558
0 0 443 -60.4075 -41.7429 -12.4075 -8.00843
0 0 444 -7.13292 -53.004 -16.8108 19.3663
0 0 445 -31.5428 -104.321 22.2989 99.0472
