0 0 0 0.0187991
0 0 1 0.0219425
0 0 2 0.015671
0 0 3 0.0187991
0 0 4 0.0219425
0 0 5 0.0281987
0 0 6 0.0187991
0 0 7 0.0219425
0 0 8 0.0281987
0 0 9 0.0250706
0 0 10 0.0281987
0 0 11 0.031342
0 0 12 0.0344701
0 0 13 0.0344701
0 0 14 0.0187991
0 0 15 0.0219425
0 0 16 0.0250706
0 0 17 0.015671
0 0 18 0.0187991
0 0 19 0.0250706
0 0 20 0.0250706
0 0 21 0.0281987
0 0 22 0.0219425
0 0 23 0.0219425
0 0 24 0.0219425
0 0 25 0.0281987
0 0 26 0.0250706
0 0 27 0.0250706
0 0 28 0.0281987
0 0 29 0.0219425
0 0 30 0.0344701
0 0 31 0.0407416
0 0 32 0.0376135
0 0 33 0.0344701
0 0 34 0.0344701
0 0 35 0.0344701
0 0 36 0.0376135
0 0 37 0.0564126
0 0 38 0.0564126
0 0 39 0.0689555
0 0 40 0.0783551
0 0 41 0.100298
0 0 42 0.131655
0 0 43 0.172396
0 0 44 0.22884
0 0 45 0.313466
0 0 46 0.432593
0 0 47 0.586206
0 0 48 0.774289
0 0 49 0.937285
0 0 50 1
0 0 51 0.981186
0 0 52 0.937285
0 0 53 0.855787
0 0 54 0.805631
0 0 55 0.764889
0 0 56 0.724132
0 0 57 0.692775
0 0 58 0.677119
0 0 59 0.64889
0 0 60 0.633219
0 0 61 0.633219
0 0 62 0.630076
0 0 63 0.608148
0 0 64 0.598749
0 0 65 0.56112
0 0 66 0.517235
0 0 67 0.460807
0 0 68 0.398108
0 0 69 0.313466
0 0 70 0.238239
0 0 71 0.159869
0 0 72 0.119112
0 0 73 0.0783551
0 0 74 0.059556
0 0 75 0.0501564
0 0 76 0.0407416
0 0 77 0.031342
0 0 78 0.0250706
0 0 79 0.0187991
0 0 80 0.00939956
0 0 81 0.015671
0 0 82 0.015671
0 0 83 0.015671
0 0 84 0.0062562
0 0 85 0.0125277
0 0 86 0.0187991
0 0 87 0.0125277
0 0 88 0.0125277
0 0 89 0.0125277
0 0 90 0.0125277
0 0 91 0
0 0 92 0.00939956
0 0 93 0.0125277
0 0 94 0.0187991
0 0 95 0.00939956
0 0 96 0.0125277
0 0 97 0.015671
0 0 98 0.0125277
0 0 99 0.00939956
0 0 100 0.0062562
0 0 101 0
0 0 102 0.0031281
0 0 103 0.00939956
0 0 104 0.0125277
0 0 105 0.0125277
0 0 106 0.00939956
0 0 107 0.0031281
0 0 108 0.00939956
0 0 109 0.0125277
0 0 110 0.0125277
0 0 111 0.0187991
0 0 112 0.0125277
0 0 113 0.0125277
0 0 114 0.0062562
0 0 115 0.00939956
