0 0 0 40004.4 78.9168 -789.055 513.525
0 0 1 40004.7 77.8886 -789.064 513.746
0 0 2 40003.9 76.9507 -789.284 514.278
0 0 3 40002.1 76.5957 -789.134 514.447
0 0 4 39999.6 76.4345 -789.304 514.659
0 0 5 39995.8 75.8174 -788.844 514.574
0 0 6 39991.4 75.4887 -788.835 514.813
0 0 7 39986.7 75.1679 -788.813 515.198
0 0 8 39982.8 74.4246 -788.523 515.269
0 0 9 39978.1 74.1222 -789.036 515.303
0 0 10 39974.1 73.7163 -789.148 515.105
0 0 11 39971.1 73.0247 -789.06 514.411
0 0 12 39967.9 72.5356 -789.247 514.136
0 0 13 39965.7 72.1193 -789.59 513.87
0 0 14 39963.7 71.7345 -790.438 513.219
0 0 15 39962.4 71.7967 -790.012 513.625
0 0 16 39961.5 70.6747 -789.963 512.901
0 0 17 39961.4 69.9674 -790.103 512.832
0 0 18 39961.1 70.0962 -789.808 512.013
0 0 19 39961.2 69.686 -790.204 511.42
0 0 20 39961.3 68.955 -789.541 511.044
0 0 21 39962 68.6867 -789.441 509.662
0 0 22 39962.8 68.7831 -789.032 509.547
0 0 23 39963 67.7217 -788.019 508.392
0 0 24 39963.6 67.8216 -787.142 507.635
0 0 25 39964.6 67.3027 -786.536 507.426
0 0 26 39965.4 66.8232 -785.895 506.287
0 0 27 39966.2 66.4726 -784.498 505.735
0 0 28 39967.5 66.7198 -783.888 504.818
0 0 29 39967.9 66.7873 -782.731 503.989
0 0 30 39968.6 66.3437 -781.647 502.894
0 0 31 39969.5 67.0792 -779.936 502.216
0 0 32 39970.7 67.0634 -778.401 501.474
0 0 33 39971.5 67.2545 -776.893 500.616
0 0 34 39972.3 67.6244 -775.193 500.175
0 0 35 39973 68.0285 -773.038 500.092
0 0 36 39973.5 68.3484 -771.844 499.766
0 0 37 39973.7 69.0829 -769.509 499.49
0 0 38 39974.3 68.8349 -768.033 499.894
0 0 39 39974.6 69.2644 -766.385 500.087
0 0 40 39974.6 70.0655 -765.529 500.513
0 0 41 39974.5 70.1111 -764.373 500.698
0 0 42 39973.5 70.9096 -763.246 501.149
0 0 43 39972.7 71.12 -762.781 501.188
0 0 44 39972 72.1982 -762.626 501.832
0 0 45 39970.8 72.0719 -762.698 502.133
0 0 46 39969.5 72.7241 -762.557 502.822
0 0 47 39968.1 73.1965 -762.923 503.386
0 0 48 39966.8 74.2878 -763.734 503.447
0 0 49 39965 74.677 -764.514 503.595
0 0 50 39963.2 75.1714 -764.767 503.615
0 0 51 39961.3 76.3442 -766.128 503.718
0 0 52 39959.4 76.9236 -766.948 504.337
0 0 53 39957.8 77.4477 -768.607 504.084
0 0 54 39955.8 78.3418 -769.782 504.444
0 0 55 39953.3 79.8565 -771.252 504.519
0 0 56 39951.6 80.1852 -772.517 504.265
0 0 57 39949.9 81.0021 -774.352 504.375
0 0 58 39947.9 81.585 -775.352 504.426
0 0 59 39945.9 82.0811 -776.608 505.203
0 0 60 39944.4 82.458 -778.091 504.957
0 0 61 39942.7 83.3065 -779.535 505.383
0 0 62 39941.2 83.4792 -781.261 505.435
0 0 63 39939.4 84.0867 -782.309 505.808
0 0 64 39938.5 84.1752 -783.768 506.079
0 0 65 39936.5 84.4469 -784.824 506.445
0 0 66 39935.3 84.0262 -786.218 507.351
0 0 67 39934 84.6248 -787.069 507.285
0 0 68 39933.3 84.6178 -788.469 507.982
0 0 69 39932.5 84.7914 -788.911 508.121
0 0 70 39931.3 84.8729 -790.02 508.648
0 0 71 39930.3 84.9474 -790.593 509.667
0 0 72 39929.3 85.1254 -791.19 509.691
0 0 73 39928.6 85.4041 -791.572 510.838
0 0 74 39928.2 85.3173 -791.906 511.062
0 0 75 39927.6 84.9474 -792.376 511.5
0 0 76 39926.7 84.8045 -792.945 511.961
0 0 77 39926.4 85.5338 -793.226 512.708
0 0 78 39926.6 85.1964 -793.33 512.77
0 0 79 39926.3 85.7398 -793.352 513.496
0 0 80 39925.5 85.0377 -793.603 513.649
0 0 81 39925.4 85.185 -793.712 513.634
0 0 82 39925.2 85.3927 -793.893 514.213
0 0 83 39924.8 85.5671 -793.603 514.872
0 0 84 39925.2 86.5567 -793.729 514.443
0 0 85 39924.5 85.54 -793.926 514.875
0 0 86 39924.2 85.7416 -793.88 514.865
0 0 87 39923.7 86.1947 -793.949 514.981
0 0 88 39923.9 86.512 -793.603 515.426
0 0 89 39923.8 86.5138 -794.015 515.61
0 0 90 39923.8 86.5988 -794.137 514.999
0 0 91 39923.7 86.5576 -794.027 515.437
0 0 92 39923.5 86.569 -793.988 516.025
0 0 93 39923 86.7987 -793.777 516.104
0 0 94 39922.9 87.1624 -793.761 515.841
0 0 95 39922.9 87.4087 -793.789 515.543
0 0 96 39922.6 87.8943 -793.659 516.061
0 0 97 39922.4 87.194 -793.912 515.367
0 0 98 39922 87.1782 -793.978 515.607
0 0 99 39921.9 87.2536 -794.141 515.916
0 0 100 39922.5 87.4806 -794.258 516.192
0 0 101 39921.8 87.826 -794.324 515.828
0 0 102 39921.4 88.1117 -794.713 516.197
0 0 103 39920.9 87.9531 -795.178 516.182
0 0 104 39919.8 87.9548 -795.417 516.329
0 0 105 39919.5 87.7269 -795.396 515.873
0 0 106 39919.1 87.1957 -795.12 516.048
0 0 107 39918.5 87.7445 -795.376 516.625
0 0 108 39918 86.9319 -795.662 515.903
0 0 109 39917.8 87.5762 -795.456 516.336
0 0 110 39917.5 87.7225 -795.3 516.493
0 0 111 39917.2 87.2974 -794.953 515.712
0 0 112 39917.4 87.2019 -795.319 515.741
0 0 113 39916.7 87.5314 -795.06 516.261
0 0 114 39916.6 87.5332 -794.979 516.517
0 0 115 39916.5 87.7935 -794.873 515.903
0 0 116 39916.7 87.5691 -794.61 515.991
0 0 117 39916 87.3439 -794.968 516.099
0 0 118 39916.1 87.8496 -794.754 516.174
0 0 119 39916.1 88.0933 -794.968 515.756
0 0 120 39915.7 87.9548 -794.84 515.79
0 0 121 39915.6 88.11 -794.904 515.211
0 0 122 39915.2 88.2844 -794.869 516.045
0 0 123 39915.1 87.8514 -794.866 516.138
0 0 124 39914.8 87.9802 -794.98 516.195
0 0 125 39913.8 87.7094 -795.125 516.114
0 0 126 39913.5 88.1301 -795.181 516.336
0 0 127 39913.6 88.1985 -794.499 516.385
0 0 128 39913.3 88.1897 -794.751 515.864
0 0 129 39913.4 88.223 -795.03 516.135
0 0 130 39913 88.2257 -794.737 516.3
0 0 131 39913 87.9995 -794.889 516.351
0 0 132 39913 88.1792 -794.871 516.264
0 0 133 39912.8 88.2853 -794.933 515.953
0 0 134 39912.8 88.0907 -794.987 515.877
0 0 135 39912.4 88.458 -794.72 515.891
0 0 136 39912.9 88.3422 -794.908 515.914
0 0 137 39912.5 88.6131 -794.596 516.052
0 0 138 39912.7 88.1775 -795.163 516.452
0 0 139 39912.7 88.4562 -794.832 516.37
0 0 140 39912.4 88.3607 -794.856 516.355
0 0 141 39912.4 88.2073 -795.21 516.225
0 0 142 39912.4 88.3019 -794.551 516.086
0 0 143 39912.5 88.4913 -794.713 515.774
0 0 144 39912.3 88.628 -794.955 515.754
0 0 145 39912.1 88.8796 -794.589 515.736
0 0 146 39912.5 88.3773 -795.232 516.521
0 0 147 39912.2 88.7227 -794.591 516.05
0 0 148 39912.5 88.7674 -794.716 516.117
0 0 149 39912.4 88.5219 -794.896 516.187
0 0 150 39912.6 88.3387 -794.781 516.195
0 0 151 39912.1 88.4834 -794.516 515.966
0 0 152 39912.4 89.0785 -794.712 516.047
0 0 153 39912.6 88.7271 -794.805 515.991
0 0 154 39912.4 88.5658 -794.659 516.034
0 0 155 39912.5 88.6859 -794.847 516.091
0 0 156 39912.7 88.6464 -794.628 516.333
0 0 157 39912.8 88.6438 -794.523 516.174
0 0 158 39911.9 88.9953 -794.918 516.166
0 0 159 39912.5 88.7945 -794.494 516.434
0 0 160 39912.4 88.5614 -795.184 516.086
0 0 161 39912.6 88.8866 -794.665 516.574
0 0 162 39912.6 88.2783 -794.41 516.189
0 0 163 39913 88.2756 -794.967 516.411
0 0 164 39912.6 88.3703 -794.666 516.007
0 0 165 39912.6 88.5982 -794.884 515.834
0 0 166 39911.9 88.8971 -794.769 516.05
0 0 167 39911.9 88.3431 -794.956 516.199
0 0 168 39912.6 88.4238 -794.449 515.888
0 0 169 39912.2 88.8664 -794.893 516.078
0 0 170 39912.3 88.2958 -794.803 515.841
0 0 171 39912.7 88.834 -794.613 515.891
0 0 172 39912.7 88.2239 -794.913 516.311
0 0 173 39912.4 88.4501 -794.527 515.864
0 0 174 39912.5 88.848 -794.842 516.168
0 0 175 39912.5 88.4133 -794.59 516.372
0 0 176 39912.4 88.5596 -794.831 515.787
0 0 177 39912.6 88.9199 -794.71 516.048
0 0 178 39912.1 88.1494 -794.801 515.782
0 0 179 39912.6 88.4264 -794.672 515.859
0 0 180 39912.7 88.5176 -794.665 516.069
0 0 181 39912.5 88.4623 -794.434 516.089
0 0 182 39912.7 88.4869 -794.594 516.184
0 0 183 39912.5 88.2467 -794.794 515.953
0 0 184 39912.1 88.5903 -794.577 515.998
0 0 185 39912.3 88.4378 -794.785 515.909
0 0 186 39912.6 88.3396 -794.581 516.089
0 0 187 39912.3 88.6078 -794.564 516.205
0 0 188 39912.1 88.4492 -794.869 515.958
0 0 189 39912.1 88.6236 -794.919 516.337
0 0 190 39912.6 88.6263 -794.69 516.114
0 0 191 39912.4 88.3326 -794.874 516.21
0 0 192 39912.3 88.6981 -794.865 516.225
0 0 193 39912.5 88.8016 -794.882 516.208
0 0 194 39912.4 88.6894 -794.805 516.145
0 0 195 39912.7 88.8042 -794.674 516.65
0 0 196 39912.2 88.7428 -795.536 516.475
0 0 197 39912.3 88.7533 -794.792 516.074
0 0 198 39912.3 88.7025 -794.291 516.455
0 0 199 39912.4 89.1005 -794.967 516.411
0 0 200 39912.3 88.8997 -794.803 516.153
0 0 201 39911.9 88.5474 -794.837 516.264
0 0 202 39912.5 88.7008 -795.233 516.393
0 0 203 39912.6 88.6587 -794.497 516.354
0 0 204 39912.2 88.6929 -794.923 515.983
0 0 205 39912.4 88.7647 -795.09 515.702
0 0 206 39912.8 88.9155 -794.689 516.225
0 0 207 39912.5 88.9339 -794.727 516.189
0 0 208 39912.6 88.5517 -794.392 516.292
0 0 209 39912.2 88.5763 -794.495 515.707
0 0 210 39912.1 88.8778 -795.052 516.302
0 0 211 39912.3 88.6201 -794.425 516.694
0 0 212 39912.1 88.8208 -794.869 516.272
0 0 213 39912.6 88.8094 -794.955 516.13
0 0 214 39912.4 88.7796 -794.938 516.185
0 0 215 39912.3 89.0268 -794.476 516.315
0 0 216 39912.3 88.6569 -794.645 516.133
0 0 217 39912.4 88.862 -794.881 516.44
0 0 218 39912.1 88.7411 -794.598 516.141
0 0 219 39911.8 88.6674 -794.638 516.364
0 0 220 39911.9 88.813 -794.904 516.115
0 0 221 39912.2 88.8918 -795.108 516.086
0 0 222 39912.2 89.2661 -794.576 516.089
0 0 223 39912.3 88.5027 -795.054 516.055
0 0 224 39912.2 88.9602 -795.048 516.257
0 0 225 39912.5 88.8138 -795.26 516.154
0 0 226 39912.2 89.175 -794.968 516.486
0 0 227 39912.3 88.7928 -795.187 516.215
0 0 228 39912.5 88.997 -794.883 516.136
0 0 229 39912.2 88.7639 -794.797 516.534
0 0 230 39912.5 89.1609 -795.414 516.565
0 0 231 39912.4 88.9111 -795.175 516.305
0 0 232 39912.1 89.0943 -795.005 516.177
0 0 233 39911.9 88.891 -795.187 515.896
0 0 234 39912.2 89.1452 -794.965 516.074
0 0 235 39912.7 89.0487 -794.931 516.31
0 0 236 39912.4 89.1276 -795.094 516.427
0 0 237 39912.2 88.9497 -794.898 516.303
0 0 238 39912.4 88.6149 -794.835 515.966
0 0 239 39912.2 89.1539 -794.978 516.257
0 0 240 39912.2 89.1171 -794.996 516.217
0 0 241 39912.9 88.7025 -795.113 516.568
0 0 242 39912.1 89.0899 -794.537 516.571
0 0 243 39912.7 89.26 -795.449 516.114
0 0 244 39912.1 88.9532 -795.392 515.999
0 0 245 39912.4 89.5343 -795.178 516.403
0 0 246 39912.2 88.9059 -795.387 516.491
0 0 247 39912.4 89.1741 -795.09 515.95
0 0 248 39912.6 88.4562 -795.492 515.924
0 0 249 39912.6 88.926 -795.162 515.839
0 0 250 39912.2 89.004 -795.332 516.248
0 0 251 39912.6 88.7086 -795.275 516.038
0 0 252 39912.3 89.2802 -795.226 516.068
0 0 253 39912.2 88.5062 -795.339 515.983
0 0 254 39912.6 88.891 -795.093 516.256
0 0 255 39912.2 89.4335 -794.914 516.254
0 0 256 39912.3 89.0426 -795.269 516.592
0 0 257 39912.4 89.0303 -795.234 516.54
0 0 258 39912.4 89.3845 -795.389 516.432
0 0 259 39912.3 88.6841 -795.187 516.133
0 0 260 39912.6 89.1259 -794.85 516.084
0 0 261 39912.7 89.4134 -795.47 515.926
0 0 262 39912.6 89.3108 -795.552 516.192
0 0 263 39912.6 88.9365 -794.958 515.929
0 0 264 39912.4 89.1978 -795.694 516.086
0 0 265 39912.3 89.3976 -795.179 516.341
0 0 266 39912.4 89.1662 -795.339 516.357
0 0 267 39912.9 89.1758 -795.292 516.06
0 0 268 39912.4 89.1101 -795.569 516.328
0 0 269 39912.3 89.2942 -795.483 515.927
0 0 270 39912.4 89.3143 -795.246 516.328
0 0 271 39912.4 89.0663 -795.512 516.365
0 0 272 39912.9 89.4423 -795.359 516.122
0 0 273 39912.6 89.1627 -795.542 515.868
0 0 274 39912.6 88.8813 -795.206 516.096
0 0 275 39912.6 89.1364 -795.005 516.65
0 0 276 39912.5 89.2118 -795.495 516.236
0 0 277 39913 89.0882 -794.852 515.917
0 0 278 39913 88.6718 -795.403 516.12
0 0 279 39912.9 88.6455 -795.384 516.718
0 0 280 39912.7 88.905 -795.316 516.723
0 0 281 39912.8 89.0338 -795.707 516.269
0 0 282 39912.8 89.0873 -795.094 516.11
0 0 283 39912.9 88.8024 -795.192 516.025
0 0 284 39912.9 88.7875 -795.224 515.98
0 0 285 39912.5 88.7244 -795.407 515.81
0 0 286 39912.7 88.7674 -795.038 516.347
0 0 287 39913 89.487 -794.984 515.965
0 0 288 39912.9 89.1373 -794.762 516.055
0 0 289 39913 88.9751 -795.051 515.656
0 0 290 39912.8 88.9681 -795.283 516.238
0 0 291 39912.9 88.8147 -794.834 516.125
0 0 292 39912.3 88.8436 -795.154 515.841
0 0 293 39912.7 89.0899 -795.359 515.989
0 0 294 39912.5 88.7253 -794.968 516.025
0 0 295 39913.3 88.9287 -795.401 516.009
0 0 296 39913.1 88.685 -794.926 516.326
0 0 297 39912.6 89.0996 -794.877 515.937
0 0 298 39913.4 88.9208 -794.815 516.086
0 0 299 39913.1 88.706 -794.902 515.984
0 0 300 39913 89.1057 -795.133 515.872
0 0 301 39913.1 88.9269 -794.962 516.266
0 0 302 39913.5 88.7086 -794.966 515.819
0 0 303 39913.2 88.5465 -794.644 515.748
0 0 304 39913.2 88.33 -794.737 516.158
0 0 305 39913.2 88.713 -794.605 515.736
0 0 306 39913.6 88.5132 -794.791 515.958
0 0 307 39913.5 88.8568 -794.419 516.2
0 0 308 39913.4 88.3414 -794.001 516.192
0 0 309 39913.6 88.145 -794.287 515.962
0 0 310 39913.7 88.7507 -794.355 515.896
0 0 311 39913.9 88.3931 -794.297 515.857
0 0 312 39913.7 88.7595 -793.877 515.906
0 0 313 39913.7 88.2002 -794.332 516.092
0 0 314 39914.2 88.5193 -793.885 515.342
0 0 315 39914.5 88.1003 -793.693 515.895
0 0 316 39914.7 88.4387 -793.333 516.172
0 0 317 39914.7 88.3957 -793.653 516.336
0 0 318 39914.3 87.9101 -793.166 515.87
0 0 319 39914.6 87.7059 -793.431 516.004
0 0 320 39914.4 88.1897 -793.683 516.39
0 0 321 39914.8 88.3019 -793.396 516.048
0 0 322 39914.6 88.3265 -793.523 516.197
0 0 323 39914.6 87.8803 -793.483 516.207
0 0 324 39915.3 87.8365 -793.036 516.04
0 0 325 39915.2 87.5411 -792.874 516.444
0 0 326 39915.4 87.8041 -793.201 516.143
0 0 327 39915.5 87.6086 -792.567 516.207
0 0 328 39915.6 87.7813 -792.346 516.2
0 0 329 39915.9 88.2265 -792.326 516.187
0 0 330 39915.6 87.5201 -792.239 516.027
0 0 331 39916.5 87.7182 -791.973 516.279
0 0 332 39916.2 87.2308 -791.9 516.329
0 0 333 39916.5 87.5253 -791.589 516.403
0 0 334 39917 87.0827 -792.144 516.341
0 0 335 39917 87.0958 -791.493 516.519
0 0 336 39917.2 87.4797 -791.379 516.31
0 0 337 39917.2 87.0862 -791.419 516.627
0 0 338 39917.1 87.4298 -791.379 516.414
0 0 339 39917.4 87.421 -791.308 516.133
0 0 340 39917.3 87.066 -791.23 516.305
0 0 341 39917.2 86.8662 -791.046 516.221
0 0 342 39916.8 86.9573 -791.031 516.078
0 0 343 39917 86.9599 -791.176 516.447
0 0 344 39917.1 87.1791 -790.93 515.968
0 0 345 39916.6 87.5411 -791.674 516.102
0 0 346 39915.9 87.7795 -791.805 516.083
0 0 347 39915.8 87.4219 -791.694 516.326
0 0 348 39915.5 87.9417 -792.457 516.042
0 0 349 39915.2 87.8049 -792.747 515.844
0 0 350 39915.1 87.6901 -792.667 516.228
0 0 351 39914.7 88.0048 -793.03 516.074
0 0 352 39914.7 88.3379 -793.218 516.355
0 0 353 39914.4 88.0644 -793.472 516.037
0 0 354 39914.4 87.8286 -793.296 516.099
0 0 355 39914.5 88.1608 -793.601 515.826
0 0 356 39914.9 87.8751 -793.647 516.122
0 0 357 39914 87.6927 -793.248 516.292
0 0 358 39913.6 87.8689 -793.204 516.071
0 0 359 39914 88.3046 -793.355 516.302
0 0 360 39913.7 88.0889 -793.709 516.271
0 0 361 39913.9 88.3089 -793.474 516.037
0 0 362 39913.8 88.2756 -793.807 515.903
0 0 363 39914.1 88.2108 -794.042 516.231
0 0 364 39913.8 87.6743 -793.469 516.315
0 0 365 39913.6 88.5465 -793.881 516.117
0 0 366 39913.6 88.6806 -793.867 515.968
0 0 367 39913.6 88.4553 -794.048 515.986
0 0 368 39913.4 88.5141 -794.001 516.012
0 0 369 39913.6 88.1564 -793.882 515.886
0 0 370 39913.4 88.4404 -793.772 516.303
0 0 371 39912.9 88.614 -793.89 515.909
0 0 372 39913.3 88.1345 -794.378 515.772
0 0 373 39913.1 88.2607 -793.81 516.081
0 0 374 39913 88.7744 -793.62 516.056
0 0 375 39913.2 88.5 -794.244 516.467
0 0 376 39913 88.635 -794.313 515.721
0 0 377 39913 89.168 -794.55 516.32
0 0 378 39913 88.6727 -794.602 516.266
0 0 379 39913.1 88.507 -794.467 516.123
0 0 380 39912.6 88.9129 -794.719 516.158
0 0 381 39912.7 88.8717 -794.346 516.352
0 0 382 39913 88.5973 -794.581 516.323
0 0 383 39913 88.2485 -795.017 516.169
0 0 384 39913.1 88.3878 -794.895 516.449
0 0 385 39912.8 88.4641 -794.653 516.45
0 0 386 39913.3 88.7919 -794.918 516.21
0 0 387 39912.6 88.7165 -794.224 516.05
0 0 388 39912.9 88.4571 -794.726 516.302
0 0 389 39912.7 88.7823 -794.612 516.382
0 0 390 39912.6 89.0899 -794.561 515.988
0 0 391 39912.7 88.7814 -794.92 515.958
0 0 392 39912.6 89.0356 -794.551 516.14
0 0 393 39912.7 88.7779 -794.418 515.599
0 0 394 39912.7 89.1592 -794.43 515.617
0 0 395 39912.7 88.5149 -794.588 516.156
0 0 396 39912.8 88.5368 -794.256 516.086
0 0 397 39912.5 88.7411 -794.191 515.872
0 0 398 39912.6 88.2572 -794.771 515.924
0 0 399 39913 88.6017 -794.474 516.038
0 0 400 39912.7 88.4089 -794.647 516.13
0 0 401 39912.6 88.7604 -794.499 515.971
0 0 402 39912.4 88.7393 -794.728 516.488
0 0 403 39912.9 88.6937 -794.344 516.13
0 0 404 39912.1 88.4702 -794.649 516.019
0 0 405 39912.2 88.713 -794.49 515.798
0 0 406 39912.2 88.5386 -794.808 515.96
0 0 407 39912.8 88.4895 -794.285 516.251
0 0 408 39912.2 88.6175 -794.588 515.795
0 0 409 39912.4 89.0505 -794.737 516.089
0 0 410 39912.6 88.4062 -794.64 516.048
0 0 411 39912.5 88.493 -794.789 515.795
0 0 412 39912.3 88.6447 -794.667 515.88
0 0 413 39912.3 89.1101 -794.591 516.117
0 0 414 39912.4 88.5877 -794.711 516.31
0 0 415 39912 88.7867 -794.71 516.04
0 0 416 39912.2 89.2626 -794.593 515.878
0 0 417 39912.2 88.7867 -794.722 516.406
0 0 418 39912.5 88.4457 -794.206 516.236
0 0 419 39912.3 88.6245 -794.632 516.248
0 0 420 39912.4 89.1338 -794.84 516.295
0 0 421 39912.4 88.9935 -794.736 515.994
0 0 422 39912.2 88.7569 -794.833 515.697
0 0 423 39912.5 88.5535 -794.669 515.617
0 0 424 39912.4 88.7086 -794.784 516.23
0 0 425 39912.4 88.6894 -794.481 516.509
0 0 426 39912.6 88.5237 -794.502 515.973
0 0 427 39912.5 89.2162 -794.963 516.406
0 0 428 39912.4 88.5184 -794.878 516.133
0 0 429 39912.2 88.8217 -795.051 516.071
0 0 430 39912.2 88.4544 -794.999 516.254
0 0 431 39912.6 88.8086 -794.892 516.238
0 0 432 39912.6 89.0049 -794.638 515.849
0 0 433 39912.1 88.6832 -794.937 515.846
0 0 434 39912.3 88.5851 -794.708 515.6
0 0 435 39912.2 88.6964 -794.728 515.748
0 0 436 39912.2 89.2942 -795.016 516.092
0 0 437 39912.5 88.8945 -794.756 516.483
0 0 438 39912.5 88.5404 -794.552 516.187
0 0 439 39912.2 88.5807 -794.678 515.602
0 0 440 39911.8 88.8428 -794.936 516.027
0 0 441 39911.8 88.7384 -794.635 516.38
0 0 442 39911.7 88.7244 -794.831 515.842
0 0 443 39912.3 88.5938 -795.167 516.226
0 0 444 39911.9 88.5614 -795.024 516.254
0 0 445 39912.1 88.4501 -794.955 516.029
0 0 446 39912.5 89.0198 -794.955 516.174
0 0 447 39911.8 88.3694 -794.485 516.115
0 0 448 39912.7 88.5465 -794.895 516.143
0 0 449 39912.3 88.6508 -794.781 516.2
0 0 450 39912 88.6236 -794.765 516.161
0 0 451 39911.9 88.5772 -795.132 516.171
0 0 452 39912.6 88.8866 -794.781 515.919
0 0 453 39911.7 88.9856 -794.508 516.024
0 0 454 39912.2 88.7349 -795.125 515.867
0 0 455 39912.3 88.813 -795.3 516.49
0 0 456 39912.2 88.4772 -795.125 515.914
0 0 457 39912.1 88.8918 -795.091 516.016
0 0 458 39912 89.097 -794.738 516.097
0 0 459 39912 88.642 -794.985 516.248
0 0 460 39912.5 89.2731 -795.143 515.877
0 0 461 39911.7 88.9032 -794.835 516.148
0 0 462 39911.4 89.0873 -795.123 516.218
0 0 463 39912.4 89.1162 -795.04 516.246
0 0 464 39911.8 88.827 -795.044 515.991
0 0 465 39912 89.0251 -794.99 515.911
0 0 466 39912.2 88.8953 -794.81 516.105
0 0 467 39912.6 89.0032 -794.965 516.189
0 0 468 39912 88.9944 -795.024 516.043
0 0 469 39912.1 88.9374 -794.992 515.991
0 0 470 39911.9 88.749 -794.413 516.112
0 0 471 39912.4 88.5544 -794.362 516.563
0 0 472 39911.9 88.7332 -795.218 516.344
0 0 473 39912.1 88.7604 -795.17 516.166
0 0 474 39912.5 89.1171 -794.971 516.285
0 0 475 39912 89.1417 -795.025 516.337
0 0 476 39911.7 88.6 -794.69 516.02
0 0 477 39911.9 88.7104 -794.82 515.916
0 0 478 39912.2 88.6131 -794.758 516.083
0 0 479 39912.4 88.6973 -794.891 515.833
0 0 480 39912.1 88.6149 -794.946 516.215
0 0 481 39912.4 88.5929 -794.751 515.949
0 0 482 39911.9 88.678 -794.436 516.239
0 0 483 39912.1 88.7849 -794.762 515.913
0 0 484 39911.7 88.706 -795.031 515.886
0 0 485 39911.9 88.777 -794.732 515.784
0 0 486 39912 88.1345 -794.68 516.058
0 0 487 39912.4 88.9488 -794.727 516.393
0 0 488 39912.1 88.9593 -794.549 516.212
0 0 489 39912.1 88.9909 -794.501 515.762
0 0 490 39912 88.8112 -795.013 516.079
0 0 491 39912.1 88.8305 -794.881 515.741
0 0 492 39912.1 88.8708 -795.065 516.184
0 0 493 39911.8 88.486 -795.187 516.29
0 0 494 39912.3 88.983 -794.99 516.339
0 0 495 39912 88.94 -794.92 516.182
0 0 496 39912.1 88.5763 -794.904 515.947
0 0 497 39912.1 88.9602 -795.094 515.837
0 0 498 39912.1 88.7279 -794.996 516.189
0 0 499 39912 88.9111 -794.888 516.318
0 0 500 39911.8 88.905 -794.835 515.609
0 0 501 39912 88.5649 -795.03 515.819
0 0 502 39912 88.2818 -795.071 515.9
0 0 503 39912.2 89.0321 -795.122 516.192
0 0 504 39912.4 88.7095 -794.954 515.949
0 0 505 39912.1 89.004 -795.079 516.272
0 0 506 39912.1 88.8103 -794.999 515.654
0 0 507 39911.8 88.5062 -794.466 515.868
0 0 508 39911.8 88.7384 -794.948 516.063
0 0 509 39912.3 88.7288 -794.187 516.266
0 0 510 39912.3 88.9313 -795.051 515.481
0 0 511 39912.2 88.5535 -794.85 516.009
0 0 512 39912.3 88.8428 -794.664 515.944
0 0 513 39912.3 88.2239 -794.741 516.136
0 0 514 39912.3 88.8962 -794.546 515.672
0 0 515 39912.1 88.4746 -795.069 515.98
0 0 516 39912.1 88.784 -795.137 516.145
0 0 517 39911.9 88.1187 -795.252 516.084
0 0 518 39912.2 88.4422 -794.768 516.128
0 0 519 39912.4 88.5544 -794.959 516.004
0 0 520 39912.3 88.8875 -794.78 516.62
0 0 521 39912.4 88.6683 -794.849 516.105
0 0 522 39912.1 88.4325 -795.026 516.047
0 0 523 39912 88.4036 -794.709 516.249
0 0 524 39912.3 88.5325 -794.801 516.069
0 0 525 39912.6 88.7551 -794.616 516.141
0 0 526 39912.7 88.5386 -795.325 516.243
0 0 527 39912.4 88.6447 -794.64 516.159
0 0 528 39912.4 88.685 -794.655 515.913
0 0 529 39912.3 88.7043 -794.953 516.172
0 0 530 39912.7 88.7297 -794.936 516.097
0 0 531 39911.9 88.5018 -794.822 515.888
0 0 532 39912.5 88.2905 -794.744 516.262
0 0 533 39912.3 88.8016 -794.899 516.408
0 0 534 39912 88.3028 -795.008 515.937
0 0 535 39912.4 88.294 -794.88 515.808
0 0 536 39912.3 88.7682 -794.445 516.292
0 0 537 39912.5 88.9769 -794.663 516.249
0 0 538 39912.5 88.8322 -794.827 515.718
0 0 539 39912.3 88.7341 -794.638 516.091
0 0 540 39912.3 88.3808 -795.656 515.766
0 0 541 39912.2 88.8664 -795.145 515.924
0 0 542 39912.6 89.0154 -794.85 516.419
0 0 543 39912.4 88.6201 -794.746 516.351
0 0 544 39912.4 89.1487 -794.502 516.455
0 0 545 39912.3 88.9006 -794.491 516.684
0 0 546 39912.3 88.4299 -794.997 515.782
0 0 547 39912.1 88.6937 -795.122 516.483
0 0 548 39912.4 88.5149 -794.815 515.731
0 0 549 39912.5 88.5176 -795.182 515.989
0 0 550 39912.5 88.7586 -794.837 516.337
0 0 551 39912 88.7297 -794.462 515.965
0 0 552 39912.9 88.791 -794.819 516.153
0 0 553 39912.6 88.9725 -794.647 516.316
0 0 554 39912.7 88.7919 -795.03 516.695
0 0 555 39912.6 88.7972 -795.08 516.02
0 0 556 39912 89.1627 -795.005 516.112
0 0 557 39912.5 88.6517 -794.962 515.775
0 0 558 39912.5 88.6718 -795.079 516.063
0 0 559 39912.2 88.9436 -794.777 515.98
0 0 560 39912.7 88.5491 -794.751 516.235
0 0 561 39912.9 88.7831 -795.163 516.128
0 0 562 39912.4 88.4746 -794.412 516.199
0 0 563 39912.1 88.9444 -794.871 516.153
0 0 564 39912.2 88.9304 -794.794 515.952
0 0 565 39912.5 88.1485 -795.04 516.383
0 0 566 39912.8 88.2432 -794.383 516.264
0 0 567 39912.6 88.4246 -795.052 516.215
0 0 568 39912.2 88.5421 -795.467 516.274
0 0 569 39912.5 88.9304 -794.644 516.37
0 0 570 39912.1 88.7507 -794.646 515.999
0 0 571 39912.5 88.3466 -794.994 515.998
0 0 572 39912.7 88.7937 -794.781 516.355
0 0 573 39912.8 88.6333 -795.192 515.846
0 0 574 39912.7 88.7639 -794.611 516.154
0 0 575 39912.5 88.6201 -794.976 516.55
0 0 576 39912 88.99 -795.427 516.404
0 0 577 39912.4 89.1311 -795.349 516.306
0 0 578 39912.2 89.026 -795.263 516.189
0 0 579 39912.6 88.7262 -795.074 516.151
0 0 580 39912.1 88.6973 -794.758 516.4
0 0 581 39912.3 88.9024 -795.296 516.068
0 0 582 39912.5 88.2038 -795.331 515.998
0 0 583 39912.2 88.685 -794.98 516.025
0 0 584 39912.2 88.9138 -794.604 516.499
0 0 585 39912.6 88.7262 -794.785 516.132
0 0 586 39912.5 88.6797 -795.037 516.177
0 0 587 39912.3 88.6306 -794.935 516.236
0 0 588 39912.5 88.8366 -795.127 516.122
0 0 589 39912.6 88.8112 -794.465 516.083
0 0 590 39912.1 88.5833 -795.184 516.035
0 0 591 39912.2 88.8489 -795.341 516.48
0 0 592 39912 88.9234 -794.939 516.125
0 0 593 39912.1 89.1767 -794.904 515.935
0 0 594 39912.2 88.9427 -794.752 516.052
0 0 595 39912.5 88.7139 -795.191 516.15
0 0 596 39912.5 89.1583 -795.591 516.045
0 0 597 39912 89.4555 -794.763 516.194
0 0 598 39912.4 88.6271 -795.092 515.976
0 0 599 39912.3 89.2214 -795.147 516.297
0 0 600 39911.9 88.94 -795.174 515.883
0 0 601 39912.1 88.6578 -794.832 515.911
0 0 602 39911.9 88.8568 -795.046 516.266
0 0 603 39912.1 88.9883 -795.061 515.842
0 0 604 39912.2 88.7437 -794.574 516.172
0 0 605 39912.3 88.8024 -795.01 515.909
0 0 606 39912.4 88.5605 -794.638 516.244
0 0 607 39912.3 88.9716 -795.246 516.107
0 0 608 39912.1 88.6008 -795.265 516.413
0 0 609 39912.1 88.5824 -795.012 515.816
0 0 610 39912.3 88.8918 -794.963 516.007
0 0 611 39912 88.5018 -794.724 516.004
0 0 612 39912.6 89.0663 -795.011 516.145
0 0 613 39911.9 89.0356 -794.845 516.282
0 0 614 39912.2 88.5298 -795.082 516.375
0 0 615 39912.6 88.7411 -794.765 516.596
0 0 616 39912.4 88.5246 -795.04 515.818
0 0 617 39912.2 88.8953 -794.75 516.083
0 0 618 39912 89.1381 -794.898 515.877
0 0 619 39912.3 88.4466 -795.077 516.292
0 0 620 39912 88.9497 -795.194 515.968
0 0 621 39912.1 88.6771 -795.368 516.037
0 0 622 39912 88.9874 -794.718 516.4
0 0 623 39912.1 88.4544 -795.147 515.56
0 0 624 39912.1 88.6 -795.056 516.228
0 0 625 39911.9 88.9374 -794.545 516.017
0 0 626 39912.4 88.7122 -794.827 516.011
0 0 627 39912.2 89.338 -795.003 516.256
0 0 628 39912.1 88.7271 -795.073 515.852
0 0 629 39912 88.7034 -795.216 516.114
0 0 630 39912.1 88.6052 -795.019 516.382
0 0 631 39912.4 89.1189 -795.523 515.687
0 0 632 39912.1 88.9523 -795.028 515.978
0 0 633 39912.4 88.5 -794.716 516.453
0 0 634 39912.3 88.5728 -795.453 516.221
0 0 635 39912 88.8743 -795.075 516.166
0 0 636 39912.1 88.2634 -794.984 516.166
0 0 637 39912.3 88.9935 -795.184 516.148
0 0 638 39911.8 88.7253 -795.26 516.055
0 0 639 39911.8 88.564 -795.12 515.916
0 0 640 39912.2 88.7069 -795.082 516.071
0 0 641 39912 88.5815 -794.934 515.8
0 0 642 39912 88.8059 -795.074 516.259
0 0 643 39912 88.8331 -795.36 516.145
0 0 644 39911.8 89.1364 -794.602 515.988
0 0 645 39911.9 88.8804 -794.92 515.855
0 0 646 39912.1 88.6254 -795.07 516.038
0 0 647 39912.2 88.6674 -795.267 516.114
0 0 648 39912.1 89.1127 -795.18 515.942
0 0 649 39912.1 88.7937 -795.081 516.176
0 0 650 39912.2 89.1048 -794.939 515.682
0 0 651 39912.4 88.813 -795.279 516.042
0 0 652 39912.3 88.9576 -794.768 516.512
0 0 653 39912.4 88.8068 -794.623 516.019
0 0 654 39912.2 88.7621 -794.934 515.862
0 0 655 39911.9 88.8331 -795.209 516.452
0 0 656 39912.1 88.5044 -794.862 516.256
0 0 657 39911.4 88.8647 -795.079 516.063
0 0 658 39911.8 89.1373 -794.773 516.007
0 0 659 39912.2 88.8655 -795.707 516.365
0 0 660 39912.7 89.0768 -795.065 515.955
0 0 661 39912.2 89.1303 -794.86 516.024
0 0 662 39912.2 89.3284 -795.18 515.463
0 0 663 39912.1 89.0426 -794.954 516.009
0 0 664 39911.9 88.9646 -794.778 515.788
0 0 665 39912.6 88.933 -794.888 515.698
0 0 666 39912.1 89.0268 -795.07 515.522
0 0 667 39911.9 89.047 -794.583 515.734
0 0 668 39912.2 88.6412 -795.131 516.034
0 0 669 39911.7 89.3582 -795.239 516.163
0 0 670 39912.1 89.5361 -795.017 515.766
0 0 671 39911.8 88.7639 -795.177 516.241
0 0 672 39912 89.0251 -795.205 515.672
0 0 673 39912.3 89.2372 -794.898 516.148
0 0 674 39912.5 89.3959 -794.705 516.096
0 0 675 39912.1 89.1145 -795.037 515.667
0 0 676 39912.2 89.2048 -794.894 515.676
0 0 677 39912.2 89.2977 -794.804 515.926
0 0 678 39912.5 89.004 -794.881 515.674
0 0 679 39912.4 89.3564 -795.019 516.349
0 0 680 39912.3 89.544 -795.062 515.77
0 0 681 39912.3 89.6772 -794.674 516.02
0 0 682 39912.9 89.5037 -795.121 516.326
0 0 683 39913 90.1286 -795.084 515.896
0 0 684 39912.8 89.5571 -794.939 515.896
0 0 685 39912.5 89.8061 -794.691 516.388
0 0 686 39913.1 89.5571 -794.949 516.275
0 0 687 39912.8 89.7666 -795.079 516.092
0 0 688 39913.2 89.9174 -794.579 516.604
0 0 689 39913.2 89.707 -794.922 516.084
0 0 690 39913.1 89.8578 -794.604 516.254
0 0 691 39913.2 89.9156 -794.688 516.027
0 0 692 39913.2 89.8166 -794.821 516.058
0 0 693 39913 89.6895 -794.59 515.803
0 0 694 39912.8 89.4029 -794.87 515.751
0 0 695 39912.6 89.452 -794.547 516.068
0 0 696 39912.5 88.9777 -794.525 516.102
0 0 697 39912.4 89.0224 -794.887 516.316
0 0 698 39912.7 88.7814 -794.861 516.235
0 0 699 39911.9 89.2994 -794.545 516.15
0 0 700 39912.1 88.9287 -794.979 516.13
0 0 701 39912.5 89.3424 -794.649 516.001
0 0 702 39912.2 89.1846 -794.47 515.684
0 0 703 39912.5 89.0146 -795.024 516.239
0 0 704 39912.9 88.5912 -794.849 516.633
0 0 705 39912 89.1101 -795.12 516.087
0 0 706 39912.7 89.5659 -794.801 515.947
0 0 707 39911.9 89.1241 -794.533 515.829
0 0 708 39911.9 89.2477 -794.78 516.181
0 0 709 39912.3 89.2433 -794.771 516.128
0 0 710 39912 88.6683 -794.448 516.56
0 0 711 39912.4 88.898 -794.635 516.261
0 0 712 39912.2 88.94 -795.137 515.859
0 0 713 39912.4 88.9804 -794.695 516.117
0 0 714 39911.9 88.9111 -794.885 515.917
0 0 715 39912.6 88.5815 -794.827 516.117
0 0 716 39912.4 88.6762 -795.075 516.19
0 0 717 39912.2 89.0172 -795.127 515.862
0 0 718 39912.3 88.6631 -794.593 516.053
0 0 719 39912.7 88.8559 -795.098 516.589
0 0 720 39913.1 89.1662 -794.251 515.929
0 0 721 39912.3 88.8252 -794.645 516.266
0 0 722 39912.3 88.3536 -795.32 515.88
0 0 723 39911.9 89.2495 -794.965 516.174
0 0 724 39912.1 89.0303 -795.163 516.168
0 0 725 39912.3 89.5887 -794.942 515.779
0 0 726 39912.4 89.1916 -794.739 516.331
0 0 727 39912.6 88.8804 -794.994 516.177
0 0 728 39912.3 88.8296 -795.098 516.166
0 0 729 39912.3 88.7157 -794.889 516.181
0 0 730 39912.4 88.692 -794.748 515.955
0 0 731 39912.5 88.898 -795.165 515.736
0 0 732 39912.5 88.7446 -795.037 515.769
0 0 733 39912.3 88.5491 -794.509 515.919
0 0 734 39912.8 88.8717 -794.616 516.143
0 0 735 39912.7 89.0759 -794.477 515.788
0 0 736 39912.8 88.798 -794.654 515.999
0 0 737 39912.7 88.8173 -794.982 516.001
0 0 738 39912.7 88.4983 -794.862 515.955
0 0 739 39913.2 88.8541 -794.897 516.123
0 0 740 39912.6 88.0863 -794.88 516.145
0 0 741 39912.9 88.6394 -794.978 516.001
0 0 742 39913.3 88.8927 -794.849 516.254
0 0 743 39913.3 88.422 -794.938 516.336
0 0 744 39913.6 88.5772 -794.616 515.859
0 0 745 39913.2 88.6157 -794.538 516.187
0 0 746 39913 88.1696 -794.666 516.22
0 0 747 39913.5 88.6692 -794.725 516.483
0 0 748 39913.7 88.5202 -794.445 516.436
0 0 749 39913.5 88.2581 -794.696 516.279
0 0 750 39914 88.4141 -794.624 516.235
0 0 751 39913.8 88.2563 -794.18 516.218
0 0 752 39913.7 87.847 -794.611 516.181
0 0 753 39913.7 88.3335 -794.679 516.391
0 0 754 39913.3 88.3317 -794.474 516.251
0 0 755 39913.9 88.4483 -794.701 516.576
0 0 756 39913.8 88.2791 -794.295 516.045
0 0 757 39914.1 88.1494 -794.768 516.203
0 0 758 39913.6 88.3037 -794.624 516.279
0 0 759 39913.7 88.9795 -794.412 516.393
0 0 760 39913.6 88.8261 -794.395 516.328
0 0 761 39913.5 88.8655 -794.506 516.437
0 0 762 39913.4 89.1916 -794.596 516.715
0 0 763 39913.3 88.713 -794.372 516.795
0 0 764 39913.6 89.0698 -794.849 516.28
0 0 765 39913.3 89.0154 -794.456 516.293
0 0 766 39913.5 89.2942 -794.439 516.344
0 0 767 39913.6 89.629 -794.645 516.058
0 0 768 39913.3 89.267 -794.084 516.179
0 0 769 39913.4 89.707 -794.58 515.731
0 0 770 39913.1 89.6299 -793.948 516.176
0 0 771 39913.6 89.7833 -794.569 515.984
0 0 772 39913.4 89.4686 -794.165 516.083
0 0 773 39912.8 89.6202 -794.738 516.105
0 0 774 39913.1 89.2328 -794.32 516.352
0 0 775 39913.4 89.5422 -794.233 516.119
0 0 776 39913.2 89.7465 -794.474 516.189
0 0 777 39913.2 89.6185 -794.551 516.39
0 0 778 39913 89.3398 -794.305 516.377
0 0 779 39913.2 89.8552 -794.52 516.302
0 0 780 39913.2 89.1381 -793.949 516.532
0 0 781 39913 89.5177 -794.596 515.836
0 0 782 39912.9 89.2565 -794.291 516.45
0 0 783 39912.9 89.4484 -794.393 516.185
0 0 784 39912.9 89.5869 -794.385 515.7
0 0 785 39913.1 89.6378 -794.458 516.431
0 0 786 39913.2 89.4949 -794.242 516.172
0 0 787 39913 89.8306 -794.199 516.078
0 0 788 39913 89.6343 -794.377 516.511
0 0 789 39913.1 89.274 -794.534 516.524
0 0 790 39913.1 89.2372 -794.266 515.847
0 0 791 39912.8 89.1662 -794.973 516.159
0 0 792 39912.7 89.3275 -794.685 515.9
0 0 793 39912.9 89.2784 -794.827 516.453
0 0 794 39913 89.1294 -794.515 516.288
0 0 795 39912.6 89.5992 -794.389 516.058
0 0 796 39912.8 89.5992 -794.635 516.069
0 0 797 39913 89.5466 -794.302 516.275
0 0 798 39913.3 89.4116 -795.09 515.849
0 0 799 39913.2 89.2407 -794.27 516.104
0 0 800 39912.4 89.721 -794.36 516.453
0 0 801 39912.7 89.8639 -794.578 516.341
0 0 802 39913 89.7842 -794.711 515.667
0 0 803 39913.1 90.112 -794.935 516.362
0 0 804 39912.6 89.4432 -794.352 516.217
0 0 805 39913.3 89.3792 -794.418 516.056
0 0 806 39913.4 90.0515 -794.577 515.837
0 0 807 39913.3 89.6167 -794.394 516.004
0 0 808 39913.4 89.9674 -794.207 515.986
0 0 809 39913.7 89.5887 -794.507 516.117
0 0 810 39913.3 90.1006 -794.675 515.989
0 0 811 39913 90.1427 -794.285 515.764
0 0 812 39913.3 89.9752 -794.355 516.282
0 0 813 39913.7 89.7956 -794.355 516.058
0 0 814 39913.5 89.9691 -794.581 516.166
0 0 815 39913.7 90.1716 -794.618 516.226
0 0 816 39913.5 90.5064 -794.458 516.114
0 0 817 39913.8 90.4959 -794.185 516.006
0 0 818 39913.4 90.41 -794.593 516.22
0 0 819 39914.1 90.2566 -794.387 516.416
0 0 820 39913.7 91.092 -793.939 516.364
0 0 821 39914.2 90.8474 -794.125 515.937
0 0 822 39914.5 90.6826 -794.06 516.185
0 0 823 39913.9 90.3118 -794.166 516.305
0 0 824 39915 91.0981 -794.045 515.85
0 0 825 39914.4 90.772 -793.955 516.453
0 0 826 39914.5 90.63 -793.952 516.125
0 0 827 39914.4 90.8939 -793.792 516.122
0 0 828 39914.7 90.971 -794.154 516.275
0 0 829 39914.5 91.106 -794.166 515.957
0 0 830 39914 90.63 -794.04 516.032
0 0 831 39914.6 90.8097 -793.933 515.983
0 0 832 39913.7 90.5231 -793.977 516.254
0 0 833 39914 90.8632 -794.194 516.297
0 0 834 39914 90.7703 -794.576 516.009
0 0 835 39914.2 91.141 -794.047 516.248
0 0 836 39914.6 90.7466 -794.146 516.449
0 0 837 39914.7 91.1165 -794.084 516.086
0 0 838 39914.3 91.4347 -793.906 516.254
0 0 839 39914.7 91.3803 -794.001 516.507
0 0 840 39915.3 92.1052 -793.41 516.522
0 0 841 39915.6 91.8063 -793.251 516.511
0 0 842 39915.3 91.7266 -793.753 516.906
0 0 843 39915.2 92.0088 -793.901 516.277
0 0 844 39915.7 91.993 -793.826 516.367
0 0 845 39915 91.8905 -793.937 516.3
0 0 846 39914.6 91.5372 -793.718 516.303
0 0 847 39915.2 90.8807 -793.916 516.422
0 0 848 39914.6 90.9631 -793.688 516.123
0 0 849 39914.9 91.2804 -793.954 516.122
0 0 850 39914.2 91.1331 -794.169 516.06
0 0 851 39914.4 91.1805 -794.296 516.215
0 0 852 39914.4 90.8956 -794.185 516.267
0 0 853 39914 90.7913 -794.332 516.308
0 0 854 39914.1 90.744 -794.222 515.625
0 0 855 39913.8 90.0822 -794.144 516.373
0 0 856 39913.6 90.7431 -794.209 516.46
0 0 857 39913.6 90.5371 -794.403 516.28
0 0 858 39913.7 90.4459 -794.275 515.909
0 0 859 39913.4 90.1795 -794.624 515.927
0 0 860 39913.1 90.1488 -794.388 516.107
0 0 861 39913.2 90.3758 -794.22 516.313
0 0 862 39913.7 90.311 -794.618 516.079
0 0 863 39913.8 90.2768 -794.722 516.101
0 0 864 39913.4 90.6554 -794.579 515.968
0 0 865 39913.3 90.0708 -794.973 516.145
0 0 866 39913.4 89.9805 -794.566 516.024
0 0 867 39913.3 90.0199 -794.741 515.935
0 0 868 39912.7 89.6395 -794.595 516.285
0 0 869 39913.1 90.2119 -795.15 516.163
0 0 870 39913.5 90.524 -794.499 516.331
0 0 871 39913.4 89.8972 -794.39 515.97
0 0 872 39913.5 89.3932 -794.949 516.453
0 0 873 39912.7 89.8604 -794.601 516.184
0 0 874 39913.3 89.4432 -794.644 516.36
0 0 875 39913 89.714 -794.609 516.107
0 0 876 39912.9 89.6386 -795.06 516.15
0 0 877 39913.1 89.4914 -794.888 515.973
0 0 878 39913.5 89.5843 -794.546 516.143
0 0 879 39913.4 89.6597 -794.734 515.986
0 0 880 39912.9 89.5554 -794.771 516.323
0 0 881 39913.6 90.0603 -794.555 515.821
0 0 882 39913.3 89.6053 -794.247 516.078
0 0 883 39913.4 89.6492 -794.783 516.218
0 0 884 39913.4 89.7842 -794.735 516.316
0 0 885 39913.6 89.6273 -794.952 516.485
0 0 886 39914.2 89.6816 -794.934 516.061
0 0 887 39914 89.7088 -795.279 516.339
0 0 888 39914.1 89.7167 -794.44 515.646
0 0 889 39914 89.7044 -794.88 516.185
0 0 890 39914.1 89.5694 -795.223 515.842
0 0 891 39914.3 89.899 -794.839 516.174
0 0 892 39914.8 90.0524 -794.794 515.775
0 0 893 39915.2 89.5151 -795.378 516.838
0 0 894 39915 89.4853 -795.245 516.184
0 0 895 39915.5 88.8682 -795.247 516.249
0 0 896 39915.9 89.2302 -795.308 516.337
0 0 897 39916 88.5754 -795.004 516.396
0 0 898 39916.6 89.0531 -795.151 516.414
0 0 899 39917.4 88.6552 -795.019 516.588
0 0 900 39917.6 88.1319 -795.065 516.401
0 0 901 39918.2 88.3335 -795.22 516.735
0 0 902 39918.1 88.5062 -794.968 516.86
0 0 903 39918.8 88.1214 -795.624 516.937
0 0 904 39919.2 88.1477 -795.364 517.223
0 0 905 39919.9 88.0784 -795.18 517.385
0 0 906 39920.1 88.3992 -795.228 517.204
0 0 907 39920.6 87.9408 -795.235 517.199
0 0 908 39921.1 87.6384 -795.924 517.287
0 0 909 39921.7 87.6656 -795.518 517.354
0 0 910 39922 87.3237 -795.925 517.352
0 0 911 39922.4 87.2624 -795.631 517.833
0 0 912 39923 87.2694 -795.431 517.696
0 0 913 39923.6 87.1694 -795.255 517.593
0 0 914 39924.1 86.8504 -795.475 518.132
0 0 915 39924.8 86.9766 -795.664 517.728
0 0 916 39925.1 86.9301 -794.826 518.276
0 0 917 39925.1 86.7242 -795.099 518.576
0 0 918 39925.5 86.8355 -795.13 517.481
0 0 919 39926.4 86.6085 -795.421 517.686
0 0 920 39926.7 86.846 -795.369 517.565
0 0 921 39927.2 86.6917 -795.32 517.771
0 0 922 39927.6 86.5252 -795.308 518.004
0 0 923 39928.5 86.612 -795.205 517.468
0 0 924 39929.2 85.7302 -795.031 517.607
0 0 925 39929.3 86.5059 -795.586 517.46
0 0 926 39929.2 85.8923 -795.325 517.449
0 0 927 39930 86.3297 -795.305 518.009
0 0 928 39930.5 85.9712 -795.191 517.807
0 0 929 39930.8 85.5601 -795.64 517.488
0 0 930 39931.8 85.9809 -795.589 517.529
0 0 931 39932.2 85.8879 -795.123 517.465
0 0 932 39933.1 86.115 -795.456 517.21
0 0 933 39933.5 86.086 -795.089 517.246
0 0 934 39934.3 86.0913 -795.348 517.115
0 0 935 39935 86.093 -795.492 516.823
0 0 936 39936.4 86.5585 -795.485 516.759
0 0 937 39937.1 86.5602 -795.993 516.099
0 0 938 39938.4 86.7338 -796.151 516.65
0 0 939 39939.5 87.1037 -795.734 516.426
0 0 940 39940.7 86.8714 -795.981 516.439
0 0 941 39941.8 87.2343 -796.319 516.213
0 0 942 39942.5 88.1179 -796.291 515.834
0 0 943 39943.8 87.9154 -796.589 515.609
0 0 944 39944.8 87.8102 -796.561 516.068
0 0 945 39946.1 88.2511 -796.812 515.7
0 0 946 39947.4 88.1573 -797.006 515.746
0 0 947 39948.4 88.5851 -797.181 515.37
0 0 948 39949.7 88.7586 -796.913 515.082
0 0 949 39951.3 88.919 -796.739 515.015
0 0 950 39953.2 88.9848 -796.877 514.641
0 0 951 39954.5 89.1802 -797.787 514.205
0 0 952 39956 89.4344 -797.492 513.814
0 0 953 39957.2 89.643 -796.713 513.429
0 0 954 39958.8 89.7622 -796.624 512.928
0 0 955 39960.5 90.2663 -796.497 512.298
0 0 956 39962.6 89.8438 -795.928 511.449
0 0 957 39963.5 90.2741 -795.362 511.043
0 0 958 39965.3 89.9954 -794.869 510.784
0 0 959 39966.2 89.6492 -794.021 509.961
0 0 960 39967.6 89.0338 -793.117 510.065
0 0 961 39967.6 88.6683 -792.704 510.181
0 0 962 39967.6 88.4141 -792.228 510.637
0 0 963 39967.2 87.6147 -792.331 510.909
0 0 964 39965.9 87.4596 -792.75 510.279
0 0 965 39964.8 87.6261 -792.194 509.256
0 0 966 39964.1 87.8786 -791.402 507.506
0 0 967 39964.4 88.3975 -790.101 504.409
0 0 968 39966.6 89.004 -788.133 501.218
0 0 969 39970 89.2933 -786.823 497.823
0 0 970 39974 89.416 -783.93 493.025
0 0 971 39980.5 88.8243 -780.669 487.764
0 0 972 39987.5 88.4562 -776.691 480.907
0 0 973 39993.7 87.1922 -773.388 475.71
0 0 974 39998.1 86.2543 -769.784 470.685
0 0 975 40000.1 84.6126 -767.428 467.08
0 0 976 40001.2 83.7474 -766.573 466.274
0 0 977 40000.5 82.522 -765.682 465.029
0 0 978 40000.1 81.3448 -765.189 465.089
0 0 979 39998.4 79.1587 -764.844 466.013
0 0 980 39995.7 77.9684 -765.254 467.812
0 0 981 39992.6 76.7579 -766.845 469.806
0 0 982 39989.1 76.0821 -768.693 471.798
0 0 983 39986.1 74.6858 -771.614 473.821
0 0 984 39983.8 74.2519 -773.433 475.828
0 0 985 39981.1 74.6472 -776.115 476.993
0 0 986 39978.7 74.8365 -779.036 477.804
0 0 987 39976.4 75.6386 -781.442 479.098
0 0 988 39974.4 77.0884 -783.645 480.061
0 0 989 39973.1 78.4312 -786.16 481.654
0 0 990 39971.5 79.782 -788 481.594
0 0 991 39970.2 81.6613 -789.285 482.218
0 0 992 39969.4 83.9376 -790.464 482.422
0 0 993 39968.6 86.001 -791.077 483.862
0 0 994 39967.8 88.5421 -791.829 485.004
0 0 995 39966.4 90.8711 -790.361 487.345
0 0 996 39964.4 92.9616 -789.024 489.637
0 0 997 39962.8 92.9686 -786.339 492.889
0 0 998 39961.1 92.5645 -783.076 498.73
0 0 999 39959.5 91.5951 -781.447 503.18
0 0 1000 39958.4 90.9438 -781.072 505.872
0 0 1001 39957.5 89.2679 -781.013 508.598
0 0 1002 39957.3 89.7324 -781.278 509.752
0 0 1003 39957.4 89.8069 -783.032 510.735
0 0 1004 39958.4 90.4582 -783.768 510.198
0 0 1005 39959.5 90.8605 -784.34 510.136
0 0 1006 39961.1 91.9825 -785.279 510.525
0 0 1007 39962.6 92.7004 -785.792 510.716
0 0 1008 39964.4 93.3797 -786.015 511.064
0 0 1009 39966.5 93.4271 -786.705 511.356
0 0 1010 39969.2 94.6779 -786.691 511.183
0 0 1011 39971.8 94.8181 -786.658 512.263
0 0 1012 39974.4 95.0592 -787.157 512.946
0 0 1013 39976.9 95.0644 -788.028 512.77
0 0 1014 39979.9 94.5052 -787.571 513.388
0 0 1015 39983.1 93.612 -787.571 513.402
0 0 1016 39985.8 92.8652 -788.528 514.058
0 0 1017 39989.1 91.7844 -788.33 514.144
0 0 1018 39992 89.5177 -788.546 514.077
0 0 1019 39995.1 87.7313 -788.634 514.389
0 0 1020 39997.1 85.4225 -789.491 514.251
0 0 1021 39999.8 83.1268 -789.383 513.979
0 0 1022 40001.5 81.7226 -789.235 513.809
0 0 1023 40003.7 80.3368 -789.387 513.531
