0 0 0 -5.58819 32.6065 -12.3868 20.8745
0 0 1 14.3125 45.1447 -8.97977 -5.91269
0 0 2 15.2899 19.0079 1.4797 -12.2879
0 0 3 -0.628083 -4.35739 7.12001 4.7597
0 0 4 3.895 -13.8147 12.1384 14.2735
0 0 5 -8.38902 -19.1851 0.194144 6.59752
0 0 6 -13.7732 -2.85913 -5.60232 0.194469
0 0 7 -9.1791 13.8485 -2.32313 -7.26919
0 0 8 -5.99938 10.6533 2.61046 -6.44972
0 0 9 -14.6494 -0.187956 14.7243 -12.1457
0 0 10 -11.6678 9.35372 14.1455 -9.54509
0 0 11 -1.57533 16.7887 22.3152 -3.52343
0 0 12 0.347147 14.8667 25.1421 -5.58701
0 0 13 -3.97788 23.2477 15.1066 -11.3829
0 0 14 7.23188 31.3615 -7.19883 -7.05688
0 0 15 3.79597 17.9898 5.06985 -1.60108
0 0 16 -5.90035 6.46977 31.7718 -0.851731
0 0 17 -11.6958 2.83668 34.6983 1.67875
0 0 18 -17.4481 -8.14522 11.8557 4.1804
0 0 19 -12.417 -6.90195 -7.73594 17.439
0 0 20 -8.17589 2.63973 -10.9451 7.75708
0 0 21 0.00915343 -5.74309 -36.1623 11.6152
0 0 22 0.446177 -9.46058 1.96027 0.27901
0 0 23 -7.46976 -5.41777 10.7815 -12.6549
0 0 24 -14.4664 -23.1858 2.94968 -20.7833
0 0 25 -7.5408 -18.5345 -20.43 -1.38876
0 0 26 -5.34923 -0.66803 -31.4131 -3.26885
0 0 27 4.48918 18.5701 -13.9134 1.39534
0 0 28 8.87233 8.33555 7.37443 10.2443
0 0 29 -12.7549 1.16961 10.5688 7.43141
0 0 30 -10.2125 -11.001 11.643 -5.68596
0 0 31 -2.08339 -21.7438 1.79066 -2.7885
0 0 32 -8.417 -17.46 -5.16348 -3.35339
0 0 33 -12.925 -3.15632 -10.7755 -6.11059
0 0 34 -15.8938 19.2629 -1.48853 -13.8567
0 0 35 -8.16082 12.9305 20.125 -7.62273
0 0 36 -4.30295 -11.5954 10.8946 -1.3609
0 0 37 -12.5009 -18.5064 -30.1128 -3.79243
0 0 38 -5.65923 -28.2169 -24.4873 -6.47758
0 0 39 -4.02093 -28.3312 4.64582 -7.80622
0 0 40 -5.34923 -24.4994 6.27195 -4.27278
0 0 41 4.92836 -4.20264 9.1971 -16.5553
0 0 42 -3.69586 1.14148 -9.07939 -16.146
0 0 43 -7.4267 -17.5181 -29.6322 -9.27705
0 0 44 -1.94131 -11.8064 -23.37 6.69647
0 0 45 3.34388 -1.04963 -1.22064 12.5481
0 0 46 -1.73033 2.21593 2.83661 8.44878
0 0 47 5.22545 2.45509 16.1943 5.50905
0 0 48 16.7581 -18.6769 13.2409 -5.0788
0 0 49 14.1446 -3.22666 15.6572 -5.50247
0 0 50 12.0241 26.0332 18.7668 4.12372
0 0 51 6.46763 17.9757 12.5476 10.8947
0 0 52 2.32775 7.4176 -0.173351 1.93237
0 0 53 -8.11991 -5.4459 4.27832 -9.30491
0 0 54 -11.1296 -19.4261 -7.41152 -8.45662
0 0 55 7.25987 -14.4495 -11.1861 1.60766
0 0 56 12.5752 -3.38141 13.0282 2.69613
0 0 57 14.7668 -10.8322 25.3117 -1.65776
0 0 58 18.9928 12.1374 9.96171 12.9583
0 0 59 17.6343 2.92285 -6.43558 19.6025
0 0 60 -4.73998 2.42695 0.165875 25.1572
0 0 61 -2.12645 11.0929 16.0812 16.4927
0 0 62 5.83254 13.9751 7.57232 21.7227
0 0 63 8.10808 20.8737 15.2897 6.82328
0 0 64 10.5257 24.8743 8.99922 -4.32946
0 0 65 7.10486 31.1927 -1.09276 -0.894002
0 0 66 10.1576 26.457 15.1201 -4.62631
0 0 67 8.97136 13.8063 25.8488 -13.8846
0 0 68 -1.85735 25.7219 12.3363 -8.79574
0 0 69 -9.99933 14.4569 6.34195 -6.2374
0 0 70 -13.8292 20.719 10.9363 -9.54509
0 0 71 -9.43314 19.474 13.1561 8.53429
0 0 72 -3.00265 13.8766 5.05639 14.1035
0 0 73 0.73035 19.0502 -2.43621 11.7853
0 0 74 -8.69902 19.3192 6.17233 6.0749
0 0 75 -16.5999 15.5032 22.5131 3.65778
0 0 76 -3.79489 30.9236 29.3272 -4.66858
0 0 77 -8.06179 49.6394 31.0233 3.07752
0 0 78 -1.75832 39.1077 26.7534 -8.10308
0 0 79 -4.374 29.3691 17.8339 -10.7046
0 0 80 4.99725 20.5906 5.55042 17.2132
0 0 81 2.62268 15.6017 18.7951 11.1916
0 0 82 -8.92507 19.4317 14.3151 -2.5195
0 0 83 -9.7453 0.659646 2.72353 -0.569286
0 0 84 6.66569 -15.1283 39.605 -3.21217
0 0 85 4.81426 0.193641 43.4778 -0.470334
0 0 86 -5.42027 3.99554 -1.68641 1.14076
0 0 87 -11.5537 -11.7502 -7.80729 -3.79243
0 0 88 -13.1231 -13.9694 -7.67941 -5.14893
0 0 89 -16.4729 8.56239 8.63172 7.82721
0 0 90 -8.94014 10.9223 20.3795 11.0504
0 0 91 -9.60321 24.4224 12.1101 11.0215
0 0 92 -0.34391 12.1234 -2.15352 4.57621
0 0 93 2.1426 -2.43533 -19.3841 -4.78195
0 0 94 -6.98753 15.0777 -22.8046 -4.51295
0 0 95 -26.6514 54.8974 -20.9537 -8.06081
0 0 96 -39.1292 62.8125 -9.98399 -4.7954
0 0 97 -17.6053 28.7325 6.38502 6.30066
0 0 98 0.0801966 9.70718 16.2226 13.2552
0 0 99 1.32238 -5.12058 2.58219 9.80625
0 0 100 6.32769 -7.33982 0.222413 -10.4779
0 0 101 3.35895 4.7306 13.2409 -28.7821
0 0 102 -15.9497 -7.83396 24.0544 -26.4639
0 0 103 -6.74856 -6.06842 7.16174 -4.66858
0 0 104 3.31589 -17.249 13.1278 -7.04343
0 0 105 3.04679 -19.0163 -2.56274 -3.43889
0 0 106 -10.4794 -1.07776 -24.529 4.50512
0 0 107 -2.47951 -0.356773 -14.3939 3.48774
0 0 108 -2.86056 -7.69328 -3.08639 3.74233
0 0 109 -11.1296 -5.95411 10.8098 3.86914
0 0 110 -14.9336 3.13387 17.3251 16.436
0 0 111 4.56023 -15.4958 8.65999 18.4007
0 0 112 22.0885 -25.0656 3.65641 1.42416
0 0 113 30.8527 -28.5563 15.4028 -8.59784
0 0 114 42.5425 -24.3868 16.901 -12.2312
0 0 115 47.7157 7.92581 20.8735 -15.7502
0 0 116 40.7471 24.0689 29.3689 -12.3013
0 0 117 35.0916 12.6615 25.5378 -5.70037
0 0 118 48.9601 7.95395 24.1675 -5.43138
0 0 119 62.5293 -12.1036 9.82036 -5.06439
0 0 120 71.0115 -27.0158 -5.68712 -5.98282
0 0 121 66.1482 -7.25541 -16.8964 -2.4071
0 0 122 48.2389 0.378284 -32.0068 -1.17741
0 0 123 49.6813 12.7178 -24.105 -3.46675
0 0 124 73.625 31.9981 3.27545 -11.0015
0 0 125 101.954 3.29038 17.636 -23.3839
0 0 126 89.3298 -3.45351 21.906 -12.8672
0 0 127 69.0309 11.2898 16.2939 -4.00378
0 0 128 60.3378 26.3585 11.4034 -15.6225
0 0 129 47.8277 23.9265 6.07407 -19.5527
0 0 130 34.3424 16.2946 -2.84543 -16.0759
0 0 131 25.5373 19.1346 -10.2949 -16.5284
0 0 132 37.4252 26.9511 -7.04403 0.27901
0 0 133 38.5985 12.9868 -7.82075 7.02119
0 0 134 40.521 -5.74309 -29.476 14.6405
0 0 135 43.2637 -12.174 -29.7453 15.4744
0 0 136 34.9796 6.59638 -9.00804 8.51988
0 0 137 28.364 14.0894 -4.33022 2.68172
0 0 138 32.519 -7.9764 7.14828 6.41403
0 0 139 51.9568 29.4254 -1.22064 10.3433
0 0 140 48.1829 78.8571 -0.414309 4.40617
0 0 141 50.5704 56.1547 -2.61928 14.1457
0 0 142 48.1528 22.5707 9.63594 17.1143
0 0 143 30.8247 26.9652 2.31431 5.50905
0 0 144 40.422 31.5743 6.75252 5.25446
0 0 145 36.534 21.3538 26.499 2.48381
0 0 146 39.1346 9.09874 15.1914 -1.44544
0 0 147 58.5014 -8.37207 -3.09985 -8.7112
0 0 148 57.4271 -33.83 8.51865 -8.11749
0 0 149 54.9385 -10.6054 7.03521 -5.87042
0 0 150 42.3574 28.2665 -5.3479 -6.44972
0 0 151 44.338 10.597 -1.43199 4.46285
0 0 152 57.5111 -18.7191 0.646446 3.07752
0 0 153 54.9665 -10.4348 5.14119 2.357
0 0 154 55.6877 3.99554 21.5667 -4.17382
0 0 155 58.3033 -13.2343 -2.12525 4.7597
0 0 156 39.8127 -12.6118 -15.9487 19.4891
0 0 157 30.9646 4.18018 -22.8477 8.43534
0 0 158 24.8441 -11.1136 -11.3692 -8.01854
0 0 159 33.3973 -10.28 -8.52747 -2.76064
0 0 160 42.0603 4.71653 19.6862 1.8901
0 0 161 41.3972 7.23296 5.38081 -1.95461
0 0 162 43.1776 8.37775 -20.0908 4.67516
0 0 163 44.2669 8.12452 -9.51688 1.12731
0 0 164 40.8741 4.3068 -12.189 -8.17417
0 0 165 36.887 15.1498 -12.9805 -10.1244
0 0 166 37.9613 14.3708 -1.24891 0.929402
0 0 167 32.0109 -2.67625 -10.3098 6.2728
0 0 168 28.2521 -23.6377 -14.1543 -10.1811
0 0 169 30.4415 -31.7937 -22.3523 -7.665
0 0 170 42.4844 -12.1599 -12.8957 -1.84125
0 0 171 54.1333 -0.838605 -13.3345 -7.32587
0 0 172 43.1345 16.5337 -10.0405 3.68564
0 0 173 35.7008 35.8281 -21.2081 8.859
0 0 174 40.1249 27.899 -32.0633 0.392372
0 0 175 43.6878 11.2054 -29.647 3.91141
0 0 176 40.422 14.6117 -11.9345 10.7112
0 0 177 40.5059 26.26 25.4396 2.54049
0 0 178 27.983 1.05707 34.557 -6.87339
0 0 179 22.1596 -9.99693 18.9512 -2.76064
0 0 180 28.8441 -5.3615 -14.8893 -7.87731
0 0 181 17.7764 -2.831 -9.57342 -4.65417
0 0 182 4.1641 28.2946 -16.9664 1.49429
0 0 183 17.8044 22.0044 -25.9572 8.02512
0 0 184 25.1262 20.1809 -20.8258 14.0468
0 0 185 21.4233 26.0895 -28.8124 -7.8629
0 0 186 12.3341 15.1498 -24.035 -16.7964
0 0 187 22.1014 9.39593 -2.81716 -5.12107
0 0 188 36.8031 -3.77708 15.1632 -0.625967
0 0 189 39.1927 -15.4255 1.72066 0.335691
0 0 190 24.265 -18.7051 -3.18466 -11.1706
0 0 191 23.3888 -19.6793 10.9646 -4.27278
0 0 192 17.6925 4.09578 15.9547 1.5087
0 0 193 23.4728 26.6979 4.10871 9.29708
0 0 194 28.7881 24.2096 -2.13871 20.2241
0 0 195 30.2154 25.5531 -12.3303 18.5707
0 0 196 23.2618 3.99554 -11.7232 7.34686
0 0 197 16.2221 -9.23374 -19.1148 3.65778
0 0 198 14.0865 -16.259 0.618177 -0.102387
0 0 199 15.8819 -9.40431 -2.91678 -5.92614
0 0 200 24.9991 9.36779 -3.00158 2.75281
0 0 201 22.0735 25.9347 3.23237 1.59324
0 0 202 16.8722 26.0051 -7.18537 -0.131208
0 0 203 15.0617 14.4006 -11.2561 -4.83767
0 0 204 7.52897 17.8913 -4.37195 -2.50605
0 0 205 4.54516 16.3368 -0.316041 -2.90186
0 0 206 10.5967 20.0824 11.1907 -18.2942
0 0 207 16.2931 19.1486 13.0565 -14.5916
0 0 208 17.0983 -3.12819 -2.90197 8.84459
0 0 209 27.1197 -4.01799 -2.5062 12.478
0 0 210 35.0916 5.6081 -7.89209 3.72792
0 0 211 26.7817 9.35372 -23.6809 -13.0084
0 0 212 20.6311 2.78041 -11.0865 -2.53391
0 0 213 19.1908 10.866 -1.88429 4.8308
0 0 214 21.9464 21.0425 7.855 5.877
0 0 215 17.8905 24.4646 18.9647 -14.0123
0 0 216 14.2006 25.8626 17.3399 -23.5242
0 0 217 19.2188 -5.21906 -11.878 -16.3439
0 0 218 11.5138 -13.164 -28.9955 -4.42841
0 0 219 19.2317 -0.766506 -17.5749 8.40651
0 0 220 32.7041 21.0285 -10.6624 1.29639
0 0 221 29.4533 24.4224 1.67759 -9.89862
0 0 222 16.2221 27.5455 -0.34431 -6.26622
0 0 223 7.65599 18.7811 8.2925 -17.4891
0 0 224 5.55052 13.4106 14.3151 -15.708
0 0 225 -0.473079 -8.88027 13.4105 3.79901
0 0 226 1.69051 -9.23374 8.60346 2.41368
0 0 227 -1.41817 -17.6728 1.69239 -15.1008
0 0 228 -7.94984 -10.1675 -18.9035 -14.6195
0 0 229 -8.28999 6.86543 -37.2796 -4.145
0 0 230 -1.13615 19.3333 -18.7756 -4.28719
0 0 231 -7.37073 17.7787 11.8409 8.44878
0 0 232 -8.69902 17.566 39.605 8.16634
0 0 233 4.8853 26.4992 13.7215 12.3934
0 0 234 22.1876 26.6838 -4.83906 -1.33208
0 0 235 27.1907 30.0197 0.844328 -4.65417
0 0 236 26.8377 25.9066 1.4097 5.877
0 0 237 20.4352 13.8203 14.3151 6.86652
0 0 238 2.15767 34.5004 -0.287773 0.78818
0 0 239 -23.2435 35.7296 -14.9593 18.514
0 0 240 -22.9055 14.5695 -17.6031 1.16958
0 0 241 1.74648 -9.65754 -14.2809 -9.82753
0 0 242 29.8473 -16.1464 22.3717 3.30425
0 0 243 34.1594 10.2013 27.3619 11.8698
0 0 244 36.394 19.8415 7.38789 13.5808
0 0 245 21.5094 19.1064 13.3957 6.59752
0 0 246 11.9681 -2.84507 32.3654 13.9766
0 0 247 13.4234 -16.783 35.6177 7.30459
0 0 248 9.5354 0.886494 23.3329 -4.01819
0 0 249 -0.83906 12.1673 5.08466 2.37141
0 0 250 -8.84111 23.7436 -1.06449 3.5156
0 0 251 -8.25985 45.9079 -11.1147 -9.16369
0 0 252 13.8755 42.1324 -10.6624 -25.8702
0 0 253 23.6859 19.5584 0.335488 -23.6087
0 0 254 5.90359 2.17372 15.983 -7.665
0 0 255 8.85726 5.70657 29.3407 5.35342
0 0 256 16.3642 30.7689 22.6692 7.33245
0 0 257 15.4018 4.7306 20.2098 2.58276
0 0 258 5.71844 -3.46758 20.7887 0.420233
0 0 259 6.42672 7.13448 15.7851 -2.97199
0 0 260 4.90037 -2.01153 2.54046 -5.95496
0 0 261 -8.8691 -9.54499 -2.90197 12.1811
0 0 262 8.30614 9.11281 -18.1254 11.7853
0 0 263 16.334 12.5489 -26.042 9.2404
0 0 264 14.3427 18.8813 -5.30482 4.47726
0 0 265 -9.91537 15.3045 12.8734 4.7597
0 0 266 -9.03917 6.85136 6.66771 4.42058
0 0 267 4.7712 -6.52035 14.2586 14.6126
0 0 268 11.4579 -5.38963 10.8098 15.6867
0 0 269 13.4234 9.01433 -8.88151 7.64372
0 0 270 22.7107 6.90763 -6.85961 8.67551
0 0 271 28.7321 -0.597689 21.8064 14.9373
0 0 272 16.8572 -11.4248 19.2339 18.5275
0 0 273 -1.33421 8.16673 4.12352 14.4147
0 0 274 4.37723 19.9839 -1.05103 6.69647
0 0 275 0.207213 19.6305 -1.67295 1.43761
0 0 276 -2.43646 19.0079 -7.04403 1.22626
0 0 277 3.93806 28.4213 0.914327 13.0573
0 0 278 -9.49126 31.6446 2.82315 9.7073
0 0 279 -4.67109 18.301 25.453 0.986084
0 0 280 12.5601 -1.17624 27.4884 1.09849
0 0 281 14.1446 14.4147 6.66771 2.59717
0 0 282 -12.544 21.0584 21.8346 13.0294
0 0 283 -21.9863 10.7394 39.1231 20.5776
0 0 284 -7.59678 -2.50567 48.8341 5.79149
0 0 285 1.30946 11.842 37.2277 10.6824
0 0 286 5.18239 12.3784 19.5879 19.4603
0 0 287 11.882 -5.43184 18.3858 17.8069
0 0 288 18.9217 -9.55906 12.3363 0.108966
0 0 289 9.09838 -3.89138 17.877 1.53656
0 0 290 2.68081 -1.34681 22.2169 6.79542
0 0 291 -3.00265 -0.794642 4.49101 15.093
0 0 292 -6.14147 1.07114 -9.78611 29.8791
0 0 293 -1.43324 -3.91952 -19.8081 34.1763
0 0 294 -4.38691 -23.5252 -29.5891 10.2866
0 0 295 -12.0639 -21.6734 -17.7162 -7.665
0 0 296 -2.01235 -0.103548 6.38502 -6.64762
0 0 297 -2.36541 -6.33571 -6.35077 -9.82753
0 0 298 8.26308 -2.81693 -22.2392 -1.52998
0 0 299 4.06508 -14.6341 -36.9686 -11.7364
0 0 300 9.88847 -35.3001 -39.3836 -21.2771
0 0 301 19.841 -36.3869 -32.3043 -25.3332
0 0 302 22.2586 -13.1921 -4.34368 -15.7502
0 0 303 22.2285 -0.880809 11.1342 -4.66858
0 0 304 21.5223 12.039 6.38502 -0.470334
0 0 305 12.6182 21.906 12.689 -4.6119
0 0 306 8.06502 4.70246 17.212 -8.01854
0 0 307 15.0488 -0.541417 15.2897 0.773769
0 0 308 7.69904 9.43813 12.1236 5.89045
0 0 309 -8.11991 1.98908 -1.57333 3.11979
0 0 310 -22.3264 -9.54499 -20.5996 1.93237
0 0 311 -7.12961 2.10162 -11.1296 -0.286841
0 0 312 16.6182 19.8133 -6.74653 -2.66169
0 0 313 22.4265 13.961 -27.1297 4.85866
0 0 314 8.33413 0.322012 -33.6464 22.0619
0 0 315 1.67544 -3.28294 -14.3374 20.4642
0 0 316 -9.06716 -7.5948 3.44506 5.62241
0 0 317 -7.22864 -13.1077 11.9405 5.76363
0 0 318 3.03387 -15.7226 13.4522 2.63944
