0 0 0 -0.0140854
0 0 1 -0.000663404
0 0 2 0.335542
0 0 3 0.999983
0 0 4 0.754294
0 0 5 0.379073
0 0 6 0.0148992
0 0 7 -0.0118353
0 0 8 -0.00138216
0 0 9 0.0125398
0 0 10 0.0323056
0 0 11 0.026368
0 0 12 0.0144929
0 0 13 0.0185867
0 0 14 0.0136648
0 0 15 0.00383662
0 0 16 0.00138348
0 0 17 5.53504e-05
0 0 18 -0.000350902
0 0 19 -0.016351
0 0 20 -0.0201323
0 0 21 -0.0143822
0 0 22 -0.015101
0 0 23 -0.000147776
0 0 24 0.0237117
0 0 25 0.0222742
0 0 26 0.0142898
0 0 27 0.0139773
0 0 28 0.00691477
0 0 29 0.00189911
0 0 30 0.00619601
0 0 31 0.0126492
0 0 32 0.00936791
0 0 33 0.0198211
0 0 34 0.0273993
0 0 35 0.0299618
0 0 36 0.0344618
0 0 37 0.0326181
0 0 38 0.0340556
0 0 39 0.0145867
0 0 40 0.0155086
0 0 41 0.00752415
0 0 42 0.00885228
0 0 43 -0.00567906
0 0 44 -0.0161323
0 0 45 -0.0214604
0 0 46 -0.0240073
0 0 47 -0.014601
0 0 48 -0.00271029
0 0 49 -0.00117903
0 0 50 -0.00311654
0 0 51 -0.00702282
0 0 52 0.0036335
0 0 53 -0.015726
0 0 54 0.00107098
0 0 55 -0.00547593
0 0 56 -0.00680407
0 0 57 -0.0132572
0 0 58 -0.0158197
0 0 59 -0.0159447
0 0 60 -0.0175854
0 0 61 -0.0176791
0 0 62 -0.00958533
0 0 63 -0.0102885
0 0 64 -0.0146947
0 0 65 -0.0167573
0 0 66 -0.000569654
0 0 67 -0.00885096
0 0 68 -0.0120385
0 0 69 0.00302412
0 0 70 0.0163367
0 0 71 0.0215555
0 0 72 0.00230536
0 0 73 -0.00403843
0 0 74 0.00158661
0 0 75 0.0100867
0 0 76 0.0198211
0 0 77 0.0288212
0 0 78 0.0336337
0 0 79 0.0256493
0 0 80 0.0138836
0 0 81 0.0195086
0 0 82 0.0272899
0 0 83 0.0253524
0 0 84 0.0251336
0 0 85 0.0176648
0 0 86 0.0348681
0 0 87 0.0376337
0 0 88 0.0347743
0 0 89 0.0260555
0 0 90 0.0128523
0 0 91 0.0239149
0 0 92 0.0417275
0 0 93 0.0416337
0 0 94 0.0600557
0 0 95 0.0531963
0 0 96 0.0585245
0 0 97 0.0332274
0 0 98 0.0282118
0 0 99 0.0162273
0 0 100 0.0389618
0 0 101 0.0378212
0 0 102 0.0509463
0 0 103 0.0307743
0 0 104 0.0256493
0 0 105 0.0187898
0 0 106 0.0288212
0 0 107 0.019618
0 0 108 0.0300555
0 0 109 0.0085554
0 0 110 0.00977416
0 0 111 0.00835228
0 0 112 0.0173523
0 0 113 0.0165398
0 0 114 0.0119304
0 0 115 0.00311787
0 0 116 0.0148054
0 0 117 0.0214617
0 0 118 0.0333212
0 0 119 0.0378212
0 0 120 0.0374306
0 0 121 0.0315712
0 0 122 0.0280087
0 0 123 0.0298524
0 0 124 0.0333212
0 0 125 0.0200242
0 0 126 0.0148054
0 0 127 -0.00610094
