0 0 0 0
0 0 1 0.252705
0 0 2 0.25922
0 0 3 0.176516
0 0 4 0.197009
0 0 5 0.240497
0 0 6 0.147005
0 0 7 0.107805
0 0 8 0.175509
0 0 9 0.236912
0 0 10 0.127504
0 0 11 0.203296
0 0 12 0.261906
0 0 13 0.159014
0 0 14 0.271214
0 0 15 0.257908
0 0 16 0.285603
0 0 17 0.157214
0 0 18 0.380636
0 0 19 0.299825
0 0 20 0.259312
0 0 21 0.177096
0 0 22 0.171603
0 0 23 0.186114
0 0 24 0.259022
0 0 25 0.144106
0 0 26 0.215991
0 0 27 0.324025
0 0 28 0.226703
0 0 29 0.271412
0 0 30 0.223697
0 0 31 0.196597
0 0 32 0.0929885
0 0 33 0.146105
0 0 34 0.243122
0 0 35 0.163912
0 0 36 0.148592
0 0 37 0.238697
0 0 38 0.380728
0 0 39 0.148592
0 0 40 0.180896
0 0 41 0.244205
0 0 42 0.241917
0 0 43 0.171191
0 0 44 0.178408
0 0 45 0.250004
0 0 46 0.249821
0 0 47 1
0 0 48 0.901076
0 0 49 0.490929
0 0 50 0.548333
0 0 51 0.907271
0 0 52 0.77496
0 0 53 0.216419
0 0 54 0.208194
0 0 55 0.403021
0 0 56 0.1897
0 0 57 0.151308
0 0 58 0.0792859
0 0 59 0.138994
0 0 60 0.326024
0 0 61 0.201007
0 0 62 0.311101
0 0 63 0.15169
0 0 64 0.211093
0 0 65 0.2374
0 0 66 0.250004
0 0 67 0.198596
0 0 68 0.207919
0 0 69 0.2374
0 0 70 0.296818
0 0 71 0.144106
0 0 72 0.312016
0 0 73 0.215808
0 0 74 0.222507
0 0 75 0.257801
0 0 76 0.221103
0 0 77 0.321004
0 0 78 0.312505
0 0 79 0.328115
0 0 80 0.176196
0 0 81 0.110201
0 0 82 0.292226
0 0 83 0.277607
0 0 84 0.32343
0 0 85 0.374334
0 0 86 0.198215
0 0 87 0.258305
0 0 88 0.370336
0 0 89 0.338704
0 0 90 0.308812
0 0 91 0.244404
0 0 92 0.2168
0 0 93 0.1028
0 0 94 0.201007
0 0 95 0.242115
0 0 96 0.185595
0 0 97 0.19411
0 0 98 0.137499
0 0 99 0.131807
0 0 100 0.179995
0 0 101 0.275807
0 0 102 0.241306
0 0 103 0.162905
0 0 104 0.0935073
0 0 105 0.254398
0 0 106 0.058381
0 0 107 0.189792
0 0 108 0.144884
0 0 109 0.168292
0 0 110 0.275807
0 0 111 0.151492
0 0 112 0
0 0 113 0.217609
0 0 114 0.0289921
0 0 115 0.231022
0 0 116 0.19939
0 0 117 0.345815
0 0 118 0.263325
0 0 119 0.26482
0 0 120 0.271214
0 0 121 0.156298
0 0 122 0.213199
0 0 123 0.266926
0 0 124 0.207706
0 0 125 0.327932
0 0 126 0.318502
0 0 127 0.153689
0 0 128 0.185306
