0 0 0 0.00813708
0 0 1 0.00783272
0 0 2 0.0275679
0 0 3 0.00624686
0 0 4 -0.0167401
0 0 5 -0.0256626
0 0 6 0.0314444
0 0 7 -0.0236763
0 0 8 0.026831
0 0 9 -0.0272485
0 0 10 0.0120296
0 0 11 0.0364904
0 0 12 0.0105559
0 0 13 -0.00792979
0 0 14 0.00550999
0 0 15 -0.00120189
0 0 16 -0.0124311
0 0 17 -0.0274567
0 0 18 0.000576197
0 0 19 -0.00740117
0 0 20 -0.0195755
0 0 21 -0.0186304
0 0 22 -0.00466195
0 0 23 0.0128626
0 0 24 0.0195905
0 0 25 0.0149611
0 0 26 -0.0269281
0 0 27 0.0174921
0 0 28 0.0105559
0 0 29 -0.00067327
0 0 30 0.0150732
0 0 31 -0.0165319
0 0 32 -0.0170605
0 0 33 -0.0218822
0 0 34 -0.0188386
0 0 35 -0.00246738
0 0 36 -0.00770553
0 0 37 -0.00908315
0 0 38 -0.00908315
0 0 39 -0.000993647
0 0 40 -0.0142252
0 0 41 -0.0146417
0 0 42 -0.0273446
0 0 43 -0.0332235
0 0 44 0.0151693
0 0 45 0.0156018
0 0 46 -0.0188386
0 0 47 -0.0428828
0 0 48 -0.000368913
0 0 49 -0.0193672
0 0 50 -0.0215778
0 0 51 0.00478914
0 0 52 0.00361977
0 0 53 0.0182289
0 0 54 0.0338633
0 0 55 0.0023703
0 0 56 0.00856958
0 0 57 0.014865
0 0 58 0.000159708
0 0 59 -0.00509446
0 0 60 0.270221
0 0 61 0.759948
0 0 62 0.53168
0 0 63 0.397058
0 0 64 0.604854
0 0 65 0.999862
0 0 66 0.521908
0 0 67 0.00361977
0 0 68 -0.00288387
0 0 69 -0.0272485
0 0 70 0.0223137
0 0 71 0.00289892
0 0 72 -0.00256349
0 0 73 0.0186454
0 0 74 0.0133912
0 0 75 -0.0188386
0 0 76 0.0162266
0 0 77 0.011501
0 0 78 -0.0161154
0 0 79 0.000784442
0 0 80 0.0146567
0 0 81 0.0397422
0 0 82 0.00603861
0 0 83 -0.0227312
0 0 84 0.00331541
0 0 85 0.000576197
0 0 86 0.0184372
0 0 87 -0.00256349
0 0 88 -0.0206327
0 0 89 -0.0214657
0 0 90 -0.019159
0 0 91 -0.00382898
0 0 92 -0.0263034
0 0 93 -0.0300838
0 0 94 -0.0338642
0 0 95 -0.0303882
0 0 96 -0.000881515
0 0 97 -0.0160033
0 0 98 -0.000993647
0 0 99 -0.0253583
0 0 100 -0.0327109
0 0 101 0.00635899
0 0 102 0.0215769
0 0 103 -0.0149621
0 0 104 -0.0196876
0 0 105 -0.0499151
0 0 106 -0.0359627
0 0 107 -0.0141131
0 0 108 0.0105559
0 0 109 -0.016644
0 0 110 0.0229545
0 0 111 0.00289892
0 0 112 -0.0153785
0 0 113 0.00541388
0 0 114 -0.0124311
0 0 115 0.0315566
0 0 116 0.0290416
0 0 117 -0.0255665
0 0 118 0.00751234
0 0 119 0.0381723
0 0 120 0.0218972
0 0 121 -0.0127515
0 0 122 0.00195381
0 0 123 0.0145446
0 0 124 0.0180047
0 0 125 0.0187415
0 0 126 0.0231627
0 0 127 0.00919432
