0 0 0 -15.2069 5.43234 -0.572321 -6.88416
0 0 1 13.739 11.4525 -23.5047 -8.89271
0 0 2 7.9862 43.2694 -21.2115 -21.7908
0 0 3 3.43497 26.365 -27.8046 -12.6229
0 0 4 17.744 6.87291 -16.3384 -12.049
0 0 5 38.6433 -4.8828 -10.8919 -12.3359
0 0 6 30.9244 -4.02024 -5.73211 -4.30873
0 0 7 21.4578 -0.587788 -10.3186 -0.578565
0 0 8 6.27494 6.87291 -3.15222 -15.1983
0 0 9 -12.0392 8.87369 16.0537 -5.45648
0 0 10 8.56876 -1.72601 4.58747 0.282243
0 0 11 7.44005 3.43156 -2.86556 -4.59567
0 0 12 1.6873 12.0305 -1.43229 -7.17109
0 0 13 10.6077 -1.1569 7.74068 -9.75352
0 0 14 11.7 -0.587788 -9.74529 -16.346
0 0 15 -1.15267 6.57946 -0.858976 -7.17109
0 0 16 18.9092 12.893 -7.7387 -6.31029
0 0 17 12.0277 7.15746 13.7604 -4.0218
0 0 18 -0.606522 -6.89248 -4.58549 0.569179
0 0 19 4.2724 4.57868 4.01416 -12.049
0 0 20 -15.7894 -8.03959 -24.938 5.44009
0 0 21 -3.44649 5.14779 -11.1786 -15.4852
0 0 22 15.1225 -16.0605 -8.31201 2.85767
0 0 23 5.14623 -8.6087 8.31399 -1.72631
0 0 24 -5.44903 4.00067 -14.0451 3.43154
0 0 25 -8.03413 -13.1972 -2.0056 -25.521
0 0 26 -22.3796 8.30458 0.287645 -12.3359
0 0 27 -18.3745 -20.0799 -3.43887 -0.578565
0 0 28 -23.7996 -5.16736 5.16078 -5.45648
0 0 29 -34.14 -4.31369 8.8873 14.902
0 0 30 -16.0807 1.99989 6.02075 17.7643
0 0 31 -17.792 -1.1569 -12.6118 -6.31029
0 0 32 -25.256 -8.89326 1.14761 5.15316
0 0 33 -15.7894 -5.74536 -4.58549 2.2838
0 0 34 7.44005 -6.59903 2.00758 12.8934
0 0 35 0.849872 7.72658 1.14761 27.2262
0 0 36 -36.1425 -9.47126 3.72751 18.6252
0 0 37 -39.0189 -3.73569 3.44085 15.7558
0 0 38 -29.2611 -15.2068 -6.30542 10.311
0 0 39 -59.3356 -4.02024 6.02075 16.6166
0 0 40 -54.4931 3.43156 5.16078 8.02252
0 0 41 -44.444 -10.6184 8.31399 -9.17965
0 0 42 -41.0579 -6.31447 2.86754 7.44865
0 0 43 -47.3204 -21.7961 9.74727 1.42299
0 0 44 -18.0832 -21.227 15.767 -2.87405
0 0 45 -27.8047 -32.4047 8.60065 14.3281
0 0 46 -3.73777 -17.7856 -16.3384 4.57928
0 0 47 4.2724 -23.2278 5.44744 -1.72631
0 0 48 28.048 -14.6288 0.287645 -7.17109
0 0 49 46.1437 -22.6586 -1.43229 -16.9199
0 0 50 78.7669 -25.2374 1.72092 -24.0863
0 0 51 109.752 -20.9335 36.9784 -43.0031
0 0 52 259.651 -49.318 21.5001 -50.4564
0 0 53 1161.81 -255.985 -3.15222 -293.54
0 0 54 2326.75 -539.483 14.6204 -429.121
0 0 55 1250.62 -279.497 -36.4031 -81.4175
0 0 56 265.695 1.99989 -26.0846 -28.6703
0 0 57 47.8186 12.5996 -1.14563 -0.291629
0 0 58 16.8702 6.2949 12.9005 1.99686
0 0 59 38.6433 -4.31369 9.74727 12.6065
0 0 60 15.1225 8.87369 -2.29225 -0.865501
0 0 61 -0.606522 2.569 19.2069 -2.01325
0 0 62 -4.02905 -14.6288 4.30082 17.4774
0 0 63 -4.02905 -11.1875 1.14761 3.71848
0 0 64 -4.02905 -0.872343 -4.58549 8.02252
0 0 65 -12.6218 -7.74614 -7.7387 6.01397
0 0 66 -7.1967 -6.89248 -9.45863 29.5147
0 0 67 2.85241 34.6704 6.88071 4.86622
0 0 68 6.27494 -0.00978381 4.58747 1.99686
0 0 69 5.43751 -0.00978381 3.1542 -4.30873
0 0 70 11.1174 0.852776 -1.43229 15.1889
0 0 71 4.85495 6.57946 -2.57891 16.3297
0 0 72 6.27494 -12.3346 10.8939 20.6337
0 0 73 22.623 -22.3652 10.0339 8.87633
0 0 74 19.2004 -12.05 0.000989763 8.58939
0 0 75 16.2876 4.57868 2.29423 -4.30873
0 0 76 14.0302 -13.1972 -2.57891 -8.31884
0 0 77 29.2131 10.8834 26.0866 -8.89271
0 0 78 34.3833 -26.1 34.6863 -8.0319
0 0 79 -0.861391 6.01035 -6.59208 -2.30018
0 0 80 3.43497 -7.74614 1.43427 -4.59567
0 0 81 12.0277 -17.7856 8.31399 0.569179
0 0 82 19.4917 -11.1875 14.9071 5.44009
0 0 83 17.744 0.559328 16.3403 7.44865
0 0 84 3.43497 -7.17703 13.7604 6.87477
0 0 85 -14.6243 -23.8058 5.16078 -10.3274
0 0 86 -14.9156 -24.0903 0.5743 -14.6244
0 0 87 -8.90797 -18.9327 1.43427 -4.88261
0 0 88 -14.6243 -10.3338 -18.3449 2.57073
0 0 89 -15.7894 12.315 -23.2181 -0.865501
0 0 90 -12.3305 9.45169 -5.73211 -9.46658
0 0 91 -7.1967 -9.18671 2.86754 -9.17965
0 0 92 1.43243 -5.4608 8.60065 -9.46658
0 0 93 -3.44649 8.02002 12.3272 -6.59722
0 0 94 -6.03159 3.14701 8.02734 -5.74341
0 0 95 -12.6218 2.28445 4.87413 -2.30018
0 0 96 -13.2043 6.01035 3.1542 13.4673
0 0 97 -10.328 12.5996 -2.0056 18.9121
0 0 98 -5.19416 19.7668 3.44085 8.30945
0 0 99 10.8262 14.0313 8.8873 1.70992
0 0 100 18.6179 10.3054 5.44744 -9.17965
0 0 101 24.2978 10.5988 8.60065 -9.17965
0 0 102 30.087 2.569 17.7736 1.70992
0 0 103 33.5095 2.569 6.02075 7.73558
0 0 104 32.0895 12.5996 -8.31201 13.1804
0 0 105 33.8008 12.5996 -9.17198 7.44865
0 0 106 27.7567 8.58914 -14.9051 -1.43937
0 0 107 11.7 3.71612 -13.4718 -0.00469294
