0 0 0 0.0436734
0 0 1 -0.0443591
0 0 2 -0.0285296
0 0 3 -0.0842052
0 0 4 0.00272095
0 0 5 -0.0176362
0 0 6 0.0395544
0 0 7 0.0769495
0 0 8 -0.00282789
0 0 9 -0.0368188
0 0 10 -0.0174489
0 0 11 -0.00551721
0 0 12 -0.0474059
0 0 13 -0.0821967
0 0 14 -0.0344699
0 0 15 0.0484393
0 0 16 -0.0137383
0 0 17 0.0204228
0 0 18 -0.0612439
0 0 19 0.000508222
0 0 20 -0.00727037
0 0 21 -0.0276445
0 0 22 0.00367413
0 0 23 -0.0622311
0 0 24 0.0412224
0 0 25 0.00285712
0 0 26 0.00889957
0 0 27 0.0266014
0 0 28 0.0336821
0 0 29 -0.0192021
0 0 30 -0.0117299
0 0 31 0.0177335
0 0 32 -0.0917796
0 0 33 -0.0117299
0 0 34 0.0766091
0 0 35 0.0452734
0 0 36 0.00952934
0 0 37 -0.0137043
0 0 38 -0.00602784
0 0 39 -0.000189639
0 0 40 -0.0368188
0 0 41 0.0087634
0 0 42 0.000269928
0 0 43 -0.0320189
0 0 44 0.0621242
0 0 45 0.0290354
0 0 46 -0.0261637
0 0 47 -0.11646
0 0 48 -0.0257552
0 0 49 0.0187207
0 0 50 0.0581923
0 0 51 0.00772512
0 0 52 0.043316
0 0 53 0.00484857
0 0 54 -0.0227424
0 0 55 -0.00417255
0 0 56 0.0934258
0 0 57 -0.02967
0 0 58 -0.0494824
0 0 59 -0.00776398
0 0 60 0.00101885
0 0 61 0.0394863
0 0 62 -0.0287168
0 0 63 -0.0127341
0 0 64 -0.0498569
0 0 65 0.0398267
0 0 66 -0.0136192
0 0 67 -0.0152873
0 0 68 -0.0562568
0 0 69 -0.0447336
0 0 70 0.00181884
0 0 71 0.0314354
0 0 72 -0.0406996
0 0 73 0.00110396
0 0 74 -0.033772
0 0 75 -0.0470825
0 0 76 -0.0514058
0 0 77 -0.0566483
0 0 78 -0.02727
0 0 79 0.00850809
0 0 80 0.0476393
0 0 81 -0.0197127
0 0 82 -0.0318146
0 0 83 -0.0234403
0 0 84 -0.0042917
0 0 85 -0.0205467
0 0 86 0.0264482
0 0 87 0.0286439
0 0 88 0.00239755
0 0 89 -0.062895
0 0 90 0.0431628
0 0 91 0.00745278
0 0 92 -0.0287168
0 0 93 0.0486606
0 0 94 0.00396348
0 0 95 0.00483155
0 0 96 0.015708
0 0 97 -0.0282062
0 0 98 0.0557243
0 0 99 0.0531031
0 0 100 0.0193164
0 0 101 -0.015117
0 0 102 0.00578473
0 0 103 -0.0107937
0 0 104 0.00644855
0 0 105 0.0107549
0 0 106 -0.0412953
0 0 107 -0.0549972
0 0 108 0.0265333
0 0 109 -0.0383337
0 0 110 -0.00313427
0 0 111 -0.00699803
0 0 112 0.00711236
0 0 113 0.017342
0 0 114 0.000729495
0 0 115 0.0738517
0 0 116 0.0210355
0 0 117 0.0427713
0 0 118 0.177186
0 0 119 0.233713
0 0 120 0.541435
0 0 121 0.761976
0 0 122 0.99901
0 0 123 0.931675
0 0 124 0.579715
0 0 125 0.549997
0 0 126 0.660786
0 0 127 0.855643
0 0 128 0.946194
0 0 129 0.86126
0 0 130 0.828103
0 0 131 0.691492
0 0 132 0.712139
0 0 133 0.732189
0 0 134 0.808852
0 0 135 0.65968
0 0 136 0.361966
0 0 137 0.270291
0 0 138 0.172948
0 0 139 0.0958257
0 0 140 0.0816813
0 0 141 0.177084
0 0 142 0.0278439
0 0 143 0.0740559
0 0 144 -0.0222999
0 0 145 -0.0518654
0 0 146 0.0450862
0 0 147 0.012457
0 0 148 0.0501074
0 0 149 -0.000189639
0 0 150 0.000899705
0 0 151 0.0388395
0 0 152 0.039265
0 0 153 0.033614
0 0 154 -0.0088363
0 0 155 0.00655067
0 0 156 -0.0644779
0 0 157 0.0306524
0 0 158 0.0186186
0 0 159 -0.0509122
0 0 160 -2.40779e-06
0 0 161 -0.014283
0 0 162 0.00323158
0 0 163 -0.0277296
0 0 164 -0.0420613
0 0 165 -0.0367677
0 0 166 -0.00590869
0 0 167 0.0573924
0 0 168 -0.0268105
0 0 169 0.0151122
0 0 170 -0.037823
0 0 171 -2.40779e-06
0 0 172 0.0127293
0 0 173 -0.0180957
0 0 174 -0.0141809
0 0 175 0.0313332
0 0 176 -0.0320019
0 0 177 -0.0430144
0 0 178 -0.000530058
0 0 179 -0.0709118
0 0 180 0.0183462
0 0 181 -0.00849588
0 0 182 0.0431798
0 0 183 -0.00881928
0 0 184 -0.0258573
0 0 185 -0.0731246
0 0 186 -0.0306061
0 0 187 0.0442692
0 0 188 -0.0112873
0 0 189 -0.0195595
0 0 190 -0.0285126
0 0 191 -0.0481207
0 0 192 0.0281163
0 0 193 0.0220568
0 0 194 -0.0301636
0 0 195 -0.055661
0 0 196 0.0240993
0 0 197 0.0761154
0 0 198 0.00137629
0 0 199 -0.073516
0 0 200 -0.0697885
0 0 201 -0.0407847
0 0 202 -0.0488697
0 0 203 -0.0107767
0 0 204 -0.0634396
0 0 205 -0.0358656
0 0 206 -0.00279385
0 0 207 -0.00691293
0 0 208 -0.0188106
0 0 209 -0.0736352
0 0 210 -0.0242573
0 0 211 -0.0214489
0 0 212 -0.00820652
0 0 213 0.0480649
0 0 214 -0.0566312
0 0 215 -0.0115767
0 0 216 0.00621025
0 0 217 0.00181884
0 0 218 0.0114357
0 0 219 0.0494095
0 0 220 -0.00587465
0 0 221 0.0145505
0 0 222 0.0236738
0 0 223 -0.0340614
0 0 224 0.00809958
0 0 225 -0.0375677
0 0 226 -0.0198829
0 0 227 0.0367459
0 0 228 0.0063294
0 0 229 -0.000496016
0 0 230 -0.077533
0 0 231 -0.00439382
0 0 232 -0.0366826
0 0 233 -0.0358826
0 0 234 -0.0527675
0 0 235 -0.0404613
0 0 236 -0.0159
0 0 237 -0.0268275
0 0 238 0.0244057
0 0 239 -0.0133128
0 0 240 -0.0490569
0 0 241 0.0386523
0 0 242 -0.00716824
0 0 243 0.0186696
0 0 244 -0.00601082
0 0 245 0.0118102
0 0 246 -0.00439382
0 0 247 -0.0279168
0 0 248 0.00309541
0 0 249 0.0158612
0 0 250 0.0318439
0 0 251 -0.0318827
0 0 252 0.0183973
0 0 253 0.0274865
0 0 254 0.0274354
0 0 255 0.0597753
