0 0 0 10.8948 -9.23023 83.0515 11.6205
0 0 1 21.4855 -21.1769 -43.2285 24.0014
0 0 2 -0.232094 -7.68082 -70.5541 19.2137
0 0 3 53.7939 53.5002 31.6418 19.3103
0 0 4 42.0416 80.3443 54.8532 5.37978
0 0 5 -59.5774 50.406 -21.562 -17.3032
0 0 6 -26.5899 -28.6696 -48.6003 17.5192
0 0 7 3.15719 -60.3516 -51.6468 46.5878
0 0 8 -33.9879 -89.9986 27.6739 3.73555
0 0 9 7.70205 -69.5879 39.9572 20.0348
0 0 10 1.94801 -50.0977 -12.1789 16.7464
0 0 11 -18.3698 31.2534 30.2867 33.4321
0 0 12 2.81767 25.0603 3.54109 36.5756
0 0 13 -1.73315 -16.3853 -18.7108 23.3233
0 0 14 -18.078 12.147 34.4931 9.15319
0 0 15 -12.2286 81.4081 -22.8196 17.2294
0 0 16 -7.63015 12.8269 9.38999 3.54234
0 0 17 0.929436 29.8011 -7.97242 5.08996
0 0 18 -8.54746 -18.61 30.7691 34.6416
0 0 19 16.4046 -65.1386 21.142 38.898
0 0 20 -26.3516 -65.8647 3.68202 62.6939
0 0 21 -60.4947 -94.2537 -90.822 18.1008
0 0 22 -39.3608 -48.3078 -21.4645 9.20149
0 0 23 -7.39189 -43.5208 1.8932 -2.55153
0 0 24 -22.7241 5.08911 -88.4043 -0.0359248
0 0 25 19.2101 43.8753 -5.93967 -3.27607
0 0 26 -2.45389 -55.3703 -15.1765 14.4723
0 0 27 -21.1277 -0.28064 -96.866 -2.55153
0 0 28 6.83239 -19.1418 28.01 -47.1446
0 0 29 1.60848 8.57182 101.433 -2.69644
0 0 30 9.53667 61.0483 7.60117 25.6457
0 0 31 -32.88 43.052 9.29242 -8.98352
0 0 32 -50.1958 -0.137262 24.0475 -28.7664
0 0 33 -23.7844 -31.6204 11.9052 -18.4161
0 0 34 8.86358 9.00658 34.1082 -1.10052
0 0 35 9.48902 50.2117 62.1114 -50.9644
0 0 36 16.9883 122.905 62.789 -31.5699
0 0 37 11.0854 16.0183 54.4195 2.18793
0 0 38 5.28368 -58.7051 68.6379 -2.16511
0 0 39 5.81382 -113.795 44.6027 -9.27527
0 0 40 -20.1092 17.2254 33.8643 -19.672
0 0 41 -20.3534 71.6398 -11.0676 29.8055
0 0 42 0.738826 -16.2882 -51.5004 4.80015
0 0 43 14.3257 -45.2136 47.1179 21.7274
0 0 44 -28.8653 67.4772 21.7708 -20.7365
0 0 45 -26.1074 -2.94008 -9.42516 -29.7808
0 0 46 -4.09791 -53.0948 -66.494 5.18657
0 0 47 -3.37716 12.4893 21.3859 -9.66169
0 0 48 -8.45215 39.6202 75.8474 -8.01747
0 0 49 -0.184442 56.4047 59.0162 -13.24
0 0 50 29.1755 108.539 21.4835 4.46203
0 0 51 2.23392 62.8845 88.8082 -12.0305
0 0 52 -12.6158 -42.2628 37.9244 -14.4978
0 0 53 -11.9367 3.78021 -51.8853 9.3464
0 0 54 -27.8467 -14.3086 -57.062 9.49131
0 0 55 -0.911143 -3.66622 46.7276 -2.45493
0 0 56 23.8086 -2.36194 7.40602 8.62186
0 0 57 8.18453 -73.4083 14.1819 1.5117
0 0 58 8.95889 -91.9827 -50.2916 -20.7848
0 0 59 31.8857 23.2242 -1.05564 -7.87256
0 0 60 -19.9185 109.654 35.5556 -37.9555
0 0 61 14.2304 -0.960531 19.4508 -12.2739
0 0 62 53.2162 -68.7647 10.0188 -14.7876
0 0 63 40.4929 -87.0986 6.68507 -9.12843
0 0 64 24.1481 68.3005 -39.4069 -16.8685
0 0 65 26.1793 17.2254 -61.2197 -45.5004
0 0 66 22.7424 -53.8718 -52.6116 -49.7568
0 0 67 30.5753 3.58595 16.4531 -6.80797
0 0 68 11.6691 22.0633 52.8692 19.5035
0 0 69 -6.32566 -21.4637 -18.4181 16.4083
0 0 70 -35.9715 -44.5337 45.8115 -7.19439
0 0 71 12.0027 42.7653 62.2036 12.4899
0 0 72 17.6138 60.5627 18.1444 28.9824
0 0 73 7.11831 -37.4249 31.734 25.8872
0 0 74 50.0234 -24.803 43.3451 -28.8147
0 0 75 35.6562 1.99029 52.4355 -28.3297
0 0 76 -0.0355278 -30.8989 13.3579 20.1314
0 0 77 8.52406 -2.50532 4.50596 -0.714095
0 0 78 -1.87611 -2.12143 -36.8483 -1.63185
0 0 79 -3.81199 -77.0852 -59.8211 34.9797
0 0 80 24.1958 52.4364 43.4914 6.39607
0 0 81 -4.29447 49.2451 63.2715 -25.8161
0 0 82 -17.5002 -33.8451 83.6803 -0.327673
0 0 83 10.0251 -70.7997 59.5475 13.2164
0 0 84 26.227 13.7427 -2.55717 -13.6264
0 0 85 -1.0541 -22.384 -7.82606 -15.0291
0 0 86 7.07065 49.5827 46.0988 -1.05221
0 0 87 19.9845 -13.194 23.8036 -3.27607
0 0 88 18.0486 -33.0264 44.4075 28.0164
0 0 89 13.2655 2.04117 41.6972 36.964
0 0 90 -5.84318 -79.5504 -58.5148 3.78386
0 0 91 -16.9641 -99.961 -113.697 -30.9903
0 0 92 -8.83933 48.2275 45.47 -20.4467
0 0 93 42.3812 -7.00555 74.0098 14.2308
0 0 94 13.3131 59.9337 16.4043 8.1369
0 0 95 -6.95706 15.5326 -47.3428 -38.7284
0 0 96 23.5167 69.9471 -51.6468 -26.6855
0 0 97 27.4361 148.01 -28.7715 -11.8856
0 0 98 35.9004 24.0937 71.8307 8.2335
0 0 99 25.7385 -0.960531 -8.88851 -24.365
0 0 100 13.2119 32.5114 -82.4524 -28.5713
0 0 101 23.8563 29.8011 -41.5372 20.0831
0 0 102 -3.85964 49.5364 8.13239 16.9396
0 0 103 -10.0485 72.8008 35.458 0.978433
0 0 104 -11.2577 58.4352 39.2796 -32.2964
0 0 105 14.57 -23.545 37.9732 -16.3835
0 0 106 36.234 -54.8385 40.9275 14.8123
0 0 107 2.38284 2.95694 -15.9516 -18.5127
0 0 108 -8.69637 9.24709 -56.3844 9.20149
0 0 109 16.3093 -31.9118 8.18118 17.1811
0 0 110 10.7459 11.3284 -17.258 5.33148
0 0 111 -12.7587 12.6327 -20.0172 -26.0576
0 0 112 13.4084 -8.35608 12.3876 -43.8079
0 0 113 15.0525 -25.6263 -16.8732 -43.9528
0 0 114 4.36637 -16.4362 -13.4365 -13.9181
0 0 115 -11.4066 -17.5971 117.245 -30.3623
0 0 116 -46.5682 -6.0389 28.1564 -39.5514
0 0 117 -31.4266 -29.2523 23.6084 6.8791
0 0 118 -4.15151 32.4143 24.9148 20.8579
0 0 119 9.73324 52.5335 -89.3204 3.20422
0 0 120 30.5276 60.4656 -48.7901 16.6498
0 0 121 12.1516 49.4393 -39.846 13.5062
0 0 122 2.13862 -35.635 -67.0252 -14.3529
0 0 123 17.036 -81.9231 -38.7347 -22.8174
0 0 124 4.0745 -31.477 86.1467 -34.8603
0 0 125 13.1166 -8.11558 76.4274 -32.4413
0 0 126 23.3738 30.333 25.1099 -29.4426
0 0 127 -9.90556 86.1951 -84.6316 -13.7249
0 0 128 5.76617 -40.2324 -65.5725 -12.4671
0 0 129 -33.0706 -49.4225 -11.1164 -11.6923
0 0 130 -4.77695 52.5335 -23.7899 -18.1726
0 0 131 17.5185 -51.6471 -7.44119 -24.993
0 0 132 8.27984 36.0912 19.1635 -31.6684
0 0 133 9.58432 20.1762 -11.5988 -23.7835
0 0 134 31.016 -37.1335 38.0708 -23.4454
0 0 135 53.3591 -75.4896 64.3339 -4.92223
0 0 136 28.3535 -155.097 19.3044 -12.1271
0 0 137 19.9368 -87.6768 32.7531 7.89538
0 0 138 4.55698 47.987 17.7595 -22.091
0 0 139 42.8637 82.7124 14.274 -16.8202
0 0 140 19.1625 41.9883 -60.0597 -15.2725
0 0 141 3.39545 89.243 -47.4891 -13.24
0 0 142 3.59202 46.3914 -26.2997 16.1667
0 0 143 11.5679 -1.92718 61.4339 8.04029
0 0 144 36.1387 5.621 31.4467 -21.123
0 0 145 10.4599 31.4476 0.58682 2.8661
0 0 146 -2.45389 36.9608 19.6947 -15.9005
0 0 147 6.68348 -24.0306 -30.414 16.9879
0 0 148 10.4599 9.82523 -70.4619 -27.1705
0 0 149 2.52579 -37.2815 -71.7683 -5.45356
0 0 150 -11.8414 -45.9397 -31.8667 20.5681
0 0 151 26.5665 0.445502 28.9315 -13.5781
0 0 152 -17.7384 80.0067 30.574 -27.0719
0 0 153 -12.3239 45.471 36.1844 -1.05221
0 0 154 23.3202 37.2013 31.9779 -0.762398
0 0 155 3.05593 -3.03721 -8.02121 -3.22777
0 0 156 13.4561 96.4998 0.538034 -17.3998
0 0 157 53.3591 23.3213 67.9116 -26.8787
0 0 158 45.9611 -43.7613 203.678 -20.8815
0 0 159 4.94416 17.5168 33.0404 -10.2896
0 0 160 9.53667 34.0562 36.5259 30.3851
0 0 161 2.32923 -5.65039 48.7603 6.44437
0 0 162 -16.0468 56.5019 -5.93967 -21.0264
0 0 163 -8.21389 54.9987 11.6179 1.84981
0 0 164 -5.93848 -27.0277 -27.27 -20.1569
0 0 165 8.61936 36.9099 -86.1764 29.2722
0 0 166 -10.8705 6.25002 -151.566 9.24979
0 0 167 -16.2433 -2.60245 -114.18 -21.463
0 0 168 -4.24682 -25.7234 18.2419 -16.3835
0 0 169 6.01039 -131.014 35.1707 -0.277438
0 0 170 -2.12033 -24.2202 -38.2469 13.796
0 0 171 -22.3846 90.7416 -4.87722 32.9491
0 0 172 11.1807 -52.3224 41.9411 46.4429
0 0 173 -3.66308 -13.6287 -68.9116 25.4525
0 0 174 -25.6726 -39.0206 -41.4884 5.28317
0 0 175 -42.7917 -56.7255 -90.4371 25.6457
0 0 176 -39.1166 28.4968 -91.1147 18.1974
0 0 177 -4.0026 84.8399 13.2603 3.20422
0 0 178 -2.55515 103.558 116.665 8.62186
0 0 179 1.31661 7.26292 64.9139 22.164
0 0 180 -23.4448 -73.362 -8.88851 5.42808
0 0 181 -14.4028 -43.5671 34.2004 -3.56782
0 0 182 10.8471 26.4664 54.8532 47.8939
0 0 183 16.6012 7.7948 4.26203 34.5933
0 0 184 5.37899 103.174 -43.906 -13.1434
0 0 185 16.071 60.1279 15.1467 0.302194
0 0 186 -23.9333 5.03824 49.9203 27.9661
0 0 187 -28.2816 49.0045 -82.7939 51.762
0 0 188 -15.5166 59.4989 -64.5588 4.31712
0 0 189 -9.95321 -65.2357 -38.0571 -5.30865
0 0 190 3.9792 -113.022 47.4539 -38.4385
0 0 191 -27.7991 2.13829 11.5203 -23.2038
0 0 192 -33.1183 27.0954 -69.8819 35.2212
0 0 193 -48.4028 63.6569 -50.2428 22.3572
0 0 194 -37.6155 69.8499 -59.9187 22.5987
0 0 195 -17.7861 56.1133 -39.5045 7.12061
0 0 196 3.10358 63.0788 -20.1093 20.9062
0 0 197 -12.5622 -49.3253 -63.1549 12.345
0 0 198 -32.88 -80.9565 -11.9837 -1.24543
0 0 199 -36.6029 -30.4132 5.42748 1.6566
0 0 200 -2.01906 74.2022 -20.8845 14.9572
0 0 201 7.31487 7.98906 -19.1932 27.4348
0 0 202 0.685217 -66.2995 33.2843 67.385
0 0 203 -11.21 -76.1648 93.0147 23.9048
0 0 204 5.23603 -33.2161 79.2299 26.2253
0 0 205 20.5682 41.7986 -9.37637 56.6966
0 0 206 10.7935 9.4876 3.63324 6.73419
0 0 207 -15.4154 -38.1048 -7.77728 7.84708
0 0 208 5.52195 -9.80837 75.3108 13.4579
0 0 209 12.3899 -27.4624 98.3811 28.0164
0 0 210 5.37899 -28.8176 -21.5133 27.0967
0 0 211 10.0251 -48.5992 -4.73086 6.15455
0 0 212 -3.81199 22.8357 22.7411 3.25253
0 0 213 21.4855 77.3935 26.6602 9.10489
0 0 214 8.57171 5.32962 -49.2779 5.81643
0 0 215 18.2928 -37.2307 -69.638 -5.11544
0 0 216 37.9793 -103.157 5.81235 -16.5767
0 0 217 34.0122 -72.0069 -19.5781 -19.7222
0 0 218 14.3257 4.21497 -3.81477 -4.72709
0 0 219 10.2157 12.5355 66.3179 10.5559
0 0 220 1.22131 -4.53574 -14.1628 -0.13253
0 0 221 -17.7384 75.6036 6.34357 1.31848
0 0 222 -43.715 54.5639 8.57147 23.5667
0 0 223 12.104 55.7248 -32.2028 42.8144
0 0 224 39.8139 17.8082 25.7875 26.177
0 0 225 18.1499 -10.3403 5.03719 -10.5311
0 0 226 -51.9351 -72.2983 -24.4187 -19.6237
0 0 227 -19.1918 46.0029 43.3939 12.4899
0 0 228 4.60464 71.0108 -20.2069 3.63895
0 0 229 -29.4907 -26.9768 -49.9989 2.57436
0 0 230 -26.298 -10.8721 -65.2852 3.73555
0 0 231 -15.7072 -18.758 -15.4204 5.08996
0 0 232 -17.3513 7.7948 82.0866 -6.1298
0 0 233 -32.9277 -12.9534 -23.9309 -40.5175
0 0 234 17.4232 25.2083 -29.4925 18.4872
0 0 235 18.68 12.776 42.9548 20.4213
0 0 236 -21.9974 4.89486 16.3068 -11.3059
0 0 237 -44.4834 16.6935 13.8891 -7.04948
0 0 238 -16.7735 -14.0635 -26.5924 40.8804
0 0 239 -3.85964 96.3056 50.2618 18.6804
0 0 240 -40.7606 46.729 18.578 -6.32494
0 0 241 -47.4379 -36.4583 14.6643 -29.1528
0 0 242 -21.0741 36.0912 77.4899 -24.1216
0 0 243 1.60848 86.0979 54.1268 -22.574
0 0 244 62.836 60.9975 41.4099 -6.51815
0 0 245 43.8763 31.3967 8.13239 2.47775
0 0 246 64.7719 3.10494 6.97237 37.2055
0 0 247 118.941 43.9724 15.9219 49.5381
0 0 248 226.362 62.3526 51.3243 52.5368
0 0 249 311.296 0.010742 43.4426 32.7558
0 0 250 324.836 -55.2223 26.85 -3.47122
0 0 251 320.535 -151.036 -0.62199 -12.9018
0 0 252 328.517 -84.2912 -78.6363 -49.4168
0 0 253 305.828 -73.0706 -33.0268 -45.4038
0 0 254 178.048 -92.5146 87.117 -29.2977
0 0 255 75.8988 -102.042 35.9946 -2.98626
0 0 256 55.5809 -18.5637 -20.6893 -0.0842275
0 0 257 16.1663 -40.1815 -25.1885 -27.0236
0 0 258 -3.08529 -127.966 -51.0668 -17.7862
0 0 259 15.1478 -21.8059 8.52268 -4.97053
0 0 260 -13.9679 -53.8718 -51.598 15.7301
0 0 261 -61.8468 -40.57 -111.231 2.47775
0 0 262 -39.3608 -22.1435 -122.403 12.5382
0 0 263 -17.9827 -88.8377 -38.6859 5.71983
0 0 264 -11.1147 5.57013 21.9659 3.10762
0 0 265 -37.4249 62.2555 -16.1468 4.22051
0 0 266 -2.26328 25.7865 -9.18123 13.6994
0 0 267 6.39756 16.3096 29.7067 23.615
0 0 268 3.10358 -49.1311 -5.31087 13.941
0 0 269 0.834131 -15.8071 30.574 -16.6733
0 0 270 -6.66518 -85.6926 37.1059 2.7695
0 0 271 -4.05025 -65.8647 50.5979 37.4953
0 0 272 -13.8726 15.5835 13.4067 19.2137
0 0 273 -28.9606 46.1509 -73.2156 22.9369
0 0 274 -17.8337 17.3734 44.749 25.0177
0 0 275 -22.867 17.2254 55.482 13.5545
0 0 276 -11.9367 41.7986 -44.8764 9.97433
0 0 277 0.10743 65.5439 -91.1147 15.9233
0 0 278 23.7073 53.0191 20.0308 43.5409
0 0 279 -22.045 -1.77918 -19.0469 75.6564
0 0 280 -25.476 -4.29524 3.10201 27.9178
0 0 281 7.31487 -4.92425 -10.4876 14.3757
0 0 282 6.201 -77.3766 65.8842 19.3103
0 0 283 16.8394 -62.8168 66.5618 11.3287
0 0 284 10.3587 -38.4887 -22.7221 22.164
0 0 285 21.0507 -64.4633 -32.7828 24.0014
0 0 286 -18.078 -128.789 50.8419 0.543708
0 0 287 -12.997 -72.0069 -7.77728 24.8709
0 0 288 -20.6929 8.42382 0.684392 13.0696
0 0 289 -33.6544 -42.9889 -9.66367 -21.9944
0 0 290 -26.5899 -46.6659 -49.8579 -3.51952
0 0 291 11.1807 -20.1131 -43.2773 19.4552
0 0 292 1.12005 15.343 -23.3509 9.05658
0 0 293 14.3734 23.0808 65.0115 -1.10052
0 0 294 3.49076 -0.960531 1.21562 -16.5767
0 0 295 -0.619271 -9.08223 -33.9916 -19.7222
0 0 296 11.6155 15.5835 -33.1243 14.9572
0 0 297 -14.5934 44.7957 -37.7644 14.8123
0 0 298 19.7462 -7.44031 -73.7956 26.662
0 0 299 -13.6284 -5.45614 -97.446 25.8872
0 0 300 -22.9147 -68.0432 -95.9499 20.713
0 0 301 0.29804 -55.6109 0.201952 12.2001
0 0 302 8.4764 24.6765 -39.266 16.7464
0 0 303 6.54052 14.2283 43.4426 29.1273
0 0 304 10.6505 2.47593 77.0562 0.543708
0 0 305 -11.3053 43.2 49.5355 -24.0733
0 0 306 -0.470357 65.0583 2.61957 -8.88692
0 0 307 0.637564 16.6935 -74.4732 23.3233
0 0 308 -20.1568 -51.402 0.635606 15.6335
0 0 309 -10.6799 -6.95468 31.4467 14.6674
0 0 310 -6.32566 31.4939 -16.2444 6.39607
0 0 311 -7.5825 3.73396 -5.50601 -3.71273
0 0 312 -13.9679 -120.372 -13.8267 15.2471
0 0 313 -6.23036 -79.0694 -29.1076 -4.29236
0 0 314 6.201 -14.1143 -31.1404 21.6791
0 0 315 21.4855 45.8132 -7.14848 29.7089
0 0 316 -0.571619 8.42382 -88.7404 14.2791
0 0 317 -43.8103 13.2617 -134.204 18.777
0 0 318 -34.5717 30.8186 5.23233 20.0348
0 0 319 -16.9641 31.591 20.2747 47.4592
0 0 320 -16.6246 -91.8393 86.4394 23.9531
0 0 321 -47.0507 -48.0673 86.4882 31.2082
0 0 322 -25.5773 5.42675 77.9723 2.62266
0 0 323 15.1954 -32.6379 61.2387 19.9382
0 0 324 3.3478 -30.3161 1.41076 -5.06714
0 0 325 -31.6708 16.2125 15.4828 -21.7045
0 0 326 -5.64661 2.91069 -7.92363 -8.98352
0 0 327 20.5682 -27.7029 7.79631 24.7743
0 0 328 11.3296 23.2242 -11.9837 23.1301
0 0 329 0.542259 -5.79377 43.1011 0.253892
0 0 330 3.92559 -46.0831 117.44 2.42945
0 0 331 0.202735 49.3422 24.7739 -14.5944
0 0 332 -21.4136 16.7906 -44.4861 -1.87529
0 0 333 3.63967 3.78021 -1.202 -19.9154
0 0 334 -7.19532 -3.27771 -2.06931 -3.08286
0 0 335 -20.8359 -25.913 -103.734 -1.72845
0 0 336 -16.3863 23.0808 -59.8211 -9.46848
0 0 337 -3.61542 -21.8059 81.5066 24.6294
0 0 338 -8.83933 -41.1481 94.2723 27.3865
0 0 339 -14.2062 -16.968 44.4075 3.97707
0 0 340 -1.14941 -29.9276 31.8316 -4.24406
0 0 341 -13.825 -64.5604 42.0875 25.1143
0 0 342 -34.5717 -21.3665 7.2163 39.8158
0 0 343 -21.9974 -17.2594 23.2723 19.5035
0 0 344 1.02474 -39.1686 13.7916 -10.5794
0 0 345 5.90912 -30.9914 22.3074 -25.1379
0 0 346 6.44521 -69.8793 -5.2133 -29.7324
0 0 347 -11.4066 -64.5096 -95.1748 -3.42291
0 0 348 -17.2083 -21.8059 -102.189 11.6688
0 0 349 -4.48508 2.18454 -39.846 4.65524
0 0 350 -14.9805 3.20207 -5.26208 7.55727
0 0 351 16.8394 -22.9668 27.6251 13.1681
0 0 352 47.1702 -15.3215 46.4403 12.345
0 0 353 36.913 27.8169 11.9052 18.0525
0 0 354 -17.6431 42.1825 -14.1628 11.4737
0 0 355 -18.1733 -27.8509 25.3539 12.4899
0 0 356 4.50933 -10.0489 20.9523 29.3689
0 0 357 -11.0671 9.44134 -37.9108 29.079
0 0 358 -38.9736 18.0487 -68.1365 20.713
0 0 359 -30.2651 -4.39236 -24.0284 5.33148
0 0 360 -27.948 -20.7884 -12.3252 -1.29373
0 0 361 -25.0412 -35.7321 39.2308 -19.4304
0 0 362 -13.5331 -1.73293 61.8187 -14.1596
0 0 363 4.31276 -24.4653 30.1403 5.81643
0 0 364 13.4561 27.2388 23.706 17.2294
0 0 365 9.9715 46.7799 37.6859 3.30083
0 0 366 8.27984 0.15412 48.6628 -7.72572
0 0 367 -23.2542 -16.82 6.68507 -12.3705
0 0 368 -20.6929 3.24832 -8.74758 -7.48421
0 0 369 -5.74787 39.8607 -62.4773 17.6178
0 0 370 -14.7899 -11.3069 -103.588 -17.2066
0 0 371 -13.5808 -55.8514 -103.685 -15.659
0 0 372 -0.714576 19.6952 -85.694 -6.66306
0 0 373 -3.42481 26.4155 -27.7037 -8.5488
0 0 374 -10.0485 -15.1272 51.5194 6.29946
0 0 375 3.63967 1.65266 58.4796 10.7974
0 0 376 21.7298 -22.1898 115.023 4.36542
0 0 377 20.5206 -41.199 135.188 12.1035
0 0 378 13.9386 -61.6559 87.5506 10.5559
0 0 379 -3.56777 -22.1435 78.0211 8.42671
0 0 380 -27.0247 25.0141 27.7227 -0.472582
0 0 381 -46.1334 60.757 -5.89088 -15.3691
0 0 382 -21.5626 43.1029 -9.76124 -13.7249
0 0 383 -8.4045 -20.9826 -49.3267 -12.2237
0 0 384 -2.98998 -25.1406 -58.466 3.25253
0 0 385 24.6783 6.34252 -14.0165 21.5341
0 0 386 4.74759 -17.9347 -9.32759 15.7784
0 0 387 -15.2248 33.1867 -7.63092 -12.5637
0 0 388 -18.9476 58.5323 -38.7781 -22.1393
0 0 389 -11.5972 25.1112 -3.18597 -7.24269
0 0 390 -5.50365 31.7853 8.76119 12.4899
0 0 391 -9.37542 67.7686 -27.6061 3.97707
0 0 392 -14.4981 53.3059 -3.86355 1.12334
0 0 393 -9.17885 20.6619 -0.0907643 9.82943
0 0 394 3.05593 23.1779 21.3859 16.9396
0 0 395 -5.02117 -6.13141 44.8412 14.9089
0 0 396 6.9277 -14.9376 19.2556 2.33284
0 0 397 2.66875 -21.0289 8.85876 -6.75967
0 0 398 9.39371 -30.6075 -36.2195 -22.8174
0 0 399 17.036 1.89316 -79.2163 -22.6223
0 0 400 -2.65046 -10.8259 -38.9732 -11.8856
0 0 401 -29.7826 -43.6642 -41.006 -4.43727
0 0 402 -8.16624 -32.3465 -29.6876 9.82943
0 0 403 4.0745 -28.6696 -31.7692 20.9545
0 0 404 21.6762 -8.11558 -49.3701 4.94505
0 0 405 23.5644 91.0792 -7.87485 -20.5433
0 0 406 -23.7844 58.7265 -16.3853 -12.5637
0 0 407 -19.4837 -42.0223 -5.31087 7.75048
0 0 408 21.0507 -51.55 68.7843 31.5946
0 0 409 6.2963 9.77898 82.1788 21.7274
0 0 410 -24.3681 -8.21271 15.7755 12.4899
0 0 411 -19.0965 -54.9356 -20.1093 7.50896
0 0 412 -6.08144 -43.5208 -12.7589 -10.3379
0 0 413 26.227 -46.3236 -42.7948 14.7157
0 0 414 23.2249 -26.3986 -34.3331 26.5654
0 0 415 -14.0156 -21.9955 -28.8637 -4.19576
0 0 416 -17.6908 17.8082 -66.494 -15.2725
0 0 417 -27.2213 70.9137 -51.3053 -30.1691
0 0 418 2.04331 32.7519 13.5043 -24.6066
0 0 419 17.5661 21.24 -32.398 -19.0923
0 0 420 -15.9991 29.852 -75.102 -19.672
0 0 421 -12.7111 28.7373 -64.2227 -26.3957
0 0 422 -24.8029 -42.9889 -20.5484 -24.8481
0 0 423 -30.8012 -43.4699 -4.5845 -20.6399
0 0 424 -8.93464 68.3976 28.3027 -9.17673
0 0 425 17.3279 86.7778 26.7036 15.875
0 0 426 36.9607 64.8687 9.78028 9.63622
0 0 427 21.8251 59.4989 -13.4365 -10.3862
0 0 428 29.0802 11.5689 0.494668 -19.3821
0 0 429 20.0321 46.8261 59.4987 -12.6603
0 0 430 17.2266 31.7344 56.9835 -0.472582
0 0 431 19.1148 -11.0201 11.954 -3.42291
0 0 432 -2.21563 31.2025 -53.8692 8.42671
0 0 433 -10.2451 -7.14893 -61.9948 -2.84135
0 0 434 -9.22651 -27.9481 -5.5548 -34.5202
0 0 435 -19.6743 22.3038 -29.254 -36.9392
0 0 436 17.8103 31.3967 -22.5323 -12.0788
0 0 437 33.8692 -5.59952 8.13239 4.17221
0 0 438 16.9883 -8.50409 28.6876 -0.0842275
0 0 439 32.4635 14.6631 3.29716 0.108983
0 0 440 9.44137 -15.2244 -28.8637 -12.1271
0 0 441 2.6211 -78.3895 -21.9035 -28.8147
0 0 442 30.194 -120.423 -7.24605 -9.8066
0 0 443 37.5921 -58.3212 -12.7101 -12.0305
0 0 444 47.7957 6.68478 12.4852 -19.4787
0 0 445 29.9975 -37.8597 22.0635 -16.7236
0 0 446 4.26511 -38.6367 -47.1964 -23.4454
0 0 447 -12.3716 15.2921 -98.5139 -16.9651
0 0 448 -28.0909 8.22957 -64.1252 -18.7542
0 0 449 -8.88698 -62.0906 -3.86355 -9.03183
0 0 450 26.6618 -51.5963 31.4955 12.1035
0 0 451 41.994 -15.6129 -4.2972 14.5206
0 0 452 29.4673 -7.9722 -30.7989 13.8927
0 0 453 14.3734 9.92236 -16.1468 17.9076
0 0 454 28.9849 43.9724 -9.71246 29.7089
0 0 455 24.1958 32.5114 4.07231 19.9382
0 0 456 -4.91991 3.97446 -18.9981 -8.93522
0 0 457 -27.12 -35.3945 -65.7676 -11.6923
0 0 458 -1.00645 1.31502 -16.4829 6.8791
0 0 459 17.5185 14.9036 6.48993 14.7157
0 0 460 13.7003 56.3539 -3.90692 16.6981
0 0 461 17.3755 69.318 27.1427 -8.6454
0 0 462 14.0875 20.9024 46.1476 -26.8787
0 0 463 -1.24471 0.829387 36.5259 18.8736
0 0 464 -4.82461 19.5472 3.54109 23.9048
0 0 465 0.29804 27.7707 -22.7709 15.875
0 0 466 7.07065 41.0725 -94.5947 13.1681
0 0 467 21.8251 -0.234389 -58.5635 2.91441
0 0 468 11.6691 1.65266 -4.05328 5.37978
0 0 469 6.44521 29.7548 -7.00212 13.4579
0 0 470 -1.97141 56.451 -23.0636 0.012378
0 0 471 -11.2577 -14.0635 -47.1476 -16.625
0 0 472 -8.21389 -31.4308 -35.8293 10.1212
0 0 473 -14.5934 -13.342 67.2828 22.647
0 0 474 -32.2486 11.1341 61.8675 2.57436
0 0 475 -8.98825 42.3305 61.8675 -2.74474
0 0 476 14.4747 -40.7642 27.8203 6.58928
0 0 477 -15.1295 -56.8689 -14.8892 29.8538
0 0 478 -15.5166 17.6602 -41.7811 23.1784
0 0 479 17.3279 8.37757 -9.23002 10.5559
0 0 480 -3.61542 -23.6883 -54.0644 -4.00255
0 0 481 -32.6835 -33.1698 -49.7604 -9.8066
0 0 482 -4.05025 -24.4653 86.7755 -12.7569
0 0 483 8.86358 10.5514 74.4435 7.55727
0 0 484 -21.7532 -18.9985 0.201952 -5.21205
0 0 485 -19.4837 30.333 13.1628 -35.4399
0 0 486 -20.9312 28.4459 90.0171 -39.2616
0 0 487 -11.5019 -11.8897 50.2618 -36.3596
0 0 488 6.78474 -37.522 40.7811 -33.2643
0 0 489 -12.8541 -13.9201 31.9291 -25.7678
0 0 490 -9.51838 36.5723 -6.28117 0.350497
0 0 491 -1.73315 22.1142 21.8684 21.196
0 0 492 -19.8173 -30.0247 -16.4341 11.6688
0 0 493 -5.11648 -14.3549 -37.4771 -22.4774
0 0 494 15.7315 15.2921 -17.3068 -6.75967
0 0 495 36.3829 -68.4779 19.7923 -10.9195
0 0 496 21.5808 -67.4604 7.98604 -20.9298
0 0 497 3.63967 -15.4186 13.4067 -16.142
