0 0 0 -27.1758 1.25604 2.97327 -31.0335
0 0 1 -6.62051 -19.2955 0.5188 -23.695
0 0 2 17.8877 3.70536 16.6741 -31.7674
0 0 3 12.0242 10.5635 -7.54877 -38.6217
0 0 4 0.26418 5.91544 -22.9697 -13.6606
0 0 5 19.6006 1.99653 15.2054 0.043128
0 0 6 -21.0158 -0.452788 37.7182 7.1371
0 0 7 -49.6745 8.35337 33.0708 2.48932
0 0 8 -63.5757 -0.20216 11.0408 -11.2144
0 0 9 -26.1875 -4.12107 19.8528 -2.40806
0 0 10 -10.0134 -29.5712 4.44194 4.93552
0 0 11 -37.1569 -21.7448 0.0359529 1.02161
0 0 12 -28.3946 -9.99944 6.63487 0.532367
0 0 13 0.758297 -9.01971 6.39344 -6.32197
0 0 14 8.59828 -6.57039 15.2054 -15.3729
0 0 15 -1.44876 2.48639 -6.81444 -22.4719
0 0 16 1.02183 -22.4739 -1.68419 -10.9697
0 0 17 25.7277 -16.6069 0.5188 -26.6304
0 0 18 61.6994 -9.50957 -21.7425 -63.0937
0 0 19 42.6265 -8.52985 -16.3607 -43.5141
0 0 20 13.9677 10.3128 5.17627 13.013
0 0 21 -12.484 4.19522 6.88635 33.566
0 0 22 -43.0204 -6.31976 -0.21553 17.6607
0 0 23 -28.8887 1.50667 -12.4477 -4.1204
0 0 24 -11.0017 15.2115 -10.7376 -0.690731
0 0 25 -15.6464 0.526939 13.0024 18.6392
0 0 26 5.17241 1.99653 23.7659 18.8838
0 0 27 7.61005 13.7419 10.7994 3.95704
0 0 28 -14.9217 21.0784 20.5871 6.64786
0 0 29 -28.8887 4.68509 33.0708 11.7849
0 0 30 -17.8205 -29.332 24.7517 0.532367
0 0 31 22.5324 -28.5915 35.7566 -5.09888
0 0 32 32.0853 -6.80963 25.9689 0.287748
0 0 33 25.003 -2.90211 25.2345 4.6909
0 0 34 18.6124 -5.35143 40.1626 23.7762
0 0 35 10.5418 -7.06025 24.0174 8.84943
0 0 36 -2.40405 -6.80963 2.23894 -16.596
0 0 37 -5.59934 -7.06025 17.6498 -9.50203
0 0 38 -6.1264 -17.336 21.3215 -0.201492
0 0 39 -28.8887 -19.2955 31.6021 11.5402
0 0 40 -18.8417 -18.0651 31.6021 7.38172
0 0 41 22.7959 -7.78935 20.3457 0.776987
0 0 42 37.7182 -28.1016 19.1185 -5.58812
0 0 43 39.3982 -37.6483 7.62068 -7.30045
0 0 44 4.18417 -7.06025 17.4084 6.89248
0 0 45 -7.57581 -2.65148 15.2054 -5.83274
0 0 46 -11.7593 -2.41224 -1.68419 -15.1283
0 0 47 -32.0511 -1.18189 -10.0032 -5.58812
0 0 48 -0.691113 -4.61093 -3.6357 -9.99127
0 0 49 28.4288 -7.06025 29.6405 -19.5364
0 0 50 34.7865 -14.6474 52.3947 -15.8621
0 0 51 23.2571 -7.78935 48.2402 -13.1713
0 0 52 32.81 -5.8299 38.6939 -26.6304
0 0 53 13.0124 -8.27922 42.607 -16.8406
0 0 54 -8.03698 -3.39197 39.1868 -26.3858
0 0 55 3.69006 4.19522 26.4618 -26.875
0 0 56 30.8665 -12.9272 24.7517 5.42476
0 0 57 33.0406 -22.2346 26.4618 0.287748
0 0 58 24.0147 -18.3157 34.2879 -23.2057
0 0 59 21.083 -13.6677 41.1383 -26.1412
0 0 60 1.25241 -11.7083 29.3991 -14.1498
0 0 61 -17.8205 -12.688 4.92478 -5.3435
0 0 62 -2.66758 -11.469 14.2297 21.8193
0 0 63 -6.35698 -0.20216 11.5338 46.7805
0 0 64 -18.8417 7.37364 -7.80026 35.7676
0 0 65 -1.44876 -4.61093 -0.94986 3.95704
0 0 66 17.3606 0.766175 13.9782 -0.93535
0 0 67 20.0947 8.11413 13.0024 2.00008
0 0 68 10.5418 11.5432 6.63487 -9.25741
0 0 69 9.0924 -3.88183 13.4953 -3.14192
0 0 70 7.61005 -6.80963 21.08 16.4376
0 0 71 -6.81816 -1.43252 11.2923 32.8321
0 0 72 -21.7405 9.09386 11.7752 15.4592
0 0 73 -17.0958 19.3696 -3.88718 8.84943
0 0 74 -5.59934 20.8392 4.44194 -1.91383
0 0 75 -3.91934 1.0168 24.0174 -17.8241
0 0 76 -14.9217 -11.469 23.7659 -2.65268
0 0 77 2.47123 7.37364 29.3991 7.87096
0 0 78 -11.4958 3.95599 15.9397 10.8064
0 0 79 -43.3169 -7.06025 -4.12861 19.8623
0 0 80 -42.7899 0.526939 -6.57302 24.9993
0 0 81 -27.9005 6.15468 0.770283 6.64786
0 0 82 -37.4534 -15.1373 -0.21553 -0.201492
0 0 83 -40.0887 -33.0003 13.2438 -0.93535
0 0 84 -35.4769 -21.984 21.3215 34.2999
0 0 85 -40.6157 -7.06025 7.12777 26.7117
0 0 86 -10.277 10.8027 10.7994 5.42476
0 0 87 3.22888 10.3128 7.8621 12.0295
0 0 88 4.94182 -4.61093 -1.19128 -17.3348
0 0 89 8.10417 -20.765 -12.2062 -12.1928
0 0 90 -21.5428 -5.59066 2.72179 16.6823
0 0 91 -36.2016 13.252 3.45612 23.287
0 0 92 -60.4463 5.17495 8.35501 12.7683
0 0 93 -44.2722 -6.31976 10.3065 2.73394
0 0 94 -23.7499 -11.2184 23.0316 28.429
0 0 95 -13.1758 6.15468 21.8144 13.2576
0 0 96 18.6124 -6.08053 13.9782 -14.3944
0 0 97 27.9347 -20.0246 1.01171 -9.74665
0 0 98 18.6124 -9.50957 -20.2738 -11.459
0 0 99 1.51594 -16.117 -17.588 -26.1412
0 0 100 -1.44876 -38.8672 0.0359529 -24.4288
0 0 101 17.8877 -3.39197 15.4468 0.287748
0 0 102 31.3606 37.4718 5.9106 -6.56659
0 0 103 43.0547 18.8797 -1.92561 -49.39
0 0 104 29.8782 5.66481 2.23894 -67.2522
0 0 105 10.3112 14.9608 -9.75177 -42.291
0 0 106 21.3136 15.9406 7.3692 -23.2057
0 0 107 -12.1876 3.46612 13.0024 -15.6175
0 0 108 -46.9734 4.68509 5.65911 -5.3435
0 0 109 -48.1922 -20.2752 12.761 -4.1204
0 0 110 -19.5664 -24.9232 26.7032 2.97856
0 0 111 -15.4158 -23.9435 10.0651 -6.56659
0 0 112 -28.8887 -2.90211 19.8528 5.42476
0 0 113 -37.684 19.119 10.7994 -16.596
0 0 114 -30.1075 -3.14134 2.72179 -31.2782
0 0 115 -38.4087 -8.52985 11.2923 -9.50203
0 0 116 -8.76169 -14.1576 9.08934 1.02161
0 0 117 13.9677 -12.688 -5.35584 2.73394
0 0 118 4.67829 -12.4374 -6.3316 10.0725
0 0 119 -8.03698 -6.31976 1.50461 22.0639
0 0 120 -8.5311 7.37364 -8.04168 -8.76817
0 0 121 11.2665 15.4507 -22.9697 -27.8535
0 0 122 9.0924 8.35337 -17.3365 -4.1204
0 0 123 0.033592 -18.555 -8.77601 -4.85426
0 0 124 14.9559 -18.555 -5.59727 0.043128
0 0 125 2.96535 -9.74881 12.5095 11.5402
0 0 126 -14.9217 11.2926 9.08934 -7.54507
0 0 127 -33.731 22.548 -32.2645 -4.60964
0 0 128 -31.8205 8.11413 -9.75177 8.11558
0 0 129 -30.1075 1.99653 0.5188 13.5022
0 0 130 -16.6346 19.119 8.35501 5.66938
0 0 131 1.74653 4.44585 12.0267 -8.52355
0 0 132 -3.91934 18.8797 0.0359529 -3.87578
0 0 133 3.22888 17.4102 4.19045 3.4678
0 0 134 -0.691113 18.1506 13.7367 5.42476
0 0 135 -7.31228 22.3088 8.83786 -22.2272
0 0 136 1.02183 23.2885 -30.0615 -27.1196
0 0 137 8.59828 13.4912 -8.77601 -3.63116
0 0 138 -19.8299 -0.452788 11.5338 -9.50203
0 0 139 -29.844 10.0736 -21.5011 -15.8621
0 0 140 -22.2675 21.3291 -27.3757 -21.9826
0 0 141 -51.8816 10.0736 -9.01744 -6.56659
0 0 142 -55.011 1.50667 8.35501 29.1628
0 0 143 -36.6958 -8.52985 7.62068 30.6306
0 0 144 -33.5005 -9.01971 -9.51034 20.3515
0 0 145 -42.7899 -1.92238 0.277377 35.0337
0 0 146 -41.1099 -5.59066 -13.182 40.4153
0 0 147 -21.2793 5.91544 -38.8735 16.6823
0 0 148 -8.76169 19.6088 -43.5209 4.20166
0 0 149 -5.86287 3.21549 -51.8299 21.33
0 0 150 -11.2652 -10.9792 -34.9604 23.5316
0 0 151 -23.9475 -8.03998 -3.15285 7.1371
0 0 152 -39.364 3.21549 1.50461 -9.50203
0 0 153 -60.6769 -8.76908 -12.6891 -21.738
0 0 154 -61.171 -1.67175 -27.1343 -17.3348
0 0 155 -23.4864 22.3088 -30.5544 -23.4503
0 0 156 -20.7523 18.1506 -20.2738 -18.8026
0 0 157 -43.0204 3.95599 -1.19128 -7.30045
0 0 158 -28.8887 -1.43252 -10.4861 0.287748
0 0 159 -12.484 -0.20216 -24.9313 8.84943
0 0 160 -17.0958 5.91544 -50.6127 11.2956
0 0 161 -7.80639 16.1912 -40.5836 -3.38654
0 0 162 -11.4958 13.4912 -21.0081 -31.7674
0 0 163 -13.4393 5.17495 -26.1485 -17.5795
0 0 164 -14.164 17.9 -28.3514 -0.446111
0 0 165 -13.4393 -1.43252 -20.5253 5.66938
0 0 166 0.033592 -15.8664 -18.0708 15.4592
0 0 167 -16.8981 -1.43252 -9.51034 18.3946
0 0 168 -13.6699 6.4053 -8.77601 10.3172
0 0 169 12.0242 13.4912 12.0267 -0.201492
0 0 170 18.1512 4.68509 10.0651 2.2447
0 0 171 1.25241 -3.14134 -15.6264 1.51085
0 0 172 -11.2652 3.70536 -8.2831 1.51085
0 0 173 -7.80639 -22.9637 2.97327 11.2956
0 0 174 1.51594 -14.8867 -12.4477 19.1285
0 0 175 32.3159 7.62427 -12.9406 20.3515
0 0 176 64.8946 15.7013 -12.9406 21.5746
0 0 177 43.8453 32.5845 3.45612 3.4678
0 0 178 25.7277 51.6664 13.4953 15.7038
0 0 179 20.0947 46.5286 5.9106 33.0768
0 0 180 18.8759 8.35337 0.277377 39.6815
0 0 181 8.82887 -4.12107 16.9155 32.5875
0 0 182 35.5112 -8.52985 20.0942 28.1844
0 0 183 54.3535 -18.8056 26.2204 2.48932
0 0 184 28.9229 2.48639 32.0849 29.6521
0 0 185 45.2617 4.44585 34.2879 71.9813
0 0 186 44.57 2.72563 17.167 39.6815
0 0 187 26.2218 -3.63121 28.6648 36.5014
0 0 188 49.2147 -20.0246 54.5977 54.6083
0 0 189 44.57 -20.2752 25.486 32.0983
0 0 190 28.1653 7.1344 36.7424 18.6392
0 0 191 64.6311 19.6088 43.8342 22.5531
0 0 192 50.17 30.6251 19.6114 18.3946
0 0 193 18.8759 11.2926 -6.81444 8.3602
0 0 194 13.243 13.4912 -44.2552 13.2576
0 0 195 3.69006 17.9 -9.75177 30.8752
0 0 196 10.5418 7.1344 28.9062 57.3041
0 0 197 25.003 33.5643 23.5245 51.1836
0 0 198 19.6006 17.9 10.7994 52.4067
0 0 199 14.9559 -2.65148 -3.15285 39.1922
0 0 200 26.4524 16.9203 -4.37003 33.566
0 0 201 69.5393 13.9811 15.2054 30.8752
0 0 202 75.1393 -12.1981 31.6021 15.9484
0 0 203 47.0076 -8.52985 31.3506 14.9699
0 0 204 37.4876 21.5683 10.3065 36.2568
0 0 205 8.10417 5.42558 2.48037 26.9563
0 0 206 -13.6699 -7.29949 15.9397 12.7683
0 0 207 -0.691113 29.896 7.12777 39.4369
0 0 208 1.74653 29.1555 0.277377 35.523
0 0 209 15.2194 0.287704 -0.456954 16.6823
0 0 210 42.1323 -6.57039 12.0267 8.11558
0 0 211 53.1347 -9.01971 16.1812 17.1715
0 0 212 41.1441 -10.7285 9.82367 9.33867
0 0 213 20.3583 -2.90211 9.33076 7.62634
0 0 214 -2.89817 15.7013 5.17627 17.6607
0 0 215 9.58652 15.2115 -7.54877 5.18014
0 0 216 -7.57581 19.119 -7.06593 2.00008
0 0 217 -19.3358 23.0379 12.2681 -0.201492
0 0 218 -5.59934 14.7216 13.7367 -11.2144
0 0 219 28.1653 17.9 3.45612 -21.738
0 0 220 30.3724 6.88378 15.4468 -9.74665
0 0 221 13.7371 4.19522 27.4375 2.48932
0 0 222 -16.3711 13.7419 -8.77601 16.4376
0 0 223 -44.9969 -4.12107 -18.0708 23.0424
0 0 224 -24.2111 -8.03998 -14.4092 9.58329
0 0 225 -11.9899 -7.78935 -12.6891 2.73394
0 0 226 -22.7617 2.72563 3.45612 20.8408
0 0 227 -28.1311 -13.6677 13.7367 16.4376
0 0 228 -15.4158 -21.7448 17.4084 11.2956
0 0 229 15.9441 -0.692024 19.6114 21.8193
0 0 230 6.39123 4.19522 30.1334 19.1285
0 0 231 12.5183 -6.57039 39.1868 -0.690731
0 0 232 85.4499 -2.65148 8.35501 -1.91383
0 0 233 143.92 18.1506 -1.92561 -3.87578
0 0 234 273.873 26.9568 11.7752 -32.2616
0 0 235 498.268 41.8806 10.3065 -71.6554
0 0 236 804.39 161.544 -17.588 -70.9215
0 0 237 1144.51 317.902 60.7238 -24.9181
0 0 238 1432.25 394.981 273.368 -14.1498
0 0 239 1687.51 321.092 512.941 -75.5693
0 0 240 1949.32 29.896 607.398 -195.967
0 0 241 2095.22 -302.904 428.513 -255.18
0 0 242 1980.16 -351.594 233.483 -214.563
0 0 243 1399.27 -195.476 143.19 -97.1058
0 0 244 655.595 -66.5161 30.6163 -9.25741
0 0 245 233.981 -7.55012 -14.8921 13.2576
0 0 246 121.422 -21.984 4.92478 0.532367
0 0 247 102.085 -32.7496 36.4909 18.6392
0 0 248 58.5041 -23.4536 10.7994 46.7805
0 0 249 39.6618 -5.1008 -7.06593 33.8106
0 0 250 74.4146 -15.6272 11.5338 3.71242
0 0 251 101.591 -12.688 18.3842 -11.2144
0 0 252 58.7676 19.3696 3.2147 -13.1713
0 0 253 18.1512 8.84323 -2.65994 8.11558
0 0 254 -10.0134 -17.0968 -7.80026 6.89248
0 0 255 -20.7523 -0.20216 -19.2981 -5.58812
0 0 256 -16.6346 17.9 -14.1577 -2.65268
0 0 257 18.3489 -1.67175 -22.9697 -1.17997
0 0 258 23.7841 -2.41224 -44.2552 14.7253
0 0 259 -8.5311 10.3128 -41.8108 3.22318
0 0 260 -15.4158 10.8027 -30.0615 -20.0257
0 0 261 -22.9922 31.6048 -10.979 -33.974
0 0 262 -16.6346 12.2723 1.25313 -34.7078
0 0 263 3.22888 6.64454 1.74604 -19.781
0 0 264 16.1747 7.62427 -23.2111 -23.9396
0 0 265 -16.6346 18.6291 -35.2018 -19.2918
0 0 266 0.758297 25.9771 -10.4861 2.00008
0 0 267 52.41 34.2934 -2.90137 34.7891
0 0 268 70.4946 26.4669 -26.1485 48.0036
0 0 269 70.0335 12.033 -9.26892 10.5618
0 0 270 79.0593 -27.3725 30.1334 0.043128
0 0 271 55.0782 -25.9029 37.4767 23.5316
0 0 272 58.7676 -0.692024 -5.10436 14.9699
0 0 273 80.7723 5.66481 -31.2888 -17.5795
0 0 274 45.2617 4.44585 -29.5787 -19.0472
0 0 275 11.2665 6.88378 -10.4861 15.9484
0 0 276 -3.91934 19.3696 -10.7376 32.5875
0 0 277 11.0359 22.3088 -5.59727 25.2439
0 0 278 25.9583 23.2885 -3.15285 18.6392
0 0 279 18.1512 20.0987 -9.01744 -13.6606
0 0 280 42.6265 14.7216 -18.3223 -17.5795
0 0 281 34.7865 -2.16162 -42.0522 -18.0687
0 0 282 36.4994 -23.2144 -17.8294 -20.2703
0 0 283 51.9158 -31.7699 4.68336 8.84943
0 0 284 42.6265 5.91544 4.44194 8.60481
0 0 285 34.0618 37.4718 15.4468 -9.74665
0 0 286 23.5206 40.411 24.9931 -3.14192
0 0 287 6.88534 29.896 0.5188 -10.2359
0 0 288 1.97712 17.4102 1.98746 -4.36502
0 0 289 15.6806 -22.2346 2.23894 37.2353
0 0 290 26.7159 -47.1949 -17.588 23.5316
0 0 291 -11.2652 -31.5307 -31.5302 0.043128
0 0 292 -3.1617 -3.63121 -17.3365 19.1285
0 0 293 40.4194 19.6088 2.48037 1.02161
0 0 294 28.9229 24.9973 -5.35584 -11.2144
0 0 295 10.5418 -4.3717 -8.53459 -1.17997
0 0 296 14.9559 -3.39197 7.12777 2.00008
0 0 297 4.94182 1.0168 -1.19128 23.287
0 0 298 3.95358 11.7824 -3.88718 21.8193
0 0 299 35.5112 13.7419 -1.68419 -0.93535
0 0 300 15.2194 13.4912 -6.57302 0.287748
0 0 301 25.003 11.5432 -9.51034 -8.03431
0 0 302 80.0476 -4.61093 1.98746 -12.4375
0 0 303 99.1534 -17.8259 9.08934 -27.8535
0 0 304 46.5135 -10.9792 27.689 -11.7036
0 0 305 -3.91934 -0.20216 18.1427 42.8665
0 0 306 -12.484 -10.4893 2.23894 32.8321
0 0 307 -2.17346 -22.7245 -10.0032 -5.83274
0 0 308 -2.66758 -20.5144 -27.3757 -13.4159
0 0 309 0.527709 7.8635 -36.1877 -7.78969
0 0 310 4.4477 1.25604 -27.8686 10.8064
0 0 311 -21.2793 -9.01971 -0.456954 5.914
0 0 312 -31.3263 6.4053 15.4468 12.0295
0 0 313 -25.1993 8.84323 5.17627 -3.63116
0 0 314 -38.1781 2.97626 -18.8052 -32.012
0 0 315 -28.5922 3.70536 -20.5253 -14.8837
0 0 316 -0.460525 9.82296 -8.77601 13.2576
0 0 317 8.82887 8.11413 -8.2831 4.93552
0 0 318 -0.691113 8.11413 -11.7133 1.02161
0 0 319 -10.5076 4.19522 -22.2354 10.3172
0 0 320 -10.5076 -4.3717 -19.2981 4.6909
0 0 321 -4.41346 -17.0968 4.68336 12.5187
0 0 322 -16.8981 -31.7699 22.7901 20.3515
0 0 323 -12.484 -15.6272 -1.43271 0.532367
0 0 324 21.083 7.1344 -14.8921 -0.201492
0 0 325 12.0242 4.93571 -40.8351 7.87096
0 0 326 -4.87463 16.1912 -42.2937 8.84943
0 0 327 -3.62287 19.6088 -22.2354 0.776987
0 0 328 13.243 3.21549 -28.6029 16.4376
0 0 329 18.1512 10.8027 -13.9163 -7.05583
0 0 330 8.82887 20.8392 -10.4861 -17.5795
0 0 331 19.1065 30.6251 -22.4768 -17.0852
0 0 332 9.0924 12.2723 -31.0473 -21.4934
0 0 333 14.9559 5.17495 -30.313 -19.5364
0 0 334 20.0947 4.68509 -4.12861 -10.7251
0 0 335 26.7159 12.033 -0.456954 -28.0981
0 0 336 43.5817 6.4053 -5.59727 -4.60964
0 0 337 57.5488 -7.06025 -0.698377 20.5962
0 0 338 47.5017 11.7824 -20.0324 11.7849
0 0 339 55.0782 2.23577 -12.4477 12.0295
0 0 340 69.0452 1.7459 2.97327 29.4075
0 0 341 50.4335 18.8797 8.35501 21.33
0 0 342 18.6124 16.9203 -2.16704 -1.17997
0 0 343 -6.35698 14.9608 -20.2738 4.20166
0 0 344 -27.4064 1.99653 -27.8686 23.5316
0 0 345 -36.9593 -6.80963 -7.30735 24.7547
0 0 346 1.02183 -11.9475 4.68336 17.9054
0 0 347 23.2571 -16.8461 -20.5253 -4.85426
0 0 348 19.6006 -7.29949 -21.994 -18.3133
0 0 349 5.89711 15.4507 -4.12861 1.51085
0 0 350 -10.7711 16.9203 5.17627 8.3602
0 0 351 2.73476 -2.16162 -4.12861 0.043128
0 0 352 14.4618 -9.99944 -13.4234 -3.63116
0 0 353 4.67829 -1.92238 -15.8779 8.60481
0 0 354 12.5183 -12.4374 -8.04168 -8.76817
0 0 355 -2.89817 -12.9272 -3.88718 -10.4805
0 0 356 -8.03698 -2.65148 -10.979 21.33
0 0 357 -11.9899 -5.35143 -14.1577 10.3172
0 0 358 -18.084 5.91544 -11.2204 6.40324
0 0 359 0.527709 4.44585 -17.8294 24.2655
0 0 360 37.2241 2.23577 -18.8052 12.5187
0 0 361 12.0242 -0.942652 -25.6656 -8.27893
0 0 362 -23.4864 -1.92238 -17.0951 -5.83274
0 0 363 -27.9005 7.8635 -10.4861 12.2741
0 0 364 12.2547 21.8189 7.8621 -8.27893
0 0 365 32.3159 -7.78935 17.8912 -28.0981
0 0 366 28.9229 -17.0968 -0.94986 -14.639
0 0 367 -22.7617 -9.50957 -10.4861 9.82791
0 0 368 -54.8134 -10.9792 -1.68419 -3.38654
0 0 369 -22.4981 -10.7285 17.167 -12.1928
0 0 370 -3.91934 9.3331 16.1812 -8.52355
0 0 371 -27.9005 27.4467 -10.979 -0.201492
0 0 372 -34.7522 7.1344 1.74604 20.8408
0 0 373 -12.1876 -10.4893 2.97327 26.7117
0 0 374 -14.6911 -2.16162 13.0024 4.20166
0 0 375 -37.4534 24.9973 7.8621 -7.54507
0 0 376 -44.2722 34.544 -22.4768 5.42476
0 0 377 -29.1193 -2.90211 -5.59727 21.5746
0 0 378 -1.90993 -9.50957 4.19045 13.7468
0 0 379 4.4477 1.7459 7.8621 -3.87578
0 0 380 -11.9899 2.23577 13.7367 -23.2057
0 0 381 -22.4981 -0.20216 13.9782 -5.83274
0 0 382 -27.6369 -10.9792 -5.10436 38.703
0 0 383 -14.6911 13.7419 -5.83869 45.3127
0 0 384 -0.954641 26.7062 0.277377 29.1628
0 0 385 6.65476 26.2163 1.01171 26.7117
0 0 386 -25.4628 23.7784 -11.9548 17.9054
0 0 387 -50.6298 30.8643 -21.7425 -2.8973
0 0 388 -41.604 34.544 -15.385 -4.1204
0 0 389 -40.6157 8.84323 -38.3906 16.9269
0 0 390 -51.1569 -2.16162 -27.1343 7.1371
0 0 391 -46.2487 2.97626 -23.9455 3.4678
0 0 392 -34.4558 6.64454 -22.7283 -6.07735
0 0 393 -46.7428 -12.1981 -10.2447 -15.8621
0 0 394 -33.2699 1.25604 -19.2981 -23.4503
0 0 395 -27.4064 18.3899 -20.0324 -9.50203
0 0 396 -31.3263 12.2723 -26.6414 7.38172
0 0 397 -20.0275 0.766175 -33.7332 13.9914
0 0 398 -16.1076 -0.20216 -28.6029 38.9476
0 0 399 4.67829 25.4872 6.15202 30.6306
0 0 400 22.0712 -0.452788 10.7994 -16.596
0 0 401 -7.80639 -1.67175 -29.5787 -13.1713
0 0 402 -5.10522 21.0784 -9.01744 -13.4159
0 0 403 17.8877 0.287704 12.0267 -40.0895
0 0 404 20.5888 -9.74881 -2.65994 -32.012
0 0 405 20.5888 -7.06025 -20.7667 -3.38654
0 0 406 35.9723 -4.12107 -27.6171 -4.1204
0 0 407 34.0618 11.7824 -23.2111 -31.5228
0 0 408 30.1418 17.9 -27.3757 -34.9525
0 0 409 9.8171 -10.7285 -33.9847 -55.5055
0 0 410 17.163 -7.06025 12.0267 -61.1317
0 0 411 16.6689 10.5635 42.8585 -21.4934
0 0 412 21.083 15.2115 10.3065 -7.30045
0 0 413 17.3606 -3.39197 1.01171 12.0295
0 0 414 6.65476 -20.0246 18.3842 29.6521
0 0 415 20.5888 -12.4374 23.7659 17.1715
0 0 416 31.3606 -0.942652 13.2438 -2.65268
0 0 417 29.6477 0.766175 11.5338 15.2145
0 0 418 47.2382 5.66481 3.94903 45.0681
0 0 419 62.9182 -14.6474 11.7752 20.3515
0 0 420 60.1841 -4.86156 24.2588 -9.99127
0 0 421 46.2829 -13.6677 24.2588 -28.3427
0 0 422 28.9229 -28.3522 4.68336 -30.2997
0 0 423 36.2359 -36.1787 14.964 -20.0257
0 0 424 50.17 -10.4893 12.761 12.0295
0 0 425 20.5888 14.471 5.65911 7.87096
0 0 426 10.7724 11.2926 7.62068 -11.2144
0 0 427 33.7653 4.19522 12.5095 -11.7036
0 0 428 42.857 -20.5144 3.7076 -27.8535
0 0 429 27.6712 -25.9029 -2.41852 -24.1842
0 0 430 9.58652 -11.9475 -5.35584 -10.7251
0 0 431 32.81 -13.6677 2.72179 -12.1928
0 0 432 17.8877 -11.9475 1.98746 -33.7294
0 0 433 -10.7711 -4.61093 1.25313 -18.8026
0 0 434 -0.196996 -12.4374 6.88635 19.3731
0 0 435 -2.17346 -11.9475 13.2438 10.0725
0 0 436 -13.1758 -4.61093 3.2147 3.4678
0 0 437 19.6006 -14.1576 -7.30735 -15.1283
0 0 438 70.7582 -1.92238 17.8912 -45.7157
0 0 439 71.4829 11.7824 -3.39428 -50.8577
0 0 440 40.4194 2.72563 -1.92561 -43.2695
0 0 441 -9.51933 14.7216 -2.41852 2.48932
0 0 442 -7.04875 4.68509 -16.1193 36.0122
0 0 443 -9.78286 -20.0246 -14.1577 35.0337
0 0 444 -29.1193 -24.1827 -12.9406 21.5746
0 0 445 -29.1193 -0.452788 -0.698377 21.33
0 0 446 -5.10522 -7.06025 -7.30735 10.0725
0 0 447 4.4477 -19.5347 -14.8921 9.33867
0 0 448 -6.62051 -13.6677 0.277377 17.9054
0 0 449 -4.6111 -2.65148 13.2438 3.22318
0 0 450 -29.844 12.7621 19.8528 3.71242
0 0 451 -46.4463 6.15468 3.45612 9.09405
0 0 452 -43.3169 1.25604 -13.6749 -3.38654
0 0 453 -57.7451 14.471 -31.0473 -15.3729
0 0 454 -58.7334 9.58372 -31.5302 11.7849
0 0 455 -42.0652 -14.6474 9.33076 30.1413
0 0 456 -37.8816 2.97626 2.97327 18.6392
0 0 457 -26.9122 24.2682 -4.37003 12.5187
0 0 458 -22.2675 26.9568 -1.43271 6.15862
0 0 459 -41.1099 29.4061 -11.4719 -0.93535
0 0 460 -32.3146 22.548 -13.4234 7.62634
0 0 461 -26.9122 -1.67175 2.72179 16.9269
0 0 462 -27.9005 -16.3563 1.50461 12.0295
0 0 463 -22.2675 5.42558 0.277377 -6.81121
0 0 464 17.3606 5.91544 23.5245 -10.4805
0 0 465 45.7888 -11.2184 4.68336 -24.6734
0 0 466 53.6288 1.25604 -20.0324 -20.5149
0 0 467 55.5723 8.11413 -27.8686 -2.15845
0 0 468 54.617 -4.61093 -9.26892 -27.1196
0 0 469 15.9441 -26.3928 -22.2354 -33.4847
0 0 470 -1.90993 -2.90211 -26.3999 -19.2918
0 0 471 4.18417 19.8595 -20.2738 -2.65268
0 0 472 19.8641 25.9771 -9.75177 -8.03431
0 0 473 30.3724 1.99653 4.19045 -14.1498
0 0 474 19.8641 -22.4739 1.01171 0.287748
0 0 475 24.5088 -19.0448 -3.15285 -4.60964
0 0 476 8.10417 -5.59066 11.0408 -31.7674
0 0 477 -3.1617 0.766175 10.558 -50.1239
0 0 478 16.6689 -2.16162 -11.7133 -60.8871
0 0 479 10.7724 24.2682 -5.83869 -42.7803
0 0 480 -20.7523 16.6811 5.17627 -16.8406
