0 0 0 1.57604e-07 -6.01321e-05 -1.22071e-06 -8.79234e-06
0 0 1 1.57604e-07 -6.01321e-05 -1.22071e-06 -8.79234e-06
0 0 2 1.57604e-07 -6.01321e-05 -1.22071e-06 -8.79234e-06
0 0 3 1.57604e-07 -6.01321e-05 -1.22071e-06 -8.79234e-06
0 0 4 1.57604e-07 -6.01321e-05 -1.22071e-06 -8.79234e-06
0 0 5 1.57604e-07 -6.01321e-05 -1.22071e-06 -8.79234e-06
0 0 6 1.57604e-07 -6.01321e-05 -1.22071e-06 -8.79234e-06
0 0 7 1.57604e-07 -6.01321e-05 -1.22071e-06 -8.79234e-06
0 0 8 1.57604e-07 -6.01321e-05 -1.22071e-06 -8.79234e-06
0 0 9 1.57604e-07 -6.01321e-05 -1.22071e-06 -8.79234e-06
0 0 10 1.57604e-07 -6.01321e-05 -1.22071e-06 -8.79234e-06
0 0 11 1.57604e-07 -6.01321e-05 -1.22071e-06 -8.79234e-06
0 0 12 1.57604e-07 -6.01321e-05 -1.22071e-06 -8.79234e-06
0 0 13 1.57604e-07 -6.01321e-05 -1.22071e-06 -8.79234e-06
0 0 14 1.57604e-07 -6.01321e-05 -1.22071e-06 -8.79234e-06
0 0 15 1.57604e-07 -6.01321e-05 -1.22071e-06 -8.79234e-06
0 0 16 1.57604e-07 -6.01321e-05 -1.22071e-06 -8.79234e-06
0 0 17 1.57604e-07 -6.01321e-05 -1.22071e-06 -8.79234e-06
0 0 18 1.57604e-07 -6.01321e-05 -1.22071e-06 -8.79234e-06
0 0 19 1.57604e-07 -6.01321e-05 -1.22071e-06 -8.79234e-06
0 0 20 1.57604e-07 -6.01321e-05 -1.22071e-06 -8.79234e-06
0 0 21 1.57604e-07 -6.01321e-05 -1.22071e-06 -8.79234e-06
0 0 22 1.57604e-07 -6.01321e-05 -1.22071e-06 -8.79234e-06
0 0 23 1.57604e-07 -6.01321e-05 -1.22071e-06 -8.79234e-06
0 0 24 1.57604e-07 -6.01321e-05 -1.22071e-06 -8.79234e-06
0 0 25 1.57604e-07 -6.01321e-05 -1.22071e-06 -8.79234e-06
0 0 26 1.57604e-07 -6.01321e-05 -1.22071e-06 -8.79234e-06
0 0 27 1.57604e-07 -6.01321e-05 -1.22071e-06 -8.79234e-06
0 0 28 1.57604e-07 -6.01321e-05 -1.22071e-06 -8.79234e-06
0 0 29 1.57604e-07 -6.01321e-05 -1.22071e-06 -8.79234e-06
0 0 30 1.57604e-07 -6.01321e-05 -1.22071e-06 -8.79234e-06
0 0 31 1.57604e-07 -6.01321e-05 -1.22071e-06 -8.79234e-06
0 0 32 1.57604e-07 -6.01321e-05 -1.22071e-06 -8.79234e-06
0 0 33 1.57604e-07 -6.01321e-05 -1.22071e-06 -8.79234e-06
0 0 34 1.57604e-07 -6.01321e-05 -1.22071e-06 -8.79234e-06
0 0 35 1.57604e-07 -6.01321e-05 -1.22071e-06 -8.79234e-06
0 0 36 1.57604e-07 -6.01321e-05 -1.22071e-06 -8.79234e-06
0 0 37 1.57604e-07 -6.01321e-05 -1.22071e-06 -8.79234e-06
0 0 38 1.57604e-07 -6.01321e-05 -1.22071e-06 -8.79234e-06
0 0 39 1.57604e-07 -6.01321e-05 -1.22071e-06 -8.79234e-06
0 0 40 1.57604e-07 -6.01321e-05 -1.22071e-06 -8.79234e-06
0 0 41 1.57604e-07 -6.01321e-05 -1.22071e-06 -8.79234e-06
0 0 42 1.57604e-07 -6.01321e-05 -1.22071e-06 -8.79234e-06
0 0 43 1.57604e-07 -6.01321e-05 -1.22071e-06 -8.79234e-06
0 0 44 1.57604e-07 -6.01321e-05 -1.22071e-06 -8.79234e-06
0 0 45 1.57604e-07 -6.01321e-05 -1.22071e-06 -8.79234e-06
0 0 46 1.57604e-07 -6.01321e-05 -1.22071e-06 -8.79234e-06
0 0 47 1.57604e-07 -6.01321e-05 -1.22071e-06 -8.79234e-06
0 0 48 1.57604e-07 -6.01321e-05 -1.22071e-06 -8.79234e-06
0 0 49 1.57604e-07 -6.01321e-05 -1.22071e-06 -8.79234e-06
0 0 50 1.57604e-07 -6.01321e-05 -1.22071e-06 -8.79234e-06
0 0 51 1.57604e-07 -6.01321e-05 -1.22071e-06 -8.79234e-06
0 0 52 1.57604e-07 -6.01321e-05 -1.22071e-06 -8.79234e-06
0 0 53 1.57604e-07 -6.01321e-05 -1.22071e-06 -8.79234e-06
0 0 54 1.57604e-07 -6.01321e-05 -1.22071e-06 -8.79234e-06
0 0 55 1.57604e-07 -6.01321e-05 -1.22071e-06 -8.79234e-06
0 0 56 1.57604e-07 -6.01321e-05 -1.22071e-06 -8.79234e-06
0 0 57 1.57604e-07 -6.01321e-05 -1.22071e-06 -8.79234e-06
0 0 58 1.57604e-07 -6.01321e-05 -1.22071e-06 -8.79234e-06
0 0 59 1.57604e-07 -6.01321e-05 -1.22071e-06 -8.79234e-06
0 0 60 1.57604e-07 -6.01321e-05 -1.22071e-06 -8.79234e-06
0 0 61 -0.00144345 0.000551264 -0.00911544 0.0148002
0 0 62 -0.0150217 -0.00189432 0.000981417 0.00311818
0 0 63 -0.0109001 0.0176704 -0.0116662 -0.00960312
0 0 64 -0.00315904 0.0231729 -0.0135664 -0.00454615
0 0 65 0.000585968 -0.00861968 -0.0270494 -0.0142982
0 0 66 0.00832704 0.0115564 -0.00751994 0.00244082
0 0 67 -2.07642e-05 0.00788802 -0.0157166 -0.00761745
0 0 68 -0.00815935 -0.00739689 0.00694914 0.0180942
0 0 69 -0.00905899 -0.00739689 0.0101059 -0.0134353
0 0 70 -0.0146451 0.00911081 -0.0113033 0.0197552
0 0 71 -0.0120927 -0.00372851 -0.000908534 -0.0104568
0 0 72 0.0167795 0.0121678 0.0170152 0.000186063
0 0 73 -0.000564731 0.00421964 0.000974569 -0.0152818
0 0 74 -0.00351471 0.0182818 -0.0125804 -0.00541836
0 0 75 -0.000167217 -0.0147336 0.00478871 -0.00681019
0 0 76 -0.000815793 -0.00861968 0.00260431 0.00182842
0 0 77 -0.00328457 0.00177406 -0.00463023 0.00643073
0 0 78 0.0162146 0.00972221 0.0246606 0.00752563
0 0 79 -0.000815793 0.0195046 -0.0191712 -0.000528408
0 0 80 -0.0157121 -0.0110653 -0.0168807 -0.0104846
0 0 81 -0.00874516 0.0201159 0.0117459 0.00474198
0 0 82 0.00299198 0.00911081 -0.0109506 0.00815659
0 0 83 -0.00161082 -0.00372851 0.0236985 -0.00326567
0 0 84 0.00198773 0.0121678 -0.00121325 0.00392544
0 0 85 0.0108795 0.00177406 0.00132722 0.00077991
0 0 86 -0.00435158 0.00849942 -0.0320516 0.0220192
0 0 87 -0.00847318 0.00544244 0.00573711 -0.000602639
0 0 88 -0.0128668 0.00605383 0.0205315 0.00410174
0 0 89 -0.00192465 -0.0049513 0.0105202 -0.0031636
0 0 90 0.000188454 0.0146134 -0.0109609 -9.2302e-05
0 0 91 0.00121362 -0.00128292 0.0154916 -0.00221716
0 0 92 -0.00659021 0.00177406 0.0158408 -0.000166533
0 0 93 0.00223879 0.0115564 -0.0149531 0.0037213
0 0 94 -0.00878701 -0.03063 -0.00892713 0.00880611
0 0 95 0.0125323 -0.00250572 0.00329592 0.014327
0 0 96 0.00127639 0.00177406 -0.0140252 0.0031089
0 0 97 -0.00163174 0.00849942 -0.0244097 -0.00497298
0 0 98 -0.0116324 -0.000671529 0.0140193 -0.00188312
0 0 99 -0.00991678 0.017059 -0.0127892 -0.00940827
0 0 100 0.00981249 0.00849942 -0.00772537 0.00716376
0 0 101 -0.0163189 0.0146134 -0.0165691 -0.00151197
0 0 102 0.00108809 -0.0135109 0.000789683 -0.0151797
0 0 103 0.00399622 0.0195046 -0.003045 -0.0038224
0 0 104 0.00236432 -0.0165678 -0.00516435 0.00428731
0 0 105 -0.0290812 -0.00433991 0.0105887 -0.00508432
0 0 106 0.00431005 0.00116266 -0.0108684 0.00189337
0 0 107 -0.0204823 -0.0202362 0.000799954 -0.0011037
0 0 108 0.00380793 -0.0171792 -0.00768771 -0.000454177
0 0 109 0.00956143 -0.0049513 0.0155703 -0.00492658
0 0 110 -0.00882885 -0.00250572 0.00399781 0.00557707
0 0 111 0.00736464 0.017059 -0.0127173 -0.000444898
0 0 112 -0.0285372 -0.00923108 -0.00854024 -0.0123682
0 0 113 -0.00721787 0.00177406 0.00525435 -0.00794221
0 0 114 -0.0158377 -0.018402 -0.00572243 0.00959481
0 0 115 0.0082852 -0.00128292 0.00624041 0.000668564
0 0 116 -0.0137455 -0.0055627 0.00905137 0.00181914
0 0 117 0.0123231 -0.00189432 -0.00826976 -0.00216149
0 0 118 -0.0119462 0.00911081 -0.011091 0.014494
0 0 119 0.00684159 -6.01321e-05 0.00273099 0.00810092
0 0 120 -0.00721787 -0.0202362 0.00970532 0.00871332
0 0 121 -0.0140802 -0.00189432 0.000211056 0.0252668
0 0 122 -0.000229982 -0.027573 -0.0239338 -0.00437913
0 0 123 -0.0197082 0.0115564 -9.02402e-05 -0.00944538
0 0 124 -0.0066739 -0.0263502 0.00529544 -0.00432346
0 0 125 -0.00623454 0.0225615 -0.00515408 0.0014851
0 0 126 0.0114235 0.0133906 -0.00422964 0.00738645
0 0 127 -0.0120299 -0.00433991 -0.0198354 0.00829578
0 0 128 0.00014661 -0.00739689 0.0116466 -0.0203851
0 0 129 0.0125114 0.00177406 0.0015395 0.00116034
0 0 130 0.0010044 -0.000671529 0.0103764 -0.000361389
0 0 131 -0.0145196 -0.0165678 0.00948962 0.00830506
0 0 132 -0.00491647 0.00666523 0.004686 0.00290477
0 0 133 -0.0034101 -0.00433991 0.0103798 0.0118217
0 0 134 0.00458204 0.0127792 0.0204493 0.00143871
0 0 135 -0.00679943 0.00972221 0.00187504 -0.0107166
0 0 136 0.00631855 -0.0165678 -0.000326484 -0.0111712
0 0 137 -0.00947742 -0.00433991 0.0157073 0.00367491
0 0 138 -0.0121763 0.00299685 -0.00414405 -0.00668028
0 0 139 -0.0124692 -0.0061741 0.000919788 -0.00659677
0 0 140 0.000460438 -0.0049513 0.00568575 0.00127169
0 0 141 0.0108167 0.00421964 0.0267731 0.00957626
0 0 142 -0.00972849 0.00972221 -0.0214686 -0.00532557
0 0 143 -0.00627639 -0.015345 -0.0132275 -0.0194851
0 0 144 -0.0061927 -0.0061741 0.00666839 0.0125177
0 0 145 -0.00828488 0.0195046 -0.00374689 -0.0162746
0 0 146 -0.00426789 0.00605383 -0.0153639 0.00085414
0 0 147 0.00861995 0.000551264 -0.0134637 0.00842568
0 0 148 0.0044565 -0.00861968 -0.0150626 0.00713592
0 0 149 -0.000836715 0.00299685 -0.00624628 0.00604102
0 0 150 -0.00217571 0.00666523 0.012328 -0.00229139
0 0 151 0.00315935 0.0250071 0.0160839 -0.000491292
0 0 152 -0.00924728 0.0201159 -0.0188905 -0.00324711
0 0 153 0.00993802 0.0103336 0.00510028 -0.00983509
0 0 154 0.0152103 -0.0232932 -0.0109027 0.0122764
0 0 155 0.00115086 -0.0061741 -0.00714332 -0.0029873
0 0 156 0.0148337 0.017059 0.00319663 -0.00801644
0 0 157 0.0114653 -0.0104539 0.00323772 -0.00489875
0 0 158 0.00142284 -0.0141222 0.00892469 -0.0158571
0 0 159 -0.00192465 -0.00372851 -0.00462338 0.000204621
0 0 160 -2.07642e-05 -0.0049513 0.0218085 -0.0083412
0 0 161 -0.00146437 0.00299685 -0.00456176 0.00492755
0 0 162 0.00753201 -0.00984247 0.0121431 0.0024501
0 0 163 0.00315935 0.010945 0.00390536 0.000306688
0 0 164 0.00726003 -6.01321e-05 0.0187168 0.00045515
0 0 165 -0.0171976 0.017059 -0.00339423 0.0034615
0 0 166 0.00571181 -0.00678549 -0.00335657 -0.00124288
0 0 167 -0.00633915 0.00849942 -0.00492126 -0.00915774
0 0 168 0.00136008 0.00911081 -0.0127755 0.00187481
0 0 169 0.00757385 0.0133906 -0.00520886 0.00528943
0 0 170 0.00169482 0.0115564 -0.0285525 -0.00594726
0 0 171 0.0175326 -0.00800829 -0.00209318 0.00881539
0 0 172 -0.00336825 -0.0177906 0.0039533 0.00899169
0 0 173 0.0271985 0.0146134 0.0130162 0.00013039
0 0 174 0.000209376 -0.0196248 0.00521669 0.00644001
0 0 175 -0.00548136 -0.0104539 0.0117939 0.00464919
0 0 176 0.00269907 0.0103336 -0.0102522 0.00467703
0 0 177 0.00378701 0.0152248 -0.00212742 -0.00668956
0 0 178 0.011026 0.00605383 0.00363488 -0.0110692
0 0 179 0.0119674 0.00116266 -0.0139533 -0.00216149
0 0 180 0.0126997 0.0133906 0.0177856 -0.00106658
0 0 181 0.00899654 0.0133906 0.013718 -0.00982581
0 0 182 0.00592103 -0.0135109 -0.0039078 0.0121465
0 0 183 -0.0068622 0.0115564 0.0215723 0.000520102
0 0 184 0.00583734 0.00421964 0.0030049 -0.000881004
0 0 185 0.0119256 -0.00433991 0.0103113 0.00355429
0 0 186 0.00242709 0.00849942 0.00461067 0.00589255
0 0 187 0.0140178 0.0152248 0.00109783 0.0144384
0 0 188 -0.00931005 -0.0128995 0.0159333 -0.000973793
0 0 189 -0.00108778 0.000551264 0.0090411 0.000445871
0 0 190 0.00407991 -0.00128292 0.00652117 0.00347078
0 0 191 -0.000271826 -0.00800829 -0.00573613 -0.0087773
0 0 192 -0.00294982 -0.0061741 -0.0123989 -0.0118022
0 0 193 0.0176791 0.00238545 -0.0171101 -0.0018924
0 0 194 -0.000418279 -0.024516 0.0125163 0.0029326
0 0 195 0.000732421 -0.0116767 0.0229418 0.0105413
0 0 196 0.0162146 0.00421964 -0.00196992 -0.000537687
0 0 197 0.00060689 0.00421964 -0.021811 0.00537294
0 0 198 -0.000229982 0.000551264 -0.0129707 0.0191891
0 0 199 -0.00311719 -0.0122881 -0.00285669 -0.00883298
0 0 200 0.00263631 -0.00128292 -0.00539717 0.00623587
0 0 201 0.0182231 0.00177406 0.0163304 -0.0177036
0 0 202 0.00508416 0.000551264 -0.00792395 0.0073215
0 0 203 0.0076157 0.00788802 0.000899245 -0.0149849
0 0 204 0.0103355 -0.00311711 -0.00819786 -0.00178105
0 0 205 -0.0158167 0.00911081 0.00811667 -0.000630475
0 0 206 -0.000836715 -0.00250572 -0.0142272 -0.00833192
0 0 207 0.0044565 -0.0269616 -0.00914283 0.000668564
0 0 208 -0.00330549 -6.01321e-05 0.00245366 0.00299755
0 0 209 0.00207142 0.010945 0.000262414 -0.00450903
0 0 210 0.0104401 0.00421964 0.00749353 -0.00312649
0 0 211 0.0107749 0.00605383 0.00594939 0.000789189
0 0 212 -0.00288705 0.00605383 0.0191962 -0.0135559
0 0 213 -0.00443527 -0.00433991 -0.00406188 0.00708953
0 0 214 -0.00537675 0.0146134 0.00060822 0.00475126
0 0 215 0.0137458 0.00911081 0.0116911 -0.000556244
0 0 216 -0.01226 0.0195046 -0.0192397 -0.00180889
0 0 217 0.0085781 0.00360825 0.0047579 -0.00311721
0 0 218 -0.0111093 0.0182818 -0.00690023 0.00911232
0 0 219 -0.000753028 0.00544244 0.0119787 0.0235502
0 0 220 0.0143107 0.00605383 0.0110646 -0.00593798
0 0 221 -0.00466541 0.0121678 -0.01383 -0.0011037
0 0 222 -0.00784552 -0.00433991 0.00379238 -0.00269966
0 0 223 -0.00263599 0.0133906 -0.00787259 -0.00325639
0 0 224 0.00154837 -0.00678549 0.000358281 0.012694
0 0 225 0.00556536 0.00605383 0.000618492 -0.0025512
0 0 226 -0.00351471 -0.0055627 -0.0078452 -0.00714423
0 0 227 0.0118628 -0.0141222 0.0204904 0.00305323
0 0 228 -0.0143731 0.00421964 -0.0198457 0.0190778
0 0 229 0.016905 -0.021459 -0.0134295 0.0148466
0 0 230 0.00117178 -0.0141222 0.00485719 0.00661631
0 0 231 0.0180138 -6.01321e-05 -0.0181578 0.010634
0 0 232 -0.00583703 -0.0049513 -0.0109301 0.0042038
0 0 233 0.00449835 -0.00739689 -0.00398655 0.0125919
0 0 234 -0.00251046 0.00238545 -0.0339347 -0.00398942
0 0 235 -0.00353563 -0.00800829 0.00134434 0.00621731
0 0 236 0.0025317 0.00666523 -0.0244781 -0.00523278
0 0 237 -0.0020711 -0.0281844 -0.0155899 0.0133806
0 0 238 0.00663237 0.0146134 -0.013135 0.00682972
0 0 239 0.00106717 0.0115564 0.0183471 0.0189015
0 0 240 -0.0132224 0.0213387 0.0117425 -0.00311721
0 0 241 -0.00192465 -0.0135109 -0.0259881 0.00180986
0 0 242 0.00866179 0.00421964 0.0331517 0.0117661
0 0 243 -0.0015899 -0.0202362 0.0133517 -0.0113847
0 0 244 -0.00317996 -0.00433991 0.00133749 -0.0124332
0 0 245 -0.00997955 0.017059 -0.00619834 -0.00517711
0 0 246 0.00985433 -0.00984247 -0.00110712 0.00223669
0 0 247 -0.0182855 0.00605383 -0.0124194 0.00759058
0 0 248 -0.0142267 -0.00800829 -0.0123989 -0.003776
0 0 249 -0.00502108 -0.0208476 0.00332674 -0.00716278
0 0 250 -0.00108778 -0.00128292 0.0051893 -0.00181817
0 0 251 -0.01226 0.0115564 0.004888 0.0100866
0 0 252 -0.00244769 -0.0239046 0.00494278 0.00210679
0 0 253 -0.00401683 -0.0196248 0.0121568 0.00180986
0 0 254 -0.0057115 -0.0141222 0.0193674 0.0118496
0 0 255 0.00200865 0.014002 0.00425459 -0.00505649
0 0 256 -0.00464449 0.000551264 0.0165427 0.000195342
0 0 257 0.0044565 -0.00678549 0.00870214 -0.00661533
0 0 258 -0.00303351 0.00483104 0.0108557 -0.0042585
0 0 259 -0.005042 0.00544244 0.0215826 0.00350789
0 0 260 -0.0132224 0.00421964 -0.012416 0.0098639
0 0 261 -0.00970756 0.00972221 0.00615139 0.00693179
0 0 262 0.00121362 0.00849942 0.00867818 -0.00322855
0 0 263 -0.011988 -0.0104539 -0.000685986 -0.00127072
0 0 264 0.00372424 -0.00678549 0.0014813 0.00143871
0 0 265 -0.0177834 -0.00923108 -0.00601688 -0.0101413
0 0 266 0.00997986 -0.0171792 0.004371 -0.00501937
0 0 267 0.00949866 -0.0190134 0.00844193 -0.00736692
0 0 268 -0.00253138 0.0121678 -0.00577037 -0.00159548
0 0 269 0.006465 -0.00189432 0.0138105 0.00151294
0 0 270 -0.00811751 0.0231729 -0.014621 -0.00309865
0 0 271 -8.35297e-05 0.00666523 -0.0108068 0.0117382
0 0 272 0.013955 -0.0055627 0.0213189 -0.000899562
0 0 273 -0.00372393 -0.0128995 0.00716827 -0.00334918
0 0 274 0.0174699 -0.00250572 -0.00981048 0.00277486
0 0 275 -0.00583703 0.0237843 0.00493936 -0.00635552
0 0 276 -0.00510477 0.00177406 -0.00357912 -0.0113383
0 0 277 -0.0071551 0.0158362 -0.014258 0.0131208
0 0 278 0.00083703 0.017059 -0.00858133 0.00615236
0 0 279 -0.0119462 -0.0049513 0.00372048 -0.00688442
0 0 280 -0.0188086 -0.00433991 0.00406971 0.00713592
0 0 281 -0.000334591 -0.0110653 -0.014145 -0.00408221
0 0 282 0.00284552 0.0152248 -0.011382 -0.0137972
0 0 283 0.00295013 -0.00250572 -0.0147887 0.00295116
0 0 284 -0.00870332 -0.00189432 -0.0157714 0.00994741
0 0 285 0.0107749 0.00421964 -0.00631818 0.00347078
0 0 286 0.00163206 0.0115564 -0.00534924 0.00709881
0 0 287 0.0082852 -0.00861968 0.0157141 0.00141087
0 0 288 -0.014938 -0.0239046 0.00886991 0.0144848
0 0 289 0.00307566 -0.00739689 -0.0116285 -0.0014099
0 0 290 0.00161114 -0.00189432 0.013249 0.00142015
0 0 291 -0.000711184 0.00360825 0.00595281 -0.017685
0 0 292 -0.000167217 0.00421964 -0.000357299 0.00816587
0 0 293 0.0101054 -0.0049513 -0.0321064 -0.00132639
0 0 294 -0.00650653 0.00911081 -0.00036757 0.00061289
0 0 295 -0.00217571 -0.0147336 -0.00158988 0.00617092
0 0 296 -0.00483278 -0.0055627 -0.000624357 -0.00439769
0 0 297 -0.000857637 0.010945 0.0176486 0.00254289
0 0 298 -0.00435158 -0.0061741 0.0155019 0.00616164
0 0 299 0.00506324 -0.0055627 -0.0201128 0.00385121
0 0 300 0.00165298 0.00177406 0.00953071 -0.00127072
0 0 301 0.00788768 0.014002 0.0123143 -0.00518639
0 0 302 0.00983341 0.00788802 -0.00183639 0.00610597
0 0 303 0.00106717 0.00483104 0.000693816 0.00719159
0 0 304 -0.000690262 0.00483104 0.00447714 -0.0114125
0 0 305 0.000209376 0.0268413 -0.0109814 0.00292332
0 0 306 0.00150653 0.00421964 -0.00246295 0.00834217
0 0 307 -0.0130341 0.00421964 0.0161147 0.0104763
0 0 308 -0.020294 0.00727662 -0.00218562 -0.00143773
0 0 309 -0.0117161 0.010945 0.00636025 -0.00645759
0 0 310 -0.00104593 0.00421964 0.0142213 0.000677842
0 0 311 -0.00464449 0.0103336 0.010777 -0.00506576
0 0 312 -0.0091636 0.00483104 0.000971146 -0.0165623
0 0 313 0.00324304 0.0146134 -0.0235811 0.0109959
0 0 314 0.00269907 0.00299685 -0.00491441 4.68807e-05
0 0 315 -0.00786644 0.00972221 -0.00457545 -0.0092598
0 0 316 -0.0020711 -0.0165678 -0.00270947 -0.00190168
0 0 317 -0.0025523 0.000551264 0.00420324 0.00270063
0 0 318 0.0104611 -0.00984247 -0.00678724 -0.0146137
0 0 319 -0.00458172 -0.0135109 0.0115165 -0.0043049
0 0 320 -0.000355513 -0.0055627 -0.0159083 0.00734006
0 0 321 -0.00257323 -0.018402 -0.0231086 0.00879683
0 0 322 0.00156929 -0.00128292 -0.00490756 -0.00414716
0 0 323 0.0197294 0.000551264 -0.0197019 -0.0104289
0 0 324 0.000732421 -0.00128292 -0.0165451 0.011033
0 0 325 -0.00470725 -0.00189432 0.0168269 -0.0011037
0 0 326 -0.00786644 -0.0049513 0.0190044 0.00218102
0 0 327 -0.00182004 0.0127792 0.0164537 0.00255217
0 0 328 -0.00430974 0.00544244 -0.00239447 0.000622169
0 0 329 0.00127639 -0.0135109 -0.0102145 0.00357284
0 0 330 -0.00188281 -0.000671529 0.0218736 0.0103464
0 0 331 0.00106717 -0.00923108 -0.00861214 0.0261112
0 0 332 0.0221145 -0.00433991 -0.00483224 0.000492265
0 0 333 0.00441466 -6.01321e-05 0.00301175 0.00669981
0 0 334 0.0113189 0.017059 0.00144363 0.007804
0 0 335 -0.00502108 0.00238545 0.00300832 0.00141087
0 0 336 0.0105029 -0.0049513 -0.0177298 0.00693179
0 0 337 -0.0027406 -0.00678549 0.00807216 0.00120674
0 0 338 0.00286645 0.00238545 0.0112118 0.00695034
0 0 339 -0.00387038 0.00544244 0.011205 0.014958
0 0 340 0.0164447 0.00177406 -0.0218076 0.00496467
0 0 341 0.00677883 0.000551264 0.00932185 -0.0133239
0 0 342 1.57604e-07 -0.0055627 -0.00924555 0.00299755
0 0 343 0.006465 -0.00250572 -0.00700979 -0.0097887
0 0 344 0.00964511 0.0176704 0.020932 0.0110702
0 0 345 -0.00623454 0.00299685 -0.00954 -0.00949178
0 0 346 0.00437282 0.0250071 -0.00992689 -0.000203648
0 0 347 -0.00175727 0.014002 0.0177821 0.00107683
0 0 348 0.00246893 0.00238545 0.00216948 0.013993
0 0 349 -0.010398 -0.0104539 -0.00980021 -0.00828552
0 0 350 0.00387069 -0.00678549 0.00751065 -0.0047874
0 0 351 0.00608841 -0.0055627 -0.0117004 0.0131301
0 0 352 0.00207142 0.00849942 -0.00730766 -0.000741821
0 0 353 -0.0216748 -0.00128292 -0.00820128 -0.00133567
0 0 354 -0.00077395 -0.00923108 0.00436073 0.000798467
0 0 355 0.00431005 0.0335667 -0.00229861 0.00489972
0 0 356 0.00474941 -0.00861968 0.0015532 0.00364707
0 0 357 -0.000941324 0.0115564 -0.0066811 -0.00771024
0 0 358 -0.00688312 -0.00128292 -0.011988 0.0139373
0 0 359 -0.0106281 0.00299685 0.0302072 0.00437082
0 0 360 -0.00238493 0.0219501 0.00367939 0.0149394
0 0 361 0.0208592 0.0256185 0.00780852 -0.00151197
0 0 362 0.0103355 0.00238545 0.00847617 0.016424
0 0 363 -0.00054381 0.00177406 0.00847959 0.019217
0 0 364 0.000355828 0.0237843 -0.00823894 -0.0020687
0 0 365 0.00481217 -0.00250572 0.0110783 -0.0142889
0 0 366 -0.0120299 -0.00311711 0.02552 0.00481621
0 0 367 0.0108586 -0.00923108 -0.00847176 0.0114877
0 0 368 0.0160681 -0.0165678 0.00254953 0.00234804
0 0 369 -0.00673667 0.00849942 0.0163886 -0.00455543
0 0 370 -0.00903807 0.0152248 0.0157484 -0.00982581
0 0 371 -0.000585653 -0.00311711 2.20311e-06 -0.000825331
0 0 372 -0.00870332 -0.00189432 -0.00911202 0.011497
0 0 373 0.00583734 -0.0202362 0.0022722 0.0031089
0 0 374 0.00353594 0.00421964 0.00349793 0.00670909
0 0 375 -0.020566 0.0127792 -0.0157234 0.00498323
0 0 376 0.00474941 -6.01321e-05 -0.00911544 -0.00497298
0 0 377 0.000397672 0.00421964 0.00188531 -0.0079886
0 0 378 -0.00569058 0.00605383 -0.00533896 -0.00736692
0 0 379 -0.00995863 0.0225615 0.000594525 0.00136448
0 0 380 -0.00219663 -0.00739689 -0.00658181 -0.00472245
0 0 381 -0.000229982 0.00605383 0.00819199 0.0139837
0 0 382 -0.0116324 0.00544244 -0.00653045 -0.00453687
0 0 383 -0.003703 0.0115564 0.0196104 -0.00670812
0 0 384 0.00958235 0.00788802 -0.0204141 -0.00198519
0 0 385 0.00328488 -0.00250572 -0.00778015 0.0131115
0 0 386 -0.0110047 0.017059 0.0145535 -0.000259321
0 0 387 -0.00525122 0.00360825 0.0158374 0.0096876
0 0 388 -0.00441435 0.0213387 0.0151766 0.00272847
0 0 389 -0.0173649 -0.015345 0.00233383 0.0141786
0 0 390 -0.0120299 0.0115564 -0.0042947 -0.00366466
0 0 391 0.017972 0.00177406 -0.0185104 0.00944635
0 0 392 0.0143316 0.00727662 -0.0046405 0.00403679
0 0 393 -0.00169451 0.0127792 4.67128e-05 0.00686683
0 0 394 0.00767846 0.00788802 -0.00744462 0.010467
0 0 395 -0.0144777 0.00238545 -0.0197738 0.0164426
0 0 396 0.00374516 0.00238545 0.0101607 0.00137376
0 0 397 -0.00345194 0.0115564 0.0123896 0.0142342
0 0 398 0.00347318 0.00421964 0.00447714 -0.0111991
0 0 399 0.00518877 -0.00250572 -0.0247452 0.00045515
0 0 400 -0.00307535 -0.018402 0.00710664 -0.00201302
0 0 401 -0.0100005 -0.00189432 -0.00112081 -0.00498225
0 0 402 -0.010398 -0.0055627 -0.00048398 -0.00339557
0 0 403 -0.00474909 -0.000671529 -0.0098858 0.00553068
0 0 404 -0.0068622 -0.00800829 0.00267279 -0.000816052
0 0 405 -0.00416328 -0.00984247 0.0225173 -0.00505649
0 0 406 -0.0170093 -0.00311711 0.0155669 0.00811948
0 0 407 -0.00173635 -6.01321e-05 -0.0117792 -0.0122012
0 0 408 -0.00755262 -0.00678549 0.00617878 0.00219029
0 0 409 0.00585827 -0.00128292 0.0127594 -0.00981653
0 0 410 0.00454019 -0.00433991 -0.00202813 -0.0163024
0 0 411 -0.0124274 0.00911081 -0.0240604 -0.00507504
0 0 412 -0.00188281 0.00238545 0.00931843 0.00238515
0 0 413 -0.00374485 0.0127792 0.00804134 0.0122578
0 0 414 -0.00464449 0.00544244 -0.0231463 0.00740501
0 0 415 -0.0116951 0.00849942 -0.0168396 -0.0087773
0 0 416 -0.00330549 -0.0128995 -0.00299707 -0.0160705
0 0 417 -0.00872424 -0.00372851 0.0144473 0.000826304
0 0 418 0.00322212 0.000551264 0.0386264 0.00748852
0 0 419 -0.000941324 0.010945 -0.00135021 0.0120537
0 0 420 -0.00834765 0.00727662 0.0166009 -0.000825331
0 0 421 0.0044565 0.00116266 -0.00953657 0.0164148
0 0 422 -0.00636007 -0.00372851 0.000844464 -0.00139134
0 0 423 -0.00841041 -0.00128292 -0.0164732 0.00271919
0 0 424 0.0105657 0.0188932 -0.00514723 0.00538222
0 0 425 -0.00466541 0.00360825 -0.00638665 0.00116034
0 0 426 -0.00755262 0.0195046 -0.0240091 -0.0107166
0 0 427 -0.00263599 0.00360825 -0.0237009 -0.0039987
0 0 428 -0.0020711 -0.00861968 -0.00258278 -0.0152725
0 0 429 0.00947774 -0.00128292 0.00462779 0.00514097
0 0 430 -0.0156284 0.00360825 -0.0101734 0.00654207
0 0 431 0.00533522 -0.0202362 0.00563782 0.0120166
0 0 432 0.00255262 0.0176704 -0.00956396 -0.0138064
0 0 433 -0.0075317 0.00849942 0.0137968 0.00327592
0 0 434 0.00566997 -0.0141222 0.0163544 0.0127682
0 0 435 0.00757385 0.00972221 0.0175801 -0.00173466
0 0 436 0.00585827 -0.0251274 0.00473393 -0.0123404
0 0 437 0.0215915 0.00605383 -0.00127488 0.011432
0 0 438 -0.0127621 0.00544244 0.00657937 -0.0094361
0 0 439 0.00376608 -0.0128995 0.0107462 -0.0183438
0 0 440 0.00184128 -0.0110653 -0.00944755 -0.00349764
0 0 441 -0.0150845 0.0268413 0.00879116 -0.00167898
0 0 442 -0.00805474 -0.00250572 -0.0173121 -0.00548331
0 0 443 0.00569089 0.00605383 0.00377526 0.00528015
0 0 444 0.00918483 0.00421964 -0.0185857 0.000520102
0 0 445 -0.00809659 -0.00372851 0.00442236 -0.00806283
0 0 446 0.00211326 -0.0135109 0.0059802 0.00208823
0 0 447 -0.00702957 0.0182818 -0.0170656 0.00574409
0 0 448 0.0069462 0.0152248 -0.00289778 0.0064864
0 0 449 -0.000125373 -0.0061741 -0.0191986 0.0117568
0 0 450 -0.00577426 -0.00128292 -0.011988 0.0123692
0 0 451 0.00692528 0.0133906 0.0195351 0.00579049
0 0 452 0.0194993 0.0237843 -0.00782124 -0.0122105
0 0 453 -0.00843133 0.0176704 -0.00248349 0.00715448
0 0 454 -0.00675759 -0.0116767 -0.00496234 0.00688539
0 0 455 0.00395438 0.0182818 -0.00690023 -0.00647615
0 0 456 0.0136412 0.00544244 0.00195378 0.00611525
0 0 457 0.00792953 0.00911081 0.00636367 0.000789189
0 0 458 0.0106703 0.00483104 -0.00155221 0.0103835
0 0 459 0.00460296 -0.0208476 0.00858231 0.00734006
0 0 460 -0.0134735 -0.0159564 -0.00838959 0.0124805
0 0 461 -0.0103352 -0.0171792 0.00163879 -0.00243057
0 0 462 -0.0182018 -0.0239046 -0.0156686 -0.00830408
0 0 463 0.00355687 0.00544244 -0.0191507 0.00785039
0 0 464 -0.00546044 0.00972221 0.0173678 0.00742356
0 0 465 -0.00738524 -0.00800829 -0.00433578 0.00373986
0 0 466 -0.00374485 -0.00189432 -0.0112861 0.000687121
0 0 467 0.00751109 0.00972221 0.0114104 -0.00611427
0 0 468 0.00822243 0.0127792 -0.0124982 0.00207895
0 0 469 -0.000732106 -0.0177906 0.0200076 0.00911232
0 0 470 -0.0130969 -0.00861968 0.00611031 -0.0086474
0 0 471 0.00648592 -0.00128292 0.0143001 0.0179087
0 0 472 0.00864087 0.014002 0.00355271 -0.00801644
0 0 473 -0.0106909 -0.00128292 -0.0146518 -0.00102947
0 0 474 -0.00359839 0.00360825 0.00672317 0.0106062
0 0 475 -0.00326365 -0.00923108 0.00422036 -0.0163952
0 0 476 -0.00382853 -0.0122881 0.0143172 0.00948347
0 0 477 -0.00744801 -0.00189432 0.0158442 -0.00490802
0 0 478 -0.00418421 -0.0159564 0.00296724 0.0147724
0 0 479 0.0032012 -0.00189432 0.0212436 -0.0102526
0 0 480 0.0036824 -0.0135109 -0.005517 -0.00845254
0 0 481 0.00271999 0.00727662 0.000128885 -0.00259759
0 0 482 -0.00420513 -0.00739689 0.0221646 -0.0109764
0 0 483 0.00307566 -0.0055627 -0.00581145 0.00631938
0 0 484 -0.00213387 0.00544244 -0.00681121 0.0103464
0 0 485 0.00399622 0.0286755 -0.0171512 6.54384e-05
0 0 486 0.00102533 0.00849942 0.0137249 0.00537294
0 0 487 0.00424729 -0.00861968 0.0143823 0.0166189
0 0 488 -0.00905899 -0.00861968 0.00113207 -0.00307081
0 0 489 -0.0078246 0.00238545 0.0131052 -0.00413788
0 0 490 -0.0025523 -0.00739689 0.0216031 -0.00101091
0 0 491 -0.000815793 -0.0165678 -0.0149086 0.00663486
0 0 492 -0.0114859 0.00116266 -0.00736587 0.0164055
0 0 493 -0.00234309 -0.00128292 0.00399781 0.0108103
0 0 494 0.00403807 -0.0110653 0.00996896 0.0053451
0 0 495 -0.000878559 -0.0061741 -0.00321619 -0.00359043
0 0 496 -0.00364024 0.0219501 0.0171384 -0.0108465
0 0 497 -0.00232216 0.0121678 0.000820497 0.0110052
0 0 498 -0.0152937 -0.0294072 0.00558304 0.0152178
0 0 499 0.00889193 -0.015345 0.00555907 -0.000398504
0 0 500 0.00648592 -0.00372851 -0.0215165 0.00531727
0 0 501 0.00144376 0.0127792 -0.0152338 0.0109217
0 0 502 -0.00391222 0.0158362 -0.00262045 0.00155933
0 0 503 0.00236432 0.0121678 -0.0161446 -0.000723264
0 0 504 -0.00650653 -0.00678549 -5.94257e-05 -0.00211509
0 0 505 -0.00458172 0.00849942 0.00875008 0.00176347
0 0 506 8.38449e-05 0.0195046 0.0235239 0.00481621
0 0 507 0.0131181 0.00177406 0.0049736 3.76019e-05
0 0 508 0.00640223 0.00727662 0.0169536 0.00390688
0 0 509 0.0104192 0.00544244 0.016957 0.00713592
0 0 510 -0.000606575 0.00911081 -0.00261018 0.0180757
0 0 511 -0.0115905 0.00116266 -0.0176682 0.0199036
0 0 512 0.00667422 -0.00433991 -0.00539374 0.0127589
0 0 513 -0.00799198 0.00360825 0.00370678 -0.00872163
0 0 514 -0.00723879 -0.0104539 -0.0123236 0.00578121
0 0 515 -0.0148543 0.000551264 0.0049736 0.00452856
0 0 516 -0.00857779 -0.00739689 0.000919788 -0.00589158
0 0 517 0.00171575 -0.0128995 -0.0135801 0.00528015
0 0 518 0.000920717 0.00360825 0.016957 -0.000973793
0 0 519 -0.00150621 -0.015345 -0.00937223 -0.00501009
0 0 520 0.00705081 -0.00189432 0.0151424 0.00922366
0 0 521 -0.00556505 0.0121678 0.0160326 -0.00340485
0 0 522 0.0175745 0.00666523 0.00980119 0.00544717
0 0 523 0.000565047 -0.021459 -0.00466447 0.00946491
0 0 524 -0.012532 -0.00678549 0.00631916 0.0082865
0 0 525 -0.00439342 0.00421964 0.00756201 0.00757203
0 0 526 0.00644408 0.0115564 0.0185593 0.00861126
0 0 527 -0.000732106 0.00421964 0.0123314 -0.000231485
0 0 528 -0.00470725 0.00299685 0.0119822 0.00949275
0 0 529 -0.0123228 -0.000671529 0.0182957 -0.00360899
0 0 530 0.0137039 -0.0171792 -0.00432209 0.00463063
0 0 531 0.00112994 -0.00189432 -0.00280191 -0.0103269
0 0 532 -0.00232216 0.00727662 0.00818857 -0.0146137
0 0 533 0.0155241 -0.0122881 1.58984e-05 0.00139231
0 0 534 0.0108167 -0.0190134 -0.0153947 0.0132136
0 0 535 0.000460438 0.0188932 -0.00753364 0.00838856
0 0 536 -0.00129699 -0.015345 -0.00334287 -0.0018924
0 0 537 -0.00548136 -0.0361325 -0.00176791 -0.00777519
0 0 538 0.0149174 -0.0232932 -0.00585254 0.0150415
0 0 539 -0.00960296 -0.0391895 -0.0102453 0.0153848
0 0 540 0.0195621 0.00544244 0.015204 -0.00284812
0 0 541 0.014771 0.0152248 0.0114001 -0.000370667
0 0 542 0.00389162 -0.0055627 0.000707511 -0.0105588
0 0 543 0.00083703 0.014002 -0.0260326 0.00753491
0 0 544 0.0139969 0.0164476 0.00446002 0.00489972
0 0 545 -0.00922636 0.00299685 -0.00996113 -0.00563177
0 0 546 0.00351502 0.00360825 0.00321717 0.0031089
0 0 547 -0.0104608 0.00544244 0.000690392 -0.0129621
0 0 548 -0.00460264 0.00299685 -0.000216922 -0.0118393
0 0 549 -0.0135572 -0.00311711 0.0114309 -0.00282956
0 0 550 0.018244 -0.00372851 0.00133749 -0.0122754
0 0 551 0.00836888 -0.0196248 0.0136975 0.0198758
0 0 552 0.0023434 0.00911081 0.00384031 0.0130558
0 0 553 0.00679975 0.00360825 0.0152759 -0.00400798
0 0 554 0.000878874 0.00360825 -0.012416 -0.0109857
0 0 555 0.0128252 -0.0061741 -0.00419883 -0.0032935
0 0 556 -0.00502108 0.00849942 0.00517218 0.0162199
0 0 557 -0.00468633 -0.0202362 0.00178259 0.00825866
0 0 558 0.015817 0.000551264 0.0184361 -0.00501009
0 0 559 0.00307566 -0.00250572 0.0051893 -0.00332134
0 0 560 -0.00131792 0.00483104 -0.00484593 0.0164055
0 0 561 -0.0169256 -0.018402 -0.00859502 -0.00470389
0 0 562 -0.00612993 0.0133906 -0.00142553 0.00253361
0 0 563 0.000565047 0.00238545 0.000765716 -0.0150869
0 0 564 -0.00472817 -0.0159564 -0.0127344 0.00466775
0 0 565 -0.000627497 0.00360825 -0.00140841 -0.00216149
0 0 566 -0.0170093 0.00788802 -0.00358939 -0.0137322
0 0 567 -0.000334591 -0.00128292 -0.0130391 0.00567914
0 0 568 -0.0148543 -0.00128292 -0.0152818 -0.0046575
0 0 569 0.0156288 -0.0049513 0.0112221 -0.00149341
0 0 570 0.00144376 -0.0110653 -0.00229861 -0.0101877
0 0 571 -0.0153146 -6.01321e-05 0.00876035 -0.0076824
0 0 572 -0.00924728 0.00421964 0.0219352 -0.00355331
0 0 573 0.00826427 0.00911081 -0.00892028 -0.00368322
0 0 574 0.0154405 0.00421964 -0.00856078 -0.00124288
0 0 575 -0.00148529 -0.0061741 -0.0180105 -0.0134446
0 0 576 0.00569089 -0.00984247 -0.0145662 0.000121112
0 0 577 -0.00464449 -0.00923108 0.0103182 0.00437082
0 0 578 0.00449835 -0.00189432 0.0206821 -0.00655966
0 0 579 -0.00359839 -0.00678549 0.0153615 0.00157789
0 0 580 -0.0123019 -0.0061741 -0.011067 -0.00178105
0 0 581 0.00558628 0.00238545 0.0153478 0.012295
0 0 582 0.00405899 -0.0281844 0.00340549 -0.00887937
0 0 583 -0.0139965 -0.0061741 -0.0199005 0.00122529
0 0 584 -0.00548136 0.00421964 -0.0104542 0.00511313
0 0 585 -0.0111721 0.017059 0.0165872 0.00892674
0 0 586 -0.00843133 -0.00189432 -0.0136007 -0.00800716
0 0 587 0.00732279 -0.00739689 0.000289804 0.0145312
0 0 588 0.0225748 -0.00128292 0.0264307 -0.00659677
0 0 589 0.00504231 0.0133906 0.0113351 -0.00721846
0 0 590 0.00290829 0.0121678 0.00502838 -0.0146323
0 0 591 -0.0129923 0.00238545 -0.00883811 0.000640727
0 0 592 0.00711357 -0.0049513 0.00848987 -0.00831336
0 0 593 0.000544125 0.010945 0.00657252 -0.00258831
0 0 594 0.0185787 -0.021459 -0.00655785 0.0153755
0 0 595 0.00548167 0.00544244 0.00594939 -0.0105681
0 0 596 0.00487494 -0.021459 -0.00943386 -0.000379946
0 0 597 0.0018622 -0.0116767 -0.0144943 0.000408756
0 0 598 0.000125689 0.0207273 0.0172822 0.00983607
0 0 599 0.00608841 0.00788802 -0.00884496 -0.00467605
0 0 600 -0.00671575 0.010945 -0.018596 0.00045515
0 0 601 0.0087664 -0.0147336 0.00724359 -0.0115424
0 0 602 0.00510508 -0.00984247 0.00758598 -0.00177177
0 0 603 -0.00261507 0.00483104 0.00377526 -0.0111527
0 0 604 0.0106075 -0.0110653 0.00415188 0.0079803
0 0 605 0.030023 -0.000671529 0.0230651 -0.0031636
0 0 606 0.00274092 0.00972221 0.00131695 0.00577193
0 0 607 0.0117164 0.00727662 0.0368631 -0.00725557
0 0 608 0.00221787 0.00177406 0.0258624 0.00676477
0 0 609 -0.0244365 -0.00250572 0.00827416 0.00221813
0 0 610 -0.00405867 -0.0196248 -0.00242529 0.000547939
0 0 611 0.016905 -0.00372851 -0.000908534 -0.000611917
0 0 612 0.0126997 -6.01321e-05 0.0114241 0.000844862
0 0 613 0.00516785 0.00972221 0.0167379 -0.0186778
0 0 614 0.0102309 -0.00311711 -0.00434263 -0.00907423
0 0 615 -0.0098331 0.00605383 0.0306249 -0.00385024
0 0 616 -0.023244 0.00849942 0.00412106 0.0112372
0 0 617 -0.00803382 0.0127792 0.00194009 0.00444505
0 0 618 -0.0101469 0.0121678 0.0082502 -0.0089536
0 0 619 -0.00918452 0.00483104 -0.00400367 -0.0110042
0 0 620 -0.00621362 0.0152248 -0.00219932 -0.00272749
0 0 621 0.00389162 0.0182818 0.0111159 -0.00794221
0 0 622 -0.00529306 0.00483104 -0.0102453 -0.000287158
0 0 623 0.00240617 0.0250071 0.00605895 0.00576265
0 0 624 0.00782492 0.017059 -0.00150086 -0.00269038
0 0 625 0.00849441 0.0158362 0.0142761 -0.00813706
0 0 626 0.00516785 0.00666523 -0.00744119 0.0132785
0 0 627 0.00133915 -0.0104539 -0.0017371 -0.00321927
0 0 628 0.00447743 -0.00250572 0.031337 -0.00953817
0 0 629 -0.00161082 -0.0049513 -0.0241084 -0.00396158
0 0 630 0.00600472 -6.01321e-05 0.012756 -0.00662461
0 0 631 0.0180138 0.0121678 -0.00331548 -0.00660605
0 0 632 0.00104625 0.0268413 0.00290218 0.0120537
0 0 633 0.0141433 0.00849942 -0.0150181 0.00480693
0 0 634 -0.0143941 0.0115564 -0.0108856 -0.0147807
0 0 635 -0.000815793 -0.0226818 0.0064835 0.0170457
0 0 636 0.0111306 0.0152248 0.0161695 -0.00956601
0 0 637 0.00698804 0.0286755 0.0199323 0.000844862
0 0 638 -0.000418279 0.00116266 -0.00231573 -0.0140941
0 0 639 -0.0155029 -0.0104539 0.0143857 -0.017351
0 0 640 0.00230156 0.0103336 0.00650062 -0.00954745
0 0 641 -0.0164862 0.00849942 -0.0130528 0.00977111
0 0 642 0.00288737 -0.000671529 -0.000422351 0.015524
0 0 643 0.00617209 0.00238545 0.00462094 0.00622659
0 0 644 -0.0014016 0.0133906 -0.0230881 0.00728438
0 0 645 0.00290829 0.000551264 -0.00574982 0.00406462
0 0 646 0.0120302 -6.01321e-05 0.0103045 -0.00299658
0 0 647 0.00236432 -0.00311711 0.00743533 0.00101188
0 0 648 0.0124905 -0.000671529 -0.00673246 -0.00660605
0 0 649 0.00552352 -6.01321e-05 -0.0130391 -0.00822985
0 0 650 -0.0252734 0.00116266 -0.0171101 -0.0125167
0 0 651 -0.0100005 0.00788802 0.0118349 0.0180107
0 0 652 -0.0109629 -0.0141222 -0.00509587 0.00695034
0 0 653 0.00146468 -0.0190134 0.011246 -0.000454177
0 0 654 -0.0126157 -0.0190134 -0.00887578 4.86509e-07
0 0 655 -0.00190373 -0.0171792 0.00121766 -0.00393374
0 0 656 0.00918483 0.0231729 -0.0242933 -0.003776
0 0 657 -0.0055232 -0.00128292 0.000912941 0.0002139
0 0 658 0.0133064 -0.00189432 0.0100272 -0.00150269
0 0 659 0.020106 -0.0061741 0.000570558 0.00045515
0 0 660 -0.000920402 -0.00433991 0.0154265 -0.00324711
0 0 661 -0.00799198 0.0182818 0.00936294 0.00480693
0 0 662 -0.00880793 0.00483104 0.017587 -0.00556682
0 0 663 0.0223447 -0.00433991 0.00750723 -0.000231485
0 0 664 0.0118001 0.0127792 0.0216408 -0.00348836
0 0 665 -0.00238493 0.0103336 0.01127 -0.00197591
0 0 666 0.0146245 -0.0135109 -0.00853339 0.00776688
0 0 667 0.00479125 -0.0220704 -0.002843 -0.00564105
0 0 668 0.0219681 0.000551264 -0.00757472 -0.00311721
0 0 669 0.0425342 0.00483104 0.00657937 -0.000342831
0 0 670 0.0549199 -0.0190134 0.00283371 -0.00128927
0 0 671 0.0586859 -0.0232932 0.000947179 -0.0026811
0 0 672 0.0506519 -0.0196248 0.00164222 -0.00775663
0 0 673 0.0367179 -0.00311711 -0.00497261 0.00502962
0 0 674 0.0459445 0.00666523 -1.14922e-05 0.011098
0 0 675 0.0286212 -0.00800829 -0.0100159 0.00820299
0 0 676 0.0475973 -0.0116767 -0.0109883 0.00410174
0 0 677 0.0333495 0.000551264 0.00855149 -0.0125445
0 0 678 0.0149593 -0.00678549 -0.0119093 -0.00427706
0 0 679 0.0505263 -0.00372851 -0.0160487 0.0104021
0 0 680 0.0729964 -0.00311711 -0.0135288 -0.0139363
0 0 681 0.110091 0.0127792 0.00187161 -0.00797932
0 0 682 0.169446 0.0188932 -0.0280013 -0.0207006
0 0 683 0.269306 0.0519086 -0.0113683 -0.0604976
0 0 684 0.456954 0.0916493 -0.0108 -0.147552
0 0 685 0.632069 0.103266 -0.0687961 -0.269049
0 0 686 0.794841 0.100209 -0.104962 -0.365753
0 0 687 0.953261 0.0451832 -0.129138 -0.500445
0 0 688 0.999979 0.0305097 -0.185754 -0.579844
0 0 689 0.931711 -0.00800829 -0.133051 -0.572087
0 0 690 0.820805 -0.0367439 -0.106571 -0.529478
0 0 691 0.683411 -0.021459 -0.0801667 -0.421547
0 0 692 0.517962 -0.0398009 -0.0300829 -0.353783
0 0 693 0.384564 -0.0269616 -0.0168533 -0.246613
0 0 694 0.239367 -0.024516 -0.000525066 -0.144768
0 0 695 0.158316 -0.0202362 0.0133483 -0.0830174
0 0 696 0.0834154 -0.0128995 -0.000822939 -0.0351756
0 0 697 0.062389 -0.021459 0.0186792 -0.00797004
0 0 698 0.0285794 -0.0104539 -0.0052431 0.00307179
0 0 699 0.0285166 -0.0171792 0.006124 0.0022738
0 0 700 0.0245624 0.00483104 -0.0153639 0.00708953
0 0 701 0.0161936 0.0219501 -0.017562 -0.0117558
0 0 702 0.00271999 -0.00739689 -0.0143607 0.00337799
0 0 703 0.000711499 -0.00678549 -0.0118374 -0.000157254
0 0 704 0.00954051 -0.0196248 0.0080208 -0.0164973
0 0 705 0.00554444 0.00421964 0.0048298 0.0100959
0 0 706 -0.00460264 0.0133906 0.0215689 0.00321097
0 0 707 0.0129926 0.0225615 0.0158785 0.00505746
0 0 708 -0.00435158 0.0372351 0.00421693 0.00475126
0 0 709 0.00353594 -0.00311711 -0.0130357 0.0105041
0 0 710 -0.000125373 -0.0226818 0.00333016 0.00271919
0 0 711 -0.00217571 0.00911081 0.00615482 0.00969688
0 0 712 0.016089 -0.0135109 0.017474 0.00163356
0 0 713 -0.000292748 -0.0055627 0.00645611 -0.00722774
0 0 714 -0.00560689 -0.0312413 -0.00226779 -0.00595653
0 0 715 0.0099171 -0.00433991 -0.0142957 0.00403679
0 0 716 -0.00910083 0.0115564 -0.0174764 0.0104114
0 0 717 -0.00472817 0.00116266 0.00202911 0.015524
0 0 718 -0.00748985 0.00849942 -0.00457203 -0.00900927
0 0 719 -0.0180554 -0.000671529 0.0105852 0.0116733
0 0 720 -0.0139965 0.014002 0.0133654 0.00450073
0 0 721 0.00267815 0.00911081 -0.0171922 0.00330376
0 0 722 0.00198773 0.00360825 0.00805504 -0.000983071
0 0 723 0.00276184 0.0231729 0.00556934 -0.0119321
0 0 724 -0.00813843 0.00116266 -0.0177401 0.000687121
0 0 725 0.00456111 0.00299685 -7.65449e-05 0.0105969
0 0 726 -0.00575334 0.00483104 -0.0120668 -0.0129899
0 0 727 0.00261538 -0.0165678 0.0150978 0.00129953
0 0 728 -0.00368208 0.00605383 -0.00106261 -0.0187521
0 0 729 -0.0127412 0.00788802 0.0068567 0.00575337
0 0 730 -0.0020711 -0.0208476 -0.00725973 -0.00334918
0 0 731 0.00686251 -0.0055627 -0.0177298 -0.00493586
0 0 732 -0.011737 -0.00311711 -0.00728712 0.0181963
0 0 733 -0.00583703 0.00177406 -0.00385987 0.011831
0 0 734 -0.00382853 -0.0300186 0.010349 0.00576265
0 0 735 0.00537706 0.0225615 -0.00985157 0.00475126
0 0 736 -0.00144345 -0.00678549 -0.0133096 -0.00517711
0 0 737 -0.000125373 0.0268413 -0.0139944 0.00429659
0 0 738 0.00192496 0.0115564 0.0109174 -0.00787726
0 0 739 -0.00725971 0.00360825 0.000553439 0.00335015
0 0 740 -0.00353563 -0.00311711 -0.0236222 -0.0025048
0 0 741 0.00261538 -0.0061741 0.00470311 -0.00640192
0 0 742 0.00110901 0.00177406 0.00153608 0.00639361
0 0 743 0.00807598 0.00727662 0.00468257 0.00897313
0 0 744 0.00859902 -0.0104539 -0.00818759 0.00596679
0 0 745 0.00569089 -0.00739689 -0.00216165 -0.0198655
0 0 746 -0.00305443 -0.00372851 0.00946908 0.00320169
0 0 747 -0.00947742 -0.00800829 0.00190243 0.00303467
0 0 748 0.00305474 -0.0061741 -0.00847519 0.00794318
0 0 749 -0.00556505 0.000551264 0.0163304 -0.00705144
0 0 750 -0.0123646 -0.00678549 0.00505577 -0.00485235
0 0 751 0.00407991 -0.0135109 0.00885279 -0.0141962
0 0 752 -0.00644376 0.0121678 0.0138618 -0.0039987
0 0 753 -0.00585795 0.00605383 0.004686 0.00802669
0 0 754 -0.000732106 0.00849942 0.0116227 -0.0115795
0 0 755 -0.00931005 -0.0104539 -0.0151277 0.00913087
0 0 756 0.00376608 0.00727662 0.00187846 -0.0100763
0 0 757 0.00661145 0.00238545 -0.0144463 0.00941852
0 0 758 -0.0076363 0.00727662 0.0107838 -0.011162
0 0 759 0.000104767 -0.00433991 -0.00335999 -0.00299658
0 0 760 -0.00795013 -0.00433991 -0.0200443 -0.00640192
0 0 761 -0.00621362 -0.00739689 -0.00749255 0.00181914
0 0 762 -0.010398 -0.00861968 0.0095444 0.0126568
0 0 763 -0.00108778 0.00177406 -0.0131829 -0.00558538
0 0 764 -0.00644376 0.017059 0.0163749 -0.0139178
0 0 765 0.00399622 0.00421964 -0.0147305 0.00730294
0 0 766 0.00968696 -0.0190134 0.0176931 -0.00330278
0 0 767 -0.000920402 -0.0141222 -0.00748228 0.00700602
0 0 768 -0.00525122 -0.00311711 0.00729495 0.00485332
0 0 769 0.00129731 -0.0251274 -0.0184693 -0.00246769
0 0 770 -0.00820119 0.00116266 -0.0134637 -0.0138714
0 0 771 -0.0076363 -0.0122881 -0.00369895 0.00330376
0 0 772 -0.00966572 0.00911081 0.00257692 -0.0176572
0 0 773 -0.00784552 -0.00800829 8.09511e-05 -0.00388735
0 0 774 8.38449e-05 -0.00128292 0.0140193 -0.00449975
0 0 775 -0.00384946 -0.0049513 -0.0108616 -0.00129855
0 0 776 -0.000292748 0.00421964 -0.000497675 -0.00175322
0 0 777 -0.000794871 -0.00311711 -0.0039215 0.00296044
0 0 778 0.0150011 0.00299685 0.00924653 -0.00314504
0 0 779 0.00407991 -0.0049513 0.00266936 -0.00881442
0 0 780 0.0132018 0.00177406 -0.0175312 0.00965049
0 0 781 -0.0149171 -0.00372851 -0.00644486 -0.00817418
0 0 782 0.010482 -0.00372851 0.00547348 -0.00843399
0 0 783 -0.00443527 -0.0232932 -0.00297995 0.00254289
0 0 784 0.00117178 -0.00189432 -0.00112081 0.00488116
0 0 785 0.00935221 0.00116266 0.0032925 -0.00319144
0 0 786 -0.0150845 -0.00250572 0.0117802 0.005874
0 0 787 0.006465 0.00666523 -0.0080746 -0.00242129
0 0 788 -0.0052303 -0.0135109 0.00675056 -0.0128322
0 0 789 0.0208174 -0.0190134 0.017765 -0.0145116
0 0 790 0.00566997 -0.0165678 -0.000816091 0.0169251
0 0 791 -0.00650653 0.017059 -0.000168988 -0.000528408
0 0 792 -0.00384946 0.0201159 -0.0108308 0.00676477
0 0 793 0.0132437 0.0256185 0.00423405 0.00200472
0 0 794 0.00326396 -6.01321e-05 -0.0101666 -0.0147065
0 0 795 -0.00326365 0.00360825 0.000484962 -0.0121177
0 0 796 0.0018622 -0.00189432 0.0124786 0.00814732
0 0 797 0.00255262 -0.000671529 -0.00736244 -0.00301514
0 0 798 -0.00671575 -0.0141222 -0.00544853 0.0155704
0 0 799 -0.00665298 0.0103336 0.0115508 0.000650006
0 0 800 0.0043519 -0.0061741 0.0194256 -0.00480596
0 0 801 -0.00684128 -6.01321e-05 -0.00322646 0.00129025
0 0 802 0.00355687 0.010945 0.008394 -0.0100299
0 0 803 -0.000920402 -0.0165678 -0.0126659 -0.00825769
0 0 804 0.0128462 0.00483104 0.0200419 -0.0114311
0 0 805 -0.0144568 0.00666523 0.0190558 -0.00310793
0 0 806 0.00443558 0.00177406 -0.000145021 0.00785967
0 0 807 0.0021551 0.0103336 -0.012707 0.00393472
0 0 808 -0.00089948 -0.00984247 0.00183737 0.000158227
0 0 809 0.00928944 0.00788802 -0.0132617 0.028236
0 0 810 0.00179943 0.0127792 0.0191174 -0.000584081
0 0 811 -0.00305443 -0.0049513 -0.0154872 0.00276558
0 0 812 -0.00453988 -0.0208476 0.0210622 -0.00434201
0 0 813 0.00792953 0.00788802 0.00531256 0.00184698
0 0 814 0.00569089 0.00238545 0.014437 -0.00763601
0 0 815 -0.00815935 -0.00311711 -0.0223588 0.00373986
0 0 816 0.00838981 0.0268413 -0.0111218 0.00231092
0 0 817 0.00236432 0.00849942 -0.00316826 -0.00632769
0 0 818 -0.00483278 -0.00189432 -0.00567792 -0.00483379
0 0 819 -0.00598348 -0.0110653 -0.0208044 0.00725655
0 0 820 -0.000962246 0.0127792 -0.0044385 -0.00466677
0 0 821 0.00573274 0.00972221 0.0165975 0.00342438
0 0 822 0.00242709 -0.0128995 0.00282344 0.0101423
0 0 823 0.00931037 -0.00739689 0.00183395 0.000622169
0 0 824 0.00508416 0.00177406 0.0100203 -0.0122012
0 0 825 0.00738556 0.00177406 0.00756543 -0.00848966
0 0 826 -0.00742709 -0.00311711 0.0265026 -0.00870307
0 0 827 -0.00822212 0.0152248 -0.000935925 -0.000277879
0 0 828 0.00311751 -0.0061741 -0.00342847 -0.00201302
0 0 829 0.00732279 0.00483104 0.0267697 0.00211606
0 0 830 -0.00958203 0.00116266 0.0182957 -0.0198099
0 0 831 -0.00305443 -0.0122881 1.58984e-05 -0.00819274
0 0 832 -0.0025523 -0.00923108 -0.0327261 0.00527087
0 0 833 -0.00453988 -0.00984247 0.0104586 0.00320169
0 0 834 0.000774265 0.00605383 -0.00912571 -0.00212437
0 0 835 -0.00510477 -0.0232932 0.00290903 0.00593895
0 0 836 -0.00458172 -0.0196248 -0.0137821 -0.0102062
0 0 837 -0.0140175 -0.00800829 0.0189394 -0.00870307
0 0 838 1.57604e-07 -0.0055627 0.0173233 -0.00508432
0 0 839 -0.00598348 -0.00311711 0.00189558 0.00116034
0 0 840 0.0115699 0.0164476 -0.00879018 -0.000370667
0 0 841 -0.00102501 0.000551264 0.00188873 -0.0056225
0 0 842 -0.0171976 -0.00311711 0.000423334 -0.0142425
0 0 843 -0.00102501 -0.00678549 -0.01408 -0.0110135
0 0 844 -0.00232216 -0.0135109 -0.0184865 -0.000147975
0 0 845 0.00225971 0.00421964 -0.00905039 -0.0017161
0 0 846 -0.00326365 0.00911081 0.00762364 0.00432443
0 0 847 0.00615117 -0.0171792 -0.000535337 0.0177324
0 0 848 -0.000418279 0.0195046 -0.00339766 -0.0151148
0 0 849 0.00286645 -0.00433991 -0.00490071 -0.0119785
0 0 850 -0.00165267 -0.00128292 -0.00616753 -0.00391519
0 0 851 0.000920717 -0.000671529 -0.0128303 -0.00224499
0 0 852 -0.00100409 0.00727662 0.00734973 -0.0181953
0 0 853 -0.0136827 -0.0104539 -0.0052431 0.00837929
0 0 854 -6.26078e-05 -0.00739689 -0.0166033 0.0123877
0 0 855 -0.00537675 -0.00311711 0.00294669 -0.00342341
0 0 856 -0.00108778 0.0158362 0.017991 0.0120444
0 0 857 -0.00669482 -0.00250572 -0.00364417 -0.00997427
0 0 858 -0.0117161 0.00483104 0.00167303 -0.0101413
0 0 859 0.00280368 0.0164476 0.0105579 -0.0127023
0 0 860 0.000774265 -0.0061741 0.0089829 0.00454712
0 0 861 -0.00579518 0.00788802 0.0114823 0.0147075
0 0 862 0.00439374 -0.0141222 -0.00832112 -0.00418427
0 0 863 0.0085781 -0.00984247 -0.00328125 -0.00376673
0 0 864 -0.00267783 0.00727662 -0.00611275 0.00140159
0 0 865 -0.00997955 0.0158362 0.0108386 0.00173563
0 0 866 -0.00320088 0.0176704 -0.00963244 0.0085927
0 0 867 0.00303382 -0.00433991 -0.00581488 -0.00584519
0 0 868 0.00495863 0.0146134 -0.0134158 -0.00365538
0 0 869 -0.00512569 -0.0165678 0.0193742 -0.00358115
0 0 870 -0.0158586 -0.0190134 0.0256843 0.00186553
0 0 871 0.00144376 -0.00984247 0.00302886 0.00160573
0 0 872 0.00849441 -0.0110653 -0.0250123 -0.00874019
0 0 873 -0.01521 -0.00800829 0.0162756 0.00432443
0 0 874 -0.00387038 -0.000671529 0.0137386 -0.00359971
0 0 875 0.00418452 0.00421964 -0.00898191 0.00785039
0 0 876 0.0146873 0.0152248 -0.0136246 -0.00349764
0 0 877 0.00207142 0.0237843 -0.00894083 -0.0014099
0 0 878 0.00037675 0.00483104 0.0147144 0.00259856
0 0 879 -0.00117146 0.00360825 0.00244681 -0.0049173
0 0 880 0.00564905 -0.0110653 0.020415 -0.00585447
0 0 881 -0.000418279 -0.0104539 0.000573982 -0.012062
0 0 882 -0.0133898 -0.0128995 0.00121081 -0.00277389
0 0 883 0.00228064 0.00177406 0.00273099 -0.0018924
0 0 884 -0.00106685 -0.00128292 -0.0101631 -0.000240764
0 0 885 0.0119465 0.00666523 0.0119068 0.0034151
0 0 886 -0.0020711 -0.00189432 -0.00763977 0.00360996
0 0 887 -0.00299166 0.0231729 0.0216237 -0.0127115
0 0 888 0.00667422 0.0115564 0.00558989 -0.0017161
0 0 889 -0.00445619 0.0133906 -0.00261702 0.00417597
0 0 890 -0.00790829 0.0103336 0.00587064 0.0031089
0 0 891 -0.0159213 -0.0122881 0.011585 -0.00423995
0 0 892 0.0044565 -0.0116767 0.00625411 0.00452856
0 0 893 0.0113607 0.0121678 0.00972244 -0.009
0 0 894 -0.00200834 0.00360825 -0.0101015 0.00773905
0 0 895 0.00527246 0.0115564 0.0100751 0.00430587
0 0 896 -0.00922636 -0.00984247 0.00155662 -0.00665245
0 0 897 0.00822243 0.0195046 0.00123136 0.00458424
0 0 898 -0.00288705 0.00666523 0.0113453 0.00710808
0 0 899 -0.0117161 -0.00433991 0.00315897 -0.00124288
0 0 900 0.00525153 -0.0122881 -0.015405 -0.0116909
0 0 901 -0.00267783 -0.0122881 -0.00439741 0.0185396
0 0 902 -0.00966572 0.00116266 -0.0103788 0.00883395
0 0 903 0.00288737 0.00972221 0.0172994 0.01712
0 0 904 0.00228064 0.0146134 0.00845905 -8.79234e-06
0 0 905 -0.00824304 -0.0147336 -0.0138609 -0.00923197
0 0 906 -0.00125515 0.00849942 -0.0160692 0.00528015
0 0 907 0.00656961 0.00605383 -0.00533896 -0.00208725
0 0 908 0.00600472 -0.00189432 0.0151424 0.00737717
0 0 909 -0.00384946 -0.0055627 -0.0078452 -0.00690298
0 0 910 -0.0107537 0.0133906 -0.0119401 0.00186553
0 0 911 0.00939405 0.00666523 -0.00877648 0.00169852
0 0 912 0.00606748 0.017059 4.3289e-05 0.00579049
0 0 913 0.000502281 -0.0147336 0.0127114 -0.00582663
0 0 914 -0.00807566 -0.0061741 0.00701762 -0.00239346
0 0 915 -0.00790829 0.00544244 0.012958 0.00610597
0 0 916 -0.00290797 0.00911081 -0.0106733 -0.0111898
0 0 917 0.00872455 -0.0257388 -0.00241502 0.0042038
0 0 918 -0.00441435 -0.0177906 0.00892811 -0.00558538
0 0 919 0.00305474 0.0121678 0.00762021 0.0108196
0 0 920 0.00610933 0.00605383 0.0110646 -0.00164187
0 0 921 -0.0140802 -0.0122881 0.00226193 0.00258001
0 0 922 -0.00361932 0.0146134 0.0047442 -0.00813706
0 0 923 0.01021 0.00177406 0.0126841 -0.00422139
0 0 924 -0.00138068 -0.015345 -0.0225505 0.000529381
0 0 925 -0.00644376 0.014002 0.00095745 0.00708953
0 0 926 -0.00447711 -6.01321e-05 0.00602814 0.0145497
0 0 927 0.00638131 0.000551264 0.00076914 0.00177275
0 0 928 -0.000732106 -0.0141222 -0.0133713 -0.00714423
0 0 929 -0.0066739 -0.00678549 -0.000480556 -0.00367394
0 0 930 0.00696712 0.000551264 0.00294327 0.0125733
0 0 931 0.0018622 0.0195046 -0.000521642 0.00916799
0 0 932 0.0133692 -0.00311711 -0.00553412 -0.00881442
0 0 933 0.00311751 -0.00311711 -0.016891 0.0013088
0 0 934 0.00573274 -0.00250572 0.00294669 -0.0177685
0 0 935 0.0118419 0.00483104 -0.0234955 0.00504818
0 0 936 -0.00144345 -0.0196248 0.000450724 -0.00795149
0 0 937 -0.00395407 -0.00984247 0.00898632 0.0121836
0 0 938 0.00142284 -0.0049513 0.0117836 -0.0073298
0 0 939 0.0145617 0.0158362 0.00102593 -0.0126002
0 0 940 0.0115699 -0.00800829 -0.0231223 0.00345222
0 0 941 0.00106717 -0.00189432 0.00547005 0.00284909
0 0 942 -0.00746893 -0.00189432 0.00547005 0.00579977
0 0 943 -8.35297e-05 0.0225615 0.00452165 -0.00868452
0 0 944 0.00382885 -0.00678549 -0.00861214 0.0101052
0 0 945 0.00621394 0.00421964 -0.0183769 0.00829578
0 0 946 -0.000229982 0.00788802 0.0067848 -0.000908841
0 0 947 0.00640223 -0.00250572 0.0304263 -0.0110599
0 0 948 0.0057955 -0.00250572 0.0215963 0.00151294
0 0 949 0.00782492 0.0121678 0.00586722 0.00329448
0 0 950 0.0118837 -0.00189432 0.00490854 -0.00637408
0 0 951 0.00405899 -0.00433991 0.0131155 0.00221813
0 0 952 0.0135784 0.017059 -0.00388384 -0.00745043
0 0 953 0.00518877 0.00421964 -0.00702006 -0.0105681
0 0 954 -0.0158167 -0.0116767 0.00590488 0.00477909
0 0 955 -0.00711326 -0.00739689 0.00807216 0.00363779
0 0 956 -0.00884977 -0.0159564 -0.0123852 -0.00284812
0 0 957 -0.0119253 0.0115564 0.00425802 -0.00142846
0 0 958 0.00242709 0.0231729 -0.00424334 -0.0110785
0 0 959 -0.0133898 0.0176704 0.00838373 0.000278852
0 0 960 -0.00077395 0.00299685 -0.0105226 -0.00315432
0 0 961 0.00468664 -0.0128995 0.0018408 0.000158227
0 0 962 8.38449e-05 -6.01321e-05 0.033364 0.00644929
0 0 963 -0.0133898 -0.00739689 -0.00602031 -0.00914846
0 0 964 0.00688343 0.0207273 -0.0132857 -0.00042634
0 0 965 -0.0123019 -0.00189432 -0.00189117 -0.00450903
0 0 966 0.00659053 -0.00984247 -0.013587 -0.00402653
0 0 967 -0.00418421 -0.00372851 -0.0079171 -0.00599365
0 0 968 -0.00217571 0.00483104 0.0112769 -0.0096124
0 0 969 0.00554444 -0.0122881 0.0122869 -0.000333552
0 0 970 0.00136008 0.00299685 -0.0136075 -0.00397086
0 0 971 0.00774123 0.00116266 -0.00694474 0.0220656
0 0 972 0.0168213 0.0146134 -0.011382 0.00577193
0 0 973 0.00014661 0.0152248 0.00403889 -0.00328423
0 0 974 -0.000711184 -0.00433991 0.00343972 0.00830506
0 0 975 0.00292921 -0.00189432 -0.00567792 0.0108567
0 0 976 -0.00876608 -0.0104539 0.0097601 -0.00468533
0 0 977 0.013432 0.00788802 0.00215921 -0.00230067
0 0 978 -0.00537675 0.00544244 0.000971146 -0.00627201
0 0 979 -0.0015899 0.00360825 -0.00281218 9.76536e-06
0 0 980 -0.0169256 -0.00250572 -0.0222903 -0.00473173
0 0 981 -0.00412144 -0.00433991 0.0198433 0.00216246
0 0 982 -0.00119239 0.00727662 -0.0144532 -0.00926908
0 0 983 -0.00500016 0.00116266 0.018573 0.00766482
0 0 984 0.000355828 -0.00800829 0.00540842 -0.0151333
0 0 985 0.00738556 0.00116266 0.00567548 0.00184698
0 0 986 -0.00100409 -0.0177906 0.0123656 0.00987318
0 0 987 0.00882916 0.0152248 -0.00879018 -0.00370177
0 0 988 -0.00937282 -0.00250572 0.000351433 -0.0068937
0 0 989 -0.0152518 -0.00861968 -0.0119059 0.0120352
0 0 990 -0.0129714 0.00911081 -0.0135459 0.0126104
0 0 991 -0.00458172 -0.00739689 -0.0059484 -0.000760379
0 0 992 -0.00117146 -0.0110653 0.000998536 -0.0127208
0 0 993 0.00566997 0.00116266 0.00567548 0.00616164
0 0 994 -0.00615086 0.00238545 0.0201857 -0.0144374
0 0 995 -0.00228032 -0.0135109 0.00703132 0.00507602
0 0 996 0.00813874 -0.0159564 -0.00236024 0.00374914
0 0 997 0.00569089 -0.0232932 -0.0172094 -0.00142846
0 0 998 0.00970788 0.00177406 -0.000846906 0.00941852
0 0 999 -0.0179717 0.00849942 -0.00527391 -0.00308009
0 0 1000 0.00625578 -0.00739689 0.0054769 0.00611525
0 0 1001 0.00523061 -0.0202362 -0.0086635 0.0147075
0 0 1002 0.00280368 0.000551264 0.00798999 0.001049
0 0 1003 -0.00659021 0.00299685 0.00511055 0.00172635
0 0 1004 0.00882916 -0.00250572 -0.00273343 -0.0139456
0 0 1005 -0.00248954 0.00727662 -0.0137547 -0.00142846
0 0 1006 0.0117582 -0.00861968 -0.0134466 0.0196902
0 0 1007 0.00786676 0.00238545 0.0101607 -0.00602149
0 0 1008 -0.00142253 0.00483104 0.0217949 -0.000472735
0 0 1009 0.00117178 0.0103336 0.0155464 0.0103742
0 0 1010 -0.00719695 -0.0330755 -0.0111663 -0.00424923
0 0 1011 0.00619301 -0.0251274 0.00515506 -0.0107259
0 0 1012 0.00474941 -0.0061741 0.000149428 -0.000945956
0 0 1013 -0.00173635 0.0103336 -0.00927294 -0.003776
0 0 1014 0.0103146 0.00788802 0.0199665 0.00194904
0 0 1015 -0.021905 0.014002 0.014348 -0.00440697
0 0 1016 0.0121557 0.0317325 0.00107044 -0.000936677
0 0 1017 0.00263631 -0.0232932 -0.0104815 0.00255217
0 0 1018 0.0109632 0.00299685 -0.0155694 -0.00371105
0 0 1019 -0.00692496 0.00299685 0.0291561 0.0151621
0 0 1020 0.0032012 -0.00433991 0.0190729 -0.017518
0 0 1021 0.000313985 -0.00678549 0.00617878 -0.00312649
0 0 1022 -0.00294982 0.00238545 0.0013957 0.00903808
0 0 1023 -0.371111 40.0275 -0.0527795 -0.0158663
