0 0 0 -29.0856 22.2156 8.48896 -15.4223
0 0 1 -0.866587 26.0054 -7.63889 -9.83724
0 0 2 -0.462295 -30.026 6.1099 -2.90616
0 0 3 10.2593 -35.4327 53.5515 -1.56014
0 0 4 -11.05 -39.425 29.1032 8.06299
0 0 5 -10.9161 -14.8866 -7.90802 -3.42231
0 0 6 9.78939 11.8736 27.1507 7.12034
0 0 7 9.42973 14.2956 12.1883 -0.0348371
0 0 8 18.2008 -20.6515 10.9772 18.5811
0 0 9 13.3099 -23.3204 -40.6131 -6.80977
0 0 10 46.2623 -5.62108 -22.3779 -13.897
0 0 11 7.50015 -27.9865 33.186 -6.54086
0 0 12 -5.05915 -31.5962 5.10191 -34.5804
0 0 13 18.4475 4.2027 24.9977 -33.4353
0 0 14 -13.8748 6.98503 34.2397 -10.6454
0 0 15 8.19585 0.748698 -8.78398 -12.2821
0 0 16 -4.22956 -19.3281 -5.37408 14.6124
0 0 17 -3.01931 -19.664 -4.56667 -0.618933
0 0 18 -24.4179 -34.8278 1.17658 11.7642
0 0 19 -13.271 49.2427 11.2463 27.4191
0 0 20 2.85867 1.48932 27.2853 -15.7823
0 0 21 -2.68327 9.87857 71.3398 -20.7616
0 0 22 -7.05698 -6.51961 39.107 9.31793
0 0 23 16.2712 36.3452 -40.6817 19.9965
0 0 24 -13.0899 39.6657 -26.4378 4.11456
0 0 25 1.10762 24.5687 -39.8057 -21.5481
0 0 26 5.93024 -6.83321 -42.7002 -0.43821
0 0 27 -14.728 1.33141 10.3958 7.97335
0 0 28 -5.05915 -43.4394 22.0372 6.87311
0 0 29 13.7588 -40.884 26.2316 10.7984
0 0 30 4.38396 -28.3001 52.2972 8.69046
0 0 31 -31.1727 -8.87492 5.95248 -17.5982
0 0 32 -30.5663 -16.3212 18.2896 -17.0387
0 0 33 -16.5001 4.49406 11.8989 4.74203
0 0 34 19.0303 15.7768 26.0513 14.6124
0 0 35 0.726953 33.3627 -34.2427 -4.02809
0 0 36 -9.83714 -36.7561 6.22161 -21.5018
0 0 37 -4.74674 -32.5614 16.0476 -5.68785
0 0 38 -13.292 -10.1538 14.768 4.42829
0 0 39 3.55437 -14.3484 50.299 5.46058
0 0 40 19.1642 -16.2989 -23.4976 -16.6787
0 0 41 8.6684 25.5339 -42.1873 -23.9018
0 0 42 -1.96395 6.98503 56.1768 -34.177
0 0 43 14.0948 1.60052 34.3742 -25.6512
0 0 44 5.97487 -5.69003 32.1983 -37.3172
0 0 45 -14.0323 13.7129 31.2563 -29.8917
0 0 46 -14.5495 43.2087 16.6748 -6.20399
0 0 47 -12.5753 16.3373 19.4804 7.54685
0 0 48 18.3136 2.24996 -6.42777 5.46058
0 0 49 8.71303 -5.44316 -21.8168 9.49865
0 0 50 -26.4394 11.8291 -37.7415 -23.4536
0 0 51 -14.8173 -23.2069 -4.67839 -13.2695
0 0 52 -12.7774 9.36258 1.93829 4.83311
0 0 53 -13.0899 5.09901 -4.32039 -1.35917
0 0 54 -14.7726 11.3798 0.07719 -17.15
0 0 55 -20.3592 -14.2794 -14.7735 -1.91869
0 0 56 1.33339 -31.7096 -24.1933 -8.64881
0 0 57 6.64956 4.94332 21.5878 4.74203
0 0 58 7.50015 35.1353 -30.4977 -10.8016
0 0 59 9.02544 22.2601 -11.6785 -0.843029
0 0 60 13.8717 43.7714 -53.0619 36.0996
0 0 61 13.6932 2.96833 -56.4744 29.7092
0 0 62 4.6071 32.6888 29.6187 6.64901
0 0 63 11.9867 -25.7424 22.5069 2.90299
0 0 64 16.048 -19.6862 -23.6119 -0.484475
0 0 65 4.5861 33.0269 -20.0902 5.70781
0 0 66 -20.627 -13.4499 -2.72843 18.2456
0 0 67 10.0362 -14.1682 -60.3971 1.35601
0 0 68 2.29686 -0.507911 -8.02228 0.323717
0 0 69 1.46728 -3.06561 3.64197 12.4365
0 0 70 -6.45054 28.9212 -62.0805 -4.16255
0 0 71 2.99256 17.4583 -0.461082 -11.9466
0 0 72 -11.6328 -21.9058 -5.44264 -15.6927
0 0 73 -7.77368 8.44181 -15.1087 -9.6811
0 0 74 12.37 -13.6078 14.8365 -4.25218
0 0 75 0.346288 -18.7899 -26.7729 13.8707
0 0 76 28.4288 29.4594 1.10803 24.9064
0 0 77 -0.84296 36.8834 -15.8932 -6.40495
0 0 78 1.73506 -14.2572 10.0352 -1.98664
0 0 79 12.9975 -23.3648 -3.60185 -19.55
0 0 80 24.5933 3.37312 2.23028 4.96757
0 0 81 -4.38708 -21.7057 75.9177 -6.47291
0 0 82 11.0443 -13.8324 19.4575 -18.6305
0 0 83 1.42265 38.0066 2.29629 -9.05218
0 0 84 -14.6598 37.5573 9.4741 -1.13363
0 0 85 -12.8431 3.08176 -17.6452 -13.1119
0 0 86 -4.1193 -15.6717 -18.8766 -10.6671
0 0 87 -35.3889 -43.7775 32.244 -7.1452
0 0 88 -16.3662 -74.5966 63.5349 -2.09941
0 0 89 -3.75964 10.7082 -5.35123 19.703
0 0 90 17.4394 -1.6978 18.2896 8.71359
0 0 91 -6.74194 13.8263 47.1607 -22.8247
0 0 92 3.82215 -7.86519 8.35439 -5.44062
0 0 93 3.86678 18.4013 19.3001 -14.1674
0 0 94 13.8271 20.5097 -9.21054 12.6143
0 0 95 17.3029 17.7274 -28.3446 -10.1958
0 0 96 -12.3285 12.9945 -28.86 -19.1235
0 0 97 -5.91236 3.75344 15.5982 0.481307
0 0 98 -9.09681 35.5601 9.02723 -3.24303
0 0 99 -5.98062 21.5194 -31.3279 6.71697
0 0 100 1.13124 14.2066 13.7371 18.3338
0 0 101 2.94793 -27.7396 32.602 8.37673
0 0 102 -16.1194 13.3771 -28.276 6.62733
0 0 103 -8.10971 3.39536 -8.02228 9.16179
0 0 104 18.9647 -11.9931 7.97354 -17.3741
0 0 105 -2.41287 -21.5478 24.236 -23.5433
0 0 106 18.6943 21.3393 -12.1482 -19.5066
0 0 107 8.01733 43.8826 -8.98457 -16.5457
0 0 108 5.77272 -9.9069 39.0384 -6.44977
0 0 109 -23.4098 -8.40341 22.3952 18.156
0 0 110 -19.7108 8.68868 27.9582 -11.8122
0 0 111 -1.71718 -28.2778 8.21982 3.08227
0 0 112 4.20281 -39.425 -21.0982 17.595
0 0 113 0.0102536 -6.20602 -12.237 40.1608
0 0 114 6.94097 12.076 10.9772 13.8505
0 0 115 8.93618 19.927 -10.1068 15.6215
0 0 116 31.0305 -13.5411 -5.50865 7.34444
0 0 117 3.06082 -2.1226 -22.355 -6.6305
0 0 118 -18.9915 1.78067 -21.7254 -5.32929
0 0 119 -26.4157 43.7247 -15.0655 -9.7476
0 0 120 5.50495 6.69145 -14.1007 -8.96254
0 0 121 -6.18276 23.9415 16.5199 -0.169295
0 0 122 2.05009 -12.1043 23.7408 -9.79242
0 0 123 9.22758 -27.6951 9.38523 2.99263
0 0 124 3.06082 31.4789 -31.9551 29.955
0 0 125 11.719 26.3857 10.4389 0.951186
0 0 126 27.3525 -23.0512 -42.8348 11.2683
0 0 127 24.5933 -2.45843 -39.76 17.595
0 0 128 6.24527 -14.6398 6.13275 9.90058
0 0 129 22.4169 -28.5247 -6.65375 -13.5168
0 0 130 12.055 -39.1336 36.5273 -10.7568
0 0 131 -4.63385 6.96057 53.7774 1.66974
0 0 132 6.33453 -7.61831 -5.19381 7.86058
0 0 133 30.7837 52.1829 -6.42777 4.72034
0 0 134 31.4584 6.42234 45.6348 -4.49941
0 0 135 23.8766 -39.247 41.5749 6.62733
0 0 136 22.0809 -45.1453 -64.3682 -1.42568
0 0 137 14.7905 -14.1015 -90.4769 -2.81652
0 0 138 -9.99466 -18.2739 -1.35989 -13.1568
0 0 139 1.96083 -18.2739 -10.4674 -0.595801
0 0 140 24.4358 19.5222 15.8242 9.49865
0 0 141 30.2455 14.2734 15.2631 -23.6994
0 0 142 -3.67038 -7.55159 23.0452 26.3435
0 0 143 38.3445 31.0519 -18.676 6.55938
0 0 144 37.3127 -19.3281 -29.802 13.0625
0 0 145 6.40279 -24.3078 -15.8044 0.166127
0 0 146 20.7131 -15.0423 -3.42158 5.77432
0 0 147 10.5297 -29.5567 27.1507 -17.1731
0 0 148 17.1008 0.119281 37.4922 -12.7982
0 0 149 16.854 -28.2556 -0.910488 5.63986
0 0 150 39.1977 -51.5818 -34.1996 11.5849
0 0 151 20.7578 4.60526 -18.6303 20.1974
0 0 152 -18.2721 -0.0141638 32.31 10.0582
0 0 153 17.0798 -20.6737 -30.1828 12.6606
0 0 154 12.6142 10.8861 -37.5638 11.157
0 0 155 6.0195 21.406 4.33766 16.5642
0 0 156 12.4357 -4.4779 27.2625 5.55022
0 0 157 26.5465 24.5931 25.0865 -3.08544
0 0 158 11.8765 47.6725 -51.2694 1.42251
0 0 159 17.2373 -16.3434 -24.889 10.7984
0 0 160 17.7755 -2.4829 0.681476 5.66299
0 0 161 34.1493 0.00807704 4.78707 -1.11195
0 0 162 56.9839 -19.5972 7.00871 -10.2869
0 0 163 62.2791 -30.2506 -4.50066 -16.1625
0 0 164 67.6609 -28.2089 -8.69512 -7.63965
0 0 165 63.7125 -0.754784 -31.8891 -6.87628
0 0 166 90.4509 -32.4947 5.68334 -13.5384
0 0 167 66.5399 30.8495 19.1884 -3.5799
0 0 168 66.7867 -5.50988 11.2032 -10.6223
0 0 169 78.4061 -10.1538 7.63585 0.816729
0 0 170 88.1642 -29.3543 13.7371 -8.26712
0 0 171 85.7857 -11.7017 8.62353 -3.55676
0 0 172 79.325 -8.47014 39.2644 -3.66953
0 0 173 75.4894 -15.2002 -34.9841 -11.0936
0 0 174 93.8165 6.51353 7.83897 -22.7134
0 0 175 133.812 -0.777025 70.017 -20.4045
0 0 176 121.946 -36.1956 -8.31173 -0.864716
0 0 177 79.8868 32.9357 15.8902 2.90299
0 0 178 79.8868 7.074 -9.07597 -6.56254
0 0 179 86.0562 -34.4897 -13.8316 -3.5799
0 0 180 68.9394 1.86964 -26.3464 15.0389
0 0 181 71.541 -32.2256 3.97966 1.06396
0 0 182 67.9313 -55.643 21.6335 -28.8811
0 0 183 63.4893 -48.3524 26.2773 0.278898
0 0 184 63.0404 -38.7755 -19.26 28.6755
0 0 185 66.6738 22.6849 1.58029 38.6341
0 0 186 87.6471 18.1322 5.7519 2.81335
0 0 187 85.4707 0.457342 45.6119 0.300584
0 0 188 74.7937 -17.7579 4.54078 -3.19821
0 0 189 96.7095 -16.7037 35.4279 -1.98664
0 0 190 76.634 -63.3139 24.9088 -6.47291
0 0 191 60.7092 14.1177 15.0599 15.9801
0 0 192 54.1355 0.0970405 18.089 24.7285
0 0 193 62.3893 4.15822 -14.3927 -1.42568
0 0 194 52.2952 -10.5341 -24.6198 -14.2122
0 0 195 63.3764 -9.09955 29.2378 -0.0796564
0 0 196 80.0889 18.2434 -27.0192 22.5743
0 0 197 102.272 -34.6699 -24.9347 -1.40399
0 0 198 98.5498 17.0779 50.6367 -2.81652
0 0 199 67.2566 -13.7412 75.5571 0.14444
0 0 200 53.0801 17.8186 56.1311 -12.8662
0 0 201 39.1977 18.3123 27.7779 3.17191
0 0 202 60.6855 7.32087 63.9614 -0.258933
0 0 203 43.4349 5.54827 6.06673 4.33865
0 0 204 73.5599 -66.521 18.1347 5.39263
0 0 205 41.5525 -24.1277 44.1977 -4.63387
0 0 206 47.4069 40.631 -0.798771 -19.4156
0 0 207 57.7688 36.5476 9.22781 9.72275
0 0 208 50.4785 63.4412 -22.713 -11.1168
0 0 209 56.85 42.0655 -46.2218 -6.20399
0 0 210 89.7788 24.3685 11.1346 -4.47628
0 0 211 91.2358 23.0452 5.84076 6.06636
0 0 212 111.492 -7.8207 -9.61424 22.9574
0 0 213 94.331 -33.4577 65.9342 -4.85797
0 0 214 74.3684 -69.7303 4.2488 -7.12351
0 0 215 72.7539 14.2289 12.9754 -12.4165
0 0 216 76.0722 5.12125 0.861747 -36.0594
0 0 217 84.3051 -1.33749 -10.6451 -54.5871
0 0 218 76.3426 -28.8383 -18.742 -18.5409
0 0 219 66.2248 18.9617 -35.5224 -7.7958
0 0 220 78.6083 8.55301 13.3563 -32.5606
0 0 221 78.6765 -2.97442 44.8045 -22.2421
0 0 222 105.638 -1.11286 15.0599 -3.62471
0 0 223 93.2336 -3.44593 -28.4106 -19.0584
0 0 224 81.7927 32.1283 36.1693 -40.9953
0 0 225 92.7401 50.8129 44.7157 -29.1066
0 0 226 89.8917 -45.9082 1.80372 -11.8787
0 0 227 106.917 -40.1211 3.82224 -4.5211
0 0 228 118.355 -19.5528 5.14507 -43.2608
0 0 229 99.6472 -9.57106 31.5483 -29.7789
0 0 230 88.5895 -26.0115 23.0452 -28.2984
0 0 231 83.7905 30.6715 15.2859 -27.0869
0 0 232 100.905 35.3355 11.226 -21.9963
0 0 233 109.81 12.3451 -8.46915 -13.965
0 0 234 117.57 14.4535 4.67535 -10.6903
0 0 235 123.246 15.957 -3.42158 -12.5741
0 0 236 96.0374 -28.8383 15.0168 -7.2811
0 0 237 118.848 -43.3727 7.18644 -15.7823
0 0 238 125.041 16.9667 -21.0094 -12.9775
0 0 239 114.564 -2.79649 43.6594 -3.28785
0 0 240 110.437 16.8533 15.0168 2.2307
0 0 241 77.8233 50.9263 5.23648 9.25142
0 0 242 59.7667 41.9321 35.8545 -20.9857
0 0 243 84.7094 -32.2478 1.73771 -20.3134
0 0 244 91.6401 -37.6524 -11.5439 8.80323
0 0 245 96.2396 7.47656 -18.2723 16.8779
0 0 246 99.1326 48.4131 -21.7939 0.481307
0 0 247 107.163 6.37786 -19.1914 2.36516
0 0 248 91.0127 30.5804 -19.4377 15.5999
0 0 249 41.844 49.4673 -3.44443 8.42154
0 0 250 70.42 -13.0028 -16.9038 6.46974
0 0 251 46.4854 -15.4471 18.4038 17.8639
0 0 252 51.1085 18.806 -3.82528 15.5319
0 0 253 75.5787 8.89107 1.08518 19.4341
0 0 254 61.0898 12.076 18.5816 19.1868
0 0 255 56.0861 18.0877 -11.3636 9.40901
0 0 256 65.5318 -3.04337 11.4266 23.5386
0 0 257 44.3563 -3.82847 27.0162 8.57913
0 0 258 39.4891 20.1516 18.4241 -4.04978
0 0 259 35.9003 -15.4916 42.3595 12.4148
0 0 260 21.4535 -12.6203 43.9286 20.5329
0 0 261 57.5221 -24.8016 -29.1952 5.97673
0 0 262 44.3773 5.50379 -16.5889 7.70299
0 0 263 37.087 -17.2642 37.2687 21.4321
0 0 264 29.8885 10.6859 38.2996 25.648
0 0 265 8.35337 17.952 29.1921 22.0148
0 0 266 18.0222 -0.216556 -8.38028 8.03986
0 0 267 48.415 -46.0639 -7.75314 -7.55001
0 0 268 68.3119 -32.2256 -17.4649 38.5907
0 0 269 32.3326 -4.38894 -16.9038 2.4548
0 0 270 -4.34245 49.5807 35.5168 -19.8421
0 0 271 15.0819 -13.1585 53.2163 -13.4488
0 0 272 39.8908 13.2414 -42.6316 6.44805
0 0 273 27.8014 49.4228 -13.5624 26.8148
0 0 274 36.1917 -17.3976 12.3914 15.688
0 0 275 24.3255 -58.5365 -5.15065 10.8447
0 0 276 14.3416 -8.56132 -16.2538 22.6408
0 0 277 8.44263 -6.2505 18.2896 31.8172
0 0 278 0.0758854 -19.8886 11.4038 9.22684
0 0 279 10.3039 -7.55159 -22.0402 -14.6372
0 0 280 17.4394 7.90358 16.6544 3.37432
0 0 281 42.1117 29.1681 11.7643 31.9285
0 0 282 14.5674 0.681975 -9.74881 12.4596
0 0 283 23.404 -2.79649 -31.6631 21.0707
0 0 284 38.2316 2.36338 -40.4125 28.116
0 0 285 4.98777 21.7885 18.7847 0.660584
0 0 286 20.9599 -20.9873 1.08518 4.38347
0 0 287 26.4546 12.9055 1.44572 -1.40399
0 0 288 6.42379 7.22968 10.4161 14.0066
0 0 289 21.8578 -77.6036 57.9262 31.6365
0 0 290 22.0809 -82.312 11.5155 29.0138
0 0 291 4.40496 -34.4897 -38.6403 -7.2811
0 0 292 9.25121 22.0577 7.81612 -11.7211
0 0 293 0.771582 19.5222 10.4161 -16.4098
0 0 294 -0.304779 9.11571 4.2488 -1.38086
0 0 295 10.619 3.86687 -21.4562 18.3815
0 0 296 23.5616 8.37509 -25.1353 11.6297
0 0 297 28.7649 0.793179 18.7847 11.8987
0 0 298 30.8519 -5.08285 14.9025 5.5054
0 0 299 35.8531 -41.9604 -5.21666 -3.28785
0 0 300 33.5428 -40.9062 18.673 20.4664
0 0 301 19.1642 6.44458 51.1064 21.2052
0 0 302 16.9223 27.6868 40.1378 4.78685
0 0 303 20.3325 40.72 14.1637 5.39263
0 0 304 29.8438 42.8062 25.9625 4.67552
0 0 305 26.2315 19.8136 -5.01608 4.47311
0 0 306 34.9579 -10.2427 -35.007 -0.0131504
0 0 307 30.8519 15.2831 -21.1871 16.4066
0 0 308 23.0234 6.93833 22.9106 12.6389
0 0 309 11.7636 -19.059 18.1118 8.69046
0 0 310 10.5743 -40.8395 -7.50432 3.06058
0 0 311 18.7389 -28.905 5.34819 -15.6695
0 0 312 18.8965 -13.8991 37.3804 -18.2488
0 0 313 16.7884 -7.26023 38.0533 -13.1799
0 0 314 7.92807 11.3576 19.1655 -5.21652
0 0 315 8.75766 5.93082 25.8051 6.11118
0 0 316 -1.51503 29.0791 37.8959 1.24323
0 0 317 12.7717 6.0865 24.66 -1.11195
0 0 318 21.8341 -15.2669 13.2649 7.41239
0 0 319 14.7695 -19.2369 7.56983 4.09287
0 0 320 28.4971 -20.0443 -15.3347 -3.49026
0 0 321 19.2115 13.8019 0.546908 11.3811
0 0 322 9.31684 29.9532 17.3704 21.9006
0 0 323 11.2018 24.3685 -9.88338 26.4765
0 0 324 14.2077 34.2145 15.3519 3.53191
0 0 325 13.0185 0.613028 28.7656 -12.3948
0 0 326 9.54261 -18.8121 19.8155 -11.0936
0 0 327 21.3852 -31.7541 4.6068 -10.0397
0 0 328 32.8944 -10.176 19.5032 -6.54086
0 0 329 23.4723 9.76514 31.4569 15.5319
0 0 330 -4.1193 -2.23603 14.1408 19.3227
0 0 331 10.6636 -3.78176 -6.22719 6.87311
0 0 332 9.6765 -6.65306 -25.3612 3.756
0 0 333 17.9986 -28.9718 -16.0278 -11.0488
0 0 334 34.06 -7.05784 -10.1297 -15.5799
0 0 335 10.3958 22.5292 22.6871 -14.3915
0 0 336 -6.92309 52.8101 16.5859 -23.4536
0 0 337 -9.88177 40.0238 18.2896 -11.7442
0 0 338 -10.3989 17.4138 3.32967 -15.3775
0 0 339 -8.46937 1.60052 11.8989 -16.365
0 0 340 -5.95699 16.2928 8.64638 1.31119
0 0 341 9.63187 9.80962 -21.4562 9.29624
0 0 342 27.9353 -12.8227 -15.3347 2.05143
0 0 343 14.0292 -46.3574 -8.46915 1.69143
0 0 344 6.15601 -21.054 1.33147 -7.97652
0 0 345 14.3862 -3.268 -34.9841 -4.87965
0 0 346 3.30759 18.1544 -22.1291 5.81914
0 0 347 20.4664 12.5697 -30.9902 8.46636
0 0 348 13.155 1.01781 -34.7378 7.79263
0 0 349 5.5732 -29.3321 -16.6346 18.7603
0 0 350 3.08182 -16.5903 9.49695 22.888
0 0 351 -5.48706 -27.6262 -21.3674 10.7536
0 0 352 -18.5189 -11.0501 -22.4439 19.8606
0 0 353 -17.9571 18.6704 13.9402 12.3237
0 0 354 -22.6248 8.08373 24.4822 -11.2281
0 0 355 -6.65269 -45.8859 27.039 -9.63628
0 0 356 -15.6022 -23.5227 25.2668 -4.76833
0 0 357 -18.7893 -22.0415 -11.1605 4.15938
0 0 358 -12.8221 -33.0107 -7.57287 -8.71531
0 0 359 -19.6399 -0.396707 24.9977 -2.16592
0 0 360 -30.3641 -1.40422 7.52413 -1.4705
0 0 361 -28.9071 -17.3531 -1.51731 -16.5225
0 0 362 -13.7199 -17.1507 -21.6593 -35.4551
0 0 363 -16.7469 1.46708 6.08705 -37.1134
0 0 364 -24.9587 -9.99586 1.35432 -17.5317
0 0 365 -25.6308 8.35285 -11.0488 -2.07628
0 0 366 -17.3533 12.4785 -6.15864 -4.16255
0 0 367 11.4276 27.9559 -25.0235 9.69962
0 0 368 24.7744 17.3026 -45.0107 14.4779
0 0 369 4.33933 -9.27748 -6.69691 -0.529295
0 0 370 -1.08974 -12.5536 21.476 5.99841
0 0 371 -11.05 25.3093 6.17845 10.5295
0 0 372 -3.31071 33.0046 -17.6655 14.8365
0 0 373 12.076 25.4672 -35.4767 16.81
0 0 374 -4.52096 -5.71227 -19.2143 5.75263
0 0 375 7.90444 -23.1624 -10.3099 5.61817
0 0 376 21.8788 -24.4858 19.5235 1.60179
0 0 377 -1.36014 -36.398 12.3457 -10.9823
0 0 378 -16.4791 -38.7755 -5.23951 -7.90857
0 0 379 -4.27419 -21.997 -32.831 -7.19001
0 0 380 5.70709 -17.0618 -14.347 3.77769
0 0 381 10.8211 -14.3262 -6.18149 2.47649
0 0 382 23.832 -0.732543 3.1494 -4.67869
0 0 383 9.29584 -0.821507 15.4636 5.61817
0 0 384 9.83402 -20.2244 -16.7463 6.31215
0 0 385 -7.75267 -8.35893 -10.7568 3.46396
0 0 386 -20.8318 8.10597 14.4785 -11.8122
0 0 387 -2.07684 11.5822 14.2754 -14.3235
0 0 388 0.614066 4.40509 28.857 -1.26954
0 0 389 -0.236522 -7.88743 14.9482 20.9608
0 0 390 -1.49403 -12.1955 -29.9365 35.4288
0 0 391 -2.7279 -16.7704 -32.6051 18.1343
0 0 392 -6.29302 -1.56213 7.83897 5.59504
0 0 393 -1.22362 20.1049 12.8611 15.2384
0 0 394 -2.29999 22.2823 10.1038 26.8813
0 0 395 -10.0629 -21.0985 8.82411 25.2447
0 0 396 -18.2538 -25.4065 -22.4439 13.5584
0 0 397 -38.2347 0.882143 -33.7502 -2.79484
0 0 398 -26.5942 8.93556 6.47044 -13.1351
0 0 399 -10.3989 36.4141 11.0686 -7.19001
0 0 400 -28.3453 26.1856 13.3994 -2.47966
0 0 401 -22.2888 19.6134 11 -10.9592
0 0 402 7.52378 38.9251 -31.1477 9.33962
0 0 403 7.77056 -1.809 -10.1754 -1.82905
0 0 404 13.5567 -13.7635 -22.1519 -6.2705
0 0 405 13.491 -2.92994 -30.6551 19.2548
0 0 406 14.7695 -1.00166 -12.1939 9.92371
0 0 407 14.3652 -19.148 30.3372 10.9112
0 0 408 -2.39187 -48.3969 26.5236 2.09625
0 0 409 0.839839 -23.3426 42.2249 -13.3375
0 0 410 20.8707 -0.441188 16.6976 -2.14423
0 0 411 44.1988 -3.31248 -17.7112 18.5362
0 0 412 25.4019 11.0662 -9.11913 1.93866
0 0 413 13.9399 2.47459 -27.1106 -12.8213
0 0 414 1.53554 1.82515 -19.7525 -14.0098
0 0 415 -9.07581 15.014 -11.9679 -19.3939
0 0 416 -27.0458 14.5202 10.4618 -21.7939
0 0 417 -19.5323 -6.72201 20.5798 -8.49122
0 0 418 4.54147 20.9145 13.8057 11.5849
0 0 419 6.33453 24.324 45.7465 1.62492
0 0 420 -16.4554 -9.00837 19.0081 -1.40399
0 0 421 -14.1006 -3.33472 12.4574 2.07311
0 0 422 6.24527 5.43707 11.8989 7.47889
0 0 423 0.884469 18.9617 -37.1601 -1.60496
0 0 424 -14.9302 32.3307 -37.3175 4.60757
0 0 425 -12.4414 30.8272 -1.56048 9.6548
0 0 426 -17.1511 4.9878 11.1575 13.4905
0 0 427 -34.94 9.24915 -12.9784 5.52709
0 0 428 -26.6651 44.9368 -16.9723 -4.54423
0 0 429 -4.81237 30.1111 -18.8334 6.53769
0 0 430 15.8669 8.39733 -5.50865 4.76516
0 0 431 3.70926 33.4961 -25.2927 6.3801
0 0 432 -10.8689 39.4856 -8.02228 -1.40399
0 0 433 -31.6636 11.987 -18.384 7.47889
0 0 434 -26.526 -0.48567 -33.8162 24.8847
0 0 435 -14.413 -40.5014 8.28584 17.0803
0 0 436 -11.9006 -36.398 28.5421 -0.595801
0 0 437 14.8588 2.11651 13.8717 -11.4753
0 0 438 -7.21449 34.8217 10.1266 13.4225
0 0 439 4.92214 27.778 -9.43397 18.5362
0 0 440 8.17485 20.4207 -2.59386 -14.1225
0 0 441 5.9985 -9.34643 -17.4649 -23.2743
0 0 442 18.9175 -2.99666 -37.8329 7.72612
0 0 443 14.9717 8.98004 -6.49633 13.9835
0 0 444 9.13832 22.2156 14.8365 8.26395
0 0 445 0.301659 31.8592 23.6748 11.9652
0 0 446 -11.5646 3.66447 24.9748 0.951186
0 0 447 4.04792 -19.9108 26.3205 -2.47966
0 0 448 13.2652 -2.95218 11.7186 -12.0363
0 0 449 4.3157 33.2515 -8.06544 -20.604
0 0 450 -13.4259 32.0838 -13.2476 1.78107
0 0 451 -4.836 19.1419 1.44572 8.95938
0 0 452 3.15008 14.7671 -17.4877 -11.7442
0 0 453 -4.00641 -15.2225 -13.179 0.436488
0 0 454 0.480177 -30.5887 -20.8291 7.36757
0 0 455 -7.2355 -26.1917 -1.44876 2.05143
0 0 456 -7.03335 -3.13233 1.35432 -6.96592
0 0 457 -5.66558 12.3006 10.642 -4.7452
0 0 458 -6.5188 -1.83124 0.681476 3.59841
0 0 459 -11.5882 13.2191 -9.59139 9.13865
0 0 460 -10.1968 23.2453 13.3563 -1.35917
0 0 461 -3.22146 11.6489 24.7285 -0.102789
0 0 462 -3.35534 -29.1519 1.44572 15.9121
0 0 463 -2.03221 -19.6195 0.927761 13.3343
0 0 464 18.3136 22.1021 -3.13213 10.1941
0 0 465 17.7965 11.2464 -7.84201 8.62395
0 0 466 12.7507 -20.2912 17.3044 4.98926
0 0 467 5.25817 -47.3894 -2.39074 -0.887849
0 0 468 5.88561 -29.3765 -10.1068 5.21335
0 0 469 4.65173 1.62276 11.4266 -17.3524
0 0 470 6.08776 -0.396707 1.48888 -24.6652
0 0 471 18.9857 -16.9728 3.17225 -2.07628
0 0 472 17.9776 -3.33472 -8.71543 13.2447
0 0 473 15.1948 -8.17878 8.21982 8.15263
0 0 474 7.47915 -29.2409 7.7044 7.38926
0 0 475 -9.2097 -34.6254 -0.77592 7.97335
0 0 476 -4.20856 -11.6328 6.71672 8.28709
0 0 477 3.86678 3.01282 20.826 10.664
0 0 478 2.20761 26.6548 -9.54569 7.79263
0 0 479 2.6329 23.2231 7.29816 5.93191
