0 0 0 -9.29052 -2.71096 -0.394119 -8.14884
0 0 1 -9.29052 -0.356223 0.834224 -2.90192
0 0 2 -1.75227 0.00234177 -0.432369 -3.31148
0 0 3 -0.345818 -8.73799 -1.6355 -2.81223
0 0 4 4.88902 -12.462 7.24543 4.0086
0 0 5 1.58784 0.437313 6.18356 0.693819
0 0 6 -1.35599 -2.26276 11.3147 -1.30262
0 0 7 -3.73546 0.501084 1.99911 0.092457
0 0 8 4.9651 5.19793 -0.854856 6.03043
0 0 9 2.26541 1.66582 4.80135 13.5807
0 0 10 -4.10698 -0.0361619 0.233092 2.99715
0 0 11 3.37819 0.641863 7.1046 2.48548
0 0 12 2.3291 6.47757 4.37886 -0.48351
0 0 13 0.947412 8.38411 1.56401 -2.04446
0 0 14 0.690889 4.13547 -9.60756 -6.4593
0 0 15 0.563512 4.62158 0.834224 -6.5236
0 0 16 -3.25072 6.4132 -0.880501 -2.99161
0 0 17 1.83021 3.53385 7.05374 -0.355457
0 0 18 4.92795 -0.714187 4.68616 -1.3534
0 0 19 1.10133 2.56163 9.07534 -1.80132
0 0 20 -6.7819 2.12666 7.19414 8.09062
0 0 21 3.72494 0.60336 12.2875 -1.31504
0 0 22 -0.690798 -0.727423 5.40291 -7.3681
0 0 23 -7.85753 -9.32697 0.0283685 3.54772
0 0 24 -8.03621 -2.14785 -5.14145 3.21489
0 0 25 -11.8115 3.03511 2.53634 2.22937
0 0 26 -11.2472 6.17015 0.64254 -8.08509
0 0 27 6.30963 5.21056 -4.60422 -2.30056
0 0 28 7.19243 2.44612 -4.51468 4.23877
0 0 29 11.8116 -3.38899 1.94782 -3.92581
0 0 30 17.4304 3.72637 7.43755 -3.65673
0 0 31 8.2539 11.4939 3.31699 -6.53603
0 0 32 -0.818175 8.56339 2.063 -1.60951
0 0 33 2.24064 6.15751 1.60226 0.463648
0 0 34 1.52415 7.60381 -2.05755 -2.45401
0 0 35 -4.40242 -1.99383 -4.56597 2.24234
0 0 36 -3.94068 -6.60103 -4.51468 -0.867128
0 0 37 -2.6616 -2.82587 -10.1578 -4.11761
0 0 38 -3.31441 -5.15474 -1.3282 -6.5236
0 0 39 -11.7337 -8.30302 -5.12885 -6.29343
0 0 40 -6.03886 -10.1199 -7.68811 -2.17251
0 0 41 0.255684 -4.15665 -9.33894 1.47456
0 0 42 0.935029 6.72063 -3.52931 -1.48146
0 0 43 -10.007 6.10637 -5.62783 4.16205
0 0 44 -3.2118 -3.5039 -1.40513 -0.393819
0 0 45 4.32644 -3.12006 -2.86385 2.74158
0 0 46 -5.04108 6.0426 5.19819 5.03194
0 0 47 -3.50548 -3.60677 3.27874 8.37212
0 0 48 3.2632 -6.5499 -5.30793 3.67577
0 0 49 1.52415 -0.445865 -1.67375 4.72505
0 0 50 7.79393 1.44803 3.48346 5.76136
0 0 51 7.56394 -2.69773 1.78134 12.5692
0 0 52 1.54892 -2.21162 -3.29894 4.20041
0 0 53 7.33396 1.74283 1.25671 -4.0155
0 0 54 3.49318 -6.9596 5.60764 -3.18342
0 0 55 2.36802 -0.343589 1.10328 -6.71541
0 0 56 -1.81596 3.87978 -0.355869 -2.08282
0 0 57 -6.34669 4.39176 -1.36645 0.630062
0 0 58 -5.8991 7.29638 -1.72504 4.84013
0 0 59 1.81782 9.30579 -3.27329 1.80739
0 0 60 4.4662 7.28374 -4.94977 -0.598595
0 0 61 0.306989 4.08433 -7.49599 2.61353
0 0 62 -11.6187 -4.27217 -5.56394 -4.96211
0 0 63 -5.20738 -3.29935 -3.38848 -2.91489
0 0 64 3.59579 -2.28863 3.94377 -4.56553
0 0 65 5.17032 -0.727423 6.11923 6.13255
0 0 66 6.0018 -2.21162 1.39754 1.81982
0 0 67 -7.0508 1.41013 1.81959 2.37039
0 0 68 -6.92343 -2.30126 1.25671 -0.521872
0 0 69 0.551128 -2.88964 -4.11783 0.936957
0 0 70 -3.62047 -1.2773 -0.893106 0.630062
0 0 71 -7.2171 -6.30684 -5.53829 -3.52922
0 0 72 -1.8425 -3.56827 -3.74664 3.11277
0 0 73 14.3839 7.43716 5.5307 4.91686
0 0 74 0.397214 8.19219 -2.36486 -1.39177
0 0 75 -6.74298 -0.215445 -10.4777 1.03962
0 0 76 -4.64479 -1.73814 -1.44338 10.3426
0 0 77 1.33131 4.58367 8.87061 5.9791
0 0 78 1.67629 4.42966 11.5194 5.68463
0 0 79 1.14025 5.92709 4.99347 10.6117
0 0 80 -0.370586 7.02745 -1.85283 8.00093
0 0 81 0.294605 6.66949 -1.3282 1.65394
0 0 82 -5.80888 2.06229 -2.69737 11.226
0 0 83 -10.0459 10.8538 -10.3882 8.53853
0 0 84 -7.20472 -0.89347 -7.90588 9.396
0 0 85 -6.07779 -7.57385 1.55098 4.99358
0 0 86 -13.3312 11.6732 0.565606 5.59494
0 0 87 -3.49309 13.5412 -3.83617 1.85872
0 0 88 2.9306 2.90696 3.68819 3.22786
0 0 89 -2.09902 1.19235 5.01911 -1.3534
0 0 90 -6.43692 12.5431 0.0666184 -3.60594
0 0 91 -8.19012 12.6965 -7.59857 -2.28759
0 0 92 -6.92343 5.01865 -3.43977 -1.12323
0 0 93 -8.95792 11.1864 -4.69375 -0.700714
0 0 94 -5.2463 13.8612 -0.0742108 2.60056
0 0 95 -4.87478 10.8796 2.99708 5.42907
0 0 96 -3.23657 2.83056 -0.496264 7.52762
0 0 97 -5.79649 8.7168 -8.90385 -0.534299
0 0 98 -1.79119 12.3127 -11.2327 0.36099
0 0 99 -0.229056 -5.52594 -0.29154 3.73953
0 0 100 -2.75006 -4.7324 7.0407 5.31344
0 0 101 -5.01631 1.63995 6.23441 5.3518
0 0 102 0.34591 4.87787 -1.95541 1.48753
0 0 103 -0.319281 6.4132 -2.37746 -0.20201
0 0 104 -2.95528 2.07552 -10.4012 -0.112319
0 0 105 -10.2883 -1.85365 -2.97903 1.75606
0 0 106 -8.1512 -2.95402 1.52533 -4.60389
0 0 107 -1.83011 2.02439 -4.00265 0.373957
0 0 108 7.18004 1.67845 -1.86587 9.75422
0 0 109 6.60331 -2.85174 1.44883 7.50169
0 0 110 3.8647 -0.983111 6.3496 -1.30262
0 0 111 7.08982 7.11709 1.99911 -1.59654
0 0 112 6.46355 -6.47289 -2.94078 2.08889
0 0 113 5.7842 -6.6263 0.936803 3.53475
0 0 114 -1.27992 -6.84409 0.539961 -2.87653
0 0 115 -1.86727 -5.41103 0.335237 2.12725
0 0 116 2.39279 -1.85365 -1.58421 4.05939
0 0 117 -1.81596 4.19984 6.23441 8.38509
0 0 118 -7.66469 9.10063 -0.394119 6.96462
0 0 119 -5.19499 3.53385 8.24384 -0.20201
0 0 120 -0.920784 1.56354 3.13791 1.18009
0 0 121 1.69045 4.4429 -4.24606 -0.662352
0 0 122 -6.52537 2.03702 -6.53627 4.48191
0 0 123 -6.6156 -1.14976 -1.6355 1.87115
0 0 124 -3.19942 -4.96282 -6.94615 3.79086
0 0 125 2.02304 3.04774 -4.05394 2.08889
0 0 126 2.22649 -1.94269 1.11588 -10.1329
0 0 127 0.333526 -2.10934 2.47245 0.50201
0 0 128 0.653738 3.22702 2.53634 1.21846
0 0 129 3.60995 8.56339 3.2657 -2.39025
0 0 130 1.80544 6.73326 7.28411 -2.09579
0 0 131 -2.68637 -6.57516 -0.995685 -2.45401
0 0 132 2.3291 -9.41601 5.01911 0.36099
0 0 133 6.3857 -7.18942 12.4665 3.20192
0 0 134 4.23622 2.98397 11.8141 7.04134
0 0 135 -2.98182 5.3002 4.44319 -0.0480228
0 0 136 -1.98226 -3.35048 -4.14348 -7.72632
0 0 137 -0.844712 -2.53168 -2.18578 -6.16538
0 0 138 -0.409507 0.206892 -4.05394 -0.495937
0 0 139 1.75413 10.6492 -6.85618 -0.739075
0 0 140 3.0969 7.04069 -2.56958 -0.432181
0 0 141 -1.49752 2.66391 -5.21839 -1.99313
0 0 142 1.75413 3.11211 0.539961 -0.777437
0 0 143 8.77933 7.02745 5.24904 -4.87242
0 0 144 5.06771 8.76794 -0.1255 -5.75637
0 0 145 5.58075 3.02247 -0.151145 -7.95649
0 0 146 8.62542 1.32049 9.24181 -4.41208
0 0 147 12.2592 1.78073 14.9489 -3.79775
0 0 148 11.1217 0.616595 3.6369 -4.47584
0 0 149 3.00844 3.39307 -0.112461 -4.48881
0 0 150 2.03542 -0.253948 -0.0868159 -9.21109
0 0 151 1.0111 -3.9521 -4.27127 -11.1432
0 0 152 1.67629 -0.919339 -5.81995 -3.00458
0 0 153 5.70813 -3.65791 -5.37182 2.66486
0 0 154 7.61525 0.629229 2.97144 0.949924
0 0 155 11.2101 -0.20281 6.6569 -1.28965
0 0 156 12.912 5.56853 7.33497 -7.82898
0 0 157 14.8457 6.7459 9.31875 -2.64582
0 0 158 9.71343 4.69858 9.07534 5.08327
0 0 159 6.61569 5.05715 7.64227 2.24234
0 0 160 10.0336 2.31858 -2.00627 -6.11405
0 0 161 13.6161 5.72254 -3.67014 -8.90419
0 0 162 3.46842 0.51432 3.53432 -6.95855
0 0 163 -0.793407 3.09888 8.65329 -3.14506
0 0 164 -0.0114536 5.42835 5.58199 3.07441
0 0 165 8.83064 4.8905 2.63892 -1.4177
0 0 166 10.8262 0.910787 3.07402 1.39784
0 0 167 8.8554 0.51432 10.611 2.22937
0 0 168 9.89211 -3.19707 10.3293 -1.66084
0 0 169 8.60065 -2.67246 2.35727 1.48753
0 0 170 -1.27992 0.270664 6.52911 -0.893063
0 0 171 -5.59128 -5.57708 4.53273 -2.96622
0 0 172 -3.26311 -10.5037 -0.330224 2.86963
0 0 173 0.0770027 -5.88451 -2.26228 -3.17046
0 0 174 -1.44621 -4.05438 -7.95673 -0.099352
0 0 175 -6.10432 -7.50948 -8.57134 4.37925
0 0 176 -0.165367 -8.18811 -11.4118 1.78146
0 0 177 2.73954 -0.522271 -10.516 1.75606
0 0 178 1.25524 6.43907 -11.8726 -1.53279
0 0 179 5.11901 3.00924 -5.80691 -2.18548
0 0 180 4.37775 4.95427 -4.38645 0.578733
0 0 181 0.87134 6.33679 -8.78867 8.47424
0 0 182 -1.94511 1.16648 -3.37587 8.07765
0 0 183 4.8501 4.53254 4.66052 4.66075
0 0 184 3.97969 5.65817 8.25644 1.42323
0 0 185 -1.91857 1.94738 5.44116 8.53853
0 0 186 0.255684 10.6107 2.8819 7.42496
0 0 187 6.13095 8.52488 -1.76329 5.3518
0 0 188 3.6471 0.501084 -4.78329 -2.42862
0 0 189 1.5613 0.51432 -2.37746 -4.55256
0 0 190 2.57324 6.60512 -5.87124 -1.46849
0 0 191 2.73954 3.58559 -5.26968 -1.48146
0 0 192 1.62499 -4.13139 -0.394119 4.75044
0 0 193 -4.45196 -8.71272 -1.04654 4.64832
0 0 194 -6.18039 -10.6319 0.64254 -6.06326
0 0 195 -5.64258 -10.1843 5.22383 -3.56758
0 0 196 -5.23391 -3.79869 -6.24201 1.98623
0 0 197 4.17253 -0.458499 -7.12523 -2.99161
0 0 198 16.9686 -5.78223 -5.57654 -12.193
0 0 199 8.81825 2.77882 1.09024 -5.84552
0 0 200 4.51751 5.91446 2.77932 -0.432181
0 0 201 0.0646188 -1.32844 8.85801 0.0411278
0 0 202 -3.12158 -4.656 7.24543 -4.42505
0 0 203 -0.844712 -3.47863 2.5107 -3.68267
0 0 204 7.06505 7.74458 0.00272367 1.74309
0 0 205 7.71786 4.09696 4.41754 -0.240372
0 0 206 4.4149 -4.33594 3.18877 -3.27311
0 0 207 -2.67399 -2.21162 -4.79633 3.93134
0 0 208 6.24594 1.48654 -1.16172 8.75574
0 0 209 7.52502 9.15177 1.26932 -1.45606
0 0 210 -2.73768 6.36206 -1.27691 -0.252799
0 0 211 -2.32901 2.83056 2.54895 2.31906
0 0 212 -8.38119 -2.53168 -0.982646 -5.0772
0 0 213 -3.30026 -1.54623 -1.27691 1.65394
0 0 214 8.31759 8.37147 5.30033 1.67934
0 0 215 5.74705 6.24715 2.80496 -3.33687
0 0 216 1.31893 3.95619 -1.18737 1.19306
0 0 217 2.21411 -8.86613 7.59098 11.5459
0 0 218 5.14555 -9.46775 9.85598 1.88411
0 0 219 -1.95749 -11.9759 7.15589 -5.60292
0 0 220 -1.70097 -11.63 8.42292 -12.0515
0 0 221 -1.0747 -4.7324 3.15052 -0.419214
0 0 222 1.62499 0.744139 -0.381079 4.68669
0 0 223 -4.9137 2.02439 -3.43977 6.05582
0 0 224 -4.05567 -0.368858 -6.30634 2.74158
0 0 225 -3.1605 -5.55181 -12.2564 -2.14711
0 0 226 5.96465 -10.6319 -8.63523 2.31906
0 0 227 4.87664 0.25803 -5.15449 -0.470543
0 0 228 4.05754 -1.09862 1.15413 1.67934
0 0 229 -1.64966 3.44481 1.98607 3.1252
0 0 230 -5.33652 -1.99383 1.29496 4.64832
0 0 231 3.51972 -7.58649 2.03736 0.949924
0 0 232 3.2632 -6.84409 -3.99004 2.2807
0 0 233 3.67364 -5.41103 0.450421 -1.3534
0 0 234 -4.72087 -6.39648 -4.10523 -2.90192
0 0 235 -3.05789 -11.7708 -13.2417 -6.42094
0 0 236 6.51485 -4.23366 -7.75201 -3.08131
0 0 237 18.6705 -5.0651 -1.55857 0.195115
0 0 238 21.4233 -2.14785 -5.25664 7.09267
0 0 239 36.0362 -6.72918 -9.78664 16.6518
0 0 240 59.8894 -14.1129 -4.54032 19.0059
0 0 241 84.3581 -16.4159 1.65355 17.8804
0 0 242 102.607 -20.7794 9.63865 20.9645
0 0 243 95.6452 -25.3475 8.74282 19.3776
0 0 244 77.0375 -23.3772 -3.70839 8.14195
0 0 245 64.459 -19.3463 -12.3716 -0.803372
0 0 246 49.1154 -20.9587 -9.55627 -8.3158
0 0 247 39.9902 -13.332 1.01374 -8.46925
0 0 248 29.356 -8.45643 -1.13608 -9.73573
0 0 249 24.4679 2.9196 -6.33155 -6.25453
0 0 250 11.6842 8.2692 -6.6006 -1.31504
0 0 251 -0.0379904 -2.97928 3.76469 1.76903
0 0 252 9.77712 7.69284 6.91291 5.53119
0 0 253 15.9319 6.91254 -1.60986 5.59494
0 0 254 7.69132 -3.47863 2.1269 3.64984
0 0 255 6.70592 -6.2557 -8.35357 -2.73551
0 0 256 10.4688 -8.35415 -4.51468 -4.50177
0 0 257 6.57854 -9.72344 0.424776 1.33354
0 0 258 -3.58332 2.2163 -8.58394 -0.432181
0 0 259 -4.92608 -0.970477 -5.48701 1.78146
0 0 260 0.883724 -7.27906 2.16515 2.19101
0 0 261 -7.34448 -3.37635 -8.37922 2.15265
0 0 262 -7.69123 -0.266582 -1.81458 2.33203
0 0 263 0.306989 -5.92301 -1.90412 2.65189
0 0 264 0.20438 -5.00133 -0.573198 3.54772
0 0 265 -6.6669 -7.57385 0.194408 0.949924
0 0 266 -11.8487 -6.08906 1.44883 -2.71011
0 0 267 -8.98269 -1.03425 3.44478 -7.12496
0 0 268 -4.62003 -6.66481 -1.00829 -1.81429
0 0 269 6.14333 -5.82013 -3.03032 2.05053
0 0 270 0.922645 -3.12006 -7.90588 4.90389
0 0 271 -1.16315 -7.45834 -5.58958 8.87136
0 0 272 -4.1459 -8.75062 -2.86385 4.92982
0 0 273 -4.85001 -5.27025 -7.11219 4.43058
0 0 274 -6.46169 -0.791194 -5.00106 10.0103
0 0 275 -5.52759 0.706237 -8.91646 6.92626
0 0 276 8.91909 3.02247 0.424776 8.47424
0 0 277 4.92795 7.13033 -7.45774 0.540371
0 0 278 2.81561 -0.125803 -7.09959 6.0045
0 0 279 -2.12379 -8.96841 -5.1032 5.40313
0 0 280 -3.67177 -4.80941 -4.02829 -4.30942
0 0 281 0.384831 0.667733 -3.77228 -0.943852
0 0 282 -4.54218 -4.57899 -3.18375 -5.06477
0 0 283 -5.93802 -12.8585 -9.73579 -4.66819
0 0 284 -8.65009 -5.30876 -12.3207 -0.445148
0 0 285 -9.17552 -4.52785 -13.536 3.31755
0 0 286 5.32423 -5.67935 -11.0411 -1.86562
0 0 287 0.294605 -6.22984 -12.4102 -1.02058
0 0 288 1.50999 3.13738 -3.37587 0.0411278
0 0 289 -3.80092 -2.48054 -2.09624 -1.90398
0 0 290 4.2486 -8.78912 -12.0903 -0.969786
0 0 291 9.26584 -1.31581 -9.64625 -2.40268
0 0 292 5.33661 6.0041 -0.573198 -8.3158
0 0 293 5.10663 -3.83659 -0.752277 -5.88388
0 0 294 -0.497963 -9.85159 -2.54394 -7.99594
0 0 295 5.6179 -0.791194 -0.867461 -10.2225
0 0 296 2.75192 -2.44204 -0.700987 -3.28608
0 0 297 -3.05789 -5.09097 -0.982646 -0.867128
0 0 298 2.6617 -0.253948 3.50911 1.10337
0 0 299 4.4662 -5.29552 6.47782 6.11958
0 0 300 4.37775 -1.43132 1.7557 1.78146
0 0 301 0.756347 -2.54431 -9.6845 -0.099352
0 0 302 7.51264 -2.17311 -9.83793 -1.80132
0 0 303 2.52193 0.129885 -6.2933 1.78146
0 0 304 1.67629 -2.51905 8.62764 5.32641
0 0 305 -1.96988 -4.79678 0.373922 -7.04824
0 0 306 0.935029 -4.93756 -1.0209 -11.6933
0 0 307 -6.79428 -9.90272 0.616895 -6.43391
0 0 308 -2.18748 -8.17487 -1.28995 -5.85848
0 0 309 -8.61117 -4.91169 -0.586238 -8.17424
0 0 310 -2.14856 -2.65982 2.48505 -2.63339
0 0 311 -0.204288 0.706237 4.19978 3.01011
0 0 312 -7.77968 -6.86996 -1.34124 3.04848
0 0 313 -1.38076 0.398809 1.21846 0.719753
0 0 314 3.82755 -0.29185 2.92015 -6.95855
0 0 315 -7.97252 -0.765926 -0.688382 -12.8322
0 0 316 -3.96722 -4.57899 -0.406724 -14.4445
0 0 317 0.844803 -8.17487 -4.82154 -8.5973
0 0 318 5.02879 -6.22984 -3.92615 -4.04089
0 0 319 4.73511 -1.5721 -0.0359609 1.98623
0 0 320 -4.60587 -4.60486 10.0351 6.37569
0 0 321 -4.3122 -3.45276 9.56172 -0.521872
0 0 322 -0.729719 0.0408454 7.91089 1.19306
0 0 323 -5.36129 -1.67437 9.65126 -0.419214
0 0 324 0.551128 -2.33976 1.67876 -2.91489
0 0 325 2.06019 0.143121 -7.24042 -2.37729
0 0 326 -3.01897 4.60894 -3.69578 -2.8252
0 0 327 -3.5957 -0.791194 4.25107 -6.10108
0 0 328 -1.94511 -11.2846 3.18877 -7.94461
0 0 329 -4.78632 -10.8497 1.55098 -5.66613
0 0 330 3.07213 -9.97913 -2.65912 -1.87804
0 0 331 -1.11362 -2.82587 -6.52366 0.962891
0 0 332 -7.12688 1.28199 -10.9767 -3.1067
0 0 333 -8.98269 4.13547 -7.68811 -6.98394
0 0 334 -3.8133 14.079 2.54895 -5.98654
0 0 335 4.99163 7.70608 0.795974 -4.18191
0 0 336 2.44409 1.89624 -11.4888 -2.42862
0 0 337 1.31893 -2.16048 -9.71014 -12.1801
0 0 338 -3.94068 -2.17311 5.31337 -11.7062
0 0 339 -1.57359 -0.164307 4.28932 -8.96795
0 0 340 -0.0379904 -1.32844 1.85828 2.98472
0 0 341 -1.04816 4.35325 0.527356 6.95165
0 0 342 6.92352 6.17015 -5.21839 12.0829
0 0 343 4.8501 -2.30126 0.399132 -2.27517
0 0 344 1.08894 -0.0872995 1.21846 -1.09784
0 0 345 -3.99199 6.17015 -2.87645 6.0045
0 0 346 -6.71821 3.03511 -8.95514 5.83808
0 0 347 -0.805791 6.91254 -5.35922 -1.1362
0 0 348 -3.50548 4.12283 -3.222 -8.48167
0 0 349 3.50734 5.49212 4.80135 -4.34778
0 0 350 7.01374 3.16325 14.7441 2.14022
0 0 351 4.92795 -2.50581 10.1759 4.84013
0 0 352 -0.191904 -9.24997 2.54895 1.26979
0 0 353 -1.08708 -9.19883 -0.445409 0.604128
0 0 354 -2.23878 -6.37061 -5.67912 -5.21822
0 0 355 1.08894 2.79205 -10.9898 -7.84141
0 0 356 -0.512116 7.18147 -5.58958 -1.60951
0 0 357 -3.55678 -2.97928 -6.99701 -1.00815
0 0 358 4.7988 0.552222 -3.36283 -8.94201
0 0 359 -0.612956 0.718871 -3.5932 -8.85232
0 0 360 -11.325 3.7775 -1.87848 2.74158
0 0 361 -10.8774 6.57985 4.58402 5.21132
0 0 362 -4.37589 2.93283 4.94218 5.50579
0 0 363 1.86913 -7.45834 6.74644 -1.46849
0 0 364 -2.21402 -10.3762 0.271342 -0.0355957
0 0 365 -0.345818 -7.99559 3.08662 7.30988
0 0 366 8.89432 -7.04864 2.20383 6.61882
0 0 367 7.33396 -2.22425 -8.45615 3.34294
0 0 368 6.34855 5.92709 -5.53829 1.60261
0 0 369 3.35342 -0.138437 3.22745 -6.66408
0 0 370 -1.21446 -1.03425 -0.0359609 -3.46492
0 0 371 -4.50326 -3.93947 -1.25126 -0.0739575
0 0 372 -0.690798 -3.40162 0.00272367 -0.457575
0 0 373 8.5865 -5.4748 -1.40513 0.0794896
0 0 374 10.7625 -5.38516 2.02432 -6.86886
0 0 375 5.69575 4.17397 0.809014 -6.85643
0 0 376 -0.204288 11.3657 0.245697 -6.33179
0 0 377 4.4149 9.06213 3.54736 -3.00458
0 0 378 0.128307 -3.88833 0.156158 -3.6697
0 0 379 0.998717 3.06037 -5.8582 -2.35189
0 0 380 -1.11362 6.49021 -2.07059 -3.9512
0 0 381 -3.69831 4.4429 -6.02468 -6.94558
0 0 382 -4.88716 1.52504 -11.028 3.471
0 0 383 5.02879 1.42277 0.168763 7.30988
0 0 384 8.76695 -2.4294 -1.53292 1.19306
0 0 385 8.84302 6.14488 -2.17274 0.143786
0 0 386 6.07965 5.23583 -5.05191 -2.45401
0 0 387 11.0067 -6.48612 -3.35023 -4.98805
0 0 388 6.84745 -9.40338 1.52533 -1.76296
0 0 389 10.5715 -5.90977 2.84365 -4.86
0 0 390 -2.6103 1.79396 -3.52931 -3.97713
0 0 391 -7.99729 2.68978 -4.88587 -2.21087
0 0 392 -5.25868 3.15002 6.56736 1.0904
0 0 393 -0.869479 0.437313 4.7757 1.61558
0 0 394 -2.55899 -6.02528 3.58561 1.12931
0 0 395 -4.92608 -3.82396 -5.18014 2.46008
0 0 396 -4.46611 -4.66863 -3.17115 1.00125
0 0 397 -0.575805 -5.41103 -0.662738 1.64098
0 0 398 0.409598 -6.94636 -2.63348 1.16767
0 0 399 0.705042 -1.61 0.527356 3.48342
0 0 400 -3.18526 0.949291 -3.17115 3.63741
0 0 401 -2.03356 -4.14402 -1.3282 1.67934
0 0 402 -1.75227 -5.4363 -1.04654 1.12931
0 0 403 -6.11671 3.93092 -6.6771 -2.40268
0 0 404 -1.03578 -0.305086 -2.10884 -2.83817
0 0 405 1.93282 0.590726 7.59098 -1.48146
0 0 406 -2.8279 -4.00324 8.34598 1.14173
0 0 407 -7.95837 -5.16798 1.98607 3.49639
0 0 408 -7.75492 -4.82205 -5.23099 -6.57493
0 0 409 -10.2618 -5.78223 -4.50164 1.88411
0 0 410 -0.612956 -1.89156 -3.37587 9.81798
0 0 411 9.04824 -12.385 2.90754 6.31193
0 0 412 0.321142 -11.4892 4.49404 8.02632
0 0 413 -3.90176 -2.68509 -2.07059 1.58965
0 0 414 -5.28522 -2.0197 5.40291 0.514977
0 0 415 -3.33918 -2.23749 11.4173 3.22786
0 0 416 -0.678414 -0.663049 8.5381 -3.19639
0 0 417 2.81561 0.884918 6.00405 -0.317096
0 0 418 0.793499 4.16134 9.47218 -1.50685
0 0 419 -2.2264 8.25596 5.1469 2.35742
0 0 420 -2.30247 -0.765926 1.3719 0.092457
0 0 421 0.756347 1.55031 -3.32458 -3.72103
0 0 422 -0.563421 13.0292 -4.64247 -1.66084
0 0 423 1.9452 10.5211 -5.93514 3.1895
0 0 424 9.85496 3.34193 -1.17476 -3.63134
0 0 425 3.6984 -4.31007 5.94015 -7.15036
0 0 426 -2.35378 -4.10552 4.41754 -0.278734
0 0 427 -0.678414 -7.4072 1.14153 1.60261
0 0 428 -1.44621 -7.02337 -6.35719 1.92248
0 0 429 -0.0769112 1.72959 -8.03367 2.77994
0 0 430 -1.31707 -4.71977 -4.27127 1.00125
0 0 431 -2.14856 -7.02337 -4.00265 10.2405
0 0 432 2.39279 2.48462 4.44319 9.57484
0 0 433 -1.47098 0.117251 -1.72504 12.2623
0 0 434 -0.690798 -6.85672 -5.48701 5.0703
0 0 435 0.384831 -9.21146 3.03533 8.60229
0 0 436 3.60995 3.11211 7.01506 1.75606
0 0 437 -2.45639 5.83745 0.6295 4.46894
0 0 438 -2.23878 1.24348 4.34061 -1.32801
0 0 439 1.15263 3.739 7.39886 -8.39198
0 0 440 -0.933168 -3.60677 -1.0209 -3.14506
0 0 441 1.60022 -4.84792 -4.78329 7.28448
0 0 442 -1.5099 -2.62132 -4.75765 8.06523
0 0 443 -3.00658 2.61277 3.09923 7.18182
0 0 444 2.40694 0.83378 3.67515 -2.94029
0 0 445 -1.73989 -1.04688 3.36828 -5.8963
0 0 446 1.60022 -2.07084 7.20718 -5.00048
0 0 447 8.02391 -7.54798 7.69356 -6.12702
0 0 448 -4.32458 -3.47863 -1.48163 1.56425
0 0 449 -2.87921 -2.87701 1.58922 2.76698
0 0 450 0.052235 -4.64336 5.17254 2.51087
0 0 451 -4.1972 2.08816 9.357 4.597
0 0 452 -1.21446 -1.39281 7.92393 2.69025
0 0 453 4.42905 -3.24821 0.795974 -0.611563
0 0 454 -2.55899 -6.76708 -6.47237 -4.60389
0 0 455 0.000930328 -7.11301 1.6918 -5.74286
0 0 456 2.5467 1.60205 3.45782 -1.51982
0 0 457 -5.11892 -0.663049 1.65355 2.42172
0 0 458 -7.12688 -5.85864 -1.18737 -0.457575
0 0 459 -3.45417 -7.24056 -7.77765 2.69025
0 0 460 -5.53997 -4.75827 -6.92051 8.41048
0 0 461 1.2287 -1.62323 -8.81431 4.46894
0 0 462 4.40251 1.8451 -9.36459 1.37244
0 0 463 2.03542 2.39498 -7.26606 -2.51831
0 0 464 -2.12379 5.86332 -9.13422 -8.58379
0 0 465 0.448519 5.56853 -1.712 -4.60389
0 0 466 8.02391 4.69858 4.86524 4.95522
0 0 467 5.00402 8.38411 6.83598 3.09981
0 0 468 5.1827 11.0204 0.322632 0.73218
0 0 469 3.17474 -3.01779 2.86886 -2.72308
0 0 470 -10.0459 -11.707 1.98607 -2.72308
0 0 471 -11.5426 -8.46906 4.57098 1.24439
0 0 472 -7.22949 -4.82205 8.56375 2.02459
0 0 473 -0.996857 -4.48935 -4.46339 -1.0719
0 0 474 -1.85488 -8.50757 -6.71578 -2.73551
0 0 475 -0.703182 -6.29361 -7.41949 -4.94969
0 0 476 0.460903 -3.79869 -6.65145 -1.67327
0 0 477 -5.36129 -3.33785 -3.9005 7.46332
0 0 478 -10.122 -3.03042 -1.55857 10.3172
0 0 479 -6.73059 -1.32844 -5.94774 11.1747
0 0 480 -5.04108 1.58881 -1.48163 8.80707
0 0 481 -6.2317 -1.31581 0.194408 4.98115
0 0 482 -8.13882 -4.51522 1.56401 8.76871
