0 0 0 19.4169 3.4569 18.9855 -18.0752
0 0 1 7.34961 8.10978 20.7187 -25.1633
0 0 2 -2.92989 5.94632 1.99817 -25.6497
0 0 3 -9.47381 17.4184 3.40399 -7.09245
0 0 4 -5.57814 26.9925 -1.84581 7.786
0 0 5 -7.41925 33.379 -13.2057 -2.33126
0 0 6 -1.30891 25.155 -16.0215 -21.4297
0 0 7 27.1015 7.13766 -18.4009 -27.1648
0 0 8 20.6576 -3.08829 -14.8297 -22.4573
0 0 9 4.53459 -0.763293 -3.41529 -19.3734
0 0 10 -2.2228 -2.00656 7.46198 -16.777
0 0 11 6.96939 -9.09405 7.83967 -15.5324
0 0 12 3.56067 -5.79406 2.15763 -3.30519
0 0 13 -5.47141 -2.54887 8.05788 -1.84372
0 0 14 -1.46901 -7.90271 15.792 -6.11852
0 0 15 -1.24888 -7.90271 8.05788 -2.97978
0 0 16 -10.6145 -1.62868 -10.3395 -1.08672
0 0 17 -20.9474 -1.14118 -10.2849 -0.707653
0 0 18 -26.5707 0.373245 -4.1161 -6.11852
0 0 19 -24.5695 7.19247 2.59407 -11.3661
0 0 20 -19.9201 10.7088 -0.977137 -9.58038
0 0 21 -16.2379 8.16458 -8.66089 -8.12005
0 0 22 -12.6691 -2.60079 -12.0684 -3.30519
0 0 23 -20.4604 5.72997 -5.7947 1.78141
0 0 24 -26.7909 18.3905 2.86264 0.807481
0 0 25 -13.5896 13.5213 13.1986 -11.2576
0 0 26 0.63892 0.699206 19.4723 -19.2112
0 0 27 3.67407 -5.19983 17.8483 -15.5324
0 0 28 -6.71883 -0.382524 7.62565 -8.87705
0 0 29 -13.5896 10.7088 2.86264 -1.35732
0 0 30 -10.1809 16.1175 1.67084 6.92054
0 0 31 -8.60663 9.13958 3.18577 -1.73525
0 0 32 -14.9971 1.1319 12.9258 -16.3442
0 0 33 -24.5162 -5.19983 14.9821 -16.9928
0 0 34 -30.8466 -3.03348 6.11072 -6.33432
0 0 35 -32.9546 2.70113 -2.65573 -4.06219
0 0 36 -36.4166 7.2992 -5.25335 -13.8552
0 0 37 -41.3396 17.3088 -4.49379 -15.2082
0 0 38 -40.4257 24.2896 -0.817671 -4.33279
0 0 39 -32.6344 21.1511 5.24204 3.94508
0 0 40 -20.6205 17.6867 11.5745 3.45868
0 0 41 -10.828 15.1453 7.62565 1.99721
0 0 42 -5.36468 12.6559 -1.7367 0.374749
0 0 43 5.56854 3.83766 1.51138 -2.81765
0 0 44 13.2465 -4.44117 13.8448 -2.87246
0 0 45 8.75712 -5.36137 16.9838 4.37781
0 0 46 0.752322 1.02228 9.19093 10.0593
0 0 47 -3.03662 6.75978 2.69898 3.02481
0 0 48 -5.31132 6.92132 -5.68559 0.914808
0 0 49 -3.14335 5.24247 -14.3975 3.56601
0 0 50 -6.93229 -8.77098 -9.47501 6.37934
0 0 51 -15.7509 -24.0277 2.80809 10.0593
0 0 52 -19.3798 -20.8344 -0.0581082 7.29961
0 0 53 -14.9971 -18.671 -3.08797 -7.57885
0 0 54 -4.01054 -24.5152 13.144 -21.9161
0 0 55 -10.8813 -23.4335 18.8764 -14.45
0 0 56 -22.0814 -15.1546 15.3598 -7.57885
0 0 57 -17.1051 -12.6652 16.7698 -2.97978
0 0 58 -15.911 -14.1796 15.4143 0.914808
0 0 59 -16.6715 -3.73733 3.78167 3.35021
0 0 60 -1.68247 5.08093 0.265021 0.319944
0 0 61 8.86386 3.0242 0.210466 -6.49645
0 0 62 0.698956 -5.4681 2.15763 0.0493433
0 0 63 -14.0232 -10.8248 -6.65917 1.67295
0 0 64 -8.44653 -13.5854 -11.3131 2.80901
0 0 65 5.24168 -5.4681 -6.55006 -2.00585
0 0 66 1.9397 -4.27964 6.16107 -0.0591252
0 0 67 3.13375 -2.06137 3.08086 1.61814
0 0 68 -1.73584 2.21363 -4.76656 7.35327
0 0 69 -18.1857 1.56459 3.0263 15.3069
0 0 70 -23.3288 -2.32964 -0.276325 15.0363
0 0 71 -17.8055 -8.93252 3.29488 -1.89852
0 0 72 -14.6703 -14.0181 13.6308 -13.3676
0 0 73 -12.5623 -6.60463 11.5745 -13.7467
0 0 74 -10.8813 3.72805 15.1457 -5.36038
0 0 75 -12.6691 9.46266 16.9292 11.3575
0 0 76 -6.55206 18.4453 11.3563 18.1202
0 0 77 -7.41925 12.9271 3.78167 2.48475
0 0 78 -12.6157 -1.51906 -7.74186 -14.45
0 0 79 -13.156 -0.275793 -12.8825 -17.4803
0 0 80 -8.55326 -7.03732 -1.79125 -12.3949
0 0 81 -7.95957 -18.0767 5.18749 -4.22432
0 0 82 -17.2118 -12.8815 -3.36074 -5.84792
0 0 83 -13.9098 -4.33156 -10.0667 -12.7191
0 0 84 -3.52358 -2.38444 -6.93194 -16.4516
0 0 85 3.18712 0.211706 -1.51848 -6.93032
0 0 86 11.2986 -0.330601 3.67256 -0.0591252
0 0 87 16.6018 -1.51906 4.21391 8.97688
0 0 88 5.72864 4.54151 0.374129 13.5759
0 0 89 -0.388363 8.65208 -3.84753 8.11141
0 0 90 11.9524 -0.870023 -1.1408 8.32721
0 0 91 23.2592 -12.8267 1.99817 11.8439
0 0 92 30.7236 -16.7758 -5.3079 13.359
0 0 93 24.1797 -15.2614 -1.90036 15.2532
0 0 94 12.1658 -10.1758 6.00161 11.6817
0 0 95 12.5461 -3.1431 3.94533 6.70474
0 0 96 16.4417 0.373245 1.67084 6.10988
0 0 97 21.4714 -2.81714 6.43385 16.065
0 0 98 32.5647 -8.3354 10.4373 12.2229
0 0 99 39.5956 -11.0412 9.78683 -7.19978
0 0 100 36.2936 -9.90463 10.9241 -12.9349
0 0 101 34.1324 -9.90463 15.792 -5.63098
0 0 102 39.1087 -12.9912 11.1423 1.24021
0 0 103 34.079 -16.7239 -4.1161 5.62234
0 0 104 25.2604 -16.3979 -15.3165 1.18541
0 0 105 23.2058 -14.0181 -12.6643 -7.19978
0 0 106 19.6837 -10.8796 0.751812 -12.0158
0 0 107 17.0354 -0.979639 6.86608 -16.9391
0 0 108 23.3659 4.70305 1.99817 -14.2343
0 0 109 30.29 -2.92675 3.29488 -2.49339
0 0 110 30.6169 -4.55079 7.73056 5.29808
0 0 111 25.694 6.48862 7.13885 10.4372
0 0 112 25.1536 17.7963 12.2208 12.8178
0 0 113 24.0129 27.1569 23.4757 9.35594
0 0 114 16.7086 35.5424 27.5337 9.40961
0 0 115 16.7086 35.0549 24.8312 13.359
0 0 116 25.4738 26.453 12.9804 2.53841
0 0 117 35.1063 20.6636 7.46198 -4.06219
0 0 118 34.1324 12.6011 12.439 1.34868
0 0 119 20.0105 2.53959 11.4654 6.16354
0 0 120 8.65039 -12.2325 4.75525 5.24327
0 0 121 5.13495 -21.5383 5.2966 3.29541
0 0 122 1.83297 -15.694 1.40227 1.40235
0 0 123 -9.52718 -1.79021 -1.35902 -0.816121
0 0 124 -12.9893 9.08477 5.78339 -3.41252
0 0 125 -11.0414 8.86843 13.5217 -6.98398
0 0 126 -2.11607 4.54151 2.10728 -2.92612
0 0 127 15.141 8.92324 -6.76828 5.13595
0 0 128 21.3647 10.5473 -9.90724 6.27201
0 0 129 19.7971 3.83766 -7.52364 10.8699
0 0 130 23.5794 7.57035 -2.71028 14.9278
0 0 131 26.6145 7.51555 -7.74186 7.46174
0 0 132 31.6442 0.805937 -11.909 7.62387
0 0 133 42.2506 -6.22675 -0.112662 10.3835
0 0 134 51.0158 -7.52482 17.0383 7.62387
0 0 135 43.6581 2.21363 23.908 -3.14306
0 0 136 36.2403 11.4127 5.72884 -7.57885
0 0 137 35.8667 12.1136 -6.17238 2.15934
0 0 138 41.7636 -0.220986 1.02458 8.97688
0 0 139 38.4616 5.51362 3.29488 11.5744
0 0 140 20.771 19.0396 -6.49551 0.157812
0 0 141 11.352 26.0751 -8.93366 -11.7988
0 0 142 10.0045 16.6598 -9.85269 -11.4746
0 0 143 19.9572 9.51747 -10.1213 2.97114
0 0 144 27.5351 8.65208 -8.55178 16.9841
0 0 145 22.5521 6.65016 -8.77 26.1823
0 0 146 14.4405 -3.6306 -0.654008 24.3429
0 0 147 3.88754 -4.22483 3.5131 22.5035
0 0 148 6.91602 7.02805 7.57109 22.6108
0 0 149 13.7334 7.40881 -0.112662 8.86841
0 0 150 -0.982052 4.54151 -3.79297 -1.73525
0 0 151 -16.0778 8.7617 -2.05983 8.38201
0 0 152 -21.0007 15.8492 1.40227 13.359
0 0 153 -6.0651 14.929 -0.330879 14.0087
0 0 154 1.67287 11.8973 -0.5449 20.9883
0 0 155 -7.31252 11.1963 -0.654008 19.4195
0 0 156 -8.93349 7.89343 -0.221771 11.3575
0 0 157 -7.74611 -2.92675 -5.52192 11.3038
0 0 158 3.40058 -11.7998 -4.49379 20.285
0 0 159 18.1161 -10.7181 5.67428 19.3111
0 0 160 33.5387 -14.7219 5.56937 7.51655
0 0 161 42.3573 -21.3767 5.8925 5.73081
0 0 162 36.0802 -15.9104 11.6836 16.2271
0 0 163 30.6169 -2.32964 4.64614 25.8032
0 0 164 32.0244 12.7107 -4.27977 22.395
0 0 165 33.1584 16.7694 -6.00872 8.48934
0 0 166 29.0493 -0.166178 -2.87395 8.81474
0 0 167 28.7224 -7.30848 7.40743 19.4732
0 0 168 40.6763 8.86843 9.14057 14.9826
0 0 169 44.3585 23.4242 -2.05983 10.2751
0 0 170 39.1087 18.6069 -8.87911 10.3835
0 0 171 33.592 8.21939 -12.4503 11.8987
0 0 172 27.7485 6.75978 -12.0684 11.0869
0 0 173 19.577 13.7925 -10.5031 9.84234
0 0 174 11.1386 18.5002 -15.8579 6.54261
0 0 175 7.9433 16.1723 -19.9158 3.67448
0 0 176 9.95117 10.0598 -15.6942 8.65261
0 0 177 17.1955 0.211706 -8.87911 13.8465
0 0 178 22.2852 0.754014 -10.1758 9.40961
0 0 179 15.1943 3.9992 -15.8033 5.08114
0 0 180 1.9397 -0.275793 -15.0983 3.29541
0 0 181 -3.36348 1.02228 -11.4222 -2.16912
0 0 182 -0.388363 4.59343 -11.4222 0.861145
0 0 183 -1.68247 4.16074 -7.14596 9.68021
0 0 184 -9.52718 -0.653677 -5.25335 8.21988
0 0 185 -2.44293 -8.11905 -13.3148 8.43567
0 0 186 6.70256 -5.19983 -20.4572 9.19381
0 0 187 3.18712 -0.492139 -14.0702 4.64841
0 0 188 4.2144 5.67516 -8.06499 -0.599184
0 0 189 1.9397 11.7357 -6.76828 2.05202
0 0 190 -7.03902 1.83574 -8.22865 11.6817
0 0 191 -14.2367 -6.76906 -15.9124 22.4487
0 0 192 -8.55326 -1.51906 -15.8579 23.7469
0 0 193 9.19072 3.72805 -4.712 13.4675
0 0 194 23.9062 -2.49406 -2.81939 1.83508
0 0 195 34.6727 -17.2633 -5.84925 -2.60186
0 0 196 60.6416 -29.22 -5.7947 3.67448
0 0 197 126.274 -29.6008 5.67428 16.065
0 0 198 240.97 -48.1575 36.787 26.6687
0 0 199 367.199 -105.781 101.064 36.9492
0 0 200 395.816 -145.167 144.674 33.3241
0 0 201 299.405 -120.766 120.704 22.0159
0 0 202 188.872 -75.2094 70.9253 27.6974
0 0 203 118.156 -37.7152 45.7129 29.2114
0 0 204 82.1745 -19.9142 38.1928 27.7511
0 0 205 66.5918 -9.7979 37.3829 27.968
0 0 206 68.8132 10.1117 25.5866 17.9044
0 0 207 85.4231 30.5636 1.45682 7.786
0 0 208 114.907 43.8761 -8.01044 2.32147
0 0 209 114.587 39.3299 -3.46565 16.0102
0 0 210 102.573 32.0261 -10.1758 28.4007
0 0 211 78.6591 19.2559 -22.0812 19.8523
0 0 212 67.9993 21.1511 -22.8366 14.712
0 0 213 66.0515 11.8973 -19.8613 17.9581
0 0 214 60.6416 3.18863 -19.6976 8.48934
0 0 215 65.0776 -2.32964 -50.7558 3.62081
0 0 216 103.22 -19.1037 -91.1175 8.05661
0 0 217 168.313 -34.3604 -118.445 24.2344
0 0 218 239.996 -44.1536 -130.342 38.8971
0 0 219 257.853 -47.5084 -108.436 37.9231
0 0 220 189.252 -38.419 -64.2852 29.2662
0 0 221 104.681 -20.7796 -30.6295 25.0462
0 0 222 50.0953 -4.55079 -19.4836 27.372
0 0 223 29.8565 -3.89887 -21.649 20.1229
0 0 224 25.8007 -10.5537 -25.3797 6.64994
0 0 225 16.1682 -11.4219 -20.6209 -3.73792
0 0 226 10.2714 -1.51906 -9.03857 -2.22279
0 0 227 7.78321 1.94247 -1.03169 5.13595
0 0 228 7.13615 1.83574 -9.09313 -0.707653
0 0 229 12.7595 -4.49598 -4.6029 -13.7467
0 0 230 13.033 -8.3354 11.5745 -14.5585
0 0 231 5.08159 -10.1758 18.3896 -2.49339
0 0 232 -0.76192 -7.09213 11.3018 4.43261
0 0 233 3.29385 -3.41425 2.97175 0.752676
0 0 234 0.211998 -9.3104 -4.22521 -1.03192
0 0 235 -4.93109 -19.6979 -12.6098 -0.65399
0 0 236 0.912418 -24.0825 -11.0948 -3.68312
0 0 237 3.13375 -14.1248 -6.28149 -5.14459
0 0 238 -3.47021 -3.73733 -8.1741 -4.06219
0 0 239 -6.65879 -6.06521 -16.0761 -6.11852
0 0 240 -5.79827 -9.25559 -27.0037 -6.11852
0 0 241 -0.00813445 -5.79406 -28.6277 -6.71338
0 0 242 12.2192 -5.9556 -8.22865 -7.79579
0 0 243 20.2307 -4.55079 12.7621 -10.3922
0 0 244 16.5485 4.32516 14.7639 -15.2618
0 0 245 3.34721 9.57227 4.43212 -16.5064
0 0 246 -7.03902 8.2742 -3.08797 -6.76705
0 0 247 -6.65879 9.78862 -2.49207 7.08267
0 0 248 -4.39076 13.0886 0.374129 15.6859
0 0 249 -4.11727 11.2482 6.21563 15.8481
0 0 250 4.59463 -1.57387 10.2191 12.8726
0 0 251 12.3793 -8.87771 3.24032 17.9044
0 0 252 10.0579 -1.84502 -2.87395 15.0911
0 0 253 4.48123 3.62132 0.210466 -2.49339
0 0 254 1.45274 -0.0594472 1.2386 -12.0694
0 0 255 -5.90501 -9.74309 -6.17238 -5.90158
0 0 256 -16.6181 -9.58155 -10.9899 2.75535
0 0 257 -11.3683 -9.42002 -8.06499 13.4675
0 0 258 -12.0153 -16.0748 5.02802 18.932
0 0 259 -21.1608 -17.9671 14.9821 12.3314
0 0 260 -19.1596 -8.8229 10.4918 9.35594
0 0 261 -11.5284 -2.54887 0.265021 4.75688
0 0 262 -5.47141 -1.79021 -8.87911 -4.71185
0 0 263 -2.3362 -6.33348 -17.5364 -10.447
0 0 264 -5.31132 -10.8796 -16.7769 -10.0679
0 0 265 -4.55086 -11.6902 -9.25679 -5.30672
0 0 266 -10.1809 -6.9854 -8.93366 5.08114
0 0 267 -24.3561 5.13574 -15.6396 4.64841
0 0 268 -21.6478 8.00305 -19.3745 -0.221257
0 0 269 -16.2912 5.83959 -22.4044 -2.16912
0 0 270 -18.5126 -3.08829 -18.4555 -4.06219
0 0 271 -21.0541 -2.27771 -13.8016 -1.19519
0 0 272 -8.44653 -6.65944 -6.33604 5.35174
0 0 273 2.37329 -1.79021 1.99817 4.48628
0 0 274 -4.23067 15.3069 -0.817671 -13.8552
0 0 275 -14.5102 15.2521 -13.9107 -24.7842
0 0 276 -9.58054 5.72997 -5.68559 -15.9652
0 0 277 -7.14575 -1.89695 4.59579 -9.41825
0 0 278 -14.0766 -3.03348 -0.490346 -9.52672
0 0 279 -5.25795 4.32516 -7.03685 -10.1216
0 0 280 9.78441 -1.19598 -7.14596 -2.70918
0 0 281 24.0663 -3.6306 4.37757 2.64688
0 0 282 21.4181 4.16074 13.9539 10.9247
0 0 283 -2.38956 14.4415 11.8431 22.2329
0 0 284 -13.1027 13.7925 4.37757 11.6817
0 0 285 -2.60302 -5.25175 -0.490346 -10.7712
0 0 286 2.64679 -16.5075 -9.31135 -11.7452
0 0 287 -4.28403 -15.0998 -7.47329 -4.44125
0 0 288 -8.44653 -13.3142 -16.2355 -1.73525
0 0 289 -18.7794 -12.071 -33.6593 4.26934
0 0 290 -22.1347 -6.22675 -34.6875 7.29961
0 0 291 -18.1323 -10.2854 -25.4342 -2.11432
0 0 292 -2.44293 -18.5614 -22.1861 -13.693
0 0 293 2.26656 -11.6902 -1.19535 -25.7045
0 0 294 -18.6193 -1.35752 19.2037 -22.5658
0 0 295 -25.1099 7.2992 23.0435 -13.0982
0 0 296 -6.39196 7.2992 17.7937 -4.54972
0 0 297 -8.66666 2.75593 10.1687 -1.14039
0 0 298 -27.2778 0.805937 -2.97886 -4.76552
0 0 299 -31.5471 1.89055 -7.20052 -3.35885
0 0 300 -15.0505 4.75786 -1.79125 -6.93032
0 0 301 -3.79707 15.4165 -6.49551 -6.71338
0 0 302 5.08159 18.6617 -12.5552 -5.84792
0 0 303 14.654 8.05785 -13.8016 -5.84792
0 0 304 14.2204 -1.08637 -7.85097 -1.08672
0 0 305 9.40418 -2.76521 -0.276325 0.752676
0 0 306 -0.114865 -0.546947 3.56765 -11.6915
0 0 307 -12.2355 3.4569 5.35115 -14.2879
0 0 308 -16.0778 0.156899 2.37585 -12.3949
0 0 309 -3.74371 -4.27964 -0.490346 -21.4297
0 0 310 1.01915 -6.06521 -3.57476 -34.253
0 0 311 -12.7758 -6.82098 -4.82111 -35.9291
0 0 312 -31.387 -1.73541 0.806367 -28.4094
0 0 313 -30.5198 4.86459 5.56937 -14.0173
0 0 314 -16.9983 13.7925 2.37585 -4.22432
0 0 315 -17.592 15.5232 -3.62931 -6.93032
0 0 316 -21.0007 1.94247 -3.62931 -11.9073
0 0 317 -10.9347 -11.5835 0.592346 -10.447
0 0 318 -3.52358 -14.2344 -2.76484 -5.84792
0 0 319 -8.77339 -14.3412 -12.1775 1.34868
0 0 320 -13.3161 -11.0412 -11.5313 6.43414
0 0 321 -8.4999 -6.38829 -0.708562 3.94508
0 0 322 -5.74491 -1.6806 -0.5449 1.72661
0 0 323 -8.11967 -2.11329 -9.3659 -1.46579
0 0 324 4.10767 -8.01232 -6.28149 0.807481
0 0 325 20.3374 1.1319 3.56765 11.8439
0 0 326 22.2852 12.1684 5.56937 18.7151
0 0 327 15.0342 4.75786 -5.95836 14.1708
0 0 328 6.0555 -8.87771 -7.36418 6.86688
0 0 329 -4.39076 -12.1229 0.537792 5.83928
0 0 330 -19.7533 -4.38637 9.08602 0.914808
0 0 331 -27.2778 -0.275793 11.0332 0.0493433
0 0 332 -9.31372 -4.49598 9.35459 4.43261
0 0 333 0.912418 -8.71617 10.3827 8.21988
0 0 334 -3.68367 -10.5017 14.0085 13.6296
0 0 335 -9.64058 -7.79598 9.03147 10.3299
0 0 336 -15.8043 -1.84502 3.34943 2.26781
0 0 337 -24.6763 -1.6806 -0.708562 -2.70918
0 0 338 -23.4355 -6.06521 -3.36074 -4.44125
0 0 339 -22.7284 1.72613 -8.33776 -2.38492
0 0 340 -20.894 5.83959 -5.08969 3.99874
0 0 341 -12.5623 3.5117 4.43212 7.73234
0 0 342 -8.60663 -0.220986 12.0613 8.21988
0 0 343 -16.7782 9.08477 15.0366 -0.221257
0 0 344 -24.7897 18.5002 19.4723 -7.19978
0 0 345 -25.4367 14.8742 12.1704 -11.8537
0 0 346 -27.4379 10.0598 3.94533 -10.7712
0 0 347 -31.1735 14.3867 -0.708562 0.752676
0 0 348 -31.9807 19.2559 3.45854 7.19114
0 0 349 -18.7794 20.5021 3.13122 2.05202
0 0 350 -7.95957 17.6867 5.94705 3.13328
0 0 351 -3.47021 10.654 0.155912 15.0363
0 0 352 8.4903 -2.1681 -5.52192 23.9638
0 0 353 2.96698 1.6194 4.21391 18.175
0 0 354 2.42666 13.8992 17.1475 11.4659
0 0 355 4.91482 11.5194 21.6922 -0.112789
0 0 356 3.07371 2.37517 17.202 -6.01005
0 0 357 14.167 -2.27771 15.2548 -5.41519
0 0 358 29.0493 -1.08637 19.1492 -8.55278
0 0 359 21.3647 -1.84502 10.2191 -4.00852
0 0 360 0.805687 -5.63252 -1.57304 3.24174
0 0 361 -7.69275 -0.330601 -6.06327 9.24748
0 0 362 -1.08878 4.70305 -7.47329 9.35594
0 0 363 5.9421 -8.44502 6.54295 3.13328
0 0 364 -1.84924 -12.72 19.636 -0.00432008
0 0 365 -8.4999 -18.1287 21.0418 -5.36038
0 0 366 -3.74371 -9.58155 17.5251 -1.30252
0 0 367 8.75712 -2.43925 10.4373 9.08534
0 0 368 10.6516 -5.5229 -2.05983 5.83928
0 0 369 2.37329 -10.6085 -12.3412 7.24595
0 0 370 2.58676 -7.47002 -6.06327 12.7105
0 0 371 12.3259 -1.08637 -2.97886 3.56601
0 0 372 10.0579 5.45882 -2.60117 -7.74098
0 0 373 7.72984 11.1963 -1.30446 -14.45
0 0 374 5.99547 -0.275793 -8.01044 -14.7755
0 0 375 2.42666 -10.7181 -15.0983 -11.7452
0 0 376 -4.11727 1.34824 -14.7206 -13.7467
0 0 377 -9.64058 5.51362 -15.1528 -12.8276
0 0 378 -16.1311 0.428052 -16.9951 2.70054
0 0 379 -11.6951 -13.9633 -13.6925 14.0087
0 0 380 -6.82556 -14.7739 -9.14768 10.4372
0 0 381 -8.11967 -1.95175 -10.2849 13.4675
0 0 382 -6.23187 -7.30848 -13.9652 18.0665
0 0 383 2.64679 -15.3162 -10.6626 4.16201
0 0 384 12.9797 -4.98348 -8.98822 -4.17065
0 0 385 19.577 14.3867 -13.2602 2.48475
0 0 386 12.6528 24.0184 -16.0215 3.72928
0 0 387 -5.41805 17.903 -18.724 -0.00432008
0 0 388 -11.475 10.005 -17.6959 -0.383389
0 0 389 -6.65879 13.5761 -14.8843 -3.35885
0 0 390 -14.5635 24.2348 -13.4784 -4.98246
0 0 391 -24.7897 21.6905 -10.3395 -0.383389
0 0 392 -18.6193 6.43382 -8.55178 -1.95219
0 0 393 -10.6145 -2.60079 -15.6942 -6.17218
0 0 394 -13.643 -4.11521 -18.2373 -3.14306
0 0 395 -17.3719 -7.14694 -7.30962 2.37628
0 0 396 -13.7497 -12.071 -1.03169 2.53841
0 0 397 -7.47261 -13.7469 -7.79642 -1.51945
0 0 398 3.02035 -14.6671 -9.03857 -1.84372
0 0 399 5.34841 -18.7777 -2.9285 -1.95219
0 0 400 5.72864 -27.0017 -1.68215 -5.90158
0 0 401 11.8923 -25.9748 -2.16894 -10.3922
0 0 402 10.0579 -16.6142 -5.52192 -9.20245
0 0 403 -4.77099 -9.3104 -10.8263 2.53841
0 0 404 -0.928687 -4.81906 -19.3199 6.10988
0 0 405 5.50851 2.42997 -22.782 0.699013
0 0 406 1.12588 6.16266 -5.47157 0.536881
0 0 407 -0.982052 -5.25175 8.21735 -2.87246
0 0 408 2.31993 -11.7998 15.0366 -4.98246
0 0 409 1.23928 -9.20367 14.1722 -7.25459
0 0 410 -11.8552 -8.60655 6.00161 -1.03192
0 0 411 -20.3537 4.64824 -1.95072 -1.03192
0 0 412 -12.6157 13.2502 0.751812 3.07961
0 0 413 0.53219 3.4569 0.806367 3.45868
0 0 414 6.54246 -9.95944 -1.90036 -8.76972
