0 0 0 -0.000898787 -0.00444062 0.00541856 0.0129992
0 0 1 9.34736e-05 0.00186847 0.000838567 0.00172968
0 0 2 0.000147597 -0.00407171 -0.000680328 -0.000660229
0 0 3 -0.0015212 0.00181889 -0.00127079 0.00020903
0 0 4 0.001203 -0.000920142 0.00200979 -0.00149098
0 0 5 0.00462179 0.00441908 0.0046999 -0.00212036
0 0 6 -0.000646211 0.0022592 0.00023839 -0.000960618
0 0 7 0.00332283 0.000718119 -0.00232159 -0.00202023
0 0 8 0.00376484 -0.00138028 -0.00383077 0.00315901
0 0 9 2.13092e-05 -0.00150127 -0.000721117 -0.00162081
0 0 10 -0.000808581 0.00175939 -0.00168062 0.000189224
0 0 11 -0.000546985 0.00109893 -0.00172141 -0.00778045
0 0 12 0.00189758 0.000378963 -0.00119116 -0.00480076
0 0 13 -0.00237816 -0.000660321 0.00162909 -0.000620617
0 0 14 -0.00106116 -0.00448029 0.000368525 0.000169419
0 0 15 -0.00671704 0.00592843 -0.00282077 0.00602977
0 0 16 -0.00205342 0.00289982 -0.00661023 -0.00270024
0 0 17 0.00362953 0.00234845 -0.00143006 0.00236897
0 0 18 -0.00231501 -0.00387139 -0.00274113 -0.00130062
0 0 19 -0.000871725 -7.1261e-05 0.000718143 0.00415921
0 0 20 0.00243882 -0.00263179 0.00446876 0.000849421
0 0 21 0.00489241 0.00140833 -0.00207103 0.00352982
0 0 22 0.00570425 0.00504979 -0.00509134 -0.000700941
0 0 23 0.000517439 0.0017098 7.91193e-05 0.0017792
0 0 24 0.00156382 -0.00448029 -0.00117174 -0.00513086
0 0 25 0.000282905 -0.005111 -0.00222059 0.000668967
0 0 26 0.00796841 -0.00286186 -0.000670617 0.000749291
0 0 27 0.000436254 -0.00479168 0.00104834 -9.02588e-05
0 0 28 -0.00272094 -0.00339142 0.00294987 -0.00239104
0 0 29 0.000986508 -0.000101012 -0.00449116 0.00557973
0 0 30 -0.00403794 -9.10947e-05 0.00120955 -0.00110036
0 0 31 -0.00396577 -0.0032506 0.00396959 0.00267927
0 0 32 0.000923364 -0.00184042 -0.00063177 -0.00372024
0 0 33 -0.00442582 0.00510929 -0.00473007 -0.00656019
0 0 34 -0.00724023 0.00332823 -0.00269063 0.00363985
0 0 35 -0.000862705 -0.000491735 0.00517965 0.00367946
0 0 36 -0.00215264 0.00685862 -0.00340152 -0.00134023
0 0 37 -0.00528277 0.00468882 -0.000651193 0.00238988
0 0 38 -0.00819641 -0.00356199 0.00251867 -0.000980424
0 0 39 0.0040986 -0.000981627 -0.00449116 0.00468957
0 0 40 0.0071746 -0.00572188 -0.00135043 0.00251972
0 0 41 0.00113986 0.000248061 -0.00028021 0.00235907
0 0 42 -0.000483841 -0.00126128 0.000108254 -0.000121068
0 0 43 0.00259217 -0.00103121 -0.00122029 -0.00403053
0 0 44 0.00107671 -0.0044902 -0.00190011 -0.00287079
0 0 45 -1.4773e-05 -0.00101138 0.000638508 -0.000420357
0 0 46 -0.00207146 0.00246943 0.000739508 0.00151952
0 0 47 -0.00586009 -0.00186026 0.00560891 0.00100897
0 0 48 0.000815118 -0.00244139 -0.00472036 0.00574918
0 0 49 0.00297103 -0.00405188 0.00250896 0.000668967
0 0 50 0.0064259 0.00898876 -0.00033071 -4.0744e-05
0 0 51 0.000661768 1.99739e-05 -0.00069004 -0.00265072
0 0 52 0.00492849 -0.00351042 0.00614887 -0.00043026
0 0 53 0.00382798 -0.0035005 0.00125811 0.00141939
0 0 54 0.00382798 0.00280859 -9.1805e-05 0.00865955
0 0 55 -0.00436268 -0.00354017 -0.00069004 0.00322943
0 0 56 -0.00286527 -0.00142193 -0.00197003 -0.00230082
0 0 57 -0.00373124 -0.00358182 -0.000381211 -0.00236024
0 0 58 -0.00295547 0.00293949 -0.00135043 -0.00407014
0 0 59 -0.000664252 -0.00696148 -0.00652089 -0.00442005
0 0 60 0.000255844 -0.00172142 0.000848278 -0.00479086
0 0 61 0.00249294 -0.00392098 -0.000651193 -0.00553028
0 0 62 0.00173521 0.000878772 0.000518084 0.00134897
0 0 63 -0.00545416 0.00152932 -0.00264013 -0.00822058
0 0 64 -0.00250444 0.00265984 0.00301979 0.00304898
0 0 65 -0.00333433 -0.00170159 0.000859932 0.00362995
0 0 66 -0.00201733 -0.00336167 -0.00210016 -0.00151078
0 0 67 0.000806097 0.00389944 3.83305e-05 -0.00363001
0 0 68 0.00183444 -0.00502175 0.00144846 0.00113991
0 0 69 0.00332283 0.000228227 -0.00354137 -0.00814026
0 0 70 0.000391152 0.00200929 -0.00413183 -0.00116088
0 0 71 -0.00269388 -0.00268137 -0.00232159 -0.00145026
0 0 72 0.00370169 0.000678452 -0.000350134 0.00460924
0 0 73 -0.00365005 0.00015881 0.00290908 0.00290923
0 0 74 -0.000574047 -0.000791223 -0.00369093 -0.00369053
0 0 75 -0.00715003 0.00228895 0.00426871 0.00102988
0 0 76 -0.00229697 -0.00575163 -0.00173112 -0.00168023
0 0 77 -0.00196321 0.00249918 -0.00613048 0.000339969
0 0 78 0.000481357 -0.000450084 -0.00152135 0.0024493
0 0 79 -0.000844663 0.00149957 -0.00139122 0.00262975
0 0 80 0.000842179 0.0017693 0.0032082 0.00127965
0 0 81 -0.00377634 -0.0074117 0.00216906 0.00233927
0 0 82 -0.00095291 -0.000630571 0.00130861 0.001799
0 0 83 -0.00233305 0.00273917 -0.000781329 0.00158994
0 0 84 0.00114888 0.00209854 -0.00904008 -0.000220097
0 0 85 -6.88962e-05 -0.00368099 -0.00257021 -0.000150777
0 0 86 -0.00197223 -0.00279046 -0.00132129 0.00196955
0 0 87 -0.000907807 8.07369e-06 0.00340826 -0.00362011
0 0 88 -0.00623895 0.00515888 -0.00101052 -0.00335053
0 0 89 0.00536147 0.00242977 -0.000971676 -0.00146017
0 0 90 -0.00473252 -0.000150596 0.00592939 0.0051297
0 0 91 0.00323262 0.000599117 0.00280808 -0.00355079
0 0 92 -0.00251347 -0.00380198 -0.00202053 0.0057998
0 0 93 -0.00342454 -0.00111055 0.00623822 -0.00179027
0 0 94 0.00428803 0.00415926 -0.00155049 0.00265946
0 0 95 0.00352128 -4.15105e-05 -0.00651118 -0.00356069
0 0 96 -0.00625699 0.00273917 -0.00334131 -0.00462031
0 0 97 -0.00165651 0.000839105 -0.0016612 -0.00590109
0 0 98 -0.00294645 0.0025686 -0.000610405 0.00170988
0 0 99 -0.00562555 -0.00160044 0.00333833 0.00196955
0 0 100 -0.00722219 0.000678452 0.000168466 -0.000691038
0 0 101 -0.00348768 0.00191806 -0.000771617 -0.00210056
0 0 102 -0.00364103 -0.00356199 -0.000390922 -0.000190389
0 0 103 -0.000501883 -0.00283013 0.00293822 0.0027794
0 0 104 0.000652748 0.00283834 -0.000400634 0.00023984
0 0 105 -0.0050302 -0.00563064 0.00107941 0.00365966
0 0 106 -0.000871725 -0.00285194 0.00127947 0.00556983
0 0 107 -0.000943889 -0.0032506 0.00309943 -0.000660229
0 0 108 0.000824138 -0.0020705 -0.00017144 0.00640938
0 0 109 -0.00530081 -0.00334183 -0.00017144 -0.00204004
0 0 110 -0.00756497 -0.000920142 -0.000190863 -0.00177046
0 0 111 -0.00475056 0.00502996 -0.00347144 0.00474898
0 0 112 -0.00149414 0.000319462 -0.000971676 -0.00379066
0 0 113 -0.00013204 -0.00192174 0.00377924 0.00020903
0 0 114 0.00330479 -0.0015211 -0.00404054 -0.00304024
0 0 115 -0.0073124 -0.000850724 -0.000860964 -0.00638083
0 0 116 0.00283572 -0.00192174 0.00484946 -0.0015702
0 0 117 -0.00150316 0.00557935 -0.00108045 0.00013971
0 0 118 -0.00195419 0.00140833 -0.000101517 -0.00362011
0 0 119 0.00580348 -0.000430251 0.000659873 0.000959454
0 0 120 -0.000655232 0.00395894 -0.00184184 -0.000180486
0 0 121 -0.00104312 -0.00153102 -0.00347144 -0.00788058
0 0 122 -0.000970951 0.00511921 -0.00602171 0.0010992
0 0 123 -0.00479566 0.00490897 -0.00197003 0.000419193
0 0 124 0.00260119 -0.00136045 -0.0041901 0.00248891
0 0 125 -0.00483175 0.00222945 0.001969 -0.000990327
0 0 126 -0.00234207 0.00385977 0.00381809 -0.0025803
0 0 127 0.00107671 -0.00366116 0.00556812 0.000539129
0 0 128 -0.000366574 0.000269878 0.00044816 0.00593954
0 0 129 -0.0017828 -0.00454177 7.91193e-05 -0.00482057
0 0 130 0.00634471 0.00188831 0.00215934 0.00173959
0 0 131 -0.00571576 -0.000640487 0.0045484 -0.000740553
0 0 132 -0.00211656 -0.00579129 -0.00236044 -0.000380745
0 0 133 0.00218624 -1.176e-05 -0.00195061 0.00119933
0 0 134 -0.000610129 0.00111876 -0.00263042 -0.00166043
0 0 135 0.00118496 -0.000551236 0.000158754 -0.000801071
0 0 136 -0.00318099 -0.000110928 0.00180973 -0.00646006
0 0 137 0.00833825 0.00115843 0.00185829 0.00389953
0 0 138 -0.000411677 0.00393911 0.00118818 0.00030916
0 0 139 0.00166305 0.00308824 -0.00277027 -0.00217098
0 0 140 0.00112182 0.00105926 0.00195929 -0.0042506
0 0 141 0.00433313 -0.00254055 0.000679296 -0.0019102
0 0 142 0.00260119 -0.000951876 -0.00320146 -0.00887088
0 0 143 -0.00532788 -0.000390583 0.00145817 -0.00185078
0 0 144 0.000147597 -0.00301061 -1.02275e-05 -0.00271014
0 0 145 -0.00100703 0.00127941 0.00210884 -0.0025803
0 0 146 -0.00621189 -0.00204074 -0.00179134 -0.00214017
0 0 147 -0.00606756 -0.00243147 0.00125811 -0.000510584
0 0 148 -0.00211656 -0.00177101 0.00310914 0.00472918
0 0 149 0.000409193 0.0033084 0.000298602 0.000419193
0 0 150 0.00241175 -0.00279046 0.0020195 -0.00428031
0 0 151 0.00698517 0.00333815 0.00142903 0.00237998
0 0 152 0.0048022 0.00519855 -0.00474172 0.00410969
0 0 153 -0.00500314 -0.00297094 0.00180973 -0.00415047
0 0 154 -0.00386655 0.00450833 0.000809432 0.00290923
0 0 155 0.00184346 0.00406803 -0.000301576 -0.00159001
0 0 156 5.73914e-05 0.00285817 -0.00180105 0.00523973
0 0 157 -0.00569772 -0.00373057 -0.003621 0.000469808
0 0 158 0.00245686 -0.00175117 -0.00180105 0.00452892
0 0 159 -0.00166553 0.00293949 0.00378895 0.00020903
0 0 160 -0.00326217 -0.00373057 0.00256917 -0.0056007
0 0 161 -0.00242326 0.00276892 0.00149896 0.00106949
0 0 162 0.00249294 0.00425843 0.00236912 -0.000780164
0 0 163 -0.00479566 -0.00600153 -0.00507192 -0.00455099
0 0 164 -0.00557143 5.96413e-05 -0.00303054 0.00023984
0 0 165 -0.00502118 0.000718119 0.00266823 0.000919842
0 0 166 0.00295299 0.00485939 -0.000480269 -6.05499e-05
0 0 167 -0.00168357 -0.000321165 0.00570991 -0.00168023
0 0 168 0.00372875 0.00232861 0.00328978 -0.00435073
0 0 169 -0.00131373 0.000448381 -0.0020419 -0.00415047
0 0 170 0.00141949 0.00582926 0.000409314 -0.00208075
0 0 171 -0.00184594 -0.00143185 -0.0033316 -0.0039304
0 0 172 -0.00442582 -0.00375041 0.000659873 0.00559954
0 0 173 -0.00553535 0.00125958 0.00162909 -0.000290518
0 0 174 -9.59579e-05 -0.000791223 -0.00155049 5.93858e-05
0 0 175 0.000436254 -0.000680155 0.000428737 0.00208949
0 0 176 0.00339499 -0.000561153 -0.00282077 -6.05499e-05
0 0 177 0.00539756 -0.0035005 0.000578296 -0.00128081
0 0 178 0.00403545 8.93918e-05 0.00363939 0.00142929
0 0 179 0.0037468 -0.00270121 -0.0022808 -0.00576025
0 0 180 -0.00598638 0.0033084 0.00304893 0.00335927
0 0 181 0.00319654 -0.000170429 -0.00360158 0.00469947
0 0 182 0.00199681 -0.00398048 0.0032082 -0.00147007
0 0 183 0.00591173 0.00264992 0.00289937 0.00341979
0 0 184 0.00643492 0.00127941 0.000609373 -0.00219078
0 0 185 0.00340401 0.00372887 0.00058995 -0.00340005
0 0 186 0.00551482 0.00195971 -0.00116008 -0.000170583
0 0 187 0.00249294 0.00239803 0.00156888 0.00459934
0 0 188 -0.00299155 0.00198946 -0.00306161 -0.00607054
0 0 189 0.00412566 -0.000991544 -0.00542153 -0.00329001
0 0 190 0.0014646 -0.00444062 0.00568854 0.00170988
0 0 191 0.00253804 -0.00453185 0.000939567 0.00359914
0 0 192 -0.000998013 -0.00327043 0.0012484 -0.00456089
0 0 193 0.00283572 -0.00136045 0.000108254 -0.000680035
0 0 194 0.000255844 0.00734852 0.00344905 -0.00450037
0 0 195 0.00300711 0.000198477 -0.00186126 -0.000750456
0 0 196 -0.00344258 0.00141825 -0.00552059 -0.00240095
0 0 197 -0.0049851 0.00490897 -0.00418039 0.00593954
0 0 198 0.00476612 -0.00109071 0.00111826 0.000619453
0 0 199 0.00267335 0.000718119 -0.00249057 0.00443979
0 0 200 0.00260119 0.0042386 -0.00115037 -0.00238004
0 0 201 0.000508419 -0.00484126 -0.00696179 0.0024691
0 0 202 -0.00133177 -0.00205066 0.0016893 -0.00155039
0 0 203 0.00354834 0.00578959 0.00370932 0.000579841
0 0 204 0.000138576 -0.00292136 0.00115905 0.00340988
0 0 205 0.000833159 -0.00668183 -0.00108045 0.00186943
0 0 206 0.00102259 0.00141825 0.00473875 -0.00214017
0 0 207 0.00543364 0.000168726 0.00629843 0.00185952
0 0 208 -0.00460623 -0.00261195 -0.000901753 -0.00282017
0 0 209 0.00179836 0.00649964 0.0016388 0.00661954
0 0 210 0.00457669 -0.00162027 0.00369961 0.00505928
0 0 211 -0.00132275 -0.00283013 0.00257889 0.00070968
0 0 212 0.00187954 -0.00173134 0.00207971 -0.0029203
0 0 213 0.00869908 -0.00640019 -0.00645096 0.00234917
0 0 214 -0.00306372 -0.00354017 -0.00806115 -0.00374005
0 0 215 -5.08551e-05 0.00258843 -0.00734055 0.00189913
0 0 216 0.000517439 0.00552977 0.00159996 -0.000450066
0 0 217 0.00556895 0.00326873 8.88309e-05 -0.000940812
0 0 218 -0.00514747 0.00215804 0.00373845 -0.00630051
0 0 219 -0.00416423 0.0022592 0.00260996 -0.00320089
0 0 220 0.00188856 -0.00523198 -0.00375114 -0.00380056
0 0 221 0.000977487 -0.00337158 -0.00336073 -0.00233053
0 0 222 0.00133831 -0.00473019 -0.00126108 -0.00181007
0 0 223 -0.0030547 0.000938273 0.0038783 -0.00282017
0 0 224 0.00286278 0.00325881 0.00340826 -0.00400082
0 0 225 -0.00159337 0.00114851 0.0012989 -0.00108055
0 0 226 -0.00433562 -0.00397056 -0.00119116 -0.00708064
0 0 227 -0.00582401 -0.00154094 -0.00301111 -0.00280037
0 0 228 -0.00062817 -0.000410417 0.0022584 0.00158994
0 0 229 -0.00212558 -0.00165002 0.00525929 0.00374989
0 0 230 0.000138576 0.0119182 -0.00450087 0.00396995
0 0 231 -0.00321707 0.00444883 0.00355976 -0.00151078
0 0 232 -0.00614875 -0.00541049 -0.00108045 0.0068099
0 0 233 -0.0090263 -0.00222123 0.00135911 0.0103992
0 0 234 -0.00126863 0.00248927 0.00276923 -0.000470972
0 0 235 -0.00107018 0.00119809 1.89073e-05 0.00201907
0 0 236 0.000598624 -0.00254055 0.00328978 0.00168897
0 0 237 0.00195171 -0.00497018 0.000949279 0.00390943
0 0 238 -0.00243228 -0.00057107 -0.0035705 -0.00367073
0 0 239 0.00861789 0.00265984 -0.00158157 0.00131926
0 0 240 0.005154 0.00251902 0.00386859 0.00489973
0 0 241 0.000995529 -0.00112046 0.00144846 0.00293894
0 0 242 0.00553286 -0.00171151 -0.00133101 0.001459
0 0 243 0.00304319 0.00433975 0.00169901 -0.00369053
0 0 244 0.000337028 -0.00101138 -0.000511346 -0.00249007
0 0 245 0.00035507 -0.00320101 -0.00157185 0.00403927
0 0 246 -0.00165651 0.00383994 0.00115905 -0.0012302
0 0 247 -0.000213225 -0.00674133 -0.00210016 -0.00346056
0 0 248 0.000923364 -0.0043712 0.000199543 -0.00341105
0 0 249 0.00397231 -0.000941959 0.00203892 0.00123894
0 0 250 -3.2814e-05 0.007529 -0.00108045 -0.000360939
0 0 251 0.0061643 0.0044885 -0.00378027 0.00115971
0 0 252 -0.00116038 0.00214813 -0.00241094 -0.00313046
0 0 253 0.000869241 -0.00151119 -0.00458051 -0.000241004
0 0 254 0.00359345 0.00169989 -0.00256049 0.00366956
0 0 255 0.000481357 -0.00382181 0.000319967 0.00137978
0 0 256 -0.00175574 -0.000251747 0.00542827 0.00208949
0 0 257 -0.00180084 -0.00637044 0.00293822 -0.00129072
0 0 258 0.00443236 -0.000531402 -0.00123 -0.00117078
0 0 259 -0.00205342 -0.00321093 0.00544964 0.00428905
0 0 260 0.0058125 0.00217986 -0.00191176 0.00209939
0 0 261 0.00543364 -0.00195149 -9.1805e-05 0.00301927
0 0 262 0.00167207 0.00292957 -0.00758139 0.00186943
0 0 263 -0.00882785 0.00219969 -0.00351029 -0.00016068
0 0 264 -0.00344258 -0.00572188 0.00440855 0.000689874
0 0 265 0.000797076 0.00211838 -0.000800752 0.00209939
0 0 266 0.00299809 -0.00365124 -0.00217009 -0.00134023
0 0 267 -4.18346e-05 -0.00123153 -0.00106102 0.000599647
0 0 268 0.00565915 0.000638785 -0.00113095 0.00655902
0 0 269 -0.00190007 -0.00545015 0.000619084 0.0064996
0 0 270 0.000228782 -0.00911145 0.000929856 0.00688912
0 0 271 0.00448648 -0.000961793 0.00451926 -0.000400551
0 0 272 0.00406252 -0.00111055 0.000788066 0.00215991
0 0 273 0.00600193 0.000858938 -0.00833113 0.0031293
0 0 274 0.00233959 0.00639848 0.00247983 0.00670977
0 0 275 0.000779035 0.000839105 -0.00102023 -0.00428031
0 0 276 0.00300711 -0.00150127 -0.00033071 0.00235907
0 0 277 0.00688595 0.00113859 0.00298872 0.00752951
0 0 278 -0.00553535 0.00106918 0.00180973 -0.00167033
0 0 279 -0.00261269 -4.15105e-05 -0.000311287 -0.00309085
0 0 280 0.00241175 0.00425843 0.00305864 0.00276949
0 0 281 0.00265531 -0.00155085 0.0016893 0.000489614
0 0 282 1.22887e-05 0.00252893 -0.00707056 -0.00544005
0 0 283 0.000923364 -0.00342117 0.00639943 -0.00298082
0 0 284 -0.00810621 -0.00148144 -0.0023313 -0.00284108
0 0 285 0.00577642 -0.00262187 -0.00344037 -0.00241085
0 0 286 0.00698517 -0.00211016 0.000958991 0.00325914
0 0 287 -0.0014761 0.0017098 -0.00610135 -0.00164062
0 0 288 0.000391152 0.00136866 0.00245846 0.00180891
0 0 289 -0.00517453 -0.000420334 -0.000420057 -0.00323059
0 0 290 -0.00457015 -0.00573179 0.00383945 0.000108901
0 0 291 -0.00592323 0.00359995 0.00447848 0.00517921
0 0 292 0.000508419 0.00299899 -0.00639075 0.00258904
0 0 293 0.00152774 0.00681896 -0.00022194 0.00315901
0 0 294 -0.00335238 0.00149957 0.00440855 0.00361895
0 0 295 0.0048473 -0.0073403 -0.00627033 0.00300936
0 0 296 0.00235763 -0.000870558 0.000158754 0.00030916
0 0 297 -0.000817602 0.00227903 -0.00561188 -0.00569093
0 0 298 -0.000438739 0.00384986 -0.000161729 -0.0035706
0 0 299 0.00254706 0.00398869 0.00114934 0.00937916
0 0 300 0.000427234 0.00395894 0.00828931 0.000159516
0 0 301 -0.00135883 0.000769687 -0.00246144 -0.00177046
0 0 302 -0.00360495 0.000979924 0.00291879 -0.000290518
0 0 303 -0.00196321 0.00543853 0.00223898 -0.00380056
0 0 304 0.000291926 -0.000640487 0.00199813 0.00200917
0 0 305 0.00138341 0.00406803 -0.00710164 0.00712899
0 0 306 -0.00546318 -0.00469052 -0.00221088 0.00132916
0 0 307 0.00126615 0.00300891 -0.00258186 -0.00278056
0 0 308 0.00504575 -0.00101138 0.00450955 -0.00448057
0 0 309 0.00201485 -0.00102129 0.00445905 -0.00053039
0 0 310 -0.000213225 5.96413e-05 0.00694911 0.000779
0 0 311 -0.00718611 0.0032489 0.00149896 0.00238988
0 0 312 -0.000384615 -0.0025703 0.00198842 0.00506918
0 0 313 -0.00330727 0.000898606 -0.00478057 0.0041394
0 0 314 0.00135635 0.00360987 -0.000451134 -0.00246037
0 0 315 -0.00454309 0.000878772 -0.00113095 0.00333946
0 0 316 -0.000862705 -0.00174126 -0.00416097 0.00869916
0 0 317 0.00202387 0.00171972 0.00770856 0.00590983
0 0 318 0.00194269 -0.000311248 -0.0042911 0.00146891
0 0 319 0.000454296 -0.00242155 -0.0039512 0.00124994
0 0 320 -0.00482273 0.00118818 0.000139331 0.00231946
0 0 321 -0.000213225 0.0036892 -0.00520011 0.0037895
0 0 322 -0.00140394 -0.00514075 0.00162909 -0.00063052
0 0 323 -0.0034516 0.00094819 0.00301979 0.000969357
0 0 324 -0.00327119 0.00187839 0.000498661 -0.00112017
0 0 325 -0.00315392 0.0046194 -0.00282077 -0.0022403
0 0 326 0.0058576 -0.0072213 0.0019185 0.000108901
0 0 327 0.00499163 0.00361979 -0.00256049 -0.00171104
0 0 328 0.00068883 0.00358805 0.00023839 0.00157894
0 0 329 -0.00758301 0.0044885 -0.000350134 -3.19095e-08
0 0 330 0.00127517 -0.00213198 -0.0035705 0.00115971
0 0 331 -0.000835643 -0.00020018 -0.00307133 0.0034693
0 0 332 0.0048473 0.00312989 0.00719967 0.00276949
0 0 333 -0.00181888 0.000309546 -0.000810464 0.000889033
0 0 334 0.00205995 0.00479989 0.00206806 -0.00204004
0 0 335 -0.000853684 0.00109893 -0.00148056 0.00392924
0 0 336 -8.69373e-05 0.00677929 -0.00605085 0.000189224
0 0 337 -0.000150081 -0.00241163 -0.003621 0.00483921
0 0 338 -0.000682294 -0.000981627 0.00505923 -0.00118068
0 0 339 0.0025651 0.00177922 0.0023594 0.00925923
0 0 340 0.00534343 0.00174947 -0.0056313 0.000399387
0 0 341 0.00685889 -0.00347075 0.00218848 0.0041295
0 0 342 0.000562542 0.00495856 -0.00771153 0.00087913
0 0 343 0.00373778 5.96413e-05 -0.00173112 -0.00199053
0 0 344 0.00376484 -0.000491735 0.0015883 0.00097926
0 0 345 0.00201485 0.00317948 0.00206806 -0.00144036
0 0 346 0.00495555 -0.00138028 -0.000940599 -0.000860488
0 0 347 0.00163599 -0.00180076 -0.000600693 0.00561934
0 0 348 0.0077429 0.00232861 0.000298602 -0.000210195
0 0 349 0.00197877 0.00514896 0.00133969 -0.0019102
0 0 350 -0.00566164 0.000618951 0.00165823 -0.00270024
0 0 351 -0.000231266 0.00500814 0.00436971 0.00334937
0 0 352 0.00645296 0.000928356 -0.00222059 0.00753941
0 0 353 0.000968467 -0.00191183 0.00337912 -0.00362011
0 0 354 0.00692203 -0.00249097 -0.00109016 0.00457953
0 0 355 -0.00312686 0.000668535 0.00261967 0.0031392
0 0 356 0.0011128 -0.00318118 0.00419878 0.00495915
0 0 357 0.00660631 0.00562894 0.00322956 0.00126975
0 0 358 0.00208701 -0.000670238 -0.00124166 -0.00276075
0 0 359 0.00655219 -0.00414113 0.00236912 0.00867935
0 0 360 0.00470297 0.00468882 0.000549161 0.00518911
0 0 361 0.00653415 -0.0020705 -0.00714049 -0.00341105
0 0 362 -0.00203538 0.00408984 0.00203892 0.00240969
0 0 363 -0.00221579 -0.0020705 -0.00292177 0.0010992
0 0 364 0.00725579 0.00193987 0.00512915 -0.000820877
0 0 365 0.00664239 0.00161857 0.00105999 -0.00638083
0 0 366 0.0119645 -0.000680155 0.000269467 0.0041196
0 0 367 0.00241175 -0.00231048 0.00135911 0.00030916
0 0 368 -0.00175574 0.00345913 -0.00163012 -0.00406024
0 0 369 0.00144656 0.00155907 0.00274981 0.00119933
0 0 370 0.00335891 -0.00120178 0.00239825 -0.00205104
0 0 371 0.0051089 0.00551985 -0.0032811 -0.00132043
0 0 372 0.000382131 0.00298907 0.00170873 -0.00352108
0 0 373 -0.00478664 0.00174947 -0.00246144 -0.00595061
0 0 374 -0.000231266 0.00205888 0.00407836 0.00231946
0 0 375 0.00384602 -0.00216173 0.00147953 0.00697935
0 0 376 0.00222232 -0.00161035 -0.00469122 0.00417901
0 0 377 -0.0038034 0.0013885 0.0025381 -0.000360939
0 0 378 0.000246823 -0.00190191 -0.00148056 -0.00102004
0 0 379 0.0048473 0.0036892 0.00396959 -0.0025902
0 0 380 0.00326871 -0.00398048 0.000298602 0.00220943
0 0 381 0.00134733 0.00591851 0.00507865 0.000108901
0 0 382 8.44531e-05 0.000638785 0.000178178 0.000668967
0 0 383 -0.000510903 -0.00162027 -0.00017144 -0.00107065
0 0 384 -0.00814229 0.00134883 0.000469526 -0.00205104
0 0 385 0.00271845 0.00116834 0.00418907 -0.0035805
0 0 386 -0.00398381 -9.10947e-05 -0.000181152 -0.0102705
0 0 387 0.00305221 -0.000701972 -0.0040017 0.00596925
0 0 388 -0.000231266 0.00166815 0.00132997 0.00148981
0 0 389 -0.00294645 0.0023782 -5.1588e-07 -0.00261001
0 0 390 0.0001927 0.0045599 0.000689008 0.00727974
0 0 391 -0.00338846 -0.00468061 0.00427842 0.00151952
0 0 392 0.00365659 0.000148893 0.000679296 0.00318982
0 0 393 0.000679809 0.00104934 -0.000901753 -0.00294011
0 0 394 0.00175325 0.006099 -0.000311287 0.000969357
0 0 395 -0.00567066 0.00416918 -0.00804172 0.00358924
0 0 396 0.00731893 0.00508946 -0.00133101 -0.000220097
0 0 397 -0.000754458 -0.00548189 -0.00235072 0.000289354
0 0 398 -0.00208048 -0.00577146 -0.00343065 -0.00161091
0 0 399 -0.00232403 -0.000301332 0.00308972 -0.00120049
0 0 400 0.0031334 -0.000860641 -0.00177191 0.00196955
0 0 401 -0.00209852 -0.00500191 -0.00162041 0.00354963
0 0 402 0.00192465 -0.00446045 -0.00340152 -0.00229091
0 0 403 -0.00460623 0.00451825 -0.00138151 0.00364976
0 0 404 -0.00402892 -0.00600153 -0.00118145 0.00337908
0 0 405 -0.000501883 0.00232861 0.00431921 0.00308969
0 0 406 0.000679809 -0.00236007 0.00160967 -8.03558e-05
0 0 407 0.00211408 -0.00362149 0.00279837 0.00226994
0 0 408 0.000427234 0.000238144 -0.00249057 0.00390943
0 0 409 -0.00329825 0.00395894 -0.00154078 -0.00313046
0 0 410 0.00244784 0.00188831 0.0025886 -0.0015702
0 0 411 0.0041437 0.00690821 0.00223898 -0.00185078
0 0 412 -0.000312451 0.00135875 -0.00449116 -0.00163072
0 0 413 0.00296201 0.0034988 -0.00626062 -6.05499e-05
0 0 414 -0.00425443 -0.00203083 0.00567883 -0.000990327
0 0 415 -0.00171064 0.00287999 0.00572933 -0.00973023
0 0 416 0.00337695 -0.00447037 -0.00186126 0.00257914
0 0 417 0.000273885 0.00715811 -0.00405025 -0.00141065
0 0 418 -0.000754458 -0.00444062 -0.00145143 -0.000760358
0 0 419 0.00226743 0.00125958 -0.00428139 -0.00584057
0 0 420 -0.00216166 0.000839105 -0.0016107 -0.00508025
0 0 421 0.00521715 0.000448381 4.99845e-05 0.00387972
0 0 422 0.00128419 -0.00615028 -0.00118145 0.00205978
0 0 423 0.00299809 -0.00125136 -0.00354137 -0.00674064
0 0 424 -0.00202636 0.00193987 -0.00566044 -0.00363001
0 0 425 -0.00118744 -0.00731055 0.00457948 0.00136988
0 0 426 0.00020172 0.00215804 -5.1588e-07 -0.00832071
0 0 427 -0.00421835 0.00278875 -0.00144172 0.00698925
0 0 428 -0.0018279 0.0016384 -0.00111152 0.00030916
0 0 429 0.000788056 0.0022592 -0.00416097 -0.000220097
0 0 430 -0.00285625 -0.00446045 -0.00173112 -0.00142056
0 0 431 -0.000862705 0.000549533 0.00475817 0.00223914
0 0 432 0.000661768 -0.00170159 0.000469526 0.00265946
0 0 433 -0.00737554 0.0014599 0.000119908 0.000289354
0 0 434 0.00213212 -0.00193166 0.0038783 0.00200917
0 0 435 -0.000438739 -0.0015211 -0.000940599 -0.000750456
0 0 436 0.00189758 0.00488914 0.00218848 -0.00218088
0 0 437 0.00827511 -0.00373057 -0.00120087 0.00121913
0 0 438 0.00170815 -0.000690072 0.00272844 -0.00633022
0 0 439 -0.00381242 0.00214813 0.0015883 -0.00307105
0 0 440 -0.00442582 -0.00100146 0.00424928 -0.000600811
0 0 441 0.00912304 -0.0035719 -0.000150075 0.00462905
0 0 442 0.00113986 0.00589867 -0.00255078 -0.00240095
0 0 443 0.00502771 -0.00241163 -0.00153106 -0.000380745
0 0 444 0.0014646 -0.000110928 0.00388995 -0.01247
0 0 445 -0.0016926 0.00315964 -0.00136014 0.00269907
0 0 446 -0.00439876 0.000908523 -0.000800752 -0.0066108
0 0 447 0.00240273 0.00323898 0.00334999 -0.00446076
0 0 448 0.00896969 -0.00267146 0.00236912 0.000519323
0 0 449 -0.00185496 -0.00461119 -0.00372006 -0.00535093
0 0 450 -0.000528944 -0.0041808 -0.0072512 -0.00208075
0 0 451 0.00347618 -0.00680083 0.00261967 0.00139959
0 0 452 -0.00230599 0.00108901 -0.00379193 -0.00263092
0 0 453 -0.0024864 -0.0030602 -0.00358021 -0.00147007
0 0 454 -0.00303666 0.00297916 -0.00397062 -0.0059407
0 0 455 -0.00361397 -0.00215181 0.00116876 -0.00279046
0 0 456 -0.000474821 -0.0025703 -0.00414154 0.00405908
0 0 457 -0.00601344 0.0041791 -0.000950311 -0.00108055
0 0 458 0.00245686 -0.00106096 -0.00117174 -0.0059308
0 0 459 -0.00308176 -0.00211016 0.000168466 0.00164936
0 0 460 0.00180738 0.000799437 -0.00297032 0.00798945
0 0 461 0.00172619 0.00198946 0.00714917 -0.00330102
0 0 462 -0.00250444 -0.00410146 -0.000400634 0.000929745
0 0 463 -7.79168e-05 0.00247935 0.00519908 0.000218933
0 0 464 0.0024749 0.00107909 0.00126976 0.00440898
0 0 465 -0.00134079 -0.00122161 0.00337912 0.000749291
0 0 466 -0.00541808 0.00128933 0.00221956 -0.00792019
0 0 467 0.00104965 -0.00482143 0.00742886 0.00023984
0 0 468 -0.00199027 0.00117826 0.000409314 0.00563915
0 0 469 0.00384602 -0.00166192 -0.00163012 -0.0052508
0 0 470 -0.00245032 0.0062299 0.00411915 0.00293894
0 0 471 -0.00425443 8.93918e-05 0.00122897 -0.00577015
0 0 472 -0.000691314 -0.000430251 -0.000571558 0.000189224
0 0 473 0.00230351 0.0042981 -0.000301576 -0.00350017
0 0 474 -0.00160239 -0.00300069 -0.00145143 0.00164936
0 0 475 -0.00155729 -1.176e-05 -0.00167091 -0.00143046
0 0 476 0.0034852 -0.000590903 0.00448819 0.00650951
0 0 477 0.0068228 0.00291966 -0.00197003 0.00141939
0 0 478 -0.00242326 0.00198946 0.000108254 -0.00335053
0 0 479 0.00437823 -0.000941959 0.00505923 -0.00353098
0 0 480 -0.0066539 0.00364954 0.00182915 0.0014392
0 0 481 0.00586662 0.00210846 0.000279178 -0.000370842
0 0 482 0.00789625 0.00773924 0.00466882 0.00307979
0 0 483 0.0154916 0.00186847 0.00676847 0.00425934
0 0 484 0.0202093 0.0130289 0.00476982 0.000399387
0 0 485 0.0299966 0.0104089 0.00964893 0.00560944
0 0 486 0.0393419 0.0268887 0.0161285 0.000668967
0 0 487 0.05916 0.0403398 0.0284992 0.00217972
0 0 488 0.0806289 0.05988 0.0393781 0.00127965
0 0 489 0.0846882 0.0522381 0.0342484 -0.00120049
0 0 490 0.0817475 0.0432693 0.0292295 -0.000750456
0 0 491 0.112327 0.0467481 0.0353497 0.0100394
0 0 492 0.12704 0.0316487 0.0294295 0.0034594
0 0 493 0.122638 0.0111189 0.00981986 0.00905897
0 0 494 0.127554 -0.00736014 -0.00948098 -0.00114107
0 0 495 0.119742 -0.0189014 -0.0182214 0.000479711
0 0 496 0.125416 -0.0297107 -0.01086 -0.00149098
0 0 497 0.129178 -0.0385307 -0.00112123 -0.00777055
0 0 498 0.132569 -0.0536519 0.0107386 -0.00269033
0 0 499 0.154543 -0.0562402 0.02039 0.00287953
0 0 500 0.17926 -0.0619801 0.0366686 0.00488983
0 0 501 0.203687 -0.0701 0.0496491 0.00470937
0 0 502 0.243459 -0.0658219 0.0719683 -0.000801071
0 0 503 0.277133 -0.0573212 0.0797298 -0.00208075
0 0 504 0.31961 -0.0514504 0.0781896 0.0071389
0 0 505 0.346672 -0.0413908 0.0778089 0.0161594
0 0 506 0.38703 -0.0354605 0.08134 0.0263693
0 0 507 0.427839 -0.03504 0.0731589 0.0383794
0 0 508 0.466131 -0.0310217 0.0560393 0.03866
0 0 509 0.491407 -0.051502 0.0412699 0.0305495
0 0 510 0.523511 -0.0525115 0.0284195 0.0105796
0 0 511 0.56054 -0.065211 0.0151981 -0.00148107
0 0 512 0.580512 -0.0648004 0.0222293 -0.00185078
0 0 513 0.571987 -0.0573311 0.0261082 0.00293894
0 0 514 0.527534 -0.0442805 0.0217982 -0.00207085
0 0 515 0.45435 -0.0351511 0.00974994 -0.0153001
0 0 516 0.364298 -0.0305417 -0.00436103 -0.0176801
0 0 517 0.275346 -0.0287904 -0.0308213 -0.0308708
0 0 518 0.203976 -0.0256706 -0.0422207 -0.02891
0 0 519 0.151909 -0.0242505 -0.0434405 -0.0321208
0 0 520 0.120256 -0.0118009 -0.0361607 -0.03345
0 0 521 0.107285 -0.0117711 -0.0444816 -0.0300808
0 0 522 0.0947281 -0.00798093 -0.04595 -0.0262109
0 0 523 0.094286 0.0022592 -0.0411913 -0.0186308
0 0 524 0.0948724 0.00481972 -0.0371105 -0.0165501
0 0 525 0.100853 0.000678452 -0.0337406 -0.00537073
0 0 526 0.112219 0.000499949 -0.0255712 0.000949551
0 0 527 0.125524 0.00183872 -0.0139114 0.00418892
0 0 528 0.128366 -9.10947e-05 0.00172815 0.00504937
0 0 529 0.120076 0.00185856 0.00271873 0.00199926
0 0 530 0.103785 -0.00116013 0.0102297 -0.00399092
0 0 531 0.0746483 0.00542862 0.0112785 0.00699915
0 0 532 0.0510325 0.00310808 0.00768913 0.0041295
0 0 533 0.0347865 0.000499949 0.00939837 0.0041196
0 0 534 0.0205972 0.00296924 0.00878849 0.00297966
0 0 535 0.0167725 0.00153923 0.00707924 0.00087913
0 0 536 0.0129297 0.0033798 0.00733951 0.0061596
0 0 537 0.0124426 -0.000261664 0.00482809 -0.00242075
0 0 538 0.00806764 0.001329 0.0023089 0.000788903
0 0 539 0.00185248 0.00293949 0.00277895 -0.000820877
0 0 540 0.00903284 -0.00105104 0.00177865 -0.00514076
0 0 541 0.00408958 0.000418631 0.00234969 -6.05499e-05
0 0 542 0.00305221 0.00745959 -0.00257021 -0.00270024
0 0 543 -0.00133177 0.0041791 0.0032587 -0.00159001
0 0 544 0.00437823 -0.00124145 0.00249925 -0.00418018
0 0 545 -0.000907807 0.00178914 -0.000940599 0.00486892
0 0 546 0.00749934 -0.00324068 0.00211856 -0.00289059
0 0 547 0.00473906 -0.000271581 -0.00172141 -0.00400082
0 0 548 -0.00323511 0.0023187 0.000218966 -0.000310324
0 0 549 0.000724912 0.00323898 0.00317906 -0.00231072
0 0 550 -0.00154827 -0.00394081 0.000459814 0.000169419
0 0 551 -0.000474821 -0.0024513 -0.00296061 -0.00555009
0 0 552 -0.00654565 -0.000350916 -0.00201082 -0.0104201
0 0 553 -0.00109724 0.00188831 -0.00124166 -0.00263092
0 0 554 0.00283572 -0.000650404 -0.00117174 -0.00108055
0 0 555 -3.2814e-05 -0.00405188 0.00192821 0.00457953
0 0 556 -0.000204204 0.00406803 -0.000480269 -0.000940812
0 0 557 -0.00698766 -0.0035719 0.00339855 0.00174949
0 0 558 0.00260119 -0.000690072 0.00275952 0.00390943
0 0 559 0.000337028 -0.00130095 0.00550985 -0.00758019
0 0 560 -0.00317197 0.00618825 0.00453869 -0.00182107
0 0 561 -5.08551e-05 -0.0030602 -0.00412018 0.00489973
0 0 562 -0.00232403 0.00216994 -0.00804172 0.00366956
0 0 563 -0.000258328 -0.00223115 -0.00731141 0.000668967
0 0 564 0.00456767 -0.00299078 -0.00250028 0.00131926
0 0 565 -2.37935e-05 0.000378963 0.00388995 -0.000990327
0 0 566 -0.00672606 -0.00272104 0.00362968 -0.000830779
0 0 567 0.00140145 0.000579284 9.85425e-05 -0.00639074
0 0 568 0.00302515 -0.000900309 -0.00206132 -9.02588e-05
0 0 569 -0.0046784 0.00111876 0.00633922 0.00149972
0 0 570 -0.00618483 -0.000321165 0.00260996 0.00129946
0 0 571 6.6412e-05 -0.00404196 -0.00270034 0.00272988
0 0 572 0.00144656 -0.00342117 -0.00440182 -0.00154049
0 0 573 -0.00443484 0.00125958 0.00023839 -0.000860488
0 0 574 0.00426999 -1.84314e-06 -0.00102023 0.000129807
0 0 575 0.00634471 -0.00209033 0.00246817 0.00484911
0 0 576 0.0031334 -0.000830891 -0.00239151 0.00235907
0 0 577 -0.00509334 0.000989841 0.00520879 -0.00402063
0 0 578 0.00591173 0.00243968 0.00580897 -0.00322069
0 0 579 0.00194269 -0.00541049 -0.000400634 -0.00264082
0 0 580 0.00619136 -0.0013307 -0.00153106 -0.00455099
0 0 581 -0.00195419 -0.000501652 -0.00142035 0.00299946
0 0 582 0.000255844 -0.0023918 0.00012962 0.00128955
0 0 583 0.00531637 0.00265984 0.000859932 -0.00016068
0 0 584 0.00259217 0.00102951 -0.00520011 0.00304898
0 0 585 0.00859985 0.00200929 0.00668884 0.00274969
0 0 586 0.00123908 -0.000850724 0.00136882 -0.00338024
0 0 587 0.00567719 0.000468215 -0.00469122 -0.000740553
0 0 588 0.00174423 0.00149957 -0.00130187 -0.000610714
0 0 589 -0.00422737 -0.00383173 9.19572e-06 -5.0647e-05
0 0 590 0.00112182 0.0033798 0.000228678 0.00396995
0 0 591 0.00580348 -0.00363141 -0.00163012 -0.000310324
0 0 592 -0.000321472 -0.00167184 0.0062693 -0.00613106
0 0 593 0.00285376 -0.000291415 -0.00118145 -0.00649087
0 0 594 0.00108573 -0.00607095 -0.00242065 -0.000470972
0 0 595 0.00364757 -0.0004005 -0.00207103 -0.00148107
0 0 596 -0.00668096 0.000178643 -0.00308104 -0.000840682
0 0 597 0.000535481 -0.00252072 0.00323928 0.000589744
0 0 598 -0.0004658 0.00363962 -0.00251194 -0.000470972
0 0 599 0.00319654 0.00175939 -0.0029509 0.00407998
0 0 600 0.0032236 -0.0030602 -0.00341123 -0.00321079
0 0 601 -0.00103409 -0.000690072 -0.00184184 0.0044596
0 0 602 0.00345814 -0.00189001 -0.00137179 -0.0012302
0 0 603 0.00275454 0.00396886 -0.00118145 -0.00720058
0 0 604 -0.00103409 0.00695978 -0.00406191 -0.00502083
0 0 605 0.00139243 -0.00223115 0.00123868 -0.0029203
0 0 606 -0.00695158 0.00431991 -0.00313154 -0.0042605
0 0 607 0.00253804 -0.0013902 -0.00752118 -0.00454109
0 0 608 -0.00753791 -0.00293128 -0.00294119 -0.00387099
0 0 609 0.00117594 0.00267967 -0.00193118 -0.00700032
0 0 610 0.00382798 -0.00446045 0.00745994 0.00359914
0 0 611 0.0054156 0.00352855 0.00247983 -0.00339014
0 0 612 0.000346049 -0.00221131 -0.00273142 -0.00443105
0 0 613 0.000535481 -0.000271581 0.000679296 0.00040929
0 0 614 -0.00636524 0.00248927 -0.00339181 -0.0029005
0 0 615 -0.00420031 -0.00667191 -0.00190011 -0.00316017
0 0 616 -0.000736417 -0.00184042 0.000609373 -0.00313046
0 0 617 0.00620941 0.00383994 -0.00342094 -0.000180486
0 0 618 -0.00334336 0.00118818 -0.0017117 -0.00128081
0 0 619 -0.00496705 -0.00663026 0.00276923 -0.00595061
0 0 620 -0.00743868 -0.00411138 0.000568584 0.000749291
0 0 621 -0.00142198 -0.000860641 0.00103863 0.000269548
0 0 622 -0.00321707 -0.00481151 -0.00619069 -0.00199053
0 0 623 0.000995529 -0.00522008 0.000279178 0.000699777
0 0 624 -0.00526473 0.00152932 -0.00012094 0.00750971
0 0 625 -0.00255857 0.00530961 0.00140961 0.0021093
0 0 626 -0.000934869 0.000299629 -0.00074054 -0.00464011
0 0 627 -0.0027029 0.00198946 0.00148924 0.00152942
0 0 628 0.00114888 0.000749853 -0.000911464 -0.000571102
0 0 629 0.000824138 0.00358805 0.00161938 -0.00198062
0 0 630 0.000634707 0.006099 -0.0015602 0.00192994
0 0 631 -0.00499412 -0.00346084 0.00133969 -0.00396011
0 0 632 0.000905323 7.94749e-05 -0.00443095 0.00356943
0 0 633 -0.00156631 0.00175939 -0.00600035 -0.00379066
0 0 634 0.00328675 0.000178643 0.00119984 -0.00287079
0 0 635 0.00110378 0.0024496 -0.00240122 0.00360904
0 0 636 0.00133831 -0.00291144 -0.00203024 0.0048194
0 0 637 0.00450452 0.00120999 0.00468825 0.0021093
0 0 638 0.000138576 0.00352855 0.000378237 -0.0062609
0 0 639 0.000833159 -0.00169167 3.83305e-05 0.00367946
0 0 640 0.00202387 0.00620808 0.00147953 -0.00288069
0 0 641 0.00439628 0.00103942 0.00442992 0.00209939
0 0 642 -0.000754458 0.00763809 -0.00230022 -0.00343085
0 0 643 -0.00207146 0.00327865 -0.00685108 -0.000280616
0 0 644 -0.00294645 -0.000880475 0.00188936 -0.00368063
0 0 645 -0.00062817 0.00325881 0.000108254 0.0111892
0 0 646 -0.00124157 -0.00426013 -0.0053419 0.00107939
0 0 647 -0.000655232 0.0100994 0.00219819 0.00324924
0 0 648 -0.000808581 -0.00396064 -0.00545067 -0.00316017
0 0 649 2.13092e-05 0.00038888 -0.00113095 -2.09381e-05
0 0 650 0.00441432 -0.00554139 -0.00285184 0.00308969
0 0 651 -0.000934869 0.000708202 0.00142903 -0.000770261
0 0 652 0.00465787 2.98907e-05 0.000168466 0.000989163
0 0 653 0.00167207 -0.0014616 -0.00169033 0.00169997
0 0 654 -0.000853684 0.00140833 0.0013999 -0.00149098
0 0 655 -0.000312451 0.00276892 -0.0029509 0.000839518
0 0 656 -0.00488587 0.000918439 0.000378237 -0.00214017
0 0 657 -0.00711394 -0.00448029 -0.000231652 0.00104968
0 0 658 -0.00245032 -0.00254055 -3.1593e-05 0.00232936
0 0 659 0.000887282 0.000499949 0.0040298 -0.00212036
0 0 660 0.0011579 0.00290974 -0.00356079 0.00023984
0 0 661 0.000607645 0.00395894 0.000319967 -0.00485028
0 0 662 0.00271845 9.93086e-05 -5.10162e-05 0.00192994
0 0 663 -0.00537298 0.00223936 -0.00449116 0.00251972
0 0 664 -0.000682294 0.00422868 -0.00623148 0.00134897
0 0 665 0.00509988 -0.00618003 0.000859932 0.00375979
0 0 666 -0.00287429 0.00431991 0.00138824 0.000319063
0 0 667 0.00144656 0.00580942 -0.000251075 0.000469808
0 0 668 -0.00218873 -0.00750096 0.000149043 -0.000480875
0 0 669 0.000282905 0.0016384 0.00178836 -0.00210056
0 0 670 -0.000862705 0.00551985 0.00420849 -7.04529e-05
0 0 671 -0.00158435 -0.00434145 0.00443963 -0.00227001
0 0 672 -0.00436268 -0.00390114 0.00123868 0.00506918
0 0 673 0.00412566 0.00320923 0.00192821 -0.00115097
0 0 674 -0.000754458 0.00147973 0.00553898 -0.00580096
0 0 675 -0.00342454 0.00117826 -0.00186126 0.000179322
0 0 676 0.00289886 -0.00757037 0.00277895 0.00451901
0 0 677 -0.00151218 -0.00497018 0.000358813 0.000749291
0 0 678 -0.00120549 -0.00166192 0.000558873 0.00328995
0 0 679 9.34736e-05 0.000269878 0.0020195 0.00451901
0 0 680 -0.0014761 -5.14273e-05 0.000119908 -0.00138094
0 0 681 0.00512694 -0.00367107 -0.000610405 0.000819712
0 0 682 -0.000691314 0.00456982 -0.00102023 -0.00473034
0 0 683 -0.00612168 0.0046789 -0.00131158 -0.00350017
0 0 684 -0.00135883 0.00470865 0.00266823 0.00104968
0 0 685 0.00267335 0.00310808 0.00215934 -0.00725009
0 0 686 0.000183679 -0.00135053 0.00160967 -3.08411e-05
0 0 687 -0.00238718 0.00109893 0.00377924 0.00196955
0 0 688 -0.00454309 -0.00385156 0.00112991 0.00399966
0 0 689 -0.00517453 0.00111876 -0.000210287 0.000179322
0 0 690 0.00443236 0.00204896 -0.00548175 -0.00296101
0 0 691 0.00160893 0.00110884 0.00527871 -0.00146017
0 0 692 0.000815118 0.00843937 9.19572e-06 0.00137978
0 0 693 0.00226743 -2.16768e-05 -0.000140363 -0.000461069
0 0 694 -0.00549025 0.00478997 0.00405893 -0.00337034
0 0 695 0.00263727 0.00380821 0.00481838 0.00128955
0 0 696 -0.00145806 -0.00080114 -0.000101517 -0.000581005
0 0 697 0.00404447 0.00219969 -0.00105131 0.00342969
0 0 698 -0.000691314 -0.00124145 0.00296929 -0.000461069
0 0 699 -0.00452505 0.00108901 0.000549161 -0.000290518
0 0 700 0.00387308 0.00193987 0.00197871 -0.00410095
0 0 701 -0.00394773 -0.00383173 0.00164851 0.00298956
0 0 702 0.00573132 -0.000650404 0.00353839 -0.000581005
0 0 703 -0.000258328 0.00625965 0.00415994 -0.00463021
0 0 704 0.00193367 0.000618951 0.000669585 0.00151952
0 0 705 -0.0023962 0.00283834 0.00155917 0.00261985
0 0 706 0.007788 0.00652939 -0.0010416 0.0011091
0 0 707 -0.0063923 -0.000590903 0.000378237 -0.00463021
0 0 708 0.00193367 0.00230878 -0.00679087 -0.00250108
0 0 709 -0.00448897 0.00153923 -0.00615185 -0.00196082
0 0 710 -0.00495803 0.00690821 -0.000150075 0.00237998
0 0 711 -0.00354181 -0.00243147 0.000508372 0.000438999
0 0 712 -0.00423639 -0.00345092 -0.00299169 -0.00306004
0 0 713 0.000806097 0.000289712 0.000968702 0.00432976
0 0 714 0.00108573 -0.00204074 0.00289937 0.00214891
0 0 715 -0.00217068 -0.00310185 -0.00174084 -0.00306004
0 0 716 -0.00329825 0.000218311 -0.000301576 0.00130936
0 0 717 0.0024749 0.00224928 -0.00304025 0.00805987
0 0 718 -0.000673273 -0.00286186 0.00468825 0.00394904
0 0 719 -0.00645544 0.00222945 0.000939567 -0.00144036
0 0 720 -0.00174672 0.00470865 0.00317906 0.00668996
0 0 721 0.00620941 0.00174947 -0.00216038 0.0027992
0 0 722 -0.000565026 -0.00323077 0.00207971 -0.000450066
0 0 723 0.0032236 -0.000360833 0.00140961 -0.00564031
0 0 724 0.000923364 -0.00130095 -0.000111228 0.00398976
0 0 725 -0.00164749 -0.00100146 -0.00153106 -0.0035805
0 0 726 0.00517204 -0.00359174 -0.00298004 0.00591973
0 0 727 -0.00226089 0.00281851 0.000329679 0.00827994
0 0 728 -0.00337042 -0.000291415 -0.00265178 -0.00170004
0 0 729 0.00235763 0.00335996 0.00135911 -0.00215007
0 0 730 0.00297103 0.00284826 0.000139331 -0.000610714
0 0 731 -0.00308176 -0.00413121 0.00229919 -0.00242075
0 0 732 0.00389112 0.0055496 -0.00551088 0.00440898
0 0 733 0.00345814 -0.000811057 -0.000540481 0.000108901
0 0 734 0.0041437 0.000519782 -0.00425031 -0.0052508
0 0 735 -0.00145806 -0.00189001 0.0030295 0.00184962
0 0 736 0.00378288 0.00484947 0.00058995 0.00333946
0 0 737 -0.00126863 0.00331831 0.000259755 -5.0647e-05
0 0 738 0.00310634 -0.0022609 -0.000981388 -0.00073065
0 0 739 0.00404447 0.00154915 -0.00213124 0.00255933
0 0 740 0.000869241 -0.00132078 0.000419025 0.00108929
0 0 741 0.00417978 -9.10947e-05 0.00265852 0.00154923
0 0 742 0.000724912 -0.00387139 -0.000571558 -0.000210195
0 0 743 0.00248392 0.00146982 0.000718143 0.00391934
0 0 744 0.00315144 0.00317948 0.00248954 -0.00186069
0 0 745 0.00382798 -0.000531402 0.00121926 0.00474898
0 0 746 -0.00161141 -0.00175117 0.00105999 -0.00180017
0 0 747 0.00171717 0.00549803 -0.00339181 9.89976e-05
0 0 748 0.00687693 0.00321915 -0.00258186 0.00436937
0 0 749 0.000282905 -0.00097171 -0.00507192 -0.000830779
0 0 750 0.00271845 -0.00135053 -0.00033071 0.00281901
0 0 751 0.00457669 0.0016384 0.000158754 0.00340988
0 0 752 0.000932385 0.00221953 0.000679296 0.000619453
0 0 753 -0.00137688 0.00687846 0.000848278 -0.00335053
0 0 754 0.00371973 -0.000101012 0.00177865 0.00493934
0 0 755 0.00285376 0.00286809 0.00517965 0.00274969
0 0 756 -0.00135883 0.00329848 -0.00278192 -0.00557099
0 0 757 -0.000970951 0.00055945 -0.00394148 -0.00180017
0 0 758 -0.00468742 -0.000241831 0.0063198 -0.00744045
0 0 759 -0.00230599 -9.10947e-05 0.00142903 0.0031293
0 0 760 -0.00412814 0.00139841 0.00232833 0.00206968
0 0 761 -0.00292841 -0.0062911 -0.000161729 -0.000121068
0 0 762 0.000553522 -0.000130762 -0.00318009 0.00376969
0 0 763 0.00036409 -0.00237197 0.000988125 0.000699777
0 0 764 -0.00243228 0.00038888 0.00897883 -0.00250108
0 0 765 -0.00496705 0.00265984 -0.00232159 0.000369678
0 0 766 -0.00719513 -0.000561153 -0.00202053 0.00216981
0 0 767 -0.00444386 -0.00447037 -0.00253136 -0.0032405
0 0 768 -0.000754458 -1.84314e-06 -0.00299169 0.0031194
0 0 769 -0.00597736 -0.00557114 -0.00306161 0.00146891
0 0 770 0.00631765 0.000228227 0.00226811 0.000299257
0 0 771 8.44531e-05 -0.00144177 -0.00935085 8.90946e-05
0 0 772 0.00199681 0.00299899 0.0029285 -0.00720058
0 0 773 0.000282905 -0.0023204 -0.000750252 -0.00237014
0 0 774 -9.59579e-05 0.00111876 0.000349102 0.00565895
0 0 775 -0.00156631 0.00127941 0.00202921 0.000558935
0 0 776 -0.00465134 -0.0012712 0.00200979 -0.00443105
0 0 777 -0.0064374 0.00188831 0.00419878 0.0064897
0 0 778 -0.00100703 -0.00193166 0.000358813 0.000649162
0 0 779 0.00540658 0.00412951 -0.00058127 0.0048095
0 0 780 -0.000375595 0.00198946 -0.00393177 0.00341979
0 0 781 0.00129321 0.000829188 -0.00215067 0.00878939
0 0 782 -0.00347866 0.000289712 0.000459814 0.00123894
0 0 783 -0.00662684 -0.000241831 0.00482809 0.00635986
0 0 784 0.00249294 0.00168997 0.000578296 0.00375979
0 0 785 0.00558699 0.00478997 -0.00135043 0.00230956
0 0 786 0.00845552 -0.000991544 -5.10162e-05 0.00126975
0 0 787 0.00291691 0.00627948 -0.000940599 -0.00265072
0 0 788 0.00258315 0.00539887 -0.00537103 0.001119
0 0 789 -0.000826622 -0.00298086 -0.00209045 -0.00163072
0 0 790 0.00801352 0.000218311 -0.00159128 -0.00217098
0 0 791 -0.00530081 -0.00317126 -0.00370064 0.00119933
0 0 792 -0.00115136 0.00270942 0.00184857 -0.00399092
0 0 793 -0.00124157 -0.00175117 0.00195929 -0.00345066
0 0 794 -0.000231266 0.00142816 -0.00074054 0.0115193
0 0 795 -0.000565026 -0.00299078 -0.00288098 -0.00410095
0 0 796 -0.00245032 -0.00324068 -0.00237015 9.87104e-06
0 0 797 -0.00135883 0.00352855 0.0026896 -0.00016068
0 0 798 0.000264864 -0.000170429 -0.00257021 -0.00110036
0 0 799 0.00324165 0.00219969 -0.00556138 0.00675928
0 0 800 -0.000925848 -0.00547197 0.00427842 -0.00386108
0 0 801 0.00200583 -0.00134062 -0.000111228 0.00195965
0 0 802 0.00486534 0.0024496 0.000119908 0.0103992
0 0 803 -0.000474821 -0.0040618 -0.00218174 0.00285972
0 0 804 0.00503673 0.00127941 -0.000140363 0.000129807
0 0 805 -0.000844663 0.00113859 -0.00243036 0.00172968
0 0 806 0.00802254 -0.0064815 0.00725988 -0.00033013
0 0 807 0.00458571 0.0064798 0.000778355 -0.00332082
0 0 808 -0.00269388 -0.0044307 -0.00257021 0.00751961
0 0 809 0.000174659 0.00672971 -0.00170005 0.00332956
0 0 810 -0.000312451 -0.00202091 -0.000480269 -0.000930909
0 0 811 -0.000592088 -0.00651126 -0.00374143 -0.00172094
0 0 812 0.000887282 -0.00675124 -0.000530769 0.00460924
0 0 813 -0.00450701 0.000119142 0.00192821 8.90946e-05
0 0 814 0.00479318 0.00223936 -0.00273142 0.00542899
0 0 815 0.00215918 0.000829188 0.00414828 -0.00346056
0 0 816 -0.000177143 0.00336988 -0.00262071 0.000218933
0 0 817 -0.00363201 5.96413e-05 0.00554869 0.00370917
0 0 818 0.00309732 0.00347897 0.0033092 -0.00148107
0 0 819 -0.000727396 0.00308824 0.00216906 0.00106949
0 0 820 0.00419782 0.000618951 -0.00146114 -0.00389079
0 0 821 -0.00288331 -0.00461119 0.00448819 0.000719583
0 0 822 0.000770015 0.00643815 0.00283916 0.00157894
0 0 823 -0.00805208 0.000238144 -0.00272171 -0.000750456
0 0 824 0.00230351 -0.00142193 0.00109884 -0.00239104
0 0 825 0.000472337 0.00204896 -0.00559052 0.00470937
0 0 826 0.00351226 0.000238144 -0.012041 0.00180891
0 0 827 0.00328675 0.00382804 -0.00172141 0.00240969
0 0 828 0.00103161 -0.00197133 -0.00222059 0.000519323
0 0 829 -0.000943889 0.00235836 0.00367824 0.00201907
0 0 830 0.00468493 0.000728036 -0.002611 0.0048194
0 0 831 0.00135635 0.00161857 -0.0038502 0.00119933
0 0 832 0.00243882 0.00179905 0.000248101 0.00115971
0 0 833 -0.00452505 -0.00592021 -0.00119116 -0.0059407
0 0 834 -0.000492862 -0.000471901 0.00349955 -8.03558e-05
0 0 835 0.00277258 -0.00461119 -0.00230022 0.00720932
0 0 836 8.44531e-05 0.00171972 0.00171844 -0.0052607
0 0 837 -0.00155729 -0.00273096 0.000599661 -0.00100023
0 0 838 -0.00478664 0.00265984 -0.00240122 -0.00180017
0 0 839 0.00332283 0.00188831 0.00175923 -0.00320089
0 0 840 0.00499163 1.99739e-05 -0.00142035 -0.00531021
0 0 841 0.000255844 -0.00166192 -0.000940599 -0.000540293
0 0 842 -0.00238718 0.000309546 -0.00106102 -0.00603093
0 0 843 -0.000700335 0.00379829 -0.00618098 0.00130936
0 0 844 0.00390917 0.00207871 -0.00022194 -0.00544005
0 0 845 -0.00570674 -0.00311176 -0.00569152 -0.00648096
0 0 846 -0.00102507 -0.0013307 0.00146982 -0.00196082
0 0 847 -7.79168e-05 -0.00277062 -0.00107073 0.00374989
0 0 848 0.0030883 -0.000900309 0.000679296 0.000859324
0 0 849 0.00507282 0.000698286 -0.00181076 -0.000880294
0 0 850 0.000499398 0.000238144 0.00278866 0.00301927
0 0 851 -0.00226089 -0.00277062 -0.00500005 -0.00237014
0 0 852 -0.000736417 0.000238144 -0.000561847 -0.0113202
0 0 853 0.000634707 -0.00349059 -0.00872154 -0.00135013
0 0 854 -0.000528944 0.00259835 0.00271873 0.00469947
0 0 855 -0.00148512 -0.00382181 -0.00196032 0.00362995
0 0 856 0.00977252 -0.000981627 0.00291879 -0.00364102
0 0 857 -0.0018279 0.000638785 0.000778355 0.000419193
0 0 858 0.000824138 0.00035913 0.00287995 -0.00218088
0 0 859 0.00213212 -0.00469052 0.00229919 0.00134897
0 0 860 -0.000943889 0.000248061 0.00232833 0.00226994
0 0 861 -0.00130471 -0.000880475 -0.00376085 -0.00370043
0 0 862 -0.00186399 -0.000930059 0.00228948 0.00394904
0 0 863 0.00376484 0.00755875 0.000669585 -0.0018904
0 0 864 -9.59579e-05 0.00182881 -0.000241364 -0.00855068
0 0 865 0.0032236 -0.00311176 0.00178836 -0.00116088
0 0 866 -0.00372222 -0.00223115 -0.000460846 -0.00147007
0 0 867 0.00625451 0.00166815 0.000308313 -0.00289059
0 0 868 0.00358443 0.0032489 0.00138824 0.0027794
0 0 869 0.00147362 -0.00117005 0.00209913 -0.00263092
0 0 870 -0.00150316 0.0108293 0.00244875 -0.00182107
0 0 871 0.0012481 0.00426835 -0.00337044 -0.000840682
0 0 872 0.00431509 0.00193987 0.00281973 0.00636977
0 0 873 0.00306123 -0.00212008 -0.00132129 0.00254943
0 0 874 0.00490143 0.00104934 0.0107891 0.00137978
0 0 875 0.00239371 0.000658618 0.00461832 -0.0022304
0 0 876 0.00493751 0.00035913 -0.00250028 -0.00147007
0 0 877 0.00230351 -0.00167184 0.00236912 0.00158994
0 0 878 -0.00433562 -0.00467069 -0.00753089 -0.000740553
0 0 879 0.0018164 0.00319931 -0.00155049 0.0024394
0 0 880 -0.000104978 -0.0025108 0.00494852 -0.00269033
0 0 881 -0.00748379 0.00397878 -0.000470558 -0.00131052
0 0 882 -0.0105327 -0.00117005 0.00180973 0.00219952
0 0 883 -0.000393636 0.000468215 -0.000501635 0.00124994
0 0 884 -0.00116038 0.00120999 -0.000350134 6.92887e-05
0 0 885 -0.00863842 -0.0030602 0.00214963 -0.00336043
0 0 886 0.00142851 -0.00188009 -0.00374143 0.00264956
0 0 887 -0.00212558 0.00246943 0.00074922 0.00103978
0 0 888 -0.00548123 0.000109225 -0.00174084 -0.00283008
0 0 889 0.00250196 -0.00238188 0.000108254 -0.000770261
0 0 890 0.000111515 0.00140833 0.000689008 -0.00108055
0 0 891 -0.00517453 -0.00162027 0.00146982 0.000549032
0 0 892 -0.00433562 0.00398869 -0.00499034 -0.00487008
0 0 893 0.00229449 0.000579284 -0.000390922 -0.00385008
0 0 894 -0.00130471 -0.00128112 -0.00359187 -0.000801071
0 0 895 0.000968467 -0.00128112 0.000139331 -0.00390069
0 0 896 -0.00785363 -0.000860641 0.000228678 -1.10352e-05
0 0 897 -0.00343356 -0.00372066 0.00304893 -0.000150777
0 0 898 -0.0077544 0.00109893 -0.0016107 0.000919842
0 0 899 0.000824138 -0.000590903 -0.00188068 0.00495915
0 0 900 -0.00646447 -0.00163019 0.00329949 -0.00184088
0 0 901 -0.001431 0.0014599 -0.000460846 0.00271998
0 0 902 -0.00618483 -0.00364132 -0.00340152 -0.00499002
0 0 903 0.00194269 0.00384986 -0.00303054 -0.00266062
0 0 904 -0.00199027 -0.00209033 -0.00134072 -0.00467092
0 0 905 -0.00661781 0.000519782 0.0015883 0.000639259
0 0 906 -0.00172868 0.00243968 -0.0066316 0.0041394
0 0 907 -0.004065 -0.00186026 0.00324899 -0.000320227
0 0 908 -0.00469644 0.00360987 0.000708431 0.00131926
0 0 909 -0.000691314 0.00853854 0.000218966 -0.00116088
0 0 910 0.00337695 0.00494864 -0.00439016 0.00505928
0 0 911 0.00184346 0.000208394 9.85425e-05 -0.00587028
0 0 912 0.00183444 0.00314973 0.00167959 -0.0029203
0 0 913 -0.0038034 -0.00263179 -0.00243036 0.00148981
0 0 914 -0.00338846 -0.00529148 -0.00012094 -0.00632032
0 0 915 -0.00359593 0.0043695 0.00219819 1.9774e-05
0 0 916 -0.0023511 -0.00230057 -0.00236044 0.00316891
0 0 917 -0.00309078 0.00375862 0.000879355 0.00070968
0 0 918 0.000309967 0.00291966 -0.00410076 -0.000490778
0 0 919 -0.00240522 -0.00806027 0.000399602 -0.00503073
0 0 920 -0.00473252 0.00160865 0.00556812 -0.00445086
0 0 921 -0.00646447 -0.00372066 0.00208942 -0.00364102
0 0 922 -0.00151218 -0.00174126 0.00290908 -0.00208075
0 0 923 0.00503673 -0.00376032 0.00178836 -0.00310076
0 0 924 0.00194269 -0.00124145 -0.00133101 0.00251972
0 0 925 0.00292593 -0.00631094 -0.000540481 0.00468957
0 0 926 0.00501869 -0.00118195 -0.00277027 -0.00172094
0 0 927 -0.000357554 -0.00161035 0.00146982 -0.00443105
0 0 928 -0.00324413 -0.00097171 0.00178836 0.000589744
0 0 929 0.0044053 -0.00163019 -0.00117174 -0.00477105
0 0 930 0.00556895 0.00131908 -0.00472036 0.00105958
0 0 931 -0.000393636 0.000829188 0.00393851 -0.00503073
0 0 932 -0.000276369 -0.00652117 -0.0039007 0.0031392
0 0 933 0.0096733 0.00181889 -0.00210016 -0.00105085
0 0 934 0.0064259 -0.00421055 -0.00154078 -0.00220069
0 0 935 -0.00388459 0.000819271 0.00638972 -0.00407014
0 0 936 -0.00808816 0.00440917 0.000958991 -0.00396011
0 0 937 -0.00262171 -0.00173134 0.00122897 -0.00645015
0 0 938 0.00129321 0.00212829 0.00137853 -1.10352e-05
0 0 939 0.00503673 0.000628868 0.00229919 0.00600996
0 0 940 -0.00511138 -0.00916103 -0.0016612 0.000459905
0 0 941 -0.01065 0.000398797 0.00079972 0.00138968
0 0 942 -0.00162043 0.000309546 -0.000460846 0.0027794
0 0 943 0.00553286 0.000428548 0.00110855 0.00308969
0 0 944 -0.00401088 -0.00144177 -0.00134072 0.000739388
0 0 945 -0.00547221 0.00221953 0.00215934 0.00309959
0 0 946 0.00343108 0.00110884 -0.00217009 0.00438918
0 0 947 -0.00294645 0.00303866 -3.1593e-05 -0.00112017
0 0 948 -0.00202636 -0.00268137 -0.00456109 -0.000340033
0 0 949 0.00232155 -0.000160513 -0.00121058 0.00174949
0 0 950 -0.00292841 0.00401844 0.00607895 -0.00043026
0 0 951 -0.0096848 0.00142816 0.00294987 -0.000970521
0 0 952 -0.00633818 0.00226911 -0.000390922 -0.000270713
0 0 953 -0.00610364 -0.00166192 -0.00511076 -0.00235033
0 0 954 -0.00170162 -0.0013307 0.00272844 -0.000780164
0 0 955 -0.00156631 -0.00420063 -0.00430081 -0.00385008
0 0 956 0.00167207 -0.00274087 -0.00249057 0.00326904
0 0 957 0.00580348 -0.00748112 0.00205834 -0.00130062
0 0 958 0.00381896 -0.00213198 -0.00183018 0.00308969
0 0 959 -0.00683431 0.00310808 0.0025886 -0.0022403
0 0 960 -0.0057789 0.00211838 0.000488949 0.00157894
0 0 961 0.000616665 -0.00458144 0.000968702 0.00501966
0 0 962 -0.0034516 -0.00558106 0.00333833 -0.000110065
0 0 963 0.00020172 0.00181889 0.00044816 -0.00373014
0 0 964 0.00144656 0.00158882 0.00361997 0.00169997
0 0 965 0.00319654 0.00325881 -0.00205161 -0.00314037
0 0 966 0.0025651 0.00431991 -0.00102023 0.00484911
0 0 967 -0.000700335 0.00236828 -0.00285184 0.00316891
0 0 968 0.000634707 0.00664839 0.00362968 0.0034495
0 0 969 0.00423391 -0.00432162 0.000549161 0.00667896
0 0 970 -0.00471448 -0.00320101 -0.000730828 0.00975988
0 0 971 0.00490143 -0.00392098 -0.00466014 0.00528924
0 0 972 0.00069785 0.00169989 -0.000550193 0.00500976
0 0 973 -0.001431 -0.000890392 0.00447848 0.000649162
0 0 974 0.00138341 -0.000180346 0.00251867 -0.00625099
0 0 975 0.00553286 -0.00279046 -0.00208074 -0.000200292
0 0 976 -0.0030547 0.0025091 -0.00017144 0.00630925
0 0 977 -0.00109724 0.00405811 0.0061683 -0.00316017
0 0 978 0.00486534 -0.00168176 0.00327812 0.00272988
0 0 979 -0.00549025 0.000168726 -0.00185155 -0.00281027
0 0 980 0.00274551 0.00178914 -0.0016612 0.000599647
0 0 981 0.00195171 -0.0045616 0.00453869 -0.000680035
0 0 982 -0.00424541 -0.000101012 -0.00317038 0.000539129
0 0 983 -0.00436268 0.00171972 0.00313827 0.00165926
0 0 984 -0.00231501 -0.00457152 -0.00279163 -0.00186069
0 0 985 0.00105867 -0.00265162 -0.000880387 0.00583941
0 0 986 0.00275454 -0.00669174 0.00257889 0.000959454
0 0 987 0.00433313 0.00685862 0.000358813 0.000558935
0 0 988 -0.000727396 0.00451825 -0.00257021 0.0071499
0 0 989 -0.00413716 0.00310808 -0.00646068 0.000179322
0 0 990 -0.00321707 -0.000430251 0.00963922 -0.0108009
0 0 991 0.000282905 0.00371895 -0.000181152 -0.00182107
0 0 992 0.00265531 0.00751909 -0.00177191 -0.00233053
0 0 993 0.00220428 -0.00189001 -0.00640046 0.00197946
0 0 994 0.00321458 -0.000340999 0.00288966 0.00305998
0 0 995 0.000724912 0.000809354 0.00585947 0.00285972
0 0 996 9.34736e-05 0.00623981 0.00154946 -0.00341105
0 0 997 0.00121202 -0.00237197 -0.00358021 0.00724893
0 0 998 -0.00278408 -0.0022609 -0.000620116 0.00325914
0 0 999 -0.00423639 -0.00215181 -0.00207103 0.00402937
0 0 1000 0.0017713 -0.00748112 0.00187965 -0.0015801
0 0 1001 0.00389112 -0.00384164 0.000139331 9.89976e-05
0 0 1002 0.00490143 -0.000820974 0.00108913 -0.00170004
0 0 1003 -0.000447759 -0.00687024 0.00126976 -0.00509015
0 0 1004 0.00474808 -0.00224107 0.000409314 -0.00162081
0 0 1005 0.00353932 0.000789521 -0.00499034 -0.00302043
0 0 1006 0.00194269 -0.000150596 -0.000841541 -0.000921006
0 0 1007 0.000905323 0.00536912 -0.00284019 0.00229965
0 0 1008 0.0022133 0.0013885 0.00334999 -0.00265072
0 0 1009 0.00349422 0.00148965 0.00497959 0.00499986
0 0 1010 0.0048022 0.000289712 0.00287995 0.000939648
0 0 1011 0.00405349 0.00336988 -0.00108045 0.00705967
0 0 1012 0.00353932 -0.000930059 -0.00310046 -1.10352e-05
0 0 1013 0.00392721 -0.00104113 -0.00495149 -0.00336043
0 0 1014 0.00193367 -0.00240172 -0.00581194 -0.00499002
0 0 1015 0.00106769 0.00543853 -0.00181076 -0.00599022
0 0 1016 -0.00199027 0.00129925 0.00477954 0.00398976
0 0 1017 -0.00662684 0.00507954 0.00326841 0.00562925
0 0 1018 -0.00190007 -0.00289161 0.00345876 0.000319063
0 0 1019 -0.00623895 0.00759842 0.00169901 0.00809948
0 0 1020 -0.00296449 -1.176e-05 -0.00465043 -0.00231072
0 0 1021 -0.00312686 -0.00367107 -0.00218174 -0.000840682
0 0 1022 -0.00325315 -0.00057107 0.00211856 -0.00106075
0 0 1023 0.00223134 0.00114851 0.00342962 0.00770997
