0 0 0 0.0281787
0 0 1 -0.0123322
0 0 2 -0.0031599
0 0 3 0.00173524
0 0 4 -0.0389708
0 0 5 -0.0289529
0 0 6 -0.00699795
0 0 7 -0.029701
0 0 8 -0.0170159
0 0 9 0.0732758
0 0 10 0.0847899
0 0 11 0.00302001
0 0 12 -0.0240577
0 0 13 -0.0122183
0 0 14 -0.0133893
0 0 15 0.0271216
0 0 16 0.0580212
0 0 17 0.0207141
0 0 18 -0.0311972
0 0 19 -0.00348516
0 0 20 0.00877708
0 0 21 -0.027473
0 0 22 0.00409336
0 0 23 0.0142089
0 0 24 -0.0148855
0 0 25 0.0106961
0 0 26 0.0466209
0 0 27 0.0314801
0 0 28 0.00227191
0 0 29 -0.000281363
0 0 30 -0.00454225
0 0 31 -0.0307743
0 0 32 0.00505287
0 0 33 0.0198684
0 0 34 -0.0267249
0 0 35 -0.0408899
0 0 36 -0.0145602
0 0 37 0.0510932
0 0 38 0.0175265
0 0 39 -0.0394099
0 0 40 0.00227191
0 0 41 0.0348953
0 0 42 0.0082404
0 0 43 0.0108099
0 0 44 0.0416119
0 0 45 0.035432
0 0 46 0.0164532
0 0 47 -0.0292781
0 0 48 -0.038239
0 0 49 0.00793141
0 0 50 0.035432
0 0 51 0.0314801
0 0 52 0.0207141
0 0 53 0.0306344
0 0 54 0.0969383
0 0 55 0.183815
0 0 56 0.215153
0 0 57 0.180839
0 0 58 0.143727
0 0 59 0.235726
0 0 60 0.488273
0 0 61 0.79613
0 0 62 0.99953
0 0 63 0.842918
0 0 64 0.417594
0 0 65 0.137872
0 0 66 0.0062238
0 0 67 -0.0186097
0 0 68 0.0393676
0 0 69 0.026585
0 0 70 0.0280812
0 0 71 0.0263736
0 0 72 0.0399043
0 0 73 0.0454499
0 0 74 -0.00465609
0 0 75 0.0212507
0 0 76 0.0432057
0 0 77 0.0164532
0 0 78 -0.0309857
0 0 79 -0.0224477
0 0 80 0.0139975
0 0 81 -0.0294896
0 0 82 -0.0296034
0 0 83 0.00217434
0 0 84 0.0258369
0 0 85 0.033513
0 0 86 0.0345701
0 0 87 0.0414981
0 0 88 0.0258369
0 0 89 -0.0193578
0 0 90 -0.0389708
0 0 91 0.00910234
0 0 92 0.0169898
0 0 93 0.0178355
0 0 94 0.0369282
0 0 95 0.068153
0 0 96 0.0665592
0 0 97 0.0274306
0 0 98 0.0467347
0 0 99 0.060054
0 0 100 0.0232836
0 0 101 0.0219988
0 0 102 0.0362777
0 0 103 0.0220964
0 0 104 0.0180469
0 0 105 0.0419372
0 0 106 0.0683644
0 0 107 0.0564274
0 0 108 0.0550451
0 0 109 0.080838
0 0 110 0.0472551
0 0 111 0.00728089
0 0 112 -0.00657511
0 0 113 -0.0189349
0 0 114 -0.0183982
0 0 115 -0.0117955
0 0 116 -0.0279934
0 0 117 -0.00252564
0 0 118 0.0550451
0 0 119 0.0694377
0 0 120 0.0411891
0 0 121 -0.00550176
0 0 122 -0.0464355
0 0 123 -0.0321567
0 0 124 0.0294635
0 0 125 -0.00912839
0 0 126 -0.06626
0 0 127 -0.0171297
