0 0 0 1.97428
0 0 1 2.3451
0 0 2 2.80213
0 0 3 2.87988
0 0 4 2.68262
0 0 5 2.45581
0 0 6 1.33045
0 0 7 0.701505
0 0 8 0.10886
0 0 9 0.149949
0 0 10 0.0388857
0 0 11 0.0509858
0 0 12 0.0132954
0 0 13 -0.0637845
0 0 14 0.100776
0 0 15 0.0943915
0 0 16 -0.494495
0 0 17 -0.11893
0 0 18 0.180225
0 0 19 -0.254914
0 0 20 -0.151265
0 0 21 -0.0139426
0 0 22 -0.0102354
0 0 23 -0.054362
0 0 24 -0.0186797
0 0 25 -0.187926
0 0 26 0.123998
0 0 27 0.208492
0 0 28 0.211839
0 0 29 -0.0940604
0 0 30 -0.056679
0 0 31 0.145572
0 0 32 0.121321
0 0 33 0.435304
0 0 34 0.0698309
0 0 35 0.039864
0 0 36 -0.199717
0 0 37 -0.104152
0 0 38 -0.283182
0 0 39 -0.487441
0 0 40 -0.163056
0 0 41 -0.0644539
0 0 42 -0.0324789
0 0 43 0.022409
0 0 44 -0.0472564
0 0 45 -0.338379
0 0 46 -0.332663
0 0 47 0.0237478
0 0 48 -0.185609
0 0 49 -0.128352
0 0 50 -0.0920523
0 0 51 0.114575
0 0 52 0.119621
0 0 53 0.104483
0 0 54 -0.054362
0 0 55 -0.0839685
0 0 56 0.0906842
0 0 57 -0.117591
0 0 58 0.0143252
0 0 59 -0.234061
0 0 60 -0.0842774
0 0 61 0.259982
0 0 62 -0.00889664
0 0 63 0.0526849
0 0 64 -0.0398934
0 0 65 0.17178
0 0 66 0.13548
0 0 67 0.116275
0 0 68 0.0119566
0 0 69 -0.156311
0 0 70 0.102166
0 0 71 -0.0967379
0 0 72 0.138158
0 0 73 -0.220931
0 0 74 0.0923834
0 0 75 -0.182571
0 0 76 -0.0778927
0 0 77 -0.154973
0 0 78 0.0614381
0 0 79 -0.0102354
0 0 80 0.145212
0 0 81 0.254936
0 0 82 0.106852
0 0 83 -0.261299
0 0 84 0.000525956
0 0 85 0.213538
0 0 86 0.182593
0 0 87 -0.0368555
0 0 88 0.00691067
0 0 89 -0.0647628
0 0 90 -0.0916919
0 0 91 -0.0570394
0 0 92 0.0762157
0 0 93 -0.0318095
0 0 94 0.214568
0 0 95 0.104175
0 0 96 -0.303057
0 0 97 0.000834894
0 0 98 0.243505
0 0 99 0.28758
0 0 100 0.0721995
0 0 101 0.298702
0 0 102 -0.0267635
0 0 103 0.421865
0 0 104 0.182902
0 0 105 -0.0264031
0 0 106 0.183932
0 0 107 -0.139165
0 0 108 0.0314712
0 0 109 -0.00724897
0 0 110 0.0264252
0 0 111 0.022409
0 0 112 0.120342
0 0 113 0.130074
0 0 114 0.255245
0 0 115 0.247882
0 0 116 -0.17181
0 0 117 0.100107
0 0 118 0.499563
0 0 119 0.24953
0 0 120 -0.287867
0 0 121 -0.418136
0 0 122 0.100107
0 0 123 0.329647
0 0 124 -0.175157
0 0 125 0.282534
0 0 126 -0.141843
0 0 127 -0.131751
0 0 128 0.47804
0 0 129 0.145212
0 0 130 0.199739
0 0 131 0.0486172
0 0 132 0.208801
0 0 133 0.167455
0 0 134 0.0886761
0 0 135 0.000834894
0 0 136 -0.00657961
0 0 137 -0.189265
0 0 138 0.0523245
0 0 139 -0.0301104
0 0 140 0.244844
0 0 141 -0.252236
0 0 142 -0.0947298
0 0 143 -0.00354172
0 0 144 0.316518
0 0 145 0.144542
0 0 146 0.180894
0 0 147 0.327639
0 0 148 -0.276128
0 0 149 -0.000812773
0 0 150 0.0382163
0 0 151 0.0688526
0 0 152 0.161379
0 0 153 0.209162
0 0 154 0.0331704
0 0 155 0.30071
0 0 156 0.188617
0 0 157 -0.0321184
0 0 158 0.181203
0 0 159 0.10989
0 0 160 0.400291
0 0 161 0.298702
0 0 162 0.0557228
0 0 163 0.0509858
0 0 164 0.258952
0 0 165 0.208492
0 0 166 -0.0284112
0 0 167 -0.0523024
0 0 168 -0.0842774
0 0 169 -0.0368555
0 0 170 0.0829608
0 0 171 -0.160688
0 0 172 -0.0839685
0 0 173 -0.0772233
0 0 174 0.131104
0 0 175 0.228007
0 0 176 0.13409
0 0 177 0.41512
0 0 178 -0.139474
0 0 179 -0.00184257
0 0 180 0.182902
0 0 181 -0.192663
0 0 182 0.201438
0 0 183 0.355238
0 0 184 -0.0485951
0 0 185 -0.220931
0 0 186 -0.128044
0 0 187 0.14722
0 0 188 0.0651454
0 0 189 0.0755463
0 0 190 0.0321406
0 0 191 0.0822914
0 0 192 -0.0899927
0 0 193 0.109529
0 0 194 -0.148897
0 0 195 0.139496
0 0 196 -0.200747
0 0 197 -0.0432402
0 0 198 -0.292244
0 0 199 -0.124697
0 0 200 0.381806
0 0 201 -0.239416
0 0 202 -0.0331482
0 0 203 0.216576
0 0 204 0.277128
0 0 205 0.188617
0 0 206 -0.0476168
0 0 207 0.101446
0 0 208 0.117304
0 0 209 0.0927438
0 0 210 0.00284299
0 0 211 -0.0546709
0 0 212 0.230015
0 0 213 0.427581
0 0 214 0.231354
0 0 215 -0.0540015
0 0 216 -0.101475
0 0 217 0.0432623
0 0 218 0.297672
0 0 219 -0.083608
0 0 220 -0.112906
0 0 221 0.0630858
0 0 222 0.115245
0 0 223 -0.0533322
0 0 224 0.104483
0 0 225 0.143513
0 0 226 -0.162387
0 0 227 -0.14452
0 0 228 -0.266036
0 0 229 0.0890366
0 0 230 0.037547
0 0 231 0.0701914
0 0 232 0.076885
0 0 233 0.38953
0 0 234 0.017672
0 0 235 0.0270946
0 0 236 0.157672
0 0 237 0.244844
0 0 238 -0.0873153
0 0 239 -0.276128
0 0 240 -0.0327878
0 0 241 0.386183
0 0 242 0.129044
0 0 243 -0.197349
0 0 244 -0.151265
0 0 245 0.0721995
0 0 246 0.0664841
0 0 247 0.149279
0 0 248 -0.0364951
0 0 249 0.0731778
0 0 250 0.112928
0 0 251 0.272082
0 0 252 0.0408938
0 0 253 -0.0220265
0 0 254 0.702175
0 0 255 1.23391
