0 0 0 0.763707 -6.63768 -0.797033 7.1859
0 0 1 -0.794239 -4.8855 2.70598 4.65728
0 0 2 -2.35219 5.02883 6.98637 3.10094
0 0 3 -6.63105 3.86658 11.0652 6.01864
0 0 4 -7.99152 -2.35849 4.84618 2.12866
0 0 5 -4.10762 -13.6376 6.78483 4.65728
0 0 6 -1.95721 -16.7457 0.757729 6.99092
0 0 7 -4.30511 -10.7232 -0.988979 3.29591
0 0 8 -0.991726 -2.93961 5.43161 1.35136
0 0 9 -0.596753 5.02883 11.2668 -0.983152
0 0 10 3.48463 10.8665 18.8486 -5.65044
0 0 11 7.36852 5.81247 13.7909 -3.31679
0 0 12 15.3338 3.86658 14.9617 -7.98408
0 0 13 19.0422 10.6728 13.2054 -8.56814
0 0 14 12.6129 4.64141 -0.797033 -2.53863
0 0 15 -1.18921 9.89794 1.9286 -5.06724
0 0 16 -3.91013 1.33957 -0.988979 -1.76046
0 0 17 -1.18921 -7.2188 -0.988979 6.21275
0 0 18 1.53171 -3.13332 5.62356 6.79681
0 0 19 2.89217 -0.218897 -0.403544 0.378211
0 0 20 -0.991726 4.4477 0.565783 -4.09496
0 0 21 3.68211 8.72689 10.4894 -1.95543
0 0 22 3.8796 7.16842 3.87685 -1.37224
0 0 23 -0.0262375 5.42505 2.12055 8.15817
0 0 24 -5.09505 -1.58366 3.29142 13.4095
0 0 25 2.12417 -3.71445 8.14765 4.26819
0 0 26 10.0675 -5.46662 13.0135 -1.76046
0 0 27 12.6129 3.86658 0.757729 -11.68
0 0 28 9.12396 3.86658 6.78483 -11.8741
0 0 29 6.60052 -3.91696 11.6507 -13.8186
0 0 30 12.4154 1.72699 -0.988979 -4.09496
0 0 31 4.6476 0.168519 -5.85481 -1.56635
0 0 32 0.763707 -4.69179 1.53511 -9.73453
0 0 33 5.41561 1.53328 2.31249 -15.18
0 0 34 6.95161 16.1142 9.12657 -2.7336
0 0 35 -1.18921 21.5644 8.54114 6.21275
0 0 36 1.7292 5.23134 -2.54374 8.93548
0 0 37 6.77607 -0.0251891 -8.77239 5.43545
0 0 38 1.7292 5.02883 -2.3518 3.49002
0 0 39 2.32165 6.78101 3.48336 1.54547
0 0 40 10.0675 3.28546 0.959272 3.49002
0 0 41 13.2053 -2.74591 -5.46132 0.767296
0 0 42 4.25263 -5.85404 -8.96433 3.685
0 0 43 -7.02603 5.23134 -6.63219 1.73958
0 0 44 -6.85048 16.7041 -1.76636 -5.06724
0 0 45 -4.87562 10.0917 4.45269 -2.7336
0 0 46 5.61309 8.53318 1.34316 -6.81769
0 0 47 1.7292 4.4477 -7.01608 -8.95722
0 0 48 -2.54967 6.97471 0.565783 -2.14954
0 0 49 -1.95721 11.6413 15.9311 -1.56635
0 0 50 1.53171 8.33947 14.9617 -8.56814
0 0 51 1.53171 2.50182 8.14765 -3.31679
0 0 52 -1.18921 -0.800021 2.70598 3.10094
0 0 53 -4.87562 2.69553 7.76376 6.60184
0 0 54 -7.421 -8.38985 1.9286 8.93548
0 0 55 -5.27059 -8.38985 -3.12918 7.9632
0 0 56 1.7292 -0.218897 -3.32112 2.71272
0 0 57 -2.35219 8.9206 -2.73569 4.26819
0 0 58 -0.399267 17.479 0.172294 0.378211
0 0 59 5.02063 15.1457 8.92503 -2.92771
0 0 60 6.00806 10.8665 7.76376 3.10094
0 0 61 -0.991726 5.02883 7.17832 7.38001
0 0 62 -5.66557 3.86658 13.3974 10.1027
0 0 63 -2.74716 2.50182 7.37027 3.87911
0 0 64 -4.30511 10.2854 1.53511 0.767296
0 0 65 -7.59654 3.28546 0.959272 5.82453
0 0 66 -11.5024 -0.0251891 -4.30005 4.07408
0 0 67 -3.91013 -4.69179 -8.96433 -4.67816
0 0 68 -7.99152 1.9207 -4.30005 -2.14954
0 0 69 -13.4334 14.7583 9.70241 -0.399092
0 0 70 -9.74695 10.4791 4.84618 3.685
0 0 71 -2.74716 -0.0251891 -7.60152 4.26819
0 0 72 7.56601 -5.46662 -13.0432 4.07408
0 0 73 3.8796 -3.13332 -14.406 13.4095
0 0 74 1.92668 0.952156 -2.73569 8.35228
0 0 75 -0.596753 2.30811 -1.57441 1.73958
0 0 76 -3.31767 1.33957 2.12055 1.15638
0 0 77 -9.54946 0.952156 4.65423 -1.95543
0 0 78 -12.4898 1.14586 1.15122 -2.14954
0 0 79 -5.46808 3.47916 -1.57441 0.184102
0 0 80 0.566221 4.254 -2.93723 0.573187
0 0 81 -0.399267 3.28546 0.172294 2.12866
0 0 82 0.961194 -1.38115 7.17832 5.43545
0 0 83 -3.14213 -1.18744 0.172294 3.29591
0 0 84 -1.58418 -5.46662 4.65423 1.93455
0 0 85 2.12417 -10.7232 2.12055 1.73958
0 0 86 -1.58418 -1.77737 6.20899 3.10094
0 0 87 -4.10762 9.70424 1.73665 2.90683
0 0 88 -6.85048 10.8665 -6.04675 -2.53863
0 0 89 -3.14213 9.50172 -8.18695 -5.84541
0 0 90 -0.0262375 -5.07921 -7.40957 -1.17726
0 0 91 -8.78146 -0.800021 -3.71461 -3.89999
0 0 92 -8.189 0.758448 -0.797033 -7.98408
0 0 93 -5.09505 -3.91696 -2.3518 -9.73453
0 0 94 -8.60592 -9.5521 -3.32112 -9.73453
0 0 95 -10.3614 -11.6917 7.9557 -3.89999
0 0 96 -9.15449 -13.2502 9.90395 -0.399092
0 0 97 -4.30511 -13.6376 6.59289 3.87911
0 0 98 -4.67813 -4.11067 5.43161 2.90683
0 0 99 -0.794239 -0.606313 4.0688 -0.983152
0 0 100 -2.74716 -1.77737 0.565783 -6.42861
0 0 101 -8.38649 -6.05655 -3.32112 -2.92771
0 0 102 -7.99152 -3.52074 -10.711 -0.788176
0 0 103 -3.31767 1.53328 -5.07743 1.93455
0 0 104 -10.9099 0.952156 -6.43065 -3.5109
0 0 105 -4.87562 -5.85404 0.172294 -5.45633
0 0 106 3.08966 -6.63768 2.70598 -3.12182
0 0 107 1.92668 -11.8854 -4.49199 -2.14954
0 0 108 -3.71265 -10.5294 -6.82414 -8.95722
0 0 109 3.68211 -5.85404 -11.8819 -3.70588
0 0 110 -1.78167 0.168519 -5.26937 -0.594067
0 0 111 -7.79403 5.81247 0.959272 -0.204983
0 0 112 -8.60592 0.758448 2.89793 -5.45633
0 0 113 -4.30511 0.555935 4.0688 -5.26135
0 0 114 -5.27059 0.168519 1.73665 2.90683
0 0 115 -5.66557 -1.58366 -0.605087 0.962272
0 0 116 -2.1547 -6.44397 1.53511 -2.34452
0 0 117 6.18361 -10.9169 -0.605087 -2.53863
0 0 118 0.961194 -12.669 -1.57441 4.85139
0 0 119 -0.991726 -9.5521 -7.99501 0.767296
0 0 120 -5.86305 -3.52074 -11.69 -1.95543
0 0 121 -3.31767 6.39359 -7.60152 -7.20678
0 0 122 2.32165 3.09175 -5.65327 -7.98408
0 0 123 9.87002 -9.16469 0.172294 -7.20678
0 0 124 6.95161 -13.2502 5.23007 -5.84541
0 0 125 10.4625 -7.02509 6.78483 -4.67816
0 0 126 5.81058 3.47916 14.7602 -4.09496
0 0 127 3.8796 3.28546 11.8426 -2.7336
0 0 128 5.02063 12.425 0.172294 -1.76046
0 0 129 9.87002 8.72689 -5.65327 -5.65044
0 0 130 6.95161 -9.74581 -9.34823 -4.48405
0 0 131 1.53171 -19.079 -5.46132 -2.7336
0 0 132 -2.1547 -15.7772 1.53511 0.378211
0 0 133 -3.51516 -12.2728 -2.73569 -0.983152
0 0 134 -5.09505 -19.8626 -7.99501 -1.76046
0 0 135 1.13674 -15.3898 -9.15628 -3.12182
0 0 136 -1.95721 -6.44397 -10.711 -3.70588
0 0 137 -3.14213 -3.32703 -2.3518 -1.95543
0 0 138 2.32165 -5.66033 -9.15628 -0.204983
0 0 139 -2.74716 -6.05655 -16.1623 1.73958
0 0 140 -0.991726 -3.52074 -14.7995 4.85139
0 0 141 -4.10762 -0.0251891 -3.32112 4.07408
0 0 142 -1.95721 -5.66033 4.45269 3.685
0 0 143 -1.95721 -6.25026 3.87685 2.12866
0 0 144 4.25263 -7.2188 4.65423 -3.5109
0 0 145 7.56601 -5.46662 12.2361 -1.95543
0 0 146 3.28714 -2.74591 10.8733 -0.983152
0 0 147 2.12417 5.02883 5.8155 -3.70588
0 0 148 5.61309 3.09175 5.23007 -9.73453
0 0 149 4.6476 7.16842 3.29142 -17.5145
0 0 150 3.48463 9.30801 8.14765 -11.2909
0 0 151 -1.95721 8.14577 9.12657 -6.81769
0 0 152 -11.6999 8.33947 3.08987 -0.399092
0 0 153 -11.3049 9.70424 -1.38247 2.71272
0 0 154 -1.3867 5.61876 -10.1352 5.43545
0 0 155 4.84509 -0.218897 -9.74171 8.35228
0 0 156 1.13674 -3.71445 -5.65327 -0.594067
0 0 157 0.763707 -0.800021 -5.07743 -5.84541
0 0 158 -0.0262375 0.168519 -8.77239 -3.5109
0 0 159 -2.35219 0.362227 -2.3518 1.73958
0 0 160 -8.60592 -2.93961 -2.93723 3.29591
0 0 161 -5.46808 -5.46662 -7.79346 0.378211
0 0 162 -4.50259 -19.6689 -10.1352 -4.67816
0 0 163 -3.14213 -10.3269 0.172294 -1.17726
0 0 164 -5.09505 -4.69179 -5.65327 1.73958
0 0 165 -13.4334 -8.58356 -11.8819 -3.5109
0 0 166 -15.9787 -8.97098 -14.2141 -0.0108734
0 0 167 -10.9099 -5.66033 -11.2965 1.54547
0 0 168 -7.99152 -5.07921 -4.0985 2.90683
0 0 169 -3.71265 0.168519 -4.87588 -3.5109
0 0 170 -7.421 6.78101 -7.21763 -1.37224
0 0 171 -6.06054 -0.800021 -7.99501 -0.0108734
0 0 172 -8.97895 -4.11067 -3.71461 1.73958
0 0 173 -8.60592 -7.99363 -0.211598 -0.983152
0 0 174 -8.78146 -3.52074 4.84618 -3.70588
0 0 175 -10.7344 -2.74591 4.0688 -3.89999
0 0 176 -5.46808 0.168519 -1.76636 -2.53863
0 0 177 -1.18921 2.1144 -0.797033 -2.7336
0 0 178 -0.596753 6.97471 3.87685 0.184102
0 0 179 -0.794239 1.9207 -1.38247 -3.89999
0 0 180 -2.35219 2.30811 -3.90656 -2.7336
0 0 181 -10.7344 7.37093 -4.49199 -3.12182
0 0 182 -11.5024 12.0375 -0.797033 -5.06724
0 0 183 -13.4334 13.3935 -3.12918 -7.59499
0 0 184 -10.7344 10.6728 -2.54374 -9.54042
0 0 185 -9.35198 6.97471 -0.988979 -4.09496
0 0 186 -6.06054 8.9206 0.565783 0.573187
0 0 187 -5.27059 8.14577 0.172294 2.12866
0 0 188 -4.50259 1.33957 -1.18093 -4.48405
0 0 189 -4.67813 -2.5522 -0.0196522 -15.18
0 0 190 -10.9099 -4.11067 -1.38247 -9.15133
0 0 191 -10.9099 1.33957 -8.57084 -6.42861
0 0 192 -10.9099 -0.800021 -11.8819 -7.20678
0 0 193 -12.2704 -3.32703 -10.5191 -4.09496
0 0 194 -6.43357 -1.77737 -10.1352 1.15638
0 0 195 -3.31767 2.30811 -14.406 0.378211
0 0 196 -3.14213 3.09175 -11.2965 -3.31679
0 0 197 -9.35198 2.89804 -7.99501 0.573187
0 0 198 -12.0729 -7.41251 -14.2141 6.60184
0 0 199 -14.2452 -13.6376 -12.8512 7.1859
0 0 200 -18.1291 -9.74581 -10.9126 3.87911
0 0 201 -15.9787 -11.498 -7.21763 2.71272
0 0 202 -18.8752 -10.5294 -1.18093 4.4623
0 0 203 -13.8283 -17.5294 -1.18093 2.12866
0 0 204 -8.189 -16.7457 0.565783 -0.594067
0 0 205 -4.50259 -11.498 -0.211598 -3.70588
0 0 206 -3.91013 -14.6061 -6.2387 -2.92771
0 0 207 -4.30511 -11.3043 -5.07743 -5.26135
0 0 208 -7.421 -5.27292 -9.54977 -2.92771
0 0 209 -5.66557 3.47916 -8.3789 -4.87227
0 0 210 -4.87562 -0.993729 6.20899 -1.17726
0 0 211 -5.46808 -3.52074 1.15122 3.49002
0 0 212 -6.63105 -10.7232 -3.52267 7.76909
0 0 213 -8.38649 -14.025 -3.32112 6.99092
0 0 214 -9.54946 -11.1106 2.51403 4.07408
0 0 215 -11.8974 -11.498 8.92503 3.685
0 0 216 -11.8974 -6.25026 -3.71461 6.40773
0 0 217 -12.4898 0.758448 -7.99501 2.51774
0 0 218 -12.4898 -9.5521 -3.52267 -7.59499
0 0 219 -6.63105 -13.0565 -1.76636 -14.4027
0 0 220 -3.14213 -1.58366 -2.15985 -13.2354
0 0 221 1.33422 4.83512 -6.04675 -9.73453
0 0 222 -0.399267 7.37093 -7.40957 -4.09496
0 0 223 -8.189 4.64141 -1.38247 -4.48405
0 0 224 -13.2359 -2.16478 -0.211598 -5.26135
0 0 225 -8.38649 -4.11067 -0.605087 -2.7336
0 0 226 -7.22351 -7.79992 4.84618 -1.56635
0 0 227 -6.43357 -9.5521 3.29142 0.767296
0 0 228 -2.35219 -2.93961 -3.52267 -2.34452
0 0 229 -2.94464 6.19988 -2.3518 -4.67816
0 0 230 5.61309 -2.74591 -5.07743 -1.17726
0 0 231 24.2646 -7.2188 -9.15628 -3.5109
0 0 232 57.1351 -15.0023 -13.4367 -7.78997
0 0 233 140.759 -28.8084 -14.9914 -8.37316
0 0 234 322.425 -58.5602 -10.711 -4.87227
0 0 235 641.168 -127.996 -7.60152 -13.6245
0 0 236 1036.21 -259.849 -36.1919 -28.7945
0 0 237 1294.06 -436.828 -96.674 -38.909
0 0 238 1217.06 -525.511 -149.382 -29.9617
0 0 239 876.11 -487.007 -175.631 -10.3186
0 0 240 569.019 -381.595 -169.22 -2.34452
0 0 241 381.759 -284.353 -147.05 -1.95543
0 0 242 264.452 -198.594 -128.575 1.35136
0 0 243 196.385 -135.577 -106.79 2.32364
0 0 244 162.176 -80.731 -101.732 2.71272
0 0 245 139.794 -33.2813 -91.4243 -2.53863
0 0 246 129.7 5.02883 -59.5325 -8.37316
0 0 247 123.293 31.6813 -14.7995 -13.8186
0 0 248 128.932 51.5188 35.9606 -20.0422
0 0 249 146.618 37.1227 88.8609 -26.655
0 0 250 186.862 2.30811 140.59 -29.1836
0 0 251 259.032 -59.5376 201.859 -26.4608
0 0 252 361.308 -131.298 260.393 -25.2936
0 0 253 517.695 -208.314 311.739 -26.655
0 0 254 782.37 -305.556 379.813 -32.1004
0 0 255 1183 -407.464 453.318 -43.3804
0 0 256 1419.13 -432.945 446.715 -40.6577
0 0 257 1206.55 -316.835 306.681 -24.7104
0 0 258 788.624 -183.616 169.574 -15.9582
0 0 259 410.328 -84.4291 78.5534 -12.6522
0 0 260 180.432 -31.7229 34.5978 -9.34544
0 0 261 69.2037 -10.3269 11.8426 -6.42861
0 0 262 30.4964 -2.93961 3.87685 -6.62272
0 0 263 16.6723 -1.58366 7.9557 -7.20678
0 0 264 7.7635 -3.32703 6.59289 -3.89999
0 0 265 3.68211 -8.38985 -1.38247 -1.95543
0 0 266 5.24006 -10.1332 -9.74171 -5.06724
0 0 267 5.81058 2.89804 -11.8819 -7.98408
0 0 268 -0.0262375 6.5873 -7.40957 -8.37316
0 0 269 -4.50259 5.02883 -3.12918 -8.56814
0 0 270 -7.22351 7.56464 2.51403 -5.65044
0 0 271 -3.31767 10.6728 1.15122 -5.45633
0 0 272 -5.27059 6.19988 -0.797033 -1.95543
0 0 273 -0.0262375 1.9207 -4.49199 -2.34452
0 0 274 2.4972 -10.5294 -5.65327 0.767296
0 0 275 -0.596753 -10.7232 -8.3789 2.71272
0 0 276 -1.58418 -5.85404 -8.57084 -2.53863
0 0 277 -0.991726 -0.993729 -11.69 1.73958
0 0 278 -0.0262375 3.47916 -11.4884 0.378211
0 0 279 7.7635 8.72689 -0.0196522 1.73958
0 0 280 11.4499 -0.0251891 -4.87588 3.685
0 0 281 6.00806 -4.8855 -3.52267 2.90683
0 0 282 2.89217 -3.71445 -1.18093 -0.983152
0 0 283 3.08966 0.758448 -2.3518 -1.37224
0 0 284 2.4972 -5.07921 -8.57084 2.51774
0 0 285 0.566221 -6.44397 -7.40957 2.51774
0 0 286 4.84509 -7.2188 6.40094 0.573187
0 0 287 7.36852 -9.5521 11.0652 -4.09496
0 0 288 3.8796 -11.3043 7.37027 0.378211
0 0 289 -1.3867 -10.9169 8.92503 2.90683
0 0 290 3.48463 -6.83138 6.00745 7.1859
0 0 291 5.61309 -3.91696 2.89793 10.6859
0 0 292 6.95161 -1.97107 0.565783 10.4918
0 0 293 9.87002 0.758448 0.172294 4.65728
0 0 294 10.0675 2.50182 -0.605087 -1.37224
0 0 295 16.6723 -2.93961 -0.797033 -0.204983
0 0 296 17.8572 -5.07921 -5.26937 1.54547
0 0 297 15.7068 -2.16478 -7.60152 -0.594067
0 0 298 6.40304 1.53328 -6.2387 1.54547
0 0 299 -0.0262375 2.50182 -7.99501 2.51774
0 0 300 -5.27059 2.30811 -7.40957 2.90683
0 0 301 -6.06054 -0.218897 -6.04675 1.54547
0 0 302 -7.02603 -5.07921 -7.79346 -1.95543
0 0 303 -5.27059 -11.1106 -9.74171 -1.37224
0 0 304 -4.10762 -13.0565 -10.1352 -1.95543
0 0 305 -3.14213 -10.1332 -10.3271 0.573187
0 0 306 -1.78167 -7.02509 -11.69 2.51774
0 0 307 -6.06054 -4.8855 -2.15985 3.87911
0 0 308 -1.18921 1.53328 -1.95831 1.35136
0 0 309 3.8796 5.02883 -4.68394 3.87911
0 0 310 2.89217 -5.07921 -7.21763 8.93548
0 0 311 2.32165 -16.3583 -3.12918 6.99092
0 0 312 -0.0262375 -14.4124 -2.15985 1.15638
0 0 313 -2.74716 -9.93952 2.89793 3.87911
0 0 314 -0.399267 -4.49808 0.757729 7.9632
0 0 315 2.69468 0.362227 -3.52267 2.12866
0 0 316 -0.399267 4.4477 -4.87588 2.90683
0 0 317 -6.06054 6.00617 -4.87588 6.01864
0 0 318 -14.0258 7.95206 -5.46132 6.60184
0 0 319 -7.421 4.254 -3.52267 -0.0108734
0 0 320 4.25263 1.72699 -3.32112 -5.26135
0 0 321 9.87002 4.4477 1.9286 -2.53863
0 0 322 7.93904 6.39359 -1.18093 0.573187
0 0 323 -0.991726 0.555935 -5.85481 -2.53863
0 0 324 -5.66557 -1.77737 -8.77239 -6.03952
0 0 325 -1.58418 0.758448 -5.65327 -6.23363
0 0 326 -5.27059 3.28546 -7.79346 -1.76046
0 0 327 -6.23608 6.00617 -10.1352 2.71272
0 0 328 -4.67813 -1.18744 -10.711 2.71272
0 0 329 -3.51516 -3.52074 -4.30005 2.51774
0 0 330 0.171249 0.758448 -3.52267 2.71272
0 0 331 4.05514 -5.27292 -6.2387 1.54547
0 0 332 4.05514 -11.498 -5.07743 -0.983152
0 0 333 7.17104 -11.1106 -2.93723 -4.67816
0 0 334 5.02063 -6.05655 2.31249 -0.983152
0 0 335 -0.596753 -0.412605 4.45269 2.12866
0 0 336 2.4972 2.30811 5.8155 0.962272
0 0 337 1.7292 -1.58366 6.40094 2.51774
0 0 338 -0.0262375 -4.69179 2.70598 6.01864
0 0 339 -1.78167 -5.07921 -2.93723 -0.594067
0 0 340 4.6476 -4.49808 -4.68394 -2.53863
0 0 341 9.49699 -4.30438 -4.30005 -5.45633
0 0 342 8.33401 -5.85404 -3.71461 -5.65044
0 0 343 2.32165 -7.79992 -7.79346 1.54547
0 0 344 2.69468 -6.63768 -10.5191 5.62956
0 0 345 4.05514 1.53328 -5.85481 2.90683
0 0 346 -1.58418 3.86658 1.9286 1.93455
0 0 347 -8.97895 5.42505 -3.32112 6.79681
0 0 348 -6.63105 1.53328 -6.04675 3.685
0 0 349 -5.66557 -0.993729 -3.90656 0.378211
0 0 350 -5.09505 -3.52074 -7.60152 -0.594067
0 0 351 -3.71265 -3.13332 -11.2965 -3.70588
0 0 352 -1.95721 -0.800021 -4.30005 -4.67816
0 0 353 1.33422 -3.91696 4.0688 -0.983152
0 0 354 -1.18921 -5.66033 6.20899 -3.31679
0 0 355 6.40304 -3.13332 2.70598 -1.76046
0 0 356 7.36852 -4.49808 -1.38247 1.73958
0 0 357 1.33422 -4.8855 -2.15985 2.12866
0 0 358 -3.91013 -2.93961 -5.07743 -2.53863
0 0 359 -0.794239 -0.0251891 -7.21763 -1.17726
0 0 360 2.12417 6.97471 -7.99501 -3.31679
0 0 361 2.12417 7.56464 -9.74171 0.573187
0 0 362 -0.596753 -0.0251891 -8.77239 1.15638
0 0 363 -2.54967 -0.0251891 -4.68394 1.54547
0 0 364 -3.71265 0.362227 3.48336 2.71272
0 0 365 -4.10762 -5.85404 5.43161 3.29591
0 0 366 -2.35219 -6.83138 -0.988979 1.35136
0 0 367 -3.51516 -5.85404 -7.79346 6.21275
0 0 368 1.7292 -4.30438 -4.30005 6.99092
0 0 369 9.87002 0.758448 0.565783 2.51774
0 0 370 12.6129 2.30811 3.48336 0.962272
0 0 371 10.0675 -4.30438 5.8155 6.79681
0 0 372 4.42817 -7.41251 8.34919 4.85139
0 0 373 -0.596753 -4.49808 5.8155 -2.92771
0 0 374 4.42817 -6.83138 2.51403 -1.95543
0 0 375 12.2179 -14.7998 -1.38247 -0.204983
0 0 376 15.3338 -13.6376 -0.0196522 -2.53863
0 0 377 17.8572 -15.7772 3.48336 -8.95722
0 0 378 22.9261 -6.83138 4.0688 -9.9295
0 0 379 20.3807 9.50172 5.62356 -6.81769
0 0 380 15.1363 12.425 -0.797033 -5.26135
0 0 381 9.12396 11.6413 -9.34823 -2.53863
0 0 382 5.02063 6.97471 -9.15628 -3.89999
0 0 383 7.56601 5.42505 -8.18695 -1.76046
0 0 384 10.8794 6.5873 -5.26937 -0.399092
0 0 385 10.8794 7.95206 -5.46132 -1.17726
0 0 386 10.8794 11.8438 1.73665 -1.17726
0 0 387 11.033 9.89794 12.0442 -2.53863
0 0 388 9.12396 4.83512 10.4894 0.573187
0 0 389 5.41561 -5.27292 6.98637 2.32364
0 0 390 6.18361 -8.77727 1.15122 4.26819
0 0 391 4.25263 3.86658 -2.3518 9.71365
0 0 392 2.69468 8.33947 -5.26937 9.32456
0 0 393 1.13674 -0.800021 -2.73569 5.43545
0 0 394 2.32165 -7.2188 -0.403544 2.71272
0 0 395 7.17104 -7.79992 5.23007 3.29591
0 0 396 7.56601 -5.66033 5.8155 4.07408
0 0 397 7.36852 5.02883 7.57181 3.87911
0 0 398 6.95161 14.952 10.8733 1.15638
0 0 399 8.11458 14.1771 13.7909 -0.983152
0 0 400 14.7633 1.33957 15.3456 0.573187
0 0 401 17.2648 -2.74591 15.9311 -0.0108734
0 0 402 6.60052 5.81247 16.3149 1.93455
0 0 403 -4.10762 6.78101 10.4894 0.767296
0 0 404 -3.51516 4.4477 4.26074 -3.31679
0 0 405 1.92668 5.23134 0.959272 -3.70588
0 0 406 3.28714 1.9207 -3.52267 -0.399092
0 0 407 0.368735 -3.32703 -1.38247 4.4623
0 0 408 -1.78167 -1.97107 4.0688 7.38001
0 0 409 -2.54967 0.168519 6.59289 5.62956
0 0 410 -2.35219 1.33957 7.17832 0.378211
0 0 411 -0.596753 -1.18744 3.08987 -3.70588
0 0 412 3.68211 -8.38985 0.172294 1.54547
0 0 413 6.95161 -13.0565 1.73665 5.82453
0 0 414 6.40304 -7.2188 1.73665 7.1859
0 0 415 3.08966 1.9207 4.84618 7.1859
0 0 416 6.60052 8.72689 7.76376 1.73958
0 0 417 8.70704 5.23134 7.9557 -2.53863
0 0 418 9.12396 8.14577 5.23007 -5.06724
0 0 419 5.81058 6.97471 0.959272 -0.399092
0 0 420 -1.58418 6.97471 2.51403 6.40773
0 0 421 -2.1547 -0.218897 0.565783 7.9632
0 0 422 0.961194 -0.412605 0.373837 3.87911
0 0 423 1.53171 2.30811 3.87685 -3.31679
0 0 424 0.961194 3.09175 12.62 0.378211
0 0 425 5.24006 1.33957 11.8426 -0.983152
0 0 426 5.81058 1.53328 10.8733 3.10094
0 0 427 -2.54967 2.89804 8.73308 4.65728
0 0 428 -6.85048 4.64141 8.34919 1.93455
0 0 429 -6.23608 5.42505 10.2878 1.54547
0 0 430 0.171249 -1.38115 6.98637 -0.399092
0 0 431 0.763707 -8.19615 -0.0196522 2.51774
0 0 432 0.368735 -6.63768 -4.87588 8.54726
0 0 433 -0.399267 -2.93961 -1.95831 7.57411
0 0 434 -7.02603 -3.71445 -3.12918 3.10094
0 0 435 -6.43357 0.555935 -4.0985 0.767296
0 0 436 -7.99152 4.64141 -0.211598 0.378211
0 0 437 -10.5149 5.02883 -1.57441 -2.14954
0 0 438 -6.85048 -2.16478 2.89793 -5.65044
0 0 439 -3.14213 -0.606313 5.8155 -6.03952
0 0 440 -1.78167 8.14577 9.70241 -4.48405
0 0 441 -5.66557 6.00617 15.1537 -3.70588
0 0 442 -1.3867 3.86658 16.3149 -5.06724
0 0 443 2.4972 9.89794 8.54114 -2.7336
0 0 444 1.7292 9.70424 4.65423 -0.983152
0 0 445 4.25263 7.16842 4.45269 -3.5109
0 0 446 8.5315 6.39359 6.78483 -7.0118
0 0 447 10.8794 4.4477 4.84618 -11.485
0 0 448 4.25263 2.69553 2.89793 -10.5127
0 0 449 -3.31767 0.362227 2.12055 -6.23363
0 0 450 -8.97895 -6.44397 1.53511 0.573187
0 0 451 -4.67813 -8.58356 -0.0196522 4.4623
0 0 452 -0.991726 -4.8855 0.757729 5.82453
0 0 453 -0.223724 -8.19615 8.73308 6.99092
0 0 454 -2.74716 -10.9169 12.62 5.82453
0 0 455 -4.10762 -7.2188 10.0959 6.79681
0 0 456 4.05514 -3.71445 5.43161 7.9632
0 0 457 9.87002 -0.993729 5.62356 8.74137
0 0 458 11.6254 1.72699 2.31249 5.04636
0 0 459 7.56601 5.02883 0.757729 -0.983152
0 0 460 -0.596753 1.72699 0.959272 -0.788176
0 0 461 -1.18921 -3.91696 0.373837 -4.09496
0 0 462 1.13674 -0.800021 4.84618 -4.28907
0 0 463 5.81058 1.72699 4.65423 3.87911
0 0 464 7.7635 2.30811 2.31249 6.40773
0 0 465 8.90453 5.81247 3.67531 2.90683
0 0 466 5.81058 6.00617 3.87685 -1.37224
0 0 467 -0.596753 0.758448 9.51046 1.93455
0 0 468 -4.87562 -0.606313 8.92503 4.85139
0 0 469 -6.43357 7.56464 6.78483 2.12866
0 0 470 -1.95721 9.70424 8.73308 2.90683
0 0 471 -0.399267 2.30811 5.8155 4.65728
0 0 472 -6.23608 -4.11067 0.757729 3.29591
0 0 473 -7.79403 -3.32703 0.757729 0.184102
0 0 474 -2.74716 2.89804 -2.3518 0.184102
0 0 475 2.12417 4.83512 -12.2658 3.87911
0 0 476 -1.18921 7.95206 -17.3236 5.62956
0 0 477 -7.421 8.33947 -17.7171 8.15817
0 0 478 -12.6654 7.16842 -16.5462 4.65728
0 0 479 -11.5024 6.00617 -13.2447 0.573187
0 0 480 -1.3867 7.56464 -7.01608 4.65728
0 0 481 4.42817 6.78101 -4.49199 10.1027
0 0 482 9.87002 6.78101 -3.71461 6.60184
0 0 483 14.5439 4.254 0.172294 0.184102
0 0 484 16.1237 1.14586 2.51403 -4.09496
0 0 485 12.0424 -2.35849 -0.797033 -7.0118
0 0 486 11.033 0.362227 -5.46132 -3.31679
0 0 487 14.9608 5.81247 -4.87588 -1.17726
0 0 488 9.12396 2.69553 -1.38247 -0.399092
0 0 489 1.53171 1.72699 -4.30005 5.04636
0 0 490 -4.30511 5.81247 2.12055 9.90862
