0 0 0 1.64911
0 0 1 0.956554
0 0 2 1.07752
0 0 3 2.83499
0 0 4 3.84252
0 0 5 4.09685
0 0 6 2.88357
0 0 7 3.57482
0 0 8 11.7387
0 0 9 20.395
0 0 10 16.0313
0 0 11 8.35781
0 0 12 3.42973
0 0 13 1.27544
0 0 14 0.649404
0 0 15 0.0872747
0 0 16 -0.0483667
0 0 17 -0.591911
0 0 18 0.238241
0 0 19 -0.645059
0 0 20 0.218025
0 0 21 0.241176
0 0 22 0.118903
0 0 23 -0.377362
0 0 24 -0.320954
0 0 25 -0.262915
0 0 26 -0.329105
0 0 27 0.133901
0 0 28 0.0077158
0 0 29 -0.263893
0 0 30 -0.806459
0 0 31 -0.973402
0 0 32 -0.474202
0 0 33 -0.141946
0 0 34 -0.268784
0 0 35 -0.125643
0 0 36 0.23335
0 0 37 0.53137
0 0 38 0.078145
0 0 39 -0.193464
0 0 40 0.0856444
0 0 41 -0.0297812
0 0 42 0.0351049
0 0 43 0.230416
0 0 44 0.00478125
0 0 45 0.49909
0 0 46 -0.0141303
0 0 47 -0.297477
0 0 48 -0.105427
0 0 49 0.0373874
0 0 50 -0.310194
0 0 51 0.409423
0 0 52 0.232372
0 0 53 -0.0108697
0 0 54 -0.071191
0 0 55 -0.182378
0 0 56 -0.157597
0 0 57 0.0113025
0 0 58 -0.116513
0 0 59 0.401598
0 0 60 -0.178791
0 0 61 0.0696674
0 0 62 -0.244655
0 0 63 -0.175857
0 0 64 -0.0415194
0 0 65 0.0439086
0 0 66 0.11499
0 0 67 0.314539
0 0 68 0.109121
0 0 69 0.591691
0 0 70 -0.0167388
0 0 71 -0.256394
0 0 72 0.15803
0 0 73 0.0279316
0 0 74 0.151509
0 0 75 0.381708
0 0 76 0.175963
0 0 77 0.357905
0 0 78 0.216395
0 0 79 -0.0917328
0 0 80 0.0686892
0 0 81 -0.135099
0 0 82 -0.44127
0 0 83 0.121511
0 0 84 0.280303
0 0 85 0.0077158
0 0 86 0.412358
0 0 87 -0.0138042
0 0 88 0.0399958
0 0 89 0.195853
0 0 90 0.0491256
0 0 91 0.102926
0 0 92 -0.203898
0 0 93 -0.225092
0 0 94 0.544412
0 0 95 0.0866226
0 0 96 -0.122709
0 0 97 0.0334746
0 0 98 -0.165749
0 0 99 -0.289978
0 0 100 -0.205202
0 0 101 0.734506
0 0 102 0.261717
0 0 103 0.177594
0 0 104 -0.305303
0 0 105 -0.228678
0 0 106 0.10586
0 0 107 -0.190529
0 0 108 -0.444205
0 0 109 0.547021
0 0 110 0.0184758
0 0 111 0.312909
0 0 112 -0.0940153
0 0 113 0.383012
0 0 114 -0.25998
0 0 115 0.0282577
0 0 116 0.36997
0 0 117 0.571801
0 0 118 -0.0705389
0 0 119 0.056951
0 0 120 -0.76994
0 0 121 0.0703195
0 0 122 0.336711
0 0 123 0.180202
0 0 124 0.0126067
0 0 125 0.0807535
0 0 126 0.341602
0 0 127 0.319756
0 0 128 -0.19542
0 0 129 -0.092711
0 0 130 0.554194
0 0 131 -0.0724952
0 0 132 0.0827098
0 0 133 -0.312476
0 0 134 0.0866226
0 0 135 -0.452356
0 0 136 0.397685
0 0 137 0.525175
0 0 138 0.469418
0 0 139 0.372904
0 0 140 0.632123
0 0 141 0.278347
0 0 142 0.0921656
0 0 143 -0.144229
0 0 144 -0.341822
0 0 145 -0.179769
0 0 146 0.101947
0 0 147 0.0501037
0 0 148 0.195853
0 0 149 0.35008
0 0 150 0.199766
0 0 151 0.0973826
0 0 152 0.0807535
0 0 153 -0.105753
0 0 154 0.056951
0 0 155 -0.392035
0 0 156 -0.319976
0 0 157 -0.139012
0 0 158 -0.265197
0 0 159 0.313887
0 0 160 0.0223886
0 0 161 -0.209115
0 0 162 -0.185638
0 0 163 0.178898
0 0 164 -0.199985
0 0 165 -0.177813
0 0 166 0.0921656
0 0 167 -0.183682
0 0 168 -0.210745
0 0 169 -0.371167
0 0 170 0.0403219
0 0 171 0.386599
0 0 172 0.0324964
0 0 173 0.546369
0 0 174 0.367687
0 0 175 0.00836792
0 0 176 -0.330083
0 0 177 0.11662
0 0 178 0.166834
0 0 179 0.374535
0 0 180 -0.164771
0 0 181 0.246066
0 0 182 0.11662
0 0 183 -0.220527
0 0 184 -0.275305
0 0 185 -0.0457582
0 0 186 0.139444
0 0 187 -0.308237
0 0 188 -0.433445
0 0 189 0.0152152
0 0 190 0.230416
0 0 191 -0.0385849
0 0 192 0.248023
0 0 193 -0.0565182
0 0 194 0.0608638
0 0 195 -0.0698867
0 0 196 -0.0366285
0 0 197 0.114664
0 0 198 -0.0741255
0 0 199 0.534631
0 0 200 0.175637
0 0 201 -0.325193
0 0 202 -0.229005
0 0 203 0.412358
0 0 204 0.374535
0 0 205 0.099339
0 0 206 0.342581
0 0 207 0.102274
0 0 208 0.216395
0 0 209 0.304105
0 0 210 -0.23846
0 0 211 0.014237
0 0 212 0.426052
0 0 213 0.315844
0 0 214 0.269543
0 0 215 0.0915135
0 0 216 -0.511047
0 0 217 0.116946
0 0 218 0.467462
0 0 219 0.185745
0 0 220 0.132597
0 0 221 -0.0724952
0 0 222 0.449855
0 0 223 0.205635
0 0 224 0.0419522
0 0 225 0.10423
0 0 226 -0.450074
0 0 227 -0.156619
0 0 228 0.376817
0 0 229 -0.0229339
0 0 230 -0.0167388
0 0 231 -0.0887983
0 0 232 0.611255
0 0 233 -0.479746
0 0 234 0.00380307
0 0 235 0.0233667
0 0 236 -0.028803
0 0 237 -0.182378
0 0 238 0.122815
0 0 239 0.606364
0 0 240 -0.201941
0 0 241 0.409097
0 0 242 0.345515
0 0 243 0.361166
0 0 244 0.347471
0 0 245 0.766786
0 0 246 0.968292
0 0 247 0.986551
0 0 248 2.40687
0 0 249 3.30191
0 0 250 5.36783
0 0 251 4.71995
0 0 252 2.29275
0 0 253 1.2099
0 0 254 1.72769
0 0 255 2.63609
