0 0 0 -29.8552 40.1893 -24.9239 -28.3607
0 0 1 -3.77802 26.4768 -17.3797 -2.31738
0 0 2 -22.3628 7.28854 -1.62214 -2.31738
0 0 3 -21.6817 3.86042 -5.04347 20.3052
0 0 4 17.434 -0.25218 10.7141 -3.68348
0 0 5 -3.77802 -10.5308 -51.647 -15.3336
0 0 6 -10.6865 -11.8998 -65.3647 -14.656
0 0 7 -37.3475 -27.6657 28.5331 -0.262763
0 0 8 18.7962 -43.4258 31.9652 18.2506
0 0 9 10.6228 -42.0569 32.6451 -5.0605
0 0 10 6.43877 -94.146 25.7917 25.7806
0 0 11 -10.0054 1.807 -7.78485 18.2506
0 0 12 -16.1355 -17.3813 14.1462 -4.37199
0 0 13 -18.1788 4.55065 18.2583 -20.1313
0 0 14 -5.14026 49.099 -16.6997 -21.5083
0 0 15 -8.64316 50.468 -11.217 14.1305
0 0 16 3.71429 -29.7191 -7.1049 3.16888
0 0 17 6.43877 16.8827 27.1624 10.0212
0 0 18 -13.411 3.17594 7.9727 -5.0605
0 0 19 5.07653 10.7167 3.18068 32.6329
0 0 20 -3.0969 23.7389 -43.4228 -8.48122
0 0 21 10.6228 21.6798 34.0158 1.79185
0 0 22 -21.6817 -1.62113 35.3865 -36.5901
0 0 23 -27.1307 -10.5308 10.0341 -16.0221
0 0 24 -27.8118 6.60407 8.66344 -20.1313
0 0 25 0.308697 20.9953 77.198 1.79185
0 0 26 5.75765 12.7701 71.7152 12.0758
0 0 27 -32.4823 29.2205 15.5169 -11.9129
0 0 28 -12.0488 23.0545 31.9652 -18.7652
0 0 29 -6.5998 11.4011 -16.6997 1.11427
0 0 30 -7.28092 18.9419 -48.2256 -8.48122
0 0 31 -13.411 -10.5308 -8.47559 -11.2243
0 0 32 24.2452 -35.8909 -14.6383 10.0212
0 0 33 -11.3676 -3.67455 -29.7159 2.48036
0 0 34 -3.77802 -24.922 -7.78485 6.58959
0 0 35 -23.044 12.7701 -18.7504 9.33272
0 0 36 -35.3041 -29.7191 14.1462 -28.3607
0 0 37 3.03317 -13.2687 -11.8969 -3.68348
0 0 38 -1.05354 36.0767 29.2238 -7.80363
0 0 39 -3.77802 -7.78715 20.9997 -5.0605
0 0 40 -7.96204 -0.936655 57.3176 7.27811
0 0 41 -18.1788 -7.78715 23.741 -25.6176
0 0 42 7.80101 -43.4258 11.4048 -7.11512
0 0 43 -27.1307 -26.291 -28.3452 -8.48122
0 0 44 22.8829 54.5806 28.5331 16.1851
0 0 45 -5.91868 -11.2153 -1.62214 11.3873
0 0 46 -12.7299 -12.5842 -28.3452 3.85739
0 0 47 -19.4438 41.5583 -39.3107 12.7644
0 0 48 -15.4544 1.12252 -7.1049 -3.68348
0 0 49 18.7962 -37.2598 40.1893 -10.5358
0 0 50 -8.64316 -18.756 -28.3452 1.79185
0 0 51 -30.5363 -7.10268 -20.8118 -3.68348
0 0 52 2.35206 11.4011 -19.4411 5.22349
0 0 53 -23.044 -28.3501 -47.5349 -5.73809
0 0 54 -10.0054 -54.3947 -45.4842 -9.16973
0 0 55 -36.569 -20.8094 -31.0866 -11.9129
0 0 56 -22.3628 -2.3056 1.11924 -24.2515
0 0 57 -14.0921 31.9641 -20.1211 -23.563
0 0 58 -7.28092 -8.47163 39.4986 -3.68348
0 0 59 -36.569 7.28854 -31.7773 -6.4266
0 0 60 9.84437 25.1079 -20.8118 -6.4266
0 0 61 0.989816 -5.04925 -5.04347 10.0212
0 0 62 24.2452 -3.67455 3.18068 26.4691
0 0 63 25.6074 5.23512 15.5169 36.0645
0 0 64 -12.7299 7.28854 -18.7504 22.3598
0 0 65 35.9215 -6.4182 -8.47559 -5.73809
0 0 66 -8.64316 -29.7191 -22.8625 1.79185
0 0 67 28.4292 -1.62113 18.2583 6.58959
0 0 68 18.7962 10.0322 7.29275 5.91201
0 0 69 -17.4977 35.3865 -47.5349 20.3052
0 0 70 16.0717 -14.6434 -31.0866 -4.37199
0 0 71 -17.4977 -29.7191 -32.4573 9.33272
0 0 72 -33.2608 42.9272 -8.47559 2.48036
0 0 73 1.67094 66.2281 -43.4228 -9.16973
0 0 74 -3.77802 62.8058 -2.30209 -5.0605
0 0 75 -18.1788 37.4457 -15.329 -21.5083
0 0 76 13.3473 9.34772 34.0158 10.0212
0 0 77 1.67094 24.4234 -30.4066 -22.8744
0 0 78 14.0284 28.536 7.29275 -0.940348
0 0 79 22.8829 -18.0715 7.9727 2.48036
0 0 80 36.6026 -12.5842 42.9307 -18.7652
0 0 81 3.71429 3.17594 44.9814 3.85739
0 0 82 -39.3908 15.5137 -20.1211 10.0212
0 0 83 -52.3321 12.0856 28.5331 16.8736
0 0 84 -2.41578 -3.67455 -9.15554 -14.656
0 0 85 22.8829 39.4991 -24.2331 10.7097
0 0 86 -8.64316 18.9419 18.9382 40.1738
0 0 87 21.5207 -9.16185 41.56 27.1576
0 0 88 -3.0969 22.37 29.9038 -5.0605
0 0 89 0.308697 3.17594 -24.9239 10.7097
0 0 90 7.11989 47.0398 5.23132 -12.6014
0 0 91 -3.0969 -54.3947 29.2238 -13.9675
0 0 92 -37.3475 27.1671 23.0503 -10.5358
0 0 93 3.71429 39.4991 -31.7773 -13.279
0 0 94 8.48213 -0.25218 20.3089 22.3598
0 0 95 7.80101 34.702 10.0341 -11.2243
0 0 96 7.80101 16.8827 -22.8625 -7.11512
0 0 97 -16.8166 -22.8686 9.34339 32.6329
0 0 98 7.11989 -16.6968 -64.6739 11.3873
0 0 99 20.8396 18.2574 7.29275 18.2506
0 0 100 -10.6865 31.2797 19.629 -11.2243
0 0 101 -18.1788 24.4234 -9.15554 -11.9129
0 0 102 9.84437 -2.99008 25.1117 9.33272
0 0 103 30.4726 15.5137 42.24 -10.5358
0 0 104 -1.05354 -19.4405 -13.9584 4.53498
0 0 105 22.2018 -14.6434 0.439295 5.91201
0 0 106 -10.0054 36.0767 -44.7935 19.6167
0 0 107 16.7529 -20.8094 5.92206 10.0212
0 0 108 -7.28092 27.1671 -13.9584 13.4529
0 0 109 24.9263 -2.3056 55.2669 7.96662
0 0 110 -9.32428 -30.4036 29.2238 -11.2243
0 0 111 6.43877 -13.9589 -31.7773 -18.7652
0 0 112 1.67094 -20.1249 -39.3107 3.16888
0 0 113 11.985 19.6263 12.0848 9.33272
0 0 114 -7.96204 34.0176 -7.1049 -20.8198
0 0 115 -28.3956 -23.5531 10.7141 -5.73809
0 0 116 23.5641 -42.7414 64.8618 26.4691
0 0 117 36.6026 -31.0938 24.421 40.1738
0 0 118 20.1585 -46.854 4.55137 20.9828
0 0 119 0.308697 -29.0346 -20.8118 18.2506
0 0 120 11.3039 -23.5531 5.92206 11.3873
0 0 121 -7.28092 28.536 -24.9239 -24.2515
0 0 122 15.3906 -13.2687 -23.5532 -2.31738
0 0 123 7.11989 1.807 -17.3797 -5.73809
0 0 124 6.43877 -13.2687 32.6451 -24.9291
0 0 125 -9.32428 10.7167 27.1624 -7.11512
0 0 126 -12.0488 -24.922 -63.3032 4.53498
0 0 127 9.16325 11.4011 0.439295 16.8736
0 0 128 3.71429 -12.5842 -25.6038 -5.0605
0 0 129 -0.372422 6.60407 -38.6308 23.0484
0 0 130 9.16325 34.0176 -16.6997 3.16888
0 0 131 -5.91868 -16.6968 15.5169 -8.48122
0 0 132 7.11989 -4.35903 -44.1136 -7.11512
0 0 133 24.9263 -11.2153 26.4824 -16.7106
0 0 134 -16.1355 -9.16185 47.0428 4.53498
0 0 135 -21.6817 -9.16185 -11.8969 15.5075
0 0 136 -16.8166 -10.5308 5.23132 7.27811
0 0 137 24.9263 12.7701 6.60201 -3.00589
0 0 138 23.5641 -0.936655 -18.7504 21.6713
0 0 139 5.75765 -12.5842 12.7755 20.3052
0 0 140 -14.7732 -5.73373 18.9382 4.53498
0 0 141 19.4773 14.1448 55.2669 20.3052
0 0 142 14.0284 20.3108 63.4911 19.6167
0 0 143 4.39541 33.3331 -6.41416 -16.0221
0 0 144 -27.1307 -12.5842 14.1462 -14.656
0 0 145 -4.45914 -62.6199 -31.0866 20.3052
0 0 146 -16.8166 -83.8616 -40.6814 -35.8906
0 0 147 6.43877 18.2574 -1.62214 -9.85824
0 0 148 5.07653 23.0545 12.7755 -16.7106
0 0 149 7.11989 23.0545 -5.04347 1.11427
0 0 150 -25.0873 1.807 -56.4498 3.16888
0 0 151 -23.6278 -24.2375 -42.0521 -12.6014
0 0 152 17.434 6.60407 -5.73421 -26.2952
0 0 153 9.84437 -17.3813 25.1117 -11.9129
0 0 154 -13.411 40.1893 48.4135 -14.656
0 0 155 7.11989 20.3108 9.34339 1.11427
0 0 156 11.985 -29.7191 -16.6997 11.3873
0 0 157 -16.1355 -6.4182 -27.6653 27.8352
0 0 158 3.03317 20.3108 -33.148 -24.9291
0 0 159 3.71429 18.9419 69.6646 -7.11512
0 0 160 3.03317 101.182 -18.7504 22.3598
0 0 161 -14.7732 68.2873 -16.6997 -18.0767
0 0 162 -5.91868 14.1448 20.9997 -28.3607
0 0 163 31.1537 12.0856 12.0848 -16.7106
0 0 164 11.985 -36.5753 -0.931396 -17.3991
0 0 165 -1.73466 32.6486 -31.0866 0.425751
0 0 166 16.0717 67.6028 37.448 -7.80363
0 0 167 -29.174 -30.4036 14.1462 5.91201
0 0 168 7.11989 -9.16185 -9.15554 -3.00589
0 0 169 -19.4438 -53.02 3.18068 -26.2952
0 0 170 8.48213 -18.756 5.92206 11.3873
0 0 171 0.989816 -21.4939 10.7141 36.0645
0 0 172 -32.4823 -24.2375 -26.2946 5.22349
0 0 173 -6.5998 -59.1918 -12.5877 -0.262763
0 0 174 9.16325 -9.16185 -34.5187 11.3873
0 0 175 3.03317 5.23512 -57.1297 -9.85824
0 0 176 0.308697 -26.291 -20.1211 2.48036
0 0 177 12.6661 68.2873 29.9038 -11.9129
0 0 178 27.7481 -7.78715 3.86063 -19.4537
0 0 179 10.6228 -44.8005 10.7141 4.53498
0 0 180 32.5159 -9.84633 35.3865 -5.73809
0 0 181 16.7529 18.2574 27.1624 14.1305
0 0 182 10.6228 -23.5531 7.9727 3.16888
0 0 183 -8.64316 -56.4481 -13.9584 23.7259
0 0 184 -7.96204 -45.485 -41.3722 -29.0492
0 0 185 40.0082 -15.3279 43.6107 31.9553
0 0 186 26.3858 -24.922 -35.8894 7.27811
0 0 187 -3.0969 3.17594 -1.62214 -39.9999
0 0 188 -0.372422 -11.2153 -29.7159 -18.7652
0 0 189 -0.372422 49.099 -22.1825 -11.2243
0 0 190 20.8396 -7.10268 -29.7159 -13.279
0 0 191 -6.5998 7.28854 16.8876 -21.5083
0 0 192 19.4773 9.34772 23.741 16.1851
0 0 193 -20.9033 5.91959 -41.3722 -16.0221
0 0 194 -4.45914 47.7243 -37.9401 5.91201
0 0 195 32.5159 20.9953 -12.5877 5.91201
0 0 196 30.4726 13.4603 -0.931396 -1.62886
0 0 197 11.985 20.3108 41.56 -14.656
0 0 198 -1.05354 42.9272 -44.7935 -19.4537
0 0 199 0.989816 36.7612 -55.0791 5.91201
0 0 200 22.8829 24.4234 -18.0704 8.65513
0 0 201 22.2018 1.807 14.8262 -9.85824
0 0 202 16.0717 -20.8094 20.9997 1.79185
0 0 203 -28.3956 -61.9297 -14.6383 0.425751
0 0 204 -21.6817 27.8515 -63.994 -2.31738
0 0 205 -18.1788 -16.6968 3.18068 -5.73809
0 0 206 22.2018 -62.6199 9.34339 14.819
0 0 207 12.6661 54.5806 38.1279 -0.940348
0 0 208 -9.32428 7.97302 0.439295 -20.8198
0 0 209 -0.372422 15.5137 18.9382 -7.11512
0 0 210 9.84437 -60.5607 30.5945 -13.9675
0 0 211 -2.41578 -9.84633 5.92206 14.819
0 0 212 -8.64316 -4.35903 -36.5694 -7.80363
0 0 213 -10.0054 42.9272 8.66344 8.65513
0 0 214 -13.411 -54.3947 -65.3647 -31.7923
0 0 215 -15.4544 -49.5976 -20.1211 -46.1637
0 0 216 -10.0054 -16.0124 -2.99283 -18.7652
0 0 217 -34.5257 -3.67455 -11.8969 -16.7106
0 0 218 33.197 -50.9666 41.56 -18.0767
0 0 219 20.1585 -79.0645 -45.4842 -24.9291
0 0 220 11.985 -54.3947 -36.5694 -24.2515
0 0 221 7.11989 15.5137 -21.4918 10.7097
0 0 222 5.07653 -12.5842 -14.6383 29.2122
0 0 223 38.646 -40.0035 21.6796 -9.85824
0 0 224 -14.7732 -7.10268 -34.5187 -42.0654
0 0 225 22.8829 -20.8094 -17.3797 -0.940348
0 0 226 62.6798 -56.4481 1.80999 -32.4699
0 0 227 51.6846 -31.0938 21.6796 31.2668
0 0 228 137.408 -29.0346 65.5525 44.2939
0 0 229 280.638 59.3776 66.9232 45.66
0 0 230 617.792 118.317 178.629 70.3372
0 0 231 1416.26 195.082 84.7422 87.4736
0 0 232 3005.7 188.226 -18.7504 -19.4537
0 0 233 5153.76 62.1213 -259.334 83.3534
0 0 234 6324.31 -86.6053 -338.143 433.589
0 0 235 5640.95 -181.868 -153.089 663.869
0 0 236 4923.34 132.024 -528.669 670.044
0 0 237 3728.76 -69.4704 -373.09 545.303
0 0 238 2396.39 -169.536 -276.462 347.907
0 0 239 1179.13 -96.8839 -181.204 173.144
0 0 240 473.2 -114.019 -106.485 105.976
0 0 241 222.354 -91.4023 -86.6158 13.4529
0 0 242 125.051 -63.9888 -105.115 4.53498
0 0 243 53.0468 -26.291 -22.1825 1.79185
0 0 244 36.6026 1.807 -3.67278 -1.62886
0 0 245 16.0717 3.17594 -101.683 -26.9946
0 0 246 -10.0054 14.1448 -28.3452 -37.2677
0 0 247 16.7529 -13.9589 -13.2676 -10.5358
0 0 248 10.6228 26.4768 -35.8894 10.7097
0 0 249 -24.4062 11.4011 -20.8118 14.819
0 0 250 -7.96204 12.7701 -50.967 -17.3991
0 0 251 15.3906 36.7612 58.6883 5.91201
0 0 252 -4.45914 -5.73373 -16.009 -6.4266
0 0 253 11.985 5.91959 -16.009 -7.80363
0 0 254 16.0717 9.34772 25.7917 27.1576
0 0 255 -0.372422 5.91959 7.9727 -9.85824
0 0 256 -13.411 68.2873 -7.78485 -13.9675
0 0 257 25.6074 -30.4036 3.18068 -7.11512
0 0 258 -11.3676 -93.4615 -57.8205 -22.1969
0 0 259 -14.7732 11.4011 -17.3797 -17.3991
0 0 260 16.7529 31.9641 8.66344 23.0484
0 0 261 9.16325 17.5672 -23.5532 -22.1969
0 0 262 17.434 25.1079 -12.5877 9.33272
0 0 263 19.4773 1.807 16.1968 -20.1313
0 0 264 22.8829 -11.2153 -6.41416 10.7097
0 0 265 2.35206 1.12252 -26.9745 -7.80363
0 0 266 -2.41578 -2.3056 -53.7084 -7.80363
0 0 267 20.8396 29.905 5.23132 -7.80363
0 0 268 14.7095 -18.756 -47.5349 4.53498
0 0 269 14.0284 -31.0938 -10.5262 -20.8198
0 0 270 14.0284 27.1671 -13.9584 -6.4266
0 0 271 2.35206 -18.756 32.6451 -16.7106
0 0 272 7.11989 24.4234 -1.62214 -13.9675
0 0 273 -25.7684 -6.4182 11.4048 -35.2021
0 0 274 9.16325 26.4768 -9.84628 -6.4266
0 0 275 -0.372422 7.97302 22.3703 -27.6722
0 0 276 -10.6865 -31.0938 5.23132 -7.11512
0 0 277 -3.77802 -16.6968 18.2583 29.9007
0 0 278 0.308697 8.65749 -50.2763 7.27811
0 0 279 -1.73466 -3.67455 -53.0177 26.4691
0 0 280 -17.4977 -12.5842 26.4824 -16.0221
0 0 281 -23.6278 6.60407 -52.3377 -18.0767
0 0 282 3.03317 -18.0715 -38.6308 -11.2243
0 0 283 -16.1355 11.4011 -6.41416 -24.9291
0 0 284 22.8829 31.9641 20.9997 8.65513
0 0 285 14.7095 46.3554 -0.251447 -1.62886
0 0 286 -12.0488 17.5672 12.7755 -7.11512
0 0 287 1.67094 -40.0035 33.3359 20.3052
0 0 288 3.71429 47.7243 -16.6997 -19.4537
0 0 289 31.8348 -10.5308 7.9727 -7.80363
0 0 290 -4.45914 14.1448 -27.6653 2.48036
0 0 291 2.35206 10.7167 -39.3107 -9.85824
0 0 292 5.75765 -17.3813 -29.7159 -11.9129
0 0 293 28.4292 -23.5531 -40.6814 -3.00589
0 0 294 14.7095 5.91959 -20.1211 -0.940348
0 0 295 11.3039 7.97302 25.7917 -33.1584
0 0 296 3.03317 -59.1918 11.4048 11.3873
0 0 297 -1.73466 10.0322 -25.6038 -5.0605
0 0 298 26.3858 19.6263 8.66344 22.3598
0 0 299 14.0284 9.34772 0.439295 18.2506
0 0 300 1.67094 31.9641 -41.3722 -22.8744
0 0 301 -10.0054 -38.6288 7.29275 -19.4537
0 0 302 22.8829 32.6486 -12.5877 18.9282
0 0 303 11.3039 28.536 -1.62214 14.1305
0 0 304 3.03317 37.4457 -37.9401 -8.48122
0 0 305 -25.0873 -4.35903 17.5675 -21.5083
0 0 306 -7.28092 -50.9666 -54.3883 -16.0221
0 0 307 -27.1307 11.4011 -62.6233 4.53498
0 0 308 -0.372422 -7.10268 14.1462 3.85739
0 0 309 22.8829 -33.8317 1.80999 12.0758
0 0 310 27.067 90.2192 -0.931396 -3.00589
0 0 311 20.1585 18.2574 54.5762 -1.62886
0 0 312 -20.2222 -33.1472 -16.6997 18.2506
0 0 313 9.84437 -15.3279 -13.2676 -10.5358
0 0 314 -1.05354 14.8293 5.92206 -16.0221
0 0 315 1.67094 20.3108 -3.67278 14.1305
0 0 316 3.03317 -7.78715 5.23132 7.96662
0 0 317 5.75765 -1.62113 -31.7773 10.0212
0 0 318 -6.5998 23.0545 -15.329 9.33272
0 0 319 31.8348 -12.5842 3.18068 22.3598
0 0 320 27.7481 -35.2006 -1.62214 0.425751
0 0 321 7.11989 -39.3132 12.7755 11.3873
0 0 322 15.3906 -12.5842 27.8531 16.1851
0 0 323 0.989816 10.7167 13.4555 -9.16973
0 0 324 -5.91868 35.3865 2.48994 -9.16973
0 0 325 12.6661 -40.0035 -3.67278 -15.3336
0 0 326 25.6074 1.12252 -22.1825 10.0212
0 0 327 37.9649 18.9419 -11.8969 -0.262763
0 0 328 29.7914 -24.2375 10.7141 12.7644
0 0 329 1.67094 -40.6879 34.0158 2.48036
0 0 330 14.7095 -7.10268 23.0503 -13.279
0 0 331 1.67094 10.7167 8.66344 -34.5136
0 0 332 8.48213 -20.8094 -19.4411 -17.3991
0 0 333 4.39541 -9.84633 -4.36352 -1.62886
0 0 334 17.434 9.34772 -11.217 -9.16973
0 0 335 0.989816 7.97302 -7.1049 -25.6176
0 0 336 7.11989 14.8293 16.1968 -1.62886
0 0 337 3.71429 16.8827 -16.6997 5.91201
0 0 338 -4.45914 16.1982 -33.148 5.91201
0 0 339 13.3473 -7.78715 -0.931396 11.3873
0 0 340 18.7962 -20.1249 16.1968 -0.262763
0 0 341 -9.32428 -0.25218 38.8186 14.819
0 0 342 -8.64316 -0.936655 1.11924 0.425751
0 0 343 6.43877 10.7167 -40.0015 -0.940348
0 0 344 -4.45914 9.34772 -37.9401 11.3873
0 0 345 -5.91868 21.6798 -0.251447 10.0212
0 0 346 -12.0488 -17.3813 1.80999 17.5621
0 0 347 -10.6865 -2.3056 21.6796 29.2122
0 0 348 -15.4544 44.9864 38.8186 -5.73809
0 0 349 -10.0054 51.1524 5.23132 -13.9675
0 0 350 -10.0054 13.4603 -46.8549 -20.1313
0 0 351 3.03317 -41.3724 -21.4918 -3.00589
0 0 352 -7.28092 3.86042 7.9727 2.48036
0 0 353 -13.411 36.7612 21.6796 24.4145
0 0 354 3.71429 25.1079 20.3089 23.7259
0 0 355 0.989816 12.7701 42.9307 7.27811
0 0 356 22.8829 5.23512 34.0158 27.8352
0 0 357 30.4726 14.8293 -8.47559 1.11427
0 0 358 27.067 34.0176 -0.251447 -4.37199
0 0 359 -3.77802 46.3554 -7.1049 -24.9291
0 0 360 -32.4823 14.1448 -20.8118 -23.563
0 0 361 -16.8166 31.2797 -22.1825 -3.00589
0 0 362 -14.0921 -29.7191 -1.62214 -9.85824
0 0 363 -9.32428 -20.8094 22.3703 -5.0605
0 0 364 16.7529 -8.47163 21.6796 5.22349
0 0 365 11.3039 -2.99008 1.80999 17.5621
0 0 366 -27.8118 18.2574 -11.217 17.5621
0 0 367 -20.9033 3.17594 -13.2676 -12.6014
0 0 368 -1.73466 -7.78715 -9.84628 -13.9675
0 0 369 -18.1788 -17.3813 16.1968 -7.80363
0 0 370 -22.3628 10.7167 7.9727 13.4529
0 0 371 -4.45914 16.1982 1.80999 29.2122
0 0 372 -21.6817 -17.3813 18.9382 18.9282
0 0 373 -10.6865 -42.7414 -7.78485 -5.0605
0 0 374 4.39541 -31.7783 -11.217 -13.279
0 0 375 -15.4544 -9.16185 -30.4066 -3.00589
0 0 376 -7.96204 -29.0346 -41.3722 -25.6176
0 0 377 30.4726 6.60407 15.5169 1.11427
0 0 378 7.11989 38.8146 48.4135 -1.62886
0 0 379 -18.1788 -24.922 7.29275 -6.4266
0 0 380 3.03317 -20.1249 25.1117 8.65513
0 0 381 7.11989 -16.0124 35.3865 15.5075
0 0 382 -1.05354 -3.67455 49.0934 -4.37199
0 0 383 1.67094 6.60407 -9.84628 -11.2243
0 0 384 5.75765 -28.3501 -11.217 -5.73809
0 0 385 -10.0054 5.23512 -0.251447 -7.80363
0 0 386 13.3473 23.0545 0.439295 10.0212
0 0 387 3.71429 -2.3056 2.48994 14.1305
0 0 388 -3.77802 -29.7191 -0.251447 2.48036
0 0 389 -5.91868 12.7701 -11.217 -26.2952
0 0 390 -14.0921 -9.16185 7.9727 8.65513
0 0 391 3.71429 -27.6657 15.5169 34.6985
0 0 392 7.80101 29.905 -3.67278 18.9282
0 0 393 22.8829 1.807 0.439295 -4.37199
0 0 394 24.9263 -13.9589 -5.73421 -4.37199
0 0 395 22.8829 -0.25218 18.9382 5.91201
0 0 396 -1.05354 -11.2153 -7.1049 7.96662
0 0 397 25.6074 27.1671 -5.04347 5.91201
0 0 398 5.75765 32.6486 20.9997 -22.8744
0 0 399 -8.64316 -8.47163 -31.0866 -17.3991
0 0 400 3.71429 52.5214 -31.7773 -3.68348
0 0 401 -0.372422 73.7689 -2.99283 -11.9129
0 0 402 -5.91868 17.5672 -6.41416 3.16888
0 0 403 -9.32428 -29.0346 3.18068 -6.4266
0 0 404 -4.45914 -31.0938 7.29275 -8.48122
0 0 405 1.67094 -40.6879 -29.036 -16.0221
0 0 406 -27.1307 -29.7191 -49.5963 -17.3991
0 0 407 -14.7732 -26.9812 -37.2601 -0.262763
0 0 408 8.48213 1.12252 -50.967 18.2506
0 0 409 14.0284 -6.4182 -11.8969 -0.262763
0 0 410 14.7095 16.8827 -13.2676 -2.31738
0 0 411 5.75765 -30.4036 -4.36352 12.7644
0 0 412 -16.1355 -28.3501 -5.73421 15.5075
0 0 413 25.6074 -0.25218 35.3865 14.819
0 0 414 14.0284 -17.3813 11.4048 23.0484
0 0 415 1.67094 36.0767 49.7842 4.53498
0 0 416 -0.372422 7.28854 21.6796 -0.262763
0 0 417 0.308697 -35.2006 7.29275 1.79185
0 0 418 5.75765 -14.6434 10.7141 0.425751
0 0 419 9.16325 1.807 47.0428 18.9282
0 0 420 -12.0488 -0.25218 65.5525 27.8352
0 0 421 -1.05354 11.4011 76.518 16.8736
0 0 422 -13.411 38.1302 4.55137 -3.68348
0 0 423 -21.6817 -18.756 -33.148 -24.9291
0 0 424 -10.6865 -58.5073 -25.6038 -3.68348
0 0 425 0.308697 -31.0938 -31.7773 17.5621
0 0 426 9.16325 3.17594 -2.30209 -12.6014
0 0 427 13.3473 21.6798 32.6451 -21.5083
0 0 428 10.6228 -14.6434 27.1624 -1.62886
0 0 429 -10.0054 -49.5976 42.9307 5.91201
0 0 430 -0.372422 22.37 49.7842 -0.940348
0 0 431 35.9215 28.536 42.9307 -13.279
0 0 432 11.985 -23.5531 34.7066 1.79185
0 0 433 0.989816 25.7924 20.9997 3.85739
0 0 434 17.434 40.8738 14.1462 7.27811
0 0 435 -4.45914 23.7389 5.23132 -14.656
0 0 436 -10.6865 18.2574 -9.15554 -26.2952
0 0 437 -16.8166 -1.62113 7.29275 -7.80363
0 0 438 0.308697 -11.8998 19.629 25.7806
0 0 439 -14.0921 -2.99008 19.629 -4.37199
0 0 440 -32.4823 -22.1784 53.2055 12.0758
0 0 441 -12.7299 -14.6434 27.8531 10.7097
0 0 442 6.43877 2.49147 -9.84628 -4.37199
0 0 443 0.308697 25.7924 -13.9584 -26.2952
0 0 444 -17.4977 6.60407 2.48994 -13.9675
0 0 445 -12.7299 9.34772 -9.15554 3.16888
0 0 446 -19.4438 -17.3813 -5.73421 -3.68348
0 0 447 -14.0921 -24.922 -2.99283 3.85739
0 0 448 -9.32428 -3.67455 -17.3797 -6.4266
0 0 449 -0.372422 -7.10268 2.48994 23.7259
0 0 450 -12.7299 -12.5842 18.2583 19.6167
0 0 451 -0.372422 -16.6968 -13.2676 8.65513
0 0 452 14.7095 12.7701 -37.2601 5.22349
0 0 453 -13.411 -18.756 3.86063 -26.9946
0 0 454 -1.05354 -33.1472 -0.251447 -29.7268
0 0 455 -3.77802 5.23512 -7.1049 3.85739
0 0 456 -18.1788 1.807 40.8693 31.9553
0 0 457 -9.32428 21.6798 -4.36352 12.0758
0 0 458 7.11989 18.9419 3.18068 -0.940348
0 0 459 5.07653 -0.936655 5.23132 -5.73809
0 0 460 11.985 -8.47163 -2.30209 -2.31738
0 0 461 16.0717 0.438046 40.1893 -3.00589
0 0 462 -11.3676 4.55065 1.11924 8.65513
0 0 463 -10.0054 -13.2687 -5.04347 -13.279
0 0 464 -17.4977 -2.99008 -42.0521 -8.48122
0 0 465 -31.2174 -3.67455 -59.8819 3.16888
0 0 466 -31.8985 -1.62113 -60.5618 -3.68348
0 0 467 -22.3628 -31.7783 -22.8625 -16.0221
0 0 468 5.75765 -9.16185 6.60201 -7.11512
