0 0 0 -0.0360046
0 0 1 -0.038814
0 0 2 -0.0915756
0 0 3 -0.0988731
0 0 4 -0.0267884
0 0 5 -0.0045532
0 0 6 0.0121661
0 0 7 -0.0169042
0 0 8 -0.0868647
0 0 9 -0.0769805
0 0 10 -0.0620428
0 0 11 -0.0288098
0 0 12 -0.0192682
0 0 13 -0.0252124
0 0 14 0.023061
0 0 15 0.0602339
0 0 16 0.0538272
0 0 17 0.0172195
0 0 18 -0.0156708
0 0 19 -0.0260004
0 0 20 0.00104843
0 0 21 0.013862
0 0 22 0.0500071
0 0 23 0.0351893
0 0 24 0.0208169
0 0 25 -0.00600929
0 0 26 -0.0111827
0 0 27 -0.0226429
0 0 28 0.0494589
0 0 29 0.077193
0 0 30 0.0272237
0 0 31 -0.0376834
0 0 32 -0.0713617
0 0 33 -0.0501543
0 0 34 0.0320544
0 0 35 0.0853813
0 0 36 0.117501
0 0 37 0.01071
0 0 38 -0.0420687
0 0 39 0.0136393
0 0 40 0.0556258
0 0 41 0.0412534
0 0 42 0.0304784
0 0 43 -0.011748
0 0 44 -0.033298
0 0 45 0.00217904
0 0 46 0.0223929
0 0 47 0.0121661
0 0 48 -0.0128614
0 0 49 -0.0106174
0 0 50 -0.0164588
0 0 51 0.0117207
0 0 52 0.0216049
0 0 53 -0.0535118
0 0 54 -0.047225
0 0 55 -0.0517132
0 0 56 -0.0069172
0 0 57 -0.0193881
0 0 58 -0.0266857
0 0 59 0.0157634
0 0 60 0.0294677
0 0 61 0.023061
0 0 62 -0.0119707
0 0 63 0.022273
0 0 64 0.0297932
0 0 65 0.0290224
0 0 66 -0.0242018
0 0 67 0.01453
0 0 68 0.0555231
0 0 69 0.0228383
0 0 70 0.0144101
0 0 71 -0.0346513
0 0 72 -0.0492464
0 0 73 0.0181274
0 0 74 0.0383413
0 0 75 0.00252164
0 0 76 0.00599911
0 0 77 0.0474375
0 0 78 0.0104873
0 0 79 -0.038814
0 0 80 -0.0415034
0 0 81 -0.025675
0 0 82 0.00442312
0 0 83 -0.0701283
0 0 84 -0.0749591
0 0 85 0.0120633
0 0 86 0.0446281
0 0 87 0.0093738
0 0 88 -0.0670962
0 0 89 -0.048801
0 0 90 -0.0242018
0 0 91 -0.0370153
0 0 92 -0.0283644
0 0 93 -0.00230912
0 0 94 0.0224957
0 0 95 0.0167741
0 0 96 -0.00904137
0 0 97 -0.0349939
0 0 98 -0.0608094
0 0 99 -0.0766379
0 0 100 -0.0808006
0 0 101 -0.0723724
0 0 102 -0.00299434
0 0 103 0.0400201
0 0 104 0.0614673
0 0 105 0.0474375
0 0 106 0.035412
0 0 107 0.00363512
0 0 108 0.015318
0 0 109 0.0539471
0 0 110 0.0195835
0 0 111 0.0785292
0 0 112 0.0837025
0 0 113 0.0198062
0 0 114 -0.0252124
0 0 115 -0.0178121
0 0 116 0.0282344
0 0 117 0.0227355
0 0 118 -0.00780798
0 0 119 0.0506923
0 0 120 0.0241916
0 0 121 0.0187955
0 0 122 0.0507951
0 0 123 -0.0189256
0 0 124 -0.0649721
0 0 125 -0.01096
0 0 126 0.0351893
0 0 127 0.0506923
0 0 128 0.0179047
0 0 129 0.0396775
0 0 130 0.0711288
0 0 131 0.0299131
0 0 132 -0.0829419
0 0 133 -0.0940423
0 0 134 -0.0575546
0 0 135 -0.0436276
0 0 136 -0.0522785
0 0 137 -0.0820339
0 0 138 -0.0427368
0 0 139 0.0320544
0 0 140 0.0384441
0 0 141 0.0080205
0 0 142 0.0392321
0 0 143 -0.000184956
0 0 144 -0.0285871
0 0 145 -0.0577773
0 0 146 -0.0151055
0 0 147 0.00577642
0 0 148 0.0757198
0 0 149 0.109981
0 0 150 0.062478
0 0 151 0.0333906
0 0 152 -0.00129843
0 0 153 -0.0400474
0 0 154 -0.0465569
0 0 155 -0.0267884
0 0 156 0.0605765
0 0 157 0.0991884
0 0 158 0.0419215
0 0 159 -0.00354251
0 0 160 -0.0257778
0 0 161 -0.0575546
0 0 162 -0.0808006
0 0 163 -0.0575546
0 0 164 -0.0251097
0 0 165 -0.0270111
0 0 166 0.0212623
0 0 167 0.0061019
0 0 168 0.039352
0 0 169 -0.0047759
0 0 170 -0.0622655
0 0 171 -0.0363301
0 0 172 -0.0622655
0 0 173 0.0119434
0 0 174 0.0381186
0 0 175 0.0157634
0 0 176 0.0488936
0 0 177 0.060114
0 0 178 0.0234036
0 0 179 -0.0108401
0 0 180 -0.0077052
0 0 181 0.0211595
0 0 182 0.00375503
0 0 183 -0.00489581
0 0 184 0.00700981
0 0 185 -0.0284672
0 0 186 -0.072715
0 0 187 -0.0400474
0 0 188 0.016894
0 0 189 0.084028
0 0 190 0.218108
0 0 191 0.396863
0 0 192 0.53442
0 0 193 0.694658
0 0 194 0.774263
0 0 195 0.832643
0 0 196 0.903837
0 0 197 0.935511
0 0 198 0.965592
0 0 199 0.99987
0 0 200 0.901028
0 0 201 0.662641
0 0 202 0.479963
0 0 203 0.385865
0 0 204 0.305575
0 0 205 0.205637
0 0 206 0.168481
0 0 207 0.121201
0 0 208 0.0893213
0 0 209 0.0721395
0 0 210 0.06169
0 0 211 0.0618099
0 0 212 0.0207141
0 0 213 -0.0102919
0 0 214 -0.0347712
0 0 215 -0.0324072
0 0 216 -0.0812459
0 0 217 -0.0810232
0 0 218 -0.0536318
0 0 219 -0.00467312
0 0 220 -6.50435e-05
0 0 221 0.00700981
0 0 222 0.0157634
0 0 223 -0.0174695
0 0 224 0.00420042
0 0 225 0.0189154
0 0 226 -0.0120734
0 0 227 -0.0280218
0 0 228 -0.0329725
0 0 229 0.0344013
0 0 230 0.0202516
0 0 231 -0.0415034
0 0 232 -0.0247671
0 0 233 0.0183501
0 0 234 0.00790059
0 0 235 0.0147527
0 0 236 0.0436174
0 0 237 0.0479857
0 0 238 0.0337332
0 0 239 -0.012536
0 0 240 -0.0342059
0 0 241 -0.0188228
0 0 242 -0.0127587
0 0 243 -0.00871589
0 0 244 0.00498842
0 0 245 0.0348467
0 0 246 0.077193
0 0 247 0.0861693
0 0 248 0.013074
0 0 249 -0.0812459
0 0 250 -0.12277
0 0 251 -0.0430794
0 0 252 0.00521112
0 0 253 -0.00859598
0 0 254 -0.0353194
0 0 255 -0.0157907
0 0 256 -0.0053412
0 0 257 -0.0302659
0 0 258 -0.0440901
0 0 259 -0.038814
0 0 260 -0.0764152
0 0 261 -0.0929289
0 0 262 -0.0586852
0 0 263 -0.0559786
0 0 264 -0.0702482
0 0 265 -0.0179149
0 0 266 0.0459643
0 0 267 0.0155407
0 0 268 -0.0304886
0 0 269 -0.0535118
0 0 270 -0.0865221
0 0 271 -0.0685695
0 0 272 0.0430521
0 0 273 0.13446
0 0 274 0.134905
0 0 275 0.033836
0 0 276 -0.0757471
0 0 277 -0.0546425
0 0 278 -0.0654175
0 0 279 -0.0507025
0 0 280 -0.0562013
0 0 281 -0.0135467
0 0 282 -0.00242904
0 0 283 -0.0292552
0 0 284 -0.01478
0 0 285 0.0200289
0 0 286 0.0226156
0 0 287 -0.0145574
0 0 288 -0.0130841
0 0 289 0.0304784
0 0 290 0.0387867
0 0 291 0.0278917
0 0 292 0.0467523
0 0 293 -0.0302659
0 0 294 -0.0790019
0 0 295 -0.0484584
0 0 296 -0.0053412
0 0 297 0.0169968
0 0 298 0.0297932
0 0 299 -0.0263431
0 0 300 -0.058
0 0 301 0.00486851
0 0 302 0.013742
0 0 303 0.0173394
0 0 304 -0.0162361
0 0 305 -0.0476704
0 0 306 -0.0374607
0 0 307 -0.00859598
0 0 308 0.0106072
0 0 309 -0.0301631
0 0 310 -0.0327498
0 0 311 -0.0484584
0 0 312 -0.0582227
0 0 313 -0.0485783
0 0 314 -0.0481329
0 0 315 -0.0297177
0 0 316 -0.0404928
0 0 317 -0.0466597
0 0 318 -0.0055639
0 0 319 -0.0178121
0 0 320 0.00183643
0 0 321 0.01071
0 0 322 -0.0210669
0 0 323 -0.049589
0 0 324 -0.070351
0 0 325 -0.00400503
0 0 326 0.0123887
0 0 327 0.00432034
0 0 328 -0.013324
0 0 329 0.0194636
0 0 330 -0.0171269
0 0 331 -0.0540772
0 0 332 -0.0418289
0 0 333 -0.0584625
0 0 334 -0.0082705
0 0 335 0.0962762
0 0 336 0.0605765
0 0 337 -0.0509252
0 0 338 -0.0274565
0 0 339 -0.0208442
0 0 340 -0.0541971
0 0 341 -0.0862994
0 0 342 -0.0542998
0 0 343 0.0447309
0 0 344 0.0527137
0 0 345 -0.00849319
0 0 346 -0.0773231
0 0 347 -0.0310539
0 0 348 0.0293478
0 0 349 0.033836
0 0 350 -0.00803067
0 0 351 0.0072325
0 0 352 0.00688989
0 0 353 0.024637
0 0 354 0.0177848
0 0 355 -0.0227457
0 0 356 -0.00331982
0 0 357 -0.00780798
0 0 358 0.0164315
0 0 359 -0.0047759
0 0 360 -0.00186373
0 0 361 -0.013204
0 0 362 0.0232837
0 0 363 0.00341242
0 0 364 0.0203715
0 0 365 -0.024099
0 0 366 -0.0929289
0 0 367 -0.0688949
0 0 368 -0.0632762
0 0 369 -0.0191483
0 0 370 0.00555372
0 0 371 0.0224957
0 0 372 0.0171167
0 0 373 -0.0237564
0 0 374 -0.0521757
0 0 375 -0.0690148
0 0 376 -0.0510451
0 0 377 -0.0264458
0 0 378 -0.020159
0 0 379 0.000945649
0 0 380 -0.0077052
0 0 381 -0.0128614
0 0 382 -0.0148828
0 0 383 -0.0128614
0 0 384 -0.00792789
0 0 385 0.00229895
0 0 386 0.0241916
0 0 387 0.0241916
0 0 388 -0.00511851
0 0 389 0.0101447
0 0 390 -6.50435e-05
0 0 391 -6.50435e-05
0 0 392 -6.50435e-05
0 0 393 -6.50435e-05
0 0 394 -6.50435e-05
0 0 395 -6.50435e-05
0 0 396 -6.50435e-05
0 0 397 -6.50435e-05
0 0 398 -6.50435e-05
