0 0 0 0.00493954 0.00193967 0.00315976 -0.00112028
0 0 1 0.00175967 0.00408967 0.000849995 -5.02878e-05
0 0 2 0.0009387 0.000219982 0.00138989 -0.00011006
0 0 3 0.00467865 0.00121978 -0.00315023 -0.00162022
0 0 4 0.00602869 -0.00285024 0.00551976 -0.00256034
0 0 5 -0.00289065 -0.00149003 0.00483996 -0.00115017
0 0 6 -0.00121041 0.00154992 0.00590976 -0.000220011
0 0 7 -0.00214083 -0.00522024 -0.000570111 -0.00155012
0 0 8 -0.000880195 -0.00717022 0.00232979 -0.00952009
0 0 9 -0.00510178 0.00157988 -0.00565014 -0.00438007
0 0 10 0.0031097 0.000219982 -0.00655006 -8.01738e-05
0 0 11 0.00315896 0.000929888 -6.01911e-05 -0.000870123
0 0 12 -0.00208063 0.00112991 -0.00546027 0.00692975
0 0 13 -0.000300046 0.00262992 0.00145985 0.00128979
0 0 14 -0.00427169 0.00393989 -0.000690029 0.000239717
0 0 15 0.00147871 -0.00108032 -0.00498006 0.00220998
0 0 16 -0.000871073 -0.00215032 0.000399763 -0.00144017
0 0 17 0.00567841 0.00311983 -0.00292012 -0.0047601
0 0 18 -0.000670392 0.00250978 0.0017799 -0.00419005
0 0 19 -0.000520794 -0.00222022 -0.00501004 -0.00300015
0 0 20 0.00281962 9.97488e-06 0.0023098 0.000629711
0 0 21 0.00147871 -0.00464014 -0.00111001 -0.00185009
0 0 22 0.00402918 0.00198991 -0.00136011 -0.0045402
0 0 23 0.00509826 0.000279895 0.00259987 -0.000620335
0 0 24 0.00429919 -0.00265022 -0.00307002 0.00274977
0 0 25 0.00594842 0.000789779 0.000529944 0.00348991
0 0 26 0.00523874 0.000879961 0.000259859 0.00217972
0 0 27 0.00387958 -0.00523022 -0.00140008 0.00184987
0 0 28 0.00329943 0.000429677 0.00581983 -0.00080002
0 0 29 -0.000540862 -0.00265022 -0.00691008 -0.00138003
0 0 30 -0.00501056 -0.000200032 0.0023098 -0.00126012
0 0 31 0.000139627 0.00206979 0.0034898 0.000979856
0 0 32 0.00171953 -0.00112026 0.00130995 -1.00708e-05
0 0 33 -0.00302018 -0.00211007 -0.000510152 -0.000980074
0 0 34 0.0021592 -0.00385004 -0.000620077 -0.000530308
0 0 35 0.00315896 -0.00408002 0.00233978 -2.00328e-05
0 0 36 0.00463852 0.00340972 0.00346982 0.00487979
0 0 37 0.00278861 -0.0046002 0.00165998 0.00113999
0 0 38 -0.00365141 0.00408967 0.00593974 0.00202992
0 0 39 -0.00911174 -0.00543024 0.00186984 -0.00276032
0 0 40 -0.0048409 0.00215998 -0.000450194 -1.08844e-07
0 0 41 0.0040383 -0.00773003 0.00210994 -0.0069403
0 0 42 -0.00643175 -0.00188009 0.00129996 0.00112966
0 0 43 0.000139627 0.00166975 -0.00275024 -0.00258027
0 0 44 -0.00651019 0.00202985 0.000189907 -0.00477006
0 0 45 0.000739844 -0.00141015 -0.00172013 -0.00307025
0 0 46 -0.00261152 -0.000770141 0.00370992 -0.00159034
0 0 47 0.00401823 -0.00317009 -0.00156024 -0.00168037
0 0 48 0.00155899 -0.00275008 1.9754e-05 -0.00434022
0 0 49 0.00121965 0.00427971 0.00290993 0.00503992
0 0 50 0.00572949 0.000579772 0.00292992 -0.00422031
0 0 51 -0.00264071 0.0017799 0.00166997 0.00160968
0 0 52 0.00379931 0.00255971 0.0023198 -0.00517002
0 0 53 0.00474981 0.000409707 0.000469985 -0.000490092
0 0 54 0.000748966 0.000359779 -0.00494008 -0.00512021
0 0 55 0.00070883 -0.000440308 0.00392977 -0.00237033
0 0 56 0.00171953 -0.0043203 0.00161974 -0.000520346
0 0 57 0.0038285 0.00232973 0.00119975 -0.00378013
0 0 58 0.00375917 0.00230976 -0.00265003 -0.00234007
0 0 59 -0.000681338 0.00239994 0.00391978 -0.000940226
0 0 60 0.000539164 -0.00102009 -0.00012015 -0.00452027
0 0 61 0.00460933 -0.0020901 0.0032 0.00134993
0 0 62 0.00305862 -0.000760156 0.00174992 0.00578966
0 0 63 0.000969715 0.00337977 -0.000450194 -0.00167003
0 0 64 -0.00293078 -0.000980149 0.00156977 0.00160968
0 0 65 0.000829238 0.00368994 0.00361999 -0.00396019
0 0 66 0.000188885 -0.00180021 0.00416988 -0.00383031
0 0 67 -0.00320079 -0.00335014 0.000879974 0.0012599
0 0 68 0.00212819 0.000159757 -0.0013801 -0.0017501
0 0 69 0.00285976 0.000239953 -0.00206017 -0.00223012
0 0 70 0.000539164 0.00122976 -0.00184005 0.00267967
0 0 71 0.00474981 0.00386968 -0.000730002 -0.00378013
0 0 72 0.00124884 -0.00579003 -0.00200021 0.00384965
0 0 73 0.000119559 -0.000690258 0.00499985 -0.00419005
0 0 74 -0.00117027 0.000949859 -0.00259008 0.00539966
0 0 75 0.00571854 -0.00464014 -0.00211014 -0.00205007
0 0 76 -0.00491022 0.000329823 -0.000150129 -0.00271014
0 0 77 -0.00325005 -0.000750171 -0.00239021 -0.00283005
0 0 78 0.00234894 0.00166975 -0.00063007 -0.00355027
0 0 79 0.00533908 0.00245985 0.00262985 -0.00360008
0 0 80 -0.00209157 0.00305992 -0.009 0.000349668
0 0 81 0.00339977 -0.00139018 -0.0043802 0.00166982
0 0 82 -0.00279031 -0.00422013 0.00104986 -4.03258e-05
0 0 83 0.000628558 -0.00359011 0.00378987 -0.0018202
0 0 84 -0.000770732 9.98443e-05 -0.00121021 -0.00474017
0 0 85 0.0033797 -0.00414024 -0.000760251 -0.0022102
0 0 86 0.00226866 0.00360974 0.00330993 -0.000690069
0 0 87 0.000998905 -0.00404008 0.00107984 -0.00315031
0 0 88 -0.000701407 -0.000200032 0.00402997 0.00361979
0 0 89 0.000978837 -0.00426007 0.00106984 0.000399847
0 0 90 -0.00066127 0.00121978 0.000449999 0.00333974
0 0 91 0.00329943 0.00361973 0.00478999 -0.00549028
0 0 92 -0.00308038 0.00174995 0.000639869 0.000829689
0 0 93 -0.000681338 0.00467975 -0.00450012 0.00108981
0 0 94 -0.00669081 0.00161982 0.00488992 0.00255976
0 0 95 0.00104999 -0.0011602 -0.00378007 -0.00363033
0 0 96 -0.00356019 -0.00104006 0.00605993 0.000869906
0 0 97 -0.00169021 -0.00333017 -0.00210014 0.00412969
0 0 98 0.00080917 0.00506981 -0.00307002 0.00281987
0 0 99 0.000278279 -0.00440018 -0.00415009 -0.00113024
0 0 100 0.00185818 0.000789779 -0.00225004 -0.00534011
0 0 101 0.00508914 -0.00135024 0.00504981 0.00219965
0 0 102 0.00466953 0.00138984 0.000729807 -0.000150277
0 0 103 0.00104999 -0.00016009 0.000939933 2.97771e-05
0 0 104 0.0038887 -0.00340007 0.000269853 -0.00241017
0 0 105 0.00123972 -0.00306025 -0.00404016 -0.00220023
0 0 106 0.000159695 0.00125972 0.00232979 0.00464993
0 0 107 0.00679857 -0.00287021 -0.00231 0.0031298
0 0 108 0.00347822 0.00179987 -0.00236023 0.00376995
0 0 109 -0.000781679 -0.00182018 -0.00105005 -0.00622008
0 0 110 -0.000960467 0.000709895 0.00488992 0.00130971
0 0 111 6.84768e-05 -0.00144011 -0.00118023 -0.00103025
0 0 112 0.00212819 0.000419692 -0.000760251 0.00159971
0 0 113 0.00183994 0.0014897 0.00424982 0.000899792
0 0 114 -0.00414034 0.00380977 0.00100989 -0.00197037
0 0 115 0.00176879 -0.000820069 -0.00107004 -0.00129037
0 0 116 0.00255874 0.00192969 0.00188982 0.000789841
0 0 117 0.000699708 -0.00113024 -0.00371012 -0.00206003
0 0 118 0.00344903 -0.000130134 -0.00603015 0.00207973
0 0 119 0.00565834 -0.00422013 0.00195977 8.99181e-05
0 0 120 -0.000181462 0.00145974 0.00222986 -0.000410027
0 0 121 -0.00602126 0.00391992 -0.00563015 -0.000300076
0 0 122 -0.00485002 0.00216996 -2.02186e-05 -8.01738e-05
0 0 123 -0.00219009 -0.000850025 -0.00106005 0.00410977
0 0 124 -0.00371161 0.00139983 -0.00362018 -0.00300015
0 0 125 0.00347822 -0.00048025 0.00475974 -0.000320369
0 0 126 -0.000281802 0.0014897 -0.00154026 -0.00102029
0 0 127 -0.00523131 -0.00372023 0.00667978 0.00447984
0 0 128 -0.00175042 -0.00289019 -0.00300006 -8.01738e-05
0 0 129 0.00233982 0.00200988 0.00124 -0.000940226
0 0 130 0.00621842 -0.0045303 0.000939933 -0.00278024
0 0 131 -0.00290159 0.00037975 -0.0020202 0.0022299
0 0 132 -0.00718156 0.00291981 0.00257989 0.00286968
0 0 133 -0.00556152 -0.0080402 0.000399763 0.00146984
0 0 134 -0.0073713 -0.0016601 0.000959919 -0.00425019
0 0 135 -0.00204049 -0.00057012 0.00136991 -0.000450244
0 0 136 -0.00384114 -0.00130031 0.00245997 0.000849982
0 0 137 -0.00214083 0.000309852 -0.00198022 0.00164989
0 0 138 -0.000130379 0.00298971 -0.0020102 0.00253983
0 0 139 -0.00320079 -0.00208011 -0.00272026 -0.000810351
0 0 140 0.00137837 -0.000990134 0.00150981 -0.00349013
0 0 141 0.00239819 -0.00170004 0.000589903 -0.000580118
0 0 142 -0.0045417 0.0039299 0.00198975 -0.00186005
0 0 143 -0.00287058 -0.000740185 0.00114979 -0.00240021
0 0 144 -0.00324093 0.00271979 0.0042798 -0.00350009
0 0 145 -0.000380318 0.00247982 0.00104986 0.0027697
0 0 146 -0.00461103 -0.00438021 0.000549931 -0.00263008
0 0 147 -0.00194015 -0.00353019 0.00140988 -0.000520346
0 0 148 0.00113938 0.000569786 -0.00285017 0.000259641
0 0 149 -0.00434102 -0.00307024 8.99761e-05 0.0019399
0 0 150 -0.000310992 -0.000490236 0.000159928 0.0023797
0 0 151 0.00249854 -0.0046701 0.00357974 0.000279934
0 0 152 0.00461845 0.00143977 0.000309825 -0.00623005
0 0 153 0.00413864 4.99168e-05 0.00124999 -0.00229026
0 0 154 -0.00196022 0.00298971 -0.00496007 0.00221994
0 0 155 0.00160824 0.00178989 0.00278974 0.00303978
0 0 156 -0.000621134 -0.00638011 0.00305983 0.00648995
0 0 157 -0.00418048 0.00153994 -0.00356022 -0.00149035
0 0 158 0.00219934 0.00188974 0.00251993 -0.00360008
0 0 159 0.00558901 0.00132993 -0.00168016 0.00270992
0 0 160 -0.00386121 0.00196994 0.00305983 -0.00129037
0 0 161 0.00187825 0.00721981 0.000779773 0.000459988
0 0 162 0.00182899 0.00101976 0.00274977 0.00998993
0 0 163 0.00221941 -0.00343003 -0.00356022 -0.000340293
0 0 164 -0.00224117 -0.00144011 -0.00292012 0.00374966
0 0 165 -0.00136 -0.00230011 0.00163 -0.0016003
0 0 166 0.00120871 -0.000770141 -6.01911e-05 -1.00708e-05
0 0 167 -0.000500726 0.00182983 0.00435975 -0.00176006
0 0 168 -0.00131075 0.000139786 9.99692e-05 -0.00596033
0 0 169 -0.00427169 -0.00482019 -0.000590098 -0.0011402
0 0 170 -0.00189089 -0.00103008 -0.00012015 -0.00140032
0 0 171 -0.00119034 0.00183982 0.00160974 0.00180965
0 0 172 0.00556895 -0.00284026 0.000840002 0.000229755
0 0 173 -0.00020153 -0.00179022 0.000279846 -0.00443025
0 0 174 0.00105911 0.00352986 -0.00448013 -8.01738e-05
0 0 175 -0.00690061 0.00126971 0.000639869 0.00131967
0 0 176 -0.00189089 -0.00408002 7.99829e-05 -0.000810351
0 0 177 0.00345998 0.000989801 0.000379777 7.99561e-05
0 0 178 0.000338483 -0.00230011 0.00196977 -0.000780096
0 0 179 0.000119559 -0.00084004 0.00135992 -0.000190125
0 0 180 0.000188885 0.00830979 0.00190981 0.00712973
0 0 181 -0.00194015 0.00200988 0.00285997 -0.00222016
0 0 182 -0.00498137 0.00413991 0.000159928 0.00214984
0 0 183 -0.00515104 -0.000580105 0.0011398 -0.00485013
0 0 184 0.00119959 -0.00286023 0.00305983 3.97391e-05
0 0 185 0.00648843 -0.00706006 0.00190981 -0.00575003
0 0 186 -0.00786023 -0.00126005 -0.00466001 -0.00177002
0 0 187 0.00378836 0.00169971 -0.00107004 0.00159971
0 0 188 -0.000980535 -0.000950192 -0.00129016 -0.00112028
0 0 189 0.00280868 -0.00248016 -2.32273e-07 -0.00702036
0 0 190 -0.000920331 -0.00181019 2.97471e-05 -0.00493019
0 0 191 0.00723824 0.000339808 -0.0012302 -0.000610373
0 0 192 -0.00493029 -0.00105005 -0.00463003 -0.00168037
0 0 193 0.0048994 0.00136987 -0.00190001 -0.00106014
0 0 194 -0.000681338 -0.00151032 0.00186984 -0.00290016
0 0 195 -0.000310992 -0.00468008 0.000919947 0.0044898
0 0 196 0.00686972 6.98878e-05 -0.000520146 -0.00293004
0 0 197 0.00349829 0.00350989 0.000479979 -0.00582013
0 0 198 -0.00609059 0.00140982 -0.00299007 0.000849982
0 0 199 -0.00257138 0.00343968 0.00108983 -0.00584005
0 0 200 -0.000630256 0.00192969 -0.00563015 0.00335967
0 0 201 -0.00157163 0.00407969 6.99898e-05 -0.00500029
0 0 202 -0.0027301 0.000359779 0.000840002 0.00258964
0 0 203 -0.00122135 0.00232973 -0.00208016 -0.00493019
0 0 204 0.00117952 0.00389995 0.000399763 -0.00534011
0 0 205 8.27269e-06 0.00376982 0.00161974 -0.00128004
0 0 206 0.00254962 0.000689924 0.00312978 -0.00546002
0 0 207 -0.00135088 -0.00223021 0.00145985 -0.00491027
0 0 208 0.00284881 -0.00168007 -0.00235024 0.00217972
0 0 209 -0.00392142 0.00037975 -0.00229001 -0.0040801
0 0 210 -0.000480658 4.99168e-05 -0.000780237 0.00192994
0 0 211 0.00183994 -0.000800098 0.0036 0.00352976
0 0 212 0.00161919 -0.00268018 -0.00200021 -0.000680107
0 0 213 0.00116857 0.000649982 0.000399763 0.00194986
0 0 214 -0.00420054 -0.00198026 0.00503982 0.00114995
0 0 215 -0.00373168 0.00129998 -0.00293011 0.00438981
0 0 216 0.00214826 0.00259996 -0.00248015 0.00616969
0 0 217 0.00454912 0.00637978 0.00183986 -0.00287027
0 0 218 -0.00141109 0.000179728 -0.0039802 0.0050997
0 0 219 -0.00226124 -0.00325029 0.000129949 -0.00146009
0 0 220 0.000289225 0.000359779 -0.00412011 0.00220998
0 0 221 -0.00147129 0.00174995 0.00041975 -0.00102029
0 0 222 -0.000451468 -0.00136022 -0.000130143 -0.00167003
0 0 223 -0.00232145 1.99604e-05 0.00248995 0.000819727
0 0 224 0.00243833 -0.000100178 0.00330993 -0.00134018
0 0 225 0.00527887 0.000899932 0.000299832 0.00173992
0 0 226 0.00426817 0.00230976 0.00174992 0.00159971
0 0 227 0.00292909 0.000219982 -0.000100164 -0.000100098
0 0 228 -0.006481 0.000319837 -0.00129016 -0.00252013
0 0 229 0.00136925 -0.000330156 -0.000410221 5.96631e-05
0 0 230 0.00383945 -0.00452032 0.000199901 0.000979856
0 0 231 -0.00270091 0.00208977 0.00357974 -0.00321009
0 0 232 -0.00350181 -0.0016601 -0.00227003 0.00046995
0 0 233 0.00225954 0.00293978 0.00606993 -0.00171025
0 0 234 0.00187825 0.000659968 -0.000560118 -0.00117009
0 0 235 -0.00131075 0.000129801 0.00234978 0.00326964
0 0 236 0.00293821 0.00444977 -0.00730009 0.000839651
0 0 237 0.00414959 -0.00113024 -0.00337008 -5.02878e-05
0 0 238 -0.00229043 0.00145974 -0.00352025 0.00559964
0 0 239 -0.00059012 -0.000270243 0.00458986 -0.00264004
0 0 240 -0.000500726 -0.000640018 0.00154978 -0.00287027
0 0 241 0.00143858 0.00162981 0.000629876 -0.000130353
0 0 242 0.00103904 -0.00465013 0.000459992 -0.000830275
0 0 243 0.00060849 0.000279895 -0.00325016 -0.00118005
0 0 244 0.00530989 0.00145974 0.00264984 0.00272985
0 0 245 0.00343991 0.00237997 -0.00264004 0.00216976
0 0 246 0.000409634 -0.00537002 -1.02254e-05 -0.000450244
0 0 247 -0.0052605 0.00080975 -0.00171014 0.00126986
0 0 248 -0.00204049 -0.00570016 -0.00108003 0.00513991
0 0 249 -0.00357114 -0.00106003 -0.00114026 -0.00101033
0 0 250 -0.00575126 0.00287987 -0.00385002 -0.000690069
0 0 251 0.00274847 -0.000770141 -0.00508026 -0.000310038
0 0 252 0.00694999 -0.000520192 0.00266983 0.00388987
0 0 253 0.00586997 0.00389995 -0.00378007 -0.00399007
0 0 254 -0.00359121 -0.00317009 0.000519951 0.00221994
0 0 255 0.00140939 0.00311983 0.00425982 -0.00135014
0 0 256 0.000199831 -0.00342004 0.000509958 -0.00115017
0 0 257 -0.00199123 0.00437988 -0.00273025 -0.00389008
0 0 258 -0.00130162 -0.00210008 -0.00107004 -0.00118005
0 0 259 -0.00149136 -0.00413026 -0.000140136 0.00142962
0 0 260 -0.000400386 0.00219992 -0.00301006 0.000589863
0 0 261 -0.0004314 -0.000800098 0.00267982 0.00262986
0 0 262 -0.00207151 -0.00149003 0.00368994 0.00318994
0 0 263 -0.000830937 -0.000250272 0.00383983 0.00212991
0 0 264 0.00717986 -0.00179022 1.9754e-05 -0.00278024
0 0 265 0.00298929 0.000929888 -0.00473023 -0.00401037
0 0 266 -0.000650324 -0.000400054 5.00035e-05 0.00400978
0 0 267 0.00264996 0.000929888 -0.00140008 -0.00195008
0 0 268 -0.000681338 -0.00241026 -0.000500159 0.00530964
0 0 269 0.000509974 -0.000980149 0.00247996 0.00560997
0 0 270 0.00060849 -0.00317009 -0.000240068 0.00100974
0 0 271 0.00429919 0.000339808 0.0068999 -0.00557034
0 0 272 -0.000630256 0.000419692 -0.000720008 0.00468978
0 0 273 0.0010883 -0.00154027 -0.0024102 0.00197975
0 0 274 0.00290902 2.99459e-05 -0.00308001 0.00696997
0 0 275 0.00495961 -0.00532009 0.00384983 -0.000320369
0 0 276 0.00380843 0.0066497 -0.00406015 0.00106988
0 0 277 0.000429702 0.000549815 0.00284997 -0.000860161
0 0 278 0.000469838 -0.00234005 -0.00330013 -0.00307025
0 0 279 -0.00227036 0.00296974 -0.0051602 0.00258964
0 0 280 -0.00198029 0.000599743 -0.00473023 0.00153994
0 0 281 -0.00165008 0.000739852 -0.00829022 0.00218969
0 0 282 -0.00209157 0.00161982 0.0033499 0.000639673
0 0 283 -0.0015917 -0.000250272 -0.00311026 0.000719738
0 0 284 0.00175967 0.00208977 -0.00213012 -0.00176006
0 0 285 -0.00213171 0.00523988 -0.000780237 -0.000210049
0 0 286 0.00278861 0.00376982 0.00076978 -0.00324034
0 0 287 0.00212819 -0.000830054 0.00328994 -0.000190125
0 0 288 -0.00546118 0.000189714 0.00269981 0.00610992
0 0 289 0.00185818 0.00154992 -0.00235024 0.000819727
0 0 290 0.00185818 -0.000750171 -0.00575007 0.000219793
0 0 291 -0.00116115 -0.000660301 -0.000250061 0.00164989
0 0 292 -0.0021609 -0.00339008 -0.000180109 0.00030982
0 0 293 -0.00321174 0.00112991 0.00417987 -0.00163019
0 0 294 -0.000971413 0.0015699 -0.00361019 0.000429733
0 0 295 0.00134918 0.000279895 0.00458986 0.00226975
0 0 296 0.00212819 0.00250978 0.00139989 9.85315e-06
0 0 297 0.00113938 -0.00151032 0.0025699 0.00547973
0 0 298 -0.00473144 0.00100977 0.00350979 -0.00300015
0 0 299 0.00241826 0.00138984 -0.00130015 -0.00564008
0 0 300 -0.00118122 0.0022099 0.000969913 -0.00127008
0 0 301 -0.00403088 0.000799765 0.00324997 -0.00270018
0 0 302 -0.00450157 -0.000660301 0.00493989 2.97771e-05
0 0 303 0.00326842 -0.0019503 -0.00533009 -0.00280017
0 0 304 -0.00668168 -0.00210008 0.00575987 -0.0016003
0 0 305 -0.00205144 -0.00224019 -0.00342005 -0.00240021
0 0 306 -0.00497043 -0.00726009 0.000869981 -0.000840237
0 0 307 -0.00161177 0.00210974 0.00123 0.0011898
0 0 308 -0.00299099 -0.000580105 0.00353977 0.00123998
0 0 309 0.00315896 -0.00317009 0.00101988 6.96251e-05
0 0 310 0.00174872 -0.00294011 -0.00339007 -0.00719009
0 0 311 0.00121965 -0.00191005 -0.000400228 0.00284976
0 0 312 -0.00518023 0.000229968 -0.000260054 -0.00193015
0 0 313 -0.00660141 -0.00342004 0.00187983 0.000639673
0 0 314 0.00146959 0.0022099 -0.00723013 0.00240996
0 0 315 -0.00129068 -0.00188009 -0.00299007 -2.00328e-05
0 0 316 -0.00238165 -0.00138019 0.00672974 -0.00176006
0 0 317 0.00439953 0.00360974 0.00117977 -0.00394026
0 0 318 0.0010883 0.00327991 0.00300986 -0.00277028
0 0 319 0.00485927 0.00494967 0.000599896 -0.0031101
0 0 320 0.002099 0.00455993 -0.00369013 -0.00457008
0 0 321 -0.00314059 -0.0007302 0.00298988 0.000849982
0 0 322 -0.00344161 0.00431996 0.00411991 0.000879868
0 0 323 0.000909511 -0.000380083 -0.00261006 -0.0011402
0 0 324 -0.00264071 -0.00129032 0.00288995 -0.00313002
0 0 325 -0.000420454 0.00204982 -0.00311026 0.00377992
0 0 326 0.0052588 0.00427971 0.000109962 -0.00059008
0 0 327 -0.00385027 0.0010597 -0.00159022 -0.00409006
0 0 328 -0.00203137 0.00168972 0.00314977 -0.00417013
0 0 329 -0.00361127 0.00169971 -0.00440018 -0.00511024
0 0 330 -2.09172e-05 -0.00351022 0.00514975 -0.00328019
0 0 331 -0.00556152 0.00322967 -0.0031902 -0.00054027
0 0 332 0.00193845 0.00552977 0.00188982 0.00206977
0 0 333 -0.000551808 -0.00180021 0.00193979 0.00144992
0 0 334 -0.00349087 0.000719881 -0.000370249 -0.00167003
0 0 335 0.0037683 -0.00041004 -0.000580104 -0.00142025
0 0 336 0.00433932 -0.00160019 0.00305983 -0.00256034
0 0 337 0.00254962 0.0027797 -0.00311026 0.00484991
0 0 338 -0.00023072 -0.00258001 0.000209894 -0.00251016
0 0 339 0.00548867 -0.00456026 0.00276976 -0.00462026
0 0 340 8.27269e-06 0.00256969 0.00241001 -0.00232015
0 0 341 0.0028999 0.00216996 0.00331992 -0.000640259
0 0 342 -0.00574031 0.000449961 0.00150981 -0.00306029
0 0 343 -0.00350181 0.00283993 0.000179914 -0.000280152
0 0 344 0.00287983 -3.02791e-05 -0.00012015 0.00266971
0 0 345 -0.00178143 6.98878e-05 -0.00739002 -0.00370007
0 0 346 0.000898564 0.00130996 0.000840002 -0.00100037
0 0 347 -0.00295085 -0.00282029 0.000249866 -0.00375025
0 0 348 -0.000880195 -0.00433028 0.00311979 -0.00104022
0 0 349 -0.00369155 -0.00176027 0.0025699 0.00445991
0 0 350 -0.00509084 -0.00103008 -0.000230074 0.00587968
0 0 351 0.00305862 0.00122976 -0.00351026 0.00438981
0 0 352 -0.00120128 0.00420981 -0.000290033 0.000179945
0 0 353 -0.000871073 -0.000250272 0.000889967 -0.00400004
0 0 354 -0.000650324 -0.00127004 0.00405995 0.00451969
0 0 355 0.00334869 0.00385969 -0.00117024 8.99181e-05
0 0 356 -0.00390135 -0.00111027 -0.00012015 -0.000680107
0 0 357 -0.00137095 0.00284991 -0.00121021 0.00217972
0 0 358 -0.000290924 -0.000660301 -0.00231 -0.00525008
0 0 359 8.27269e-06 -0.00200023 0.00494988 -0.00289019
0 0 360 -0.00181062 -0.00169005 -0.00234025 -0.0069403
0 0 361 0.000559232 -0.00103008 0.00416988 -0.00234007
0 0 362 0.000639504 0.000669953 -0.00148003 -0.00430037
0 0 363 0.00129993 0.00235969 0.00470978 0.00423964
0 0 364 -0.00242179 -0.00138019 0.000669848 -0.000130353
0 0 365 -0.000320114 0.00596975 0.0041399 0.00100974
0 0 366 -0.00245098 0.00230976 0.000809752 -0.00582013
0 0 367 -0.00223023 -0.00494002 0.00636999 -0.00271014
0 0 368 -0.000520794 -0.00337011 0.00182986 0.00710981
0 0 369 0.00348917 0.0027797 -0.000400228 -0.000530308
0 0 370 0.000429702 -0.0038101 0.000269853 -0.00239025
0 0 371 -0.00188177 -0.00537002 -0.00583001 0.00190964
0 0 372 -0.00503063 0.00591982 0.000439736 0.00405996
0 0 373 0.00107918 7.98733e-05 0.00838995 0.00663975
0 0 374 -0.000900263 -0.00171003 -0.00434023 0.00540962
0 0 375 -9.02432e-05 -0.00444012 -0.000520146 0.00186979
0 0 376 -0.00444136 -0.00430001 -0.000360255 0.00219965
0 0 377 -0.00603039 0.00358977 -0.00397021 -0.00248028
0 0 378 0.00111931 0.00229977 -0.00234025 0.00139974
0 0 379 -0.00440123 0.00165977 0.000189907 -0.00091034
0 0 380 0.00199866 0.000619714 -0.00100009 0.000619749
0 0 381 -0.00134176 -0.00111027 0.00687991 -0.000700031
0 0 382 -0.00229043 -0.000960178 -0.00512023 -0.00645032
0 0 383 -0.00294173 0.00218993 -0.000420214 -0.00274003
0 0 384 -0.00238165 -0.000560134 0.00207996 0.00159971
0 0 385 0.000639504 -0.000850025 -0.000510152 -0.00261015
0 0 386 0.00189832 -0.00246019 0.00226983 0.00787983
0 0 387 -0.00677108 0.00562993 -0.00776004 -0.00521023
0 0 388 -0.00402176 6.98878e-05 0.00485994 0.00361979
0 0 389 0.000519096 0.00503985 -0.00759016 -0.00199029
0 0 390 -0.00132169 -0.000490236 -0.00529011 0.0012599
0 0 391 -0.00321174 0.00262992 -0.00178009 -0.000710362
0 0 392 -0.00114108 0.00374985 0.00180988 0.00151965
0 0 393 0.00625856 -0.000940207 0.000489972 0.00145988
0 0 394 -0.00871038 0.000409707 0.00281 0.0019399
0 0 395 0.00218839 -0.00111027 0.00165998 -0.00294037
0 0 396 -0.00113013 -0.00246019 0.0011398 0.000339706
0 0 397 0.00436851 0.00165977 -0.00183006 0.000619749
0 0 398 -0.00801165 0.000629699 0.00114979 -0.00246035
0 0 399 0.00128898 0.000359779 -0.00343004 0.00559964
0 0 400 0.00187825 0.00264989 -0.00362018 -0.00282009
0 0 401 -0.00479164 -0.00271013 0.00416988 -0.000850199
0 0 402 0.00427912 -0.00484016 0.00560997 0.00333974
0 0 403 0.00822888 -0.000960178 0.00490991 0.00765993
0 0 404 -0.00404182 7.98733e-05 -0.00228002 0.00401974
0 0 405 0.00344903 -0.000780127 0.000299832 -0.000470168
0 0 406 0.00269922 -0.00349025 0.0027098 -0.000790058
0 0 407 -0.00114108 -0.00651024 0.0023198 -0.00429004
0 0 408 -0.000940399 -0.01076 0.00281 -0.00616031
0 0 409 -0.000380318 0.0026399 0.00369993 0.00151965
0 0 410 0.00197859 -0.00388031 -0.00418007 -0.000310038
0 0 411 0.00163926 -0.00057012 -0.00435022 -0.00811028
0 0 412 -0.0018617 -0.000640018 0.0030998 -0.00372036
0 0 413 0.000929579 -0.00379013 -0.00321019 -0.00270018
0 0 414 0.00391972 0.00314979 -0.00293011 -0.00137007
0 0 415 0.00102992 0.00195995 0.000619883 -0.00054027
0 0 416 0.00247847 -2.02936e-05 0.000869981 0.00128979
0 0 417 0.00153892 -0.00313015 -0.00301006 -0.00186005
0 0 418 0.00465859 0.000619714 0.00187983 0.00152998
0 0 419 0.00067964 -0.0015902 0.00360999 0.00171963
0 0 420 0.0038285 -0.00787014 0.000709821 0.00253983
0 0 421 -0.00493029 0.00426972 -0.00340006 0.000509798
0 0 422 -0.00212076 5.99023e-05 -0.00437021 0.000369961
0 0 423 -0.000320114 0.00402976 0.00260987 -0.00429004
0 0 424 -0.00118122 0.000929888 0.00217989 -0.00492023
0 0 425 -0.00902053 -0.00146008 -0.000230074 0.000649635
0 0 426 0.000229021 0.000129801 0.00172993 0.00520965
0 0 427 0.00254962 -0.0007302 0.000609889 -0.000410027
0 0 428 -0.0029618 0.00104971 0.00243998 0.000609787
0 0 429 0.00270834 -0.000210018 0.000499965 -0.00406018
0 0 430 0.0046294 -0.00112026 0.00616986 -0.00354031
0 0 431 0.0015298 0.00254972 -0.000339999 -0.000300076
0 0 432 0.00446885 0.00132993 1.9754e-05 -0.000160239
0 0 433 0.00608889 -0.000980149 0.00142987 -0.00172021
0 0 434 -0.000391264 -0.00408002 -0.00248015 -0.00443025
0 0 435 -0.000261734 -0.00280032 -0.00311026 -0.00776014
0 0 436 0.00459838 -0.00192003 -0.00309 7.99561e-05
0 0 437 0.000759912 0.000199699 0.00564994 0.00182995
0 0 438 -0.00416041 -0.000900265 0.00038977 8.99181e-05
0 0 439 0.00150973 -0.000240286 -0.0045201 0.00649991
0 0 440 -0.000480658 -0.00173031 0.00485994 -0.000840237
0 0 441 0.00199866 0.00337977 -0.00110002 -0.00274003
0 0 442 0.00612903 0.00522989 -0.00543002 -0.00411035
0 0 443 0.00529894 -0.000590091 -0.00375009 -0.00276032
0 0 444 -0.00215178 0.00419982 0.000609889 -0.000920302
0 0 445 -0.00532071 -0.00224019 0.0025599 -0.00225004
0 0 446 0.00183994 -0.000850025 -0.00330013 0.000269972
0 0 447 -0.00286146 0.000799765 7.99829e-05 0.00106988
0 0 448 0.00184906 0.00336978 -0.00278022 -0.00104022
0 0 449 -0.00192008 6.98878e-05 -0.00592022 0.00141966
0 0 450 0.00130905 -0.000890279 0.00284997 0.00540962
0 0 451 -0.000101189 0.00319971 0.00235977 0.00199967
0 0 452 -0.000650324 -0.00169005 -0.00326016 0.00490968
0 0 453 -0.00142021 -0.00182018 -0.000490166 -0.00310013
0 0 454 4.84088e-05 0.00284991 -0.00148003 0.00389983
0 0 455 -0.0004314 -0.00302031 0.0033499 0.00393968
0 0 456 -0.00390135 0.00178989 7.99829e-05 0.00474992
0 0 457 -0.00173035 0.00124974 -0.00119023 0.00254979
0 0 458 0.00233982 -0.0023803 -2.32273e-07 0.00143995
0 0 459 -0.00124142 0.00351987 -0.00196024 -0.000120022
0 0 460 -0.00314059 0.00147971 0.00109982 -0.000990036
0 0 461 0.00252955 -0.000610062 0.00403997 0.00356998
0 0 462 0.00297834 -0.00104006 0.00760995 0.00457983
0 0 463 -0.00104074 -0.00487012 0.00156977 0.000789841
0 0 464 0.00401823 0.00120979 -0.00193026 0.00446988
0 0 465 -0.00344161 -0.00273011 0.00114979 -0.00491027
0 0 466 -0.00494124 0.00587988 -0.00293011 0.00311984
0 0 467 0.00103904 -0.00244021 -0.00462003 0.000699814
0 0 468 0.00244928 0.00143977 -0.00789022 -0.000510016
0 0 469 0.00142946 0.00372988 -0.00126018 0.000819727
0 0 470 0.0062695 -0.00434027 0.00483996 -0.00135014
0 0 471 -0.00104074 0.00433993 -0.00220007 -0.000320369
0 0 472 -0.00242179 -0.00387001 0.000979906 0.0033497
0 0 473 -0.00132169 0.000599743 0.00219988 0.00330986
0 0 474 0.00242921 -0.00567021 -0.00235024 0.00460971
0 0 475 -0.00213171 0.000369765 -0.00305003 0.00163993
0 0 476 0.00307868 0.00231974 0.000179914 -0.000160239
0 0 477 0.00255874 0.00275973 -0.000570111 -0.00280017
0 0 478 0.00485927 -0.00212006 -0.000880169 -0.00215006
0 0 479 0.000699708 0.0032899 -0.00626026 -0.00373032
0 0 480 0.00221941 -0.00304028 0.00275976 -0.00208032
0 0 481 0.00319909 -0.000830054 0.000879974 -0.00533015
0 0 482 0.00594842 0.00424975 -0.00266003 0.00332978
0 0 483 0.00136925 -0.00609022 -0.000520146 -0.00453023
0 0 484 -0.0037408 0.00727972 0.00238975 -0.000900378
0 0 485 -0.0027301 0.00214968 -0.00371012 0.000479912
0 0 486 0.00138932 0.00192969 0.00108983 0.000989818
0 0 487 -0.00150048 0.00224985 0.000789766 -0.00462026
0 0 488 0.00905896 0.000179728 -0.00236023 -0.00623005
0 0 489 -0.00105169 0.00477992 -0.00206017 0.00192994
0 0 490 0.00287983 -0.00789011 0.000879974 -0.00218031
0 0 491 0.00491947 0.00281995 0.00718997 -0.00146009
0 0 492 -0.00172123 -0.000530178 0.00164999 0.000739662
0 0 493 -0.00217002 8.98588e-05 -0.00185004 0.000349668
0 0 494 0.00640998 -0.000170076 -0.00260007 -0.0025703
0 0 495 0.00115945 0.0019999 -0.0017701 -0.0031802
0 0 496 0.00455825 0.000279895 -0.000210088 -0.000790058
0 0 497 0.00622937 -0.00471004 -0.00265003 -0.00150031
0 0 498 0.0104291 0.00395986 -0.00128016 0.00127982
0 0 499 0.0205288 0.00153994 -0.00210014 -0.0046103
0 0 500 0.0326189 -0.000670287 0.00450991 -0.00635033
0 0 501 0.0381394 0.00562993 9.76087e-06 -0.00739007
0 0 502 0.0470587 0.00269982 0.00172993 -0.00268025
0 0 503 0.0541592 0.00168972 -0.000900155 -0.00854012
0 0 504 0.0517984 0.00481986 -0.00124019 -0.00361004
0 0 505 0.0589591 0.00466977 0.000789766 -0.00165011
0 0 506 0.0545697 0.00430998 0.00111981 -0.00459001
0 0 507 0.0451687 0.00711996 -0.000900155 -0.00595037
0 0 508 0.0521195 0.00246984 0.00218989 -0.00218031
0 0 509 0.0583589 0.00638977 0.000689835 0.000329744
0 0 510 0.0693397 0.00709967 -0.000540132 0.00248965
0 0 511 0.0945799 0.00121978 0.00574987 -0.000160239
0 0 512 0.109888 0.00152995 0.00596999 0.00120972
0 0 513 0.107369 -0.00301001 0.000879974 0.00110973
0 0 514 0.0901083 0.000839707 -0.00283018 0.00201996
0 0 515 0.0650397 -0.00117019 -0.00186004 -0.0011402
0 0 516 0.0473999 0.000149772 -0.00592022 0.00157979
0 0 517 0.034279 -5.02501e-05 -0.00392024 0.00104996
0 0 518 0.0284794 -0.00210008 -0.00368014 -0.00304036
0 0 519 0.0236284 0.00862995 -0.00246017 -0.00096015
0 0 520 0.0191587 -0.00204017 -0.00845011 0.00412969
0 0 521 0.0272497 -0.00112026 -0.00360019 -0.0027201
0 0 522 0.0314896 0.00114988 -0.00326016 -0.00689012
0 0 523 0.0290285 0.00160984 -0.00131014 0.00364967
0 0 524 0.0250696 -0.0024502 0.00127997 0.00278962
0 0 525 0.0160499 -0.00041004 -0.000590098 -0.00192019
0 0 526 0.0165991 0.00276971 0.000279846 -0.00112028
0 0 527 0.0109089 -0.00262027 0.000549931 0.00195982
0 0 528 0.0105586 0.00026991 -0.00145005 0.0035198
0 0 529 0.00795887 -0.00297007 -0.00171014 0.00167978
0 0 530 0.0025186 -0.000740185 0.00284997 -0.00211021
0 0 531 0.00254962 0.00419982 -0.00534008 0.00185983
0 0 532 0.00522961 -0.00280032 -0.0009801 -0.000640259
0 0 533 0.00509826 -0.00257003 0.0046798 0.000769917
0 0 534 0.000858428 -0.00032017 0.00101988 -0.00124019
0 0 535 -5.01071e-05 0.000239953 0.00316975 0.00236974
0 0 536 0.00220846 0.00256969 -0.000380242 -0.000550232
0 0 537 0.00281962 0.0011399 0.000219887 0.000389885
0 0 538 0.00273935 0.000309852 0.00312978 0.00555979
0 0 539 0.0022486 0.000979816 0.00281999 0.00145988
0 0 540 -0.00315153 -0.0020901 -0.00261006 0.00171963
0 0 541 -0.0046311 0.00118982 -0.00499005 -0.00251016
0 0 542 0.000188885 0.0014198 0.00339987 -0.00237033
0 0 543 0.000949647 0.000649982 0.00228982 0.00434996
0 0 544 -0.00192008 0.00136987 0.00209995 -0.00532018
0 0 545 -0.0034708 0.000939874 -0.000910148 -0.00369011
0 0 546 -0.00176136 -0.000740185 0.00614987 0.000219793
0 0 547 -0.00023072 -0.000150105 -0.00645013 0.00265974
0 0 548 -0.000960467 9.98443e-05 -0.00197023 0.00255976
0 0 549 0.00135831 -0.00262027 -0.00299007 0.00531997
0 0 550 0.00430831 -0.00227015 -0.00180008 -0.00611013
0 0 551 0.00243833 -0.00243023 0.000429743 0.00320987
0 0 552 0.00198954 6.98878e-05 0.000849995 -0.000710362
0 0 553 0.0061491 -0.00287021 0.000479979 0.00133996
0 0 554 -0.000121257 0.00385969 0.0030998 0.000949971
0 0 555 0.00452906 0.00280997 -0.00176011 -0.00575003
0 0 556 0.00208988 -0.000400054 -0.0020202 0.00120972
0 0 557 -0.00203137 -0.00303029 -0.00120022 -0.00249024
0 0 558 -0.00380101 0.000339808 0.00213992 0.00174988
0 0 559 -0.000181462 0.00463981 -0.00394023 0.00260993
0 0 560 0.00119959 -0.00154027 0.00293991 3.97391e-05
0 0 561 0.00193845 0.00147971 0.00235977 -0.00113024
0 0 562 -0.00154062 -0.00174029 0.00336989 0.00182995
0 0 563 -0.00272098 -0.00150002 0.00377988 -0.000450244
0 0 564 3.92869e-05 0.00207978 -0.000430207 -0.00277028
0 0 565 0.000188885 -0.00305027 7.99829e-05 0.00173992
0 0 566 -0.000351128 0.00129998 0.00227982 -0.000930264
0 0 567 0.00195852 0.00208977 0.00461984 -0.00811028
0 0 568 0.00500887 -0.00313015 0.00155978 0.00178973
0 0 569 0.000998905 -0.00377016 -0.000220081 0.00544984
0 0 570 -0.00830172 -0.00358012 0.00513975 0.00393968
0 0 571 -0.006481 4.99168e-05 -0.000270047 -0.00568029
0 0 572 -0.00460008 -0.000990134 -0.00170015 -1.00708e-05
0 0 573 -2.09172e-05 -0.00131029 0.00251993 -0.00961012
0 0 574 -0.000580998 0.000209685 -0.00110002 -0.000500054
0 0 575 0.00537921 -0.00396019 -0.00209015 0.00329989
0 0 576 -0.000290924 -0.00362006 -0.00248015 0.00142962
0 0 577 0.000929579 -0.000880294 0.00412991 -0.00968022
0 0 578 0.0031699 0.00129998 -0.00279021 -0.00140032
0 0 579 0.000858428 0.000859678 0.000849995 -0.00260019
0 0 580 0.00353842 -0.0023803 -0.00271026 -0.00792027
0 0 581 0.00170858 -0.000290214 0.000519951 -0.01265
0 0 582 -0.00236158 0.000339808 0.0025599 -0.000950188
0 0 583 -0.00138007 0.00114988 -0.00149002 0.00152998
0 0 584 -0.00318072 0.00632985 0.000159928 -0.00566037
0 0 585 -0.00220104 -0.00836005 0.00457987 0.00257968
0 0 586 -0.00392142 0.00479989 -0.00457007 0.000349668
0 0 587 -0.0036806 -0.00478025 -0.00117024 -0.00616031
0 0 588 0.00127986 -0.000120149 0.00278974 9.85315e-06
0 0 589 -0.000880195 0.00149969 -0.00222006 0.000929678
0 0 590 -0.00217002 -0.00305027 -0.000830203 -1.08844e-07
0 0 591 -0.00443041 -0.000130134 0.00500984 0.000449657
0 0 592 0.00129993 -0.000170076 -3.02117e-05 -0.00252013
0 0 593 -0.000840058 -0.00382008 -0.00368014 0.00194986
0 0 594 0.00356944 -0.00413026 0.00145985 0.00366996
0 0 595 -0.00376087 0.000689924 -0.000190102 0.00245977
0 0 596 0.00116857 0.0039998 0.00289994 0.00067989
0 0 597 0.000509974 0.00205981 -0.00287015 -0.00335029
0 0 598 0.0010883 -0.0020901 0.00392977 -0.00537036
0 0 599 -0.000750664 -0.00241026 0.00870001 -0.00324034
0 0 600 8.85449e-05 -0.00130031 -0.00379006 -0.00300015
0 0 601 0.00430831 -0.000390069 -0.00163019 -0.00286031
0 0 602 0.00193845 -0.000980149 -0.00551023 0.000499836
0 0 603 0.000159695 -0.000390069 -0.000110157 -0.000160239
0 0 604 0.00208988 0.00434992 0.0023198 -0.00103025
0 0 605 -4.09853e-05 0.00222987 -0.00115025 -0.000120022
0 0 606 0.00501981 0.00419982 -0.00125018 -0.00432029
0 0 607 0.00375917 0.00448972 -0.00215011 -0.00621012
0 0 608 0.000358551 -0.000850025 -0.00103007 -0.000180163
0 0 609 0.000298347 -0.000780127 -0.00235024 0.00370981
0 0 610 0.00296922 0.000349794 0.00165998 0.00168974
0 0 611 -0.00125054 0.00195995 -0.0020202 0.00489972
0 0 612 -0.00020153 -0.00343003 -0.00105005 -0.00270018
0 0 613 0.00216832 -0.00107002 0.00481997 -0.00642006
0 0 614 0.000289225 0.00307989 -0.00165018 -0.00096015
0 0 615 0.00297834 0.00166975 0.00310979 -0.00314035
0 0 616 0.000719776 -0.000710229 0.000119955 0.00252987
0 0 617 0.000438824 -0.000650316 0.000239873 -0.00504014
0 0 618 -0.00036025 -0.000150105 0.00305983 -0.00397015
0 0 619 0.00239819 -0.00253008 0.000129949 -0.00261015
0 0 620 0.00508914 -0.000720214 0.00155978 -0.00335029
0 0 621 0.00391972 -0.00237032 -0.000970107 -0.000200087
0 0 622 -0.000710528 0.000179728 -0.00257009 -0.00111032
0 0 623 0.00247847 0.00143977 0.00353977 0.000419771
0 0 624 0.00402918 0.00287987 -0.00212013 0.00320987
0 0 625 -0.00203137 0.00503985 -0.000600091 -0.000830275
0 0 626 0.00920856 -0.00139018 0.000489972 0.00411973
0 0 627 0.00738967 0.000359779 0.00202 -0.00133022
0 0 628 0.00122877 -0.00177025 -0.000230074 0.00145988
0 0 629 0.00328849 0.00712994 -0.00028004 0.00289994
0 0 630 0.00350924 -0.00127004 -0.00215011 -0.00422031
0 0 631 0.00421891 0.00233971 -0.00519018 -0.00158038
0 0 632 -0.00142021 1.99604e-05 -0.0024102 0.0026199
0 0 633 0.00450899 -0.00310019 -0.00361019 -0.000860161
0 0 634 0.00665992 -3.02791e-05 0.00150981 0.00618998
0 0 635 0.0049888 -0.00513006 -0.00221007 0.00553987
0 0 636 0.00112843 -0.00232008 -0.00357021 -0.00177002
0 0 637 0.00474981 -0.00579003 -0.00240021 0.00110973
0 0 638 -0.00328106 -0.00127004 -0.00751021 -7.02118e-05
0 0 639 -0.00387033 -0.00174029 -0.000710015 0.00120972
0 0 640 -0.00133081 -0.000120149 -0.00100009 0.00381976
0 0 641 0.000309293 0.000499888 -0.000690029 -0.00288023
0 0 642 0.00705946 0.00251977 -0.00198022 0.00284976
0 0 643 0.00613997 -0.000280228 -0.00179008 0.00610992
0 0 644 -0.00069046 -9.01921e-05 -0.0013701 0.00219965
0 0 645 -0.00198029 -0.000380083 -0.00239021 0.00103963
0 0 646 0.0031699 0.00168972 0.000949926 0.00162997
0 0 647 0.00034943 -0.00171003 0.00138989 0.000809765
0 0 648 -0.0004314 0.00180986 0.00266983 0.00182995
0 0 649 0.00292909 -0.00111027 -0.00155025 -0.00193015
0 0 650 0.00257881 -0.00212006 0.000729807 -0.000770134
0 0 651 0.00601957 0.000299866 -0.00129016 -0.000350255
0 0 652 0.00217927 -0.000440308 -0.00196024 0.00311984
0 0 653 -0.00262064 0.00219992 0.000999892 -0.00187001
0 0 654 0.00232887 -0.00143012 0.00729989 0.00205981
0 0 655 0.00630964 0.000939874 0.00041975 0.00159971
0 0 656 0.00452906 -0.00108032 0.00354976 0.00242988
0 0 657 0.00516941 0.0039299 -0.00173013 0.00454994
0 0 658 0.000798224 0.000739852 -2.02186e-05 -0.000520346
0 0 659 -0.00121041 0.00434992 0.000249866 -0.00205007
0 0 660 0.00371904 -0.00154027 -0.00257009 -0.00201022
0 0 661 -0.000320114 0.000209685 -0.00301006 -4.03258e-05
0 0 662 -0.00471137 0.00426972 -0.00322018 -0.00363033
0 0 663 0.00184906 -0.00236002 -0.00120022 -0.000620335
0 0 664 -0.00119034 -0.00334016 -0.00063007 -0.00756016
0 0 665 0.00541935 0.00108997 0.00160974 -0.00371003
0 0 666 0.000989783 -0.00215032 0.00392977 5.96631e-05
0 0 667 0.00613997 0.000879961 -0.00287015 -4.03258e-05
0 0 668 0.000989783 0.00417985 -0.00127017 -0.00438007
0 0 669 -0.00379006 -0.00342004 -0.00117024 -0.00391001
0 0 670 -0.000960467 -0.00104006 -0.00114026 -0.00300015
0 0 671 0.00560908 -0.00777028 -0.00176011 -0.00113024
0 0 672 -0.00124142 -0.00567021 -0.000130143 0.00200963
0 0 673 0.00154986 0.00168972 0.000259859 -0.00464019
0 0 674 0.00242921 0.000919903 -4.02048e-05 0.000799803
0 0 675 -0.00163001 -0.000710229 0.000629876 0.00493993
0 0 676 0.000489906 -0.00223021 0.00198975 -0.00198033
0 0 677 -0.000630256 0.000469932 0.00175991 -0.000130353
0 0 678 -0.00207151 -0.00149003 -0.00226003 0.000989818
0 0 679 -0.000931277 -0.00101011 0.00160974 -0.00121031
0 0 680 0.000159695 -0.00228013 -0.00105005 5.96631e-05
0 0 681 -0.00310045 0.000409707 0.0054698 0.00287965
0 0 682 0.000338483 0.00209975 -0.000750258 0.00467982
0 0 683 -0.0023707 -0.00256004 0.00350979 -0.00157005
0 0 684 -0.00309133 -0.00661009 0.00131994 0.00472963
0 0 685 -0.00110094 -0.00126005 0.000729807 -0.00307025
0 0 686 0.00241826 0.00282994 0.000339805 -0.00359012
0 0 687 0.00246935 -0.000400054 0.00308981 0.000459988
0 0 688 0.00171953 -0.0010903 0.000239873 0.00407988
0 0 689 -0.00513097 -0.00208011 -0.00131014 -0.00121031
0 0 690 0.00665992 -0.00114023 -0.00143006 -0.00634037
0 0 691 0.00406932 0.00212971 -0.000810217 0.00229964
0 0 692 -0.00449062 -0.00332019 -0.00267002 1.98152e-05
0 0 693 0.00342896 -0.00681011 0.00157976 -0.00277028
0 0 694 0.0019494 0.00291981 -0.00186004 0.000569939
0 0 695 -0.0021007 -0.0020202 -0.000740265 -0.00231019
0 0 696 -0.00230138 0.00246984 0.00057991 0.00452965
0 0 697 -0.00059012 0.000519859 -0.0021601 -0.00173018
0 0 698 5.9355e-05 -0.000960178 0.000759787 0.00150969
0 0 699 -0.00245098 -0.00144011 -0.00159022 -0.0015302
0 0 700 -0.00143115 -0.000450294 0.00300986 0.000789841
0 0 701 0.00716892 0.000329823 0.000599896 -0.00420001
0 0 702 0.00358951 -0.0028802 0.00284997 0.00105992
0 0 703 0.0017998 -0.000100178 -0.0025501 0.00172996
0 0 704 0.00399999 -0.00272012 -0.0024102 -0.00473021
0 0 705 -0.000261734 -0.00133027 0.000269853 -0.00292008
0 0 706 0.000519096 -0.00129032 0.00057991 -0.00316028
0 0 707 0.000249089 -0.00214003 0.00382984 0.00116987
0 0 708 -0.00107175 0.00218993 0.000849995 -0.00643002
0 0 709 0.00408938 -0.00293013 -0.00207016 -0.000980074
0 0 710 -0.000400386 -0.00248016 0.00290993 0.00046995
0 0 711 0.00684965 -0.00528015 0.00382984 -0.00661008
0 0 712 -0.00331025 -5.02501e-05 -0.000170116 0.00148976
0 0 713 0.00541935 0.00158987 -0.00367015 0.00499971
0 0 714 0.00345998 -0.00301001 -0.0013701 -0.00326026
0 0 715 0.00479906 -0.000530178 0.000979906 0.00093964
0 0 716 0.000418756 -0.00267019 -0.000380242 -0.00193015
0 0 717 0.00753926 0.000349794 0.00123 -0.00335029
0 0 718 -0.00199123 -0.0046701 -0.00302005 -0.00198033
0 0 719 0.00130905 0.000519859 0.00420985 -0.00135014
0 0 720 -0.000411332 5.99023e-05 -0.00388 -0.00639018
0 0 721 0.00228873 0.000919903 0.00210994 0.00254979
0 0 722 -0.00581146 0.00438986 0.00557 0.000749624
0 0 723 -0.00435014 -0.00165011 0.000889967 0.0014097
0 0 724 -0.0023105 0.00160984 0.00542982 0.000459988
0 0 725 -0.00431001 -0.00239029 0.00161974 0.00167978
0 0 726 0.00438858 0.000399721 0.00197976 0.00238966
0 0 727 0.000378619 0.00196994 0.00678997 0.000239717
0 0 728 0.000659572 -0.00390028 0.000899961 -0.00568029
0 0 729 -0.0045417 -0.00327026 -0.00641016 -0.00518035
0 0 730 -0.00588079 -0.00255006 -0.00387001 0.00666963
0 0 731 0.002099 -0.000960178 -0.00507027 -0.000600042
0 0 732 0.0031699 0.000179728 -0.00551023 -0.00288023
0 0 733 -0.00335039 0.00102974 0.00483996 0.0038098
0 0 734 0.0034691 0.00383972 0.000329811 -0.0025002
0 0 735 0.00270834 0.00104971 0.000409757 0.00323975
0 0 736 0.00426817 -0.00212006 0.00104986 0.00390979
0 0 737 -0.00365141 -0.00196029 0.00419986 0.00719983
0 0 738 0.00183994 0.0046498 0.00118976 -0.000610373
0 0 739 0.00197859 0.00192969 -0.00368014 -0.00295034
0 0 740 0.00387958 0.00330987 -0.00197023 0.000179945
0 0 741 0.000298347 -0.00178024 0.00200974 -0.000300076
0 0 742 0.0019494 -0.000820069 -0.000910148 -0.000420358
0 0 743 -0.00588079 0.000879961 0.00207996 -0.00666026
0 0 744 -0.00225029 0.00447973 0.00022988 0.00427986
0 0 745 -0.00291072 -0.00213004 -0.00346002 -2.00328e-05
0 0 746 0.00249854 0.00280997 0.00312978 0.00046995
0 0 747 0.00336876 -0.00464014 -0.00204018 0.0022299
0 0 748 0.00898964 0.00374985 -0.00104006 -0.00011006
0 0 749 0.00811941 0.00382974 -0.00284017 -0.00261015
0 0 750 0.0021592 0.00466977 -0.000250061 -0.00215006
0 0 751 0.00764873 0.00127969 -0.00153026 -0.00054027
0 0 752 -0.000710528 -0.000470265 -0.00404016 0.0012599
0 0 753 0.00151885 -0.00188009 -0.00122021 -0.00110036
0 0 754 0.000909511 -0.00261028 -0.00129016 0.00206977
0 0 755 0.00602869 -0.00361008 0.000259859 -0.00280017
0 0 756 -8.11213e-05 -0.000950192 -0.000800224 -0.00216002
0 0 757 -0.00130162 -0.00407003 -0.000110157 -0.00205007
0 0 758 0.00160824 0.00107998 -0.00307002 0.00116987
0 0 759 0.00156993 0.00175993 -0.000590098 -0.00356023
0 0 760 -0.00464022 0.00127969 0.00486994 -0.00273007
0 0 761 -0.00171028 -0.00201021 -0.00232026 0.00129975
0 0 762 -0.00266078 -0.00222022 0.00104986 -0.00238029
0 0 763 0.00181987 0.0039299 0.00246996 -0.000640259
0 0 764 -0.00194015 0.00207978 0.000239873 -0.00289019
0 0 765 -0.00303112 3.99314e-05 0.00535987 -0.00201022
0 0 766 -0.000750664 -0.00237032 -0.000750258 -0.000500054
0 0 767 -0.00367148 0.00395986 0.00204998 -0.00345028
0 0 768 -0.00126149 0.000369765 -0.000700022 -0.000410027
0 0 769 0.00317902 0.000449961 -0.000390235 -0.00313002
0 0 770 -0.00128156 -0.000380083 -0.000180109 0.00264978
0 0 771 0.00349829 -0.0094803 0.00795998 0.00197975
0 0 772 0.00198954 0.00257968 0.00251993 0.00265974
0 0 773 -0.00293078 -0.00449005 -0.00215011 0.00232989
0 0 774 -0.00417135 0.00272977 0.00264984 -0.00280017
0 0 775 -0.0054703 -0.00158021 0.00553975 -0.00497004
0 0 776 -0.00116115 0.00497994 -8.01774e-05 -0.000940226
0 0 777 -0.00239077 0.00170969 0.00723993 -0.00192019
0 0 778 -0.00112101 0.0014198 -0.000960114 -0.00377017
0 0 779 0.00142946 0.00968997 0.000159928 -0.000320369
0 0 780 0.0038285 0.00450969 -0.000450194 0.00156983
0 0 781 -0.000400386 -8.02066e-05 -0.00543002 0.00508973
0 0 782 0.00269922 0.00213969 -0.000710015 0.00207973
0 0 783 0.00319909 -0.000550149 -0.00142007 0.00051976
0 0 784 -0.00508171 -0.00437022 -2.02186e-05 0.00332978
0 0 785 0.00333957 -0.00201021 0.000729807 -0.00133022
0 0 786 0.00240914 8.98588e-05 -0.000370249 0.00951987
0 0 787 0.00290902 0.00195995 -0.00174012 0.00658994
0 0 788 0.000119559 0.00158987 -0.000590098 0.00273981
0 0 789 -0.000641202 -0.00141015 0.00526993 0.000649635
0 0 790 -0.00117027 0.00241991 0.00362998 -0.000860161
0 0 791 0.00387958 -0.00293013 0.00382984 -0.00100037
0 0 792 -0.00153149 -0.000440308 0.000159928 0.000489874
0 0 793 -0.00251118 -0.00614015 -0.00209015 -0.00287027
0 0 794 0.00401823 -0.00413026 -0.00424002 -0.00282009
0 0 795 -0.000931277 0.0044298 -0.00198022 0.00133996
0 0 796 -0.0010006 0.00223986 0.000339805 0.00302981
0 0 797 0.00164838 0.000389736 -0.000580104 -0.00403029
0 0 798 0.000639504 -0.000290214 0.00289994 0.00119976
0 0 799 0.00443966 0.00144976 -0.00335009 0.00588964
0 0 800 0.000509974 -0.00395021 -0.00245017 0.00405996
0 0 801 -0.00156068 0.00194997 0.00114979 -0.000690069
0 0 802 -0.000821815 0.000499888 0.00284997 0.00282984
0 0 803 -0.00108088 -0.00434027 0.00311979 0.000649635
0 0 804 0.00213913 -0.00339008 -0.00101008 0.00113999
0 0 805 0.00485927 -0.00129032 -0.00541003 0.00581991
0 0 806 0.00823982 3.99314e-05 -0.00260007 -0.00235003
0 0 807 -0.0024601 -0.00326027 -0.00261006 0.00642981
0 0 808 0.000369498 0.0048598 0.0021699 0.00131967
0 0 809 0.00347822 0.00138984 -0.00258008 -0.00654034
0 0 810 -0.00476063 -0.00126005 0.00387981 0.000339706
0 0 811 0.000688762 -0.00275008 -0.00217009 0.00520965
0 0 812 0.00287983 -0.00235003 -0.00297009 0.000279934
0 0 813 -0.00481171 -0.00193002 -0.00469026 -0.00155012
0 0 814 -0.00212076 0.000309852 0.00108983 -0.00163019
0 0 815 0.0038887 -0.00409032 -0.000190102 0.00190964
0 0 816 0.000269157 -0.00237032 0.00225984 -0.000260228
0 0 817 -0.00130162 0.000419692 -0.00400019 -0.00343036
0 0 818 -0.0027301 0.00213969 -0.000130143 0.000779879
0 0 819 0.00839854 -0.00235003 -0.00157024 0.00100974
0 0 820 -0.00143115 0.00209975 -0.000100164 -0.000220011
0 0 821 -0.000770732 -0.000550149 0.00118976 0.00575977
0 0 822 -0.00289065 -0.00291016 0.00498986 0.00188972
0 0 823 0.0010883 -0.00176027 -0.000740265 0.000399847
0 0 824 0.00171953 0.00652988 0.00204998 0.00264978
0 0 825 -0.0029618 -0.00302031 0.00138989 -0.00122027
0 0 826 -0.00140014 0.000159757 0.00368994 -0.00413028
0 0 827 0.000829238 0.000639685 0.00197976 -0.00372036
0 0 828 -0.00132169 0.00269982 0.00076978 -0.00308021
0 0 829 0.00302943 -0.0016601 -0.00658004 -0.00407014
0 0 830 0.00232887 -0.00468008 -0.00110002 0.00183991
0 0 831 0.00297834 0.000729866 -0.00238022 -8.01738e-05
0 0 832 -0.00053174 0.00176992 -0.000700022 0.00277966
0 0 833 -0.00190002 -0.00414024 -0.00422004 0.00185983
0 0 834 0.000588422 0.000859678 0.00383983 -0.00367018
0 0 835 0.000978837 -0.000150105 0.00292992 -0.00327023
0 0 836 0.00284881 0.00069991 0.00305983 -0.00463022
0 0 837 0.00387958 -0.00016009 -0.00139009 -0.00316028
0 0 838 0.00177973 0.000629699 -0.00293011 -0.00433026
0 0 839 -0.000420454 0.00210974 0.000689835 -0.00409006
0 0 840 0.00460933 -0.00213004 0.00183986 0.0051698
0 0 841 0.0017396 -0.00234005 -0.00047018 -0.00196004
0 0 842 0.00311882 -0.00187011 0.000289839 0.000559977
0 0 843 -0.00447055 -0.00380011 0.000639869 0.00446988
0 0 844 -0.00151143 0.00124974 -0.00236023 0.00234982
0 0 845 -0.00283044 -0.000220315 0.00235977 -0.0031802
0 0 846 -0.00142021 -0.000460279 -0.00168016 -0.00535007
0 0 847 0.00243833 -0.00140016 0.000189907 0.00130971
0 0 848 -0.00571112 -0.000580105 0.000649862 0.00385998
0 0 849 0.00171953 0.00316976 -0.00302005 -5.02878e-05
0 0 850 -0.000411332 0.00110994 0.000209894 -0.00309017
0 0 851 0.00381938 0.00187976 -0.000140136 0.00260993
0 0 852 -0.000511672 8.98588e-05 0.00418986 0.000289896
0 0 853 -0.00485002 0.00536969 -0.00140008 -0.00429004
0 0 854 0.00320821 -0.00418019 -0.0051702 0.00353972
0 0 855 -0.00471137 0.00579969 0.000479979 0.00759979
0 0 856 0.00203879 -0.000950192 -0.00326016 0.0020897
0 0 857 0.000648626 -0.00243023 0.00163 0.00145988
0 0 858 -0.00495036 -6.02356e-05 0.00523995 0.00102967
0 0 859 -0.00415129 -0.00241026 0.0032 0.00155987
0 0 860 -0.00156068 -0.000670287 0.00167997 0.00289994
0 0 861 0.00231975 0.00108997 -0.00114026 -0.00297026
0 0 862 -0.00387033 0.000499888 -0.00152 0.00530964
0 0 863 0.000418756 0.0040697 0.00124999 -0.00102029
0 0 864 -0.000121257 0.00186977 0.00102987 -0.00246035
0 0 865 -0.00265166 0.00251977 -0.0035902 -0.00256034
0 0 866 -0.0037408 0.00096983 0.00576986 0.00287965
0 0 867 -0.00635147 0.00433993 0.000849995 0.000869906
0 0 868 -0.0018617 0.00209975 0.00325996 0.00275973
0 0 869 0.000528218 -0.0062503 -0.000970107 -0.000620335
0 0 870 -0.00187083 0.00583994 -0.000160123 -0.00155012
0 0 871 -0.000471536 0.00080975 -0.00543002 -0.00158038
0 0 872 0.00121965 -0.000610062 0.00227982 -0.00128004
0 0 873 0.00423898 -8.02066e-05 0.00246996 -0.00236036
0 0 874 0.00274847 -0.00371024 0.000329811 0.00199967
0 0 875 -0.00101155 0.00428969 -0.00376008 -0.00286031
0 0 876 -0.00336134 0.000549815 -0.000180109 0.00303978
0 0 877 0.00127986 -0.00118017 -0.00103007 -0.00951013
0 0 878 0.00545948 -0.00319006 -0.00155025 -0.00157005
0 0 879 0.00381938 0.00315977 -0.00339007 0.00108981
0 0 880 6.84768e-05 0.00397983 0.00443996 -0.0024301
0 0 881 0.0017396 -0.00118017 0.00229981 -0.00873014
0 0 882 -0.00295085 7.98733e-05 -3.02117e-05 -0.00179032
0 0 883 -0.00137095 -7.02211e-05 0.00440998 -0.00396019
0 0 884 0.0038887 0.00106968 0.00711975 -0.00209028
0 0 885 0.00234894 0.00504984 -0.00316023 -0.0034001
0 0 886 -0.000210651 -0.00435025 -0.00168016 -0.0052903
0 0 887 0.00273935 0.00296974 0.0021699 -0.00176006
0 0 888 -0.000630256 -0.00199024 -0.00248015 -0.000200087
0 0 889 0.000499028 -0.000710229 -0.000220081 0.000379923
0 0 890 -0.00300011 0.00204982 0.00148983 0.01153
0 0 891 0.0046294 0.00212971 -0.00380006 -0.00208032
0 0 892 0.000318415 0.00309986 -0.00307002 0.0035198
0 0 893 -0.00406007 0.00291981 0.00208995 0.00568967
0 0 894 -5.01071e-05 -0.00139018 -0.00291013 0.000619749
0 0 895 0.00451993 -0.00284026 0.000899961 0.00314973
0 0 896 0.00267915 0.00249979 -0.000760251 -0.00096015
0 0 897 0.000548286 0.000119815 -0.00299007 0.00497978
0 0 898 -0.00156068 0.00373987 0.00138989 -0.00096015
0 0 899 -0.00242179 0.00305992 0.000489972 0.00453998
0 0 900 -0.00540098 0.00282994 0.000809752 0.0023797
0 0 901 -0.00140014 -0.00141015 0.00110982 -0.00492023
0 0 902 0.000798224 0.00376982 -0.00393024 -0.00117009
0 0 903 0.00293821 0.000319837 0.000439736 -0.00155012
0 0 904 -0.00247104 0.00231974 0.000219887 0.00117983
0 0 905 -0.00265166 -0.00142013 0.00290993 -0.00132026
0 0 906 -0.000471536 -0.00174029 0.00434975 0.00239963
0 0 907 -0.00380101 -0.00107002 0.000789766 0.00271989
0 0 908 -0.000150447 -0.000780127 -0.00105005 0.00142962
0 0 909 0.000219899 0.00187976 0.000409757 0.00408984
0 0 910 0.00456919 -0.00655018 0.00276976 -0.00165011
0 0 911 0.00432838 0.00182983 -0.00764012 -0.00106014
0 0 912 0.00380843 -0.000950192 0.000649862 -0.0024301
0 0 913 -0.00377182 0.00322967 0.00254991 -0.00169033
0 0 914 -0.00227036 -0.000270243 -0.00028004 0.00206977
0 0 915 -0.00754096 0.00359976 0.00193979 0.000539684
0 0 916 -0.000520794 0.00772969 -0.000800224 0.000159652
0 0 917 0.00294915 -0.00114023 -0.00184005 -0.00119001
0 0 918 -0.00268085 -0.00267019 -0.0024102 0.00529967
0 0 919 -0.00130162 -0.00285024 -0.0025501 -0.000300076
0 0 920 -0.00248017 0.00491972 -0.00111001 0.00423964
0 0 921 0.00306956 0.0019197 -0.000400228 -0.0025002
0 0 922 0.00398904 0.00264989 -0.000510152 -0.00124019
0 0 923 0.000789102 -0.00474031 0.00481997 -0.00357019
0 0 924 0.000599368 0.00154992 -0.00253012 -0.00343036
0 0 925 0.00217927 0.00167974 0.000999892 0.00492997
0 0 926 -0.00365141 -0.000430323 -0.00169015 -0.000680107
0 0 927 -1.17954e-05 0.00201987 -0.00479019 -0.00413028
0 0 928 0.0020096 0.000249939 -0.00419006 -0.00278024
0 0 929 -0.00173035 -0.00260029 -0.00403017 0.00204985
0 0 930 -0.00341059 0.00273976 0.00286996 -0.00358016
0 0 931 0.00177973 -0.00774001 0.00235977 0.00100974
0 0 932 -0.00426075 0.00310985 -0.00299007 0.00212991
0 0 933 -0.0019511 -0.00512007 -0.00288015 0.000409809
0 0 934 -0.00146034 -0.00169005 -0.000650056 -0.000990036
0 0 935 0.00314983 0.000289881 5.99967e-05 -0.00559026
0 0 936 0.00564922 0.000219982 -0.000930134 -0.00306029
0 0 937 0.0035293 0.00161982 -0.00314024 -0.00562015
0 0 938 0.00282875 -0.00396019 -0.000360255 3.97391e-05
0 0 939 -0.00152055 -0.00191005 0.00769989 0.00374966
0 0 940 -0.00183069 -0.00236002 0.00170995 0.00400978
0 0 941 0.00595936 -3.22656e-07 -0.00175011 -0.00244006
0 0 942 -0.00217002 -0.0036703 -0.00325016 0.00722972
0 0 943 -0.00211164 -0.000530178 -0.00206017 0.00137981
0 0 944 -0.000520794 0.00128968 0.00205997 -0.00148002
0 0 945 -0.0046913 -0.00348027 -0.00127017 0.00278962
0 0 946 -0.00118122 0.0030699 0.00236976 0.000809765
0 0 947 -0.00348174 0.00143977 0.00092994 -0.00431033
0 0 948 -0.00162089 0.00145974 0.00173992 0.00265974
0 0 949 -0.000221598 0.000889946 -0.00120022 -0.00370007
0 0 950 0.00370992 -0.00133027 0.00144985 0.00355964
0 0 951 0.00454912 -0.00215032 0.00505981 0.000919716
0 0 952 0.00190926 0.00400979 -0.0013701 0.00233985
0 0 953 0.00259888 0.000419692 0.00163 0.00607966
0 0 954 0.00619835 0.000229968 -0.000460187 0.000129766
0 0 955 -0.000650324 0.000329823 0.00359001 -0.00279021
0 0 956 0.00371904 0.00817967 -0.00012015 -0.000310038
0 0 957 -0.000860127 -0.000980149 -0.00406015 -0.00308021
0 0 958 -0.00121041 8.98588e-05 0.00171994 -0.000730286
0 0 959 -0.00413122 0.00453995 0.00281999 -0.00287027
0 0 960 -0.00250023 0.00346995 0.00252992 -0.00421034
0 0 961 0.000358551 -0.00414024 0.00286996 -0.00313002
0 0 962 0.00163926 0.00658979 -0.000430207 0.00781969
0 0 963 0.00132912 0.0032097 0.0050698 0.00184987
0 0 964 -0.0024601 -0.00371024 -0.00578005 0.00182995
0 0 965 0.00165933 -0.00377016 0.00235977 -0.00310013
0 0 966 -0.00161177 -0.00441016 0.00163999 0.00366996
0 0 967 -0.00525138 0.00339974 0.00222986 0.00141966
0 0 968 0.00127986 -2.02936e-05 -0.00346002 0.00155987
0 0 969 -0.00304025 0.000279895 0.000329811 0.000299858
0 0 970 0.00615822 0.0017799 0.00221987 0.00196978
0 0 971 -0.000491604 -0.00221024 3.97403e-05 -0.00140032
0 0 972 -0.00196022 -0.00103008 0.0017699 0.000509798
0 0 973 -0.00704109 -0.00756027 -0.00520018 -0.0058002
0 0 974 0.000168817 0.00223986 0.00147983 -0.00269022
0 0 975 0.000858428 -0.00464014 0.00114979 -0.00421034
0 0 976 0.00334869 0.00178989 -0.000320013 -0.00255001
0 0 977 0.00302943 -0.0012301 -0.00102007 -0.0032503
0 0 978 8.85449e-05 -0.00233006 -0.00337008 0.00165986
0 0 979 -0.0020113 -0.00481021 -0.00386001 0.00449976
0 0 980 0.00359863 0.00213969 -0.000110157 0.0035198
0 0 981 0.00137837 0.0019197 0.00233978 -0.00384027
0 0 982 9.94911e-05 0.000789779 0.000609889 0.00187976
0 0 983 -0.000400386 -0.00470006 -0.00455008 -0.00043032
0 0 984 0.000759912 0.00106968 -0.00180008 0.00145988
0 0 985 -0.00967 0.00222987 -0.000320013 0.00106988
0 0 986 -0.00341059 -0.00428004 0.00133993 -0.000180163
0 0 987 0.000869374 -0.00522024 0.00134992 0.00528971
0 0 988 0.00309875 0.00212971 0.00371992 -0.00141028
0 0 989 0.00439953 -0.000340141 0.000779773 0.00284976
0 0 990 0.00312977 0.00213969 -0.000530139 -0.00211021
0 0 991 -0.00212076 -0.00191005 0.00323998 -0.0010701
0 0 992 0.00239819 -0.000420025 0.0021699 -0.00126012
0 0 993 -0.00312052 0.00369993 0.00161974 0.00156983
0 0 994 -0.000150447 0.00497994 -0.00370012 -0.00410002
0 0 995 -0.00282132 -0.00375019 0.00186984 0.00187976
0 0 996 0.00292909 -0.00528015 -0.00205018 -0.00587031
0 0 997 0.00453818 -0.00143012 -0.00666025 0.0011898
0 0 998 0.00239819 0.00219992 0.000729807 0.00451969
0 0 999 -0.00108088 0.0066497 0.000889967 0.000509798
0 0 1000 0.00238907 0.00163979 -0.00111001 -0.000810351
0 0 1001 0.000489906 0.00152995 0.00179988 0.00225979
0 0 1002 -0.000300046 -0.0037402 -0.000850189 -0.000640259
0 0 1003 0.00191839 0.00185979 0.00442997 0.000379923
0 0 1004 -0.00197117 -0.00285024 0.000589903 -0.00390005
0 0 1005 -0.00114108 -0.00438021 -0.00236023 0.0028398
0 0 1006 -0.00125054 -0.0023803 -0.00165018 -0.00162022
0 0 1007 -0.00023072 -0.00181019 0.00228982 -0.000720324
0 0 1008 0.000978837 -0.00305027 0.00211993 -0.00751035
0 0 1009 -0.00149136 0.00159985 6.99898e-05 -0.0024301
0 0 1010 0.000619436 0.00178989 -0.0020202 -2.00328e-05
0 0 1011 -0.00211164 -0.000670287 -0.00346002 0.00646965
0 0 1012 0.00183994 -0.000430323 -0.000760251 0.00349987
0 0 1013 0.00140939 -0.0080402 -0.00150001 0.00345966
0 0 1014 -0.00370067 0.00157988 0.00227982 0.00196978
0 0 1015 0.00153892 0.000909917 -0.00532009 -0.000780096
0 0 1016 -0.000130379 0.000299866 -0.00475021 -0.000600042
0 0 1017 -0.000741543 0.00114988 0.00521997 0.00374966
0 0 1018 0.00197859 -0.000290214 0.0019198 0.00468978
0 0 1019 0.000159695 0.00100977 -0.000480173 -0.00591016
0 0 1020 0.00171953 2.99459e-05 0.00332991 -0.000830275
0 0 1021 0.00190926 -0.000970163 0.00204998 -0.000550232
0 0 1022 0.00340889 0.000729866 -0.000320013 0.00278962
0 0 1023 0.00151885 0.000529844 0.00403997 0.00121968
