0 0 0 -0.430982 0.206537 0.438354 -1.2901
0 0 1 0.00365656 -1.39638 -0.329215 -1.63766
0 0 2 -0.368301 -2.60349 -1.34324 -1.39157
0 0 3 0.119377 -1.83568 -1.50258 1.23002
0 0 4 0.0856249 -2.45842 -1.36731 1.14799
0 0 5 -0.827048 -1.97102 -1.89347 0.0278335
0 0 6 -1.47866 -1.07298 -0.440407 1.44724
0 0 7 -0.609384 -0.51292 0.0472331 2.34045
0 0 8 -0.121707 0.742293 0.645836 1.83354
0 0 9 -0.749901 0.621786 0.467241 1.46182
0 0 10 -1.22725 0.457529 0.182498 1.82381
0 0 11 -0.880086 0.356211 -0.0107702 1.3362
0 0 12 -0.353836 -1.0827 -0.435593 0.177613
0 0 13 0.65527 -2.1207 -0.189365 -1.0826
0 0 14 0.921151 -1.71492 1.0757 -2.74809
0 0 15 -0.0927768 -0.87009 2.21995 -2.07712
0 0 16 -0.382766 -0.435653 1.78527 0.58791
0 0 17 -0.464734 -0.614238 -0.309957 0.906608
0 0 18 -1.33883 -1.74894 -1.58947 0.370685
0 0 19 -0.716149 -1.94186 -1.29487 0.732828
0 0 20 0.249562 -0.865229 -0.305143 1.30734
0 0 21 0.607054 0.0133687 1.69356 0.771412
0 0 22 -0.228472 -0.310029 1.06607 -0.300435
0 0 23 -1.06813 0.404311 -0.928048 -0.860511
0 0 24 -2.3383 0.896828 -0.619003 -0.218254
0 0 25 -2.50705 0.587758 0.906737 1.12869
0 0 26 -1.14528 -0.792823 3.70694 0.549326
0 0 27 0.785455 -2.0048 4.29592 -0.174809
0 0 28 1.16223 -2.45382 2.33573 0.93547
0 0 29 -0.204364 -2.56486 0.906737 1.63074
0 0 30 -0.769188 -1.24671 0.33702 2.09421
0 0 31 -0.0349168 2.00723 -1.15479 1.82868
0 0 32 0.746882 4.2137 -0.759082 1.41838
0 0 33 0.259205 3.42184 0.757029 0.573479
0 0 34 -1.20314 3.09358 1.49571 -0.00588961
0 0 35 -1.5992 3.35429 2.49988 0.684522
0 0 36 -0.430982 1.41826 3.30138 0.940331
0 0 37 0.254383 -1.05354 2.19083 0.110014
0 0 38 -1.54134 -1.25157 1.21074 0.472006
0 0 39 -2.13992 -0.450236 1.24467 1.09482
0 0 40 -0.527416 -0.242484 2.04617 1.08039
0 0 41 -0.508129 -1.48823 3.10811 1.28318
0 0 42 -0.855978 -2.13016 3.07922 1.21558
0 0 43 -0.488842 -2.36683 1.89646 1.02722
0 0 44 -0.696174 -2.97038 1.56334 0.505881
0 0 45 0.631162 -1.65223 0.16324 0.288656
0 0 46 0.82885 -0.561276 -0.223067 0.182322
0 0 47 -1.05367 -0.20385 -0.493367 -0.783191
0 0 48 -1.25204 -1.10189 -0.715522 -2.02396
0 0 49 -0.691352 -0.75905 -1.21761 -1.82602
0 0 50 -0.700996 0.182231 -0.242325 -1.75357
0 0 51 -0.609384 0.341628 1.03696 -1.85975
0 0 52 0.138663 -0.0106815 1.66949 -1.09703
0 0 53 1.10437 1.6017 2.26328 -0.368033
0 0 54 1.09955 2.25822 1.41845 -0.329297
0 0 55 -0.209186 0.394845 0.129309 -0.416339
0 0 56 -1.83133 -1.00544 -0.33403 -0.532091
0 0 57 -2.31901 -0.358385 -0.203809 -0.812205
0 0 58 -1.23207 -0.62396 0.988813 -0.401756
0 0 59 -0.0734901 -1.6379 2.49988 0.819718
0 0 60 -0.218829 -0.928169 3.02122 0.57834
0 0 61 -0.730614 0.331905 2.61084 0.100292
0 0 62 0.114555 0.138992 1.91572 0.356254
0 0 63 0.746882 -0.469425 0.848733 0.563757
0 0 64 0.587767 -0.271395 -0.73478 1.25417
0 0 65 -0.252581 -1.03921 -0.203809 2.31143
0 0 66 -0.923481 -1.82135 1.11422 2.14737
0 0 67 -0.392409 -1.31425 0.699025 1.0611
0 0 68 -0.228472 0.0520024 -0.348703 0.50102
0 0 69 -0.430982 1.00787 -1.61354 0.476867
0 0 70 -1.62813 2.48516 -0.411291 -0.285852
0 0 71 -2.24117 2.15204 0.771472 -0.860511
0 0 72 -1.43527 -0.107394 -0.0492863 0.356254
0 0 73 -0.0590251 -0.706089 -0.763896 1.15756
0 0 74 0.370792 -0.194128 -0.329215 0.756981
0 0 75 0.529907 -0.0106815 0.795545 -0.348741
0 0 76 -0.368301 -1.54605 2.78485 -0.281143
0 0 77 -1.73421 -1.86459 1.42326 0.138877
0 0 78 -2.17849 -0.261929 -0.532112 -0.831497
0 0 79 -1.40152 0.674748 -0.300328 -1.48317
0 0 80 -0.647957 -0.117116 0.824661 -0.454923
0 0 81 -0.662422 -1.11648 1.54867 0.221058
0 0 82 -1.2176 -1.47851 0.544503 -0.174809
0 0 83 -1.38705 -2.55027 -0.662333 -0.609411
0 0 84 -0.0300951 -2.57432 -0.536927 -0.541813
0 0 85 0.897043 -3.46265 -0.227881 -0.580397
0 0 86 -0.638314 -4.11942 0.0472331 -0.334158
0 0 87 -2.35758 -2.4006 0.138938 -0.836358
0 0 88 -2.44437 -1.60388 1.05622 -1.05358
0 0 89 -0.904194 -1.77299 -1.33361 -1.06801
0 0 90 -1.72939 -0.0447099 -3.60766 0.0568475
0 0 91 -3.29367 3.03089 -3.42884 1.31204
0 0 92 -1.42562 3.95785 -2.04318 1.76108
0 0 93 0.554015 2.95849 -1.01012 1.02722
0 0 94 0.732417 0.534796 -1.38657 -0.218254
0 0 95 0.833672 -1.70059 -2.106 -0.599689
0 0 96 0.520264 -1.90322 -1.43976 -0.667287
0 0 97 -0.508129 -0.720417 -0.643075 0.563757
0 0 98 -0.778831 -0.0204039 -0.440407 0.824427
0 0 99 0.18688 0.274083 -0.0348428 0.0810005
0 0 100 0.669735 -0.150889 -0.474109 -0.69144
0 0 101 0.0711599 -1.3337 -1.54109 -0.759038
0 0 102 -1.30508 -1.06326 -1.31894 0.177613
0 0 103 -2.35276 -0.450236 0.73777 0.882455
0 0 104 -2.53116 -1.78758 1.7949 0.346532
0 0 105 -1.96634 -2.29442 1.15778 -0.0832096
0 0 106 -1.81687 -1.97563 0.327391 1.46668
0 0 107 -1.49313 -1.01976 0.771472 1.65003
0 0 108 -0.464734 0.988679 0.419096 0.525173
0 0 109 0.36597 1.21076 0.597691 -0.585258
0 0 110 0.486512 -0.435653 1.03696 -0.908665
0 0 111 0.790277 0.331905 1.3123 -0.51766
0 0 112 0.0904466 0.269221 1.3123 -0.715593
0 0 113 -1.00545 -0.522643 -0.276256 -1.56535
0 0 114 -2.04349 0.04228 -0.874859 -1.01971
0 0 115 -1.85544 -0.310029 0.274203 -0.686579
0 0 116 -1.59438 -0.580465 1.04659 0.0810005
0 0 117 -2.46366 -1.29506 2.21995 0.259642
0 0 118 -1.75832 -1.01004 2.82818 0.341671
0 0 119 -1.00063 0.660164 3.31101 1.65976
0 0 120 -1.01509 3.47019 3.31582 1.97359
0 0 121 -0.686531 4.36338 1.93016 0.983776
0 0 122 -1.05849 2.4322 0.259759 -0.285852
0 0 123 -1.81205 -0.445375 -0.0976606 -0.677009
0 0 124 -2.15438 -1.87431 -0.860416 -0.112072
0 0 125 -1.07777 -1.62818 -0.985822 0.515451
0 0 126 0.00847823 -0.93303 0.114865 1.01765
0 0 127 0.177237 0.361072 0.723098 1.71277
0 0 128 -0.209186 1.70302 0.530059 3.05501
0 0 129 -0.0734901 1.28803 -0.570628 3.18535
0 0 130 0.312243 0.442945 -1.00049 1.24931
0 0 131 -0.174745 0.983818 -1.8694 -0.34388
0 0 132 -0.185077 2.32602 -1.9274 -0.961832
0 0 133 0.239918 2.58187 -0.599745 -0.0832096
0 0 134 -0.214007 0.8825 -0.720336 0.254781
0 0 135 -0.402052 -1.10675 -1.50739 -0.0686267
0 0 136 1.25385 -0.802545 -0.971378 -1.16463
0 0 137 1.78492 0.529935 -1.37694 -2.70951
0 0 138 1.22974 1.13349 -1.40102 -2.34736
0 0 139 0.0952682 0.283805 -0.55137 -1.55563
0 0 140 -1.00063 -0.792823 1.13829 -1.68597
0 0 141 -0.324906 -1.16458 1.89646 -2.46813
0 0 142 1.03205 -1.49284 0.129309 -1.90805
0 0 143 0.33153 -1.14053 -1.31894 -0.662426
0 0 144 -0.121707 -0.754189 -0.754267 1.21558
0 0 145 0.375614 -1.34802 -0.0107702 2.27285
0 0 146 -0.324906 -1.37233 1.02251 1.84326
0 0 147 -1.13563 -0.570743 1.86734 1.80452
0 0 148 -1.08742 -0.894396 0.346649 2.00246
0 0 149 -0.643136 -1.51228 -0.903746 1.64517
0 0 150 0.143485 -1.94186 0.298275 0.916178
0 0 151 1.87653 -2.21715 0.858362 0.756981
0 0 152 2.92421 -2.02399 -0.227881 1.29275
0 0 153 1.68366 -1.51714 -0.976193 0.525173
0 0 154 -0.0349168 -0.894396 0.906737 -0.372894
0 0 155 -0.484021 1.21562 2.02668 0.259642
0 0 156 -0.990984 2.74587 2.64477 1.18171
0 0 157 -1.04884 0.59748 1.63579 -0.276282
0 0 158 -1.62813 -0.464564 -0.715522 -1.40114
0 0 159 -1.81205 1.06595 -0.860416 0.631355
0 0 160 -1.4208 2.64456 0.153381 2.50937
0 0 161 0.375614 2.2004 1.09496 2.99227
0 0 162 -0.565989 1.74165 1.51978 2.11836
0 0 163 -1.9133 0.969234 1.53904 1.22515
0 0 164 -1.21278 0.679609 1.80957 1.06596
0 0 165 0.77099 2.12799 2.09431 0.756981
0 0 166 1.68366 2.6397 1.32674 0.307948
0 0 167 0.756525 0.46239 0.670138 0.583049
0 0 168 -0.329727 -2.50678 0.568804 1.68877
0 0 169 -0.450269 -3.7863 0.0664911 2.31629
0 0 170 -0.769188 -2.66131 0.264574 1.52456
0 0 171 -1.30508 -0.541832 1.38956 1.41352
0 0 172 -0.532237 -0.06876 1.9109 3.026
0 0 173 0.177237 -1.36747 2.71722 3.15633
0 0 174 0.515442 -2.39088 2.63514 0.452714
0 0 175 0.317065 -1.00058 1.67912 -1.4253
0 0 176 -0.700996 1.30722 1.69356 -1.41087
0 0 177 0.114555 1.06109 1.88683 -0.561105
0 0 178 1.3551 -0.247345 0.568804 1.10454
0 0 179 1.64991 -0.667455 0.52043 1.36521
0 0 180 1.15259 -1.07784 2.49025 0.332101
0 0 181 0.390079 -0.976269 3.16611 0.211336
0 0 182 0.307422 0.414034 2.43706 -1.17906
0 0 183 1.06098 0.68447 2.06061 -1.39628
0 0 184 0.544372 0.302994 1.5246 -0.372894
0 0 185 -1.13563 0.505885 0.670138 0.138877
0 0 186 -0.942768 -0.508059 0.563761 -0.498368
0 0 187 0.326708 -1.40124 1.92053 -0.932818
0 0 188 0.167593 -0.628821 2.20046 -0.536952
0 0 189 -1.12599 0.99354 1.06126 -0.35345
0 0 190 -1.58474 2.65428 0.83429 -1.07288
0 0 191 -0.793296 2.65428 1.15296 -0.956971
0 0 192 -0.228472 0.476718 0.988813 -0.0590566
0 0 193 -0.527416 -0.37783 0.631393 -0.76876
0 0 194 -1.12117 0.90655 0.225828 -2.37638
0 0 195 -1.17421 1.23967 -0.657519 -2.80126
0 0 196 -1.18867 1.09 -0.672191 -2.02882
0 0 197 -1.78794 1.97832 1.22541 -0.995555
0 0 198 -1.65224 2.61565 2.55307 -0.754177
0 0 199 -0.223651 1.78029 1.98335 -0.570827
0 0 200 0.940438 1.21076 -0.112104 0.278934
0 0 201 0.321887 0.698798 0.168054 2.14251
0 0 202 -0.116885 1.17699 0.694211 1.7032
0 0 203 1.28278 1.41826 -0.652704 0.723106
0 0 204 1.87171 1.31694 -2.80135 0.771412
0 0 205 1.22974 1.85755 -3.00402 1.66933
0 0 206 0.307422 3.24325 0.52043 2.24383
0 0 207 -1.2424 3.25758 2.77981 1.5197
0 0 208 -2.0917 2.88583 0.916366 0.00368045
0 0 209 -1.11635 2.32116 -1.57503 -1.45431
0 0 210 0.0808032 1.47147 -0.715522 -2.55016
0 0 211 -0.0927768 1.47147 1.19629 -2.06254
0 0 212 -0.204364 1.8335 1.00807 -0.701162
0 0 213 1.01758 2.00723 -0.251954 -0.285852
0 0 214 1.9833 1.254 -0.652704 -0.469354
0 0 215 1.69813 0.302994 -0.136177 0.148599
0 0 216 1.50044 1.24453 0.52043 0.385116
0 0 217 1.49562 2.5962 0.462427 -0.879803
0 0 218 0.544372 3.91921 0.530059 -1.31911
0 0 219 -1.16939 4.05431 0.73777 -0.464493
0 0 220 -1.49795 2.02667 0.800359 0.616924
0 0 221 -1.6426 0.148459 1.11422 1.201
0 0 222 -1.14528 0.331905 1.04659 0.33681
0 0 223 0.447939 0.085775 -0.353517 -1.30939
0 0 224 0.785455 0.718243 -0.0878023 -2.02396
0 0 225 -0.716149 0.414034 0.100422 -2.14943
0 0 226 -0.745079 -0.696367 0.452798 -2.22675
0 0 227 -0.0638468 -1.17916 -0.0829878 -2.2026
0 0 228 -0.295976 -0.701228 -0.580257 -1.41557
0 0 229 -2.05795 0.8825 0.515616 0.0712785
0 0 230 -3.15385 1.12863 2.0315 0.534895
0 0 231 -1.72457 -0.0349875 2.10876 -0.0590566
0 0 232 0.457582 -0.595049 1.23023 -0.730024
0 0 233 1.87171 0.370539 0.727912 -0.913526
0 0 234 2.32081 2.18581 0.858362 -0.0397646
0 0 235 2.62044 2.69291 1.37489 1.45696
0 0 236 2.64455 1.53416 1.31712 1.84797
0 0 237 1.61616 0.491301 0.616949 1.63074
0 0 238 -0.798118 0.0230911 0.235457 1.86255
0 0 239 -2.96098 -0.53697 1.12385 1.75151
0 0 240 -2.10617 -0.0976714 3.30619 0.901747
0 0 241 -0.0397384 0.732826 3.79865 -0.184531
0 0 242 -0.233294 0.438084 3.56205 -0.60455
0 0 243 -1.81687 -0.590188 3.00678 0.124446
0 0 244 -0.594919 0.472112 2.22476 0.476867
0 0 245 2.31117 0.563708 1.11903 0.476867
0 0 246 7.5351 1.31694 1.32193 -0.406617
0 0 247 20.1073 2.62051 1.87216 -2.29921
0 0 248 36.0828 3.47966 2.41299 -5.89588
0 0 249 41.7744 3.65364 5.10705 -6.47039
0 0 250 34.0357 4.56115 9.39425 -4.90136
0 0 251 26.0551 5.50269 10.6641 -3.59785
0 0 252 22.7867 4.75432 9.51003 -3.45309
0 0 253 21.343 1.15754 8.32245 -3.62201
0 0 254 18.6056 -3.84898 6.59886 -2.73366
0 0 255 15.9696 -6.49936 4.16547 -0.783191
0 0 256 14.4824 -5.63535 2.20528 -0.126655
0 0 257 12.8314 -2.57919 1.07089 -0.889373
0 0 258 11.4407 -0.00607613 -0.396848 -1.7247
0 0 259 11.7596 1.64034 -1.57503 -2.98947
0 0 260 12.7349 4.90885 -0.985822 -4.69385
0 0 261 13.2081 9.03678 -0.0348428 -5.16218
0 0 262 13.6083 10.2679 0.332206 -4.52478
0 0 263 13.5601 8.66016 1.43289 -4.19651
0 0 264 12.9133 5.73449 1.71282 -3.28888
0 0 265 10.5142 3.37348 1.88202 -2.35223
0 0 266 6.47778 2.26308 2.27772 -2.18331
0 0 267 2.89528 2.21012 2.79448 -1.00042
0 0 268 -0.185077 1.13835 2.03631 -0.0156116
0 0 269 -0.517772 -0.218434 1.03214 -0.532091
0 0 270 -0.860799 0.607203 0.172869 -1.02457
0 0 271 -0.928303 0.959512 0.679767 -1.27081
0 0 272 -0.324906 0.81956 1.16741 -1.28053
0 0 273 -0.435804 0.583152 1.19629 -0.150808
0 0 274 -0.623849 -0.464564 1.39438 0.404408
0 0 275 0.722774 -0.855763 0.631393 0.563757
0 0 276 1.68366 -0.517781 -1.21761 1.15756
0 0 277 0.326708 -0.343802 -0.99568 0.544465
0 0 278 -1.84098 -0.382435 0.332206 -0.821775
0 0 279 -2.55045 -0.343802 -0.367961 -1.12604
0 0 280 -1.34848 0.245171 -1.35287 -1.12604
0 0 281 0.12902 0.843866 -1.12109 -1.85975
0 0 282 0.138663 -0.334335 -0.860416 -2.41496
0 0 283 -1.16939 -2.03857 0.153381 -1.48803
0 0 284 -2.19778 -2.07234 1.20592 0.0761395
0 0 285 -2.16885 -1.19835 0.79073 0.418991
0 0 286 -2.06277 0.496163 0.708654 0.0858615
0 0 287 -2.90312 1.97346 1.41364 -0.672148
0 0 288 -2.95616 2.57701 1.37489 -1.46874
0 0 289 -2.18331 2.84745 1.27837 -1.37699
0 0 290 -1.44973 1.75624 1.58742 -1.63295
0 0 291 -1.18385 -0.0736212 1.51015 -2.11571
0 0 292 -1.19349 -0.643149 3.1613 -1.43016
0 0 293 -0.155458 -0.223295 4.5034 -0.744607
0 0 294 0.148307 0.370539 3.06478 0.114724
0 0 295 -0.0252734 0.496163 2.0895 0.0472774
0 0 296 -1.89884 0.718243 2.1812 -0.0832096
0 0 297 -3.00437 0.206537 1.42808 0.32724
0 0 298 -2.37205 1.09 0.385165 0.129306
0 0 299 -1.67635 1.79487 1.14815 -0.421048
0 0 300 -1.41598 0.674748 3.53798 -0.454923
0 0 301 -1.41116 0.0230911 4.64829 -0.107211
0 0 302 -1.29062 0.336766 4.27185 0.32724
0 0 303 -1.16456 -0.0493152 3.62005 0.558896
0 0 304 -1.8458 -0.985992 3.05515 0.621785
0 0 305 -3.16349 -1.03435 2.15232 0.462436
0 0 306 -3.366 -0.126583 0.597691 -0.377603
0 0 307 -2.13992 0.0568636 -0.841158 -1.18878
0 0 308 -1.42562 -0.493475 -1.14997 -1.09217
0 0 309 -1.66189 0.607203 -0.841158 -1.17906
0 0 310 -1.16456 1.32666 -0.874859 -1.33841
0 0 311 -1.93259 0.0471412 -0.0829878 -1.06801
0 0 312 -1.4642 -0.754189 -0.165064 0.539604
0 0 313 -1.11635 -0.62396 1.47645 1.54871
0 0 314 -0.440626 -1.23212 2.10876 -0.0832096
0 0 315 -0.532237 -1.91295 -0.271441 -0.990846
0 0 316 -0.561167 -1.27076 -2.15437 -1.89362
0 0 317 -0.995806 -1.5655 -1.21761 -1.58465
0 0 318 -1.72939 -1.64251 0.491543 -0.0927797
0 0 319 -1.3533 -0.556415 0.530059 -0.281143
0 0 320 -1.20796 1.54874 -0.242325 -1.66181
0 0 321 -1.01991 2.91985 -1.0342 -1.96122
0 0 322 -0.672066 2.46597 -0.903746 -2.02882
0 0 323 -0.455091 0.891967 -0.0829878 -1.89362
0 0 324 -0.180256 0.104964 0.97414 -0.701162
0 0 325 0.0132999 0.491301 1.04659 0.404408
0 0 326 -0.522594 0.848472 0.105236 0.375546
0 0 327 -1.19349 1.09 -0.68182 -0.34388
0 0 328 -0.711328 1.82378 -1.99503 -0.816914
0 0 329 0.182058 2.52379 -3.78649 -0.686579
0 0 330 0.887399 2.41762 -3.67507 -1.44459
0 0 331 0.505799 0.978956 -0.425964 -1.6764
0 0 332 -0.614206 -0.252206 2.12825 -1.60394
0 0 333 -0.97652 -1.15025 2.5627 -1.25152
0 0 334 0.201345 -0.59991 0.259759 -1.21764
0 0 335 0.230275 0.269221 -1.45902 -0.0300426
0 0 336 -0.189899 0.70852 -1.81139 1.34592
0 0 337 -1.45938 1.38448 -0.614188 -0.0156116
0 0 338 -1.65224 0.959512 -1.21279 -0.102502
0 0 339 -1.05367 0.361072 -2.2557 -0.295574
0 0 340 -2.00973 -1.06326 -1.99985 -0.160378
0 0 341 -2.26528 -1.21293 -0.136177 1.16242
0 0 342 -0.267046 -0.614238 0.887249 2.12808
0 0 343 1.93921 -0.546693 0.192127 2.01218
0 0 344 1.85242 -1.0584 -0.160249 1.58244
0 0 345 0.56848 -1.81163 1.18667 1.50041
0 0 346 0.558837 -1.77786 2.13787 1.36521
0 0 347 1.14295 -0.966803 2.21995 0.409269
0 0 348 0.950081 -1.57983 1.42808 -0.382464
0 0 349 1.22974 -2.73372 -0.319586 -0.754177
0 0 350 2.1183 -2.09153 -1.66192 -1.15004
0 0 351 1.6258 -1.49284 -2.74357 -1.12118
0 0 352 0.33153 -0.787962 -3.4967 -1.30939
0 0 353 -0.194721 1.26858 -3.10535 -0.454923
0 0 354 -0.276689 1.77543 -2.93157 0.58791
0 0 355 -0.199542 1.41826 -2.90268 0.274073
0 0 356 -0.155458 1.50525 -1.81139 0.447853
0 0 357 -0.0927768 0.544519 -0.411291 0.800426
0 0 358 0.10009 -1.22752 0.588062 -0.0493346
0 0 359 0.210988 0.114686 2.15232 -1.18878
0 0 360 1.89582 2.30171 1.21074 -0.932818
0 0 361 1.82349 2.39357 0.245316 0.0568475
0 0 362 0.833672 2.041 0.573619 0.182322
0 0 363 1.09473 1.29749 0.462427 0.216197
0 0 364 1.72706 1.02731 0.25013 -0.51766
0 0 365 1.36957 1.81892 0.0135315 -1.27567
0 0 366 0.833672 2.00237 -1.1259 -0.1701
0 0 367 0.930794 0.679609 -2.52623 0.0665694
0 0 368 1.81867 -0.580465 -2.65187 -0.710732
0 0 369 2.33528 -1.56064 -1.45902 -0.628703
0 0 370 1.70777 -2.42465 -1.23205 -0.0156116
0 0 371 0.24474 -1.95644 -2.99439 0.259642
0 0 372 -0.628671 -0.918447 -4.36056 0.274073
0 0 373 -0.223651 -0.459703 -3.85848 0.438283
0 0 374 0.573302 0.336766 -2.90773 0.930761
0 0 375 1.9833 1.26858 -1.55554 0.993498
0 0 376 2.06044 0.964373 -0.512854 0.641077
0 0 377 1.65955 -0.0638988 -1.49776 0.192044
0 0 378 0.993476 1.11405 -2.08192 0.365824
0 0 379 1.0658 1.82864 -1.49776 0.433422
0 0 380 -0.426161 -0.247345 -1.01494 -1.20321
0 0 381 -1.24722 -2.96066 -0.570628 -2.2509
0 0 382 -1.12599 -2.96066 0.0231606 -0.744607
0 0 383 -0.140993 0.0617248 -1.11146 0.6748
0 0 384 -1.11635 1.81892 -2.164 0.703814
0 0 385 -1.38223 0.250032 -2.35704 0.177613
0 0 386 -0.827048 -0.392158 -2.17363 0.360963
0 0 387 0.109733 -0.0493152 -1.73918 0.554187
0 0 388 0.220632 -0.831457 -1.57984 -0.184531
0 0 389 -0.754723 -1.57983 -2.36208 -0.0107506
0 0 390 -1.21278 -1.15025 -2.53586 0.945192
0 0 391 -0.923481 -1.19835 -1.94666 1.6549
0 0 392 -0.136172 -1.28048 -2.01429 2.39832
0 0 393 1.33581 -0.348663 -2.30385 3.3447
0 0 394 1.59687 0.066586 -1.87421 3.48475
0 0 395 -0.455091 -0.701228 -1.0922 2.14737
0 0 396 -2.18814 -1.12108 -0.290699 0.0810005
0 0 397 -2.10617 -0.903863 0.230643 -0.889373
0 0 398 -1.57992 -0.319751 0.414282 -0.107211
0 0 399 -0.565989 -0.0301263 0.481685 1.31691
0 0 400 -0.633492 -1.16944 1.27837 1.44253
0 0 401 -0.0734901 -2.37169 1.09978 1.17214
0 0 402 1.59205 -3.6269 1.09978 0.269364
0 0 403 0.983833 -2.93661 -0.517669 -0.903956
0 0 404 0.964546 -1.7295 -2.60327 -1.65224
0 0 405 0.979011 -1.4061 -2.93157 -0.797622
0 0 406 1.23456 -1.23212 -2.08192 -0.527382
0 0 407 -0.508129 -0.310029 -1.17909 -0.334158
0 0 408 -1.3099 0.863055 -0.841158 -0.218254
0 0 409 -0.493664 1.17213 -0.160249 -0.522521
0 0 410 0.419009 1.29749 0.718283 -1.16463
0 0 411 0.795099 1.08514 1.38452 -2.23161
0 0 412 1.88617 0.211399 0.983998 -2.16888
0 0 413 3.62473 -0.126583 0.573619 -0.879803
0 0 414 4.45957 1.01759 0.998442 -0.131364
0 0 415 3.94296 2.17635 0.264574 -0.150808
0 0 416 2.71206 2.2004 -1.81139 -0.0493346
0 0 417 1.46187 1.80945 -2.08192 0.100292
0 0 418 0.925973 1.26858 -0.179736 0.24992
0 0 419 1.16706 -0.208711 1.29281 0.964484
0 0 420 2.0508 -1.29992 1.18185 0.530034
0 0 421 2.0508 -0.551554 0.394794 -1.04872
0 0 422 2.71206 0.100359 -0.271441 -2.27506
0 0 423 3.54276 0.515352 -0.33403 -2.36681
0 0 424 2.53848 0.814699 -0.0733588 -1.77286
0 0 425 2.15205 -0.0976714 0.631393 -1.22736
0 0 426 1.79456 0.46239 1.9109 -0.937679
0 0 427 0.549194 2.56729 1.54867 -0.710732
0 0 428 -0.0108084 2.91985 0.761843 -1.58951
0 0 429 0.621519 1.96373 -0.802412 -2.55988
0 0 430 1.65473 2.2004 -2.20733 -3.03307
0 0 431 2.47511 3.49424 -2.21696 -2.35223
0 0 432 2.36421 4.1894 -1.57984 -0.401756
0 0 433 1.2442 2.76532 -0.855601 1.54871
0 0 434 0.443117 0.780927 -0.112104 1.90113
0 0 435 1.06098 0.216004 -0.488552 1.07067
0 0 436 2.0508 -0.208711 -1.44939 0.307948
0 0 437 1.86206 -0.884674 -1.47828 0.201766
0 0 438 0.921151 -0.170078 -1.09701 0.727967
0 0 439 0.689022 1.97346 -1.11146 1.2446
0 0 440 1.30688 3.95299 -1.29968 0.819718
0 0 441 1.53419 4.03512 -1.66192 -0.00588961
0 0 442 1.14295 2.77479 -1.79214 -0.425909
0 0 443 1.08509 1.29263 -1.4542 -0.51766
0 0 444 2.14723 -1.19374 -0.981007 -0.536952
0 0 445 3.09366 -2.97985 -0.585301 -0.556244
0 0 446 3.44082 -2.65645 0.0568621 -0.86522
0 0 447 3.35403 -0.754189 0.404653 -2.28463
0 0 448 2.80367 0.901689 -0.86523 -2.88329
0 0 449 2.64937 0.269221 -2.56016 -1.52662
0 0 450 2.32081 -0.918447 -1.96592 -0.0349036
0 0 451 1.58241 -0.232762 -0.33403 0.534895
0 0 452 1.41847 0.322439 -0.131362 0.182322
0 0 453 1.86206 -0.247345 -0.68182 0.332101
0 0 454 1.39367 -0.928169 -0.401662 0.983776
0 0 455 -0.503307 -1.47851 0.52043 0.274073
0 0 456 -2.54081 -1.28534 0.419096 -0.971554
0 0 457 -2.64206 -1.19835 0.491543 -0.797622
0 0 458 -1.10188 -0.98113 1.59704 -0.0541956
0 0 459 -0.0879551 -0.435653 2.0558 -0.319727
0 0 460 -0.435804 -0.223295 1.25911 -0.908665
0 0 461 -0.793296 0.660164 0.245316 -0.797622
0 0 462 0.162772 2.14257 -0.276256 -0.363172
0 0 463 1.64509 2.55271 -0.406477 -0.112072
0 0 464 2.6542 2.6397 -0.498181 -0.401756
0 0 465 2.78438 2.55757 -1.12109 -1.26595
0 0 466 2.76992 1.72246 -1.95629 -2.0191
0 0 467 2.48062 0.877639 -1.89347 -1.94193
0 0 468 1.60169 -0.64801 -2.10118 -1.97565
0 0 469 -0.136172 -2.29928 -2.17844 -2.22189
0 0 470 -1.06331 -2.01912 -1.27079 -2.28463
0 0 471 -1.05849 -0.556415 -0.720336 -1.26109
0 0 472 0.0615166 0.766599 -1.73436 0.192044
0 0 473 0.804742 1.73679 -2.36208 0.486589
0 0 474 -0.150637 1.58737 -1.69562 0.259642
0 0 475 -0.981341 1.17213 -0.797598 0.245211
0 0 476 -0.136172 1.35557 -0.232696 0.182322
0 0 477 0.48169 1.12377 -0.174922 -0.295574
0 0 478 0.336352 1.254 0.0811639 -0.0734877
0 0 479 0.124198 2.68805 -0.0444718 0.404408
0 0 480 -0.841513 2.6397 -0.478923 0.496159
0 0 481 -2.07242 0.616925 -0.309957 0.428561
0 0 482 -2.01938 -1.10189 0.332206 -0.17967
0 0 483 -0.875264 -1.98049 0.0424186 -1.71012
0 0 484 -0.0975984 -2.50192 -0.990636 -3.05707
0 0 485 -0.406874 -2.56 -1.67636 -3.07651
0 0 486 -0.745079 -2.00966 -2.03355 -1.81159
0 0 487 -0.155458 -0.730139 -1.68599 -0.363172
0 0 488 0.631162 0.592619 -0.860416 0.520312
0 0 489 1.36474 0.245171 -0.50804 0.457575
0 0 490 2.37867 -1.00058 0.114865 -0.295574
0 0 491 3.43599 -0.701228 -0.503225 -0.976263
0 0 492 3.35403 0.732826 -2.65187 -1.4736
0 0 493 2.54812 1.54874 -2.53586 -0.744607
0 0 494 2.09902 1.69841 -0.0252137 -0.416339
0 0 495 1.1092 1.39907 2.18602 -0.324588
