0 0 0 -0.428762 -1.03479 -0.638885 -1.43532
0 0 1 -0.0240086 -2.25394 -0.231201 -0.620294
0 0 2 0.380745 0.803602 -1.25041 2.43404
0 0 3 0.592759 -1.64437 -1.45425 3.45215
0 0 4 0.380745 -0.42522 -0.435043 1.21217
0 0 5 -0.621502 -1.03479 -0.638885 -0.21345
0 0 6 -0.621502 -3.0667 -2.47346 0.804661
0 0 7 -2.66454 -1.03479 -0.231201 2.43404
0 0 8 -2.66454 -1.64437 -0.842727 2.23028
0 0 9 -1.64302 -4.70191 -0.638885 1.41593
0 0 10 0.188005 -3.47309 -3.08499 -0.21345
0 0 11 1.20953 -2.45713 0.584166 0.194061
0 0 12 0.804773 -4.08266 -2.26962 1.00842
0 0 13 -0.216749 -0.018838 0.380324 0.397817
0 0 14 0.592759 -3.2699 3.64179 -0.417206
0 0 15 -1.04553 -3.47309 1.39953 -0.620294
0 0 16 -0.833516 -5.71786 -1.65809 -1.84216
0 0 17 -0.833516 -2.86351 0.991849 -0.417206
0 0 18 -0.833516 -0.628411 -0.435043 0.397817
0 0 19 -1.45028 -2.66032 -0.231201 1.00842
0 0 20 -1.45028 0.803602 -1.65809 1.00842
0 0 21 0.380745 3.0387 2.2149 1.41593
0 0 22 0.188005 2.42913 5.47637 2.02653
0 0 23 -0.0240086 -2.05075 2.82643 1.82277
0 0 24 -2.04778 -1.64437 -0.231201 1.00842
0 0 25 -1.85504 2.22594 -2.6773 -0.620294
0 0 26 -0.216749 0.600411 -4.30804 -0.82405
0 0 27 -1.04553 -3.2699 -1.45425 -1.84216
0 0 28 0.188005 -3.47309 0.380324 -1.23156
0 0 29 -1.64302 3.85147 1.60337 -0.00969455
0 0 30 -2.87656 6.90901 -0.435043 -2.45343
0 0 31 -1.85504 1.81956 -3.69651 -2.65718
0 0 32 -2.04778 0.600411 -3.69651 -0.620294
0 0 33 -3.0693 -0.831602 -2.26962 -0.620294
0 0 34 -4.09082 -3.87947 -1.65809 -2.24967
0 0 35 -1.85504 -0.222029 -4.30804 -0.620294
0 0 36 -0.833516 1.61637 -4.1042 2.02653
0 0 37 -2.04778 1.81956 -0.0273596 1.21217
0 0 38 -4.49557 0.803602 0.788008 0.397817
0 0 39 -4.70759 1.00679 0.991849 -0.82405
0 0 40 -4.30283 0.600411 0.380324 -1.6384
0 0 41 -2.47181 -1.03479 -2.6773 -0.417206
0 0 42 -3.47405 0.600411 -2.6773 -0.00969455
0 0 43 -5.5171 3.0387 0.584166 -0.620294
0 0 44 -5.30508 2.63232 1.60337 0.397817
0 0 45 -3.47405 4.46104 3.84563 -0.417206
0 0 46 -2.04778 3.85147 1.60337 0.397817
0 0 47 -1.23827 1.61637 -0.842727 0.600905
0 0 48 -1.23827 -2.25394 -2.6773 -0.21345
0 0 49 -1.64302 -5.31148 -2.47346 -2.24967
0 0 50 -1.64302 -1.84756 0.380324 -1.84216
0 0 51 0.188005 2.22594 3.64179 -1.43532
0 0 52 -0.621502 -0.628411 5.06869 -1.23156
0 0 53 -1.85504 0.600411 -0.231201 -0.620294
0 0 54 -2.25979 5.68986 -0.231201 -0.82405
0 0 55 -3.0693 6.90901 1.80722 -0.417206
0 0 56 -2.87656 4.46104 -1.86194 1.41593
0 0 57 -1.85504 3.44509 -3.90035 1.82277
0 0 58 -0.833516 -0.628411 -2.06578 0.804661
0 0 59 -1.23827 -0.222029 0.991849 1.00842
0 0 60 -0.428762 2.22594 2.82643 1.00842
0 0 61 -0.0240086 0.39722 0.788008 -0.21345
0 0 62 -0.0240086 -0.42522 -3.49267 -1.23156
0 0 63 0.380745 -1.23798 -1.45425 -1.6384
0 0 64 0.804773 -0.42522 1.19569 -0.417206
0 0 65 1.80702 -2.66032 2.01106 0.600905
0 0 66 2.82854 -2.86351 0.991849 0.804661
0 0 67 1.80702 0.39722 1.80722 -0.82405
0 0 68 1.20953 2.83551 3.84563 0.804661
0 0 69 3.44531 0.803602 4.45716 1.61968
0 0 70 5.48835 -1.64437 2.41874 0.600905
0 0 71 5.48835 -1.03479 0.176482 0.397817
0 0 72 6.29786 1.41318 -0.0273596 1.61968
0 0 73 4.87158 4.67391 0.584166 2.43404
0 0 74 4.25482 2.22594 -0.638885 1.61968
0 0 75 5.06432 0.600411 -0.0273596 -0.00969455
0 0 76 7.72413 -2.05075 0.991849 -0.417206
0 0 77 10.3647 -3.2699 -0.231201 0.397817
0 0 78 11.3862 -3.0667 -1.25041 1.61968
0 0 79 10.9814 -3.2699 -2.06578 0.194061
0 0 80 10.7694 -4.49872 -1.86194 -0.82405
0 0 81 10.1719 -6.12425 -1.45425 0.194061
0 0 82 10.7694 -7.54658 -0.231201 1.00842
0 0 83 12.1957 -7.95297 0.991849 1.41593
0 0 84 12.003 -5.31148 1.80722 1.41593
0 0 85 12.003 -5.51467 0.788008 -0.00969455
0 0 86 14.2387 -9.79136 -2.26962 1.00842
0 0 87 16.2625 -11.8233 -2.06578 1.41593
0 0 88 17.9008 -13.2456 1.60337 1.82277
0 0 89 19.7318 -13.4488 4.04948 3.24839
0 0 90 20.1366 -11.8233 3.84563 3.65591
0 0 91 19.5391 -9.38498 3.23411 3.65591
0 0 92 19.7318 -8.56254 2.41874 2.43404
0 0 93 19.5391 -7.95297 0.584166 0.397817
0 0 94 18.7103 -8.35935 1.19569 1.00842
0 0 95 19.5391 -9.79136 3.03027 3.65591
0 0 96 20.7533 -8.96892 2.2149 4.47026
0 0 97 22.5844 -7.95297 1.80722 4.47026
0 0 98 24.4154 -6.12425 2.41874 4.47026
0 0 99 26.4585 -5.51467 1.60337 4.8771
0 0 100 29.311 -4.9051 1.39953 4.2665
0 0 101 31.5468 -2.05075 -0.0273596 4.2665
0 0 102 34.1873 -0.222029 -3.49267 3.45215
0 0 103 37.4446 1.20998 -4.51188 2.23028
0 0 104 40.9139 3.85147 -3.08499 1.82277
0 0 105 46.407 8.53454 -3.90035 1.21217
0 0 106 52.5169 13.0144 -5.32725 1.00842
0 0 107 59.6483 17.2911 -9.18825 1.21217
0 0 108 68.3986 22.9998 -13.6728 0.600905
0 0 109 79.4041 29.5116 -19.9799 -0.21345
0 0 110 94.8811 42.1385 -28.5412 -1.02781
0 0 111 116.873 61.2771 -40.3521 -2.24967
0 0 112 149.446 86.3277 -58.6739 -4.69341
0 0 113 198.517 120.938 -87.5834 -8.15525
0 0 114 266.728 171.852 -132.596 -11.6164
0 0 115 360.612 243.327 -195.308 -16.5039
0 0 116 478.915 326.2 -274.518 -22.6126
0 0 117 610.865 409.489 -365.947 -28.5181
0 0 118 740.386 485.027 -459.415 -33.4056
0 0 119 863.778 549.381 -550.64 -36.4599
0 0 120 979.037 599.472 -638.004 -38.903
0 0 121 1061.11 620.643 -699.097 -38.903
0 0 122 1086.35 594.992 -715.38 -35.8487
0 0 123 1093.06 550.6 -710.296 -32.9981
0 0 124 1157.82 533.9 -738.594 -32.1837
0 0 125 1255.98 528.81 -780.13 -31.3687
0 0 126 1253.13 473.02 -735.333 -26.8888
0 0 127 1107.32 355.314 -580.173 -17.7258
0 0 128 930.158 241.082 -417.471 -8.76585
0 0 129 817.347 179.176 -336.63 -7.13647
0 0 130 740.386 152.907 -315.658 -8.15525
0 0 131 637.752 129.085 -291.425 -7.54398
0 0 132 509.253 99.3609 -248.654 -6.32212
0 0 133 389.118 73.7008 -206.507 -5.50776
0 0 134 297.085 57.4068 -176.171 -4.89716
0 0 135 226.619 48.0407 -150.918 -5.71152
0 0 136 172.864 39.8937 -126.481 -6.72963
0 0 137 134.181 30.7307 -104.286 -5.10025
0 0 138 105.867 22.3806 -84.1301 -3.67529
0 0 139 82.8541 16.6815 -67.2232 -2.04592
0 0 140 63.9271 15.6656 -53.1701 -2.24967
0 0 141 49.2596 15.2592 -40.7478 -3.87838
0 0 142 38.8709 12.608 -31.7907 -3.67529
0 0 143 30.93 8.94092 -26.299 -1.43532
0 0 144 24.6274 6.09625 -21.4068 -0.417206
0 0 145 20.3486 4.25785 -16.3227 0.194061
0 0 146 18.5176 3.0387 -11.8382 -0.00969455
0 0 147 16.6865 2.42913 -9.18825 -0.82405
0 0 148 14.0267 1.81956 -9.39209 -0.620294
0 0 149 11.1742 0.600411 -8.78057 1.41593
0 0 150 7.72413 1.20998 -6.94599 2.02653
0 0 151 4.06208 2.83551 -4.30804 1.21217
0 0 152 2.21177 3.44509 -3.08499 0.600905
0 0 153 1.61428 3.44509 -3.49267 0.600905
0 0 154 0.380745 3.44509 -4.1042 -0.21345
0 0 155 0.380745 4.25785 -5.1234 -0.82405
0 0 156 -0.216749 5.08029 -6.74215 -0.00969455
0 0 157 -0.833516 7.72177 -6.53831 0.600905
0 0 158 -1.64302 9.76336 -3.49267 -0.620294
0 0 159 -1.45028 8.73773 -2.06578 -1.23156
0 0 160 -0.216749 7.31539 -2.06578 -0.82405
0 0 161 0.380745 6.70582 -2.26962 -0.00969455
0 0 162 0.592759 7.1122 -1.45425 0.194061
0 0 163 -0.0240086 7.72177 -1.86194 -0.620294
0 0 164 -1.64302 7.31539 -4.1042 -1.23156
0 0 165 -2.87656 6.09625 -4.30804 -2.24967
0 0 166 -2.47181 5.28348 -2.26962 -1.6384
0 0 167 -2.25979 5.48667 -0.842727 -0.00969455
0 0 168 -1.04553 5.68986 0.788008 1.21217
0 0 169 -0.216749 4.67391 0.788008 1.82277
0 0 170 -0.621502 4.25785 1.19569 1.21217
0 0 171 -0.833516 4.05466 2.41874 0.804661
0 0 172 -0.621502 3.85147 1.80722 -0.00969455
0 0 173 -0.428762 4.46104 0.176482 -1.6384
0 0 174 0.592759 2.22594 0.176482 -3.47154
0 0 175 -0.428762 0.39722 1.19569 -3.87838
0 0 176 -2.04778 -0.018838 -0.842727 -2.45343
0 0 177 -2.47181 -0.42522 -3.08499 -0.21345
0 0 178 -2.66454 -2.05075 -2.06578 0.600905
0 0 179 -2.87656 -1.84756 -1.45425 -1.23156
0 0 180 -1.64302 -0.628411 -1.45425 -2.65718
0 0 181 -1.64302 1.20998 -1.65809 -2.04592
0 0 182 -2.87656 3.0387 -1.65809 -0.620294
0 0 183 -4.49557 3.64828 -1.25041 -0.21345
0 0 184 -4.49557 4.67391 0.584166 -0.417206
0 0 185 -3.28131 5.89305 1.80722 -0.82405
0 0 186 -2.25979 5.48667 1.80722 -0.620294
0 0 187 -2.04778 3.64828 0.176482 -1.6384
0 0 188 -2.25979 2.42913 -0.0273596 -1.84216
0 0 189 -2.87656 2.42913 1.60337 0.397817
0 0 190 -3.0693 1.61637 1.60337 2.63779
0 0 191 -3.68607 2.83551 1.19569 3.24839
0 0 192 -2.66454 3.85147 0.584166 2.23028
0 0 193 -2.47181 2.22594 -0.842727 0.600905
0 0 194 -2.47181 0.600411 -0.435043 1.00842
0 0 195 -2.25979 -0.222029 0.991849 2.43404
0 0 196 -1.64302 0.194029 -0.842727 2.63779
0 0 197 0.380745 0.39722 -3.90035 1.21217
0 0 198 0.380745 -0.222029 -2.6773 -0.21345
0 0 199 -1.64302 0.194029 -0.231201 -0.417206
0 0 200 -3.28131 1.41318 0.176482 0.397817
0 0 201 -4.70759 1.00679 -0.842727 0.804661
0 0 202 -4.70759 -0.222029 -2.6773 1.21217
0 0 203 -3.47405 -1.64437 -2.47346 1.41593
0 0 204 -1.45028 -1.03479 -1.04657 1.00842
0 0 205 -0.0240086 -0.222029 0.176482 0.804661
0 0 206 0.188005 2.63232 -1.25041 0.804661
0 0 207 -0.0240086 4.8771 -4.51188 0.600905
0 0 208 -0.0240086 6.09625 -5.92678 0.804661
0 0 209 -1.23827 6.50263 -6.13062 1.00842
0 0 210 -1.64302 4.05466 -4.51188 1.21217
0 0 211 -1.04553 2.83551 -2.88115 2.23028
0 0 212 -1.45028 2.02275 -0.231201 2.02653
0 0 213 -2.66454 0.39722 2.62258 -0.21345
0 0 214 -3.47405 1.20998 4.45716 -0.620294
0 0 215 -3.28131 1.81956 3.64179 1.41593
0 0 216 -3.47405 4.46104 2.62258 2.43404
0 0 217 -2.66454 5.08029 1.19569 2.63779
0 0 218 -2.25979 2.42913 -1.04657 1.21217
0 0 219 -1.23827 1.81956 -2.06578 -0.00969455
0 0 220 0.592759 1.00679 -1.86194 0.194061
0 0 221 0.592759 -0.42522 -0.231201 0.804661
0 0 222 -0.621502 1.20998 0.380324 0.804661
0 0 223 -3.28131 4.25785 1.80722 0.804661
0 0 224 -4.30283 4.8771 3.03027 -0.620294
0 0 225 -4.09082 5.08029 2.82643 -1.43532
0 0 226 -2.25979 3.64828 2.62258 -0.417206
0 0 227 -0.621502 2.63232 0.788008 1.21217
0 0 228 -2.25979 3.44509 -0.842727 2.43404
0 0 229 -4.09082 2.42913 -1.25041 3.04464
0 0 230 -5.11234 0.803602 -0.638885 2.63779
0 0 231 -4.90033 0.39722 -0.435043 1.82277
0 0 232 -4.70759 0.39722 -1.45425 1.41593
0 0 233 -4.09082 -0.018838 -2.6773 1.82277
0 0 234 -4.49557 -0.628411 -2.06578 1.61968
0 0 235 -4.30283 -0.222029 -1.04657 -0.620294
0 0 236 -3.87881 -0.831602 -1.04657 -1.84216
0 0 237 -1.64302 -1.64437 -1.65809 -0.21345
0 0 238 -0.833516 0.194029 -1.04657 -0.417206
0 0 239 -0.428762 0.39722 2.01106 -1.02781
0 0 240 -1.04553 -0.831602 3.03027 -1.6384
0 0 241 -1.85504 -1.03479 0.991849 -1.84216
0 0 242 -2.25979 -0.42522 -0.231201 -1.84216
0 0 243 -2.66454 -0.628411 -1.86194 -1.02781
0 0 244 -3.47405 -1.64437 -2.6773 -0.417206
0 0 245 -3.68607 -3.2699 -0.231201 -0.417206
0 0 246 -3.47405 -3.87947 2.82643 -0.00969455
0 0 247 -3.68607 -0.831602 3.43795 -0.21345
0 0 248 -4.09082 4.46104 2.01106 -0.417206
0 0 249 -3.0693 6.09625 -0.842727 -0.82405
0 0 250 -1.04553 5.28348 -2.06578 -0.417206
0 0 251 -0.833516 3.44509 -2.26962 0.600905
0 0 252 -2.04778 2.42913 -1.86194 1.21217
0 0 253 -3.0693 2.02275 0.176482 0.804661
0 0 254 -3.68607 1.41318 2.41874 0.804661
0 0 255 -3.0693 0.39722 3.43795 1.41593
0 0 256 -2.66454 0.39722 4.04948 2.23028
0 0 257 -3.0693 0.803602 4.25332 3.24839
0 0 258 -2.87656 1.41318 2.01106 3.24839
0 0 259 -2.25979 0.600411 -1.45425 1.61968
0 0 260 -1.85504 1.00679 -2.6773 1.00842
0 0 261 -2.04778 2.22594 -1.25041 2.43404
0 0 262 -2.47181 3.0387 0.788008 3.85899
0 0 263 -3.47405 4.05466 2.41874 3.85899
0 0 264 -2.04778 4.05466 2.82643 3.45215
0 0 265 -0.621502 2.83551 2.41874 2.43404
0 0 266 -0.833516 1.20998 0.584166 1.21217
0 0 267 -0.833516 0.194029 -2.26962 0.397817
0 0 268 -1.45028 0.803602 -3.90035 -0.620294
0 0 269 -1.04553 1.61637 -4.1042 -0.21345
0 0 270 0.592759 2.22594 -2.26962 0.397817
0 0 271 0.804773 4.25785 0.991849 -0.21345
0 0 272 -1.23827 5.68986 3.03027 -0.82405
0 0 273 -3.68607 5.28348 2.62258 -0.417206
0 0 274 -4.09082 6.09625 2.01106 -0.21345
0 0 275 -2.87656 5.68986 2.01106 -1.43532
0 0 276 -1.45028 3.64828 3.43795 -1.23156
0 0 277 -2.04778 2.42913 3.43795 -0.00969455
0 0 278 -2.87656 0.39722 2.2149 0.804661
0 0 279 -2.04778 -3.67628 1.19569 1.00842
0 0 280 -0.621502 -6.12425 0.991849 0.600905
0 0 281 0.592759 -5.92105 -0.231201 1.00842
0 0 282 0.997513 -4.49872 -0.842727 0.804661
0 0 283 0.592759 -1.03479 -1.86194 -0.00969455
0 0 284 -1.04553 1.00679 -1.25041 -0.417206
0 0 285 -3.68607 0.803602 -0.435043 -0.82405
0 0 286 -4.49557 0.194029 0.788008 -0.620294
0 0 287 -4.30283 -0.018838 2.41874 -1.02781
0 0 288 -3.87881 0.600411 3.64179 -1.02781
0 0 289 -3.87881 1.61637 3.43795 -0.21345
0 0 290 -4.09082 1.00679 0.584166 -0.417206
0 0 291 -4.09082 0.194029 -1.86194 -0.620294
0 0 292 -4.09082 1.41318 -2.47346 -1.84216
0 0 293 -2.66454 1.81956 -1.65809 -1.84216
0 0 294 -1.64302 2.83551 -1.45425 -0.620294
0 0 295 -3.28131 3.44509 -2.06578 0.804661
0 0 296 -3.47405 2.83551 -3.28883 2.43404
0 0 297 -2.25979 3.24189 -4.71572 1.82277
0 0 298 -1.64302 2.83551 -3.69651 0.397817
0 0 299 -1.04553 1.41318 -2.6773 0.397817
0 0 300 0.188005 1.41318 -2.26962 2.23028
0 0 301 0.592759 -0.831602 -3.08499 3.04464
0 0 302 1.20953 -2.05075 -5.1234 2.02653
0 0 303 0.804773 -1.84756 -5.92678 0.194061
0 0 304 -0.621502 1.00679 -6.13062 -0.620294
0 0 305 -1.85504 3.0387 -4.51188 -1.23156
0 0 306 -2.25979 3.0387 -1.04657 -0.82405
0 0 307 -1.85504 1.81956 0.176482 -0.21345
0 0 308 -0.621502 3.24189 -0.638885 -0.417206
0 0 309 1.20953 3.24189 -2.47346 -1.23156
0 0 310 0.804773 -0.018838 -2.26962 -1.6384
0 0 311 -0.428762 -1.64437 0.584166 -1.23156
0 0 312 -1.85504 -0.831602 2.62258 1.00842
0 0 313 -2.25979 0.803602 3.03027 2.02653
0 0 314 -1.64302 2.63232 0.788008 1.21217
0 0 315 -1.85504 3.44509 -1.86194 -0.417206
0 0 316 -2.87656 4.25785 -2.26962 0.194061
0 0 317 -3.0693 2.83551 -2.47346 1.82277
0 0 318 -1.64302 0.39722 -1.25041 1.61968
0 0 319 -0.428762 1.20998 -1.25041 -0.00969455
0 0 320 -1.04553 3.0387 -2.06578 -0.21345
0 0 321 -2.47181 4.25785 -2.6773 -0.620294
0 0 322 -3.28131 3.85147 -2.06578 0.194061
0 0 323 -4.30283 1.41318 -1.45425 1.61968
0 0 324 -4.09082 1.61637 1.80722 0.600905
0 0 325 -3.0693 2.63232 4.04948 0.194061
0 0 326 -2.25979 2.42913 3.03027 0.600905
0 0 327 -2.47181 2.42913 1.60337 0.397817
0 0 328 -2.66454 2.83551 0.788008 -0.620294
0 0 329 -3.0693 1.81956 0.584166 -1.02781
0 0 330 -3.28131 1.20998 2.2149 -1.23156
0 0 331 -3.68607 1.41318 0.380324 -2.04592
0 0 332 -4.30283 1.81956 0.788008 -2.24967
0 0 333 -3.68607 0.803602 3.43795 -0.417206
0 0 334 -1.04553 -1.23798 2.62258 1.41593
0 0 335 -1.04553 -1.03479 0.991849 1.00842
0 0 336 -2.04778 -1.03479 -0.231201 0.804661
0 0 337 -2.66454 -1.44118 -1.04657 0.397817
0 0 338 -2.47181 -2.25394 -3.28883 0.397817
0 0 339 -1.45028 -2.25394 -5.32725 1.82277
0 0 340 -0.216749 -1.84756 -4.91956 2.23028
0 0 341 0.188005 -0.42522 -4.71572 1.61968
0 0 342 -0.428762 0.194029 -3.28883 1.00842
0 0 343 -1.04553 -0.222029 -0.435043 0.194061
0 0 344 -2.04778 0.600411 0.584166 0.397817
0 0 345 -2.66454 -0.831602 0.788008 0.600905
0 0 346 -3.0693 -1.64437 0.788008 0.194061
0 0 347 -3.28131 -1.03479 0.176482 -1.23156
0 0 348 -1.64302 0.600411 -0.638885 0.194061
0 0 349 -0.428762 1.20998 -1.45425 1.82277
0 0 350 0.188005 0.39722 -1.86194 2.02653
0 0 351 0.380745 0.803602 -1.86194 0.397817
0 0 352 0.380745 2.63232 -1.86194 -0.82405
0 0 353 2.42379 4.67391 -1.25041 -1.02781
0 0 354 4.06208 5.08029 -1.25041 -1.6384
0 0 355 3.63805 6.29944 -1.86194 -0.417206
0 0 356 1.61428 7.31539 -2.06578 1.21217
0 0 357 0.188005 6.70582 -0.0273596 1.82277
0 0 358 -0.0240086 4.67391 2.2149 1.00842
0 0 359 -1.64302 3.44509 0.788008 -1.02781
0 0 360 -2.66454 4.05466 -0.638885 -2.24967
0 0 361 -1.85504 4.25785 -1.25041 -0.82405
0 0 362 -0.621502 2.63232 0.788008 0.397817
0 0 363 0.188005 1.81956 3.03027 0.600905
0 0 364 -0.621502 0.803602 3.03027 0.194061
0 0 365 -1.45028 -2.25394 0.788008 -1.23156
0 0 366 -0.833516 -2.05075 -3.49267 -2.65718
0 0 367 -0.216749 1.00679 -2.26962 -1.43532
0 0 368 -0.216749 2.83551 2.41874 -0.82405
0 0 369 -1.23827 2.02275 3.23411 0.194061
0 0 370 -0.833516 1.00679 0.991849 1.00842
0 0 371 0.804773 1.20998 -0.231201 0.804661
0 0 372 2.82854 2.22594 -0.638885 0.397817
0 0 373 3.2333 4.46104 -0.638885 -0.417206
0 0 374 3.04056 6.09625 0.788008 -1.43532
0 0 375 4.46683 5.68986 1.80722 -1.84216
0 0 376 5.89311 5.08029 2.01106 -0.620294
0 0 377 9.55516 8.53454 1.80722 -0.417206
0 0 378 12.6005 13.0144 2.41874 -1.02781
0 0 379 14.0267 17.0879 4.45716 -2.04592
0 0 380 16.4745 17.6975 4.86484 -1.43532
0 0 381 17.0913 17.6975 4.661 -0.21345
0 0 382 14.0267 14.04 4.04948 -0.00969455
0 0 383 7.31938 9.56017 3.84563 -1.23156
0 0 384 2.21177 4.46104 2.41874 -0.417206
0 0 385 1.80702 2.63232 0.991849 2.02653
0 0 386 1.61428 1.81956 -0.435043 3.65591
0 0 387 1.61428 0.803602 -1.65809 3.85899
0 0 388 2.42379 1.20998 -2.47346 2.84088
0 0 389 2.01903 3.24189 -0.842727 0.194061
0 0 390 1.20953 -0.831602 -1.25041 -1.23156
0 0 391 1.40227 -3.0667 -1.65809 -1.02781
0 0 392 1.61428 -0.831602 -0.638885 0.194061
0 0 393 1.61428 -0.018838 0.380324 -0.21345
0 0 394 1.80702 -0.42522 0.788008 -2.86027
0 0 395 2.01903 1.41318 -0.231201 -4.48965
0 0 396 0.380745 2.83551 -0.638885 -2.45343
0 0 397 -2.66454 2.42913 -1.04657 0.397817
0 0 398 -4.30283 2.02275 0.584166 0.600905
0 0 399 -4.90033 4.05466 0.380324 -0.417206
0 0 400 -4.49557 6.09625 -0.231201 -0.417206
0 0 401 -4.09082 5.48667 0.788008 -0.620294
0 0 402 -3.0693 4.05466 2.41874 -1.02781
0 0 403 -2.66454 4.25785 3.64179 -2.24967
0 0 404 -2.66454 2.63232 2.2149 -2.24967
0 0 405 -2.04778 1.41318 -1.25041 -0.417206
0 0 406 -1.64302 1.61637 -4.30804 0.804661
0 0 407 -2.47181 -2.25394 -5.1234 -0.417206
0 0 408 -3.28131 -1.84756 -4.1042 -1.23156
0 0 409 -4.09082 0.600411 -1.86194 -0.82405
0 0 410 -4.49557 0.600411 -1.25041 -1.6384
0 0 411 -5.11234 1.20998 -1.65809 -2.04592
0 0 412 -4.09082 0.600411 0.176482 -1.02781
0 0 413 -3.0693 1.00679 0.991849 -1.02781
0 0 414 -1.45028 2.02275 0.176482 -1.43532
0 0 415 -1.23827 -0.222029 0.380324 -1.02781
0 0 416 -2.25979 -1.84756 0.788008 -1.02781
0 0 417 -4.30283 -0.628411 1.19569 -0.82405
0 0 418 -4.30283 2.42913 2.2149 -0.21345
0 0 419 -3.0693 4.25785 1.60337 -0.82405
0 0 420 -2.66454 2.83551 0.584166 -1.02781
0 0 421 -2.04778 2.22594 -1.04657 -1.23156
0 0 422 -2.04778 3.64828 -1.25041 -0.82405
0 0 423 -2.66454 3.24189 0.788008 -0.21345
0 0 424 -2.25979 1.00679 2.62258 -0.00969455
0 0 425 -2.25979 -0.628411 2.82643 0.600905
0 0 426 -2.04778 -1.23798 0.380324 1.61968
0 0 427 -2.04778 -1.44118 -3.08499 1.21217
0 0 428 -2.87656 0.194029 -4.1042 -0.00969455
0 0 429 -3.87881 1.61637 -1.86194 0.600905
0 0 430 -3.47405 1.41318 1.19569 1.82277
0 0 431 -2.47181 0.194029 0.788008 0.804661
0 0 432 -3.47405 0.39722 0.991849 -0.82405
0 0 433 -4.49557 3.0387 2.62258 -0.417206
0 0 434 -4.09082 4.67391 1.19569 -0.21345
0 0 435 -3.68607 5.68986 -0.842727 -1.43532
0 0 436 -5.11234 6.90901 0.176482 -1.23156
0 0 437 -5.5171 8.33135 2.41874 -0.620294
0 0 438 -4.30283 6.70582 3.03027 -1.02781
0 0 439 -3.0693 3.24189 1.80722 -1.43532
0 0 440 -1.64302 2.63232 0.991849 -0.417206
0 0 441 -0.621502 4.46104 3.03027 1.00842
0 0 442 -0.833516 4.05466 4.04948 1.00842
0 0 443 -1.85504 1.20998 1.19569 -0.21345
0 0 444 -2.87656 0.600411 -2.88115 -1.02781
0 0 445 -5.5171 0.600411 -1.45425 -0.00969455
0 0 446 -7.13611 -0.222029 1.19569 0.804661
0 0 447 -5.5171 0.39722 2.01106 -0.00969455
0 0 448 -3.47405 1.61637 3.03027 -0.620294
0 0 449 -1.45028 2.02275 2.82643 0.804661
0 0 450 -0.833516 3.0387 2.41874 1.61968
0 0 451 -2.04778 3.24189 1.60337 0.194061
0 0 452 -1.85504 1.61637 1.60337 -1.23156
0 0 453 -0.621502 -0.018838 2.41874 -1.23156
0 0 454 -0.0240086 -0.831602 1.39953 -0.82405
0 0 455 -0.428762 -0.42522 -1.04657 -1.02781
0 0 456 -1.64302 1.00679 -2.47346 -1.23156
0 0 457 -1.85504 0.600411 -3.08499 -1.02781
0 0 458 -0.833516 -0.018838 -2.26962 -1.23156
0 0 459 1.20953 -2.05075 -0.842727 -1.6384
0 0 460 1.40227 -4.9051 -0.435043 -1.23156
0 0 461 -0.216749 -4.28585 -2.06578 1.00842
0 0 462 -1.64302 -1.03479 -3.49267 2.02653
0 0 463 -1.85504 1.41318 -3.08499 1.41593
0 0 464 -1.04553 1.61637 -1.65809 1.00842
0 0 465 -1.23827 2.02275 -0.842727 0.397817
0 0 466 -2.04778 3.64828 0.788008 -1.84216
0 0 467 -3.0693 0.803602 -0.0273596 -3.87838
0 0 468 -4.70759 -2.25394 -2.06578 -3.26778
0 0 469 -5.5171 -1.44118 -3.08499 -0.82405
0 0 470 -5.11234 0.600411 -1.65809 0.194061
0 0 471 -3.68607 0.39722 0.176482 0.194061
0 0 472 -1.64302 -1.84756 1.80722 0.600905
0 0 473 -0.0240086 -1.03479 2.2149 0.600905
0 0 474 0.592759 -0.42522 3.43795 0.600905
0 0 475 -0.428762 0.803602 5.68021 -0.00969455
0 0 476 -1.64302 2.42913 5.68021 -0.00969455
0 0 477 -1.04553 1.61637 3.64179 -0.21345
0 0 478 -0.621502 0.194029 0.991849 -0.21345
0 0 479 -2.66454 -1.23798 -2.06578 -0.00969455
0 0 480 -3.0693 -1.23798 -4.51188 0.194061
0 0 481 -1.04553 1.00679 -2.26962 -0.620294
0 0 482 0.188005 1.00679 1.19569 -1.23156
0 0 483 -0.428762 -0.628411 2.41874 -0.00969455
0 0 484 -1.45028 1.61637 1.60337 0.397817
0 0 485 -1.85504 5.08029 -0.231201 1.00842
0 0 486 -2.25979 4.8771 -2.6773 1.82277
0 0 487 -2.66454 3.44509 -3.69651 1.61968
0 0 488 -1.64302 0.600411 -4.1042 1.41593
0 0 489 -0.833516 -0.628411 -4.51188 1.61968
0 0 490 0.188005 0.194029 -3.28883 2.43404
