0 0 0 0.062619
0 0 1 0.048524
0 0 2 0.0142363
0 0 3 0.024653
0 0 4 0.0242222
0 0 5 -0.001593
0 0 6 0.0101271
0 0 7 0.0353016
0 0 8 0.0148991
0 0 9 0.0216373
0 0 10 0.00622777
0 0 11 0.0539698
0 0 12 0.0572284
0 0 13 0.0541907
0 0 14 0.0672143
0 0 15 0.0557151
0 0 16 0.0218693
0 0 17 0.0628841
0 0 18 0.0459612
0 0 19 0.0253489
0 0 20 0.0136288
0 0 21 -0.0108829
0 0 22 0.0134189
0 0 23 -0.0160857
0 0 24 -0.0126172
0 0 25 0.0242774
0 0 26 -0.000245353
0 0 27 -0.0319261
0 0 28 -0.00718242
0 0 29 -0.0249669
0 0 30 -0.0453694
0 0 31 -0.0831256
0 0 32 -0.0759676
0 0 33 -0.0598953
0 0 34 -0.0412381
0 0 35 -0.0644574
0 0 36 0.00390805
0 0 37 0.00565336
0 0 38 -0.0225588
0 0 39 -0.00563594
0 0 40 0.0180252
0 0 41 0.00305749
0 0 42 -0.0166933
0 0 43 -0.0223269
0 0 44 0.0121817
0 0 45 -0.0561837
0 0 46 -0.0796129
0 0 47 -0.0579069
0 0 48 -0.07462
0 0 49 -0.119976
0 0 50 -0.12192
0 0 51 -0.112807
0 0 52 -0.143615
0 0 53 -0.117137
0 0 54 -0.076774
0 0 55 -0.0533338
0 0 56 -0.00906029
0 0 57 0.0517053
0 0 58 0.0714561
0 0 59 0.0695119
0 0 60 0.0395654
0 0 61 0.0404381
0 0 62 0.0163462
0 0 63 0.00180926
0 0 64 -0.00317262
0 0 65 -0.0248786
0 0 66 -0.0467944
0 0 67 -0.0530797
0 0 68 -0.0437456
0 0 69 0.00876841
0 0 70 0.0317778
0 0 71 0.00769692
0 0 72 0.00509
0 0 73 0.00509
0 0 74 0.0239791
0 0 75 0.0202897
0 0 76 0.0140044
0 0 77 0.0272378
0 0 78 -0.0241937
0 0 79 -0.0293965
0 0 80 -0.00031163
0 0 81 -0.00812135
0 0 82 0.0309383
0 0 83 -0.00355924
0 0 84 -0.00702777
0 0 85 0.00208541
0 0 86 0.0313912
0 0 87 0.0619894
0 0 88 0.02705
0 0 89 0.0292261
0 0 90 0.00362085
0 0 91 -0.0248012
0 0 92 -0.0202502
0 0 93 -0.0306558
0 0 94 0.0337993
0 0 95 0.0209966
0 0 96 0.00493535
0 0 97 0.0522466
0 0 98 0.0335894
0 0 99 0.112371
0 0 100 0.0487891
0 0 101 0.0145014
0 0 102 0.0249181
0 0 103 0.0244873
0 0 104 -0.00133893
0 0 105 0.0103922
0 0 106 0.0355667
0 0 107 0.0151642
0 0 108 0.0218914
0 0 109 0.00649288
0 0 110 0.0542349
0 0 111 0.0574936
0 0 112 0.0544558
0 0 113 0.0674794
0 0 114 0.0559802
0 0 115 0.0221344
0 0 116 0.0631493
0 0 117 0.0462264
0 0 118 0.025614
0 0 119 0.0138939
0 0 120 -0.0106289
0 0 121 0.013684
0 0 122 -0.0158317
0 0 123 -0.0123521
0 0 124 0.0245425
0 0 125 1.97582e-05
0 0 126 -0.031661
0 0 127 -0.00691731
0 0 128 -0.0247129
0 0 129 -0.0451043
0 0 130 -0.0828605
0 0 131 -0.0757025
0 0 132 -0.0596412
0 0 133 -0.040973
0 0 134 -0.0641923
0 0 135 0.00417316
0 0 136 0.00590743
0 0 137 -0.0222937
0 0 138 -0.00537083
0 0 139 0.0182903
0 0 140 0.0033226
0 0 141 -0.0164282
0 0 142 -0.0220618
0 0 143 0.0124358
0 0 144 -0.0559186
0 0 145 -0.0793478
0 0 146 -0.0576418
0 0 147 -0.0743549
0 0 148 -0.119711
0 0 149 -0.121655
0 0 150 -0.112542
0 0 151 -0.14335
0 0 152 -0.116872
0 0 153 -0.0765089
0 0 154 -0.0530687
0 0 155 -0.00879517
0 0 156 0.0519704
0 0 157 0.0717212
0 0 158 0.069777
0 0 159 0.0398306
0 0 160 0.0407032
0 0 161 0.0166113
0 0 162 0.00207437
0 0 163 -0.00291855
0 0 164 -0.0246134
0 0 165 -0.0465293
0 0 166 -0.0528146
0 0 167 -0.0434805
0 0 168 0.00903352
0 0 169 0.0320429
0 0 170 0.00795099
0 0 171 0.00535511
0 0 172 0.00535511
0 0 173 0.0242443
0 0 174 0.0205548
0 0 175 0.0142584
0 0 176 0.0275029
0 0 177 -0.0239286
0 0 178 -0.0291314
0 0 179 -4.65194e-05
0 0 180 -0.00785624
0 0 181 0.0312034
0 0 182 -0.00329413
0 0 183 -0.00676266
0 0 184 0.00235052
0 0 185 0.0316453
0 0 186 0.0622545
0 0 187 0.0273151
0 0 188 0.0294912
0 0 189 0.00388596
0 0 190 -0.0245472
0 0 191 -0.0199851
0 0 192 -0.0304017
0 0 193 0.0340534
0 0 194 0.0212618
0 0 195 0.00520046
0 0 196 0.0525117
0 0 197 0.0338545
0 0 198 0.112637
0 0 199 0.129339
0 0 200 0.115895
0 0 201 0.126964
0 0 202 0.104617
0 0 203 0.11742
0 0 204 0.129791
0 0 205 0.099845
0 0 206 0.14086
0 0 207 0.0651265
0 0 208 0.0356219
0 0 209 0.0247745
0 0 210 0.0171746
0 0 211 0.00502372
0 0 212 -0.0283913
0 0 213 -0.0566035
0 0 214 -0.0613755
0 0 215 -0.126261
0 0 216 -0.0524722
0 0 217 -0.0470374
0 0 218 -0.0157875
0 0 219 -0.00732602
0 0 220 0.00722193
0 0 221 -0.0101428
0 0 222 0.0204664
0 0 223 0.0156944
0 0 224 0.0443374
0 0 225 -0.00556966
0 0 226 -0.0222716
0 0 227 -0.0287889
0 0 228 -0.0635074
0 0 229 -0.100612
0 0 230 -0.0893226
0 0 231 -0.0986567
0 0 232 -0.0608894
0 0 233 -0.0925702
0 0 234 -0.0982148
0 0 235 -0.0730293
0 0 236 -0.0899632
0 0 237 -0.0671748
0 0 238 -0.0181182
0 0 239 0.0248518
0 0 240 0.0120492
0 0 241 -0.0352621
0 0 242 -0.0204932
0 0 243 -0.00269763
0 0 244 0.0174839
0 0 245 0.0164014
0 0 246 0.0298558
0 0 247 0.0190083
0 0 248 -0.0473909
0 0 249 -0.0371841
0 0 250 -0.00550338
0 0 251 -0.00246566
0 0 252 0.041377
0 0 253 0.0177269
0 0 254 0.0162136
0 0 255 0.0040627
0 0 256 -0.0475897
0 0 257 -0.027839
0 0 258 -0.00222264
0 0 259 -0.0391172
0 0 260 -0.0321691
0 0 261 -0.0805629
0 0 262 -0.106599
0 0 263 -0.0773042
0 0 264 -0.0516879
0 0 265 0.00820505
0 0 266 -0.00242147
0 0 267 -0.00741439
0 0 268 0.0386044
0 0 269 0.0286186
0 0 270 0.0338324
0 0 271 0.0347051
0 0 272 0.0383945
0 0 273 -0.0555762
0 0 274 -0.0692404
0 0 275 -0.12783
0 0 276 -0.131519
0 0 277 -0.157125
0 0 278 -0.148442
0 0 279 -0.164283
0 0 280 -0.135198
0 0 281 -0.178168
0 0 282 -0.100689
0 0 283 -0.102633
0 0 284 -0.0193002
0 0 285 -0.019731
0 0 286 0.0215048
0 0 287 0.0165119
0 0 288 0.0503687
0 0 289 0.0829221
0 0 290 0.118513
0 0 291 0.0829332
0 0 292 0.0811989
0 0 293 0.0753444
0 0 294 0.0744717
0 0 295 0.026089
0 0 296 0.0506117
0 0 297 0.0519152
0 0 298 -0.0144951
0 0 299 0.0206653
0 0 300 0.042802
0 0 301 0.0551849
0 0 302 0.0289279
0 0 303 0.0482368
0 0 304 0.0805803
0 0 305 0.0827564
0 0 306 0.0666951
0 0 307 0.0966416
0 0 308 0.0371905
0 0 309 0.0313249
0 0 310 -0.00229996
0 0 311 0.0526001
0 0 312 0.0163683
0 0 313 0.00573069
0 0 314 0.00682427
0 0 315 0.00595161
0 0 316 -0.0376591
0 0 317 0.00704519
0 0 318 -0.00358133
0 0 319 -0.00141626
0 0 320 -0.0337487
0 0 321 -0.0393823
0 0 322 -0.0478438
0 0 323 -0.0754043
0 0 324 -0.0936306
0 0 325 -0.0126835
0 0 326 -0.0306889
0 0 327 -0.0159311
0 0 328 -0.00637604
0 0 329 0.0114195
0 0 330 0.0140264
0 0 331 0.00491326
0 0 332 0.0296569
0 0 333 0.031833
0 0 334 0.00492431
0 0 335 0.00861377
0 0 336 0.0116515
0 0 337 -0.0195984
0 0 338 -0.0410724
0 0 339 -0.0139427
0 0 340 -0.00960155
0 0 341 -0.0258727
0 0 342 -0.027607
0 0 343 -0.0406306
0 0 344 -0.0501745
0 0 345 -0.0358475
0 0 346 -0.0150142
0 0 347 0.00495745
0 0 348 -0.0134898
0 0 349 -0.00654173
0 0 350 -0.0456014
0 0 351 0.0173403
0 0 352 0.0025825
0 0 353 0.0284087
0 0 354 -0.0189025
0 0 355 0.0210408
0 0 356 0.00997246
0 0 357 0.0104033
0 0 358 -0.0160636
0 0 359 0.0197484
0 0 360 -0.0230007
0 0 361 0.00478071
0 0 362 -0.0596743
0 0 363 -0.0440439
0 0 364 -0.113492
0 0 365 -0.0991648
0 0 366 -0.0972096
0 0 367 -0.0711625
0 0 368 -0.0807065
0 0 369 -0.113039
0 0 370 -0.133
0 0 371 -0.106522
0 0 372 -0.12171
0 0 373 -0.0819989
0 0 374 -0.131475
0 0 375 -0.148177
0 0 376 -0.103042
0 0 377 -0.0570343
0 0 378 -0.0366318
0 0 379 0.00439409
0 0 380 0.0551738
0 0 381 0.0796966
0 0 382 0.100751
0 0 383 0.144803
0 0 384 0.160434
0 0 385 0.0851314
0 0 386 0.0877383
0 0 387 0.103369
0 0 388 0.0450002
0 0 389 0.00897829
0 0 390 -0.00100755
0 0 391 -0.0904161
0 0 392 -0.088461
0 0 393 -0.0726095
0 0 394 -0.040487
0 0 395 -0.0296395
0 0 396 -0.0335388
0 0 397 0.0100829
0 0 398 0.0105137
0 0 399 0.0296127
0 0 400 0.12228
0 0 401 0.0947306
0 0 402 0.043509
0 0 403 0.0465577
0 0 404 -0.00682894
0 0 405 -0.0458886
0 0 406 -0.0764868
0 0 407 -0.0842965
0 0 408 -0.06628
0 0 409 -0.0858098
0 0 410 -0.07821
0 0 411 -0.0408846
0 0 412 -0.0580174
0 0 413 -0.0549797
0 0 414 -0.0117887
0 0 415 -0.00267553
0 0 416 0.0073103
0 0 417 -0.00267553
0 0 418 0.0201129
0 0 419 0.0300988
0 0 420 0.0767693
0 0 421 0.132752
0 0 422 0.144041
0 0 423 0.132332
0 0 424 0.150338
0 0 425 0.152083
0 0 426 0.121706
0 0 427 0.0865453
0 0 428 0.0694125
0 0 429 -0.0217414
0 0 430 -0.0254198
0 0 431 -0.0243373
0 0 432 -0.0323569
0 0 433 -0.0811925
0 0 434 -0.0731508
0 0 435 -0.0477665
0 0 436 -0.0169473
0 0 437 -0.000234306
0 0 438 0.0210408
0 0 439 0.00216274
0 0 440 -0.00542606
0 0 441 0.0349371
0 0 442 0.0483914
0 0 443 0.0438404
0 0 444 0.037544
0 0 445 0.00109125
0 0 446 -0.0188694
0 0 447 -0.0444747
0 0 448 -0.062701
0 0 449 -0.0787623
0 0 450 -0.112608
0 0 451 -0.106312
0 0 452 -0.0969776
0 0 453 -0.0872127
0 0 454 -0.0796129
0 0 455 -0.0353394
0 0 456 0.0301982
0 0 457 0.0232611
0 0 458 0.0391015
0 0 459 0.107036
0 0 460 0.109853
0 0 461 0.0844686
0 0 462 0.0807791
0 0 463 0.0695009
0 0 464 0.0768798
0 0 465 0.0334789
0 0 466 0.019163
0 0 467 0.00527779
0 0 468 -0.0576529
0 0 469 -0.0487606
0 0 470 -0.030954
0 0 471 -0.0483188
0 0 472 -0.016627
0 0 473 -0.093012
0 0 474 -0.0513455
0 0 475 -0.0478769
0 0 476 -0.0628446
0 0 477 -0.0489484
0 0 478 -0.0613202
0 0 479 -0.0621819
0 0 480 -0.0652196
0 0 481 -0.0862627
0 0 482 -0.00466387
0 0 483 -0.0467612
0 0 484 -0.0530576
0 0 485 -0.00313948
0 0 486 -0.00161509
0 0 487 0.0105358
0 0 488 -0.0146387
0 0 489 0.0309383
0 0 490 0.0218251
0 0 491 -0.0211339
0 0 492 -0.00160405
0 0 493 0.0040406
0 0 494 -0.0274192
0 0 495 -0.0747304
0 0 496 -0.0712508
0 0 497 -0.0634411
0 0 498 -0.10988
0 0 499 -0.146763
0 0 500 -0.157401
0 0 501 -0.133088
0 0 502 -0.13026
0 0 503 -0.134822
0 0 504 -0.120495
0 0 505 -0.0862075
0 0 506 -0.0469269
0 0 507 -0.0295622
0 0 508 0.0301209
0 0 509 0.0422828
0 0 510 0.00104706
0 0 511 0.0264425
0 0 512 0.0277459
0 0 513 0.063337
0 0 514 0.0164677
0 0 515 0.000627304
0 0 516 -0.00327203
0 0 517 -0.0594755
0 0 518 -0.0201949
0 0 519 0.0101823
0 0 520 -0.00456445
0 0 521 -0.00695045
0 0 522 -0.0275628
0 0 523 -0.00695045
0 0 524 0.000649396
0 0 525 -0.00911552
0 0 526 0.0319104
0 0 527 -0.0373167
0 0 528 -0.0472915
0 0 529 -0.0394817
0 0 530 -0.00974515
0 0 531 -0.00149358
0 0 532 -0.0088725
0 0 533 -0.0494565
0 0 534 -0.00995503
0 0 535 -0.00387958
0 0 536 0.0397422
0 0 537 0.0408358
0 0 538 0.0169648
0 0 539 0.00242785
0 0 540 -0.0108056
0 0 541 -0.0307662
0 0 542 0.0028697
0 0 543 -0.0147049
0 0 544 -0.0400893
0 0 545 -0.0772048
0 0 546 -0.0806733
0 0 547 -0.0936859
0 0 548 -0.0960718
0 0 549 -0.0771938
0 0 550 -0.064601
0 0 551 -0.0663353
0 0 552 -0.103871
0 0 553 -0.109725
0 0 554 -0.0802094
0 0 555 -0.0897644
0 0 556 -0.028557
0 0 557 -0.0239949
0 0 558 -0.0246466
0 0 559 -0.0107614
0 0 560 -0.0545931
0 0 561 -0.0120538
0 0 562 0.00249413
0 0 563 -0.0196426
0 0 564 -0.0135672
0 0 565 -0.0528367
0 0 566 -0.0573988
0 0 567 -0.0506606
0 0 568 -0.0550018
0 0 569 -0.023321
0 0 570 0.000991831
0 0 571 0.0276907
0 0 572 0.0394108
0 0 573 0.015109
0 0 574 0.0483141
0 0 575 0.024664
0 0 576 0.0112096
0 0 577 -0.0185159
0 0 578 -0.0460764
0 0 579 -0.0590999
0 0 580 -0.020681
0 0 581 -0.00288541
0 0 582 0.00428362
0 0 583 0.00644869
0 0 584 -0.00331622
0 0 585 -0.0141637
0 0 586 -0.0039569
0 0 587 0.0591947
0 0 588 0.0192734
0 0 589 -0.0540739
0 0 590 -0.0703561
0 0 591 -0.0191345
0 0 592 -0.0399678
0 0 593 0.00843703
0 0 594 0.0086469
0 0 595 0.034694
0 0 596 0.0199362
0 0 597 0.0485903
0 0 598 0.0449008
0 0 599 0.0577145
0 0 600 0.0722514
0 0 601 0.054025
0 0 602 0.042095
0 0 603 0.042316
0 0 604 0.0739967
0 0 605 0.0483914
0 0 606 0.0358097
0 0 607 0.0800832
0 0 608 0.0820384
0 0 609 0.0790007
0 0 610 0.0729252
0 0 611 0.0655573
0 0 612 0.0468891
0 0 613 0.0243326
0 0 614 0.0527547
0 0 615 0.0505896
0 0 616 0.0577587
0 0 617 -0.00626558
0 0 618 -0.0561727
0 0 619 -0.0136334
0 0 620 -0.0056028
0 0 621 0.0527768
0 0 622 0.0610284
0 0 623 0.0734002
0 0 624 0.0686282
0 0 625 0.0445363
0 0 626 0.0690701
0 0 627 0.10813
0 0 628 0.0790559
0 0 629 0.0677776
0 0 630 0.0319656
0 0 631 0.0111323
0 0 632 -0.0292198
0 0 633 0.00592952
0 0 634 -0.00556966
0 0 635 0.0161363
0 0 636 -0.00859634
0 0 637 -0.0240059
0 0 638 -0.0322464
0 0 639 -0.0435247
0 0 640 -0.0485176
0 0 641 -0.0441764
0 0 642 -0.088229
0 0 643 -0.0867046
0 0 644 -0.0613092
0 0 645 -0.0686881
0 0 646 -0.0550128
0 0 647 -0.0189798
0 0 648 0.000980785
0 0 649 0.0142253
0 0 650 -0.025707
0 0 651 -0.00422201
0 0 652 0.0187874
0 0 653 0.0140154
0 0 654 0.017495
0 0 655 0.0496176
0 0 656 0.0209746
0 0 657 0.00144473
0 0 658 -0.0196095
0 0 659 0.0216263
0 0 660 0.00144473
0 0 661 -0.0250222
0 0 662 0.00710042
0 0 663 0.0661318
0 0 664 0.0470327
0 0 665 0.0594046
0 0 666 0.124732
0 0 667 0.153165
0 0 668 0.189618
0 0 669 0.228468
0 0 670 0.296612
0 0 671 0.299219
0 0 672 0.252781
0 0 673 0.273183
0 0 674 0.337207
0 0 675 0.354782
0 0 676 0.368899
0 0 677 0.387126
0 0 678 0.40058
0 0 679 0.387347
0 0 680 0.348729
0 0 681 0.313789
0 0 682 0.303373
0 0 683 0.268223
0 0 684 0.188359
0 0 685 0.180118
0 0 686 0.10243
0 0 687 0.0918033
0 0 688 0.0486124
0 0 689 0.0477507
0 0 690 0.0720636
0 0 691 0.0724944
0 0 692 0.0594819
0 0 693 0.0924661
0 0 694 0.115034
0 0 695 0.1719
0 0 696 0.126975
0 0 697 0.144781
0 0 698 0.125251
0 0 699 0.130023
0 0 700 0.112018
0 0 701 0.111366
0 0 702 0.103777
0 0 703 0.0317336
0 0 704 -0.0233873
0 0 705 0.0252274
0 0 706 0.00482489
0 0 707 0.0625528
0 0 708 0.0562674
0 0 709 0.0347824
0 0 710 -0.00275286
0 0 711 -0.00123952
0 0 712 0.0480269
0 0 713 0.0608295
0 0 714 0.00354352
0 0 715 -0.0138102
0 0 716 -0.0754374
0 0 717 -0.0561285
0 0 718 -0.0585145
0 0 719 -0.0641481
0 0 720 -0.0695718
0 0 721 -0.100601
0 0 722 -0.0808501
0 0 723 -0.0469932
0 0 724 -0.023553
0 0 725 0.00596266
0 0 726 -0.0268006
0 0 727 -0.0105294
0 0 728 0.0142142
0 0 729 0.00966316
0 0 730 -0.00943586
0 0 731 -0.0332958
0 0 732 -0.0367754
0 0 733 -0.068887
0 0 734 -0.10513
0 0 735 -0.07821
0 0 736 -0.0335057
0 0 737 -0.00963469
0 0 738 0.0116404
0 0 739 0.0177159
0 0 740 0.0528762
0 0 741 0.00383073
0 0 742 0.0620004
0 0 743 0.0876057
0 0 744 0.108008
0 0 745 0.0598354
0 0 746 0.0311924
0 0 747 -0.0321691
0 0 748 -0.0278279
0 0 749 -0.0171903
0 0 750 -0.0193665
0 0 751 -0.027607
0 0 752 -0.0338923
0 0 753 -0.0560291
0 0 754 -0.0393161
0 0 755 -0.00154881
0 0 756 0.0197153
0 0 757 -0.00849693
0 0 758 -0.0182508
0 0 759 0.0240675
0 0 760 -0.00934749
0 0 761 0.0132201
0 0 762 0.015827
0 0 763 0.034926
0 0 764 0.0340644
0 0 765 0.0388364
0 0 766 0.0655353
0 0 767 0.0366713
0 0 768 0.0464362
0 0 769 0.032772
0 0 770 0.00586324
0 0 771 -0.0423096
0 0 772 -0.091565
0 0 773 -0.124549
0 0 774 -0.111747
0 0 775 -0.130846
0 0 776 -0.142776
0 0 777 -0.160781
0 0 778 -0.104577
0 0 779 -0.123456
0 0 780 -0.0514007
0 0 781 -0.0626789
0 0 782 -0.0802536
0 0 783 -0.112586
0 0 784 -0.0581168
0 0 785 -0.0574651
0 0 786 -0.0359801
0 0 787 -0.0971765
0 0 788 -0.0843628
0 0 789 -0.107361
0 0 790 -0.062226
0 0 791 -0.0824076
0 0 792 -0.0676387
0 0 793 -0.1386
0 0 794 -0.134701
0 0 795 -0.124273
0 0 796 -0.105395
0 0 797 -0.0871575
0 0 798 -0.093233
0 0 799 -0.114287
0 0 800 -0.0647998
0 0 801 -0.0472252
0 0 802 -0.0177095
0 0 803 -0.0535105
0 0 804 -0.0804193
0 0 805 -0.0242047
0 0 806 -0.0324453
0 0 807 -0.0623917
0 0 808 -0.0435136
0 0 809 -0.0838768
0 0 810 -0.0853901
0 0 811 -0.0838657
0 0 812 -0.0231001
0 0 813 0.0203007
0 0 814 -0.0632423
0 0 815 -0.0606354
0 0 816 -0.0610662
0 0 817 -0.0723555
0 0 818 -0.0306779
0 0 819 -0.0389294
0 0 820 0.019892
0 0 821 0.00860272
0 0 822 0.0185886
0 0 823 0.0743612
0 0 824 0.0910743
0 0 825 0.124721
0 0 826 0.136011
0 0 827 0.101502
0 0 828 0.140131
0 0 829 0.0702631
0 0 830 0.0433543
0 0 831 -0.00526036
0 0 832 -0.0530024
0 0 833 -0.0844622
0 0 834 -0.122439
0 0 835 -0.122439
0 0 836 -0.08011
0 0 837 -0.148254
0 0 838 -0.109836
0 0 839 -0.104412
0 0 840 -0.0850918
0 0 841 -0.0692515
0 0 842 -0.00978934
0 0 843 0.00584115
0 0 844 0.003897
0 0 845 -0.0316941
0 0 846 0.00173193
0 0 847 0.018445
0 0 848 0.0607633
0 0 849 0.0305959
0 0 850 0.0353789
0 0 851 -0.0392719
0 0 852 -0.0318929
0 0 853 -0.0119213
0 0 854 0.0418962
0 0 855 0.0425479
0 0 856 0.0195496
0 0 857 -0.0501083
0 0 858 -0.0401224
0 0 859 -0.00995503
0 0 860 -0.00777892
0 0 861 0.0247745
0 0 862 -0.0340359
0 0 863 -0.0587796
0 0 864 -0.0659376
0 0 865 -0.0858982
0 0 866 -0.00864053
0 0 867 0.0230513
0 0 868 0.0410677
0 0 869 0.0536605
0 0 870 0.062122
0 0 871 0.0851314
0 0 872 0.0731903
0 0 873 0.0912068
0 0 874 0.132664
0 0 875 0.0766699
0 0 876 0.0330592
0 0 877 -0.0177206
0 0 878 0.0267739
0 0 879 0.0204775
0 0 880 0.0404491
0 0 881 0.0369806
0 0 882 0.0530419
0 0 883 -0.00511676
0 0 884 0.0382841
0 0 885 0.0821268
0 0 886 0.0665073
0 0 887 0.0621661
0 0 888 0.0454642
0 0 889 0.0406922
0 0 890 0.0450334
0 0 891 0.00944224
0 0 892 0.0545884
0 0 893 0.0593604
0 0 894 0.0415648
0 0 895 0.0441717
0 0 896 0.034197
0 0 897 0.0111986
0 0 898 0.000561026
0 0 899 0.0172741
0 0 900 0.0498274
0 0 901 0.0281325
0 0 902 0.022278
0 0 903 0.0148991
0 0 904 0.0270611
0 0 905 0.0194612
0 0 906 0.0576593
0 0 907 0.0411672
0 0 908 0.032054
0 0 909 0.0311924
0 0 910 0.0207757
0 0 911 0.00254936
0 0 912 -0.0187147
0 0 913 -0.0117666
0 0 914 0.0025604
0 0 915 -0.0217414
0 0 916 0.0481374
0 0 917 0.06094
0 0 918 0.00712252
0 0 919 0.0314354
0 0 920 0.00605103
0 0 921 0.0351359
0 0 922 0.0294912
0 0 923 -0.0173781
0 0 924 0.0234158
0 0 925 -0.0208467
0 0 926 -0.0217193
0 0 927 -0.0299599
0 0 928 -0.0162846
0 0 929 0.00758646
0 0 930 0.0598906
0 0 931 0.0592499
0 0 932 0.0674904
0 0 933 0.0559913
0 0 934 0.0742287
0 0 935 0.12914
0 0 936 0.179268
0 0 937 0.182526
0 0 938 0.171679
0 0 939 0.0933387
0 0 940 0.092687
0 0 941 0.146725
0 0 942 0.130454
0 0 943 0.0972602
0 0 944 0.0219577
0 0 945 0.0243437
0 0 946 -0.000830805
0 0 947 0.026089
0 0 948 0.026089
0 0 949 0.0608074
0 0 950 0.026089
0 0 951 0.0295686
0 0 952 0.057129
0 0 953 0.0875174
0 0 954 0.0636463
0 0 955 0.116602
0 0 956 0.093162
0 0 957 0.140694
0 0 958 0.114658
0 0 959 0.123771
0 0 960 0.164145
0 0 961 0.176727
0 0 962 0.15047
0 0 963 0.158722
0 0 964 0.0962218
0 0 965 0.10708
0 0 966 0.0827785
0 0 967 0.105346
0 0 968 0.0977573
0 0 969 0.0294029
0 0 970 0.0137724
0 0 971 0.00401851
0 0 972 -0.0359138
0 0 973 -0.0150805
0 0 974 -0.0120428
0 0 975 -0.0343894
0 0 976 -0.0528257
0 0 977 -0.0612871
0 0 978 -0.0421881
0 0 979 -0.0599836
0 0 980 -0.0243925
0 0 981 -0.0100655
0 0 982 0.0159816
0 0 983 -0.0219955
0 0 984 0.000572072
0 0 985 0.00817191
0 0 986 0.0433322
0 0 987 0.0481153
0 0 988 0.104098
0 0 989 0.0732897
0 0 990 0.0659108
0 0 991 0.0246861
0 0 992 0.0670044
0 0 993 0.0795972
0 0 994 0.0687497
0 0 995 0.048778
0 0 996 0.0509542
0 0 997 0.00842598
0 0 998 0.0199252
0 0 999 0.0589959
0 0 1000 0.0750571
0 0 1001 0.0724502
0 0 1002 0.0889534
0 0 1003 0.0815745
0 0 1004 0.0950288
0 0 1005 0.0705061
0 0 1006 0.0861366
0 0 1007 0.0603214
0 0 1008 0.0644417
0 0 1009 0.0813756
0 0 1010 0.0943992
0 0 1011 0.0238687
0 0 1012 0.0299441
0 0 1013 -0.0206147
0 0 1014 -0.0203938
0 0 1015 -0.0763763
0 0 1016 -0.0351406
0 0 1017 -0.0166933
0 0 1018 -0.0214653
0 0 1019 -0.323327
0 0 1020 0.215732
0 0 1021 0.223552
0 0 1022 0.223552
0 0 1023 0.223552
