0 0 0 0.00513849 0.00452118 0.00948692 -0.0106597
0 0 1 0.00120483 -0.00412592 0.00537915 0.000821349
0 0 2 -0.00506736 -0.00152901 -0.0069322 -0.00120297
0 0 3 0.000972522 -0.00038904 -0.00124359 -0.000570986
0 0 4 -0.000669087 -0.00283581 0.00470849 -0.00307587
0 0 5 -0.00161379 -0.000756055 0.00626537 0.00120317
0 0 6 -0.00480408 -0.00599437 0.00122347 -0.003066
0 0 7 -0.00413815 -0.00156238 -0.00284838 -0.00426742
0 0 8 -0.000173507 -0.00482659 -0.00669268 0.00300037
0 0 9 0.00609868 0.00393729 0.00343903 0.00217748
0 0 10 -0.00616693 -0.00311941 0.00349891 0.000139994
0 0 11 0.00270705 -0.00378115 0.00668453 0.00032103
0 0 12 0.0050146 -0.00648928 -0.00220167 -0.00453075
0 0 13 0.0179926 0.00342013 -0.000477127 -0.00338528
0 0 14 -0.000576166 0.00518848 -0.00130347 -0.00350378
0 0 15 -0.00235716 -0.0025244 0.00167856 -0.0032602
0 0 16 -0.00224875 0.00605041 -0.00290826 0.00687126
0 0 17 0.00143713 -0.00302488 0.00152287 -0.00468545
0 0 18 -0.00288371 0.000328308 0.00163065 -0.00222336
0 0 19 -0.00350319 0.00451006 -0.00187832 -0.000863937
0 0 20 0.00173138 0.00544428 0.00208574 0.0016212
0 0 21 0.00201014 0.00469357 -0.00615376 -0.00149592
0 0 22 -0.00455629 0.00223011 0.00649292 0.00168045
0 0 23 -0.00604303 -0.00566072 0.00431328 0.00792457
0 0 24 -0.00104077 -1.6464e-05 0.00304382 -0.002987
0 0 25 -0.00351867 0.00228572 0.00244502 -0.00894475
0 0 26 0.00518495 -0.00448182 -0.00524358 -0.00395143
0 0 27 -0.011928 0.00152389 -0.00657292 0.00148625
0 0 28 0.00349688 -0.000900637 -0.0039382 0.00258234
0 0 29 -0.00368903 -0.00196276 0.00394202 -0.00690727
0 0 30 -0.0027753 -0.00267454 0.00124742 0.000218991
0 0 31 0.00509203 -0.00724555 -0.00541125 0.001348
0 0 32 -0.00372 0.00246367 -0.000812456 0.00326041
0 0 33 -0.00173768 0.00594475 -0.00289628 -0.00370786
0 0 34 0.00479778 0.00461015 0.00201388 -0.00277305
0 0 35 0.00568053 -0.00665054 0.00666058 0.00358627
0 0 36 -0.0018306 -0.00797958 -0.000429223 0.00457374
0 0 37 -0.000452271 0.000650837 0.00462466 -0.000949518
0 0 38 -0.00186158 0.00391505 -0.00131545 0.00550855
0 0 39 -0.00704968 0.00726267 -0.0033394 0.00227623
0 0 40 -0.00770013 0.00419865 -0.00304 -0.000673025
0 0 41 -0.00759172 0.00828031 -0.00372263 0.000590939
0 0 42 -0.00689481 0.00264718 -0.0024891 0.00237168
0 0 43 0.00630001 -0.0060611 -0.000429223 0.00327028
0 0 44 0.0114417 -0.0045263 0.0127324 0.00691405
0 0 45 0.00507654 0.000194848 -0.0039382 0.00674618
0 0 46 -0.00131954 0.00672883 -0.00153102 -0.000758606
0 0 47 0.00134421 0.0061227 -0.00293221 0.00858288
0 0 48 -0.00314699 0.00654533 -0.00404598 0.00751641
0 0 49 -0.00164476 0.00207441 -0.000441199 0.00162449
0 0 50 -0.00327088 -0.00200168 0.00576238 -0.00950432
0 0 51 -0.00577976 -1.09031e-05 -0.000273535 -0.00330958
0 0 52 0.00269157 -0.000978489 -0.00233341 -0.00907971
0 0 53 -0.00175317 -0.000767177 0.00103185 -0.00268418
0 0 54 -0.00237264 0.00858059 -0.00173461 0.00270084
0 0 55 0.000941548 0.00502166 0.00248095 0.00451779
0 0 56 -0.00040581 0.00124029 0.0100737 0.000297989
0 0 57 -0.00491249 -0.0140298 0.00178634 -0.00190407
0 0 58 0.00148359 0.00497717 -0.000692696 0.00539335
0 0 59 0.0071363 -0.000472453 -0.000896288 0.00838539
0 0 60 0.00244378 -0.00400915 0.0057025 -0.000633526
0 0 61 0.00914959 -0.00537155 -0.000189703 0.000574481
0 0 62 0.00640842 0.00586134 0.00579831 -0.0018152
0 0 63 -0.00274433 0.0032255 0.00531927 -0.00139717
0 0 64 0.00221147 -0.0042149 0.00916357 0.00507406
0 0 65 -0.000963337 -0.00839665 0.00512765 -0.00246364
0 0 66 -0.00450983 0.00210222 0.000217482 -0.00269734
0 0 67 0.00128226 -0.00328068 0.00910369 0.00608458
0 0 68 -0.00224875 -0.00351423 0.00145101 0.00141712
0 0 69 0.00402344 0.00311985 0.0162174 0.0021281
0 0 70 -0.0140033 -0.0014734 -0.000944192 0.00341511
0 0 71 -0.0100541 -0.00352535 -0.000848384 -0.00641682
0 0 72 0.00444158 -0.00212402 0.00118754 -0.000274745
0 0 73 -0.00133502 -0.000728251 0.000648619 0.000976053
0 0 74 0.00563407 0.00266942 -0.000560959 0.00401089
0 0 75 0.00634647 -0.00138999 0.00432526 0.00758224
0 0 76 0.000384021 -0.00285249 0.00476837 0.00272388
0 0 77 -0.00774659 0.012323 -0.00341125 0.000607397
0 0 78 0.00403892 0.00518848 0.00323544 0.00608787
0 0 79 -0.011386 0.0138968 -0.00102802 -0.0100968
0 0 80 -0.00108723 0.00140711 0.00055281 -2.12936e-05
0 0 81 -0.00548551 0.00593919 0.000696523 -0.00323716
0 0 82 0.00140615 0.00266386 -0.0072316 0.000719311
0 0 83 0.00334201 0.00414304 -0.00405796 -1.47104e-05
0 0 84 -0.00114918 -0.000222215 0.00128335 0.005999
0 0 85 -0.009032 0.0115167 0.00361867 -0.00812186
0 0 86 -0.00670897 0.00714034 0.00524741 0.00910624
0 0 87 -0.00107175 0.00053962 0.0015588 0.00143687
0 0 88 0.00281546 -0.00536043 0.00454082 0.00335915
0 0 89 0.00128226 0.00185198 0.00117556 -0.00614033
0 0 90 0.00120483 0.000928879 -0.00421365 0.00164095
0 0 91 -0.00118015 0.000311625 -0.00779448 0.00577846
0 0 92 0.00564956 -0.00164579 0.000876163 0.00748679
0 0 93 0.000631811 -0.00682293 -0.000465151 -0.00552151
0 0 94 -0.00664702 -0.00493225 0.00213364 0.00419521
0 0 95 0.00640842 -0.00137331 -0.00270467 0.000811475
0 0 96 -0.000684574 0.00206329 0.00339113 0.00382327
0 0 97 0.0061916 0.00294746 -0.000261559 0.0047877
0 0 98 0.00413184 -0.00794066 -0.000189703 0.00939919
0 0 99 -0.000219967 -0.00887488 0.00357077 -0.00150909
0 0 100 0.00286192 -0.00548833 -0.00551903 -0.00236489
0 0 101 -0.00260495 0.00224124 -0.00212982 0.00362248
0 0 102 0.00180881 0.00355359 0.00681627 0.00370148
0 0 103 -0.00886164 -0.000516939 -0.0028364 -0.00273684
0 0 104 -0.00454081 -0.00429275 0.00486418 -0.000449198
0 0 105 -0.00680189 -0.0068841 0.000672571 -0.00433326
0 0 106 0.00309422 -0.000383479 -0.000309463 0.0033032
0 0 107 -0.000591652 0.000600789 -0.00173461 0.00832285
0 0 108 -0.00263592 0.0123175 0.00612166 -0.000294494
0 0 109 0.00128226 0.000923318 -0.00107593 0.00735183
0 0 110 -0.00150538 0.00115131 0.00213364 0.00476466
0 0 111 0.00109642 0.00294746 0.00172646 0.00658819
0 0 112 0.00475132 0.000467329 0.00668453 0.00176603
0 0 113 0.00204112 -0.00599437 0.00203784 -0.00240439
0 0 114 -0.00364257 -0.00458191 -0.00750705 0.00588379
0 0 115 0.00801905 0.000695323 -0.000477127 -0.00128197
0 0 116 -0.00262043 -0.00219075 -0.00306395 -0.000152957
0 0 117 0.00538628 0.00240806 -0.00551903 0.00969214
0 0 118 0.00538628 0.00330336 0.0021576 0.0034974
0 0 119 0.00416282 0.00630065 -0.00444119 0.00791798
0 0 120 0.00266059 0.00252484 0.0110558 -0.000162831
0 0 121 -0.00441691 0.00408743 -0.00789028 -0.00195674
0 0 122 0.00513849 -0.00636694 -0.00184239 -0.00508373
0 0 123 0.0106208 0.00549989 0.00269652 0.00351386
0 0 124 0.00345042 0.00154613 0.00274442 0.00687126
0 0 125 0.00160748 -0.00389793 0.00656477 0.00238156
0 0 126 0.00784869 0.00482147 -0.00120766 0.00232889
0 0 127 0.00369821 -0.00279132 0.00251688 0.00174957
0 0 128 0.00933543 -0.00808524 0.00327137 0.00182528
0 0 129 0.000600837 0.00497717 -0.00105198 0.00194378
0 0 130 0.00368273 -0.00720107 0.00134323 0.000472443
0 0 131 -0.00133502 0.00725155 0.00111568 -0.00246364
0 0 132 -0.00156733 -0.000489135 0.00291209 -0.00160783
0 0 133 0.00735312 -0.00564403 -0.00262083 0.00402405
0 0 134 -0.00464921 0.00274171 0.0063492 -0.00593625
0 0 135 0.00616063 -0.00318614 0.00313963 1.49137e-05
0 0 136 0.00249024 -0.00883039 0.000672571 -0.00139388
0 0 137 5.87964e-05 0.00619499 0.00273245 0.00339865
0 0 138 0.00526239 0.00662318 -0.00380646 -0.00961623
0 0 139 0.00204112 -0.0052937 -0.004537 0.00210836
0 0 140 0.00739958 0.000534059 0.0100977 -0.00139059
0 0 141 -0.000173507 -0.00225748 -0.00435736 0.000347363
0 0 142 -0.000514218 -0.000416844 0.00357077 0.00545259
0 0 143 -0.00426204 -0.00352535 0.0048043 0.00231243
0 0 144 -0.00198547 -0.00681737 0.00499591 0.0027568
0 0 145 0.00171589 -0.00032231 -0.00559089 -0.00485332
0 0 146 -0.00415363 -0.00356984 -0.00429748 0.000831224
0 0 147 -0.00449435 0.00419309 0.00311568 -0.00489282
0 0 148 -0.00367354 0.00238026 -0.00319568 -0.000383367
0 0 149 -0.0023107 0.00721819 0.00589411 0.0038891
0 0 150 -0.0023107 0.00176857 0.000600714 0.00628536
0 0 151 0.00230439 0.000311625 0.00442106 0.00379364
0 0 152 -0.00864483 -0.00230197 -0.00296814 0.00296416
0 0 153 0.00176235 0.000372795 -0.00238131 0.00101226
0 0 154 0.000616324 -0.00415929 0.00236119 0.0113149
0 0 155 -0.00410717 0.00156281 -0.00184239 -0.00536681
0 0 156 -0.00680189 0.00277508 -0.00460885 0.0015422
0 0 157 -0.00432399 -0.00304712 0.00437316 0.00140725
0 0 158 -0.00206291 -0.00684517 -0.00353101 0.00134471
0 0 159 -0.00636826 -0.00247992 0.00157077 -0.00196003
0 0 160 -0.00274433 0.00522185 0.00267257 -0.00423451
0 0 161 0.00115836 0.00198544 -0.0113274 -0.000979142
0 0 162 -0.00240362 2.1853e-07 -0.00212982 -3.77514e-05
0 0 163 -0.00372 -7.20724e-05 -0.00238131 0.00307279
0 0 164 0.000864114 -0.0043984 0.00652884 0.000380278
0 0 165 -0.001366 5.02661e-05 -0.00541125 0.000311155
0 0 166 0.00337299 -0.0054494 -0.00112383 0.00358627
0 0 167 -0.00751429 -9.98766e-05 -0.00884836 0.00133813
0 0 168 -0.00294566 -0.00252996 0.00111568 0.00298391
0 0 169 0.0035898 -0.00325843 -0.00369868 -0.000455781
0 0 170 0.00761639 0.00248591 0.00678034 0.00770403
0 0 171 -0.00415363 0.00133482 2.58655e-05 0.000607397
0 0 172 0.00815843 -0.00285249 -0.00147114 0.000824641
0 0 173 0.000988009 0.00426538 0.00315161 0.00762832
0 0 174 0.00645488 -0.00299707 -0.00202203 0.000920097
0 0 175 0.00231988 0.00721819 0.00754681 -0.0011536
0 0 176 0.00702789 -0.00494893 0.000828259 -0.00269405
0 0 177 -0.00483506 0.00257489 -0.00635735 -0.00150579
0 0 178 0.00515398 0.0034813 1.91348e-06 -0.00239123
0 0 179 -0.00446337 -0.00487108 0.00154682 0.00765466
0 0 180 -0.00381292 -0.00368106 -0.00460885 -0.00225627
0 0 181 -0.00486603 -0.00323619 0.00269652 -0.00698956
0 0 182 0.000693758 -0.00469869 -0.00616574 0.00828993
0 0 183 -0.000297402 -0.00883039 0.000325266 -0.00791778
0 0 184 0.00284643 -0.00124541 -0.00185437 -0.00316804
0 0 185 0.00458096 0.000734249 -0.00426155 0.00116038
0 0 186 0.00498362 0.000589667 0.0101217 -0.00399422
0 0 187 -0.000297402 0.00164623 0.0042534 0.00188453
0 0 188 1.23357e-05 -0.00158462 0.0036067 0.00499507
0 0 189 -0.00339478 -0.00558286 0.0130558 0.00657173
0 0 190 -0.00543904 -0.00105634 0.00175041 -0.00494878
0 0 191 -0.000560679 0.00455455 0.00143904 -0.00656823
0 0 192 0.0019482 -0.000338993 0.00422945 -0.00385269
0 0 193 -0.0124081 0.00242474 -0.00296814 0.000482317
0 0 194 -0.00664702 -0.0058053 -0.000429223 0.00221039
0 0 195 0.000507916 -0.00286361 0.00043305 -0.00379344
0 0 196 -0.000700061 0.0017352 0.00609771 -0.00456037
0 0 197 -0.00481957 0.000723128 -0.0013873 0.00434992
0 0 198 -0.00511382 -0.00264674 -0.0069322 -0.001542
0 0 199 0.00134421 0.00275283 0.00248095 -0.00129184
0 0 200 -0.00162927 0.0103879 0.00273245 0.0108969
0 0 201 -0.000142533 -0.00702312 -0.00741124 0.00447171
0 0 202 -0.00763818 0.00936467 -0.00195018 0.00200302
0 0 203 -0.00759172 -0.00270235 -0.00614178 0.00303987
0 0 204 -0.00257397 0.00282512 0.00506777 -0.000488697
0 0 205 0.00235085 0.000889953 -0.000872336 -0.00192712
0 0 206 -0.00215583 0.00355359 -0.0083334 0.00335915
0 0 207 -0.000684574 -0.00218519 -0.00627352 -0.00252289
0 0 208 -0.00703419 0.00239694 0.00567855 0.0075987
0 0 209 0.00341945 -1.6464e-05 0.00284023 0.00875075
0 0 210 0.00176235 -0.00470425 0.00149892 0.00513989
0 0 211 -0.000142533 -0.00970901 0.00166658 -0.00931341
0 0 212 0.0031252 -0.00252996 0.00137916 0.00108138
0 0 213 0.00424025 0.00343126 -0.000189703 -0.00873409
0 0 214 0.0123554 -0.00180705 0.00686417 -0.00859255
0 0 215 0.000895088 -0.00880815 -0.000417247 0.010278
0 0 216 0.0183178 -0.00414261 0.000924067 -0.00141034
0 0 217 0.00962969 0.000617472 0.00371448 -0.00786182
0 0 218 0.00574248 -0.00349755 0.00164263 -0.00490599
0 0 219 0.000662785 -0.00854123 0.000480954 -0.00207194
0 0 220 -0.000297402 0.00446557 -0.00894417 -0.0143331
0 0 221 0.00249024 -0.00359208 -0.00503999 -0.00722655
0 0 222 0.00179333 -0.00346418 0.0051037 -0.00104497
0 0 223 0.00151456 0.00123472 -0.000896288 0.00173312
0 0 224 0.0134395 -0.00126765 0.00454082 0.00371793
0 0 225 0.00490619 -0.00917516 -0.00080048 -0.00344453
0 0 226 -0.00389036 0.00400402 -0.00205796 -0.00373748
0 0 227 -3.15113e-06 -0.0026245 -0.00216575 -0.00921137
0 0 228 0.00747701 0.0039929 0.00212167 0.00185161
0 0 229 0.00289289 -0.000177728 -0.00684837 -0.00252947
0 0 230 0.00509203 -0.00673396 -0.000273535 -0.0032207
0 0 231 0.00633098 0.00318658 0.00172646 0.00369819
0 0 232 0.0044261 -0.00352535 -0.0114352 0.00389568
0 0 233 0.00239731 -0.00266898 -0.00304 -0.00629174
0 0 234 0.0115965 -0.000222215 0.0036067 0.00187465
0 0 235 0.0124173 0.00572788 -0.00683639 5.44126e-05
0 0 236 0.00718276 -0.00925302 -0.00755495 -0.00503436
0 0 237 0.00774029 0.00871405 -0.00154299 -0.00337541
0 0 238 0.00154554 -0.00497673 0.00966656 0.00497532
0 0 239 0.00128226 -0.00126765 -0.00402203 0.00480086
0 0 240 0.0124948 -0.000105437 -0.0092795 0.00913257
0 0 241 0.0113332 -0.00374779 0.00669651 0.00148625
0 0 242 0.00318715 0.00188534 0.00269652 -0.00536023
0 0 243 0.00634647 -0.0127285 0.00553483 0.00198986
0 0 244 0.0169705 0.00170184 -0.00119569 -0.00427072
0 0 245 0.00970712 0.00474917 0.00154682 -0.0097051
0 0 246 0.0111009 -0.00392573 0.00206179 0.00505431
0 0 247 0.005123 0.00123472 0.000121674 -0.00392839
0 0 248 0.00275351 -0.00417041 -0.00171066 0.00354348
0 0 249 -0.00506736 -0.0024966 0.000349218 0.00145662
0 0 250 0.0132536 0.00334228 0.0062534 -0.00701918
0 0 251 0.0144461 -2.20248e-05 -0.00371065 0.00714776
0 0 252 0.0171718 -0.00192383 -0.00533939 0.00567971
0 0 253 0.0131297 0.00276396 -0.000884312 -0.001621
0 0 254 0.0171408 0.0100097 0.000971971 -0.00139059
0 0 255 0.00228891 0.01264 -0.000992096 0.00301025
0 0 256 0.031714 0.0032255 0.00299592 0.0016607
0 0 257 0.0162116 0.00403739 -0.00429748 0.00695026
0 0 258 0.0227006 0.00940916 -0.00418969 0.00250664
0 0 259 0.0137027 -0.001162 0.0015588 0.00328345
0 0 260 0.0194639 0.00614495 -0.00412981 -0.00494549
0 0 261 0.0160722 0.0201805 -0.00874058 -0.000541362
0 0 262 0.0221121 0.0124787 0.00031329 -0.00641024
0 0 263 0.0247604 0.0109773 -0.00751903 -0.0011141
0 0 264 0.0154373 0.0179117 -0.0089801 -0.0167853
0 0 265 0.0260148 0.0165382 -0.00984237 -0.00312525
0 0 266 0.0252559 0.0195577 -0.00755495 -0.0077927
0 0 267 0.0395348 0.024479 -0.00705196 -0.00737796
0 0 268 0.0255192 0.0176392 -0.0151118 -0.00352682
0 0 269 0.0455283 0.0235671 -0.0072316 -0.00960965
0 0 270 0.0443203 0.0293281 -0.0126328 -0.0105247
0 0 271 0.0493845 0.03247 -0.00298012 -0.0151197
0 0 272 0.0552231 0.0293837 -0.0160579 -0.0114003
0 0 273 0.0538447 0.0359121 -0.0209801 -0.0120125
0 0 274 0.0682785 0.035306 -0.0265369 -0.019458
0 0 275 0.0720418 0.0445425 -0.0235549 -0.0144022
0 0 276 0.0878849 0.0403107 -0.0299381 -0.0136287
0 0 277 0.0857632 0.0516104 -0.027495 -0.020485
0 0 278 0.0969757 0.0602519 -0.0387285 -0.0180756
0 0 279 0.100476 0.0651343 -0.0558063 -0.025396
0 0 280 0.121166 0.0733866 -0.049495 -0.0314624
0 0 281 0.126354 0.0831904 -0.0630878 -0.0368178
0 0 282 0.143096 0.0947569 -0.0805248 -0.0342997
0 0 283 0.170523 0.102876 -0.0901536 -0.0346026
0 0 284 0.18172 0.110533 -0.095938 -0.0538682
0 0 285 0.19476 0.13088 -0.124453 -0.0502507
0 0 286 0.227747 0.140584 -0.126393 -0.0568108
0 0 287 0.240895 0.153335 -0.140177 -0.0585883
0 0 288 0.256599 0.167921 -0.165614 -0.0619325
0 0 289 0.275865 0.177219 -0.171914 -0.0648752
0 0 290 0.289989 0.172175 -0.192764 -0.0749079
0 0 291 0.309332 0.192439 -0.207016 -0.0698224
0 0 292 0.334978 0.202359 -0.216369 -0.0706651
0 0 293 0.347244 0.202181 -0.23383 -0.0784332
0 0 294 0.376374 0.215939 -0.264033 -0.0839597
0 0 295 0.412319 0.231148 -0.294261 -0.0986171
0 0 296 0.452477 0.243587 -0.317806 -0.103749
0 0 297 0.49536 0.263362 -0.36183 -0.10783
0 0 298 0.545367 0.267832 -0.402308 -0.117455
0 0 299 0.579252 0.28199 -0.438368 -0.120177
0 0 300 0.619503 0.303233 -0.474033 -0.135644
0 0 301 0.664678 0.292083 -0.514356 -0.141082
0 0 302 0.717906 0.304234 -0.550715 -0.149498
0 0 303 0.777035 0.311296 -0.60711 -0.153122
0 0 304 0.84493 0.333595 -0.667482 -0.179327
0 0 305 0.925864 0.347592 -0.722128 -0.188362
0 0 306 0.981152 0.341046 -0.76511 -0.200386
0 0 307 1 0.330803 -0.768619 -0.19666
0 0 308 0.958325 0.301637 -0.72911 -0.181561
0 0 309 0.86545 0.261148 -0.652296 -0.151039
0 0 310 0.750104 0.199523 -0.5222 -0.130674
0 0 311 0.613386 0.146056 -0.397578 -0.0976461
0 0 312 0.486889 0.102759 -0.285159 -0.0653821
0 0 313 0.408711 0.073192 -0.222536 -0.0514488
0 0 314 0.377366 0.0616477 -0.18977 -0.0439046
0 0 315 0.417244 0.0642835 -0.213399 -0.0486214
0 0 316 0.458284 0.0660963 -0.27074 -0.0560768
0 0 317 0.496955 0.0845138 -0.311303 -0.0791474
0 0 318 0.533009 0.0791031 -0.351219 -0.087778
0 0 319 0.545259 0.0797204 -0.383818 -0.0952334
0 0 320 0.529478 0.0727082 -0.389099 -0.0981925
0 0 321 0.491504 0.0608135 -0.371386 -0.0963854
0 0 322 0.451765 0.0519051 -0.332895 -0.0887193
0 0 323 0.395408 0.0477734 -0.303686 -0.0766557
0 0 324 0.345246 0.0297785 -0.267782 -0.0640984
0 0 325 0.299947 0.0330094 -0.245758 -0.0640227
0 0 326 0.270119 0.0214873 -0.224225 -0.0566561
0 0 327 0.249878 0.0170776 -0.211531 -0.0689074
0 0 328 0.232099 0.0102433 -0.209495 -0.0567713
0 0 329 0.227422 0.00687898 -0.19801 -0.0552605
0 0 330 0.210711 0.012412 -0.174788 -0.0473245
0 0 331 0.185592 0.0154037 -0.169363 -0.0384208
0 0 332 0.169625 0.00593363 -0.161171 -0.0516562
0 0 333 0.152914 0.00377047 -0.14086 -0.0431969
0 0 334 0.142646 -0.00154013 -0.122441 -0.0370087
0 0 335 0.139441 0.00343126 -0.10292 -0.0364854
0 0 336 0.116845 -0.00130102 -0.0990637 -0.0287008
0 0 337 0.103217 0.00472693 -0.0882733 -0.031943
0 0 338 0.091834 -0.00140111 -0.0710279 -0.0265777
0 0 339 0.0804821 -0.00386456 -0.0665848 -0.0229438
0 0 340 0.0561832 -0.00428163 -0.0696626 -0.0136188
0 0 341 0.0616036 0.00605597 -0.0599261 -0.0100639
0 0 342 0.0563536 0.00127365 -0.0497345 -0.0175654
0 0 343 0.0488579 -0.00038904 -0.0319621 -0.0189511
0 0 344 0.0452495 -0.00270235 -0.0370998 -0.0112884
0 0 345 0.0330923 -0.000644839 -0.0357106 -0.00475787
0 0 346 0.0380946 0.00315877 -0.0247166 -0.00372761
0 0 347 0.0329839 0.00585022 -0.0277705 -0.00631808
0 0 348 0.0260458 -0.00601661 -0.0253872 -0.0123581
0 0 349 0.0225922 -0.00536599 -0.0251477 -0.00936936
0 0 350 0.0232272 0.00630621 -0.0171837 -0.00338199
0 0 351 0.0201917 -0.00247992 -0.0126687 -0.00823377
0 0 352 0.0154528 0.00112351 -0.0202016 0.00244739
0 0 353 0.00857658 -0.0100816 -0.0138424 0.000163035
0 0 354 0.0102801 -0.00122317 -0.0121897 -0.00831277
0 0 355 0.0100788 0.00271391 -0.0103813 0.00227952
0 0 356 0.00513849 0.000534059 -0.0117585 0.00577188
0 0 357 0.0035898 -0.00401471 -0.00775855 -0.00239452
0 0 358 0.0103111 -0.00400359 -0.000381319 -0.00820086
0 0 359 0.00811197 -0.00296927 -0.00102802 -0.00669661
0 0 360 0.00905667 -0.00479878 -0.00526753 -0.00335566
0 0 361 0.00533982 0.000906635 -0.00973459 -0.00814819
0 0 362 0.00660975 -0.00849674 -0.00563879 -0.0137669
0 0 363 0.00651682 -0.00921965 -0.00678849 0.00541639
0 0 364 0.00482875 0.00430431 -0.00392622 -0.0020094
0 0 365 0.0137957 -0.00241875 -0.000944192 -0.00131817
0 0 366 0.0122779 0.00440996 -0.00102802 5.03902e-06
0 0 367 0.00137518 -0.00406475 -0.00549508 -0.0126642
0 0 368 0.00612965 -0.00463752 -0.00948309 -0.00156175
0 0 369 0.00160748 -0.00331404 -0.010549 -0.0018152
0 0 370 0.00388405 -0.0110269 -0.00290826 -0.000590736
0 0 371 0.00132872 -0.00227416 -0.0066328 0.00129204
0 0 372 0.0035898 0.00468801 -0.00886034 0.0037706
0 0 373 0.00623806 0.0033534 0.00407376 0.00588379
0 0 374 0.0109925 0.000417281 -0.00155497 0.00849072
0 0 375 -0.00279079 -0.00240206 -0.000824432 -0.00240439
0 0 376 0.00733763 -0.00546609 0.00157077 -0.00607121
0 0 377 -0.00240362 -0.00757364 -0.00509987 0.00965264
0 0 378 -0.00396779 -0.0013177 -0.00596214 0.00218077
0 0 379 0.00602124 0.00209109 -0.00137533 -0.0108934
0 0 380 -0.00209388 -0.00136219 0.00346298 0.00260209
0 0 381 -0.0034877 -0.00173476 0.000445026 -0.0026743
0 0 382 0.000306586 0.00150164 0.00474442 0.00408988
0 0 383 0.00303228 0.00115131 -0.00694418 0.00363565
0 0 384 -0.00209388 -0.00244655 -0.00586634 -0.00473483
0 0 385 -0.00271335 -0.0057052 -0.00369868 0.00622282
0 0 386 -0.0034877 -0.00693415 -0.00511185 -0.000175998
0 0 387 -0.00522223 -0.00204617 -0.00979447 -0.000817855
0 0 388 0.000353047 0.00356472 0.00207376 0.00621624
0 0 389 0.00630001 -0.00237982 0.0013552 0.00061398
0 0 390 0.00490619 -0.000372358 -0.00224958 0.00357969
0 0 391 0.00317166 -0.00732341 0.00513963 0.00134471
0 0 392 -0.0044324 0.00164623 -0.00416574 0.00368831
0 0 393 0.0058354 0.0044044 0.00528334 0.00424788
0 0 394 0.00239731 -0.00284137 -0.0098783 0.00368831
0 0 395 0.00284643 -0.000450209 -0.0066328 0.0085368
0 0 396 0.00340396 0.00123472 -0.00436933 0.0064269
0 0 397 0.00391503 0.00204105 -0.00239329 -0.00742075
0 0 398 -0.00131954 0.00209109 -5.79666e-05 0.00682189
0 0 399 0.00292387 -0.00726224 0.0063492 0.0080299
0 0 400 0.000399508 -0.00260781 -0.00635735 0.00386606
0 0 401 0.00631549 0.000567424 -0.00674059 -0.00223981
0 0 402 0.00179333 -0.00346418 -0.0089801 -0.000281328
0 0 403 -0.00196998 -0.00521029 -0.00226155 -0.00477104
0 0 404 0.00459645 -0.000116559 -0.00694418 0.00384301
0 0 405 0.00434866 -0.000316749 -0.00493221 -0.00248997
0 0 406 0.0021805 -0.0043984 0.00410969 0.00558426
0 0 407 -0.00745234 -0.00155682 -0.00915974 0.00639398
0 0 408 0.0040699 -0.00354204 0.000744427 0.00796077
0 0 409 0.00609868 -0.00217407 -0.00480047 0.00756249
0 0 410 -0.00118015 0.00469357 -0.00311185 0.00197998
0 0 411 0.0113797 -0.00579417 0.00587016 -0.00176254
0 0 412 0.00952128 -0.0019572 -0.00590226 0.00549868
0 0 413 -0.00344124 0.00591139 -0.00446514 0.00665073
0 0 414 -0.00687932 -0.00681181 -0.00209389 0.00418863
0 0 415 0.00303228 -0.00256333 -0.00482442 -0.00283559
0 0 416 -0.000808469 -0.00934755 0.00131928 0.00406355
0 0 417 -0.00127308 0.00175744 0.00427735 0.0050214
0 0 418 0.00149908 -0.000422405 -0.0037346 0.000617272
0 0 419 0.00413184 0.00382608 -0.00337532 0.00269755
0 0 420 -0.00181512 -0.0026245 -0.0051358 0.0075987
0 0 421 0.0125257 -0.00543272 0.000457002 0.00044611
0 0 422 0.00478229 -0.00346418 -0.00791423 0.00307937
0 0 423 0.00546372 0.00465464 0.000732451 0.00680872
0 0 424 0.00657877 -0.00231309 0.00669651 0.000548149
0 0 425 0.00143713 0.000428403 -0.00369868 0.000248616
0 0 426 0.00561858 0.0016073 0.00473244 0.00767441
0 0 427 -0.00653861 -5.34231e-06 -0.000405271 0.00101226
0 0 428 0.00551018 0.00387612 0.000708499 -0.00503436
0 0 429 0.00279997 -0.00377559 -0.00846513 -0.00449454
0 0 430 0.00372919 0.00205773 -0.000321439 0.00922145
0 0 431 -0.0024191 -0.000600352 -0.000285511 0.00231243
0 0 432 0.0035898 -0.00432055 -0.0045849 0.000979345
0 0 433 0.00798808 -0.00392017 0.00363065 -0.00179874
0 0 434 0.00354334 -0.00481547 0.00131928 -0.000926476
0 0 435 0.0117359 -0.00591651 -0.000501079 0.00834589
0 0 436 0.00724471 -0.011583 0.00230131 0.00198986
0 0 437 0.00224245 -0.00513244 -0.00990225 0.00633803
0 0 438 0.000569863 -0.00091732 0.00043305 0.0112589
0 0 439 -0.0131825 0.00862508 -0.00902801 0.00674618
0 0 440 0.00250572 -0.00562179 -0.00422562 0.00355006
0 0 441 0.0043022 0.00394285 -0.0106687 -0.00470191
0 0 442 -0.00675543 0.00341457 -0.0111837 -0.00310879
0 0 443 0.00873145 -0.000622595 0.00464861 0.00815827
0 0 444 -0.00725101 0.00197432 -0.0022376 0.00306291
0 0 445 -0.00399877 0.00250816 -0.00435736 -0.00275659
0 0 446 -0.00712711 -0.00899166 -0.000752576 -0.00305942
0 0 447 -0.00387487 0.00276952 0.000959995 0.00349411
0 0 448 -0.00266689 0.00797446 0.0045049 0.00472845
0 0 449 0.00103447 -0.00441509 -0.00699208 0.00463958
0 0 450 0.00581991 0.00799114 0.00210969 -0.00225298
0 0 451 0.00173138 -0.000622595 -0.00507592 0.000834516
0 0 452 0.00222696 -0.00616119 0.00345101 -0.00176912
0 0 453 0.00552566 0.000723128 0.0086965 0.00437625
0 0 454 0.0195258 -0.00576081 0.0010558 0.00258563
0 0 455 0.0144616 -0.00283025 0.00127137 0.00803648
0 0 456 0.00885534 -0.00299707 -0.0027885 -0.000366909
0 0 457 0.00258316 -0.00626685 -0.0056867 -0.00358607
0 0 458 0.012247 0.00785212 0.00717555 0.00410634
0 0 459 0.00735312 -0.00602217 -0.00840525 -0.000146373
0 0 460 0.00648585 0.00779651 -0.00153102 -0.00173291
0 0 461 -0.0063218 -0.00768486 -0.00215377 -0.00109435
0 0 462 0.00354334 -0.0052937 0.00731926 -0.000728982
0 0 463 0.00617611 -0.00103966 0.00189412 0.00805294
0 0 464 0.00334201 -0.00346418 -0.00241724 -0.000653276
0 0 465 -0.00447886 0.00503834 0.00761866 0.00375743
0 0 466 -0.00457178 0.00150721 0.000864187 -0.00388231
0 0 467 -0.00590365 -0.00392573 0.00407376 -0.00409955
0 0 468 -0.00421558 -0.00394798 -0.000548983 -0.00100547
0 0 469 0.00103447 0.00175188 0.00194203 0.000558024
0 0 470 0.0037137 0.00226904 0.00951087 -0.000837604
0 0 471 -0.00517577 -0.00353647 -0.00968669 -0.00316804
0 0 472 -0.0098528 0.000567424 -0.00816573 -0.0093167
0 0 473 0.00653231 0.00811348 -0.000752576 -0.00753925
0 0 474 -0.00269787 -0.00219631 -0.00639328 0.00273375
0 0 475 -0.00175317 0.00040616 -0.000309463 0.00368831
0 0 476 -0.00542356 0.00959823 -0.00532742 0.00545918
0 0 477 -0.00779305 0.00239138 0.00213364 0.00237168
0 0 478 -0.00162927 -0.00376447 -0.000117847 0.00050865
0 0 479 0.0115501 -0.00587203 0.00228933 -0.00412589
0 0 480 0.00314068 0.0145807 0.000828259 0.00203923
0 0 481 0.0102027 -0.00732341 -0.00101605 -0.00432996
0 0 482 -0.00409169 0.00047289 -0.00719567 -0.00435301
0 0 483 0.000678271 -0.00722331 -0.00656094 -0.0027138
0 0 484 -0.00135051 0.00465464 -0.000201679 0.000400028
0 0 485 0.000895088 0.00210222 -0.00399808 -0.00212132
0 0 486 0.00380662 -0.00799627 0.00773842 0.00685481
0 0 487 0.0045345 -0.00673396 0.0062534 0.00391872
0 0 488 -0.00128856 0.0125788 0.0137025 -0.00252289
0 0 489 0.00236634 -0.008063 -0.00432143 -0.00248668
0 0 490 0.00351237 -0.00826319 -0.000644792 -0.0087308
0 0 491 -0.0056094 0.0038372 0.00517555 -0.00277963
0 0 492 -0.00215583 -0.00359764 0.0031037 -0.00496195
0 0 493 0.00188625 0.00472137 0.00940309 0.00151258
0 0 494 -0.00663153 0.000556302 -0.00749507 -0.0121244
0 0 495 0.00710533 -0.00393129 0.00113964 0.0111997
0 0 496 -0.0018306 -0.000972928 -0.000716648 0.00565338
0 0 497 -0.0082112 0.00910331 -0.00144718 -0.00351365
0 0 498 0.00533982 0.00616719 -0.00335137 0.000939846
0 0 499 0.00386857 -0.00206841 -0.00185437 -0.00422134
0 0 500 0.000569863 0.00241918 -0.00567472 -0.000574278
0 0 501 -0.00444788 -0.000361236 -0.00523161 -0.00359923
0 0 502 -0.00469567 -8.87549e-05 -0.00204599 0.000498775
0 0 503 -0.00135051 0.00922565 1.38895e-05 0.00110442
0 0 504 -0.0083196 0.00127365 0.00317556 -0.00505082
0 0 505 -0.00187706 0.00246367 0.000265386 -0.00633124
0 0 506 -0.00782402 -5.34231e-06 -0.00136335 -0.00757216
0 0 507 -0.00951209 -0.000867272 -0.00131545 0.007365
0 0 508 -0.00393682 0.00490488 0.010924 -0.0018942
0 0 509 0.00053889 0.00157394 -0.000225631 0.00405368
0 0 510 -0.00296114 -0.00162911 0.00264861 0.00276338
0 0 511 -0.000545192 0.00184086 -0.00706394 -0.000294494
0 0 512 -0.00615144 -0.00955886 -0.00268071 0.00453095
0 0 513 -0.00540807 0.00296971 -0.00899208 -0.00753596
0 0 514 0.00651682 -0.000578109 0.00903183 -0.000488697
0 0 515 -0.000173507 -0.00212402 -0.00342323 0.00715763
0 0 516 0.00538628 0.00344794 0.00773842 0.000380278
0 0 517 0.000972522 0.00225792 -0.00209389 -0.00358278
0 0 518 -0.0053771 -0.00733453 -0.00257293 -0.00356632
0 0 519 -0.0111227 0.00144604 0.00304382 0.00324066
0 0 520 -0.000467757 -0.000155485 -0.00206994 -0.000886978
0 0 521 -0.00161379 -0.000199972 -0.00430945 0.000327613
0 0 522 -0.00111821 0.00274727 -0.010022 0.00442562
0 0 523 -0.00305407 -0.00025558 -0.00277652 -0.00800336
0 0 524 -0.00353416 0.000422842 0.00598992 0.00266134
0 0 525 0.00239731 0.00365369 0.00013365 0.00685481
0 0 526 -0.00342575 -0.00749023 -0.00271664 0.00590025
0 0 527 0.000864114 -0.000183289 -0.000968144 0.00195694
0 0 528 -0.00200096 0.00185198 0.00791806 -0.0058013
0 0 529 -0.00265141 -0.00390905 0.000109698 -0.00526477
0 0 530 -0.00794792 0.00276396 -0.00771064 -0.00314829
0 0 531 -0.00258946 -0.00386456 0.00791806 -0.000715816
0 0 532 -0.000173507 -0.0020128 0.000708499 -0.00741746
0 0 533 -0.00204742 0.00641743 -0.00156694 -0.00420488
0 0 534 -0.0111537 -0.00298039 -0.00550706 0.00246055
0 0 535 -0.00229521 0.00260825 -0.00282443 0.00291479
0 0 536 0.00877791 0.00592251 0.00148694 0.00312545
0 0 537 -0.00193901 0.00138487 -0.00463281 0.00116038
0 0 538 -0.00825766 0.0070736 -0.00741124 -0.00153213
0 0 539 -0.00528418 -0.00518248 -0.000249583 -0.00716072
0 0 540 -0.00379744 -0.00114531 -0.00496813 -0.00640366
0 0 541 -0.0102864 0.00266386 -0.00575855 0.00732221
0 0 542 -0.0084435 0.00184642 0.000672571 -0.00405018
0 0 543 0.00365175 -0.00216851 0.00701986 -0.00616008
0 0 544 -0.002543 0.00695127 0.00681627 -0.00278622
0 0 545 0.000445968 -0.00324175 -0.00356694 -0.00176912
0 0 546 -0.000498731 -4.9829e-05 0.00895998 -0.0040436
0 0 547 0.0019482 0.000951122 -0.00639328 -0.00301004
0 0 548 -0.00204742 0.00833035 -0.00406993 -0.00860901
0 0 549 0.00424025 0.00174076 -0.00302802 -0.00910275
0 0 550 -0.00469567 -0.0104764 -0.00562682 0.007207
0 0 551 -0.00582622 -0.00220743 -0.00727951 0.000541566
0 0 552 -0.00819571 0.0100487 -0.00131545 -0.00405018
0 0 553 -0.00337929 0.003865 0.000528858 0.00109784
0 0 554 -0.00604303 0.00368149 0.00546298 -0.00217398
0 0 555 -0.00410717 -0.00286361 0.00513963 -0.0055281
0 0 556 -0.00444788 -0.0132957 -0.00342323 -0.00327337
0 0 557 0.00117385 -0.00812417 0.000516882 1.49137e-05
0 0 558 -0.00686384 0.00174632 -0.00224958 -0.00319437
0 0 559 -0.00311601 -0.00210178 0.00240909 -0.000195747
0 0 560 -0.00450983 0.00426538 0.00359472 -0.0145668
0 0 561 -0.00447886 -0.0029359 0.0063492 -0.00273026
0 0 562 -0.0043085 -0.00414817 -0.00525556 -0.000890269
0 0 563 -0.0132289 -0.00133994 -0.0051358 0.008889
0 0 564 0.0030013 0.00524965 -8.19187e-05 -0.00022208
0 0 565 0.0026451 -0.000617035 0.00468454 -0.00874067
0 0 566 0.00445707 0.00552213 -0.00595017 -0.0075195
0 0 567 -0.0149325 0.00888088 -0.000405271 0.00339207
0 0 568 -3.15113e-06 0.00655645 0.00163065 0.00511027
0 0 569 -0.00189255 -0.0026245 -0.00851304 -0.0022859
0 0 570 0.00588186 -0.0066283 0.00467256 -0.0024011
0 0 571 -0.000762008 -0.00294147 -0.00703999 -0.00400739
0 0 572 -0.00491249 -0.000939563 -0.0042855 0.00195365
0 0 573 -0.000870416 0.000356112 -0.00197413 -0.00604817
0 0 574 -0.0125785 0.00385388 -0.00415377 -0.00245706
0 0 575 -0.00342575 -0.00539379 -0.000477127 0.00272717
0 0 576 0.0131142 0.00298639 0.00552286 0.00449145
0 0 577 0.00397698 0.00388724 -0.00301604 0.00429725
0 0 578 -0.00015802 -0.00136775 0.00419352 0.000548149
0 0 579 0.00228891 -0.00110083 0.00571447 0.00734854
0 0 580 0.00053889 -0.0061167 0.00151089 0.00416888
0 0 581 0.00475132 0.00764637 0.00781028 0.00027824
0 0 582 0.00101898 0.0062784 0.0034031 0.00328016
0 0 583 -0.00474214 -0.00943652 -0.00080048 -6.73756e-05
0 0 584 -0.00184609 -0.00179593 -0.00526753 0.00313533
0 0 585 -0.000219967 -0.00280244 0.00210969 0.0101661
0 0 586 0.00166943 0.00275283 0.00224143 -6.73756e-05
0 0 587 0.00118934 0.00372042 -0.00130347 0.000538274
0 0 588 -0.000436784 0.00422646 0.00179832 -0.00390535
0 0 589 0.00376016 -0.001162 0.00988213 0.00133813
0 0 590 0.00301679 0.00233577 0.00242107 0.0033394
0 0 591 -0.00576427 0.00333672 -0.00344718 -0.000992308
0 0 592 -0.00381292 0.00210778 -0.00435736 0.00317812
0 0 593 -0.0124546 0.00894761 -0.00956693 -0.00415222
0 0 594 -0.00393682 -0.00248548 -0.00739927 -0.0063872
0 0 595 -0.00331734 0.00444333 -0.00596214 -0.0157254
0 0 596 -0.000700061 0.000400599 0.00772645 0.00440917
0 0 597 -0.000111559 0.00441552 -0.00445317 -0.0014268
0 0 598 -0.00379744 0.000294943 -0.00462083 0.00221039
0 0 599 -0.00416912 0.00556662 -0.0136867 -0.00725617
0 0 600 0.00245926 -0.0060889 -0.00290826 -0.00167696
0 0 601 0.00349688 -0.00549945 0.00503184 -0.00580459
0 0 602 0.00676461 0.00427094 -0.0112675 0.0024803
0 0 603 0.00820489 -0.00455411 -0.00246515 -0.00171316
0 0 604 0.00918057 -0.00503234 -0.0021897 -0.0059955
0 0 605 0.0115346 -0.000133242 -0.0015909 -0.00852343
0 0 606 0.0018243 -0.00643923 0.00198993 -0.00273684
0 0 607 0.00521593 -0.0036032 -0.0102496 -0.00802969
0 0 608 -0.00432399 -0.00025558 -0.000369343 -0.00608108
0 0 609 -0.00359611 -0.00150677 0.00969051 0.00152575
0 0 610 -0.0015983 0.00258601 -0.00744717 0.00256259
0 0 611 0.00125129 -0.000956246 -0.00397412 0.0035764
0 0 612 0.00204112 -0.010532 -0.00869268 0.00625903
0 0 613 -0.000545192 -0.00409812 -0.0024891 0.0102385
0 0 614 -0.00664702 0.00923677 -0.000872336 -0.00262822
0 0 615 0.00337299 -0.00328624 -0.00545915 -0.00477104
0 0 616 -0.00105626 0.00307536 -0.000297487 0.00132496
0 0 617 0.00735312 0.0032978 0.0037025 0.00297075
0 0 618 -0.00636826 0.00706804 -0.00379448 0.00284238
0 0 619 0.00171589 0.00174632 -0.000764552 0.00751641
0 0 620 -0.00811827 0.00111795 -0.00185437 -0.00286521
0 0 621 -0.00652313 -0.00117868 -0.00378251 0.0063084
0 0 622 -0.00745234 0.00526633 0.00037317 -0.00282242
0 0 623 -0.00420009 0.00129589 -0.0106088 0.000482317
0 0 624 -0.00356513 0.00371486 0.00666058 0.00311229
0 0 625 0.00400795 0.00600036 0.00329532 -0.0081844
0 0 626 -0.00249654 0.00100673 0.00200191 0.0042413
0 0 627 -0.00316247 -0.00338633 -0.00915974 -0.0134838
0 0 628 -0.00127308 -0.000694886 0.00171448 -0.00319437
0 0 629 -0.000823956 -0.00437616 -0.00459688 0.00377718
0 0 630 -0.0038439 0.0020188 0.00479232 -0.00453733
0 0 631 -0.000638113 -0.00270791 -0.00719567 0.00069627
0 0 632 -0.00198547 0.00484927 0.00421747 -0.000498572
0 0 633 -0.00135051 0.00425982 0.000409098 0.00560401
0 0 634 -0.00862934 0.00392617 -0.00294419 -0.00446163
0 0 635 -0.00192352 0.00380939 0.00542705 0.00833601
0 0 636 0.0098465 -0.002213 0.00234921 -0.00463608
0 0 637 0.00695046 0.004093 0.00620549 -0.00245048
0 0 638 0.00755444 -0.00353091 0.0066486 0.00507406
0 0 639 0.00224245 -0.00209622 -0.000956168 -0.00340832
0 0 640 -0.00279079 -0.00562735 -0.00990225 0.00694368
0 0 641 -0.00475762 0.00152389 -0.00902801 0.000874015
0 0 642 -0.00469567 0.00473805 -0.000692696 0.00336903
0 0 643 -0.00423107 -0.00379783 0.00137916 -0.00109106
0 0 644 0.0010035 -0.00920853 -0.00260886 -0.000791522
0 0 645 0.0031252 -0.000867272 -0.00793819 -0.00417197
0 0 646 0.00403892 -0.00401471 0.00170251 0.000735769
0 0 647 0.00761639 -0.0027802 0.00432526 0.0039286
0 0 648 0.00479778 -0.00496005 -0.00179449 -0.00132805
0 0 649 -0.00283725 0.00298639 -0.0119142 -0.00311537
0 0 650 0.00639293 0.00461571 -0.00451305 0.000771976
0 0 651 0.00568053 0.00464908 -0.00335137 -0.0115418
0 0 652 -0.000762008 -0.00648928 0.000480954 -0.00543264
0 0 653 0.00207209 0.00709585 -0.00153102 -0.00567951
0 0 654 -0.000390323 0.000267139 -0.00438131 -0.00297054
0 0 655 0.00341945 -0.00250216 -0.00371065 0.00715434
0 0 656 -0.0111847 0.00214114 -0.000944192 -0.00157163
0 0 657 0.00120483 -7.20724e-05 0.000564786 -0.00325691
0 0 658 -0.0103019 0.00624504 -0.00147114 0.000232158
0 0 659 -0.00227972 -0.00482103 0.00131928 -0.0111106
0 0 660 -0.0015983 -0.00320282 0.000804307 -0.00543264
0 0 661 -0.00446337 -0.00656157 -0.00596214 0.000857557
0 0 662 0.0031252 0.00353691 -0.0039382 0.00480745
0 0 663 0.00521593 0.000495133 0.00179832 -0.00828973
0 0 664 0.00577345 -0.00252996 0.00466058 0.00374427
0 0 665 -3.41249e-05 -0.003036 0.000900115 0.00412938
0 0 666 0.00173138 0.005967 0.00113964 0.00532422
0 0 667 0.000260126 -0.00222968 0.0069001 0.00192732
0 0 668 0.00221147 -0.00203505 0.00161868 0.000607397
0 0 669 0.00301679 0.00204105 0.00352286 -0.00251302
0 0 670 0.000709245 -0.00434836 0.00284023 0.00928399
0 0 671 -0.00316247 -0.000105437 -0.00327952 -0.0091982
0 0 672 -0.0103794 -0.000889516 -0.00574658 0.000172909
0 0 673 0.00376016 0.00791329 0.0034031 0.00817143
0 0 674 -0.00299212 -0.00172364 0.00418154 -0.00624566
0 0 675 0.00196368 0.000800979 0.00801387 0.0101398
0 0 676 -0.00731296 0.000528498 0.00182227 0.00632815
0 0 677 -0.00176866 0.00281956 0.00624142 -0.000241829
0 0 678 -0.011355 -0.00311385 -0.00344718 -0.00476445
0 0 679 -0.00280628 0.00376491 -0.000513055 0.00690418
0 0 680 -0.000498731 -0.00101741 0.00416957 0.00201948
0 0 681 -0.00138148 0.00283069 0.00891207 -0.00219044
0 0 682 -0.00258946 0.00665098 -0.00125557 -0.00305613
0 0 683 0.00236634 -0.00378115 0.000768379 -0.00570913
0 0 684 0.0026451 -0.00576637 0.00131928 -0.00116347
0 0 685 -0.00796341 -0.00277464 0.000780355 0.00260538
0 0 686 -0.0116183 -0.00655601 -0.00417772 0.000502067
0 0 687 -0.0147467 -0.00368106 -0.00317173 -0.00141363
0 0 688 -0.00381292 -0.00490444 0.0015588 -0.00264797
0 0 689 -0.000514218 -0.0021129 0.00147496 -0.00307917
0 0 690 -0.0087997 0.00314209 -0.00526753 -0.00415222
0 0 691 -0.00577976 -0.000661521 0.00293604 -0.00196661
0 0 692 -0.00135051 -0.00239094 0.000540834 -0.00622262
0 0 693 -0.00570232 -0.00301932 -0.00801004 -0.00683156
0 0 694 -0.00528418 0.00300863 0.00378634 -0.00370457
0 0 695 0.00766285 0.00735721 0.00306777 -0.0018942
0 0 696 0.00163846 0.00548877 0.00657675 -0.00505411
0 0 697 0.00715179 0.00829143 0.00122347 -0.00330628
0 0 698 -0.000916877 0.00143491 -0.00562682 -0.0104358
0 0 699 -0.00162927 -0.00122873 0.00747495 -0.00163746
0 0 700 0.000430481 -0.000127681 0.00612166 0.00191086
0 0 701 0.00561858 -0.000611474 0.0102294 -0.000274745
0 0 702 -0.000421297 0.00197432 0.00416957 -0.00582763
0 0 703 0.00154554 -0.00627797 -0.00112383 -0.00299029
0 0 704 -0.001366 0.00841933 0.00157077 -0.000857353
0 0 705 0.0100323 0.00241362 0.00533124 -0.000350451
0 0 706 0.0103111 0.0064786 0.0153552 -0.00672952
0 0 707 0.00363626 0.00470469 0.00488813 0.00267121
0 0 708 -0.00121113 -0.0012899 0.00646896 -0.00340503
0 0 709 0.00791064 -0.00259113 0.00966656 0.00505431
0 0 710 -0.00373549 0.00218563 -0.0030879 -0.000241829
0 0 711 -0.000529705 0.00575013 0.000157602 -0.000919893
0 0 712 -0.00677092 0.00191871 0.00431328 -0.00515286
0 0 713 -0.00800987 0.00245255 0.00300789 -0.00200282
0 0 714 -0.00187706 -0.000806103 -0.0027885 -0.00721338
0 0 715 0.00298582 -0.00556062 0.000971971 0.00301354
0 0 716 -0.00381292 0.00355916 -0.00162683 -0.000817855
0 0 717 0.000167205 0.00416529 -0.00414179 -0.00754254
0 0 718 -0.00842801 0.0134296 -0.00912381 -0.00201599
0 0 719 -0.00138148 -0.00574413 0.000840235 0.002872
0 0 720 0.00616063 0.00760745 0.00419352 -0.00406664
0 0 721 0.00323361 0.000978926 -0.00694418 -0.00203903
0 0 722 -0.00111821 0.00139043 0.0071995 0.00473503
0 0 723 -0.00288371 -0.00210178 0.00594202 -0.00598563
0 0 724 0.00372919 0.00196876 -0.0057825 0.00751641
0 0 725 -0.00323991 0.00153501 -0.00324359 0.00027824
0 0 726 -0.000994311 -0.00189047 0.0039061 -0.00210815
0 0 727 0.000182691 0.00590027 -0.00823759 0.00250005
0 0 728 0.0044261 -0.00133994 0.00321149 -0.00319437
0 0 729 0.00309422 -0.00849118 0.00769052 -0.00224311
0 0 730 0.00529336 -0.00966452 -0.00175856 -0.00164404
0 0 731 0.00416282 0.0029419 0.001954 0.0049424
0 0 732 -0.00169122 0.00142935 -0.00168671 0.00183515
0 0 733 -0.00104077 -0.00304712 -0.00105198 -0.00346099
0 0 734 -0.00327088 -0.00348087 0.00129532 0.00336574
0 0 735 -0.00283725 0.00375935 0.00571447 0.00173312
0 0 736 0.00530885 0.00442665 -0.00508789 -0.00196332
0 0 737 -0.00238813 0.00387612 -0.00612981 -0.000278036
0 0 738 0.00275351 -0.00650596 0.0043013 -0.00153871
0 0 739 -0.00520674 0.00267498 -0.00512382 0.00322749
0 0 740 -0.00630631 0.00789661 -0.00610586 0.00188124
0 0 741 0.00109642 -0.00377559 0.00239712 -0.00395143
0 0 742 0.00190173 -0.00115644 0.00427735 0.00458033
0 0 743 -0.0120365 0.00868069 -0.00139928 -0.00608766
0 0 744 0.000631811 -0.000789421 -0.00569867 0.00101555
0 0 745 0.00231988 0.00313653 0.00153484 -0.00231881
0 0 746 -0.000684574 -0.0014734 0.00560669 0.0046692
0 0 747 -0.00740588 0.00423202 -0.00215377 0.000107078
0 0 748 -0.00446337 0.000800979 0.000109698 0.00115709
0 0 749 -0.0023107 0.00861396 0.00212167 0.00231902
0 0 750 0.000864114 0.00404295 0.00436118 -0.00117664
0 0 751 -0.00385938 -0.007012 0.00679232 -0.00706197
0 0 752 -0.00243459 -0.00115088 -0.000309463 -0.000663151
0 0 753 -0.00248105 0.00313097 0.00557076 -0.000696066
0 0 754 -0.00483506 -0.00117312 -0.00911184 -0.0150737
0 0 755 0.0034814 0.00429319 0.011942 -0.0067789
0 0 756 0.0105899 0.0026305 0.000959995 0.00515964
0 0 757 0.000569863 -0.00919741 0.00341508 -0.00256239
0 0 758 -0.00116467 0.000372795 -0.00442921 0.00447829
0 0 759 0.000136231 0.00107346 0.00252885 0.00807269
0 0 760 8.97701e-05 -0.00721775 -0.00203401 -0.00466241
0 0 761 -0.00145892 -8.3194e-05 0.00469651 0.0126546
0 0 762 -0.0073749 0.00704024 0.000325266 0.00828993
0 0 763 -0.0110298 0.00456567 -0.00251305 0.00150929
0 0 764 0.00551018 0.00120692 0.0106127 0.000841099
0 0 765 -0.000281915 -0.0060889 0.00884022 -0.000505155
0 0 766 -0.00226424 -0.000945124 0.00163065 0.00193719
0 0 767 -0.00238813 -0.00321951 0.00416957 0.00105176
0 0 768 0.000662785 0.00434323 0.00345101 -0.00452088
0 0 769 -0.00399877 0.00502166 -0.00635735 -0.0042378
0 0 770 0.000926061 -0.0093976 0.00897195 0.00706547
0 0 771 0.00351237 0.00245255 0.00555879 0.00500494
0 0 772 -0.0096205 -0.00379783 -0.00454897 -0.00280267
0 0 773 -0.00319345 -0.000833907 0.00451687 0.000363821
0 0 774 -0.00252751 0.00440996 -0.00235736 0.00512015
0 0 775 -0.00469567 0.00511063 0.00770249 -0.00110751
0 0 776 -0.0027753 0.000784297 -0.0013394 5.77042e-05
0 0 777 -0.00920236 0.00506614 -0.00414179 -0.0029475
0 0 778 -0.0105033 -0.00308049 0.00147496 -0.00247352
0 0 779 -0.00119564 -1.09031e-05 0.0010079 -0.00689739
0 0 780 0.00405441 -0.000566987 0.00183424 0.00205898
0 0 781 -0.00263592 0.0026305 -0.00265676 0.00197669
0 0 782 0.00939738 -0.00261338 0.00777435 -0.00103839
0 0 783 0.00174687 -0.00107858 0.00049293 0.00264817
0 0 784 -0.00673994 0.00196319 -0.00527951 0.00638411
0 0 785 -0.0027753 0.00496049 -0.00799807 0.0039286
0 0 786 -0.00203193 0.000322747 0.000624666 -0.00464596
0 0 787 -0.00780854 0.0024303 -0.00354299 -0.00420159
0 0 788 -0.00280628 0.00560554 -0.00187832 0.00473503
0 0 789 0.00385308 -0.000672643 0.00418154 0.000834516
0 0 790 -0.00237264 0.00256933 0.00588214 -0.000722399
0 0 791 -0.0043085 -0.00577193 0.000936043 -0.00364203
0 0 792 -0.0115254 -0.00594988 -0.00092024 -0.00475458
0 0 793 0.00357432 -0.00645591 0.00404981 -0.00684144
0 0 794 -0.0061979 -0.000311188 -0.00641723 -0.00064011
0 0 795 -0.00745234 0.00210222 0.000229458 -0.000804688
0 0 796 -0.00257397 -0.000528061 0.00554681 -0.00492574
0 0 797 0.00114288 0.00259157 0.00311568 0.00407342
0 0 798 0.00122031 -0.0100037 -0.00101605 0.000274948
0 0 799 -0.00474214 -0.00324175 0.000409098 0.00756908
0 0 800 -0.00252751 0.00150721 0.000516882 -0.00452088
0 0 801 -0.00862934 0.00203549 0.0037025 -0.00337212
0 0 802 0.0002911 -0.0059332 0.00345101 -0.00293763
0 0 803 -0.00488152 0.00330892 -0.00759088 0.0067791
0 0 804 0.00188625 -0.00187378 0.00281628 -0.00617983
0 0 805 0.00515398 0.00455455 0.00106778 0.0058015
0 0 806 0.00354334 0.00235801 -0.00300407 0.00302341
0 0 807 -0.00505187 -0.000377918 -0.00468071 0.00177261
0 0 808 -0.0116338 0.00185198 -0.00319568 -3.11683e-05
0 0 809 -0.00468019 0.00284181 0.00451687 -0.0006829
0 0 810 -0.000328376 -0.00282469 0.000864187 -0.00108118
0 0 811 -0.00105626 0.000895514 0.000600714 -0.00132476
0 0 812 0.00166943 -0.0082465 -0.00141126 0.000900347
0 0 813 -0.00170671 -0.000466892 0.00246897 -0.00512653
0 0 814 -0.00107175 0.00161842 -0.00222563 0.00154879
0 0 815 0.00722922 0.00344238 0.00852884 -0.00379015
0 0 816 -0.00416912 -0.0058053 -0.00100407 -0.00113055
0 0 817 0.00451902 0.00416529 0.00695998 -0.00149263
0 0 818 0.00637744 0.00476586 0.0098462 -0.00165721
0 0 819 0.0158244 0.008664 0.00849291 -0.000992308
0 0 820 0.00362078 0.000717567 0.0010079 -0.00204232
0 0 821 0.00157651 0.00279176 -0.00484837 -0.00289155
0 0 822 0.0056031 0.0116669 -0.00242922 0.000755518
0 0 823 0.000105257 -0.00312497 -0.00950705 -0.00608108
0 0 824 0.000322073 -8.3194e-05 -0.000441199 0.000172909
0 0 825 -0.000312889 0.0054276 0.00164263 -0.00651557
0 0 826 0.00437963 0.00957042 -0.00502801 -0.00344782
0 0 827 -0.000545192 0.00613938 -0.00337532 0.00192403
0 0 828 0.0071363 0.00669547 0.000289338 -0.00303967
0 0 829 0.0176829 0.00577793 -0.00542322 -0.00636745
0 0 830 0.0031252 0.00295858 0.000205506 -0.00207524
0 0 831 0.00986199 0.00657313 0.00733124 -0.00561697
0 0 832 0.0173112 0.0140691 0.00118754 0.00108468
0 0 833 0.0102646 0.0182008 0.00327137 -0.00404031
0 0 834 -0.00173768 0.019174 0.00704381 -0.00576838
0 0 835 0.00962969 0.0163157 -0.00606993 0.0153273
0 0 836 0.0194329 0.0116279 -0.000872336 -0.000919893
0 0 837 0.0107757 0.0224438 -0.00230946 -0.00985981
0 0 838 0.00693497 0.0142916 0.00427735 -0.00702576
0 0 839 0.00544823 0.0139357 -0.010046 -0.00593954
0 0 840 0.0178997 0.00894761 0.00487615 0.000350654
0 0 841 0.0061916 0.00329223 0.00422945 -6.07925e-05
0 0 842 0.00911862 0.00285849 0.00212167 -0.00370457
0 0 843 0.00306325 0.012323 -0.000105871 -0.00805273
0 0 844 0.00309422 0.00831367 0.00187017 0.00958681
0 0 845 0.0106983 -0.00524921 0.00416957 -0.00167696
0 0 846 0.00331104 0.000828783 0.000241434 0.00127559
0 0 847 0.00633098 -0.00330292 0.000995923 -0.00668344
0 0 848 0.0043022 -0.00162355 0.00648094 -0.00488624
0 0 849 0.00557212 0.00161842 0.000325266 -0.00213778
0 0 850 -0.00593462 0.000967804 -0.008034 -0.00219044
0 0 851 0.00592832 -0.00180149 0.005451 -0.00560051
0 0 852 0.00236634 0.00166291 -0.00100407 0.00294112
0 0 853 0.00431769 0.00060635 -0.00125557 0.000212408
0 0 854 -0.0069103 -0.00232421 0.00366658 -0.00510348
0 0 855 0.00403892 0.0010401 0.000744427 0.00366198
0 0 856 0.0045345 0.00484927 0.00019353 -0.000343868
0 0 857 -0.00458727 0.00273059 -0.00492023 0.000353946
0 0 858 0.0103576 -0.00493225 0.00290011 -0.00525819
0 0 859 0.00250572 0.000155922 0.0040019 0.01196
0 0 860 0.000817653 0.00724599 -0.00403401 0.00411292
0 0 861 0.000709245 0.000506255 0.0042055 0.00380022
0 0 862 0.00132872 0.00454342 0.00146299 0.00367514
0 0 863 0.00078668 0.00104566 -0.00114778 0.00712471
0 0 864 0.00397698 0.00375378 0.000888139 -0.0031845
0 0 865 -0.00317796 0.00528858 0.00106778 0.000976053
0 0 866 0.0102801 0.00165179 -0.0024891 0.0030267
0 0 867 0.00702789 -0.00177925 0.00631328 -0.00186458
0 0 868 -0.00223326 0.000895514 -0.00700406 0.0018187
0 0 869 0.0048907 0.0052997 -0.0010879 -2.78767e-05
0 0 870 0.0025367 0.00226348 0.00818153 -0.000449198
0 0 871 0.00132872 0.00398178 -3.40146e-05 0.00592658
0 0 872 -0.000467757 0.0073294 0.00307975 0.00156525
0 0 873 0.0112248 0.00637294 0.00821746 0.00382656
0 0 874 0.00865401 0.0113555 0.0034031 0.00373768
0 0 875 -0.000312889 -0.00289142 -0.00677651 -0.000116749
0 0 876 0.00969163 -0.00194051 0.00328334 -0.00124905
0 0 877 -0.00717357 0.000522937 -0.00724358 0.000762101
0 0 878 0.00809649 0.0093035 0.00287616 0.00169691
0 0 879 0.000306586 0.00446001 0.001954 0.00113076
0 0 880 0.000709245 -0.00124541 0.00909171 -0.00219702
0 0 881 0.000724732 0.00922565 0.00128335 0.00334599
0 0 882 0.00239731 -0.000461331 0.00458873 0.00288846
0 0 883 -0.00505187 -0.00345862 -0.00521963 -0.000594028
0 0 884 -0.00162927 0.00192427 0.00612166 -0.00152225
0 0 885 -0.000715547 0.000728688 -0.00341125 0.00442562
0 0 886 -0.0034877 -0.00361989 0.000169578 -0.00187445
0 0 887 0.00447256 -0.000277823 0.00827734 0.00354677
0 0 888 0.00148359 -0.00512131 0.00534322 0.00110772
0 0 889 0.0010035 0.00277508 -0.00500406 -0.00377698
0 0 890 -0.00818022 0.00444333 -2.20386e-05 -0.00289484
0 0 891 -0.00828863 0.00597256 0.00179832 0.00150271
0 0 892 -0.00553197 0.00108458 -0.00139928 0.00295429
0 0 893 0.0014681 0.00642299 -0.0072316 -0.000393241
0 0 894 -0.0126869 0.00380383 0.00013365 0.00693709
0 0 895 0.000724732 -0.00947545 -0.000381319 0.00353032
0 0 896 -0.00630631 0.00205773 -0.00965076 0.000637021
0 0 897 0.0103731 0.00434323 -0.00700406 0.000643604
0 0 898 0.0059593 0.00642855 -0.00405796 0.00429725
0 0 899 0.00170041 -0.0013177 -0.00596214 0.00321432
0 0 900 0.00578894 -0.000216654 0.00657675 0.00204252
0 0 901 0.00117385 0.00159618 -2.20386e-05 0.00507077
0 0 902 -0.00599657 -0.00125097 -0.00966273 -0.00741746
0 0 903 -0.00294566 0.000767614 -0.000716648 -0.00634441
0 0 904 -0.001366 -0.000883955 0.00554681 -0.00783549
0 0 905 0.00142164 0.000467329 0.00687615 0.0110516
0 0 906 -0.0018306 -0.00361989 0.00292406 -4.76262e-05
0 0 907 0.00117385 0.00274171 -0.00606993 -0.000215496
0 0 908 -0.00658507 0.00853611 -0.00664478 0.00435321
0 0 909 -0.00224875 0.00177413 -0.00211784 0.00721359
0 0 910 0.00664072 -0.0029081 -0.00309988 0.00712471
0 0 911 0.00134421 0.00631177 0.00224143 -0.00316475
0 0 912 0.00715179 0.00345906 0.00167856 0.00298391
0 0 913 0.0034814 0.00530526 0.00349891 0.00683835
0 0 914 -0.00257397 5.58269e-05 0.00118754 0.00490619
0 0 915 0.000817653 0.00398734 0.0051037 0.00488315
0 0 916 0.00639293 0.0054832 0.00330729 -0.00106143
0 0 917 0.0033575 -0.000183289 0.000157602 0.00518927
0 0 918 0.00275351 0.00648972 0.00209772 -0.0069731
0 0 919 0.0104815 -1.09031e-05 0.0095947 -0.00669331
0 0 920 -0.00661605 0.00831367 -0.00572262 0.000725894
0 0 921 -0.00125759 0.000122557 -0.00454897 0.00295429
0 0 922 0.00104996 -0.0109824 -1.00625e-05 -0.00266443
0 0 923 -0.000127046 0.00360364 0.00448094 0.00496544
0 0 924 -0.00162927 -0.000199972 -0.00652502 -0.00246035
0 0 925 0.00484424 0.00716814 0.00230131 -0.00856622
0 0 926 -0.00517577 -0.00137331 0.00237317 -0.00205219
0 0 927 0.00106544 0.00175188 0.0071516 0.000719311
0 0 928 0.00120483 0.00131258 -0.00125557 -0.0114694
0 0 929 8.97701e-05 0.00806899 0.00668453 -0.00341491
0 0 930 0.00408538 -0.000883955 0.0102294 -0.00467229
0 0 931 0.00753896 -0.00998149 0.00803782 -0.00950432
0 0 932 0.00681107 0.0010401 0.00234921 -0.00170658
0 0 933 0.000523403 0.00171296 9.77216e-05 0.00488315
0 0 934 -0.00379744 -0.00733453 -0.000141799 0.00694039
0 0 935 -0.00423107 -8.87549e-05 -0.00137533 -0.00264468
0 0 936 0.00143713 0.00787437 -0.000405271 -0.00297054
0 0 937 0.00887083 0.00238582 -0.00206994 0.00273046
0 0 938 0.00834427 0.00231353 0.00334322 0.00633144
0 0 939 0.0117049 -0.00175701 0.00479232 0.00450462
0 0 940 0.00973809 0.00702912 0.00233724 0.000679812
0 0 941 0.00544823 -5.53899e-05 0.00798992 -0.00405347
0 0 942 0.00577345 -0.00333072 0.00615759 -0.00435959
0 0 943 0.00389954 0.00503278 0.00633723 -0.00300346
0 0 944 -0.00398328 0.00359808 -0.00436933 -0.00049528
0 0 945 0.00650134 -0.0014734 0.00573843 -0.0014268
0 0 946 -0.002543 0.0050717 0.00642106 0.00390555
0 0 947 -0.00450983 0.00636182 0.00336717 -0.0133851
0 0 948 0.00653231 5.77937e-06 0.000912091 -0.000890269
0 0 949 -0.00193901 0.00365369 0.00640908 -0.00425097
0 0 950 -0.00133502 -0.00181261 0.00129532 0.000577773
0 0 951 0.00609868 0.00297527 0.00977434 -0.0055281
0 0 952 -0.00412266 0.000678641 -0.00135138 -0.0148663
0 0 953 -0.00322442 0.00325331 -0.0019382 0.00146979
0 0 954 -0.00153635 -0.00759033 -0.00616574 -0.00741746
0 0 955 0.00372919 0.00888644 -0.0042376 -0.00999476
0 0 956 -0.000916877 -0.000733812 0.00330729 -0.00735163
0 0 957 -0.00258946 0.000550742 0.00913962 -0.00299359
0 0 958 -0.0135387 -0.00338077 -0.000357367 -0.00258214
0 0 959 -0.00353416 -0.000789421 -0.000261559 -0.00408968
0 0 960 -0.00556294 0.00347574 -0.00141126 -0.00528123
0 0 961 -0.00238813 -0.000222215 0.000959995 0.00343815
0 0 962 -0.00390584 -0.016838 0.00231329 -0.001621
0 0 963 0.00586637 0.000100314 0.00838513 -0.000919893
0 0 964 -0.00167573 -0.00913068 0.00333125 -0.00452746
0 0 965 0.00242829 -0.00170696 0.00493603 0.00178249
0 0 966 0.00145262 -0.000272263 -0.000417247 -0.00612058
0 0 967 0.00112739 0.00847494 -0.00187832 0.00149941
0 0 968 -0.00166025 -0.00299707 0.00475639 0.00915562
0 0 969 -0.0099767 -0.00213514 -0.00900405 0.000172909
0 0 970 4.33095e-05 -0.00848562 -0.00632142 -0.00532731
0 0 971 -0.00418461 -0.00251328 -0.00272862 -0.00578813
0 0 972 -0.00503639 0.00266386 0.00328334 -0.0111666
0 0 973 -0.00127308 0.00241362 -0.00469269 -0.00489941
0 0 974 -0.000638113 0.0064063 0.0013073 0.00124925
0 0 975 -0.00293017 0.00521072 0.00031329 0.00492923
0 0 976 0.000616324 -0.0111771 0.00359472 -0.00562684
0 0 977 0.00112739 0.000962244 0.00798992 -0.0036519
0 0 978 -0.00433948 0.00178525 0.000277362 -0.00266443
0 0 979 0.00126677 -0.00529926 0.00324741 -0.00614033
0 0 980 -0.00238813 -0.00260781 -0.0100699 -0.00237148
0 0 981 0.000988009 0.00321994 0.00534322 0.000406611
0 0 982 0.00379113 0.00553881 0.000708499 0.000850974
0 0 983 -0.00189255 0.00229128 0.00267257 0.00147966
0 0 984 0.00427123 -3.31465e-05 0.0030558 -0.00022208
0 0 985 -0.00669348 -0.000922881 0.000468978 0.0015455
0 0 986 -0.0072665 -0.000794981 -0.0028364 -0.0108144
0 0 987 -0.000607139 0.000522937 0.00506777 -0.00685789
0 0 988 -0.00418461 0.00387612 -0.00618969 0.00495557
0 0 989 -0.00337929 -0.00677844 -0.00396215 -0.00535035
0 0 990 0.00413184 -0.00298039 0.00654082 0.00598912
0 0 991 -0.00469567 0.00821914 -0.000285511 -0.0091587
0 0 992 0.00171589 -0.000294506 0.00958273 -0.00418184
0 0 993 0.00183979 -0.00969788 0.00782225 0.000834516
0 0 994 -0.000127046 -0.00273571 0.00673244 0.00249676
0 0 995 0.00307874 -0.00200168 0.00431328 -0.00166708
0 0 996 0.00270705 0.00523853 -0.000548983 0.0031452
0 0 997 -0.00401425 0.00220787 0.000576762 -0.00151567
0 0 998 -0.000127046 0.00969832 0.00177436 -0.00520881
0 0 999 -0.00604303 -0.00784612 0.0077504 -0.00548531
0 0 1000 -0.00204742 -0.00152345 0.00147496 -0.000547945
0 0 1001 0.00160748 -0.00491 0.00440909 0.00653552
0 0 1002 0.00166943 0.00407075 0.000995923 0.008652
0 0 1003 0.00214952 -0.000744934 -0.00136335 0.000860848
0 0 1004 0.000229152 -0.00324731 -0.000213655 0.00581467
0 0 1005 0.00389954 -0.006784 -0.00254898 0.00151916
0 0 1006 0.001592 3.91444e-05 -0.000333415 -0.000258287
0 0 1007 0.00973809 -0.00334741 7.37696e-05 0.0032242
0 0 1008 0.00431769 0.00283069 -0.00681244 0.00888571
0 0 1009 -0.000374836 -0.00614451 -0.00174659 0.00969214
0 0 1010 -0.00708065 0.00230797 -0.00167473 -0.00101535
0 0 1011 -0.00323991 0.00602261 0.00242107 -0.00370786
0 0 1012 0.00204112 -0.000839468 0.00146299 0.00015316
0 0 1013 0.00140615 0.000978926 0.00878034 0.0112458
0 0 1014 -0.00110272 -0.00823538 0.00109173 0.00372781
0 0 1015 -0.00495895 -0.00154569 -0.00349508 0.0033789
0 0 1016 -0.0046647 -0.0107322 0.00158275 0.0107981
0 0 1017 -0.00870678 -0.00402583 -0.00415377 -0.00554455
0 0 1018 0.00078668 -0.00339745 -0.00165078 -6.73756e-05
0 0 1019 -0.00181512 -0.00553838 0.00469651 -0.00382964
0 0 1020 -0.000235454 0.00477698 0.00501987 -0.00441555
0 0 1021 0.00289289 0.00726823 0.00343903 0.00290492
0 0 1022 0.000709245 0.000383916 -0.0140579 -0.00372431
0 0 1023 -0.000669087 0.000812101 -0.00430945 -0.0016605
