0 0 0 -1.36757e-05 -9.1974e-06 4.24141e-07 -1.6954e-06
0 0 1 -1.36757e-05 -9.1974e-06 4.24141e-07 -1.6954e-06
0 0 2 -1.36757e-05 -9.1974e-06 4.24141e-07 -1.6954e-06
0 0 3 -1.36757e-05 -9.1974e-06 4.24141e-07 -1.6954e-06
0 0 4 -1.36757e-05 -9.1974e-06 4.24141e-07 -1.6954e-06
0 0 5 -1.36757e-05 -9.1974e-06 4.24141e-07 -1.6954e-06
0 0 6 -1.36757e-05 -9.1974e-06 4.24141e-07 -1.6954e-06
0 0 7 -1.36757e-05 -9.1974e-06 4.24141e-07 -1.6954e-06
0 0 8 -1.36757e-05 -9.1974e-06 4.24141e-07 -1.6954e-06
0 0 9 -1.36757e-05 -9.1974e-06 4.24141e-07 -1.6954e-06
0 0 10 -1.36757e-05 -9.1974e-06 4.24141e-07 -1.6954e-06
0 0 11 -1.36757e-05 -9.1974e-06 4.24141e-07 -1.6954e-06
0 0 12 -1.36757e-05 -9.1974e-06 4.24141e-07 -1.6954e-06
0 0 13 -1.36757e-05 -9.1974e-06 4.24141e-07 -1.6954e-06
0 0 14 -1.36757e-05 -9.1974e-06 4.24141e-07 -1.6954e-06
0 0 15 -1.36757e-05 -9.1974e-06 4.24141e-07 -1.6954e-06
0 0 16 -1.36757e-05 -9.1974e-06 4.24141e-07 -1.6954e-06
0 0 17 -1.36757e-05 -9.1974e-06 4.24141e-07 -1.6954e-06
0 0 18 -1.36757e-05 -9.1974e-06 4.24141e-07 -1.6954e-06
0 0 19 -1.36757e-05 -9.1974e-06 4.24141e-07 -1.6954e-06
0 0 20 -1.36757e-05 -9.1974e-06 4.24141e-07 -1.6954e-06
0 0 21 -1.36757e-05 -9.1974e-06 4.24141e-07 -1.6954e-06
0 0 22 -1.36757e-05 -9.1974e-06 4.24141e-07 -1.6954e-06
0 0 23 -1.36757e-05 -9.1974e-06 4.24141e-07 -1.6954e-06
0 0 24 -1.36757e-05 -9.1974e-06 4.24141e-07 -1.6954e-06
0 0 25 -1.36757e-05 -9.1974e-06 4.24141e-07 -1.6954e-06
0 0 26 -1.36757e-05 -9.1974e-06 4.24141e-07 -1.6954e-06
0 0 27 -1.36757e-05 -9.1974e-06 4.24141e-07 -1.6954e-06
0 0 28 -1.36757e-05 -9.1974e-06 4.24141e-07 -1.6954e-06
0 0 29 -1.36757e-05 -9.1974e-06 4.24141e-07 -1.6954e-06
0 0 30 -1.36757e-05 -9.1974e-06 4.24141e-07 -1.6954e-06
0 0 31 -1.36757e-05 -9.1974e-06 4.24141e-07 -1.6954e-06
0 0 32 -1.36757e-05 -9.1974e-06 4.24141e-07 -1.6954e-06
0 0 33 -1.36757e-05 -9.1974e-06 4.24141e-07 -1.6954e-06
0 0 34 -1.36757e-05 -9.1974e-06 4.24141e-07 -1.6954e-06
0 0 35 -1.36757e-05 -9.1974e-06 4.24141e-07 -1.6954e-06
0 0 36 -1.36757e-05 -9.1974e-06 4.24141e-07 -1.6954e-06
0 0 37 -1.36757e-05 -9.1974e-06 4.24141e-07 -1.6954e-06
0 0 38 -1.36757e-05 -9.1974e-06 4.24141e-07 -1.6954e-06
0 0 39 -1.36757e-05 -9.1974e-06 4.24141e-07 -1.6954e-06
0 0 40 -1.36757e-05 -9.1974e-06 4.24141e-07 -1.6954e-06
0 0 41 -1.36757e-05 -9.1974e-06 4.24141e-07 -1.6954e-06
0 0 42 -1.36757e-05 -9.1974e-06 4.24141e-07 -1.6954e-06
0 0 43 -1.36757e-05 -9.1974e-06 4.24141e-07 -1.6954e-06
0 0 44 -1.36757e-05 -9.1974e-06 4.24141e-07 -1.6954e-06
0 0 45 -1.36757e-05 -9.1974e-06 4.24141e-07 -1.6954e-06
0 0 46 -1.36757e-05 -9.1974e-06 4.24141e-07 -1.6954e-06
0 0 47 -1.36757e-05 -9.1974e-06 4.24141e-07 -1.6954e-06
0 0 48 -1.36757e-05 -9.1974e-06 4.24141e-07 -1.6954e-06
0 0 49 -1.36757e-05 -9.1974e-06 4.24141e-07 -1.6954e-06
0 0 50 -1.36757e-05 -9.1974e-06 4.24141e-07 -1.6954e-06
0 0 51 -1.36757e-05 -9.1974e-06 4.24141e-07 -1.6954e-06
0 0 52 -1.36757e-05 -9.1974e-06 4.24141e-07 -1.6954e-06
0 0 53 -1.36757e-05 -9.1974e-06 4.24141e-07 -1.6954e-06
0 0 54 -1.36757e-05 -9.1974e-06 4.24141e-07 -1.6954e-06
0 0 55 -1.36757e-05 -9.1974e-06 4.24141e-07 -1.6954e-06
0 0 56 -1.36757e-05 -9.1974e-06 4.24141e-07 -1.6954e-06
0 0 57 -1.36757e-05 -9.1974e-06 4.24141e-07 -1.6954e-06
0 0 58 -1.36757e-05 -9.1974e-06 4.24141e-07 -1.6954e-06
0 0 59 -1.36757e-05 -9.1974e-06 4.24141e-07 -1.6954e-06
0 0 60 -1.36757e-05 -9.1974e-06 4.24141e-07 -1.6954e-06
0 0 61 -1.36757e-05 -9.1974e-06 4.24141e-07 -1.6954e-06
0 0 62 -1.36757e-05 -9.1974e-06 4.24141e-07 -1.6954e-06
0 0 63 -1.36757e-05 -9.1974e-06 4.24141e-07 -1.6954e-06
0 0 64 -1.36757e-05 -9.1974e-06 4.24141e-07 -1.6954e-06
0 0 65 -1.36757e-05 -9.1974e-06 4.24141e-07 -1.6954e-06
0 0 66 -1.36757e-05 -9.1974e-06 4.24141e-07 -1.6954e-06
0 0 67 -0.00307333 -0.000396881 -0.002697 0.000629885
0 0 68 0.00295372 0.00328058 0.000318075 -0.000866185
0 0 69 6.31999e-05 -0.000352575 -0.00171801 0.00289812
0 0 70 0.000570579 0.00253844 0.00368204 0.00149437
0 0 71 0.00150846 -0.0054257 0.00451002 -0.00014228
0 0 72 -0.00439559 0.00050033 -0.00317608 -0.00162996
0 0 73 -0.00335008 -0.00162639 5.2498e-05 -0.0030379
0 0 74 -0.00216619 -0.000131041 0.00368204 -0.00381846
0 0 75 0.00293835 -0.00201408 0.00105232 0.00159299
0 0 76 0.00112408 3.51093e-05 -0.00304069 -0.00363171
0 0 77 0.00335348 0.000821554 -0.00130663 -0.00278401
0 0 78 0.000924207 0.000721864 -0.00259806 0.00287714
0 0 79 -0.000767057 0.00305904 -0.000119346 -0.000356304
0 0 80 0.00376861 -0.00229099 0.00373412 -4.36609e-05
0 0 81 -9.05514e-05 0.0022726 -0.00046824 0.000132594
0 0 82 0.00230797 -0.00109471 0.00860823 -0.00229931
0 0 83 -4.4426e-05 -0.00142701 0.00407781 -0.00310504
0 0 84 -0.0024122 -0.00264545 -0.00383742 0.00220149
0 0 85 -0.00305795 0.00186276 -0.00422276 0.00117334
0 0 86 -0.000890058 0.000799401 -0.000660914 0.00154054
0 0 87 0.00132396 -0.00229099 0.000849228 0.000596313
0 0 88 -0.00620985 0.00361288 0.00265098 -0.00127954
0 0 89 0.000493704 0.000456023 0.00267181 0.000673949
0 0 90 -0.000843933 0.0017963 0.00190633 4.86632e-05
0 0 91 -0.00273507 -0.000441188 0.00204172 -0.00566074
0 0 92 0.000755081 0.00126462 -0.00680042 -0.000740288
0 0 93 0.00109333 6.83394e-05 0.000479503 -0.000683635
0 0 94 -0.00301183 -0.00321036 0.00354665 -0.00338202
0 0 95 -0.00144356 0.00143077 -0.000624462 0.00112298
0 0 96 0.00243097 -0.000751335 0.000906509 0.00153634
0 0 97 0.00470649 0.000223413 0.00309361 0.00461031
0 0 98 0.00137009 0.00154154 0.000677384 -0.000635374
0 0 99 -0.00101306 -0.0024793 -0.00526945 0.00349823
0 0 100 0.000263077 0.00333596 -0.0055194 0.00258338
0 0 101 -0.0022892 0.00124247 0.00370808 -0.000121297
0 0 102 0.00498324 0.00171877 -0.000436996 0.00184898
0 0 103 0.00106258 -0.00113902 -0.000473448 0.00289812
0 0 104 0.000447578 0.00216183 -0.0013535 -0.000826317
0 0 105 0.00255397 -0.00256791 0.00142725 -0.00083471
0 0 106 -0.00293495 -0.00582446 0.00218753 -0.00189224
0 0 107 -0.00384208 -0.000574108 -0.0053788 0.00140625
0 0 108 -0.00231995 -0.000363651 -0.00213981 -0.00103195
0 0 109 0.00424524 -0.00179254 0.00211983 0.00127825
0 0 110 -0.000336553 -0.000695952 -0.00237935 0.000247999
0 0 111 -0.000413429 -0.00108364 -0.00220751 0.000615197
0 0 112 0.00180059 -0.000983946 0.00293218 0.000140987
0 0 113 -0.000628681 -0.000651645 -0.00472788 0.00347934
0 0 114 0.00144696 9.04928e-05 -0.00423318 0.00223716
0 0 115 0.000555204 0.00397841 0.00120854 -0.000605999
0 0 116 -0.000751682 0.00298151 -0.00280636 0.00342898
0 0 117 -0.00142819 -0.001859 -0.00400405 0.00200216
0 0 118 9.39502e-05 0.00351319 -0.000416167 -0.00238114
0 0 119 -0.000367304 0.00210645 -0.000983771 -7.09385e-05
0 0 120 -0.00236607 0.00144185 -0.00636821 0.00432285
0 0 121 0.00501399 -0.000197501 -0.00482682 0.00442986
0 0 122 0.00298447 0.00134216 0.00195319 -0.000131788
0 0 123 -2.90509e-05 -0.00388604 -0.000291189 0.00405217
0 0 124 -0.000966934 -0.00354266 -0.0048841 0.00379408
0 0 125 -0.000444179 0.00236121 -0.00527466 0.0017105
0 0 126 -0.00047493 0.00419994 0.00245831 -0.00386462
0 0 127 -0.00104381 0.00165231 0.00165116 -0.00290781
0 0 128 0.00376861 -0.000906409 0.00260412 -0.000578721
0 0 129 -0.000582556 0.00102093 -0.000187042 0.000808239
0 0 130 -0.00159731 -0.00172608 -0.000233908 -0.00162996
0 0 131 0.0025386 0.00169661 0.00401011 -0.00633219
0 0 132 0.000109325 -0.00126086 -0.00498304 0.00160558
0 0 133 0.000847332 1.87928e-06 -0.00363954 0.00517055
0 0 134 -0.000782432 0.000832631 0.00412988 0.00108311
0 0 135 -0.00056718 -0.00388604 -0.00172322 0.00046622
0 0 136 -0.000490305 -0.000286115 -0.00360829 -0.00138656
0 0 137 0.00446049 0.00379011 4.24141e-07 -0.000796942
0 0 138 -0.00167419 0.00289289 -0.0033323 0.00248686
0 0 139 0.00693588 -0.000485495 0.00500472 0.000501891
0 0 140 -0.00251982 -0.000917486 -0.00381659 0.00213854
0 0 141 0.00279997 -2.02741e-05 0.00148453 -0.000320633
0 0 142 0.00170834 -0.00111687 0.00331232 -0.00277352
0 0 143 0.000216951 -0.00124979 -0.000463033 -0.00151035
0 0 144 0.000908832 0.00157477 -0.00362392 0.00051448
0 0 145 0.00230797 -0.000108888 -0.00510281 0.00245538
0 0 146 -0.000244303 0.00377903 -0.00205649 0.000980297
0 0 147 0.0055675 -0.0031439 -0.00291571 0.000495596
0 0 148 0.000339952 0.00138647 -0.00522258 -0.00241471
0 0 149 0.00336885 0.00154154 0.00444232 -0.00353099
0 0 150 -0.00250445 -0.00190331 -0.00398322 0.00211966
0 0 151 0.00455274 0.00233906 -0.000681743 -0.000576623
0 0 152 0.00484487 0.00201784 0.00843639 -0.00482353
0 0 153 -0.00162806 -0.00406326 -0.00380617 0.00179233
0 0 154 0.00472186 -2.02741e-05 0.0016043 -0.000381483
0 0 155 0.00489099 -8.67342e-05 0.00323421 0.00070962
0 0 156 0.00596725 9.04928e-05 -0.001994 -0.000146476
0 0 157 -0.000152052 -0.00209161 -0.0034052 0.00198747
0 0 158 0.00319973 0.000278796 0.000422222 0.00189515
0 0 159 0.0058135 -0.000363651 -0.00245225 0.000631984
0 0 160 0.00481412 -0.00205838 0.000156646 -0.000331125
0 0 161 0.00576737 -0.000153194 -0.00167115 0.000854401
0 0 162 0.00585962 7.94161e-05 0.0037185 0.000250098
0 0 163 0.00595187 0.000190183 -0.00225958 -0.00345336
0 0 164 0.000954957 0.00256059 -0.00670669 -0.00201604
0 0 165 0.00464499 6.83394e-05 -0.000306812 -0.00254271
0 0 166 0.00602875 0.00181846 -0.00119727 -0.00031224
0 0 167 0.00393773 -0.00188116 0.000141024 0.000548053
0 0 168 0.00464499 -0.00205838 6.29128e-05 -0.00117463
0 0 169 0.00901153 -0.00353158 0.000854435 0.0017042
0 0 170 0.00688976 -0.00359804 -0.00351977 0.00108731
0 0 171 0.00807364 0.00023449 0.000693006 -0.00216502
0 0 172 0.010057 0.00161908 0.00722307 -0.00788282
0 0 173 0.00533687 -0.00241284 -0.00153575 -0.00265182
0 0 174 0.00895002 -0.00147132 0.00335398 0.00119642
0 0 175 0.0107335 -0.00132732 0.00210941 6.12528e-05
0 0 176 0.0084119 -0.00150455 0.00180218 -0.000983688
0 0 177 0.00838115 -0.00384173 -0.00180654 -0.0038856
0 0 178 0.00821202 -0.000463342 -0.00220751 0.000122103
0 0 179 0.00821202 -0.00574692 -0.00161907 -0.00171389
0 0 180 0.0094574 -0.00287806 -0.000952527 -0.000175852
0 0 181 0.0120251 0.000710787 0.00570251 -0.00713163
0 0 182 0.00715113 -0.0026676 -0.00673272 -0.000987885
0 0 183 0.0143313 -0.00393034 -0.00363433 -0.00203912
0 0 184 0.0143774 -0.00198085 -0.0046029 -0.00175795
0 0 185 0.0157612 -0.00283375 -0.00296258 -0.00248815
0 0 186 0.0091499 -0.00317713 -0.0036812 -0.00175375
0 0 187 0.0138547 -0.00290021 -0.00692019 -0.00211256
0 0 188 0.0219266 -0.00260114 0.00416633 -0.00481094
0 0 189 0.0181136 -0.00431803 -0.0056548 -0.000496888
0 0 190 0.0181597 -0.00173716 -0.00687332 -0.00217131
0 0 191 0.0188055 -0.00893701 -0.00182216 -0.00173277
0 0 192 0.025386 -0.00547 -0.00182737 -0.00458013
0 0 193 0.0221573 -0.00888162 -0.00228562 -0.00225105
0 0 194 0.020712 -0.00618999 -0.00279594 -0.00319737
0 0 195 0.0211886 -0.00548108 -0.00348852 -0.00131522
0 0 196 0.0205121 -0.00871547 -0.0111173 0.00171679
0 0 197 0.0249248 -0.00938008 -0.00334272 -0.00215033
0 0 198 0.0273848 -0.00761888 -0.00242101 -0.00127954
0 0 199 0.0249709 -0.0100004 -0.00348852 -0.00535649
0 0 200 0.023295 -0.0108754 -0.00526424 -0.0015775
0 0 201 0.0233258 -0.00840533 -0.00593079 -0.00323933
0 0 202 0.0221111 -0.00811733 -0.00106709 -0.00542574
0 0 203 0.0220189 -0.00944654 -0.00723263 -0.00228462
0 0 204 0.0218651 -0.0110305 -0.00625364 -0.000471709
0 0 205 0.0272618 -0.00481648 -0.00581102 -0.000429743
0 0 206 0.0255244 -0.00888162 0.00277075 -0.00156071
0 0 207 0.0207735 -0.0135117 -0.00531111 -0.00310504
0 0 208 0.0264777 -0.0104767 0.00102628 -0.00934322
0 0 209 0.0226339 -0.0113739 -0.00549337 -0.00372823
0 0 210 0.0250324 -0.00930254 -0.00244705 -0.00446263
0 0 211 0.0240638 -0.0111302 0.000417015 -0.00451089
0 0 212 0.0214961 -0.0100668 -0.000546351 -0.00458013
0 0 213 0.0213731 -0.00648906 0.000182683 -0.00286794
0 0 214 0.0220804 -0.00554754 -0.00146806 -0.00490956
0 0 215 0.0226031 -0.00455064 -0.00284801 -0.00130263
0 0 216 0.0259088 -0.00548108 0.00293218 -0.00515086
0 0 217 0.0280459 -0.00900347 0.00372891 -0.00468295
0 0 218 0.0269236 -0.00965699 0.000849228 -0.00562297
0 0 219 0.0295527 -0.0126366 0.00156785 -0.00857944
0 0 220 0.0307212 -0.0098453 -0.000853587 -0.00312183
0 0 221 0.0312286 -0.00787365 0.000172268 -0.0040136
0 0 222 0.0293221 -0.0120385 -0.00483203 -0.00272735
0 0 223 0.0363024 -0.0116286 0.00677523 -0.00789331
0 0 224 0.0350416 -0.0139769 0.00194278 -0.00627554
0 0 225 0.0361333 -0.00905885 -0.00130142 -0.00309245
0 0 226 0.034811 -0.00713151 0.00580145 -0.00773803
0 0 227 0.0352876 -0.00849394 0.0102277 -0.00550547
0 0 228 0.039362 -0.00981207 0.00517656 -0.00733307
0 0 229 0.0440053 -0.0114403 0.00140642 -0.00360443
0 0 230 0.0423602 -0.00971238 0.0068221 -0.00446263
0 0 231 0.0417452 -0.00943546 -1.5198e-05 -0.00257418
0 0 232 0.045712 -0.00769642 0.0102225 -0.00693859
0 0 233 0.0416068 -0.00632291 0.00590039 -0.00420454
0 0 234 0.047434 -0.009225 0.00508804 -0.00413949
0 0 235 0.0486179 -0.00400788 0.0124096 -0.00915227
0 0 236 0.0469112 -0.00467248 0.0135552 -0.00847033
0 0 237 0.0538762 -0.00637829 0.013123 -0.00835912
0 0 238 0.0559979 -0.00568046 0.0113577 -0.00639094
0 0 239 0.0570588 -0.00684351 0.0114723 -0.00624826
0 0 240 0.0606873 -0.00479433 0.010738 -0.00546141
0 0 241 0.0626246 0.001464 0.0133001 -0.00370515
0 0 242 0.0657458 -0.00436234 0.0191376 -0.00844935
0 0 243 0.0694819 -0.00134948 0.0254541 -0.0101196
0 0 244 0.0742943 -0.0015267 0.020403 -0.00671198
0 0 245 0.0801676 0.00359073 0.0280786 -0.00867387
0 0 246 0.0833349 0.0118539 0.0277245 -0.012392
0 0 247 0.082766 0.0152656 0.0270944 -0.0142448
0 0 248 0.0892697 0.0226205 0.0300574 -0.0117625
0 0 249 0.0995864 0.0240494 0.0369989 -0.0112128
0 0 250 0.102569 0.0367654 0.0328798 -0.0126081
0 0 251 0.110856 0.0424367 0.0419511 -0.0175622
0 0 252 0.122219 0.0549755 0.0478771 -0.0226106
0 0 253 0.133335 0.0706601 0.049632 -0.0213055
0 0 254 0.152815 0.0844505 0.0596927 -0.0209698
0 0 255 0.178876 0.102295 0.0766167 -0.0318262
0 0 256 0.206889 0.125789 0.0879115 -0.0359326
0 0 257 0.237424 0.151664 0.0928064 -0.0375524
0 0 258 0.27434 0.187242 0.109741 -0.0494098
0 0 259 0.325724 0.225435 0.11825 -0.0522152
0 0 260 0.362455 0.26993 0.122801 -0.0601865
0 0 261 0.404967 0.318878 0.124223 -0.0653881
0 0 262 0.477169 0.377484 0.126488 -0.0794906
0 0 263 0.540176 0.429279 0.136731 -0.0886979
0 0 264 0.575524 0.467117 0.132549 -0.0952109
0 0 265 0.607719 0.506207 0.120031 -0.102387
0 0 266 0.657919 0.545883 0.108288 -0.10502
0 0 267 0.693113 0.573176 0.0950404 -0.109827
0 0 268 0.729951 0.607503 0.0698158 -0.112868
0 0 269 0.781289 0.646504 0.0491217 -0.112918
0 0 270 0.832427 0.689083 0.0380247 -0.116813
0 0 271 0.851953 0.700746 0.0174243 -0.120944
0 0 272 0.870557 0.711934 -0.00119207 -0.123252
0 0 273 0.879582 0.704834 -0.0102842 -0.124734
0 0 274 0.840821 0.64801 -0.0214852 -0.121397
0 0 275 0.805459 0.599871 -0.0353837 -0.121349
0 0 276 0.792544 0.575159 -0.047944 -0.124125
0 0 277 0.819481 0.579667 -0.0798704 -0.126572
0 0 278 0.887977 0.61447 -0.123295 -0.130378
0 0 279 0.958564 0.647523 -0.1577 -0.12819
0 0 280 0.995987 0.654446 -0.186216 -0.129904
0 0 281 0.999985 0.64101 -0.20453 -0.124778
0 0 282 0.961409 0.583289 -0.189762 -0.123871
0 0 283 0.888161 0.483078 -0.152175 -0.116645
0 0 284 0.797248 0.38094 -0.117973 -0.11078
0 0 285 0.733242 0.29586 -0.0794903 -0.1065
0 0 286 0.683319 0.227971 -0.0579682 -0.0966126
0 0 287 0.664423 0.210824 -0.07057 -0.0907521
0 0 288 0.676876 0.209772 -0.075189 -0.0926636
0 0 289 0.667482 0.21037 -0.0706273 -0.0931987
0 0 290 0.638531 0.202096 -0.060676 -0.0932511
0 0 291 0.596726 0.192769 -0.0592232 -0.0853238
0 0 292 0.551093 0.170959 -0.0297442 -0.0843146
0 0 293 0.496957 0.149493 -0.0137575 -0.0794382
0 0 294 0.442021 0.130585 -0.000301604 -0.0687559
0 0 295 0.387839 0.118423 -0.00379576 -0.0621694
0 0 296 0.337824 0.103292 0.00175011 -0.0522529
0 0 297 0.294804 0.0932011 -0.0027699 -0.046254
0 0 298 0.268759 0.0958152 0.00239061 -0.0425232
0 0 299 0.233688 0.100877 -0.00117124 -0.042005
0 0 300 0.210918 0.0952392 -0.00761798 -0.0357857
0 0 301 0.189992 0.0946743 -0.0100759 -0.032867
0 0 302 0.166776 0.0841847 -0.011586 -0.026782
0 0 303 0.149909 0.077007 -0.0112163 -0.0242976
0 0 304 0.137486 0.0724988 -0.00120769 -0.0275562
0 0 305 0.123156 0.071812 -0.00593079 -0.0231121
0 0 306 0.111548 0.061411 -0.0115443 -0.0175873
0 0 307 0.0966498 0.0538014 -0.0106955 -0.0171803
0 0 308 0.0879628 0.0498137 -0.00975301 -0.0138545
0 0 309 0.07391 0.0416945 -0.0153978 -0.0130844
0 0 310 0.0660994 0.035558 -0.010581 -0.00991814
0 0 311 0.060303 0.0363002 -0.007493 -0.0119031
0 0 312 0.0565976 0.0302412 -0.0126223 -0.0105917
0 0 313 0.0492944 0.0283139 -0.00592558 -0.00708757
0 0 314 0.0426984 0.0287237 -0.00777941 -0.00509211
0 0 315 0.0409918 0.0209147 -0.00731074 -0.00541315
0 0 316 0.0317821 0.0212913 -0.0109715 -0.00214194
0 0 317 0.0287993 0.021114 -0.00371765 -0.00521801
0 0 318 0.0301523 0.0140803 -0.00642028 -0.00191952
0 0 319 0.0257858 0.0120755 -0.00623281 -0.00168451
0 0 320 0.024648 0.0103586 -0.010206 0.00039278
0 0 321 0.0181444 0.0174477 -0.00185861 -0.00368207
0 0 322 0.0179137 0.00865277 -0.00342603 -0.00130682
0 0 323 0.0133627 0.010846 0.00138559 -0.0048655
0 0 324 0.0164992 0.00710204 -0.00164511 -0.0020664
0 0 325 0.0112255 0.0080214 -0.0034 -0.00273785
0 0 326 0.00530612 0.0093506 -0.00632655 -0.00152714
0 0 327 0.00845802 0.00964967 -0.00534756 -0.00192581
0 0 328 0.00950353 0.00701342 -0.00203046 -0.000146476
0 0 329 0.00970341 0.00915122 0.00260412 -0.00566704
0 0 330 0.00899615 0.00765587 -0.00228562 0.00109151
0 0 331 0.0101339 0.010425 -0.00212419 -0.00131731
0 0 332 0.0102108 0.0057396 -0.00604014 -0.00142642
0 0 333 0.00827352 0.00567314 0.000255586 -0.000721404
0 0 334 0.00652075 0.0030812 -0.000358885 -0.00197617
0 0 335 0.00378398 0.00342458 -0.0011452 -0.00531872
0 0 336 0.000447578 0.00774448 -0.00442065 -0.000897659
0 0 337 0.0120404 0.00549592 0.000114987 -0.00382895
0 0 338 0.00450661 0.00369042 -0.00224396 0.00331148
0 0 339 0.00210809 0.00369042 -0.000983771 -0.00193211
0 0 340 0.00688976 0.00143077 -0.00296258 0.000785158
0 0 341 0.00415298 0.00350211 0.00211983 0.00113137
0 0 342 0.00160071 0.00294828 -0.0056548 -0.00102565
0 0 343 0.000447578 0.00122031 -0.0047383 0.000531266
0 0 344 0.00123171 0.00264921 -0.00196797 -0.00175166
0 0 345 0.00367636 -0.000828872 -4.64423e-05 -0.000855693
0 0 346 0.00187747 0.00298151 -0.00172843 -0.0014495
0 0 347 0.00573662 0.00249413 0.00052637 1.29925e-05
0 0 348 0.000339952 0.000444947 -0.00595162 -0.00124387
0 0 349 0.00240022 0.00390087 0.00130748 -0.00301692
0 0 350 0.00452199 0.0012757 -0.00482682 0.00124258
0 0 351 0.00101646 0.00237229 -0.00308755 -0.00116204
0 0 352 0.00427599 0.000799401 0.00122416 -0.00199715
0 0 353 0.00276922 -0.001859 -0.00250433 0.00472362
0 0 354 -0.000305803 -0.000419035 -0.00749821 0.00428718
0 0 355 0.00638238 -0.00204731 0.00389555 -0.000729797
0 0 356 0.00307673 0.0026049 0.00123457 -0.00014228
0 0 357 0.00137009 0.00128677 -0.00201483 0.00225395
0 0 358 0.00558287 0.000699711 -0.00105147 -0.00202653
0 0 359 -1.36757e-05 0.00170769 -0.000275567 -0.000746583
0 0 360 0.0030921 0.000766171 0.00018789 -0.000591311
0 0 361 0.00370711 0.00151939 0.00779067 -0.00669939
0 0 362 0.00147771 0.00023449 -0.00190027 0.000665556
0 0 363 -0.000797807 -0.000286115 -0.00304069 0.0010999
0 0 364 -0.000351929 -0.00344297 0.00371329 -0.00289522
0 0 365 -0.000874683 0.00150831 0.000635725 -0.00212725
0 0 366 -0.00050568 0.00143077 0.00265098 -0.00205381
0 0 367 0.0026001 0.00166338 -0.000155797 -0.000668947
0 0 368 0.00730489 0.00023449 -0.00257202 0.0030387
0 0 369 0.00496787 0.00429963 0.00168762 -0.00143692
0 0 370 0.00338423 -0.00154886 0.00411426 0.000401173
0 0 371 -0.00119756 -0.00324359 -0.00453521 0.00185947
0 0 372 0.00169296 0.001752 0.00128144 -0.00062908
0 0 373 0.00372248 0.00320304 0.000385771 -0.00319947
0 0 374 0.00402998 2.40327e-05 -0.00771692 0.00275544
0 0 375 0.00561362 -0.00411865 0.00115126 -0.000236702
0 0 376 0.00319973 -0.00146024 0.000896094 -0.000685733
0 0 377 0.00203122 0.00498639 0.00160951 0.00129294
0 0 378 0.00238484 0.00354642 0.00522343 -0.000408761
0 0 379 0.00220034 0.00050033 0.000135816 -0.00477947
0 0 380 -0.0055026 0.00129785 0.00371329 0.00103066
0 0 381 0.00163146 0.000777247 0.000807569 -0.00276093
0 0 382 -0.000890058 0.00102093 -0.00516009 -0.00104244
0 0 383 0.00106258 0.000987704 -0.00300424 0.000336127
0 0 384 -0.00125906 0.00631559 0.00201047 0.0018259
0 0 385 0.00304598 0.00350211 0.00389034 -0.00295187
0 0 386 0.00186209 0.000544637 -0.00333751 -0.0023098
0 0 387 0.00293835 -0.00327682 -0.00510281 0.00208399
0 0 388 -0.000351929 0.00154154 -0.00386345 0.00361153
0 0 389 -0.0025967 0.00335812 0.00423923 -0.000815826
0 0 390 0.000755081 0.00209537 0.00458292 -0.00127325
0 0 391 0.000555204 -0.00307744 -0.00205129 -0.000121297
0 0 392 0.00138546 -0.00343189 -0.00587351 0.0012258
0 0 393 0.0055675 -0.0011944 0.000229549 0.001465
0 0 394 -0.00213544 0.00216183 -0.000765061 -0.00113267
0 0 395 -0.00262745 -0.00151563 -0.00433212 -0.0012124
0 0 396 0.000831956 -0.00159316 -0.00127538 -0.000469611
0 0 397 -0.00145894 0.00259382 0.00340085 -0.000748681
0 0 398 0.000893457 -0.00510447 -0.00315004 -0.00168661
0 0 399 -0.00148969 -0.00179254 -0.00046824 -0.00119142
0 0 400 0.00473724 0.00053356 -0.00344686 0.00124468
0 0 401 0.00721264 -0.00296667 0.00342688 -0.000358402
0 0 402 0.00158534 -0.000153194 -0.00124414 -0.000463316
0 0 403 -4.4426e-05 0.00163015 -0.00534756 0.00174617
0 0 404 -0.00275045 0.00199568 -0.000108931 -0.00203073
0 0 405 -0.000551805 0.00195138 -0.000988979 -0.00182719
0 0 406 -0.000644056 0.00186276 -0.0021294 0.00105584
0 0 407 0.00752014 0.00122031 0.00100024 -0.00226154
0 0 408 0.0027231 -0.000142118 -0.000671328 -0.00158379
0 0 409 0.00436824 0.000965551 0.00220835 -0.000266078
0 0 410 -0.000290428 0.000943398 -0.00113999 -0.00212935
0 0 411 0.00383011 -0.000186424 0.000594066 0.000571134
0 0 412 0.00298447 4.6186e-05 -0.00465498 0.00224136
0 0 413 -0.00116681 0.000954474 -0.000739024 -0.000587114
0 0 414 -0.00368833 -0.00419619 -0.00587351 0.00167483
0 0 415 0.0056905 0.000888014 0.00494744 -0.00208528
0 0 416 0.00110871 -0.00303313 0.00211983 0.00101177
0 0 417 -0.00619448 -0.000407958 -0.00700871 -0.000564033
0 0 418 -0.00250445 0.00262705 0.00176573 -0.00196988
0 0 419 -0.00112069 -0.000839949 -0.00259806 -0.000773861
0 0 420 -0.00105918 2.40327e-05 -0.00108792 -0.00146
0 0 421 0.00466036 -0.000928562 -0.00182216 0.00336604
0 0 422 -0.000290428 0.000145876 -0.00187944 0.00238194
0 0 423 0.00152384 -0.00101718 0.00204172 -0.00233078
0 0 424 0.000293827 2.40327e-05 0.00258329 -0.00255739
0 0 425 0.000339952 -0.000219654 -0.00195755 0.00309326
0 0 426 0.00155459 0.00043387 0.00254163 -0.000228309
0 0 427 0.000386078 -0.00191439 -0.00296258 0.00314782
0 0 428 -0.00156656 0.000312027 0.000739873 -0.00361912
0 0 429 0.00135471 -0.00124979 -0.00268138 -0.000746583
0 0 430 -0.00156656 -0.00153778 -0.00122331 -0.000398269
0 0 431 -0.00113606 0.001464 -0.000895246 -0.00289312
0 0 432 0.00221572 -0.00105041 0.00416633 -0.00403248
0 0 433 0.000924207 0.0019403 -0.000692158 -0.00313652
0 0 434 -0.00185869 0.000799401 0.00323421 -0.00234337
0 0 435 -0.00748599 -0.00274514 -0.00349894 -0.000597605
0 0 436 0.00232334 -0.0054257 -0.00195234 0.00161607
0 0 437 0.0060595 0.00171877 0.00273951 -0.00465147
0 0 438 -0.00142819 4.6186e-05 0.00220835 -0.00240632
0 0 439 -0.00198169 0.00275997 -0.00427484 0.00284776
0 0 440 -0.0032732 -0.00218023 -0.00334792 -0.00176215
0 0 441 -0.000136677 -0.00481648 0.00292697 -0.00290781
0 0 442 3.24497e-05 0.0034135 -0.000895246 -0.000830514
0 0 443 -0.00267357 -3.13508e-05 -0.00238977 -0.00142223
0 0 444 0.0029076 0.0011317 0.00425486 -0.000152771
0 0 445 -0.00170494 0.000721864 -0.00573291 0.000361306
0 0 446 0.00478336 0.00405595 0.00535362 -2.8973e-05
0 0 447 -0.000874683 -0.0015267 0.00116167 -0.0030379
0 0 448 -0.000244303 -0.000485495 -0.00411341 0.00641063
0 0 449 0.00275385 -0.00190331 0.00155743 0.00214694
0 0 450 0.00123171 -0.00191439 -0.000791098 0.0010957
0 0 451 0.00482949 1.2956e-05 0.00598892 -0.00282597
0 0 452 -0.00188944 -0.00184793 0.00708247 -0.00828359
0 0 453 0.00372248 -0.00239069 -0.00413945 -0.000773861
0 0 454 -0.0032732 0.00016803 0.0026614 0.000126299
0 0 455 0.000616705 0.000223413 0.00512449 -0.00296026
0 0 456 0.00137009 0.00122031 0.00403615 -0.00251963
0 0 457 0.00270772 -0.000917486 -0.00156179 0.002191
0 0 458 -0.00674798 -0.0016707 -0.00606618 0.00103695
0 0 459 -0.000521055 0.00387872 -0.00171281 0.000134692
0 0 460 0.000401453 -0.00298883 -0.00348852 0.000117906
0 0 461 0.00129321 0.00016803 0.000557614 -0.000694126
0 0 462 0.00123171 -0.000718105 0.00416633 -0.00686305
0 0 463 -0.0024737 0.000876938 5.63153e-06 0.00068444
0 0 464 0.00233872 0.00237229 0.00346854 -0.00250704
0 0 465 0.00281535 0.00172984 0.00236978 -0.000807433
0 0 466 -0.000275053 -0.00231315 0.00169803 -0.00141383
0 0 467 -0.00205857 0.00134216 -0.00206691 0.000300456
0 0 468 0.00301522 -0.000175348 -0.000942112 0.00160978
0 0 469 -0.00295033 -0.000563032 0.00149494 -0.00224265
0 0 470 0.00110871 0.00134216 0.00667108 0.00249945
0 0 471 -0.00213544 0.00106524 -0.00102022 -0.00247136
0 0 472 -0.00181257 -0.0013384 -0.0019888 -0.000916543
0 0 473 0.00220034 -0.00118333 -0.00514968 0.00141674
0 0 474 -5.98011e-05 0.00213968 -0.00446751 -0.00125437
0 0 475 -0.000244303 0.00198461 -0.00428005 0.000310948
0 0 476 -0.000290428 0.00056679 0.00195319 -0.00373453
0 0 477 -0.00156656 -0.000651645 0.00267181 -0.00192162
0 0 478 -0.00139744 0.000112646 -0.00329585 -0.00168241
0 0 479 -0.00130519 -0.00422942 -0.00389991 0.00202314
0 0 480 0.00118558 0.00170769 0.00442149 -0.00350791
0 0 481 -4.4426e-05 -0.00136055 -0.000187042 -0.00111168
0 0 482 -0.00155119 0.00118708 0.00434859 -0.00193211
0 0 483 -0.00347308 0.00271567 0.000109779 -0.00210626
0 0 484 -0.00158194 0.00171877 -0.000650499 -0.00308826
0 0 485 0.00126246 -0.000707029 -0.00313442 0.0013475
0 0 486 -0.00434946 -0.000297191 0.00152098 -0.000106609
0 0 487 -0.000428804 -0.0011944 -0.0035458 0.00101387
0 0 488 -0.00118219 0.00036741 0.00295822 -0.000912347
0 0 489 0.000801206 4.6186e-05 -0.000223493 -0.0035184
0 0 490 -0.000874683 -4.24275e-05 -0.000515107 0.00130973
0 0 491 0.00250785 3.51093e-05 -0.00211377 -0.00170759
0 0 492 0.00399923 -9.78109e-05 0.000463881 -0.000694126
0 0 493 0.00112408 -0.00139378 0.00289573 -0.0017034
0 0 494 0.00180059 0.00102093 0.00332274 -0.00089556
0 0 495 0.000724331 -7.56575e-05 -0.00150972 0.0010999
0 0 496 0.00155459 -0.00178147 -0.00553503 0.00246588
0 0 497 0.0029691 -0.00116117 0.00354145 -0.00020313
0 0 498 0.00275385 0.00371257 0.00269785 -0.00190903
0 0 499 -0.00262745 0.00311443 -0.000837965 -0.00105083
0 0 500 0.000939582 0.00209537 -0.000884831 0.00258128
0 0 501 -0.00216619 -0.00160424 -0.0028376 -0.000138083
0 0 502 -0.000521055 -0.00146024 0.00320817 -0.00193421
0 0 503 -0.00351921 -0.00210269 -0.00269179 0.00150906
0 0 504 0.00132396 -0.00136055 -0.00168677 0.00104954
0 0 505 0.00178521 0.000156953 0.000234756 -0.000467512
0 0 506 0.00126246 -4.24275e-05 0.00116688 0.00136008
0 0 507 -0.00347308 0.00222829 -0.00111916 -6.04471e-05
0 0 508 -0.00152044 0.00154154 -0.00227 0.0031709
0 0 509 -0.00181257 0.0024166 0.00114605 -0.000337419
0 0 510 -0.000444179 -0.00306636 0.00192716 0.00216372
0 0 511 0.00361485 0.00304797 -0.000457826 -4.57592e-05
0 0 512 0.00299985 3.51093e-05 0.00310923 -0.00319527
0 0 513 0.00364561 0.000799401 0.00383827 -0.00105503
0 0 514 0.00378398 -0.00254576 0.00850929 -0.00513198
0 0 515 0.000216951 -0.000153194 0.000666969 -0.00250704
0 0 516 0.00250785 0.00243875 0.00385389 -0.00151245
0 0 517 0.00144696 0.00056679 -0.00130663 0.00165384
0 0 518 -0.00104381 -4.24275e-05 -0.00143161 -0.00204332
0 0 519 -0.000736307 -0.00195869 -0.00293133 -0.000975295
0 0 520 -0.00295033 -0.00243499 -0.00936766 0.00508452
0 0 521 -0.00564097 -0.00117225 -0.00310318 -0.00198037
0 0 522 -0.000244303 -0.000673799 0.00157305 -0.0008473
0 0 523 0.00143159 -0.00120548 -0.00180133 -0.000316437
0 0 524 0.000324577 -0.000540878 0.00315089 -0.00514037
0 0 525 -0.00113606 -0.00301098 0.00126582 0.00127196
0 0 526 0.000401453 0.000821554 -0.00234811 0.00150696
0 0 527 1.70745e-05 -0.000363651 -0.00379576 -0.000209425
0 0 528 0.00335348 0.000312027 -0.00109833 0.00131602
0 0 529 0.000739706 0.00365719 -0.00194193 0.00118173
0 0 530 -0.00187407 -0.00204731 0.00233333 0.000243803
0 0 531 0.00127784 0.00414456 -0.00597765 0.00162027
0 0 532 -0.000705557 -0.00216915 -0.000358885 0.000556446
0 0 533 0.00140084 5.72627e-05 0.00126061 -0.000635374
0 0 534 -0.00142819 0.000356333 -0.00213981 0.000743192
0 0 535 -0.00335008 0.00242767 -0.00993006 0.00574128
0 0 536 0.00120096 0.00329166 -0.0035458 0.00321916
0 0 537 0.00156996 -0.00317713 0.0024531 0.000896366
0 0 538 0.00170834 -9.1974e-06 -0.00351456 0.00319398
0 0 539 0.00493712 -0.0018147 0.0045673 -1.21868e-05
0 0 540 0.00250785 -0.00253468 -0.0035406 0.00275124
0 0 541 0.000647455 -0.000252885 0.00133872 -0.00198247
0 0 542 -0.00201244 -0.000230731 -0.000614047 -0.000408761
0 0 543 -0.00376521 0.000865861 0.000458674 -0.000133887
0 0 544 0.000893457 0.000611097 -0.00379576 -0.000635374
0 0 545 0.00390698 0.00190707 -0.00243663 -0.0026665
0 0 546 -0.000290428 -0.00252361 -0.00615991 0.00313313
0 0 547 -0.00047493 -0.00334328 -0.00187423 0.00371015
0 0 548 -0.000336553 -3.13508e-05 -0.00148889 0.00194341
0 0 549 0.00166221 -0.0011501 -0.00317608 0.00493974
0 0 550 0.00201584 0.00371257 -0.00536839 0.00147759
0 0 551 0.00130859 -0.00174824 -0.000338056 -0.00274834
0 0 552 0.000908832 0.00432179 -0.000936905 0.00193501
0 0 553 0.00444511 0.000943398 -0.000301604 0.00285825
0 0 554 0.000432203 -0.000751335 0.00359352 -0.00287633
0 0 555 0.000816581 -0.000230731 -0.0053059 0.00275544
0 0 556 -0.00165881 -0.00151563 0.00158868 0.000776765
0 0 557 0.00175446 -0.00440664 0.00428089 -0.00270637
0 0 558 0.00190822 -0.00445095 -0.00399364 -0.00163205
0 0 559 0.00206197 0.00103201 -0.0018482 -0.000954312
0 0 560 0.00409148 0.00165231 0.00332274 5.91546e-05
0 0 561 -0.000936184 -0.00415188 0.00494223 -0.00154393
0 0 562 -0.0025967 -0.00287806 0.00131268 -5.41523e-05
0 0 563 0.00335348 0.00026772 0.000302452 0.00087958
0 0 564 0.00150846 -7.56575e-05 0.000151438 0.000657163
0 0 565 -0.000413429 -0.00515986 -0.0036812 -0.00264133
0 0 566 0.000647455 -0.000164271 -0.00167115 -0.000587114
0 0 567 -0.00193557 -0.00164855 -0.0026293 0.00236306
0 0 568 -0.00222769 0.00192922 0.000141024 -0.00176634
0 0 569 -0.00376521 0.00117601 -0.00138995 0.00180912
0 0 570 -0.000244303 -0.00188116 0.00178135 0.00139576
0 0 571 -0.00233532 0.0004671 -0.00155138 -0.00125017
0 0 572 -0.000905433 0.0012757 -0.000629669 -0.000973197
0 0 573 -0.00201244 0.00156369 -0.00289488 0.00205042
0 0 574 0.000616705 -0.000740259 -0.00406654 0.000791452
0 0 575 -0.00053643 0.000799401 -0.0050976 0.00057533
0 0 576 -0.00244295 0.00177415 -0.00476954 0.0018301
0 0 577 -0.00192019 -0.00400788 -0.00596724 0.00622598
0 0 578 0.00269235 -0.00210269 -0.00400405 0.00459143
0 0 579 0.000216951 -0.00158209 0.00369246 -0.00227413
0 0 580 -0.0031502 -0.00294452 -0.00166594 -0.000148575
0 0 581 0.00227722 3.51093e-05 -0.00134829 0.00224975
0 0 582 -0.00573322 7.94161e-05 0.000781532 0.000117906
0 0 583 0.00195434 -0.00607922 -0.00231686 0.00192452
0 0 584 -0.0033962 -0.00340974 -0.000718195 0.000967708
0 0 585 0.000216951 -0.00298883 0.00378099 -0.00302951
0 0 586 -0.000859308 0.00156369 0.00251038 -0.00289941
0 0 587 0.00310748 -0.000197501 -9.85162e-05 -0.000163263
0 0 588 0.00198509 6.83394e-05 0.00107835 0.00135589
0 0 589 0.00104721 0.000655404 -0.00170239 -0.00219439
0 0 590 -0.000259678 -0.00175931 6.29128e-05 -0.00092074
0 0 591 -0.000613306 0.00244983 -0.000207871 0.00016197
0 0 592 -0.000182802 0.00560668 -0.00231165 -8.77247e-05
0 0 593 -0.00047493 0.00219506 -0.000660914 0.00317509
0 0 594 -0.00168956 -0.00210269 -0.00027036 0.00290232
0 0 595 0.00167759 -0.000784566 0.000729458 -0.00101097
0 0 596 0.0001247 0.000655404 -0.00331668 0.000103218
0 0 597 -0.000321178 -0.00243499 0.000698214 -0.00162156
0 0 598 -0.00350383 -0.000983946 -4.78324e-06 0.000365503
0 0 599 0.0033996 -8.67342e-05 0.00514532 -0.00203702
0 0 600 0.000831956 0.00310335 -0.00550899 0.00566784
0 0 601 -0.00127444 -0.000862102 -0.00234811 -0.000196835
0 0 602 -0.00113606 0.000223413 0.00503076 -0.00188804
0 0 603 -0.00356533 0.00270459 -0.00103064 0.00260436
0 0 604 -0.000521055 -0.000629492 -0.000478655 0.000185051
0 0 605 0.00129321 -0.0041408 0.00327587 -5.89195e-06
0 0 606 -0.000659431 -0.00193654 -0.00588913 0.00351501
0 0 607 -0.0023507 0.00240552 -0.000499485 -0.000809531
0 0 608 0.00264622 0.00270459 0.00199485 0.00124678
0 0 609 -0.00484147 0.00345781 0.00421841 -0.00564186
0 0 610 0.000401453 0.000943398 -0.00470705 0.00262954
0 0 611 0.00275385 -0.00252361 0.00147411 0.00126566
0 0 612 0.00124708 -0.00159316 0.00245831 -0.000343714
0 0 613 -0.00215082 -0.00234638 0.00220315 0.000334029
0 0 614 0.00173909 0.00523008 -0.00677438 0.000785158
0 0 615 -0.00310408 0.00188492 -0.00220751 5.91546e-05
0 0 616 0.00209272 -0.00160424 0.00209379 -0.000431842
0 0 617 -0.000459554 0.000278796 -0.00253036 0.000352913
0 0 618 0.0027231 0.000843708 0.00154181 -0.00319737
0 0 619 0.000216951 0.00539623 0.00356227 -0.00445214
0 0 620 -0.00161269 -0.00183685 -0.000525522 -0.000635374
0 0 621 0.00190822 0.00223937 0.00700956 -0.00226573
0 0 622 0.00489099 0.00333596 0.00226564 -0.000217818
0 0 623 -0.000105927 0.0042221 0.00247393 -0.00401779
0 0 624 0.00455274 0.000744017 0.00346854 0.000881678
0 0 625 0.00118558 -0.000252885 0.00296343 -0.00241051
0 0 626 0.000570579 -3.13508e-05 0.00159909 0.00204202
0 0 627 -0.00398046 0.000544637 -0.00165032 -0.00213984
0 0 628 -0.00110531 0.00229475 -0.00244705 -0.00229511
0 0 629 0.00338423 -0.000862102 0.00115126 -0.00167402
0 0 630 0.00432211 0.00170769 0.00252601 -0.003766
0 0 631 0.000355327 0.00043387 -0.00111396 -0.00255739
0 0 632 0.00152384 0.00259382 0.00402052 -0.000971098
0 0 633 -0.00102843 -0.000895332 -0.00244184 0.00574758
0 0 634 -0.00101306 0.000622174 -0.000837965 0.00116914
0 0 635 0.00493712 -0.00162639 0.00544214 -0.00384364
0 0 636 -0.00201244 -0.00264545 -0.00585788 0.00238824
0 0 637 -0.00205857 0.00151939 -0.000161005 7.38425e-05
0 0 638 0.00524462 0.00572853 0.00118771 -0.00113896
0 0 639 0.00101646 -0.00109471 -0.0049518 0.00465438
0 0 640 -0.00379596 -0.00179254 0.00291135 0.00232739
0 0 641 0.00112408 -0.000164271 -0.00314484 0.00552306
0 0 642 -0.000490305 -0.000108888 -0.00575374 0.00388221
0 0 643 0.00221572 0.00147508 -0.000155797 0.000558544
0 0 644 -0.000582556 0.00283751 -0.00253557 0.000604706
0 0 645 -0.00050568 -0.00202515 -0.00332189 0.00222667
0 0 646 0.000647455 -0.000596262 -0.00268138 -0.000815826
0 0 647 0.00066283 0.000655404 -0.00277511 0.00301143
0 0 648 -0.000644056 0.000865861 -0.00204608 0.000992887
0 0 649 0.0026001 2.40327e-05 -0.000239116 0.000107415
0 0 650 -0.000736307 0.00269351 -0.000535936 -0.00322465
0 0 651 -0.00119756 -0.00109471 0.000802361 -0.00127954
0 0 652 0.00200047 0.000943398 0.00311965 -0.00259726
0 0 653 0.00319973 0.00249413 0.00281241 -0.00125017
0 0 654 -0.00359608 -0.00147132 -0.00179092 -0.000576623
0 0 655 -0.000782432 -0.00142701 0.0012502 -0.00400311
0 0 656 0.00155459 0.00445471 0.00457251 -0.00529354
0 0 657 -0.00301183 0.00060002 -0.00179612 -0.00189014
0 0 658 0.00160071 0.00491993 0.00321338 -0.00156701
0 0 659 0.00432211 0.00351319 0.00442149 0.000315144
0 0 660 0.000186201 1.2956e-05 -0.00128059 0.000420058
0 0 661 -0.0030887 0.00105416 -0.00881568 0.00142093
0 0 662 0.00161609 -0.00106148 -0.00495701 -0.000713011
0 0 663 0.000155451 -0.00334328 -0.00606618 0.00334715
0 0 664 0.00429136 -0.0011501 0.00289052 -0.0019447
0 0 665 0.00123171 0.00220614 0.00208859 -0.00235176
0 0 666 -1.36757e-05 -0.00112794 -0.00143681 0.00127196
0 0 667 -0.000321178 -0.00477217 -0.00380617 0.000388584
0 0 668 -0.000813183 0.00363503 -0.00243142 -0.000207326
0 0 669 -0.00147431 0.00207322 -0.00520175 0.00252253
0 0 670 0.00241559 1.2956e-05 0.00285407 0.00027108
0 0 671 0.0027231 0.000998781 0.00131789 0.00118803
0 0 672 0.00293835 -0.00179254 -0.00437899 0.00597209
0 0 673 -0.000367304 -0.00291129 0.000292038 -0.0002388
0 0 674 0.00324585 0.00100986 0.00256246 -0.000347911
0 0 675 0.00140084 0.000899091 0.00312485 -0.000891364
0 0 676 -0.000259678 -0.000197501 -0.0044571 -0.000599704
0 0 677 -0.000597931 -0.00121656 -0.0013535 0.00139576
0 0 678 -0.000782432 0.00216183 -0.00226479 0.00194341
0 0 679 -0.00107456 0.00143077 -0.00194193 0.000908956
0 0 680 0.000524454 0.00297043 0.000323282 -0.0008473
0 0 681 0.0032766 0.000655404 -0.00365516 0.00695618
0 0 682 0.00203122 -0.000419035 0.00120854 0.000883777
0 0 683 0.000416828 -0.00131625 0.000266001 0.00496072
0 0 684 -0.00156656 0.00299258 -0.000973357 -0.000154869
0 0 685 -0.000551805 -0.0032879 -0.00367599 0.0025603
0 0 686 0.00419911 0.000278796 0.00143245 -0.00204122
0 0 687 -0.0024122 0.000677557 1.08389e-05 0.00057533
0 0 688 -0.000305803 0.00180738 -0.00200963 -0.00189014
0 0 689 0.00243097 0.00185169 -0.000379715 -0.00165723
0 0 690 0.00286147 -0.000308268 0.00183863 -0.000480102
0 0 691 0.000755081 -0.00136055 0.00872279 -0.00409963
0 0 692 0.00419911 -0.000784566 0.0040049 0.000451532
0 0 693 -0.000659431 -0.00192546 -0.00437899 0.00128874
0 0 694 0.00402998 0.00117601 0.00425486 -0.00180411
0 0 695 0.00155459 -0.00142701 0.00429652 2.55822e-05
0 0 696 0.00256935 0.0027932 -0.00082755 0.00281419
0 0 697 -0.00433409 0.000732941 -0.00243663 0.000801944
0 0 698 -0.000336553 0.00169661 -0.00242622 0.00188885
0 0 699 0.00176984 0.000666481 -0.00290009 -0.000515773
0 0 700 0.0054445 -0.00255684 -0.00457687 0.00229801
0 0 701 0.000970333 -0.00301098 0.000635725 -3.73661e-05
0 0 702 0.000954957 0.00428856 0.000364941 0.000128398
0 0 703 0.00130859 -0.000651645 -0.00599848 0.00343318
0 0 704 0.00276922 -0.00311067 0.00318734 -0.00215662
0 0 705 -0.000213552 0.00188492 -0.000567181 -0.000408761
0 0 706 0.00383011 -0.00129409 0.00278637 -0.00125646
0 0 707 -0.00155119 0.00180738 0.00241144 -0.00432624
0 0 708 0.00109333 -0.0026676 9.41571e-05 0.00209448
0 0 709 0.00399923 -0.00346512 0.00197402 -0.00172438
0 0 710 0.00330735 0.00221722 0.00736887 -0.00334005
0 0 711 0.00507549 -0.00329897 0.00120854 0.00154683
0 0 712 0.00326123 -0.00142701 -0.00269179 0.000325635
0 0 713 0.00113946 -0.00170393 0.000359734 0.0018343
0 0 714 0.00283072 -0.00252361 0.00218753 0.000105317
0 0 715 -0.00144356 0.00148616 -0.00159824 0.000611001
0 0 716 -0.0027812 -0.00195869 -0.000973357 0.00213854
0 0 717 -0.00193557 0.000245566 0.000875265 0.0015804
0 0 718 0.000370703 0.0017963 -0.00263451 0.00177135
0 0 719 0.000893457 -0.000939639 0.00192716 0.00156991
0 0 720 0.0026616 0.000932321 0.00190112 -0.000268176
0 0 721 0.00313823 -0.00174824 0.00511408 -0.00225524
0 0 722 -0.000121302 0.00396733 0.00050554 0.00010112
0 0 723 -0.00307333 -0.000540878 0.000375356 0.0014587
0 0 724 0.00138546 -0.00453956 -0.00303027 0.000969806
0 0 725 -0.00155119 0.000312027 0.000901302 -0.00050738
0 0 726 -0.00208932 -0.00369773 -0.00446751 -0.000184245
0 0 727 -0.00494909 -0.00458387 -0.00286364 0.00191613
0 0 728 -0.00530272 -0.000917486 -0.00433212 -0.00348273
0 0 729 -0.000997684 -0.00409649 -0.00122331 -0.00131102
0 0 730 0.00269235 -0.000795642 -0.00146285 -0.00264133
0 0 731 -0.00267357 -0.000319345 -0.00222834 0.00388011
0 0 732 0.00207734 0.00249413 -0.00072861 0.000659261
0 0 733 0.00066283 -0.000773489 0.00119292 0.000508185
0 0 734 -0.00250445 -0.000352575 -0.000931698 0.00193711
0 0 735 0.00364561 0.000544637 0.00319255 -7.09385e-05
0 0 736 -0.000659431 0.000145876 -0.00577456 0.00299674
0 0 737 -0.000890058 -0.00121656 -0.00350935 0.00198957
0 0 738 -0.00394971 -0.00436234 -0.000426581 0.000170363
0 0 739 -0.00147431 -0.00335436 -0.00439461 0.00228962
0 0 740 0.00198509 0.00050033 -0.00298861 0.00209238
0 0 741 -0.00216619 -0.00267868 0.00223439 -5.41523e-05
0 0 742 -0.000690181 -0.00142701 -0.00263451 -0.00240632
0 0 743 0.00215422 0.00307012 0.00495265 -0.00249235
0 0 744 0.000770456 -0.00127194 0.000547199 0.00236726
0 0 745 0.00250785 -0.000529802 -0.00447272 0.00444035
0 0 746 -0.00256595 0.00105416 0.000500333 -0.00167822
0 0 747 -0.00576397 0.00281536 -0.00305631 0.00270718
0 0 748 0.00143159 0.000843708 3.68758e-05 -0.00162156
0 0 749 0.00432211 -0.00573584 -0.00454041 0.00153424
0 0 750 -0.00107456 -0.002147 -0.00259806 0.000493497
0 0 751 -0.00413421 -0.00226884 -0.0010775 -0.00350791
0 0 752 0.000324577 -0.000485495 0.00529113 6.96459e-05
0 0 753 0.00184671 0.0026049 0.00314568 -0.00191532
0 0 754 0.0030306 -0.000396881 0.0038643 -0.00346805
0 0 755 0.00120096 0.000555714 0.00249476 -0.000196835
0 0 756 0.00149309 -0.00174824 -0.000166212 0.00227703
0 0 757 -0.000459554 0.0014197 0.00221356 0.00103695
0 0 758 0.00313823 -0.000817796 0.00542131 -0.00143062
0 0 759 -0.000720932 -0.00174824 0.000510748 -0.000614392
0 0 760 0.00319973 0.00381226 0.00152098 -0.00363381
0 0 761 0.00109333 -0.00519309 0.00439546 0.00151955
0 0 762 0.00176984 -0.00120548 -0.0012181 0.000701227
0 0 763 0.0031536 0.00338027 0.00239582 0.000986592
0 0 764 -0.00238145 0.000256643 0.0037914 0.00112298
0 0 765 0.00183134 0.00107632 0.00648362 -0.000559837
0 0 766 0.00215422 0.00164123 -0.000436996 0.00117754
0 0 767 0.00450661 -0.00346512 -0.000223493 0.00404797
0 0 768 0.00359948 0.00302581 0.00127623 -0.000727698
0 0 769 0.00469111 -0.00106148 0.00677523 -0.000123395
0 0 770 0.00567512 0.0024609 -0.000207871 0.0014629
0 0 771 0.00156996 0.00215076 -0.000145383 -0.00311763
0 0 772 -0.00473384 -0.000607339 -0.00636821 0.00138317
0 0 773 -0.000659431 0.00033418 -0.00455083 0.00237775
0 0 774 0.00367636 -0.00306636 0.00693145 -0.00188175
0 0 775 0.00223109 0.00053356 0.00709809 -0.000580819
0 0 776 -0.00245832 0.00063325 -0.00451959 0.0024386
0 0 777 -0.00112069 0.000356333 -0.00245225 0.00168322
0 0 778 -0.000644056 -0.00369773 0.00268743 0.00200426
0 0 779 0.000309202 -0.000795642 -0.00582143 0.00311424
0 0 780 -0.0053181 0.0011317 -0.00202525 0.00214484
0 0 781 -0.000305803 -0.00441772 -0.00488931 0.000543856
0 0 782 -0.000321178 0.00105416 0.00499431 0.000224918
0 0 783 0.00118558 -0.00647798 0.00507242 -0.0027945
0 0 784 0.00379936 -0.000884256 0.00281241 -0.00261405
0 0 785 0.00446049 0.000588944 0.00135955 -0.00147259
0 0 786 -0.00416496 -0.00154886 0.000672177 -0.00156701
0 0 787 -0.00382671 0.00174092 -0.00288447 5.07615e-05
0 0 788 0.00143159 -0.000707029 0.00353624 -0.000931231
0 0 789 0.0033381 -0.000983946 0.00276555 0.00254981
0 0 790 0.00281535 -0.00369773 0.00486412 -0.00170549
0 0 791 0.00240022 -0.00116117 -0.000541144 -0.000710912
0 0 792 0.00598262 -0.0021913 0.00284886 -0.00167822
0 0 793 0.00344573 0.00036741 0.0111963 -0.0018167
0 0 794 0.0035226 0.00138647 0.00285407 -0.00338202
0 0 795 0.00152384 -0.000928562 0.00136476 0.000166167
0 0 796 0.00230797 0.000899091 0.00172928 -0.000679438
0 0 797 0.00782764 -0.00173716 0.00452564 -0.00283227
0 0 798 -0.00202782 0.000788324 -4.78324e-06 0.00183849
0 0 799 -0.00053643 0.00117601 0.00101066 -0.00127535
0 0 800 0.00582887 0.0024609 0.00958201 -0.00368627
0 0 801 0.00312285 0.00261598 0.00131789 -0.00204542
0 0 802 0.00845802 0.00392303 0.0102329 -0.00444164
0 0 803 0.0054445 0.00289289 0.00458813 -0.000515773
0 0 804 0.00379936 0.0027489 0.00649403 0.00160139
0 0 805 0.00659763 0.00475378 0.00520781 0.00173568
0 0 806 0.0109795 0.00159692 0.00758238 0.00159719
0 0 807 0.0126708 0.00249413 0.0151383 -0.00122289
0 0 808 0.0135472 0.00880785 0.0143207 -0.00271686
0 0 809 0.0182981 0.0071685 0.0147738 -0.0031596
0 0 810 0.0164531 0.0050307 0.0141593 -0.00344496
0 0 811 0.0166222 0.00694696 0.017893 0.00291071
0 0 812 0.0250632 0.00737895 0.0230848 -0.000788548
0 0 813 0.0233873 0.00616052 0.0244855 -0.00371354
0 0 814 0.0268313 0.0040781 0.0284067 -0.000379385
0 0 815 0.0221726 0.00920661 0.01857 -0.00227203
0 0 816 0.0178061 -0.000950716 0.0140239 0.0059595
0 0 817 0.0138239 0.00539623 0.0152424 0.00107892
0 0 818 0.00752014 0.00339135 0.00622846 -0.000549345
0 0 819 0.00615175 0.00268244 0.00539527 0.00153634
0 0 820 0.00292297 0.000655404 0.0029478 0.000678146
0 0 821 0.00522924 -0.00218023 -0.00241059 0.00220779
0 0 822 0.0033996 -0.000385805 0.00136476 0.00132022
0 0 823 0.00542912 -0.00227992 0.00244789 -0.000778057
0 0 824 -0.00133594 -0.000640569 -0.00349373 0.00193291
0 0 825 0.00195434 0.000744017 0.000656555 -0.00323933
0 0 826 0.00193897 -0.000906409 0.000443052 6.75477e-05
0 0 827 0.00336885 0.000444947 -0.00268659 0.00368288
0 0 828 0.00175446 -0.00120548 0.00263015 -0.00162996
0 0 829 0.00150846 -0.000341498 -0.00536318 0.00141044
0 0 830 -0.00124369 -0.000707029 0.00016706 0.00108731
0 0 831 -5.98011e-05 0.00417779 0.00360914 0.000550151
0 0 832 0.000355327 -0.000363651 0.00780109 -0.00452767
0 0 833 0.00301522 -0.00345405 -0.000801513 0.0012153
0 0 834 -0.00107456 0.00363503 0.000875265 -0.00012969
0 0 835 0.00287685 -0.00332113 -0.000942112 0.000451532
0 0 836 -0.00760899 0.00244983 -0.000775476 -0.000687831
0 0 837 0.00429136 0.00143077 0.000489918 0.000302554
0 0 838 -0.00215082 0.00218399 0.0011096 0.000474613
0 0 839 3.24497e-05 -0.00158209 0.00212504 -0.000219916
0 0 840 0.000370703 -0.00332113 -0.00312921 0.00215743
0 0 841 0.00725876 0.000223413 0.00548901 -0.00277981
0 0 842 0.00172371 0.000544637 -0.000598425 0.00034452
0 0 843 0.00156996 -0.00130517 0.00224481 -0.00102985
0 0 844 0.00343035 -0.00288914 0.00169282 -0.00234966
0 0 845 0.0027231 -0.00357589 -0.000910868 0.00398293
0 0 846 -0.000152052 -0.000540878 0.00225522 -3.31695e-05
0 0 847 0.0059365 -0.00211377 0.00257808 -0.00350791
0 0 848 0.00536762 -0.00179254 0.00620763 -0.000987885
0 0 849 -0.000428804 -0.000873179 -0.0026241 0.00713034
0 0 850 0.000232326 0.00271567 0.00235937 -0.0012124
0 0 851 -0.000121302 1.87928e-06 0.000344111 0.000384387
0 0 852 -0.00628673 0.00397841 -0.00659212 0.0015846
0 0 853 0.00156996 0.00114278 0.00688979 -0.00131312
0 0 854 -0.000382679 -0.000828872 -0.00152013 -0.000308044
0 0 855 0.00406073 -0.00550323 0.000974205 0.00102016
0 0 856 0.00730489 -0.000374728 0.00336439 -0.00487389
0 0 857 0.00552137 0.00184061 0.00114084 0.000711718
0 0 858 0.00486024 0.00354642 0.000880472 -0.00155232
0 0 859 0.00100108 -0.00457279 -0.00265534 0.00538038
0 0 860 0.00541375 0.00132001 0.00360393 0.000541758
0 0 861 0.00115483 1.2956e-05 -0.000561973 0.00360104
0 0 862 0.000370703 -0.00251253 -0.00405092 0.00362622
0 0 863 -0.000828558 -0.000241808 -0.000718195 0.00106423
0 0 864 -0.00130519 0.00511931 -0.000405752 -0.000377287
0 0 865 1.69941e-06 0.000544637 0.00104711 -8.98229e-05
0 0 866 0.000524454 -0.00142701 -6.20645e-05 -0.000975295
0 0 867 0.00130859 -0.00288914 0.000922131 0.000550151
0 0 868 0.00386086 0.00155262 0.00553587 -0.00275463
0 0 869 -0.000720932 -0.001859 -0.000650499 -0.00146419
0 0 870 0.00370711 -0.0029556 0.00198444 -0.00112217
0 0 871 -0.000582556 -0.00374204 -0.000879624 0.00139785
0 0 872 0.00250785 0.000987704 0.00599933 -0.001332
0 0 873 0.00118558 -0.00288914 -0.00150451 0.00151746
0 0 874 0.000293827 -0.00124979 -0.00122331 -0.00182719
0 0 875 0.0027231 0.00331381 0.00475477 0.00258758
0 0 876 0.000831956 0.00487562 0.0040049 -0.00233078
0 0 877 0.00230797 0.00250521 0.00405698 -0.00224265
0 0 878 1.70745e-05 -0.00179254 0.000781532 0.00192452
0 0 879 7.85751e-05 -0.00245715 -0.00581102 0.00106842
0 0 880 -0.00210469 -0.00400788 -0.000957735 -0.000589212
0 0 881 -0.00385746 0.00171877 -0.000572388 -0.00284696
0 0 882 0.000878082 0.00229475 0.00500472 -0.00139285
0 0 883 0.00441436 0.001464 0.00123978 0.00285196
0 0 884 0.00220034 0.000278796 0.00162513 0.00355488
0 0 885 -0.0032117 0.000865861 -0.00413424 0.00443825
0 0 886 -0.00282732 0.000832631 0.00309361 -0.00220698
0 0 887 0.000555204 0.00537407 0.00572334 -0.0012166
0 0 888 -0.00304258 0.00282643 -0.00231686 0.00393886
0 0 889 -0.00193557 0.00132001 0.00642113 -0.00386462
0 0 890 -0.00614835 -0.000197501 0.00130227 -0.00164884
0 0 891 0.000462953 0.00148616 8.37423e-05 -0.00212515
0 0 892 -0.0025352 0.00147508 0.00258849 -0.000790647
0 0 893 0.000216951 -0.00128302 -0.000108931 -0.000282864
0 0 894 0.000585954 -0.00308852 -0.000942112 0.000143086
0 0 895 -0.000290428 0.00026772 -0.00912291 0.000289965
0 0 896 -0.00484147 -0.00410757 -0.00513406 0.000707522
0 0 897 0.000355327 0.00239444 0.00116688 0.000260589
0 0 898 -0.00458009 1.2956e-05 0.00165637 -0.00178523
0 0 899 -0.000551805 -0.000263961 0.00544214 -0.003894
0 0 900 0.000924207 -0.00144917 -0.00175446 0.00350872
0 0 901 -0.000951559 0.00343565 0.000557614 -0.00226993
0 0 902 -0.0027197 0.00053356 -0.000296397 0.00232739
0 0 903 0.00312285 0.00133108 0.00530675 -0.00326451
0 0 904 -0.000997684 -0.000341498 5.77054e-05 0.0018343
0 0 905 9.39502e-05 0.00169661 -0.00111916 0.000827123
0 0 906 -0.00116681 -0.00593523 4.20832e-05 1.71891e-05
0 0 907 0.00141621 0.00333596 -0.00406654 0.00330519
0 0 908 -0.00207394 -0.000474418 0.00235416 -7.99022e-06
0 0 909 0.00489099 -0.00118333 0.00163034 -0.00144111
0 0 910 0.000708955 0.00334704 5.2498e-05 6.54494e-05
0 0 911 -0.00233532 0.000278796 0.00140121 -0.00117043
0 0 912 -0.000628681 -0.00249038 -0.00606618 0.00505515
0 0 913 0.00412223 -0.00136055 0.0064003 0.000969806
0 0 914 -0.00145894 0.000389563 0.00145849 0.000247999
0 0 915 -0.00351921 7.94161e-05 -0.00129621 0.00302612
0 0 916 -0.000228928 -0.00212484 -0.00275428 0.000978199
0 0 917 -0.00047493 0.001752 -0.000301604 0.000273179
0 0 918 -0.00170494 -0.00138271 0.00243748 -0.000958509
0 0 919 0.0026616 -0.000119964 0.0012502 -0.000645866
0 0 920 0.00722801 -0.00201408 -0.00171281 -0.000222014
0 0 921 0.00549062 -0.00286698 0.00466624 -0.00434303
0 0 922 -0.00130519 0.00351319 -0.00253557 0.000929939
0 0 923 -0.000751682 -0.000806719 0.00638468 -0.00309245
0 0 924 0.00129321 0.0034135 -0.00470705 0.00321916
0 0 925 0.00106258 0.0019403 0.00179697 -0.00375341
0 0 926 -0.00210469 0.00235014 -0.00158783 0.00408155
0 0 927 -0.00336545 0.00205107 -0.0025564 0.00155313
0 0 928 -0.000459554 0.00452117 0.00229167 -0.000236702
0 0 929 0.00103183 0.00026772 0.00105232 -0.0043766
0 0 930 -0.000613306 0.00016803 -0.000192249 0.00100128
0 0 931 -0.00325783 0.000378487 -0.000645291 0.00224136
0 0 932 -0.00050568 0.00122031 0.00119292 -0.000255587
0 0 933 -0.00341158 0.00257167 -0.00216064 -0.00274414
0 0 934 0.00172371 0.000112646 0.00121895 -0.00186706
0 0 935 -0.000152052 0.0026049 0.000531577 0.00151955
0 0 936 -0.00261207 0.00117601 0.00181259 0.00112088
0 0 937 -0.000690181 0.000179106 0.00161471 -0.00263713
0 0 938 0.00293835 5.72627e-05 0.00209379 -0.0027903
0 0 939 0.0001247 -0.00259007 -0.00683166 0.00309746
0 0 940 0.000616705 0.00294828 -0.00138474 0.00293589
0 0 941 0.00107796 -0.00242392 -1.5198e-05 -0.00049479
0 0 942 0.00183134 -0.00357589 -0.000775476 0.000963511
0 0 943 0.00213884 -0.00106148 0.00096379 -0.000215719
0 0 944 -0.00464159 0.0022726 -0.00225437 -0.00085989
0 0 945 0.00186209 0.00148616 -0.00104626 -0.000486397
0 0 946 0.0032151 0.000799401 0.00304154 -0.00182929
0 0 947 0.00349185 0.000489253 0.00430693 -0.00355827
0 0 948 0.000801206 -0.00111687 0.00284366 -0.0020664
0 0 949 0.00132396 -0.000629492 0.00106794 0.00172099
0 0 950 -0.000459554 0.00417779 -0.00783669 0.00264423
0 0 951 -0.00050568 -0.000895332 0.00233854 -0.00104873
0 0 952 0.00336885 -0.00199192 0.00236458 -0.000131788
0 0 953 -0.00125906 -0.00225776 -0.00489452 7.38425e-05
0 0 954 0.00129321 0.00238337 -0.00249912 0.00238404
0 0 955 -0.00311945 0.00207322 -0.00308235 0.000241704
0 0 956 0.00330735 -0.000297191 -0.00152013 0.00124048
0 0 957 -0.00328858 0.00159692 0.00151057 0.00235677
0 0 958 0.00595187 0.00135324 -0.00146285 0.00232319
0 0 959 -0.00250445 -0.00232423 0.00407781 0.00151326
0 0 960 0.0029691 -0.00323251 0.000911716 0.000445237
0 0 961 0.0054445 -0.00319928 0.00438504 -6.46436e-05
0 0 962 -0.00427259 -0.00101718 -0.00359788 -0.00100047
0 0 963 0.00298447 0.00225045 0.00505159 -0.00575726
0 0 964 -0.00175107 -0.00205838 0.000130609 0.00209448
0 0 965 0.00169296 -4.24275e-05 -0.00176488 0.000724308
0 0 966 -0.00164344 -8.67342e-05 0.0037914 -0.00275673
0 0 967 0.00063208 -0.000983946 -0.0057277 0.00232949
0 0 968 -0.00361146 0.00366826 0.000682591 0.000671851
0 0 969 -0.00124369 -0.000441188 -0.000108931 -0.000356304
0 0 970 0.000970333 -0.00194762 0.00206255 -0.00293928
0 0 971 0.000293827 -0.000119964 -0.00125456 0.000350815
0 0 972 -0.000490305 -0.00456172 -0.00478516 0.00108941
0 0 973 -0.00359608 0.00190707 0.000771117 -0.00213144
0 0 974 -0.00127444 -0.00349835 0.000198305 -0.00113057
0 0 975 0.00167759 0.00351319 0.0017449 -0.000347911
0 0 976 -0.00122831 0.001464 -0.00240539 -0.0035205
0 0 977 -0.00238145 0.000721864 0.00119292 -0.00247766
0 0 978 -0.000890058 -0.00201408 -0.00127018 -0.00193211
0 0 979 0.00120096 0.00136431 0.0039997 -0.00163835
0 0 980 0.00329198 0.000622174 0.00462979 -0.000765467
0 0 981 -0.00179719 -0.00213592 0.00317693 -0.00139495
0 0 982 -0.000290428 0.000544637 -0.000561973 -0.000650062
0 0 983 -0.00465696 0.000799401 -0.000301604 -0.00375341
0 0 984 -0.00148969 0.000444947 -0.000327641 0.00156991
0 0 985 -0.00179719 -0.000607339 0.00184905 -0.00131522
0 0 986 -0.000644056 0.00392303 -0.00313963 0.000678146
0 0 987 -0.00396508 -0.00193654 5.2498e-05 0.00331148
0 0 988 0.00169296 0.00380118 0.000958583 0.000524972
0 0 989 -0.00144356 -0.00168178 -0.00280115 0.00202104
0 0 990 -0.00110531 -0.00403003 -0.0031917 0.00151326
0 0 991 0.00240022 -0.00312175 -0.00169198 0.00140205
0 0 992 0.00279997 -0.000352575 0.00355186 -0.00311763
0 0 993 0.00293835 -0.00116117 -0.000791098 -0.00184818
0 0 994 0.00173909 -0.000142118 0.0054838 0.000627787
0 0 995 -0.00408809 0.000832631 -0.00117124 0.000109513
0 0 996 0.000831956 -0.00648906 -0.00792001 0.00562588
0 0 997 -0.00239682 -0.000164271 -0.00580581 -0.000784352
0 0 998 0.00120096 -0.00278945 -0.00429567 0.00453268
0 0 999 -0.00471847 0.00125354 1.60463e-05 0.000887973
0 0 1000 -0.00187407 0.00213968 -0.000218286 0.0036577
0 0 1001 0.00487562 0.00221722 0.00247393 -0.00243989
0 0 1002 0.000247701 -0.000485495 -0.00170239 0.000678146
0 0 1003 9.39502e-05 0.00199568 -0.000692158 -0.00166773
0 0 1004 0.00150846 -0.00153778 0.00324462 0.00299464
0 0 1005 0.00409148 -0.000884256 0.00386951 -0.000517871
0 0 1006 -0.000521055 0.00102093 -0.000457826 0.00053966
0 0 1007 -0.00053643 0.00264921 0.00629615 -0.00574467
0 0 1008 0.00213884 -0.000851026 0.0020261 6.12528e-05
0 0 1009 0.000293827 -0.000142118 -0.00211898 0.00244909
0 0 1010 0.00216959 0.000245566 0.00489537 -0.000809531
0 0 1011 0.00101646 -0.00129409 0.00265619 0.00258548
0 0 1012 -0.000951559 0.00023449 -0.000395337 -0.000618588
0 0 1013 0.00240022 -0.00178147 0.000453467 -0.000240899
0 0 1014 -0.000490305 0.00116493 0.0042861 -0.00184608
0 0 1015 -0.00141281 -0.00193654 0.00102107 -0.0015712
0 0 1016 0.000386078 -0.00211377 0.00440066 -0.00223636
0 0 1017 0.0024771 -0.00369773 0.0026666 -0.00216711
0 0 1018 -0.00231995 0.00023449 -0.00479558 0.00405007
0 0 1019 0.00130859 -0.000950716 0.000469089 -0.00457174
0 0 1020 -0.000444179 -0.00142701 0.00321338 -0.00083471
0 0 1021 0.00299985 -0.00261222 0.0030155 -0.00199086
0 0 1022 0.000462953 -0.00322144 -0.00246788 0.00105793
0 0 1023 0.00390698 -0.00126086 -0.000577595 -3.73661e-05
