0 0 0 200.321
0 0 1 205.747
0 0 2 198.51
0 0 3 202.729
0 0 4 206.5
0 0 5 185.559
0 0 6 198.699
0 0 7 205.103
0 0 8 218.784
0 0 9 209.139
0 0 10 208.127
0 0 11 176.367
0 0 12 192.71
0 0 13 218.215
0 0 14 210.794
0 0 15 203.149
0 0 16 208.535
0 0 17 211.737
0 0 18 195.722
0 0 19 199.113
0 0 20 201.413
0 0 21 202.281
0 0 22 225.188
0 0 23 207.138
0 0 24 214.111
0 0 25 228.275
0 0 26 214.186
0 0 27 216.634
0 0 28 225.487
0 0 29 211.777
0 0 30 214.26
0 0 31 216.445
0 0 32 210.604
0 0 33 208.345
0 0 34 247.601
0 0 35 226.09
0 0 36 216.295
0 0 37 217.916
0 0 38 232.121
0 0 39 225.711
0 0 40 226.769
0 0 41 229.821
0 0 42 249.751
0 0 43 230.534
0 0 44 261.541
0 0 45 252.274
0 0 46 238.559
0 0 47 290.403
0 0 48 270.704
0 0 49 317.984
0 0 50 295.525
0 0 51 325.48
0 0 52 352.043
0 0 53 395.898
0 0 54 383.987
0 0 55 407.234
0 0 56 419.294
0 0 57 476.599
0 0 58 491.217
0 0 59 496.454
0 0 60 526.214
0 0 61 523.086
0 0 62 507.451
0 0 63 538.084
0 0 64 553.081
0 0 65 512.239
0 0 66 544.792
0 0 67 540.234
0 0 68 520.373
0 0 69 506.514
0 0 70 510.578
0 0 71 492.649
0 0 72 483.532
0 0 73 433.343
0 0 74 425.657
0 0 75 405.917
0 0 76 371.369
0 0 77 370.542
0 0 78 358.671
0 0 79 312.638
0 0 80 309.994
0 0 81 302.383
0 0 82 270.514
0 0 83 286.035
0 0 84 262.374
0 0 85 250.239
0 0 86 256.419
0 0 87 291.231
0 0 88 261.696
0 0 89 234.794
0 0 90 229.292
0 0 91 221.722
0 0 92 236.564
0 0 93 240.519
0 0 94 203.787
0 0 95 210.305
0 0 96 199.717
0 0 97 218.669
0 0 98 215.991
0 0 99 216.519
0 0 100 206.69
0 0 101 218.52
0 0 102 213.283
0 0 103 233.552
0 0 104 221.756
0 0 105 215.203
0 0 106 191.617
0 0 107 213.921
0 0 108 194.44
0 0 109 218.365
0 0 110 203.712
0 0 111 220.4
0 0 112 213.772
0 0 113 217.612
0 0 114 214.036
0 0 115 203.258
0 0 116 207.667
0 0 117 181.673
0 0 118 179.184
0 0 119 196.894
0 0 120 178.051
0 0 121 203.373
0 0 122 185.248
0 0 123 208.874
0 0 124 182.989
0 0 125 219.917
0 0 126 214.599
0 0 127 212.225
