0 0 0 34.4686 -0.555731 1.03799 0.0251296
0 0 1 34.4705 -0.554936 1.03822 0.0236325
0 0 2 34.4688 -0.554367 1.03737 0.0265722
0 0 3 34.4674 -0.554873 1.03786 0.0252097
0 0 4 34.4712 -0.552795 1.0391 0.0256756
0 0 5 34.4698 -0.555246 1.03795 0.027658
0 0 6 34.4686 -0.556031 1.03881 0.0263451
0 0 7 34.4709 -0.556817 1.0378 0.0276235
0 0 8 34.4684 -0.555836 1.03744 0.026578
0 0 9 34.4684 -0.555254 1.03969 0.0272137
0 0 10 34.4695 -0.553829 1.03618 0.025812
0 0 11 34.469 -0.554586 1.03743 0.0243438
0 0 12 34.4707 -0.555101 1.03776 0.0277012
0 0 13 34.4694 -0.554454 1.03637 0.0243212
0 0 14 34.4687 -0.553816 1.03762 0.0269408
0 0 15 34.4709 -0.555574 1.03737 0.0239231
0 0 16 34.4682 -0.554468 1.03825 0.0247679
0 0 17 34.4692 -0.553923 1.03738 0.0230278
0 0 18 34.4687 -0.554379 1.03854 0.024528
0 0 19 34.4704 -0.553924 1.0364 0.0252551
0 0 20 34.4707 -0.554402 1.03656 0.0260308
0 0 21 34.469 -0.554595 1.03858 0.0251218
0 0 22 34.4697 -0.55423 1.03893 0.0270968
0 0 23 34.4724 -0.554793 1.03783 0.0270155
0 0 24 34.4707 -0.554139 1.03744 0.0270061
0 0 25 34.4711 -0.556119 1.03885 0.0239724
0 0 26 34.468 -0.555994 1.04044 0.026513
0 0 27 34.4712 -0.55552 1.03764 0.0246528
0 0 28 34.4696 -0.553928 1.0391 0.0267002
0 0 29 34.4702 -0.554174 1.03599 0.0235329
0 0 30 34.4702 -0.556711 1.03653 0.0254411
0 0 31 34.4706 -0.556022 1.03851 0.024934
0 0 32 34.4698 -0.555948 1.03668 0.0239823
0 0 33 34.469 -0.554288 1.03726 0.0258865
0 0 34 34.4711 -0.555195 1.03878 0.0277988
0 0 35 34.4694 -0.555181 1.03682 0.0265031
0 0 36 34.4696 -0.554395 1.03767 0.0275175
0 0 37 34.4707 -0.55398 1.03747 0.0245034
0 0 38 34.469 -0.554551 1.03548 0.0273613
0 0 39 34.4714 -0.554994 1.03757 0.0260796
0 0 40 34.4687 -0.556603 1.03514 0.0258446
0 0 41 34.4692 -0.55514 1.03762 0.0255074
0 0 42 34.4706 -0.556376 1.03791 0.0267137
0 0 43 34.4707 -0.555671 1.03697 0.0253088
0 0 44 34.4689 -0.556099 1.03662 0.0250969
0 0 45 34.4683 -0.555871 1.03865 0.0255102
0 0 46 34.4711 -0.555232 1.03909 0.0243875
0 0 47 34.4694 -0.55696 1.03993 0.0235082
0 0 48 34.47 -0.554129 1.03984 0.0262897
0 0 49 34.471 -0.557782 1.03847 0.0257716
0 0 50 34.4721 -0.554014 1.03714 0.0266855
0 0 51 34.4704 -0.556585 1.04232 0.0258684
0 0 52 34.4691 -0.556284 1.03871 0.0274327
0 0 53 34.4684 -0.555291 1.03833 0.0256393
0 0 54 34.4715 -0.557192 1.03875 0.0271908
0 0 55 34.4695 -0.555087 1.03845 0.0258461
0 0 56 34.4705 -0.554533 1.03594 0.0247402
0 0 57 34.4702 -0.555332 1.03882 0.0250217
0 0 58 34.4717 -0.556496 1.03927 0.0267932
0 0 59 34.4703 -0.55497 1.0394 0.0242529
0 0 60 34.4699 -0.554294 1.0403 0.0276316
0 0 61 34.4694 -0.554699 1.03613 0.0243619
0 0 62 34.4704 -0.554606 1.03625 0.0262889
0 0 63 34.4699 -0.556733 1.03937 0.0266545
0 0 64 34.4703 -0.554616 1.03733 0.0245179
0 0 65 34.4706 -0.554736 1.03917 0.0258026
0 0 66 34.4714 -0.55564 1.03784 0.0274743
0 0 67 34.4701 -0.554859 1.03819 0.0258466
0 0 68 34.4709 -0.55764 1.0384 0.0263334
0 0 69 34.4691 -0.554224 1.03765 0.0257445
0 0 70 34.4699 -0.555466 1.03832 0.0257925
0 0 71 34.4706 -0.556707 1.0381 0.0243256
0 0 72 34.4708 -0.556329 1.03806 0.0256118
0 0 73 34.4663 -0.55548 1.03867 0.0239269
0 0 74 34.4704 -0.554564 1.03753 0.0250339
0 0 75 34.4718 -0.553774 1.03669 0.0247496
0 0 76 34.4685 -0.554431 1.0395 0.0258702
0 0 77 34.47 -0.557286 1.03802 0.0241208
0 0 78 34.471 -0.555459 1.0375 0.0269014
0 0 79 34.4683 -0.553312 1.03569 0.0272071
0 0 80 34.4718 -0.556611 1.03684 0.0248164
0 0 81 34.469 -0.557378 1.03794 0.0229928
0 0 82 34.4709 -0.552875 1.04004 0.025483
0 0 83 34.4714 -0.554523 1.03961 0.0253123
0 0 84 34.4693 -0.555082 1.03777 0.0254851
0 0 85 34.4699 -0.557481 1.03794 0.0251139
0 0 86 34.4697 -0.555036 1.03813 0.0260204
0 0 87 34.4707 -0.554389 1.03949 0.0249643
0 0 88 34.4699 -0.555803 1.03674 0.0266591
0 0 89 34.4694 -0.556724 1.03517 0.0286428
0 0 90 34.4696 -0.555428 1.03944 0.0266891
0 0 91 34.4706 -0.557969 1.03634 0.0251342
0 0 92 34.4703 -0.55535 1.03862 0.0265501
0 0 93 34.4702 -0.556158 1.03553 0.0263611
0 0 94 34.4691 -0.554328 1.03917 0.0265135
0 0 95 34.4723 -0.555828 1.03986 0.027612
0 0 96 34.4701 -0.557103 1.03877 0.0259088
0 0 97 34.47 -0.556631 1.03873 0.0251601
0 0 98 34.4724 -0.557979 1.03834 0.0241688
0 0 99 34.4701 -0.555007 1.0375 0.0246309
0 0 100 34.4702 -0.555437 1.03996 0.027142
0 0 101 34.4701 -0.556715 1.03858 0.0260011
0 0 102 34.47 -0.554169 1.03662 0.0263504
0 0 103 34.467 -0.556278 1.0387 0.0262551
0 0 104 34.4705 -0.556636 1.03923 0.027155
0 0 105 34.4693 -0.55446 1.03727 0.0267401
0 0 106 34.4707 -0.553646 1.0385 0.0246081
0 0 107 34.4699 -0.554816 1.03797 0.0247353
0 0 108 34.4717 -0.553754 1.0394 0.0265806
0 0 109 34.4709 -0.555964 1.03748 0.025169
0 0 110 34.4693 -0.554247 1.03622 0.0267343
0 0 111 34.4709 -0.556674 1.03704 0.0257122
0 0 112 34.4714 -0.551519 1.0379 0.0268826
0 0 113 34.4706 -0.555992 1.03851 0.0266804
0 0 114 34.471 -0.5545 1.03702 0.0254825
0 0 115 34.4705 -0.557623 1.03546 0.0269495
0 0 116 34.4696 -0.555212 1.03588 0.0258067
0 0 117 34.4707 -0.554486 1.03665 0.0268613
0 0 118 34.47 -0.555308 1.03593 0.0258547
0 0 119 34.47 -0.554433 1.03768 0.0279538
0 0 120 34.4701 -0.557929 1.0378 0.0257043
0 0 121 34.4703 -0.557718 1.0391 0.0242735
0 0 122 34.472 -0.557217 1.0404 0.0255496
0 0 123 34.469 -0.556052 1.03756 0.0259025
0 0 124 34.4698 -0.555244 1.0382 0.0271809
0 0 125 34.4697 -0.557479 1.0363 0.0264383
0 0 126 34.4705 -0.554287 1.03779 0.0258568
0 0 127 34.4681 -0.55455 1.0389 0.0256279
0 0 128 34.4694 -0.555177 1.03958 0.0253413
0 0 129 34.4715 -0.556336 1.03823 0.0258113
0 0 130 34.4698 -0.555411 1.03845 0.0255219
0 0 131 34.4704 -0.554724 1.03594 0.025448
0 0 132 34.4716 -0.555272 1.03912 0.0244063
0 0 133 34.4708 -0.554469 1.0365 0.0264749
0 0 134 34.4691 -0.555243 1.03792 0.0275175
0 0 135 34.4711 -0.555394 1.03834 0.0256002
0 0 136 34.4702 -0.555147 1.03714 0.0239884
0 0 137 34.4689 -0.554282 1.03555 0.0247541
0 0 138 34.469 -0.555928 1.03735 0.0242105
0 0 139 34.4711 -0.554838 1.03642 0.0259876
0 0 140 34.4716 -0.553895 1.03774 0.0254503
0 0 141 34.4674 -0.555844 1.03841 0.0253634
0 0 142 34.469 -0.55389 1.03758 0.0248921
0 0 143 34.47 -0.555497 1.03665 0.026357
0 0 144 34.4705 -0.55546 1.03923 0.0254724
0 0 145 34.4694 -0.555683 1.03801 0.0252737
0 0 146 34.4709 -0.555046 1.03744 0.0248334
0 0 147 34.4706 -0.555276 1.0393 0.0261212
0 0 148 34.4717 -0.554748 1.03596 0.0250671
0 0 149 34.469 -0.557574 1.03858 0.0245278
0 0 150 34.4694 -0.555827 1.03792 0.0272231
0 0 151 34.4715 -0.555447 1.03814 0.0239922
0 0 152 34.4714 -0.555728 1.03742 0.0241383
0 0 153 34.4698 -0.555218 1.03793 0.0265869
0 0 154 34.4691 -0.556311 1.03951 0.0241261
0 0 155 34.4717 -0.55522 1.03759 0.0241754
0 0 156 34.4699 -0.554972 1.0402 0.0269457
0 0 157 34.4699 -0.555838 1.03704 0.026216
0 0 158 34.4695 -0.552448 1.03772 0.0257541
0 0 159 34.469 -0.555496 1.03735 0.0253207
0 0 160 34.4703 -0.555929 1.03593 0.0273344
0 0 161 34.4706 -0.55519 1.03737 0.0242013
0 0 162 34.4716 -0.555098 1.03819 0.0251002
0 0 163 34.4699 -0.555533 1.03764 0.0249122
0 0 164 34.4696 -0.555103 1.03785 0.0258367
0 0 165 34.471 -0.555862 1.03881 0.0263186
0 0 166 34.4692 -0.554115 1.03711 0.0269441
0 0 167 34.4681 -0.553164 1.03798 0.0261748
0 0 168 34.4709 -0.556492 1.03985 0.0249686
0 0 169 34.4698 -0.555341 1.03838 0.0250476
0 0 170 34.4689 -0.555586 1.03741 0.0251899
0 0 171 34.4723 -0.556492 1.0389 0.0227514
0 0 172 34.4695 -0.554025 1.04075 0.0260557
0 0 173 34.4714 -0.554378 1.04016 0.0275028
0 0 174 34.469 -0.556093 1.03603 0.0246426
0 0 175 34.471 -0.554684 1.03841 0.0273763
0 0 176 34.4704 -0.556804 1.03769 0.0240646
0 0 177 34.471 -0.55557 1.03765 0.0224643
0 0 178 34.4694 -0.555006 1.03758 0.0270879
0 0 179 34.4699 -0.556485 1.03927 0.0245971
0 0 180 34.4699 -0.555443 1.0383 0.0249848
0 0 181 34.4681 -0.555257 1.03713 0.02672
0 0 182 34.4708 -0.557725 1.03937 0.0271057
0 0 183 34.4711 -0.554461 1.03705 0.0237966
0 0 184 34.4704 -0.555862 1.03658 0.0285874
0 0 185 34.4687 -0.556503 1.03696 0.0240451
0 0 186 34.4705 -0.555656 1.03793 0.023365
0 0 187 34.4689 -0.555637 1.03762 0.026563
0 0 188 34.4719 -0.554817 1.04061 0.0254345
0 0 189 34.469 -0.556713 1.03943 0.0262727
0 0 190 34.4703 -0.553462 1.03594 0.0262002
0 0 191 34.4726 -0.557252 1.0391 0.0255278
0 0 192 34.4695 -0.555421 1.03812 0.0276443
0 0 193 34.4712 -0.554718 1.03834 0.0255272
0 0 194 34.4702 -0.554516 1.03665 0.0267228
0 0 195 34.4721 -0.555621 1.03819 0.0258113
0 0 196 34.4708 -0.555347 1.03558 0.0266222
0 0 197 34.47 -0.556805 1.03683 0.0269512
0 0 198 34.4693 -0.555255 1.03732 0.0254048
0 0 199 34.4701 -0.555251 1.03773 0.0235169
0 0 200 34.4694 -0.553812 1.03865 0.0259127
0 0 201 34.4683 -0.557047 1.03844 0.0263628
0 0 202 34.4681 -0.555665 1.03689 0.0257805
0 0 203 34.4696 -0.553683 1.03687 0.0255166
0 0 204 34.4678 -0.555808 1.03927 0.0261111
0 0 205 34.4694 -0.555532 1.03692 0.0265915
0 0 206 34.4717 -0.557242 1.0387 0.0254066
0 0 207 34.4705 -0.555161 1.04008 0.0263862
0 0 208 34.4691 -0.555703 1.03725 0.0275798
0 0 209 34.4715 -0.554196 1.04052 0.0263194
0 0 210 34.4714 -0.555308 1.03983 0.0252671
0 0 211 34.4701 -0.555374 1.03764 0.0247282
0 0 212 34.4711 -0.555423 1.03726 0.0269439
0 0 213 34.4688 -0.555462 1.03779 0.0274238
0 0 214 34.468 -0.555213 1.03836 0.0264177
0 0 215 34.4712 -0.555718 1.03951 0.0278849
0 0 216 34.4714 -0.556205 1.03884 0.0284395
0 0 217 34.4716 -0.555379 1.03955 0.0254942
0 0 218 34.4729 -0.555381 1.04018 0.0270727
0 0 219 34.4715 -0.553535 1.03861 0.0266835
0 0 220 34.4693 -0.554111 1.0373 0.027561
0 0 221 34.4705 -0.55735 1.03834 0.0261078
0 0 222 34.4714 -0.554585 1.03789 0.0254714
0 0 223 34.4687 -0.552254 1.03946 0.0240367
0 0 224 34.47 -0.556832 1.03659 0.0272889
0 0 225 34.4709 -0.555715 1.03642 0.0262338
0 0 226 34.4691 -0.556428 1.03838 0.0270734
0 0 227 34.4718 -0.557284 1.03769 0.0246988
0 0 228 34.4722 -0.556417 1.03717 0.0258913
0 0 229 34.4721 -0.55797 1.0388 0.0250715
0 0 230 34.4707 -0.557132 1.03782 0.0243797
0 0 231 34.4697 -0.556871 1.04016 0.0252163
0 0 232 34.4708 -0.55469 1.03752 0.0258247
0 0 233 34.4705 -0.555615 1.03762 0.0252976
0 0 234 34.4692 -0.555186 1.0386 0.0255171
0 0 235 34.471 -0.554411 1.03954 0.0261187
0 0 236 34.4699 -0.554842 1.03901 0.0263123
0 0 237 34.4692 -0.553907 1.0397 0.0249729
0 0 238 34.4695 -0.554734 1.03777 0.0249025
0 0 239 34.4699 -0.555764 1.03794 0.0264208
0 0 240 34.4687 -0.556955 1.0383 0.0256502
0 0 241 34.4716 -0.554656 1.03939 0.0282279
0 0 242 34.4701 -0.555105 1.03865 0.0255956
0 0 243 34.471 -0.553702 1.03913 0.023039
0 0 244 34.4709 -0.554361 1.03773 0.0252651
0 0 245 34.4688 -0.554814 1.03746 0.0269324
0 0 246 34.4709 -0.553187 1.03918 0.0263689
0 0 247 34.4718 -0.555348 1.04001 0.0254396
0 0 248 34.4703 -0.557084 1.03808 0.0248225
0 0 249 34.4711 -0.555913 1.03887 0.0268501
0 0 250 34.4704 -0.554843 1.03894 0.0266177
0 0 251 34.4697 -0.554487 1.038 0.0257993
0 0 252 34.4723 -0.554304 1.03893 0.0270412
0 0 253 34.4725 -0.555556 1.03811 0.0253842
0 0 254 34.4718 -0.555824 1.03942 0.027329
0 0 255 34.4694 -0.556707 1.03543 0.0259856
0 0 256 34.4712 -0.554552 1.03858 0.0254772
0 0 257 34.4729 -0.553895 1.03823 0.0267861
0 0 258 34.4734 -0.55584 1.03884 0.0247544
0 0 259 34.472 -0.555877 1.03643 0.0260742
0 0 260 34.4715 -0.555831 1.0401 0.0269335
0 0 261 34.4723 -0.555209 1.03932 0.0260224
0 0 262 34.4742 -0.555568 1.04029 0.0262025
0 0 263 34.4734 -0.554276 1.03933 0.0260887
0 0 264 34.4718 -0.555745 1.03701 0.0252633
0 0 265 34.4722 -0.555779 1.038 0.0253423
0 0 266 34.4735 -0.552189 1.04052 0.0259325
0 0 267 34.4743 -0.55396 1.03719 0.0252193
0 0 268 34.4752 -0.554037 1.0376 0.0260519
0 0 269 34.4764 -0.554454 1.03966 0.0275297
0 0 270 34.4753 -0.554865 1.04205 0.0266634
0 0 271 34.4753 -0.55599 1.04043 0.0286705
0 0 272 34.4744 -0.553979 1.04022 0.0252269
0 0 273 34.4762 -0.555742 1.03872 0.0260196
0 0 274 34.4748 -0.552984 1.038 0.0244028
0 0 275 34.4764 -0.554694 1.04051 0.0251987
0 0 276 34.4773 -0.552531 1.04143 0.0239229
0 0 277 34.4746 -0.554575 1.03994 0.0259078
0 0 278 34.4775 -0.555973 1.03959 0.0260763
0 0 279 34.4768 -0.557339 1.03824 0.0276204
0 0 280 34.4763 -0.555874 1.04045 0.0250832
0 0 281 34.4735 -0.553825 1.03802 0.0264134
0 0 282 34.4753 -0.553317 1.03709 0.0264111
0 0 283 34.4739 -0.556679 1.04075 0.0253176
0 0 284 34.4745 -0.553138 1.03865 0.0263169
0 0 285 34.4744 -0.554278 1.03858 0.0247986
0 0 286 34.4741 -0.554306 1.04065 0.0261362
0 0 287 34.4754 -0.55546 1.03746 0.0272744
0 0 288 34.4742 -0.556566 1.03837 0.0256652
0 0 289 34.4754 -0.55547 1.03721 0.025106
0 0 290 34.4746 -0.55597 1.03789 0.0298053
0 0 291 34.4739 -0.555268 1.03916 0.0239907
0 0 292 34.4747 -0.554878 1.03604 0.0266924
0 0 293 34.4735 -0.556273 1.03669 0.0258463
0 0 294 34.4755 -0.554694 1.03878 0.0270168
0 0 295 34.4749 -0.55413 1.03679 0.0241035
0 0 296 34.4738 -0.554086 1.03726 0.025369
0 0 297 34.4757 -0.555907 1.03852 0.0278018
0 0 298 34.476 -0.555152 1.03738 0.025823
0 0 299 34.4764 -0.554872 1.03862 0.0235707
0 0 300 34.476 -0.556088 1.03858 0.0273016
0 0 301 34.4744 -0.557392 1.04097 0.0254223
0 0 302 34.4791 -0.558799 1.03712 0.025529
0 0 303 34.4747 -0.55398 1.03925 0.026262
0 0 304 34.4777 -0.552982 1.03843 0.0258247
0 0 305 34.4756 -0.55595 1.03826 0.0250438
0 0 306 34.4779 -0.556688 1.04001 0.0268275
0 0 307 34.478 -0.556533 1.03892 0.0254353
0 0 308 34.4778 -0.555215 1.03901 0.0264927
0 0 309 34.4772 -0.55446 1.03607 0.0218896
0 0 310 34.479 -0.554387 1.03875 0.024243
0 0 311 34.4767 -0.555788 1.03962 0.0254307
0 0 312 34.4798 -0.556293 1.03912 0.0269985
0 0 313 34.4778 -0.554218 1.04092 0.02238
0 0 314 34.4797 -0.555785 1.04034 0.0272119
0 0 315 34.4765 -0.555953 1.04014 0.0245992
0 0 316 34.4789 -0.554192 1.04107 0.0253992
0 0 317 34.4814 -0.554565 1.04188 0.0250255
0 0 318 34.4831 -0.554219 1.04239 0.0256756
0 0 319 34.4809 -0.555686 1.04175 0.0238886
0 0 320 34.482 -0.557148 1.04128 0.0248697
0 0 321 34.4816 -0.554075 1.04103 0.0239587
0 0 322 34.4828 -0.554633 1.0413 0.0221488
0 0 323 34.4798 -0.555231 1.04024 0.023901
0 0 324 34.4838 -0.552786 1.04229 0.023135
0 0 325 34.4836 -0.553295 1.04232 0.0259665
0 0 326 34.4827 -0.555043 1.04294 0.0240004
0 0 327 34.4825 -0.554885 1.04218 0.0233876
0 0 328 34.4852 -0.555109 1.04341 0.0243621
0 0 329 34.4859 -0.556744 1.04517 0.0236175
0 0 330 34.4865 -0.557112 1.04311 0.0251149
0 0 331 34.485 -0.556837 1.04123 0.0265862
0 0 332 34.4855 -0.55733 1.04217 0.0272058
0 0 333 34.4839 -0.558723 1.04271 0.0257772
0 0 334 34.4858 -0.55973 1.04377 0.02847
0 0 335 34.4873 -0.556021 1.04671 0.0263895
0 0 336 34.4844 -0.558903 1.04262 0.0276811
0 0 337 34.4825 -0.556306 1.04142 0.0268204
0 0 338 34.4859 -0.558465 1.04203 0.0302141
0 0 339 34.4851 -0.558165 1.04001 0.0281786
0 0 340 34.4833 -0.557624 1.04064 0.0292332
0 0 341 34.4828 -0.555462 1.04195 0.0270524
0 0 342 34.483 -0.554609 1.04198 0.0286463
0 0 343 34.4816 -0.557193 1.04001 0.0285754
0 0 344 34.4796 -0.556326 1.0388 0.0281707
0 0 345 34.4815 -0.557167 1.03856 0.0257785
0 0 346 34.4794 -0.555956 1.04003 0.0284687
0 0 347 34.4784 -0.556418 1.03702 0.0277802
0 0 348 34.4775 -0.557004 1.03924 0.0292728
0 0 349 34.479 -0.556403 1.03826 0.0260473
0 0 350 34.4755 -0.555795 1.03762 0.0291374
0 0 351 34.4743 -0.556492 1.03874 0.0267089
0 0 352 34.4767 -0.555245 1.03597 0.0269744
0 0 353 34.4769 -0.556692 1.03509 0.0291323
0 0 354 34.475 -0.554321 1.03797 0.0264708
0 0 355 34.4755 -0.55457 1.03932 0.0252826
0 0 356 34.4741 -0.555074 1.03778 0.0259833
0 0 357 34.4733 -0.556986 1.03759 0.0272172
0 0 358 34.4736 -0.553325 1.03809 0.0275107
0 0 359 34.473 -0.557148 1.03766 0.0259927
0 0 360 34.4757 -0.554184 1.04002 0.0249282
0 0 361 34.4733 -0.554941 1.03785 0.0277703
0 0 362 34.4726 -0.554727 1.03658 0.0266979
0 0 363 34.474 -0.554626 1.03688 0.0284337
0 0 364 34.4753 -0.556667 1.03798 0.0253029
0 0 365 34.4726 -0.555712 1.0348 0.0251573
0 0 366 34.4737 -0.555193 1.03608 0.0287416
0 0 367 34.4752 -0.555843 1.03729 0.0262368
0 0 368 34.4757 -0.555409 1.03777 0.0277576
0 0 369 34.4758 -0.55474 1.03795 0.0261903
0 0 370 34.4769 -0.556235 1.038 0.0258723
0 0 371 34.4785 -0.554597 1.03559 0.0245344
0 0 372 34.4763 -0.555065 1.03821 0.0253695
0 0 373 34.4773 -0.554244 1.03923 0.0247435
0 0 374 34.479 -0.555734 1.03838 0.0262793
0 0 375 34.478 -0.554292 1.0384 0.0245489
0 0 376 34.4767 -0.554199 1.03756 0.0260618
0 0 377 34.4761 -0.554227 1.03696 0.0248662
0 0 378 34.4794 -0.556026 1.03638 0.0243687
0 0 379 34.4806 -0.554598 1.03858 0.0264187
0 0 380 34.4788 -0.552053 1.03687 0.026454
0 0 381 34.4758 -0.553254 1.03935 0.0263946
0 0 382 34.4766 -0.553628 1.03676 0.0257183
0 0 383 34.4765 -0.554399 1.03742 0.0277406
0 0 384 34.4766 -0.554122 1.03553 0.0247722
0 0 385 34.4773 -0.555178 1.03954 0.0268334
0 0 386 34.4776 -0.556114 1.03832 0.0265869
0 0 387 34.4785 -0.554945 1.03697 0.025466
0 0 388 34.4755 -0.555268 1.03934 0.0241503
0 0 389 34.4742 -0.554251 1.03608 0.0248682
0 0 390 34.4759 -0.554208 1.0392 0.0235047
0 0 391 34.4728 -0.556411 1.03619 0.0253715
0 0 392 34.4728 -0.554714 1.03813 0.0257526
0 0 393 34.4743 -0.556181 1.03741 0.025637
0 0 394 34.474 -0.554224 1.03998 0.0261588
0 0 395 34.4736 -0.55683 1.03902 0.0240827
0 0 396 34.4722 -0.554477 1.03881 0.0271565
0 0 397 34.4721 -0.553847 1.03872 0.0272025
0 0 398 34.4708 -0.553656 1.03746 0.0266217
0 0 399 34.4725 -0.553206 1.03865 0.0250743
0 0 400 34.4718 -0.555563 1.03792 0.0275833
0 0 401 34.4728 -0.556739 1.03829 0.0248258
0 0 402 34.4708 -0.555808 1.03626 0.0240588
0 0 403 34.4723 -0.554197 1.03956 0.0259215
0 0 404 34.4722 -0.555118 1.0358 0.024683
0 0 405 34.4712 -0.554071 1.03707 0.025843
0 0 406 34.4733 -0.555226 1.03764 0.0260656
0 0 407 34.4736 -0.553855 1.03727 0.0242138
0 0 408 34.4704 -0.554928 1.03885 0.0258778
0 0 409 34.4707 -0.55632 1.03735 0.0249564
0 0 410 34.4714 -0.555785 1.03884 0.0261581
0 0 411 34.4719 -0.555399 1.03756 0.0233761
0 0 412 34.4674 -0.555548 1.0382 0.0275086
0 0 413 34.4673 -0.554487 1.03693 0.0263783
0 0 414 34.4707 -0.555773 1.0362 0.0272322
0 0 415 34.4695 -0.555278 1.03662 0.0262526
0 0 416 34.4706 -0.554935 1.03922 0.0240087
0 0 417 34.4704 -0.555136 1.03823 0.0267729
0 0 418 34.4694 -0.555898 1.03821 0.0242923
0 0 419 34.4689 -0.556277 1.03948 0.0261367
0 0 420 34.47 -0.554717 1.03827 0.0277038
0 0 421 34.469 -0.55556 1.03685 0.0254221
0 0 422 34.4692 -0.556057 1.03881 0.0246276
0 0 423 34.472 -0.556786 1.03739 0.0253237
0 0 424 34.469 -0.555032 1.03766 0.0266697
0 0 425 34.4696 -0.555998 1.03738 0.0254731
0 0 426 34.4703 -0.555787 1.03677 0.0262861
0 0 427 34.4689 -0.553378 1.03892 0.0273654
0 0 428 34.4717 -0.554531 1.04072 0.0246086
0 0 429 34.4702 -0.556276 1.03892 0.0253494
0 0 430 34.4697 -0.555005 1.03917 0.0253631
0 0 431 34.4696 -0.554704 1.03611 0.0255313
0 0 432 34.4685 -0.556511 1.03508 0.0267739
0 0 433 34.4675 -0.554861 1.03726 0.025654
0 0 434 34.4717 -0.555131 1.04052 0.0244777
0 0 435 34.4699 -0.556859 1.03947 0.0252041
0 0 436 34.4705 -0.55426 1.03675 0.0255829
0 0 437 34.4719 -0.554744 1.03838 0.026154
0 0 438 34.4691 -0.555342 1.03842 0.0244701
0 0 439 34.4679 -0.553581 1.03817 0.024166
0 0 440 34.4696 -0.554056 1.03902 0.0252577
0 0 441 34.4701 -0.554504 1.03937 0.0239958
0 0 442 34.4699 -0.554107 1.03801 0.0253187
0 0 443 34.4695 -0.556404 1.04037 0.0243431
0 0 444 34.4682 -0.556009 1.03736 0.0284227
0 0 445 34.4702 -0.555682 1.0379 0.0255598
0 0 446 34.4704 -0.556542 1.03937 0.0249246
0 0 447 34.4694 -0.554342 1.03891 0.0253481
0 0 448 34.4692 -0.556709 1.0367 0.0251164
0 0 449 34.4705 -0.55445 1.03794 0.023917
0 0 450 34.4699 -0.553846 1.03604 0.0274665
0 0 451 34.4704 -0.554336 1.03816 0.0246797
0 0 452 34.4675 -0.554849 1.03887 0.0241048
0 0 453 34.4691 -0.557005 1.03655 0.0265514
0 0 454 34.4688 -0.555475 1.0401 0.0254869
0 0 455 34.4694 -0.553187 1.03939 0.0244851
0 0 456 34.4679 -0.555977 1.03733 0.0251998
0 0 457 34.4705 -0.555163 1.03842 0.0254076
0 0 458 34.4697 -0.556011 1.03616 0.0261726
0 0 459 34.4696 -0.554637 1.03904 0.0249269
0 0 460 34.4691 -0.557388 1.04002 0.0230146
0 0 461 34.4729 -0.55767 1.03899 0.0240893
0 0 462 34.4694 -0.554955 1.0381 0.0272175
0 0 463 34.4706 -0.555213 1.03729 0.0256116
0 0 464 34.4721 -0.557098 1.03677 0.025072
0 0 465 34.4682 -0.55719 1.03825 0.0256746
0 0 466 34.4677 -0.555927 1.03834 0.0251269
0 0 467 34.4694 -0.556695 1.03709 0.0261969
0 0 468 34.4707 -0.555399 1.03653 0.023433
0 0 469 34.4696 -0.554968 1.03906 0.0233947
0 0 470 34.4696 -0.554406 1.03879 0.0254513
0 0 471 34.4685 -0.554387 1.03639 0.0249294
0 0 472 34.4668 -0.554528 1.03524 0.0276657
0 0 473 34.4676 -0.556942 1.03787 0.026826
0 0 474 34.4704 -0.55326 1.03852 0.0263341
0 0 475 34.4693 -0.553878 1.03735 0.024071
0 0 476 34.4655 -0.554932 1.03647 0.0260666
0 0 477 34.4698 -0.554673 1.03671 0.0262422
0 0 478 34.4721 -0.556015 1.03802 0.0264515
0 0 479 34.4706 -0.555599 1.03658 0.0260656
0 0 480 34.4703 -0.55499 1.03771 0.0287904
0 0 481 34.4688 -0.553789 1.03802 0.0261144
0 0 482 34.4707 -0.555257 1.04026 0.0259706
0 0 483 34.4691 -0.555644 1.03737 0.0269977
0 0 484 34.4709 -0.55574 1.0381 0.0242161
0 0 485 34.4695 -0.553908 1.03742 0.0272236
0 0 486 34.4702 -0.554408 1.03681 0.0258032
0 0 487 34.4697 -0.553784 1.03779 0.0245621
0 0 488 34.4689 -0.553629 1.03668 0.026015
0 0 489 34.4682 -0.558481 1.03626 0.0262775
0 0 490 34.4676 -0.55417 1.03655 0.025293
0 0 491 34.4699 -0.553816 1.03558 0.0271398
0 0 492 34.471 -0.556857 1.0382 0.0239127
0 0 493 34.4684 -0.553968 1.03666 0.0252173
0 0 494 34.4699 -0.555721 1.03689 0.0264767
0 0 495 34.4693 -0.554791 1.03824 0.0250387
0 0 496 34.4693 -0.554718 1.03961 0.0258923
0 0 497 34.4709 -0.554551 1.04068 0.0257071
0 0 498 34.4721 -0.553231 1.04074 0.0257744
0 0 499 34.4684 -0.554919 1.03692 0.0243581
0 0 500 34.4699 -0.555143 1.03693 0.0247272
0 0 501 34.468 -0.554072 1.03483 0.0245654
0 0 502 34.4702 -0.556003 1.03915 0.0248664
0 0 503 34.4681 -0.555213 1.0376 0.0255806
0 0 504 34.4713 -0.554205 1.03733 0.0265356
0 0 505 34.4691 -0.555407 1.03851 0.0237897
0 0 506 34.4719 -0.555157 1.03761 0.0257691
0 0 507 34.4689 -0.556015 1.03866 0.024759
0 0 508 34.4693 -0.554746 1.0356 0.0268438
0 0 509 34.468 -0.554385 1.03822 0.0263377
0 0 510 34.4684 -0.553306 1.03899 0.0264297
0 0 511 34.4698 -0.555642 1.03737 0.0260989
0 0 512 34.4725 -0.556434 1.04016 0.0272513
0 0 513 34.4691 -0.555466 1.03742 0.0260196
0 0 514 34.4709 -0.555841 1.03982 0.02504
0 0 515 34.4712 -0.555722 1.03761 0.0280948
0 0 516 34.4713 -0.553575 1.03803 0.0253588
0 0 517 34.4703 -0.556249 1.03712 0.0220827
0 0 518 34.4713 -0.55496 1.03761 0.0247597
0 0 519 34.4715 -0.55358 1.0356 0.0269698
0 0 520 34.4694 -0.556929 1.03708 0.0254007
0 0 521 34.4703 -0.554615 1.03909 0.0264533
0 0 522 34.4688 -0.551542 1.03688 0.0248725
0 0 523 34.4705 -0.555845 1.03858 0.0257917
0 0 524 34.4688 -0.557163 1.03652 0.0258011
0 0 525 34.4716 -0.551503 1.03761 0.025574
0 0 526 34.4688 -0.556286 1.03705 0.0255831
0 0 527 34.4706 -0.556015 1.03924 0.0259721
0 0 528 34.4702 -0.555636 1.03816 0.0238848
0 0 529 34.4706 -0.555212 1.03675 0.0254734
0 0 530 34.4692 -0.556031 1.03868 0.0251243
0 0 531 34.4715 -0.555059 1.03886 0.0265872
0 0 532 34.4716 -0.554996 1.03768 0.0250651
0 0 533 34.4699 -0.555601 1.03717 0.0243286
0 0 534 34.4698 -0.556562 1.03845 0.0239086
0 0 535 34.4686 -0.554746 1.03772 0.0239645
0 0 536 34.4698 -0.554974 1.03758 0.0257249
0 0 537 34.4712 -0.553752 1.04002 0.0264053
0 0 538 34.4707 -0.555339 1.03795 0.0240029
0 0 539 34.4707 -0.554486 1.03753 0.0265054
0 0 540 34.47 -0.556158 1.03766 0.0259617
0 0 541 34.4696 -0.553776 1.03788 0.0250483
0 0 542 34.4721 -0.555291 1.03854 0.0262262
0 0 543 34.4692 -0.555085 1.03742 0.0250527
0 0 544 34.4711 -0.555725 1.03741 0.0270402
0 0 545 34.469 -0.554275 1.03914 0.0263956
0 0 546 34.4704 -0.555307 1.03798 0.0266052
0 0 547 34.4693 -0.556334 1.03995 0.0272083
0 0 548 34.4697 -0.556917 1.03974 0.0238106
0 0 549 34.4692 -0.556046 1.03717 0.0252193
0 0 550 34.4696 -0.555798 1.03574 0.0240979
0 0 551 34.4706 -0.554821 1.0392 0.0268659
0 0 552 34.4702 -0.555145 1.03844 0.0258418
0 0 553 34.4701 -0.554871 1.03805 0.0278006
0 0 554 34.4716 -0.555572 1.03779 0.0246693
0 0 555 34.4687 -0.555094 1.0359 0.0257943
0 0 556 34.4689 -0.55613 1.0368 0.025732
0 0 557 34.4701 -0.556252 1.03631 0.0270254
0 0 558 34.4701 -0.557999 1.03977 0.0259586
0 0 559 34.4719 -0.554856 1.03935 0.0256794
0 0 560 34.4708 -0.555041 1.0387 0.0259195
0 0 561 34.4696 -0.554505 1.03767 0.0271375
0 0 562 34.4697 -0.555618 1.03909 0.0265773
0 0 563 34.4678 -0.556019 1.03629 0.0265023
0 0 564 34.4701 -0.555889 1.03709 0.0260953
0 0 565 34.4702 -0.555402 1.03743 0.0265107
0 0 566 34.4695 -0.555977 1.03774 0.0268003
0 0 567 34.4699 -0.55533 1.03769 0.0272127
0 0 568 34.4703 -0.555392 1.03958 0.0258723
0 0 569 34.471 -0.558386 1.03833 0.0248428
0 0 570 34.4696 -0.555892 1.03931 0.026798
0 0 571 34.4695 -0.556058 1.03593 0.0278122
0 0 572 34.4686 -0.556003 1.0375 0.0267798
0 0 573 34.4699 -0.554962 1.03691 0.0264581
0 0 574 34.4702 -0.55668 1.03549 0.0268412
0 0 575 34.4697 -0.556523 1.03758 0.0280071
0 0 576 34.469 -0.556611 1.03756 0.0245489
0 0 577 34.4706 -0.556648 1.03665 0.0267935
0 0 578 34.4706 -0.554509 1.03701 0.028488
0 0 579 34.4699 -0.554169 1.03841 0.0268046
0 0 580 34.4682 -0.556345 1.03596 0.0244744
0 0 581 34.4704 -0.559011 1.03705 0.0248426
0 0 582 34.4708 -0.556805 1.03675 0.0265244
0 0 583 34.4687 -0.556053 1.03953 0.0248105
0 0 584 34.4715 -0.556464 1.03835 0.0257508
0 0 585 34.469 -0.557297 1.03854 0.0269309
0 0 586 34.4693 -0.556758 1.03731 0.0263761
0 0 587 34.4705 -0.555992 1.03733 0.0260321
0 0 588 34.4717 -0.553028 1.03842 0.0255425
0 0 589 34.4707 -0.555873 1.03742 0.0269853
0 0 590 34.4707 -0.556791 1.03623 0.0260458
0 0 591 34.4728 -0.555751 1.03763 0.0246228
0 0 592 34.47 -0.555972 1.03776 0.0256568
0 0 593 34.4713 -0.556568 1.04041 0.025589
0 0 594 34.4688 -0.560371 1.03757 0.0246266
0 0 595 34.4707 -0.559239 1.03619 0.0253652
0 0 596 34.4692 -0.55633 1.03932 0.0254376
0 0 597 34.4721 -0.55434 1.03871 0.025323
0 0 598 34.47 -0.555595 1.03588 0.0276408
0 0 599 34.4684 -0.557233 1.03688 0.0276535
0 0 600 34.4689 -0.555738 1.03652 0.026699
0 0 601 34.4713 -0.555456 1.03598 0.0257031
0 0 602 34.4702 -0.553959 1.04006 0.0259083
0 0 603 34.4686 -0.556261 1.03885 0.0262561
0 0 604 34.4701 -0.556067 1.0385 0.0268966
0 0 605 34.47 -0.554927 1.03934 0.0252003
0 0 606 34.4696 -0.556769 1.03771 0.0258072
0 0 607 34.469 -0.555575 1.03837 0.0251479
0 0 608 34.4697 -0.554819 1.03628 0.0238865
0 0 609 34.4721 -0.554925 1.03726 0.0264563
0 0 610 34.4687 -0.553004 1.03573 0.0268133
0 0 611 34.4678 -0.554598 1.03673 0.0256698
0 0 612 34.4679 -0.556472 1.0358 0.0241764
0 0 613 34.4686 -0.556878 1.03579 0.0264561
0 0 614 34.4692 -0.553935 1.03766 0.0260028
0 0 615 34.4685 -0.555713 1.03716 0.025905
0 0 616 34.4689 -0.556261 1.03796 0.0260702
0 0 617 34.4727 -0.55731 1.03808 0.024873
0 0 618 34.4683 -0.554187 1.03832 0.0270115
0 0 619 34.4688 -0.555924 1.03606 0.0260366
0 0 620 34.4697 -0.555266 1.03991 0.0268603
0 0 621 34.4683 -0.554669 1.03551 0.0271865
0 0 622 34.4664 -0.555164 1.03776 0.0278686
0 0 623 34.4691 -0.555699 1.03436 0.0282304
0 0 624 34.4693 -0.554091 1.038 0.0269779
0 0 625 34.4689 -0.554411 1.0377 0.0251075
0 0 626 34.4695 -0.556952 1.03746 0.026073
0 0 627 34.4689 -0.555104 1.03643 0.0266179
0 0 628 34.4714 -0.555519 1.03871 0.0233637
0 0 629 34.4695 -0.556108 1.03738 0.0245552
0 0 630 34.4701 -0.556097 1.03823 0.0255913
0 0 631 34.4697 -0.554305 1.03689 0.0241884
0 0 632 34.4682 -0.553912 1.03665 0.0255989
0 0 633 34.469 -0.555617 1.03683 0.0260648
0 0 634 34.4679 -0.553686 1.03749 0.0255984
0 0 635 34.4701 -0.553513 1.03874 0.0252483
0 0 636 34.4712 -0.555646 1.03624 0.025869
0 0 637 34.4686 -0.555663 1.03763 0.0251505
0 0 638 34.4686 -0.554068 1.03832 0.0247038
0 0 639 34.4688 -0.554284 1.03601 0.0259769
0 0 640 34.4694 -0.555613 1.03886 0.0255834
0 0 641 34.4686 -0.555754 1.03785 0.0254233
0 0 642 34.4688 -0.555613 1.03857 0.0260504
0 0 643 34.4676 -0.557178 1.03674 0.0243835
0 0 644 34.4696 -0.555215 1.03714 0.026042
0 0 645 34.4684 -0.556184 1.03438 0.0246139
0 0 646 34.4671 -0.555947 1.03855 0.0265361
0 0 647 34.4693 -0.553213 1.03539 0.0252308
0 0 648 34.4698 -0.555182 1.03648 0.0247917
0 0 649 34.4691 -0.555842 1.03626 0.0259475
0 0 650 34.4701 -0.553835 1.03742 0.0268783
0 0 651 34.4706 -0.553868 1.03736 0.0248423
0 0 652 34.4705 -0.555213 1.03639 0.025544
0 0 653 34.4679 -0.554525 1.03728 0.0243964
0 0 654 34.4677 -0.555749 1.03825 0.0260422
0 0 655 34.4705 -0.556184 1.04087 0.0237021
0 0 656 34.4692 -0.554076 1.03578 0.0258329
0 0 657 34.4701 -0.553168 1.03763 0.0266697
0 0 658 34.4712 -0.554632 1.03518 0.026434
0 0 659 34.4705 -0.555541 1.03779 0.024886
0 0 660 34.467 -0.555408 1.03734 0.0249015
0 0 661 34.469 -0.556241 1.03667 0.0280485
0 0 662 34.4656 -0.554021 1.03689 0.0254244
0 0 663 34.4701 -0.5562 1.03711 0.0268923
0 0 664 34.4678 -0.556018 1.03559 0.0251789
0 0 665 34.468 -0.555072 1.03797 0.0244693
0 0 666 34.4678 -0.555801 1.03637 0.0263224
0 0 667 34.4683 -0.555378 1.03649 0.0248664
0 0 668 34.4706 -0.553506 1.03717 0.028236
0 0 669 34.4688 -0.556042 1.03507 0.0248748
0 0 670 34.4676 -0.553387 1.03532 0.0265422
0 0 671 34.4685 -0.555917 1.03659 0.0278018
0 0 672 34.469 -0.556009 1.03747 0.0265214
0 0 673 34.4691 -0.553542 1.03819 0.0268732
0 0 674 34.4689 -0.553812 1.03749 0.0258623
0 0 675 34.4688 -0.555 1.04025 0.0265478
0 0 676 34.4708 -0.556255 1.03767 0.0262747
0 0 677 34.4671 -0.554493 1.03699 0.024116
0 0 678 34.4701 -0.554874 1.03509 0.0274055
0 0 679 34.4717 -0.555533 1.03596 0.0266037
0 0 680 34.4701 -0.553626 1.0362 0.0236907
0 0 681 34.4698 -0.555711 1.03737 0.024852
0 0 682 34.4686 -0.556018 1.03606 0.0246942
0 0 683 34.4714 -0.556574 1.0347 0.0260171
0 0 684 34.4688 -0.55457 1.03735 0.025452
0 0 685 34.4669 -0.555827 1.03833 0.0251342
0 0 686 34.4683 -0.553129 1.03637 0.0259503
0 0 687 34.4685 -0.55298 1.03833 0.0243352
0 0 688 34.4703 -0.555585 1.03612 0.0254332
0 0 689 34.4697 -0.556192 1.03723 0.0257689
0 0 690 34.4682 -0.555081 1.03756 0.0258032
0 0 691 34.4685 -0.556804 1.03745 0.0256901
0 0 692 34.4692 -0.556966 1.03812 0.0271718
0 0 693 34.4708 -0.554302 1.0373 0.0255176
0 0 694 34.4677 -0.553837 1.03895 0.0261131
0 0 695 34.4695 -0.555336 1.03859 0.0264149
0 0 696 34.4684 -0.553981 1.03918 0.0257963
0 0 697 34.4689 -0.555242 1.03686 0.0264365
0 0 698 34.4694 -0.55234 1.03797 0.0267592
0 0 699 34.4697 -0.555845 1.03772 0.026434
0 0 700 34.4697 -0.554541 1.03686 0.0241551
0 0 701 34.4699 -0.554377 1.03708 0.0244343
0 0 702 34.4704 -0.558409 1.03963 0.0238787
0 0 703 34.4695 -0.554427 1.03885 0.0257516
0 0 704 34.4718 -0.554866 1.0374 0.0235974
0 0 705 34.4685 -0.551274 1.03795 0.0248078
0 0 706 34.4693 -0.554783 1.03749 0.0263318
0 0 707 34.4711 -0.554948 1.03749 0.0257429
0 0 708 34.4691 -0.554987 1.03584 0.0250941
0 0 709 34.469 -0.552158 1.03576 0.0253591
0 0 710 34.4689 -0.554565 1.03768 0.0259218
0 0 711 34.4701 -0.554827 1.03555 0.0259525
0 0 712 34.4699 -0.555432 1.03687 0.0254724
0 0 713 34.4707 -0.554125 1.03745 0.0264632
0 0 714 34.4692 -0.553608 1.03806 0.0241045
0 0 715 34.469 -0.555037 1.03855 0.024981
0 0 716 34.4684 -0.556273 1.03616 0.0297484
0 0 717 34.4686 -0.556706 1.03879 0.0245517
0 0 718 34.4698 -0.554131 1.03706 0.025102
0 0 719 34.4709 -0.555593 1.03748 0.0245631
0 0 720 34.4699 -0.553245 1.0371 0.0261098
0 0 721 34.4689 -0.555376 1.03732 0.0262317
0 0 722 34.4691 -0.554417 1.03792 0.0265028
0 0 723 34.4694 -0.55329 1.0384 0.0260816
0 0 724 34.469 -0.55473 1.03527 0.0265224
0 0 725 34.4698 -0.554269 1.03623 0.0237831
0 0 726 34.4703 -0.555758 1.03779 0.0259261
0 0 727 34.4711 -0.558463 1.03858 0.0267592
0 0 728 34.4687 -0.556744 1.03722 0.0244051
0 0 729 34.4708 -0.555489 1.03776 0.0237527
0 0 730 34.4695 -0.555007 1.03775 0.026167
0 0 731 34.4695 -0.553976 1.03728 0.0261797
0 0 732 34.4692 -0.554012 1.03875 0.0273153
0 0 733 34.47 -0.556268 1.03788 0.0251225
0 0 734 34.4701 -0.554643 1.03681 0.0265585
0 0 735 34.4693 -0.554386 1.03908 0.0282144
0 0 736 34.4688 -0.554196 1.03712 0.0261677
0 0 737 34.4678 -0.553349 1.0386 0.0257152
0 0 738 34.4689 -0.557876 1.03652 0.0278072
0 0 739 34.4704 -0.555118 1.0381 0.0298312
0 0 740 34.4688 -0.556321 1.03905 0.0253588
0 0 741 34.4716 -0.555256 1.03888 0.027796
0 0 742 34.4681 -0.555243 1.03677 0.0254292
0 0 743 34.4711 -0.553312 1.03898 0.0254437
0 0 744 34.4706 -0.554671 1.03814 0.0261545
0 0 745 34.4692 -0.554455 1.03527 0.0237496
0 0 746 34.47 -0.554832 1.03825 0.0287733
0 0 747 34.4688 -0.55508 1.03608 0.0261751
0 0 748 34.4696 -0.554962 1.03636 0.0252081
0 0 749 34.4691 -0.553207 1.03664 0.0255054
0 0 750 34.4703 -0.555295 1.03758 0.0270076
0 0 751 34.4682 -0.555187 1.03695 0.0248644
0 0 752 34.4703 -0.554989 1.03906 0.0265397
0 0 753 34.468 -0.552874 1.03622 0.0255928
0 0 754 34.4698 -0.554835 1.03689 0.024372
0 0 755 34.4677 -0.555756 1.03675 0.0261474
0 0 756 34.4679 -0.5552 1.03603 0.025232
0 0 757 34.4691 -0.555684 1.03636 0.0269467
0 0 758 34.468 -0.555183 1.03631 0.0264911
0 0 759 34.4691 -0.554671 1.03792 0.0249038
0 0 760 34.4694 -0.55606 1.03781 0.0238685
0 0 761 34.4717 -0.555404 1.03799 0.0245506
0 0 762 34.472 -0.556664 1.0401 0.0269327
0 0 763 34.4696 -0.552826 1.03652 0.0248047
0 0 764 34.4695 -0.556987 1.03618 0.0262328
0 0 765 34.4711 -0.555833 1.03972 0.0276273
0 0 766 34.4703 -0.555956 1.03845 0.0259594
0 0 767 34.4713 -0.555749 1.03813 0.0258354
0 0 768 34.47 -0.555591 1.03754 0.0254058
0 0 769 34.4692 -0.556989 1.03702 0.0250885
0 0 770 34.4677 -0.554252 1.03873 0.025809
0 0 771 34.4681 -0.553548 1.03737 0.0254924
0 0 772 34.467 -0.555394 1.03864 0.0259337
0 0 773 34.4683 -0.556399 1.03698 0.0252595
0 0 774 34.4703 -0.555017 1.0374 0.026122
0 0 775 34.4706 -0.555358 1.03889 0.0266479
0 0 776 34.4706 -0.555101 1.0374 0.0281423
0 0 777 34.4684 -0.557193 1.03737 0.0257811
0 0 778 34.4696 -0.554575 1.04029 0.0275147
0 0 779 34.4696 -0.554759 1.03755 0.0261446
0 0 780 34.4722 -0.557018 1.03795 0.0262002
0 0 781 34.47 -0.554166 1.03804 0.0269241
0 0 782 34.4695 -0.556164 1.03779 0.0276456
0 0 783 34.4694 -0.557095 1.0367 0.025264
0 0 784 34.4704 -0.555386 1.03689 0.025559
0 0 785 34.4689 -0.556734 1.03845 0.0244851
0 0 786 34.471 -0.555703 1.0394 0.0248443
0 0 787 34.4669 -0.55724 1.03701 0.0256271
0 0 788 34.4708 -0.555364 1.03865 0.0256428
0 0 789 34.47 -0.557854 1.03682 0.0252371
0 0 790 34.4696 -0.556623 1.03674 0.0248662
0 0 791 34.4721 -0.554938 1.03836 0.0265882
0 0 792 34.4701 -0.556889 1.03824 0.0250532
0 0 793 34.4703 -0.555542 1.03789 0.0239066
0 0 794 34.4705 -0.554045 1.03642 0.0257264
0 0 795 34.4703 -0.556556 1.03886 0.0259383
0 0 796 34.4706 -0.556787 1.03674 0.0256428
0 0 797 34.4695 -0.554908 1.03652 0.0264477
0 0 798 34.4677 -0.554394 1.03804 0.024711
0 0 799 34.4705 -0.554452 1.03891 0.025544
0 0 800 34.4697 -0.554874 1.03745 0.0272597
0 0 801 34.4696 -0.554328 1.03744 0.0236785
0 0 802 34.4699 -0.554856 1.03889 0.0251543
0 0 803 34.4696 -0.555837 1.03843 0.027265
0 0 804 34.4674 -0.553073 1.03688 0.0262686
0 0 805 34.4703 -0.554842 1.03933 0.0242425
0 0 806 34.4711 -0.554732 1.03779 0.0264883
0 0 807 34.47 -0.555315 1.03834 0.0255115
0 0 808 34.4684 -0.556858 1.03723 0.0251263
0 0 809 34.4688 -0.555696 1.0393 0.0266151
0 0 810 34.4708 -0.553662 1.0399 0.0250892
0 0 811 34.4679 -0.554984 1.03849 0.0286654
0 0 812 34.4705 -0.555005 1.03703 0.0256177
0 0 813 34.4697 -0.556021 1.03785 0.0261281
0 0 814 34.4692 -0.555362 1.03835 0.0248995
0 0 815 34.4692 -0.555088 1.03711 0.0249152
0 0 816 34.4673 -0.554386 1.03966 0.0237128
0 0 817 34.4698 -0.553633 1.0374 0.0240606
0 0 818 34.471 -0.557548 1.0393 0.0249465
0 0 819 34.4693 -0.556133 1.03668 0.0258596
0 0 820 34.4706 -0.554853 1.03947 0.0238159
0 0 821 34.4708 -0.555342 1.03856 0.0260178
0 0 822 34.4678 -0.55398 1.03837 0.0267485
0 0 823 34.469 -0.553147 1.0391 0.026182
0 0 824 34.4681 -0.554752 1.03719 0.0249734
0 0 825 34.4704 -0.554717 1.0377 0.0261431
0 0 826 34.4691 -0.554829 1.03801 0.0266929
0 0 827 34.4699 -0.556138 1.0388 0.0269235
0 0 828 34.4696 -0.556025 1.03778 0.0291722
0 0 829 34.4688 -0.557081 1.03791 0.0273903
0 0 830 34.4694 -0.55491 1.03836 0.0245733
0 0 831 34.4687 -0.554819 1.03649 0.0244333
0 0 832 34.4687 -0.554527 1.03706 0.0255458
0 0 833 34.4703 -0.554213 1.03671 0.0260491
0 0 834 34.4698 -0.555872 1.03843 0.0248824
0 0 835 34.4705 -0.554114 1.03851 0.0242275
0 0 836 34.4697 -0.554267 1.03751 0.0279687
0 0 837 34.4695 -0.556656 1.03914 0.0232077
0 0 838 34.4682 -0.554986 1.03745 0.0262554
0 0 839 34.469 -0.555534 1.03522 0.0261759
0 0 840 34.4705 -0.556963 1.03723 0.0255077
0 0 841 34.4713 -0.555708 1.03746 0.0243604
0 0 842 34.4704 -0.554004 1.03723 0.0278171
0 0 843 34.4691 -0.555061 1.03735 0.0263623
0 0 844 34.4709 -0.556849 1.03982 0.026355
0 0 845 34.4688 -0.553939 1.03935 0.0244551
0 0 846 34.4696 -0.555084 1.03794 0.0257971
0 0 847 34.47 -0.553775 1.03903 0.0257506
0 0 848 34.4694 -0.556493 1.03795 0.0256998
0 0 849 34.4697 -0.555884 1.0384 0.0263959
0 0 850 34.4699 -0.555804 1.03902 0.027342
0 0 851 34.4702 -0.55608 1.0386 0.0282967
0 0 852 34.4689 -0.552504 1.03891 0.0257526
0 0 853 34.4711 -0.557301 1.03587 0.0270191
0 0 854 34.4702 -0.554321 1.03788 0.0278224
0 0 855 34.4682 -0.555115 1.0399 0.0255181
0 0 856 34.4702 -0.555435 1.04077 0.0238113
0 0 857 34.4699 -0.555575 1.03902 0.0262493
0 0 858 34.472 -0.55433 1.038 0.0270577
0 0 859 34.4711 -0.557124 1.03772 0.0256027
0 0 860 34.4699 -0.55683 1.03974 0.0260786
0 0 861 34.4711 -0.556013 1.03753 0.0261403
0 0 862 34.4705 -0.555418 1.03648 0.025651
0 0 863 34.4687 -0.556459 1.03943 0.0252397
0 0 864 34.4712 -0.555873 1.03647 0.0280411
0 0 865 34.4688 -0.555821 1.03689 0.0252541
0 0 866 34.471 -0.556008 1.03825 0.0276138
0 0 867 34.4681 -0.55633 1.03972 0.0261197
0 0 868 34.4696 -0.554389 1.0354 0.0257239
0 0 869 34.4688 -0.556022 1.03943 0.024352
0 0 870 34.4709 -0.556156 1.03846 0.0245499
0 0 871 34.4681 -0.554371 1.03607 0.0239823
0 0 872 34.4716 -0.557481 1.0385 0.0259076
0 0 873 34.4701 -0.553004 1.03748 0.0243311
0 0 874 34.4696 -0.55569 1.03678 0.0249711
0 0 875 34.4705 -0.554879 1.03873 0.0279144
0 0 876 34.4709 -0.556182 1.0362 0.0258827
0 0 877 34.4717 -0.555581 1.03623 0.0260222
0 0 878 34.4704 -0.555148 1.03835 0.0278707
0 0 879 34.4689 -0.554493 1.03922 0.0249005
0 0 880 34.4707 -0.557213 1.03841 0.0266705
0 0 881 34.4685 -0.55305 1.03694 0.025511
0 0 882 34.469 -0.556264 1.03931 0.0276222
0 0 883 34.4714 -0.556283 1.03776 0.0256141
0 0 884 34.4719 -0.554682 1.03763 0.0243936
0 0 885 34.4697 -0.554318 1.03685 0.0256212
0 0 886 34.4681 -0.55641 1.03791 0.0250189
0 0 887 34.468 -0.556167 1.03835 0.0244612
0 0 888 34.4704 -0.553462 1.0376 0.0255948
0 0 889 34.4679 -0.5529 1.03669 0.0247422
0 0 890 34.4708 -0.555581 1.03696 0.0247862
0 0 891 34.4686 -0.555999 1.03828 0.0267388
0 0 892 34.4711 -0.556141 1.03928 0.0236538
0 0 893 34.4703 -0.555788 1.0389 0.0243268
0 0 894 34.4703 -0.555144 1.03793 0.0252231
0 0 895 34.47 -0.554667 1.03684 0.0259764
0 0 896 34.4701 -0.557463 1.03942 0.0272269
0 0 897 34.47 -0.555314 1.03926 0.0261695
0 0 898 34.4693 -0.555133 1.03775 0.025825
0 0 899 34.471 -0.555738 1.03817 0.027344
0 0 900 34.4706 -0.556305 1.03707 0.0257287
0 0 901 34.4685 -0.555257 1.03992 0.0241266
0 0 902 34.4713 -0.554963 1.03875 0.0254924
0 0 903 34.4684 -0.555599 1.03652 0.0253715
0 0 904 34.4706 -0.557119 1.0391 0.0255069
0 0 905 34.4704 -0.556796 1.03943 0.0273692
0 0 906 34.47 -0.554878 1.03896 0.0261228
0 0 907 34.4691 -0.555125 1.03697 0.0244787
0 0 908 34.4706 -0.556165 1.03628 0.0254335
0 0 909 34.4705 -0.555814 1.0378 0.0255618
0 0 910 34.47 -0.555681 1.03697 0.0258608
0 0 911 34.4677 -0.554389 1.03759 0.022786
0 0 912 34.47 -0.55482 1.03848 0.0255758
0 0 913 34.4715 -0.556336 1.0371 0.0253918
0 0 914 34.4708 -0.55701 1.03589 0.0252948
0 0 915 34.472 -0.556953 1.03846 0.0231632
0 0 916 34.4708 -0.554111 1.03818 0.0244897
0 0 917 34.4701 -0.554006 1.03806 0.0263085
0 0 918 34.4686 -0.554659 1.03659 0.0267376
0 0 919 34.4708 -0.554102 1.03884 0.0246805
0 0 920 34.4708 -0.557394 1.03648 0.0223393
0 0 921 34.4694 -0.556286 1.03585 0.0251873
0 0 922 34.4681 -0.556349 1.03648 0.0270132
0 0 923 34.4698 -0.556884 1.03753 0.0281019
0 0 924 34.4681 -0.556589 1.03768 0.026232
0 0 925 34.4708 -0.556492 1.03881 0.0267823
0 0 926 34.4674 -0.554333 1.03767 0.0255173
0 0 927 34.4698 -0.55633 1.03856 0.0258928
0 0 928 34.4695 -0.555368 1.03733 0.0264256
0 0 929 34.4701 -0.556035 1.03799 0.0270625
0 0 930 34.4702 -0.55291 1.04022 0.0260844
0 0 931 34.4692 -0.555818 1.03772 0.0244267
0 0 932 34.4691 -0.555067 1.03961 0.0260836
0 0 933 34.4724 -0.557534 1.03664 0.0258456
0 0 934 34.4684 -0.555072 1.03789 0.0268984
0 0 935 34.4684 -0.555605 1.03832 0.02673
0 0 936 34.4731 -0.554604 1.03849 0.0253486
0 0 937 34.4708 -0.554783 1.03879 0.0245608
0 0 938 34.4715 -0.556671 1.03706 0.0250168
0 0 939 34.4692 -0.555244 1.03838 0.0257488
0 0 940 34.4695 -0.554439 1.03856 0.02349
0 0 941 34.4689 -0.555284 1.03661 0.0253913
0 0 942 34.4723 -0.555545 1.03836 0.0255783
0 0 943 34.4701 -0.556132 1.03863 0.0260999
0 0 944 34.4692 -0.55541 1.03809 0.0269009
0 0 945 34.469 -0.555075 1.03686 0.0266781
0 0 946 34.4703 -0.556377 1.03926 0.0266184
0 0 947 34.4709 -0.556161 1.03762 0.0258961
0 0 948 34.4698 -0.555536 1.03846 0.0253928
0 0 949 34.4714 -0.55569 1.03875 0.0236284
0 0 950 34.4705 -0.558212 1.03731 0.0273717
0 0 951 34.468 -0.555831 1.03799 0.0252933
0 0 952 34.4711 -0.557825 1.03699 0.0247323
0 0 953 34.472 -0.554401 1.03809 0.0252059
0 0 954 34.4709 -0.55387 1.03835 0.0274558
0 0 955 34.4711 -0.555975 1.0377 0.0249368
0 0 956 34.4678 -0.555064 1.03857 0.0278981
0 0 957 34.4714 -0.556047 1.0382 0.0253359
0 0 958 34.4704 -0.555624 1.03803 0.0256863
0 0 959 34.4714 -0.556819 1.03692 0.0258265
0 0 960 34.468 -0.555796 1.03565 0.0259406
0 0 961 34.4703 -0.555859 1.03883 0.0259393
0 0 962 34.4697 -0.555225 1.0387 0.0270839
0 0 963 34.4681 -0.554967 1.03971 0.0253362
0 0 964 34.4709 -0.555093 1.03595 0.0270994
0 0 965 34.4704 -0.555023 1.03837 0.0259881
0 0 966 34.4695 -0.556946 1.03537 0.0247905
0 0 967 34.4683 -0.555012 1.03705 0.0262315
0 0 968 34.4718 -0.553459 1.03721 0.0223581
0 0 969 34.4682 -0.556242 1.03769 0.0252854
0 0 970 34.4688 -0.555625 1.03709 0.0250422
0 0 971 34.471 -0.555093 1.03921 0.0245783
0 0 972 34.4697 -0.554065 1.03685 0.0259261
0 0 973 34.4705 -0.552268 1.03785 0.0258631
0 0 974 34.4698 -0.558247 1.03837 0.0287472
0 0 975 34.4701 -0.554615 1.03641 0.0257968
0 0 976 34.469 -0.555606 1.0385 0.0261027
0 0 977 34.4714 -0.554046 1.03806 0.0253243
0 0 978 34.4701 -0.555704 1.03963 0.0258987
0 0 979 34.4702 -0.556483 1.03608 0.0279604
0 0 980 34.47 -0.554851 1.03851 0.0246345
0 0 981 34.4683 -0.555624 1.03595 0.0250006
0 0 982 34.4696 -0.556618 1.03731 0.0260801
0 0 983 34.4697 -0.55507 1.03902 0.0238355
0 0 984 34.47 -0.553495 1.03792 0.0269403
0 0 985 34.4695 -0.554246 1.03763 0.0254434
0 0 986 34.4675 -0.557463 1.03713 0.0259995
0 0 987 34.4686 -0.554849 1.03868 0.0273341
0 0 988 34.47 -0.555522 1.03765 0.0239904
0 0 989 34.4705 -0.554326 1.03848 0.0257473
0 0 990 34.4687 -0.556377 1.03733 0.026857
0 0 991 34.4692 -0.555529 1.03899 0.0264807
0 0 992 34.4704 -0.555549 1.03723 0.0257097
0 0 993 34.4696 -0.554408 1.03791 0.0244129
0 0 994 34.4706 -0.555811 1.03775 0.0248248
0 0 995 34.4692 -0.555373 1.0376 0.0263318
0 0 996 34.4696 -0.552704 1.03693 0.0240888
0 0 997 34.4685 -0.55235 1.03693 0.0255763
0 0 998 34.4697 -0.55601 1.03755 0.026467
0 0 999 34.4695 -0.556155 1.03767 0.0253464
0 0 1000 34.471 -0.555964 1.03928 0.0249719
0 0 1001 34.4689 -0.554853 1.03892 0.0267622
0 0 1002 34.4702 -0.554158 1.03753 0.0282993
0 0 1003 34.4685 -0.555 1.03734 0.0263219
0 0 1004 34.4692 -0.553292 1.03724 0.0244241
0 0 1005 34.4698 -0.556258 1.03626 0.02736
0 0 1006 34.4701 -0.555392 1.039 0.0249663
0 0 1007 34.469 -0.555258 1.03857 0.0254114
0 0 1008 34.4702 -0.557335 1.03846 0.0280455
0 0 1009 34.469 -0.553576 1.03681 0.0246728
0 0 1010 34.4676 -0.556771 1.03663 0.0250692
0 0 1011 34.4685 -0.554507 1.03806 0.0266901
0 0 1012 34.4697 -0.553621 1.03671 0.0254114
0 0 1013 34.4722 -0.555352 1.03856 0.0256212
0 0 1014 34.4703 -0.555119 1.03866 0.0253453
0 0 1015 34.4702 -0.554471 1.03747 0.0251063
0 0 1016 34.4703 -0.554907 1.03567 0.0256273
0 0 1017 34.4719 -0.554754 1.03585 0.0246629
0 0 1018 34.4702 -0.554777 1.03506 0.0250384
0 0 1019 34.4708 -0.554162 1.03847 0.0257907
0 0 1020 34.4681 -0.556093 1.03655 0.0272294
0 0 1021 34.4716 -0.552445 1.038 0.0244711
0 0 1022 34.4685 -0.552546 1.03857 0.025514
0 0 1023 34.4683 -0.55703 1.03743 0.0251467
