0 0 0 0.11289
0 0 1 -0.253168
0 0 2 0.0390715
0 0 3 0.270691
0 0 4 0.104215
0 0 5 -0.0866909
0 0 6 -0.00882787
0 0 7 0.08894
0 0 8 0.230456
0 0 9 0.0690884
0 0 10 -0.0856797
0 0 11 0.136307
0 0 12 0.0914946
0 0 13 0.191285
0 0 14 -0.16663
0 0 15 -0.035279
0 0 16 0.110814
0 0 17 0.0797859
0 0 18 0.016133
0 0 19 0.275268
0 0 20 0.14445
0 0 21 -0.0648169
0 0 22 0.0823406
0 0 23 -0.00371861
0 0 24 0.130666
0 0 25 -0.210431
0 0 26 0.0262983
0 0 27 0.0609455
0 0 28 -0.311711
0 0 29 0.156159
0 0 30 0.0538138
0 0 31 0.0344412
0 0 32 0.253873
0 0 33 0.392356
0 0 34 0.615886
0 0 35 0.910627
0 0 36 0.764534
0 0 37 1.36375
0 0 38 1.72976
0 0 39 1.93344
0 0 40 2.4756
0 0 41 2.60696
0 0 42 2.65736
0 0 43 3.1049
0 0 44 3.01884
0 0 45 2.63037
0 0 46 1.96191
0 0 47 1.70687
0 0 48 1.44316
0 0 49 0.997165
0 0 50 0.668309
0 0 51 0.251851
0 0 52 0.13322
0 0 53 0.384213
0 0 54 0.398476
0 0 55 0.108259
0 0 56 -0.135069
0 0 57 -0.061251
0 0 58 0.0207101
0 0 59 0.167335
0 0 60 0.016133
0 0 61 -0.0108503
0 0 62 0.197884
0 0 63 0.0324188
0 0 64 0.00442428
0 0 65 0.011556
0 0 66 -0.0541194
0 0 67 -0.0749822
0 0 68 0.054825
0 0 69 0.0227325
0 0 70 0.15717
0 0 71 0.0237969
0 0 72 -0.0210156
0 0 73 0.161747
0 0 74 0.207571
0 0 75 0.0695674
0 0 76 0.0726542
0 0 77 0.126621
0 0 78 0.0568475
0 0 79 0.269148
0 0 80 -0.100954
0 0 81 0.0237969
0 0 82 -0.0454443
0 0 83 -0.0108503
0 0 84 0.0278417
0 0 85 -0.307134
0 0 86 0.0522704
0 0 87 -0.285739
0 0 88 0.0935171
0 0 89 -0.305112
0 0 90 0.0446597
0 0 91 -0.0027074
0 0 92 -0.057153
0 0 93 0.145461
0 0 94 0.016133
0 0 95 -0.0342677
0 0 96 0.00799012
0 0 97 0.18873
0 0 98 -0.285739
0 0 99 0.0976151
0 0 100 -0.0729598
0 0 101 0.197352
0 0 102 0.00341307
0 0 103 0.181066
0 0 104 -0.0642847
0 0 105 -0.245025
0 0 106 0.164781
0 0 107 -0.382975
0 0 108 -0.149812
0 0 109 0.162758
0 0 110 -0.0938226
0 0 111 -0.250134
0 0 112 -0.103509
0 0 113 -0.0831251
0 0 114 -0.0561418
0 0 115 0.321092
0 0 116 0.00389206
0 0 117 -0.138103
0 0 118 -0.0118615
0 0 119 -0.0663603
0 0 120 0.0268305
0 0 121 -0.27914
0 0 122 -0.00371861
0 0 123 0.0777635
0 0 124 -0.259288
0 0 125 0.135775
0 0 126 0.452922
0 0 127 0.237588
0 0 128 0.179576
0 0 129 0.269148
0 0 130 0.072122
0 0 131 0.499278
0 0 132 0.126621
0 0 133 -0.0215478
0 0 134 0.0410939
0 0 135 0.233011
0 0 136 0.0258193
0 0 137 -0.00781667
0 0 138 0.30784
0 0 139 0.0497158
0 0 140 -0.103988
0 0 141 0.0604133
0 0 142 -0.124904
0 0 143 0.148495
0 0 144 -0.0220268
0 0 145 0.137797
0 0 146 0.127632
0 0 147 -0.0775368
0 0 148 -0.331084
0 0 149 0.108792
0 0 150 0.315983
0 0 151 -0.0444331
0 0 152 -0.154389
0 0 153 -0.0856797
0 0 154 -0.308146
0 0 155 0.130666
0 0 156 -0.163064
0 0 157 -0.0495423
0 0 158 0.0726542
0 0 159 -0.14268
0 0 160 -0.039377
0 0 161 0.0899512
0 0 162 0.106769
0 0 163 0.129654
0 0 164 -0.0195254
0 0 165 0.0970829
0 0 166 0.0242759
0 0 167 -0.23486
0 0 168 -0.265409
0 0 169 0.106237
0 0 170 0.0558362
0 0 171 0.0298642
0 0 172 -0.271529
0 0 173 -0.0775368
0 0 174 -0.139167
0 0 175 -0.00829566
0 0 176 0.0909624
0 0 177 0.0196988
0 0 178 -0.0373014
0 0 179 0.153072
0 0 180 0.208582
0 0 181 -0.0724276
0 0 182 -0.16152
0 0 183 -0.102498
0 0 184 0.222845
0 0 185 -0.0220268
0 0 186 0.174467
0 0 187 -0.0699262
0 0 188 0.148495
0 0 189 0.281868
0 0 190 0.0711108
0 0 191 -0.0449653
0 0 192 -0.00983908
0 0 193 0.10778
0 0 194 0.123534
0 0 195 -0.0144161
0 0 196 0.251851
0 0 197 0.213159
0 0 198 -0.137092
0 0 199 0.0879288
0 0 200 0.154615
0 0 201 0.0649903
0 0 202 0.0359846
0 0 203 0.0431163
0 0 204 0.0492368
0 0 205 -0.00217519
0 0 206 -0.130492
0 0 207 -0.163596
0 0 208 0.0853742
0 0 209 0.0059677
0 0 210 -0.189036
0 0 211 0.0807971
0 0 212 -0.0301697
0 0 213 0.131198
0 0 214 0.0446597
0 0 215 -0.0148951
0 0 216 0.4443
0 0 217 0.0594021
0 0 218 -0.210431
0 0 219 0.234554
0 0 220 -0.292392
0 0 221 0.0787747
0 0 222 0.440202
0 0 223 -0.0332565
0 0 224 0.20145
0 0 225 -0.0648169
0 0 226 -0.0622623
0 0 227 -0.00526203
0 0 228 -0.0439541
0 0 229 0.0925059
0 0 230 -0.219585
0 0 231 -0.106064
0 0 232 0.00852233
0 0 233 0.0258193
0 0 234 -0.0388448
0 0 235 0.476872
0 0 236 0.130187
0 0 237 0.0324188
0 0 238 0.162758
0 0 239 0.0217213
0 0 240 0.0441275
0 0 241 0.0497158
0 0 242 0.294109
0 0 243 0.0390715
0 0 244 0.279846
0 0 245 0.385756
0 0 246 0.0528026
0 0 247 -0.143744
0 0 248 -0.159019
0 0 249 0.0222535
0 0 250 -0.0144161
0 0 251 -0.130971
0 0 252 0.084842
0 0 253 -0.149812
0 0 254 0.0248081
0 0 255 -0.195156
