0 0 0 0.117295
0 0 1 -0.0154581
0 0 2 -0.186806
0 0 3 -0.333655
0 0 4 0.158044
0 0 5 -0.241405
0 0 6 -0.0326729
0 0 7 0.0540783
0 0 8 -0.0282204
0 0 9 0.0535448
0 0 10 0.0462814
0 0 11 0.106523
0 0 12 0.0671279
0 0 13 -0.0808087
0 0 14 -0.0368381
0 0 15 0.292008
0 0 16 0.189786
0 0 17 -0.203754
0 0 18 -0.0583617
0 0 19 0.231479
0 0 20 0.0980489
0 0 21 -0.0276869
0 0 22 0.032965
0 0 23 -0.041824
0 0 24 -0.215573
0 0 25 0.209545
0 0 26 0.19826
0 0 27 0.136131
0 0 28 -0.162984
0 0 29 -0.0572742
0 0 30 -0.066015
0 0 31 0.0590642
0 0 32 -0.0106157
0 0 33 0.0210029
0 0 34 0.00107966
0 0 35 0.187632
0 0 36 -0.0392592
0 0 37 -0.110006
0 0 38 0.0422393
0 0 39 -0.029985
0 0 40 -0.0263532
0 0 41 0.0196487
0 0 42 -0.22298
0 0 43 -0.136372
0 0 44 0.15669
0 0 45 0.062696
0 0 46 -0.0271535
0 0 47 0.0544887
0 0 48 0.0625523
0 0 49 0.0349758
0 0 50 -0.0506879
0 0 51 0.058777
0 0 52 0.110298
0 0 53 0.260123
0 0 54 -0.287263
0 0 55 -0.162061
0 0 56 0.0306875
0 0 57 0.0491129
0 0 58 -0.0463791
0 0 59 0.087441
0 0 60 -0.344817
0 0 61 0.223539
0 0 62 -0.111607
0 0 63 -0.0443683
0 0 64 -0.103276
0 0 65 -0.116326
0 0 66 0.206324
0 0 67 -0.164462
0 0 68 0.0182945
0 0 69 0.0460146
0 0 70 0.186421
0 0 71 0.132889
0 0 72 -0.0896931
0 0 73 0.0977822
0 0 74 0.238476
0 0 75 1.27088e-05
0 0 76 -0.0415367
0 0 77 -0.205888
0 0 78 0.0321648
0 0 79 -0.0816294
0 0 80 0.150247
0 0 81 -0.229156
0 0 82 0.365422
0 0 83 -0.233054
0 0 84 0.239543
0 0 85 0.253126
0 0 86 -0.131243
0 0 87 -0.0274202
0 0 88 0.198794
0 0 89 -0.0167917
0 0 90 0.120106
0 0 91 -0.206832
0 0 92 0.0597208
0 0 93 -0.0674923
0 0 94 0.163954
0 0 95 -0.102599
0 0 96 -0.132453
0 0 97 -0.110273
0 0 98 0.154946
0 0 99 0.0540783
0 0 100 -0.0805419
0 0 101 -0.0337398
0 0 102 0.207945
0 0 103 0.0343192
0 0 104 0.194895
0 0 105 -0.302488
0 0 106 0.0410287
0 0 107 0.0894518
0 0 108 0.0847531
0 0 109 -0.168504
0 0 110 0.266032
0 0 111 -0.119157
0 0 112 0.00984095
0 0 113 0.20579
0 0 114 0.105189
0 0 115 0.29804
0 0 116 0.34714
0 0 117 0.355758
0 0 118 -0.018823
0 0 119 -0.116059
0 0 120 0.140296
0 0 121 0.108021
0 0 122 -0.00737386
0 0 123 0.230002
0 0 124 0.237122
0 0 125 0.555339
0 0 126 0.998102
0 0 127 0.946171
0 0 128 0.999847
0 0 129 0.848135
0 0 130 0.965273
0 0 131 0.516334
0 0 132 0.32576
0 0 133 0.4382
0 0 134 0.167052
0 0 135 0.0406388
0 0 136 0.104389
0 0 137 0.0457479
0 0 138 -0.0204235
0 0 139 -0.00347539
0 0 140 -0.0223111
0 0 141 0.209689
0 0 142 0.419775
0 0 143 0.0205925
0 0 144 0.052601
0 0 145 -0.128165
0 0 146 0.00107966
0 0 147 0.089185
0 0 148 0.0344423
0 0 149 -0.0229882
0 0 150 0.229591
0 0 151 -0.314163
0 0 152 -0.0147809
0 0 153 -0.0673692
0 0 154 0.126036
0 0 155 0.0445373
0 0 156 -0.00495271
0 0 157 -0.318595
0 0 158 -0.0305184
0 0 159 0.182646
0 0 160 0.165841
0 0 161 0.177003
0 0 162 -0.187606
0 0 163 -0.0684362
0 0 164 -0.204944
0 0 165 -0.049744
0 0 166 -0.264796
0 0 167 -0.152376
0 0 168 0.0651171
0 0 169 0.0343192
0 0 170 0.0855533
0 0 171 0.095915
0 0 172 -0.0301081
0 0 173 -0.168504
0 0 174 0.095361
0 0 175 -0.0545864
0 0 176 0.158578
0 0 177 0.3891
0 0 178 -0.124266
0 0 179 -0.0809523
0 0 180 -0.00456286
0 0 181 -0.0122162
0 0 182 -0.0055067
0 0 183 -0.063204
0 0 184 0.0298668
0 0 185 -0.0185563
0 0 186 0.0624087
0 0 187 -0.0224548
0 0 188 0.0238139
0 0 189 -0.0427473
0 0 190 0.0101077
0 0 191 -0.0537861
0 0 192 0.132089
0 0 193 -0.307433
0 0 194 -0.15451
0 0 195 -0.0853842
0 0 196 0.326971
0 0 197 0.0929399
0 0 198 0.0388743
0 0 199 -0.0502775
0 0 200 -0.136495
0 0 201 0.00700943
0 0 202 -0.0475896
0 0 203 0.089185
0 0 204 0.198383
0 0 205 0.0843427
0 0 206 -0.0311955
0 0 207 0.129257
0 0 208 0.189519
0 0 209 -0.140927
0 0 210 -0.125067
0 0 211 -0.013714
0 0 212 0.0641733
0 0 213 0.171217
0 0 214 0.0602748
0 0 215 -0.0354839
0 0 216 -0.128555
0 0 217 0.0249013
0 0 218 0.0412954
0 0 219 -0.0358942
0 0 220 0.0727704
0 0 221 0.399852
0 0 222 0.0313441
0 0 223 -0.248135
0 0 224 0.366243
0 0 225 0.288089
0 0 226 -0.104076
0 0 227 -0.0875387
0 0 228 -0.0617267
0 0 229 0.127103
0 0 230 0.00565523
0 0 231 -0.130442
0 0 232 -0.100178
0 0 233 0.0480254
0 0 234 0.147416
0 0 235 0.162353
0 0 236 0.0513904
0 0 237 -0.0662818
0 0 238 0.00444465
0 0 239 -0.0115596
0 0 240 0.0402285
0 0 241 0.0192383
0 0 242 -0.270192
0 0 243 -0.079475
0 0 244 -0.0159915
0 0 245 0.0546118
0 0 246 0.157511
0 0 247 -0.180876
0 0 248 0.145261
0 0 249 0.0465481
0 0 250 0.00323407
0 0 251 0.0111746
0 0 252 -0.0194796
0 0 253 0.157634
0 0 254 0.0477587
0 0 255 -0.0899598
