0 0 0 577.412 -1.99776 3.11746 -3.24849
0 0 1 577.463 -2.01888 3.127 -3.22048
0 0 2 577.31 -1.94589 3.09749 -3.24022
0 0 3 577.477 -2.08442 3.03427 -3.18624
0 0 4 577.392 -2.03621 3.03498 -3.18601
0 0 5 577.473 -1.98621 3.08788 -3.24717
0 0 6 577.376 -2.07062 3.18369 -3.11673
0 0 7 577.433 -2.07966 3.13736 -3.15877
0 0 8 577.386 -1.92656 3.05317 -3.23541
0 0 9 577.418 -2.098 3.08132 -3.09982
0 0 10 577.386 -2.02646 3.11942 -3.16222
0 0 11 577.384 -2.04776 3.0674 -3.24521
0 0 12 577.444 -1.98559 3.01248 -3.10937
0 0 13 577.418 -1.96929 3.08193 -3.19977
0 0 14 577.431 -1.9723 3.13995 -3.18816
0 0 15 577.297 -1.96802 3.13174 -3.15921
0 0 16 577.39 -1.96571 3.02762 -3.14225
0 0 17 577.396 -2.01017 3.16716 -3.14977
0 0 18 577.347 -2.03643 3.01504 -3.21597
0 0 19 577.319 -1.97331 3.09105 -3.28193
0 0 20 577.438 -2.00349 3.13754 -3.08739
0 0 21 577.357 -2.01642 3.11229 -3.21101
0 0 22 577.438 -1.97673 3.01639 -3.2258
0 0 23 577.377 -1.98731 3.18202 -3.1583
0 0 24 577.413 -1.99263 3.04302 -3.11839
0 0 25 577.456 -2.03576 2.99715 -3.17634
0 0 26 577.484 -1.96846 3.09555 -3.17816
0 0 27 577.291 -1.99137 3.14522 -3.12114
0 0 28 577.4 -1.99553 3.03905 -3.13906
0 0 29 577.5 -2.03152 3.10914 -3.13674
0 0 30 577.374 -2.06275 3.20105 -3.12041
0 0 31 577.302 -1.97827 3.1666 -3.10483
0 0 32 577.383 -2.01689 3.18588 -3.09498
0 0 33 577.312 -2.04737 3.11344 -3.15831
0 0 34 577.481 -2.08019 3.06381 -3.17009
0 0 35 577.267 -2.03174 3.06065 -3.19849
0 0 36 577.429 -2.00373 3.03668 -3.19298
0 0 37 577.378 -1.93128 3.06211 -3.16386
0 0 38 577.47 -2.01169 3.09465 -3.12496
0 0 39 577.406 -2.0322 3.11272 -3.13746
0 0 40 577.441 -2.01781 3.03007 -3.15976
0 0 41 577.366 -2.01635 3.05655 -3.16042
0 0 42 577.381 -1.95916 3.02076 -3.15543
0 0 43 577.453 -1.91876 3.06448 -3.10686
0 0 44 577.368 -2.01973 3.20492 -3.15041
0 0 45 577.49 -1.95554 3.10486 -3.13972
0 0 46 577.406 -2.04998 3.14468 -3.11369
0 0 47 577.45 -1.91026 3.05516 -3.19303
0 0 48 577.43 -2.03665 3.01908 -3.19927
0 0 49 577.361 -2.01885 3.0881 -3.24043
0 0 50 577.421 -2.02532 3.15125 -3.14654
0 0 51 577.42 -2.05667 3.14441 -3.21827
0 0 52 577.414 -1.98924 3.09342 -3.23169
0 0 53 577.344 -2.06127 3.11356 -3.13111
0 0 54 577.412 -2.01375 3.07851 -3.08218
0 0 55 577.541 -1.94559 3.04222 -3.16637
0 0 56 577.39 -1.95073 3.0787 -3.20838
0 0 57 577.493 -2.03858 3.15909 -3.19417
0 0 58 577.327 -1.98638 3.14053 -3.16676
0 0 59 577.417 -2.02598 3.1572 -3.15808
0 0 60 577.352 -2.03078 3.03554 -3.05909
0 0 61 577.329 -2.00394 2.94666 -3.17061
0 0 62 577.396 -2.0261 3.03026 -3.18423
0 0 63 577.328 -1.97315 3.19056 -3.14816
0 0 64 577.349 -1.95551 3.09003 -3.1103
0 0 65 577.432 -2.07485 3.10619 -3.1777
0 0 66 577.46 -1.96125 3.03514 -3.23602
0 0 67 577.407 -2.02191 3.13605 -3.13777
0 0 68 577.399 -1.95351 3.10101 -3.20557
0 0 69 577.417 -2.01406 3.0936 -3.27689
0 0 70 577.49 -2.04963 3.12318 -3.16873
0 0 71 577.318 -1.94071 3.17558 -3.25655
0 0 72 577.353 -2.05813 3.16131 -3.18844
0 0 73 577.332 -2.00953 3.15182 -3.18749
0 0 74 577.443 -2.02463 3.08602 -3.20008
0 0 75 577.376 -1.99646 3.16664 -3.13385
0 0 76 577.48 -2.04357 3.08405 -3.1054
0 0 77 577.342 -2.08872 3.03378 -3.07441
0 0 78 577.46 -2.01504 3.15253 -3.19308
0 0 79 577.397 -1.91412 3.12446 -3.14527
0 0 80 577.36 -1.99493 3.1346 -3.16248
0 0 81 577.32 -2.03351 3.00983 -3.12119
0 0 82 577.365 -2.09776 3.12274 -3.14503
0 0 83 577.367 -2.00517 3.08989 -3.13509
0 0 84 577.369 -1.98938 3.09685 -3.22342
0 0 85 577.388 -1.96636 3.08517 -3.19513
0 0 86 577.288 -2.00076 3.1129 -3.15365
0 0 87 577.378 -2.0014 3.05311 -3.27178
0 0 88 577.424 -1.92775 3.12009 -3.21099
0 0 89 577.394 -2.12647 3.09829 -3.14305
0 0 90 577.459 -2.00622 3.11563 -3.26629
0 0 91 577.354 -1.95695 3.11965 -3.18446
0 0 92 577.385 -2.04517 3.01347 -3.18836
0 0 93 577.36 -2.00984 3.08656 -3.12127
0 0 94 577.341 -2.00783 3.19663 -3.18462
0 0 95 577.387 -2.03224 3.17123 -3.22899
0 0 96 577.354 -2.01463 3.05151 -3.28525
0 0 97 577.36 -2.01464 3.13828 -3.17544
0 0 98 577.382 -1.94749 3.02104 -3.19751
0 0 99 577.411 -1.94049 3.09077 -3.15231
0 0 100 577.486 -2.06164 3.07601 -3.18978
0 0 101 577.474 -2.1379 3.07702 -3.26563
0 0 102 577.275 -1.96245 3.09075 -3.20648
0 0 103 577.347 -1.97739 3.17841 -3.21571
0 0 104 577.33 -2.04255 3.00502 -3.15602
0 0 105 577.368 -2.05843 3.15869 -3.28849
0 0 106 577.349 -1.97048 3.06965 -3.21434
0 0 107 577.407 -2.04113 3.09253 -3.16166
0 0 108 577.353 -1.98423 3.16685 -3.21488
0 0 109 577.34 -1.99268 3.11877 -3.19599
0 0 110 577.355 -2.11759 3.14629 -3.16322
0 0 111 577.34 -2.00403 3.10844 -3.17488
0 0 112 577.454 -2.00373 3.05792 -3.18148
0 0 113 577.42 -1.96009 3.05668 -3.22152
0 0 114 577.496 -2.04718 3.11836 -3.15621
0 0 115 577.424 -1.90039 3.0379 -3.19989
0 0 116 577.428 -1.96461 3.13929 -3.17238
0 0 117 577.292 -2.01682 3.0983 -3.17918
0 0 118 577.448 -2.01142 3.13492 -3.21098
0 0 119 577.481 -1.99027 3.24518 -3.12508
0 0 120 577.402 -2.03963 3.05137 -3.17371
0 0 121 577.433 -1.97477 3.06025 -3.19812
0 0 122 577.342 -1.93233 3.10629 -3.16554
0 0 123 577.467 -2.08654 3.11825 -3.1688
0 0 124 577.372 -2.00871 3.1593 -3.2161
0 0 125 577.438 -2.02064 3.05504 -3.19576
0 0 126 577.348 -1.98669 3.02964 -3.29878
0 0 127 577.459 -2.07067 3.09759 -3.16638
0 0 128 577.345 -1.99774 3.08312 -3.21445
0 0 129 577.374 -1.98934 3.15089 -3.19733
0 0 130 577.223 -2.07656 3.14081 -3.15537
0 0 131 577.377 -2.0492 3.04161 -3.15973
0 0 132 577.243 -1.99414 3.05789 -3.06189
0 0 133 577.319 -1.98909 3.13923 -3.24143
0 0 134 577.374 -2.03003 3.05613 -3.22562
0 0 135 577.349 -2.03071 3.11822 -3.12236
0 0 136 577.415 -2.10598 3.12786 -3.22985
0 0 137 577.376 -1.97789 3.02301 -3.24309
0 0 138 577.474 -2.04041 3.11245 -3.31796
0 0 139 577.393 -1.93801 3.077 -3.12451
0 0 140 577.42 -2.10506 3.12076 -3.17067
0 0 141 577.486 -1.90717 3.05934 -3.1442
0 0 142 577.351 -1.99018 3.15535 -3.18656
0 0 143 577.33 -1.9615 3.08787 -3.2129
0 0 144 577.33 -2.03399 3.13288 -3.16122
0 0 145 577.322 -2.00359 3.12184 -3.17337
0 0 146 577.409 -1.91644 3.02776 -3.2475
0 0 147 577.377 -1.95136 3.11837 -3.21114
0 0 148 577.382 -1.93821 3.0736 -3.16562
0 0 149 577.457 -2.01329 3.07018 -3.13824
0 0 150 577.288 -2.11454 3.09395 -3.18786
0 0 151 577.411 -2.02677 3.03205 -3.10584
0 0 152 577.421 -1.97935 3.03366 -3.2258
0 0 153 577.359 -2.00685 3.04457 -3.21763
0 0 154 577.368 -1.99943 3.18874 -3.14383
0 0 155 577.341 -1.98607 3.16871 -3.23776
0 0 156 577.396 -1.97854 3.15194 -3.08752
0 0 157 577.423 -1.95297 3.03249 -3.17546
0 0 158 577.373 -1.97917 3.05286 -3.17547
0 0 159 577.411 -1.95047 3.06988 -3.19151
0 0 160 577.341 -1.92073 3.07523 -3.17416
0 0 161 577.393 -2.02025 3.1023 -3.25997
0 0 162 577.381 -1.98625 3.04878 -3.19064
0 0 163 577.363 -2.05379 3.04089 -3.18749
0 0 164 577.422 -1.99322 3.08187 -3.22657
0 0 165 577.454 -1.95866 3.08806 -3.21869
0 0 166 577.346 -1.9542 3.08094 -3.18921
0 0 167 577.363 -2.13354 3.06213 -3.24869
0 0 168 577.38 -2.05423 3.19501 -3.20073
0 0 169 577.377 -1.89809 3.02354 -3.23569
0 0 170 577.4 -2.01645 3.14238 -3.14258
0 0 171 577.429 -2.02972 3.06484 -3.21929
0 0 172 577.443 -1.96103 3.23214 -3.16109
0 0 173 577.468 -1.998 3.13704 -3.28193
0 0 174 577.474 -2.03342 3.12074 -3.16227
0 0 175 577.368 -1.90804 3.07435 -3.20553
0 0 176 577.33 -2.02278 3.10832 -3.27686
0 0 177 577.421 -2.03973 3.07015 -3.20126
0 0 178 577.348 -1.98193 3.02789 -3.11042
0 0 179 577.411 -1.99038 3.05974 -3.15884
0 0 180 577.433 -1.99628 3.11818 -3.19884
0 0 181 577.384 -1.99188 3.15471 -3.14518
0 0 182 577.359 -1.94142 3.13087 -3.15162
0 0 183 577.256 -1.9364 3.1433 -3.24564
0 0 184 577.342 -2.01565 3.15313 -3.17681
0 0 185 577.332 -1.90683 3.10048 -3.20178
0 0 186 577.513 -1.96348 3.17108 -3.15038
0 0 187 577.377 -2.07558 3.1139 -3.0898
0 0 188 577.401 -2.05917 3.20129 -3.1801
0 0 189 577.419 -1.98601 3.093 -3.2064
0 0 190 577.359 -2.01115 3.01398 -3.20532
0 0 191 577.431 -2.04438 3.17922 -3.15345
0 0 192 577.409 -2.00428 3.04756 -3.16905
0 0 193 577.438 -1.97353 3.0811 -3.27144
0 0 194 577.377 -1.95884 3.15348 -3.19346
0 0 195 577.326 -1.93461 3.16253 -3.09889
0 0 196 577.375 -1.95659 3.14442 -3.22626
0 0 197 577.45 -1.98353 3.07022 -3.24737
0 0 198 577.38 -2.0396 3.08559 -3.20021
0 0 199 577.423 -2.00373 3.00304 -3.20525
0 0 200 577.403 -2.01095 3.09143 -3.18439
0 0 201 577.444 -2.05632 3.04519 -3.14145
0 0 202 577.479 -1.93509 3.06438 -3.12905
0 0 203 577.416 -1.94703 3.1778 -3.09521
0 0 204 577.398 -1.98623 3.07798 -3.19377
0 0 205 577.381 -1.95486 3.0602 -3.2589
0 0 206 577.418 -1.9909 3.0883 -3.23042
0 0 207 577.407 -2.09817 3.20922 -3.12635
0 0 208 577.292 -1.99668 2.99921 -3.18054
0 0 209 577.364 -2.00726 3.11688 -3.21213
0 0 210 577.483 -2.03834 3.11614 -3.13602
0 0 211 577.38 -1.97795 3.0842 -3.14176
0 0 212 577.463 -2.01147 3.04863 -3.21134
0 0 213 577.415 -1.94193 3.15777 -3.16739
0 0 214 577.36 -1.9444 3.0721 -3.15912
0 0 215 577.399 -2.08297 3.10578 -3.22735
0 0 216 577.328 -2.00659 3.12749 -3.19287
0 0 217 577.495 -2.00663 3.13896 -3.15731
0 0 218 577.328 -2.0688 3.10168 -3.21126
0 0 219 577.408 -1.96473 3.14698 -3.22811
0 0 220 577.495 -1.99265 3.13508 -3.19923
0 0 221 577.54 -2.00966 3.14882 -3.15421
0 0 222 577.378 -1.92072 3.12817 -3.19581
0 0 223 577.418 -2.05715 3.12056 -3.19939
0 0 224 577.45 -2.11171 3.18314 -3.14814
0 0 225 577.406 -2.01903 3.1811 -3.27516
0 0 226 577.339 -2.05509 3.02323 -3.1664
0 0 227 577.243 -2.05189 3.20551 -3.20851
0 0 228 577.359 -1.93469 3.18636 -3.12498
0 0 229 577.448 -1.97089 3.08026 -3.15169
0 0 230 577.332 -2.10378 3.06655 -3.21892
0 0 231 577.417 -2.01267 3.1191 -3.11674
0 0 232 577.376 -2.08204 3.06164 -3.11034
0 0 233 577.441 -2.0534 3.206 -3.2583
0 0 234 577.432 -2.09303 3.11611 -3.1726
0 0 235 577.338 -2.04431 3.08767 -3.18952
0 0 236 577.406 -2.04096 3.07492 -3.07591
0 0 237 577.413 -2.03903 3.17342 -3.20316
0 0 238 577.408 -2.04168 3.15333 -3.15274
0 0 239 577.372 -1.97985 3.03557 -3.19986
0 0 240 577.409 -1.96714 3.07238 -3.1845
0 0 241 577.285 -2.00688 3.06162 -3.21397
0 0 242 577.372 -2.05449 3.13525 -3.1503
0 0 243 577.404 -2.01825 3.14074 -3.15315
0 0 244 577.399 -1.98562 3.10421 -3.22632
0 0 245 577.393 -2.03153 3.18516 -3.18859
0 0 246 577.354 -2.0624 3.09533 -3.17567
0 0 247 577.378 -2.02436 3.1425 -3.11986
0 0 248 577.319 -2.04786 3.18644 -3.18757
0 0 249 577.428 -2.01993 3.17746 -3.17054
0 0 250 577.497 -2.02369 3.17564 -3.16589
0 0 251 577.391 -1.9896 3.0683 -3.22456
0 0 252 577.369 -2.06571 3.06413 -3.12045
0 0 253 577.339 -2.07754 3.07256 -3.14155
0 0 254 577.39 -2.04263 3.12594 -3.1259
0 0 255 577.316 -2.03124 3.12314 -3.21236
0 0 256 577.395 -2.01812 3.05292 -3.16564
0 0 257 577.479 -2.0655 3.15208 -3.25546
0 0 258 577.497 -1.96705 3.06959 -3.20516
0 0 259 577.372 -1.95982 3.11746 -3.20065
0 0 260 577.389 -2.01267 3.14132 -3.13566
0 0 261 577.41 -2.06936 3.14749 -3.18528
0 0 262 577.383 -1.96215 3.17409 -3.16963
0 0 263 577.374 -1.96475 3.04885 -3.23021
0 0 264 577.427 -1.91543 3.10103 -3.06194
0 0 265 577.362 -2.05741 3.06216 -3.15204
0 0 266 577.426 -2.00576 3.17496 -3.20046
0 0 267 577.448 -2.01724 3.11577 -3.19272
0 0 268 577.398 -2.05769 3.05027 -3.18602
0 0 269 577.355 -2.08566 3.09382 -3.14823
0 0 270 577.373 -1.99957 3.16115 -3.21593
0 0 271 577.367 -2.074 3.16651 -3.19946
0 0 272 577.383 -1.93651 3.09137 -3.24244
0 0 273 577.357 -2.00217 3.13847 -3.1719
0 0 274 577.369 -2.03088 3.00597 -3.13901
0 0 275 577.452 -1.99481 3.088 -3.09121
0 0 276 577.361 -2.03937 3.09388 -3.1714
0 0 277 577.382 -2.04559 3.07207 -3.19444
0 0 278 577.346 -1.99772 3.08582 -3.25523
0 0 279 577.446 -1.98254 3.22995 -3.17827
0 0 280 577.311 -1.99817 3.03859 -3.21787
0 0 281 577.347 -1.93311 3.0884 -3.19793
0 0 282 577.425 -1.97722 3.20544 -3.17656
0 0 283 577.407 -2.02808 3.15844 -3.11639
0 0 284 577.383 -2.02183 3.15668 -3.20677
0 0 285 577.417 -1.97968 3.13636 -3.23143
0 0 286 577.334 -2.00991 3.09077 -3.18519
0 0 287 577.289 -2.10573 3.09337 -3.12083
0 0 288 577.388 -1.94834 3.04737 -3.15902
0 0 289 577.466 -2.03259 3.17526 -3.19581
0 0 290 577.431 -2.00947 3.11248 -3.20564
0 0 291 577.357 -2.04303 3.14305 -3.20974
0 0 292 577.352 -1.95867 3.17416 -3.18295
0 0 293 577.387 -1.92097 3.06407 -3.19098
0 0 294 577.382 -2.08277 3.17604 -3.18964
0 0 295 577.395 -2.01571 3.1416 -3.17729
0 0 296 577.38 -1.87094 2.95536 -3.23414
0 0 297 577.41 -2.02538 3.07958 -3.24845
0 0 298 577.388 -2.0117 3.12324 -3.1487
0 0 299 577.349 -1.97936 3.05424 -3.23802
0 0 300 577.377 -1.8764 3.08001 -3.1315
0 0 301 577.448 -2.00983 3.05924 -3.19026
0 0 302 577.249 -1.96774 3.11005 -3.21338
0 0 303 577.39 -2.01711 3.18825 -3.19451
0 0 304 577.488 -2.05778 3.05267 -3.16151
0 0 305 577.378 -1.99635 3.02058 -3.22348
0 0 306 577.424 -1.98883 3.14391 -3.23638
0 0 307 577.365 -2.09395 3.14574 -3.15979
0 0 308 577.419 -2.05829 3.16893 -3.19867
0 0 309 577.311 -2.02587 3.15085 -3.26456
0 0 310 577.393 -2.00244 3.05376 -3.10115
0 0 311 577.47 -2.05433 3.12124 -3.15297
0 0 312 577.302 -1.97104 3.06463 -3.18078
0 0 313 577.409 -1.99588 3.12274 -3.15511
0 0 314 577.419 -1.97211 3.09209 -3.22983
0 0 315 577.416 -1.97536 3.108 -3.12311
0 0 316 577.407 -2.00168 3.01225 -3.20368
0 0 317 577.363 -1.99483 3.15347 -3.18248
0 0 318 577.505 -1.99574 3.06979 -3.1315
0 0 319 577.375 -1.90663 3.15794 -3.18972
0 0 320 577.456 -2.04451 3.12372 -3.25491
0 0 321 577.417 -2.00546 3.09348 -3.14853
0 0 322 577.513 -1.96811 3.10384 -3.19449
0 0 323 577.353 -1.93789 3.08175 -3.25274
0 0 324 577.417 -1.97933 3.15711 -3.19804
0 0 325 577.453 -2.00783 3.12605 -3.17033
0 0 326 577.376 -1.97874 2.96827 -3.14306
0 0 327 577.334 -2.08483 3.11683 -3.1809
0 0 328 577.414 -2.12355 3.06559 -3.26016
0 0 329 577.322 -2.00431 3.06753 -3.2363
0 0 330 577.34 -2.09154 3.15724 -3.16047
0 0 331 577.382 -1.93545 3.15227 -3.18772
0 0 332 577.319 -1.96267 3.05359 -3.24828
0 0 333 577.35 -2.03777 3.07688 -3.24434
0 0 334 577.421 -2.01384 3.16901 -3.16252
0 0 335 577.373 -1.93223 3.0276 -3.19274
0 0 336 577.376 -1.8941 3.15314 -3.20935
0 0 337 577.469 -2.05176 3.06602 -3.24931
0 0 338 577.348 -2.0924 3.12891 -3.123
0 0 339 577.409 -2.01369 3.13232 -3.13875
0 0 340 577.451 -1.99325 3.07161 -3.18688
0 0 341 577.376 -2.02087 3.05761 -3.1269
0 0 342 577.345 -2.0485 3.13538 -3.21576
0 0 343 577.392 -2.08901 3.14374 -3.22259
0 0 344 577.405 -1.97728 3.15005 -3.13627
0 0 345 577.352 -2.04584 3.02834 -3.19008
0 0 346 577.394 -2.04703 3.1166 -3.15541
0 0 347 577.525 -1.94467 3.1125 -3.25131
0 0 348 577.409 -2.02879 3.12742 -3.1761
0 0 349 577.399 -2.0219 3.07585 -3.20466
0 0 350 577.455 -2.05087 3.08733 -3.2534
0 0 351 577.376 -1.96849 3.08637 -3.20638
0 0 352 577.395 -1.96174 3.13658 -3.08492
0 0 353 577.351 -1.94764 3.08184 -3.13292
0 0 354 577.338 -1.92431 3.10413 -3.14323
0 0 355 577.394 -1.9832 3.1687 -3.15152
0 0 356 577.471 -1.96916 3.08402 -3.18642
0 0 357 577.413 -2.01061 3.14629 -3.16129
0 0 358 577.267 -2.03786 3.17302 -3.10414
0 0 359 577.498 -1.97403 3.08334 -3.24903
0 0 360 577.413 -1.99287 3.0502 -3.20766
0 0 361 577.455 -2.04881 3.08833 -3.18043
0 0 362 577.396 -2.02899 3.09176 -3.13798
0 0 363 577.4 -1.97949 3.02406 -3.23141
0 0 364 577.371 -2.00663 3.06344 -3.17727
0 0 365 577.368 -2.03769 3.14915 -3.2258
0 0 366 577.456 -2.04106 2.98859 -3.32446
0 0 367 577.429 -2.02023 3.09003 -3.27836
0 0 368 577.381 -2.0613 3.18169 -3.26585
0 0 369 577.394 -1.96905 3.05382 -3.19671
0 0 370 577.401 -1.99004 3.03241 -3.17809
0 0 371 577.375 -2.01344 3.10897 -3.1121
0 0 372 577.562 -1.90514 3.11902 -3.27033
0 0 373 577.353 -1.98611 3.02178 -3.14426
0 0 374 577.448 -2.04229 3.14917 -3.18235
0 0 375 577.351 -1.99157 3.11546 -3.24221
0 0 376 577.419 -2.04059 3.07799 -3.15877
0 0 377 577.439 -2.02718 3.04725 -3.18808
0 0 378 577.49 -2.07508 3.18459 -3.1402
0 0 379 577.474 -1.98613 3.15249 -3.25633
0 0 380 577.368 -1.9482 3.09473 -3.24565
0 0 381 577.468 -1.97592 3.09306 -3.15065
0 0 382 577.391 -2.03228 3.11454 -3.15517
0 0 383 577.477 -1.98114 3.12631 -3.18086
0 0 384 577.471 -1.97452 3.11338 -3.28597
0 0 385 577.427 -2.01521 3.13013 -3.14326
0 0 386 577.408 -2.06965 3.17651 -3.15333
0 0 387 577.416 -2.081 3.24282 -3.10001
0 0 388 577.503 -1.97568 3.10835 -3.15575
0 0 389 577.374 -1.9644 3.10863 -3.29291
0 0 390 577.452 -2.00337 3.22867 -3.21921
0 0 391 577.369 -1.95932 3.16862 -3.24905
0 0 392 577.438 -1.98739 3.13221 -3.16009
0 0 393 577.414 -2.06614 3.17084 -3.18591
0 0 394 577.541 -1.97401 3.15268 -3.16122
0 0 395 577.457 -2.06217 3.13769 -3.16921
0 0 396 577.508 -2.04024 3.07903 -3.13057
0 0 397 577.382 -1.95545 3.10342 -3.19301
0 0 398 577.385 -1.97832 3.09512 -3.23891
0 0 399 577.52 -1.97327 3.13005 -3.20387
0 0 400 577.489 -2.08114 3.17993 -3.20136
0 0 401 577.559 -1.93128 3.16987 -3.17023
0 0 402 577.495 -2.02686 3.18985 -3.21931
0 0 403 577.502 -2.07386 3.19987 -3.23593
0 0 404 577.435 -1.98105 3.1406 -3.11105
0 0 405 577.479 -1.99888 3.22632 -3.18599
0 0 406 577.482 -1.89849 3.10896 -3.24278
0 0 407 577.514 -2.01064 3.18526 -3.21482
0 0 408 577.491 -2.01537 3.15098 -3.17276
0 0 409 577.516 -2.04097 3.20964 -3.2421
0 0 410 577.502 -2.05711 3.10783 -3.19976
0 0 411 577.508 -1.98432 3.20433 -3.11278
0 0 412 577.452 -1.97211 3.16856 -3.21091
0 0 413 577.585 -2.01642 3.21304 -3.2288
0 0 414 577.505 -1.96683 3.19487 -3.16419
0 0 415 577.46 -2.08632 3.06248 -3.15899
0 0 416 577.456 -2.01227 3.11475 -3.1084
0 0 417 577.599 -1.94766 3.22753 -3.24155
0 0 418 577.565 -2.01005 3.18918 -3.24487
0 0 419 577.488 -2.02981 3.25227 -3.20193
0 0 420 577.641 -1.98164 3.23829 -3.19075
0 0 421 577.588 -1.89952 3.18695 -3.19489
0 0 422 577.617 -1.97669 3.22555 -3.20984
0 0 423 577.571 -1.93303 3.2368 -3.13849
0 0 424 577.582 -1.97776 3.23627 -3.13745
0 0 425 577.528 -2.05854 3.2466 -3.1654
0 0 426 577.428 -1.98793 3.21726 -3.07256
0 0 427 577.668 -1.92885 3.18116 -3.2372
0 0 428 577.592 -1.97097 3.23402 -3.19478
0 0 429 577.701 -1.96615 3.2495 -3.14158
0 0 430 577.642 -2.0185 3.23331 -3.15035
0 0 431 577.624 -2.01438 3.2873 -3.14042
0 0 432 577.685 -1.99346 3.20028 -3.15451
0 0 433 577.639 -2.05353 3.27299 -3.19878
0 0 434 577.592 -2.1448 3.24601 -3.24795
0 0 435 577.624 -2.00014 3.22296 -3.16494
0 0 436 577.707 -1.93891 3.29765 -3.21519
0 0 437 577.657 -2.06985 3.34826 -3.2303
0 0 438 577.699 -2.01847 3.28033 -3.15941
0 0 439 577.786 -1.94293 3.38954 -3.20619
0 0 440 577.76 -1.99496 3.22431 -3.10219
0 0 441 577.716 -1.97448 3.32068 -3.19858
0 0 442 577.765 -1.98735 3.24462 -3.26938
0 0 443 577.739 -1.96901 3.25227 -3.22696
0 0 444 577.8 -1.89718 3.19518 -3.19245
0 0 445 577.747 -1.93215 3.31728 -3.21109
0 0 446 577.786 -1.94396 3.32815 -3.17492
0 0 447 577.768 -1.94715 3.29488 -3.2475
0 0 448 577.866 -2.05224 3.34688 -3.18253
0 0 449 577.775 -2.01572 3.32774 -3.16472
0 0 450 577.759 -2.00348 3.29034 -3.13917
0 0 451 577.813 -1.99481 3.29262 -3.27642
0 0 452 577.89 -1.90769 3.32371 -3.34084
0 0 453 577.885 -1.94717 3.26165 -3.21479
0 0 454 577.788 -1.95773 3.27302 -3.18142
0 0 455 577.927 -1.83936 3.43165 -3.14714
0 0 456 577.877 -1.9611 3.37691 -3.24948
0 0 457 577.934 -1.98827 3.22409 -3.20526
0 0 458 577.917 -1.87489 3.26054 -3.20051
0 0 459 577.941 -2.02477 3.29947 -3.27147
0 0 460 577.824 -1.99577 3.247 -3.1559
0 0 461 577.834 -1.90839 3.27438 -3.09906
0 0 462 577.81 -1.96887 3.21858 -3.25906
0 0 463 578.001 -2.03332 3.34365 -3.24812
0 0 464 577.917 -1.97213 3.39494 -3.20621
0 0 465 577.936 -1.87371 3.27169 -3.2544
0 0 466 577.932 -1.93068 3.30874 -3.21566
0 0 467 577.942 -1.99198 3.34691 -3.29825
0 0 468 578.036 -2.06292 3.35301 -3.2045
0 0 469 577.996 -2.02413 3.33413 -3.21486
0 0 470 577.864 -1.95791 3.34065 -3.24069
0 0 471 578.051 -1.8898 3.29318 -3.28153
0 0 472 577.926 -2.04606 3.41017 -3.25649
0 0 473 577.954 -2.09546 3.30786 -3.31009
0 0 474 578.059 -1.97287 3.34839 -3.27354
0 0 475 577.958 -1.97272 3.38662 -3.23736
0 0 476 577.96 -1.9659 3.26819 -3.28847
0 0 477 577.977 -1.88865 3.36144 -3.24456
0 0 478 577.965 -1.94991 3.35919 -3.25539
0 0 479 577.952 -2.01924 3.27746 -3.30992
0 0 480 577.983 -2.02436 3.27269 -3.21766
0 0 481 577.907 -1.9636 3.26053 -3.26854
0 0 482 577.951 -1.92361 3.28363 -3.29148
0 0 483 577.991 -1.99831 3.30015 -3.22874
0 0 484 577.932 -1.91813 3.3086 -3.28152
0 0 485 578.013 -1.98921 3.25697 -3.215
0 0 486 578.03 -2.02568 3.36429 -3.15803
0 0 487 578.034 -1.93485 3.27255 -3.23101
0 0 488 578.009 -1.93612 3.26504 -3.36381
0 0 489 578.06 -1.99064 3.14237 -3.27832
0 0 490 577.998 -2.04032 3.35031 -3.27312
0 0 491 577.914 -2.00794 3.28937 -3.24778
0 0 492 578.006 -1.97385 3.27731 -3.33546
0 0 493 577.987 -2.0278 3.27966 -3.29864
0 0 494 578.064 -1.99537 3.30471 -3.24155
0 0 495 578.117 -2.03477 3.3171 -3.22016
0 0 496 578.02 -1.95377 3.25779 -3.20392
0 0 497 578.044 -1.9705 3.31178 -3.29697
0 0 498 577.962 -1.91285 3.28258 -3.19385
0 0 499 578.125 -1.98024 3.2261 -3.24085
0 0 500 578.051 -2.01003 3.15646 -3.2887
0 0 501 578.112 -2.04993 3.19873 -3.2806
0 0 502 578.165 -2.02358 3.18498 -3.37601
0 0 503 578.086 -1.96891 3.20959 -3.23234
0 0 504 578.177 -2.02035 3.14103 -3.23346
0 0 505 578.172 -2.05422 3.22859 -3.3873
0 0 506 578.171 -1.95324 3.25835 -3.33854
0 0 507 578.092 -1.97886 3.24691 -3.32566
0 0 508 578.144 -1.98329 3.21993 -3.25928
0 0 509 578.172 -2.03586 3.24174 -3.30159
0 0 510 578.183 -1.96182 3.16127 -3.31363
0 0 511 578.236 -2.03812 3.23055 -3.29364
0 0 512 578.3 -1.90031 3.25289 -3.26812
0 0 513 578.278 -2.06322 3.16618 -3.26908
0 0 514 578.25 -1.9656 3.21941 -3.31106
0 0 515 578.281 -2.03446 3.22434 -3.21942
0 0 516 578.387 -1.9528 3.15979 -3.22924
0 0 517 578.343 -2.04096 3.17999 -3.29386
0 0 518 578.353 -2.01157 3.12071 -3.3203
0 0 519 578.316 -1.97149 3.13754 -3.31017
0 0 520 578.29 -2.04462 3.218 -3.25556
0 0 521 578.345 -2.02597 3.18424 -3.21307
0 0 522 578.347 -1.95027 3.20998 -3.30179
0 0 523 578.206 -1.97905 3.22215 -3.25042
0 0 524 578.269 -2.03849 3.22414 -3.18978
0 0 525 578.271 -1.8942 3.17423 -3.19499
0 0 526 578.188 -2.00283 3.08969 -3.23062
0 0 527 578.164 -2.02138 3.21125 -3.27174
0 0 528 578.171 -1.98671 3.18197 -3.24878
0 0 529 578.077 -2.05865 3.10601 -3.21543
0 0 530 578.088 -2.06401 3.23813 -3.21321
0 0 531 578.088 -1.98523 3.11017 -3.32981
0 0 532 578.156 -1.99334 3.21626 -3.28675
0 0 533 577.957 -1.98098 3.17928 -3.28068
0 0 534 578.092 -2.00889 3.0462 -3.22839
0 0 535 577.99 -2.04425 3.17184 -3.27449
0 0 536 577.913 -2.01515 3.15515 -3.2283
0 0 537 577.971 -2.00976 3.08011 -3.32612
0 0 538 577.858 -2.00481 3.06982 -3.20717
0 0 539 577.933 -1.98297 3.18767 -3.20688
0 0 540 577.887 -2.01201 3.07727 -3.27972
0 0 541 577.842 -2.00317 3.18313 -3.22313
0 0 542 577.628 -2.02525 3.22145 -3.29109
0 0 543 577.684 -1.939 2.98984 -3.27275
0 0 544 577.756 -2.04 3.14234 -3.30593
0 0 545 577.747 -2.02151 3.07897 -3.24328
0 0 546 577.792 -2.06325 3.10314 -3.1216
0 0 547 577.623 -2.03353 3.07594 -3.26659
0 0 548 577.663 -1.98823 3.07398 -3.25019
0 0 549 577.766 -2.01459 3.09481 -3.25844
0 0 550 577.713 -1.93637 3.14167 -3.26447
0 0 551 577.688 -2.05216 3.03611 -3.26044
0 0 552 577.722 -2.07542 3.18658 -3.1873
0 0 553 577.724 -2.01258 3.12249 -3.22776
0 0 554 577.551 -1.97005 3.1388 -3.25614
0 0 555 577.634 -1.94713 3.14355 -3.24018
0 0 556 577.662 -1.96008 3.11931 -3.19131
0 0 557 577.734 -2.06383 3.16451 -3.23667
0 0 558 577.683 -2.01369 3.14704 -3.13692
0 0 559 577.742 -1.95672 3.16219 -3.20811
0 0 560 577.708 -1.96454 3.14496 -3.33741
0 0 561 577.74 -1.99529 3.13668 -3.23064
0 0 562 577.661 -1.98772 3.16216 -3.2491
0 0 563 577.633 -1.9582 3.20314 -3.32806
0 0 564 577.663 -2.03683 3.03852 -3.27953
0 0 565 577.597 -1.99199 3.15985 -3.29931
0 0 566 577.732 -1.97734 2.98954 -3.17622
0 0 567 577.758 -1.97583 3.18023 -3.17678
0 0 568 577.619 -2.0286 3.10286 -3.25183
0 0 569 577.651 -2.03253 3.20209 -3.26484
0 0 570 577.704 -1.9778 3.1332 -3.30934
0 0 571 577.619 -2.02686 3.04864 -3.23578
0 0 572 577.612 -1.99666 3.26627 -3.15583
0 0 573 577.582 -1.94144 3.13608 -3.17291
0 0 574 577.674 -1.94049 3.15116 -3.24997
0 0 575 577.519 -2.05524 3.06494 -3.29086
0 0 576 577.655 -2.07403 3.23464 -3.24844
0 0 577 577.559 -1.96654 3.1138 -3.25089
0 0 578 577.646 -2.03506 3.19281 -3.26204
0 0 579 577.642 -2.01016 3.1715 -3.1935
0 0 580 577.639 -1.97843 3.13186 -3.33292
0 0 581 577.517 -2.0528 3.065 -3.26686
0 0 582 577.618 -2.05579 3.15046 -3.19333
0 0 583 577.666 -2.07913 3.05314 -3.31919
0 0 584 577.664 -1.98262 3.17786 -3.38306
0 0 585 577.638 -1.96856 3.16599 -3.24126
0 0 586 577.611 -2.00029 3.13078 -3.22065
0 0 587 577.703 -2.03582 3.06695 -3.26193
0 0 588 577.57 -2.07833 3.20551 -3.23966
0 0 589 577.673 -2.02596 3.15456 -3.19494
0 0 590 577.553 -2.02884 3.08754 -3.2539
0 0 591 577.569 -2.02521 3.1242 -3.26196
0 0 592 577.563 -2.05321 3.13272 -3.1948
0 0 593 577.663 -1.99401 3.00603 -3.20149
0 0 594 577.587 -2.02772 3.09143 -3.2283
0 0 595 577.589 -2.0527 3.17993 -3.16398
0 0 596 577.52 -2.02826 3.15409 -3.32811
0 0 597 577.518 -2.00799 3.01655 -3.35054
0 0 598 577.631 -2.01613 3.18417 -3.35342
0 0 599 577.596 -2.01945 3.10594 -3.23438
0 0 600 577.643 -2.01769 3.04173 -3.21697
0 0 601 577.56 -2.05474 3.12218 -3.23726
0 0 602 577.536 -2.08736 3.10523 -3.27602
0 0 603 577.595 -1.9865 3.10592 -3.25765
0 0 604 577.607 -2.02076 3.09392 -3.24712
0 0 605 577.601 -1.9764 3.05846 -3.19029
0 0 606 577.582 -1.91255 3.05447 -3.27045
0 0 607 577.532 -1.93806 3.03559 -3.19754
0 0 608 577.526 -2.07061 3.14531 -3.2988
0 0 609 577.483 -2.06965 3.0302 -3.3191
0 0 610 577.59 -2.04888 3.0442 -3.22745
0 0 611 577.564 -2.04701 3.11075 -3.30418
0 0 612 577.402 -1.95138 3.145 -3.32117
0 0 613 577.571 -2.01475 3.06057 -3.34197
0 0 614 577.519 -2.00457 3.14682 -3.24628
0 0 615 577.589 -1.86878 3.1205 -3.27593
0 0 616 577.565 -2.06048 3.05672 -3.3291
0 0 617 577.481 -2.05401 3.05006 -3.26421
0 0 618 577.629 -1.95392 3.0643 -3.3098
0 0 619 577.49 -2.03099 3.02616 -3.29617
0 0 620 577.549 -1.95952 3.10877 -3.26055
0 0 621 577.545 -2.02572 3.03335 -3.3253
0 0 622 577.523 -2.00964 3.02397 -3.26593
0 0 623 577.493 -1.97808 3.11916 -3.25258
0 0 624 577.499 -1.96717 3.09026 -3.32648
0 0 625 577.473 -1.95012 3.05492 -3.26386
0 0 626 577.524 -2.07621 3.03568 -3.30104
0 0 627 577.437 -2.08207 3.08273 -3.28111
0 0 628 577.53 -2.11437 3.02432 -3.2309
0 0 629 577.514 -1.95477 3.0871 -3.1443
0 0 630 577.572 -2.02125 3.04667 -3.24526
0 0 631 577.543 -1.99379 3.11894 -3.18878
0 0 632 577.661 -2.037 2.98395 -3.26855
0 0 633 577.533 -2.0995 3.02463 -3.33833
0 0 634 577.575 -1.96299 3.10271 -3.29593
0 0 635 577.513 -1.92628 3.09598 -3.2812
0 0 636 577.545 -1.88526 3.03531 -3.2605
0 0 637 577.563 -2.02874 3.04918 -3.2009
0 0 638 577.616 -2.03331 3.05952 -3.25591
0 0 639 577.56 -2.09202 3.01747 -3.22186
0 0 640 577.562 -2.13646 3.14734 -3.21561
0 0 641 577.476 -2.06531 2.97478 -3.27293
0 0 642 577.566 -1.97841 3.08334 -3.30356
0 0 643 577.663 -1.95437 2.95243 -3.2053
0 0 644 577.48 -2.00525 3.13914 -3.18545
0 0 645 577.517 -2.07083 3.15489 -3.1756
0 0 646 577.463 -2.0258 2.98979 -3.23136
0 0 647 577.588 -1.94194 3.05042 -3.2812
0 0 648 577.569 -1.93594 3.11054 -3.24234
0 0 649 577.614 -1.97205 3.0551 -3.23328
0 0 650 577.642 -1.97441 3.12007 -3.26041
0 0 651 577.543 -2.00475 3.10989 -3.09041
0 0 652 577.476 -2.06285 3.11851 -3.26488
0 0 653 577.479 -2.12946 3.02962 -3.07265
0 0 654 577.547 -1.99354 3.0235 -3.18049
0 0 655 577.437 -2.02636 3.03236 -3.10813
0 0 656 577.54 -2.04379 3.03972 -3.25735
0 0 657 577.544 -1.99099 3.11969 -3.14053
0 0 658 577.369 -1.97538 3.09106 -3.27007
0 0 659 577.442 -2.01381 3.03264 -3.17494
0 0 660 577.476 -2.04776 3.0736 -3.08724
0 0 661 577.491 -2.10453 3.05585 -3.2352
0 0 662 577.488 -2.03317 3.08309 -3.19133
0 0 663 577.472 -2.01968 3.04657 -3.18001
0 0 664 577.55 -2.03053 3.07019 -3.15261
0 0 665 577.468 -2.00415 3.10931 -3.24643
0 0 666 577.439 -1.97331 3.08841 -3.15986
0 0 667 577.488 -2.03272 3.13235 -3.25634
0 0 668 577.477 -2.04138 3.05983 -3.17086
0 0 669 577.485 -2.0313 3.10194 -3.17936
0 0 670 577.361 -2.04561 3.05791 -3.31882
0 0 671 577.409 -2.00358 3.11935 -3.17364
0 0 672 577.429 -1.98633 3.10733 -3.07851
0 0 673 577.506 -2.00726 3.14084 -3.11582
0 0 674 577.427 -2.09933 3.17947 -3.14614
0 0 675 577.424 -2.07627 3.09747 -3.19332
0 0 676 577.432 -2.02024 3.15363 -3.12787
0 0 677 577.461 -1.96957 3.05359 -3.15196
0 0 678 577.509 -1.96616 3.14838 -3.15484
0 0 679 577.374 -2.05951 3.06091 -3.14686
0 0 680 577.513 -1.96932 3.06152 -3.15104
0 0 681 577.388 -2.02478 3.1502 -3.26494
0 0 682 577.419 -2.0119 3.02201 -3.27599
0 0 683 577.438 -1.96045 3.05567 -3.16903
0 0 684 577.32 -2.04546 3.03662 -3.28365
0 0 685 577.426 -2.03682 3.14799 -3.19973
0 0 686 577.46 -1.89723 3.15915 -3.12541
0 0 687 577.365 -2.00612 3.02933 -3.215
0 0 688 577.488 -2.00869 3.04863 -3.17761
0 0 689 577.35 -1.9635 3.16763 -3.20466
0 0 690 577.431 -2.0005 3.10924 -3.21783
0 0 691 577.503 -2.00213 3.05165 -3.15412
0 0 692 577.4 -1.95257 3.0745 -3.16635
0 0 693 577.473 -2.06751 3.10484 -3.21484
0 0 694 577.417 -1.97641 3.08131 -3.18809
0 0 695 577.317 -1.96834 3.08431 -3.19694
0 0 696 577.433 -2.04649 3.08969 -3.27048
0 0 697 577.503 -1.99007 3.07376 -3.2154
0 0 698 577.493 -1.9879 3.04817 -3.13796
0 0 699 577.389 -1.99171 3.11338 -3.18965
0 0 700 577.359 -1.97117 3.11799 -3.20503
0 0 701 577.444 -1.94011 3.03649 -3.16935
0 0 702 577.377 -2.04213 3.05727 -3.23728
0 0 703 577.504 -2.03431 3.06344 -3.19686
0 0 704 577.402 -1.92765 3.13924 -3.09448
0 0 705 577.458 -2.06867 3.08699 -3.16956
0 0 706 577.409 -2.0559 3.08588 -3.28931
0 0 707 577.334 -2.01477 3.13545 -3.21022
0 0 708 577.29 -2.00313 3.1811 -3.23332
0 0 709 577.435 -2.04012 3.07315 -3.15568
0 0 710 577.374 -2.09906 3.11759 -3.16924
0 0 711 577.326 -2.00964 3.04977 -3.20465
0 0 712 577.34 -2.04892 3.08955 -3.27083
0 0 713 577.414 -2.05397 3.08605 -3.25586
0 0 714 577.342 -1.9739 3.20418 -3.14639
0 0 715 577.445 -1.97276 3.10854 -3.12146
0 0 716 577.385 -2.02431 3.11583 -3.171
0 0 717 577.39 -2.03525 3.16296 -3.19639
0 0 718 577.436 -2.02805 3.11439 -3.14945
0 0 719 577.478 -2.06538 3.16097 -3.15531
0 0 720 577.457 -1.95957 3.05566 -3.24718
0 0 721 577.47 -2.06693 3.12108 -3.24357
0 0 722 577.45 -1.98467 3.15227 -3.17183
0 0 723 577.374 -1.94406 3.09959 -3.19735
0 0 724 577.399 -1.94381 3.15311 -3.27158
0 0 725 577.472 -2.02625 3.08787 -3.20458
0 0 726 577.414 -1.99679 3.08781 -3.18227
0 0 727 577.398 -2.04197 3.13369 -3.14689
0 0 728 577.423 -1.93757 3.05129 -3.16328
0 0 729 577.45 -1.87558 3.10505 -3.20176
0 0 730 577.309 -1.97607 3.0619 -3.21238
0 0 731 577.451 -1.97749 3.11772 -3.28959
0 0 732 577.545 -1.99657 3.13277 -3.13876
0 0 733 577.403 -1.97484 3.05218 -3.22493
0 0 734 577.346 -1.95482 3.12444 -3.21557
0 0 735 577.482 -1.9135 3.0641 -3.2028
0 0 736 577.446 -2.05166 3.10477 -3.15319
0 0 737 577.468 -1.94681 3.07265 -3.20721
0 0 738 577.424 -1.97536 3.11333 -3.12998
0 0 739 577.337 -1.97025 3.08477 -3.16898
0 0 740 577.432 -1.99217 3.09502 -3.16591
0 0 741 577.349 -2.03412 3.18575 -3.14677
0 0 742 577.464 -1.96514 3.16051 -3.1759
0 0 743 577.519 -1.98887 3.12551 -3.16085
0 0 744 577.394 -2.01223 3.05967 -3.1156
0 0 745 577.447 -2.03081 3.15086 -3.19979
0 0 746 577.435 -2.00831 3.13938 -3.11574
0 0 747 577.449 -2.07838 3.14448 -3.13637
0 0 748 577.426 -2.07008 3.20298 -3.16245
0 0 749 577.304 -2.05373 3.12617 -3.1789
0 0 750 577.423 -1.96026 3.0178 -3.14414
0 0 751 577.409 -2.00292 3.18073 -3.24381
0 0 752 577.396 -1.94705 3.07715 -3.30699
0 0 753 577.402 -1.95233 3.06621 -3.2369
0 0 754 577.394 -2.06129 3.13895 -3.1606
0 0 755 577.438 -1.92319 3.17015 -3.25204
0 0 756 577.425 -2.04086 3.12015 -3.20216
0 0 757 577.397 -2.0484 3.12129 -3.13568
0 0 758 577.458 -1.95769 2.98051 -3.20806
0 0 759 577.351 -2.11336 3.11655 -3.19538
0 0 760 577.389 -2.04162 3.05163 -3.16171
0 0 761 577.365 -2.00115 3.15649 -3.21093
0 0 762 577.423 -1.97982 3.21962 -3.28776
0 0 763 577.495 -2.00298 3.08803 -3.21404
0 0 764 577.301 -1.95739 3.11039 -3.15762
0 0 765 577.448 -2.02203 3.0671 -3.19918
0 0 766 577.43 -2.03255 3.00408 -3.26885
0 0 767 577.369 -1.95791 3.07194 -3.17627
0 0 768 577.362 -1.99542 3.15418 -3.18352
0 0 769 577.392 -1.97881 3.15199 -3.17869
0 0 770 577.465 -1.95576 3.02631 -3.16558
0 0 771 577.373 -1.9749 3.10926 -3.20703
0 0 772 577.382 -1.9755 3.07403 -3.21543
0 0 773 577.433 -2.07251 3.04253 -3.11768
0 0 774 577.388 -1.98942 3.12893 -3.2268
0 0 775 577.368 -2.01932 3.06367 -3.26965
0 0 776 577.344 -2.0453 3.13966 -3.19048
0 0 777 577.314 -1.99659 3.15137 -3.15341
0 0 778 577.262 -2.02096 3.12437 -3.19852
0 0 779 577.44 -2.06575 3.07799 -3.15989
0 0 780 577.291 -1.98973 3.10054 -3.14978
0 0 781 577.41 -2.04277 3.08923 -3.14856
0 0 782 577.393 -2.00104 3.07968 -3.19651
0 0 783 577.402 -2.03498 3.115 -3.1617
0 0 784 577.419 -1.98692 3.00578 -3.09015
0 0 785 577.459 -1.92129 3.11658 -3.18102
0 0 786 577.363 -2.00261 3.1383 -3.23711
0 0 787 577.273 -1.93106 3.06713 -3.22085
0 0 788 577.313 -2.07121 3.14388 -3.11449
0 0 789 577.359 -2.00833 3.05098 -3.18337
0 0 790 577.531 -1.97687 2.99841 -3.16267
0 0 791 577.331 -2.02053 3.07838 -3.18362
0 0 792 577.362 -1.9941 3.16429 -3.19407
0 0 793 577.464 -1.99635 3.07943 -3.17458
0 0 794 577.349 -1.99783 3.23952 -3.19493
0 0 795 577.305 -2.02339 2.95829 -3.16543
0 0 796 577.36 -2.00697 3.03029 -3.1474
0 0 797 577.344 -1.94592 3.13508 -3.15878
0 0 798 577.491 -2.09769 3.1914 -3.22028
0 0 799 577.392 -2.04772 3.14194 -3.23232
0 0 800 577.344 -1.96112 3.10341 -3.20911
0 0 801 577.382 -1.94095 3.11818 -3.18254
0 0 802 577.331 -2.07522 3.10554 -3.16368
0 0 803 577.369 -2.01569 3.04385 -3.16306
0 0 804 577.344 -1.99065 3.1127 -3.14361
0 0 805 577.373 -2.0511 3.06888 -3.20724
0 0 806 577.386 -2.01937 3.13113 -3.08467
0 0 807 577.367 -1.99313 3.08571 -3.20785
0 0 808 577.456 -2.03965 3.02502 -3.24458
0 0 809 577.394 -2.09042 3.15098 -3.23354
0 0 810 577.387 -1.987 3.08038 -3.16372
0 0 811 577.42 -2.06224 3.05305 -3.12435
0 0 812 577.491 -1.9757 3.10721 -3.14105
0 0 813 577.448 -2.06671 3.08547 -3.11557
0 0 814 577.455 -2.10709 3.14872 -3.14132
0 0 815 577.352 -2.06655 3.18452 -3.16111
0 0 816 577.336 -1.93102 3.03584 -3.17239
0 0 817 577.4 -2.03744 3.10615 -3.19021
0 0 818 577.345 -1.9311 3.15797 -3.23161
0 0 819 577.449 -2.01908 3.07221 -3.27192
0 0 820 577.494 -1.9423 3.15998 -3.21564
0 0 821 577.367 -1.99964 3.0691 -3.17316
0 0 822 577.467 -1.94942 3.11186 -3.13452
0 0 823 577.421 -1.94914 3.0118 -3.26682
0 0 824 577.406 -1.91016 3.06435 -3.13709
0 0 825 577.503 -1.94544 3.10079 -3.11485
0 0 826 577.409 -1.96586 3.08042 -3.16483
0 0 827 577.47 -2.03336 3.07341 -3.22943
0 0 828 577.331 -1.95211 3.05517 -3.19946
0 0 829 577.37 -2.05518 3.12542 -3.21252
0 0 830 577.378 -1.96451 3.10764 -3.22132
0 0 831 577.401 -1.95485 3.17875 -3.15357
0 0 832 577.382 -2.0905 3.14208 -3.15191
0 0 833 577.414 -1.96106 3.08184 -3.20804
0 0 834 577.362 -2.0648 3.10143 -3.16413
0 0 835 577.329 -2.05946 3.16075 -3.103
0 0 836 577.495 -2.02541 3.10357 -3.24498
0 0 837 577.32 -2.0584 3.17817 -3.17241
0 0 838 577.48 -1.93314 3.08571 -3.20532
0 0 839 577.429 -1.98527 3.14463 -3.16208
0 0 840 577.372 -2.0005 3.10968 -3.11964
0 0 841 577.399 -1.93491 3.14917 -3.20255
0 0 842 577.486 -1.96367 3.145 -3.23048
0 0 843 577.432 -1.91192 3.12019 -3.18062
0 0 844 577.318 -1.9766 3.10172 -3.24335
0 0 845 577.432 -1.97081 3.10926 -3.19549
0 0 846 577.372 -1.92955 3.10048 -3.22796
0 0 847 577.427 -2.02482 3.07791 -3.13221
0 0 848 577.345 -2.08346 3.10788 -3.16423
0 0 849 577.405 -1.86807 3.03147 -3.21654
0 0 850 577.374 -2.00925 3.08679 -3.20404
0 0 851 577.503 -1.98785 3.12691 -3.19255
0 0 852 577.345 -2.06619 3.05755 -3.3178
0 0 853 577.358 -1.99512 3.15338 -3.07539
0 0 854 577.406 -2.15421 3.0508 -3.20322
0 0 855 577.416 -1.91852 3.05517 -3.17435
0 0 856 577.343 -1.84391 3.17771 -3.20149
0 0 857 577.458 -2.00599 3.06743 -3.26344
0 0 858 577.429 -2.10791 3.10831 -3.1955
0 0 859 577.355 -2.04147 3.14254 -3.27936
0 0 860 577.371 -2.02405 3.04694 -3.21913
0 0 861 577.41 -2.02446 3.10986 -3.18375
0 0 862 577.386 -2.02854 3.13699 -3.19622
0 0 863 577.451 -2.0486 3.18933 -3.2274
0 0 864 577.428 -1.90278 3.13696 -3.20338
0 0 865 577.333 -1.92333 3.15421 -3.09103
0 0 866 577.384 -1.99163 3.08084 -3.16397
0 0 867 577.446 -2.08828 3.08921 -3.20358
0 0 868 577.355 -1.98714 3.19029 -3.12313
0 0 869 577.362 -1.98834 3.12594 -3.22407
0 0 870 577.526 -2.02231 3.08935 -3.22336
0 0 871 577.336 -1.90986 3.17022 -3.15615
0 0 872 577.423 -2.05451 3.19272 -3.17858
0 0 873 577.353 -1.98405 3.16441 -3.10918
0 0 874 577.387 -1.92927 2.99252 -3.20051
0 0 875 577.253 -1.99993 3.14867 -3.14541
0 0 876 577.463 -1.95292 3.13827 -3.25802
0 0 877 577.379 -2.04966 3.07592 -3.19225
0 0 878 577.373 -2.02736 3.1523 -3.17622
0 0 879 577.393 -2.04784 3.14577 -3.17093
0 0 880 577.349 -1.9787 3.10157 -3.16006
0 0 881 577.309 -2.01056 3.1621 -3.19788
0 0 882 577.375 -1.97152 3.11031 -3.15483
0 0 883 577.465 -2.02325 3.08645 -3.24621
0 0 884 577.344 -2.02759 2.99183 -3.23773
0 0 885 577.346 -1.87876 3.02816 -3.1829
0 0 886 577.385 -2.03107 3.10304 -3.13934
0 0 887 577.31 -2.08432 3.07221 -3.148
0 0 888 577.475 -1.99363 3.07936 -3.27217
0 0 889 577.367 -1.98649 3.1359 -3.23291
0 0 890 577.436 -2.07694 3.16504 -3.17004
0 0 891 577.341 -1.93638 3.18696 -3.15817
0 0 892 577.422 -1.97791 3.07645 -3.24386
0 0 893 577.439 -1.98228 3.10871 -3.18631
0 0 894 577.31 -2.04667 3.08587 -3.14334
0 0 895 577.311 -2.01676 3.17573 -3.13691
0 0 896 577.434 -1.99702 3.05242 -3.21029
0 0 897 577.366 -1.9402 3.02801 -3.06189
0 0 898 577.37 -1.97389 3.19069 -3.14534
0 0 899 577.249 -1.93281 3.21352 -3.22749
0 0 900 577.435 -1.9809 3.06457 -3.21492
0 0 901 577.345 -1.9658 3.09659 -3.18309
0 0 902 577.365 -2.02791 3.04065 -3.22361
0 0 903 577.396 -2.03102 3.11611 -3.12276
0 0 904 577.308 -1.99759 3.14743 -3.21815
0 0 905 577.496 -2.02354 3.1209 -3.22993
0 0 906 577.308 -1.98882 3.15181 -3.2037
0 0 907 577.462 -2.00948 3.04101 -3.14748
0 0 908 577.369 -1.93231 3.0932 -3.18073
0 0 909 577.481 -2.0663 3.18394 -3.26328
0 0 910 577.404 -2.10021 3.1692 -3.25665
0 0 911 577.338 -1.961 3.19806 -3.25356
0 0 912 577.387 -1.92243 3.09704 -3.15168
0 0 913 577.412 -2.03741 3.08569 -3.22351
0 0 914 577.413 -1.9671 3.02246 -3.17993
0 0 915 577.457 -2.09765 3.04223 -3.21052
0 0 916 577.388 -1.93029 3.13272 -3.20371
0 0 917 577.382 -1.97479 3.19291 -3.20881
0 0 918 577.489 -2.06482 3.05968 -3.23276
0 0 919 577.413 -1.95862 3.12052 -3.21226
0 0 920 577.352 -1.99976 3.15094 -3.21962
0 0 921 577.421 -1.97966 3.11708 -3.19037
0 0 922 577.432 -2.02423 3.05664 -3.12526
0 0 923 577.424 -2.06712 3.08275 -3.15057
0 0 924 577.51 -2.07156 3.08081 -3.1461
0 0 925 577.43 -2.01958 3.12669 -3.13634
0 0 926 577.454 -2.02127 3.03281 -3.14676
0 0 927 577.539 -2.05717 3.14396 -3.12589
0 0 928 577.378 -2.05322 3.14994 -3.18911
0 0 929 577.287 -2.05805 3.11115 -3.21089
0 0 930 577.437 -2.0205 3.0799 -3.15973
0 0 931 577.356 -2.03076 3.13058 -3.08914
0 0 932 577.418 -2.00653 3.13513 -3.09134
0 0 933 577.413 -2.03416 3.10085 -3.17818
0 0 934 577.364 -2.04108 3.03165 -3.16618
0 0 935 577.411 -1.98893 3.05707 -3.28852
0 0 936 577.438 -1.94654 3.1006 -3.16871
0 0 937 577.434 -2.05186 3.04515 -3.24738
0 0 938 577.431 -2.04016 3.07603 -3.28231
0 0 939 577.472 -2.03256 3.10233 -3.16016
0 0 940 577.402 -2.021 3.03701 -3.16057
0 0 941 577.524 -1.92147 3.13566 -3.15611
0 0 942 577.38 -2.04903 3.11168 -3.21851
0 0 943 577.456 -2.07929 3.14256 -3.2637
0 0 944 577.435 -1.98595 3.07845 -3.18642
0 0 945 577.357 -1.96188 3.07788 -3.20927
0 0 946 577.412 -1.91438 3.12354 -3.22766
0 0 947 577.456 -1.98447 3.0522 -3.14141
0 0 948 577.417 -2.02243 3.06754 -3.16774
0 0 949 577.363 -1.96116 3.08611 -3.13832
0 0 950 577.281 -2.00492 3.13132 -3.23341
0 0 951 577.395 -1.99189 2.97835 -3.23675
0 0 952 577.411 -1.971 3.1242 -3.20579
0 0 953 577.345 -1.97908 3.12076 -3.24296
0 0 954 577.41 -2.0719 3.17124 -3.25734
0 0 955 577.433 -1.98142 3.07756 -3.22229
0 0 956 577.47 -2.02705 3.13041 -3.14
0 0 957 577.352 -2.04032 2.98688 -3.1104
0 0 958 577.31 -2.05416 3.09857 -3.21843
0 0 959 577.346 -2.0052 3.12589 -3.18678
0 0 960 577.445 -2.01134 3.06837 -3.23166
0 0 961 577.394 -2.0415 2.99759 -3.22467
0 0 962 577.399 -1.93581 3.11584 -3.14202
0 0 963 577.463 -1.97755 3.12554 -3.12372
0 0 964 577.351 -1.96736 3.01408 -3.17621
0 0 965 577.471 -1.993 3.09154 -3.18093
0 0 966 577.401 -2.11477 2.96877 -3.20091
0 0 967 577.367 -1.96974 3.18325 -3.19157
0 0 968 577.406 -2.08637 3.20921 -3.14606
0 0 969 577.419 -1.90942 3.00186 -3.32407
0 0 970 577.416 -2.05626 3.05095 -3.21762
0 0 971 577.408 -1.97263 3.11125 -3.1161
0 0 972 577.432 -1.97697 3.14207 -3.10115
0 0 973 577.423 -1.99063 3.11682 -3.2152
0 0 974 577.35 -2.03723 3.16617 -3.2729
0 0 975 577.406 -2.01239 3.06948 -3.1899
0 0 976 577.472 -1.94415 3.15533 -3.20943
0 0 977 577.442 -1.9572 3.11806 -3.20275
0 0 978 577.283 -1.91632 3.05558 -3.2079
0 0 979 577.286 -2.05086 3.13989 -3.21067
0 0 980 577.294 -1.92788 3.15045 -3.21222
0 0 981 577.34 -2.01274 3.14361 -3.22793
0 0 982 577.405 -2.02932 3.05604 -3.15154
0 0 983 577.357 -1.93032 3.11534 -3.23747
0 0 984 577.455 -2.02686 3.10421 -3.20518
0 0 985 577.311 -1.97085 3.10887 -3.26903
0 0 986 577.389 -2.01252 3.12801 -3.13271
0 0 987 577.544 -2.06193 3.1201 -3.15645
0 0 988 577.414 -2.0294 3.08294 -3.20039
0 0 989 577.323 -2.03707 3.15145 -3.20676
0 0 990 577.38 -1.95156 3.07953 -3.15085
0 0 991 577.36 -2.01742 3.14361 -3.1828
0 0 992 577.389 -2.01617 3.09573 -3.14014
0 0 993 577.458 -1.96287 3.10776 -3.11234
0 0 994 577.401 -2.08021 3.07369 -3.22519
0 0 995 577.338 -1.92728 3.12383 -3.26828
0 0 996 577.276 -1.98816 3.14629 -3.14389
0 0 997 577.399 -2.03291 3.12992 -3.16523
0 0 998 577.303 -2.02914 3.13835 -3.19652
0 0 999 577.377 -2.03785 3.07071 -3.26389
0 0 1000 577.459 -2.02562 3.11763 -3.12722
0 0 1001 577.369 -1.96588 3.07413 -3.14678
0 0 1002 577.5 -1.95877 3.17517 -3.14904
0 0 1003 577.373 -2.00111 3.13092 -3.19399
0 0 1004 577.485 -2.03496 3.10012 -3.1885
0 0 1005 577.333 -2.0315 3.10027 -3.15505
0 0 1006 577.382 -2.04419 3.06578 -3.15044
0 0 1007 577.444 -2.0599 3.10322 -3.25105
0 0 1008 577.374 -2.02747 3.12594 -3.14064
0 0 1009 577.398 -2.01015 3.11222 -3.22019
0 0 1010 577.403 -1.98861 3.04032 -3.13723
0 0 1011 577.396 -1.99612 3.14528 -3.27578
0 0 1012 577.349 -2.02405 3.09713 -3.24312
0 0 1013 577.345 -2.093 3.09348 -3.15938
0 0 1014 577.389 -2.01289 3.08772 -3.1226
0 0 1015 577.464 -2.02677 3.12492 -3.19206
0 0 1016 577.439 -1.98516 3.13584 -3.22529
0 0 1017 577.397 -1.97651 3.09734 -3.17042
0 0 1018 577.386 -1.99766 3.05875 -3.18571
0 0 1019 577.266 -1.96491 3.07973 -3.19376
0 0 1020 577.368 -2.01326 3.12077 -3.19689
0 0 1021 577.405 -2.06015 3.13353 -3.23388
0 0 1022 577.354 -1.89643 3.11993 -3.13756
0 0 1023 577.346 -2.05269 3.10817 -3.25288
