0 0 0 0.316385 -1.29742 0.265947 -1.77771
0 0 1 1.63503 -1.81258 -2.48527 0.571594
0 0 2 0.902156 1.11301 -2.19707 0.990678
0 0 3 -0.722629 0.108653 -2.95664 -1.28856
0 0 4 0.517827 -1.20124 -1.65549 0.021317
0 0 5 -0.0772211 -2.39768 -1.14022 0.021317
0 0 6 -1.05527 0.047574 -0.493811 0.309501
0 0 7 -2.12079 2.36182 0.0825832 0.545355
0 0 8 -3.33209 0.947044 -0.755894 0.938347
0 0 9 -3.07234 0.0823976 -2.0137 1.40111
0 0 10 -2.61777 0.54533 -1.48973 2.47528
0 0 11 -1.97104 1.61947 -2.62492 2.09109
0 0 12 -0.906843 1.13042 -4.82547 1.82914
0 0 13 0.474093 1.53214 -3.98718 1.48848
0 0 14 0.316385 1.52343 -2.0137 1.38367
0 0 15 0.0804865 0.213401 -1.22745 2.11732
0 0 16 -0.181918 -1.8738 -1.25376 2.34438
0 0 17 -1.28985 -2.35401 -2.27541 1.68065
0 0 18 -0.62721 -1.26246 -1.60308 1.07804
0 0 19 0.761677 -1.22749 -0.485106 0.0126685
0 0 20 1.29444 -1.86496 -0.319152 -1.34104
0 0 21 1.40841 -2.09214 -0.0920759 -1.306
0 0 22 0.683486 -0.956782 -0.546227 -0.939249
0 0 23 -0.3383 -0.0660171 -0.0222501 -0.633621
0 0 24 -1.21166 1.28768 -0.0309546 -0.624826
0 0 25 -2.00682 2.01248 -0.921849 -0.834441
0 0 26 -2.34742 -0.127097 -0.41528 -1.55065
0 0 27 -1.56948 -2.76457 -0.886841 -0.991726
0 0 28 -1.38659 -2.38026 -1.34989 0.650163
0 0 29 -1.53502 -0.659814 -3.29744 2.29191
0 0 30 0.010247 0.300736 -2.21429 2.53655
0 0 31 1.73973 -1.60295 -1.54195 1.78546
0 0 32 0.60397 -0.755855 -1.83015 0.728732
0 0 33 -1.31635 -1.04412 -3.71658 -2.17935
0 0 34 -0.286614 0.554036 -0.188205 -1.85628
0 0 35 -0.189869 0.772374 -0.423985 0.492878
0 0 36 -0.382034 1.09546 2.33574 0.589037
0 0 37 -0.566247 -1.14886 0.0736894 -0.493926
0 0 38 0.299157 0.30958 -0.41528 -1.59433
0 0 39 -0.55697 0.213401 0.440606 -1.64666
0 0 40 -1.00226 0.03873 0.554144 -0.336642
0 0 41 -0.435045 0.03873 -0.423985 0.0912376
0 0 42 -0.321072 -1.07023 -0.493811 0.589037
0 0 43 1.06782 0.440583 1.93401 -0.223185
0 0 44 1.64431 3.07791 2.30944 0.877222
0 0 45 1.13673 2.25694 0.021462 1.12172
0 0 46 1.46937 0.431739 -2.41525 0.108681
0 0 47 0.211689 -1.60295 -1.14022 -0.956692
0 0 48 0.28988 -2.48501 -0.869432 -1.21878
0 0 49 0.0804865 -1.45454 -1.36748 -0.956692
0 0 50 0.325662 -1.39346 -0.66847 -0.694747
0 0 51 -0.0851728 -1.86496 -0.773303 -1.15766
0 0 52 -1.42105 -1.05282 -0.10097 -2.58979
0 0 53 -0.0507156 -0.729738 0.93828 -1.95229
0 0 54 0.883602 -0.43277 1.82917 0.0387605
0 0 55 0.238194 -0.738443 1.78546 1.39247
0 0 56 -0.975757 -1.66417 0.196121 1.37502
0 0 57 -2.64428 -0.790817 -1.70791 0.650163
0 0 58 -4.35388 0.667627 -3.49821 0.257171
0 0 59 -3.85823 1.33135 -2.41525 -0.406562
0 0 60 -2.30368 0.920789 -2.17966 -0.991726
0 0 61 -0.617933 2.8072 -1.78644 -0.843236
0 0 62 0.639752 1.75047 -2.52879 -0.58129
0 0 63 0.124221 -0.354141 -2.16206 -0.598734
0 0 64 0.902156 1.4448 -0.712182 0.999473
0 0 65 0.447587 1.42739 -1.24486 0.90346
0 0 66 -0.391311 2.02119 -1.32358 -0.179503
0 0 67 -1.12419 3.95127 1.8903 -0.651065
0 0 68 1.23347 1.46235 1.017 -1.27112
0 0 69 -0.216375 1.3225 0.449311 -0.703542
0 0 70 -1.56948 0.283324 -1.32358 -0.773316
0 0 71 -0.574199 -0.913114 0.650083 0.248376
0 0 72 -0.924071 -2.13567 0.676386 -0.205742
0 0 73 -1.50852 -3.04398 1.07812 -0.816998
0 0 74 -1.80538 -1.67288 -0.118379 -0.389119
0 0 75 -0.844555 0.658783 -0.485106 -0.415357
0 0 76 -1.51779 0.894671 -0.380273 -0.301755
0 0 77 -0.364806 -0.633696 0.161114 0.0912376
0 0 78 0.831917 -0.572479 -0.607349 -0.0921392
0 0 79 -1.36936 0.588997 -0.554932 0.0387605
0 0 80 -2.5038 0.562742 0.152409 -0.729634
0 0 81 -2.40838 0.047574 1.09553 -0.869475
0 0 82 -1.99754 -0.0573112 1.85529 1.21774
0 0 83 -0.888289 0.510368 1.62821 2.29191
0 0 84 -0.347577 1.33135 1.32261 1.3139
0 0 85 -0.591427 2.05615 0.999402 0.440548
0 0 86 -0.958528 3.20892 -0.135788 0.850983
0 0 87 -1.52575 3.401 -0.432689 1.19164
0 0 88 -2.08501 1.67184 0.85975 -0.633621
0 0 89 -2.22549 -0.17947 0.353182 -1.73403
0 0 90 -1.4131 -0.878152 -0.0833713 -1.29735
0 0 91 -1.15069 -0.659814 -0.109674 -1.41961
0 0 92 -1.89285 0.161027 -0.310447 -1.3148
0 0 93 -0.522513 -0.345435 0.431901 -1.27991
0 0 94 0.133497 -1.14886 -0.118379 -0.528813
0 0 95 -0.0242102 -0.441476 0.117402 -0.71219
0 0 96 -1.08045 0.588997 -1.9348 0.021317
0 0 97 0.41313 1.00812 -0.1795 1.0518
0 0 98 0.839868 0.929633 0.798629 0.13492
0 0 99 1.08504 0.606409 0.632674 0.0912376
0 0 100 -1.4396 -0.86074 -2.29301 1.20909
0 0 101 -1.1772 -1.07908 -0.319152 0.48423
0 0 102 -1.22093 0.0736917 -2.12705 1.64576
0 0 103 -2.635 0.449289 -1.55936 0.379422
0 0 104 -1.31635 1.58451 1.05182 0.781063
0 0 105 0.647704 1.54084 0.851045 1.62817
0 0 106 1.9584 0.361953 1.25278 1.69809
0 0 107 1.94912 -0.240688 -0.686068 1.27021
0 0 108 0.892879 -0.162058 -0.799606 1.02571
0 0 109 -0.897566 -0.0484671 -0.834424 1.49727
0 0 110 -1.24744 0.95575 -0.441394 -0.284311
0 0 111 0.325662 1.93385 -1.23616 -1.57674
0 0 112 0.377348 2.14348 -1.0528 -1.70779
0 0 113 -0.591427 0.126065 -0.476402 -1.50697
0 0 114 -0.250832 -1.71654 1.3139 -1.59433
0 0 115 -1.01154 -1.77762 2.64986 -1.43705
0 0 116 -2.05851 -1.01786 2.13478 -0.886918
0 0 117 -1.61321 -1.55058 0.309659 -0.223185
0 0 118 -1.05527 -1.01786 -1.0791 -0.144616
0 0 119 -1.39587 -0.799523 0.21353 -0.86068
0 0 120 -1.51779 -1.97855 1.47986 -0.738429
0 0 121 -1.10696 -2.79068 0.431901 0.615276
0 0 122 -1.3084 -2.13567 0.554144 1.42735
0 0 123 -1.2037 0.0823976 0.720098 1.54095
0 0 124 -0.722629 0.868415 0.458015 1.86403
0 0 125 0.50855 0.868415 0.536546 1.45359
0 0 126 0.82264 0.117359 0.0999924 -0.703542
0 0 127 -1.16792 0.562742 0.37078 -0.616177
0 0 128 -1.79743 2.09111 0.196121 -0.633621
0 0 129 -2.31163 1.20905 -1.30598 -0.258072
0 0 130 -0.888289 -1.17512 -1.9787 -1.306
0 0 131 -0.138184 -0.328023 -2.2493 -1.28856
0 0 132 0.0897634 -0.983038 -0.485106 -2.4152
0 0 133 1.23347 -0.738443 1.84658 -2.23183
0 0 134 0.630475 -0.633696 1.16536 -0.485131
0 0 135 3.07561 1.68055 2.47539 -0.179503
0 0 136 1.24275 1.66314 3.69801 -1.34104
0 0 137 -0.924071 1.39243 2.51911 -2.14446
0 0 138 -0.55697 0.754962 2.73748 -2.60723
0 0 139 -0.705401 1.61076 1.0257 -1.38472
0 0 140 -1.61321 1.65443 0.886053 0.222284
0 0 141 -2.06778 0.222245 4.15216 0.423104
0 0 142 -1.15069 0.685039 4.97304 1.28766
0 0 143 -0.435045 -0.135802 2.70247 1.54095
0 0 144 -0.522513 -0.886858 3.0868 0.18725
0 0 145 -0.897566 -0.249394 3.33128 -1.71658
0 0 146 -1.01949 -0.328023 1.76805 -1.91741
0 0 147 0.263374 0.23095 2.11737 -2.18815
0 0 148 -0.496008 0.789786 1.44485 -1.0615
0 0 149 -1.35213 0.30958 -1.23616 0.606481
0 0 150 -1.62249 -0.170764 -2.37154 1.9165
0 0 151 -1.24744 -1.17512 -0.782008 3.07789
0 0 152 -0.530465 -1.69029 0.327068 2.52776
0 0 153 0.770954 -1.17512 -0.773303 -0.0746956
0 0 154 1.58335 0.117359 -1.28858 -1.60298
0 0 155 0.805411 1.72422 -0.773303 -0.0484571
0 0 156 -0.199146 1.77673 -1.47213 1.40991
0 0 157 -0.503959 1.37502 -1.73421 0.300853
0 0 158 -0.355529 0.562742 -0.301742 -0.406562
0 0 159 -0.958528 0.30958 0.353182 -0.51137
0 0 160 -1.50057 0.143615 1.51467 0.344535
0 0 161 -0.783592 0.501662 3.65448 0.789858
0 0 162 0.299157 -1.37591 1.98642 1.9165
0 0 163 -0.0334871 -2.61601 0.152409 1.17405
0 0 164 1.40841 -2.18818 0.0475757 -0.31055
0 0 165 0.299157 -3.69029 -1.58567 -0.799554
0 0 166 -0.216375 -0.852035 -1.13152 -0.0398086
0 0 167 -1.36009 1.94256 -0.345455 -0.188298
0 0 168 -0.749135 2.83332 -0.135788 0.423104
0 0 169 -0.992985 4.78966 -1.63789 -2.33664
0 0 170 -0.836603 3.71538 -1.30598 -1.8038
0 0 171 -2.55681 0.894671 -1.73421 -1.86493
0 0 172 -1.16792 -0.878152 -1.81255 -0.895567
0 0 173 -1.31635 -1.08778 -0.913144 -0.284311
0 0 174 -2.20694 -2.49385 1.54098 0.440548
0 0 175 -1.49129 -3.20995 3.34869 1.40111
0 0 176 -0.591427 -1.09649 3.9862 2.65881
0 0 177 0.19446 -0.0921348 4.40554 2.11732
0 0 178 1.46937 -1.30612 3.9688 2.08229
0 0 179 1.1195 -1.44583 3.76783 1.3139
0 0 180 1.60058 0.405621 2.40538 0.667606
0 0 181 2.44743 1.54084 1.41003 0.641368
0 0 182 2.31622 0.54533 1.017 -0.266867
0 0 183 0.0367524 0.0912417 -0.293038 -0.354232
0 0 184 -0.469502 0.0213182 0.21353 -0.424006
0 0 185 -0.172641 -0.389102 2.4841 -0.886918
0 0 186 -0.591427 0.580292 2.26573 -0.991726
0 0 187 -1.18515 1.23517 1.74175 -0.825793
0 0 188 -1.52575 1.26142 2.13478 -0.223185
0 0 189 -1.37731 2.44916 2.20461 -0.266867
0 0 190 -2.04128 2.13478 2.72858 0.143568
0 0 191 -1.93658 0.361953 2.41427 0.230932
0 0 192 -1.16792 -0.362985 0.728803 -1.35848
0 0 193 0.0195239 -1.55058 0.973288 -1.88252
0 0 194 1.31167 -2.7296 2.09107 -0.982931
0 0 195 1.55684 -3.25362 1.21777 0.711289
0 0 196 0.691438 -2.99161 0.536546 0.597686
0 0 197 -0.277337 -3.00032 1.34891 -1.38472
0 0 198 -0.452274 -0.895702 1.91641 -1.43705
0 0 199 -1.36009 0.772374 -0.537523 -0.380324
0 0 200 -0.469502 0.414327 -1.83015 -0.0484571
0 0 201 -1.0725 1.4448 -1.77773 0.353183
0 0 202 0.875651 0.597703 -1.6642 1.38367
0 0 203 0.569513 1.3225 -1.0528 0.292058
0 0 204 -0.0069816 0.746118 -0.406576 -0.319198
0 0 205 -1.22093 -1.09649 -0.371568 -0.5637
0 0 206 -0.522513 -0.144646 2.07366 -0.0310136
0 0 207 0.543007 -0.581185 -0.00484092 -0.0660472
0 0 208 -0.496008 1.22646 0.300765 -1.1751
0 0 209 -0.522513 1.1915 0.484318 0.623924
0 0 210 1.19902 -0.729738 0.300765 1.78546
0 0 211 3.44271 -1.57683 -0.397871 2.46663
0 0 212 5.80965 -0.258099 1.34891 2.09109
0 0 213 6.76119 1.70681 1.40114 0.0126685
0 0 214 7.07528 1.49717 -0.476402 -1.05285
0 0 215 7.10179 2.28319 -1.32358 -0.982931
0 0 216 9.25933 2.44045 -0.834424 -0.58129
0 0 217 14.6651 3.33992 1.18295 -1.13142
0 0 218 24.6815 4.58003 4.83339 -2.28416
0 0 219 44.6468 3.23504 6.50145 -1.6729
0 0 220 71.7818 0.274618 7.57552 1.82914
0 0 221 82.4966 -0.389102 7.46217 5.78515
0 0 222 65.1263 2.5452 4.66724 6.99916
0 0 223 38.9786 3.69797 2.39686 5.49697
0 0 224 21.9753 0.03873 0.78122 2.61512
0 0 225 13.7573 -2.13567 1.10423 0.257171
0 0 226 9.86233 0.143615 1.70693 0.152363
0 0 227 6.24566 0.95575 0.650083 0.589037
0 0 228 3.35524 1.21776 -0.0309546 -0.0223651
0 0 229 2.63031 -0.0484671 -0.0398484 -0.843236
0 0 230 2.77079 -1.75151 1.34002 0.571594
0 0 231 2.01009 -0.764699 1.99513 0.589037
0 0 232 0.0897634 1.75918 -0.0659622 0.850983
0 0 233 -0.914794 2.43161 -0.10097 2.00372
0 0 234 -0.172641 2.22211 0.929576 1.68944
0 0 235 -0.163364 1.13913 -1.0528 -0.336642
0 0 236 -1.46478 -0.240688 -1.13152 0.178602
0 0 237 -2.12079 0.580292 -0.188205 -0.0484571
0 0 238 -1.45683 1.5671 -1.4023 -0.467688
0 0 239 -1.63044 0.964456 -1.47213 -0.555052
0 0 240 -0.530465 0.650077 -2.17058 -0.913157
0 0 241 -0.566247 0.746118 0.0388712 0.816096
0 0 242 -0.128907 1.5758 -0.048553 0.824745
0 0 243 0.150726 0.283324 1.42744 0.126125
0 0 244 1.08504 -0.275649 0.973288 0.964586
0 0 245 1.31167 0.842297 0.178523 0.68505
0 0 246 0.753726 -1.00916 0.754917 0.178602
0 0 247 -0.827326 -1.84755 -0.0659622 0.309501
0 0 248 -1.4131 0.0999476 0.169818 0.842335
0 0 249 -0.827326 1.83781 1.19166 -0.21439
0 0 250 -1.32563 1.8204 1.36632 -1.70779
0 0 251 -1.86634 0.676333 2.8073 -1.21878
0 0 252 -1.38659 -1.6118 3.76783 -1.43705
0 0 253 -0.731906 -3.12261 2.781 -1.86493
0 0 254 -0.486731 -2.58119 2.36186 -1.51562
0 0 255 -0.583476 -1.51576 3.24386 -0.834441
0 0 256 -1.16792 -1.06153 3.27886 -0.965488
0 0 257 -1.1772 -0.310473 0.824742 -1.20999
0 0 258 -0.189869 0.195989 -0.895546 -0.834441
0 0 259 0.936613 -0.153352 -0.214508 -1.52441
0 0 260 1.10227 0.379365 -0.930553 -1.53306
0 0 261 -0.739858 -0.258099 -0.930553 -0.406562
0 0 262 -1.89285 -1.06153 -1.0967 0.615276
0 0 263 -1.40382 -1.00916 0.292061 1.78546
0 0 264 0.185183 0.361953 2.87713 0.658811
0 0 265 0.394576 -0.694776 2.75489 -0.913157
0 0 266 -0.374082 -1.43713 0.562848 -0.904362
0 0 267 -0.0851728 -1.33224 -0.624947 0.0563506
0 0 268 1.3554 -0.354141 2.22202 0.466786
0 0 269 0.114944 1.96881 2.91214 1.61952
0 0 270 -0.40854 3.66301 1.24408 0.344535
0 0 271 0.403853 1.96881 2.4665 -0.520165
0 0 272 0.50855 2.38794 -0.0309546 0.589037
0 0 273 0.377348 2.97317 0.78122 0.0563506
0 0 274 1.28516 2.90324 2.16089 -0.327993
0 0 275 0.246146 -0.0921348 1.47115 -0.336642
0 0 276 -0.503959 -1.07023 0.632674 0.746176
0 0 277 -0.155412 -1.27987 1.34002 0.877222
0 0 278 -0.924071 -2.41523 1.17425 1.07804
0 0 279 -1.77092 -2.32789 0.554144 2.53655
0 0 280 -1.7802 -4.26654 -1.13152 1.68065
0 0 281 -1.88489 -3.07895 -1.16633 -0.170708
0 0 282 -1.63044 -2.3366 -0.214508 -0.0484571
0 0 283 -1.36009 -0.852035 1.44485 0.431753
0 0 284 0.00229531 -0.100979 2.87713 -0.170708
0 0 285 1.06782 -0.459026 3.07809 -1.0615
0 0 286 0.578789 -1.83013 2.01254 -0.476483
0 0 287 0.150726 -2.93039 1.37502 0.248376
0 0 288 0.272651 -2.38026 1.40114 0.894665
0 0 289 0.788183 -0.92182 1.19166 1.14796
0 0 290 0.647704 -0.0660171 0.886053 0.326945
0 0 291 -0.435045 -0.0223495 1.17425 -0.21439
0 0 292 0.158678 -0.205726 1.58469 -0.0223651
0 0 293 -0.155412 -0.415358 -0.598644 0.388217
0 0 294 -1.51779 -0.93937 -0.406576 0.754971
0 0 295 -1.36936 -1.22749 1.66322 1.02571
0 0 296 -2.5303 -0.546361 1.32261 1.33999
0 0 297 -2.7662 0.554036 0.318364 1.25277
0 0 298 -0.452274 1.08675 0.877159 1.75057
0 0 299 0.333614 2.72857 1.91641 -0.135821
0 0 300 1.94912 1.83781 0.0125682 -0.895567
0 0 301 1.04131 0.903377 -0.764599 -1.21878
0 0 302 1.52106 -0.205726 -1.6818 -0.816998
0 0 303 1.97563 -0.93937 -0.1795 -0.913157
0 0 304 1.75696 -2.62486 -1.89998 -1.306
0 0 305 -1.62249 -0.694776 -0.450288 -2.15311
0 0 306 -0.425768 -2.30163 -0.974265 -1.74268
0 0 307 -0.827326 -2.31034 0.615265 -1.04406
0 0 308 -2.1632 0.431739 1.05182 -0.153265
0 0 309 -3.24728 0.0300241 -2.14465 0.877222
0 0 310 -1.77092 -0.406652 -3.76881 0.431753
0 0 311 -0.731906 -0.371691 -3.26224 0.414309
0 0 312 0.177231 -0.406652 -2.24078 0.693845
0 0 313 -0.749135 0.187283 -0.878136 -0.127173
0 0 314 -2.91463 0.807336 -0.502705 -0.144616
0 0 315 -3.18499 1.73306 -1.67309 0.615276
0 0 316 -0.853832 0.885965 -2.03092 0.414309
0 0 317 0.805411 -0.336729 -1.69031 0.667606
0 0 318 0.778906 -0.983038 0.108697 1.75057
0 0 319 0.761677 -1.17512 1.27889 2.90331
0 0 320 0.735172 -0.293061 1.24408 2.37927
0 0 321 0.455539 -1.92618 1.20036 0.519117
0 0 322 0.535055 -3.83871 -0.0135455 -0.808349
0 0 323 1.28516 -3.28844 -0.0833713 -1.22743
0 0 324 2.65682 -2.87802 1.47115 -0.58129
0 0 325 3.93173 -3.7077 1.86399 0.510468
0 0 326 3.25982 -3.961 2.41427 0.196045
0 0 327 1.05059 -2.3366 1.34891 1.26142
0 0 328 -0.906843 -1.41958 0.379485 2.09988
0 0 329 -2.99282 0.405621 0.903462 0.83354
0 0 330 -2.81921 -0.162058 0.0736894 -1.43705
0 0 331 -0.678895 -0.729738 -3.24483 -2.0571
0 0 332 0.700715 1.12172 -2.90422 -1.21878
0 0 333 -0.138184 2.04744 -1.89127 0.702493
0 0 334 -0.591427 0.754962 -1.32358 1.33134
0 0 335 -0.503959 1.70681 -0.956667 0.859778
0 0 336 0.866374 1.18279 0.0736894 0.641368
0 0 337 -0.364806 1.60206 -1.0967 -0.493926
0 0 338 -1.91007 1.00812 -2.09205 -0.790759
0 0 339 -0.233603 -0.869446 0.0125682 1.37502
0 0 340 -0.0334871 -1.71654 2.5017 -0.0660472
0 0 341 0.41313 0.562742 0.7025 -1.11398
0 0 342 -1.16792 0.70245 2.71099 -0.930601
0 0 343 -1.91935 0.95575 2.59764 -0.371675
0 0 344 -3.95365 0.623959 2.36186 -0.703542
0 0 345 -3.08029 0.519074 1.52357 -1.96109
0 0 346 -2.20694 0.903377 -0.720886 -1.78636
0 0 347 -0.277337 1.12172 -2.12705 -1.15766
0 0 348 0.902156 -0.694776 -3.07888 -1.00917
0 0 349 0.499273 -1.13145 -4.3628 0.606481
0 0 350 -0.163364 -0.415358 -4.34539 2.46663
0 0 351 0.666258 -0.651108 -1.53325 1.76801
0 0 352 0.586741 -0.86074 0.126106 0.0998861
0 0 353 -0.207098 -1.17512 -1.69031 -0.415357
0 0 354 -0.225652 -0.135802 -1.89127 0.257171
0 0 355 -0.749135 0.344403 -0.048553 0.33574
0 0 356 -1.33358 1.29639 -0.223212 -0.21439
0 0 357 -0.932023 2.22211 -1.47213 -1.01782
0 0 358 -0.0944497 1.41868 -2.14465 -1.39337
0 0 359 -0.355529 0.763668 -1.55936 -0.135821
0 0 360 -0.24288 0.187283 0.0825832 0.501673
0 0 361 0.41313 1.07805 0.265947 -0.424006
0 0 362 0.360119 1.49717 -1.48973 -0.816998
0 0 363 -0.827326 -0.537517 -1.79533 -0.703542
0 0 364 -0.0772211 -0.799523 -1.80404 0.370627
0 0 365 0.902156 0.475406 -1.11392 -0.179503
0 0 366 0.43831 1.46235 -1.15782 -0.0572521
0 0 367 -1.01154 3.0605 -1.89998 1.61952
0 0 368 -1.84911 2.09981 -0.773303 1.28766
0 0 369 -1.94586 1.47976 -2.78198 1.97763
0 0 370 -1.11624 0.4667 -0.642356 0.728732
0 0 371 -3.01933 -0.389102 -0.755894 1.02571
0 0 372 -1.93658 -2.95665 -1.58567 0.894665
0 0 373 -1.05527 -3.82116 -0.476402 1.03436
0 0 374 0.866374 -2.12696 0.798629 1.33134
0 0 375 0.133497 0.248362 2.44039 2.4404
0 0 376 0.150726 0.134909 2.15219 2.20469
0 0 377 -0.705401 0.597703 1.33131 1.68944
0 0 378 0.60397 -1.76892 -0.624947 1.63697
0 0 379 0.82264 -1.85625 1.06071 0.379422
0 0 380 1.66154 -1.83884 0.641379 0.0387605
0 0 381 1.32889 -1.40216 0.493023 0.13492
0 0 382 0.177231 -0.581185 0.265947 0.650163
0 0 383 -0.705401 -0.965488 -0.048553 0.641368
0 0 384 -2.12875 -1.55942 0.300765 0.178602
0 0 385 -2.45211 -1.83884 0.93828 -0.21439
0 0 386 -2.46934 0.0213182 0.152409 -0.458893
0 0 387 -1.19443 1.47976 -0.581235 -0.240629
0 0 388 -1.1772 1.88148 -0.747189 1.75057
0 0 389 -2.24272 2.13478 -0.371568 3.0518
0 0 390 -1.71791 0.999418 -0.118379 1.97763
0 0 391 -0.827326 -0.441476 -1.11392 0.0912376
0 0 392 -0.65239 -0.633696 -1.48083 -0.319198
0 0 393 -0.783592 0.597703 0.230939 -0.240629
0 0 394 0.307108 0.816042 1.23537 -1.04406
0 0 395 0.936613 -0.45032 0.754917 -1.60298
0 0 396 -0.566247 0.519074 0.912167 -1.4284
0 0 397 -1.32563 1.74177 -0.127083 -0.677303
0 0 398 -1.5443 1.96881 -1.55936 -0.380324
0 0 399 -1.84911 2.40549 -0.162091 -0.904362
0 0 400 -0.914794 1.21776 1.11294 -0.0746956
0 0 401 -1.7802 -1.12275 1.97753 -0.0746956
0 0 402 -0.696124 -1.21879 2.31814 -1.25367
0 0 403 -0.574199 0.0562799 -1.376 -1.54186
0 0 404 0.927337 -0.86074 -3.4458 -1.62922
0 0 405 1.13673 1.94256 -3.55044 -0.502575
0 0 406 0.0632579 0.842297 -2.24078 -2.49377
0 0 407 -1.94586 2.25694 -2.24078 -2.08334
0 0 408 -0.311795 1.43609 -1.07039 -1.33224
0 0 409 -0.992985 0.379365 1.51467 0.0912376
0 0 410 -0.530465 -0.0660171 0.93828 0.204694
0 0 411 -0.985034 0.257068 1.56709 -0.450244
0 0 412 -0.138184 0.0999476 -1.28006 -1.37592
0 0 413 2.02864 -0.223138 -2.27541 -1.91741
0 0 414 1.78346 0.0912417 -4.10091 -2.31905
0 0 415 1.10227 -0.834485 -3.90865 -1.64666
0 0 416 0.281928 -0.0397612 -3.98718 -0.301755
0 0 417 -0.478779 1.71551 -3.29744 0.108681
0 0 418 -1.4396 0.79863 -1.80404 0.754971
0 0 419 -1.24744 -0.127097 -1.10521 1.10428
0 0 420 0.263374 0.379365 0.388189 1.13052
0 0 421 1.12878 -0.188314 0.868455 0.449343
0 0 422 1.49588 -1.00045 0.650083 -0.109583
0 0 423 0.753726 -1.34979 0.536546 -0.389119
0 0 424 0.0288008 -2.14451 -0.0833713 -0.58129
0 0 425 0.19446 -2.60731 -0.554932 0.0126685
0 0 426 0.255423 -2.18818 0.405598 0.501673
0 0 427 0.350842 -1.72525 2.09107 -0.485131
0 0 428 0.60397 -1.68158 1.75064 -1.63787
0 0 429 0.150726 -2.13567 -0.0398484 -0.851885
0 0 430 0.350842 -0.913114 -1.57677 0.807301
0 0 431 0.875651 0.344403 -2.46767 1.33999
0 0 432 1.02408 0.134909 -2.54639 1.8117
0 0 433 -0.530465 -1.41958 -1.75143 1.27886
0 0 434 -1.39587 -1.09649 -0.41528 0.711289
0 0 435 -1.70068 -0.68607 -0.747189 -0.284311
0 0 436 -1.92863 -0.555067 -0.651061 -0.834441
0 0 437 -2.18971 -0.878152 0.449311 -0.319198
0 0 438 -1.49129 -1.99596 -0.904439 0.571594
0 0 439 -1.12419 -1.21879 -1.42861 2.01252
0 0 440 -0.513236 -0.223138 -0.913144 2.06485
0 0 441 0.613247 0.536624 -1.62919 0.414309
