0 0 0 0.00132759
0 0 1 -0.0126233
0 0 2 -0.00500925
0 0 3 -0.0176666
0 0 4 -0.0209905
0 0 5 -0.0353835
0 0 6 -0.0203519
0 0 7 -0.0751894
0 0 8 -0.0730444
0 0 9 -0.0416058
0 0 10 0.0365323
0 0 11 0.0806446
0 0 12 0.0642212
0 0 13 0.024399
0 0 14 0.0151802
0 0 15 0.0190446
0 0 16 0.0457674
0 0 17 0.017751
0 0 18 -0.0160619
0 0 19 -0.0526584
0 0 20 -0.0315192
0 0 21 -0.00908644
0 0 22 0.0231218
0 0 23 -0.0174537
0 0 24 -0.00875896
0 0 25 -0.0221695
0 0 26 -0.0216455
0 0 27 -0.0229227
0 0 28 0.0292294
0 0 29 0.0912715
0 0 30 0.0879475
0 0 31 0.014427
0 0 32 -0.0237905
0 0 33 -0.0334514
0 0 34 0.00316151
0 0 35 0.0289183
0 0 36 0.0320294
0 0 37 0.0205346
0 0 38 -0.00939756
0 0 39 0.00820479
0 0 40 -0.0289321
0 0 41 -0.0581274
0 0 42 -0.0146701
0 0 43 0.05682
0 0 44 0.0716224
0 0 45 0.0247264
0 0 46 0.00917087
0 0 47 0.00926912
0 0 48 -0.0061882
0 0 49 -0.0526584
0 0 50 -0.0324853
0 0 51 -0.0220712
0 0 52 0.0140995
0 0 53 0.0109884
0 0 54 0.0220411
0 0 55 0.0185042
0 0 56 -0.00435428
0 0 57 -0.0118701
0 0 58 0.0442609
0 0 59 0.214062
0 0 60 0.464998
0 0 61 0.755756
0 0 62 0.954425
0 0 63 0.997882
0 0 64 0.876074
0 0 65 0.691683
0 0 66 0.525108
0 0 67 0.345531
0 0 68 0.227473
0 0 69 0.14493
0 0 70 0.125395
0 0 71 0.0914844
0 0 72 0.0535943
0 0 73 0.0300972
0 0 74 0.0543475
0 0 75 0.0875218
0 0 76 0.0822493
0 0 77 0.0689534
0 0 78 0.0706563
0 0 79 0.0988855
0 0 80 0.0954633
0 0 81 0.0691662
0 0 82 0.0964294
0 0 83 0.0790399
0 0 84 0.0586376
0 0 85 0.025365
0 0 86 0.0547732
0 0 87 0.0496317
0 0 88 0.0221557
0 0 89 -0.0202373
0 0 90 -0.0597485
0 0 91 -0.0688689
0 0 92 -0.0646771
0 0 93 0.0487639
0 0 94 0.0997534
0 0 95 0.144504
0 0 96 0.0615358
0 0 97 0.0307358
0 0 98 -0.000391704
0 0 99 0.0362048
0 0 100 0.0241861
0 0 101 0.0183896
0 0 102 -0.0354818
0 0 103 -0.019173
0 0 104 -0.00553323
0 0 105 0.0408223
0 0 106 0.0517767
0 0 107 0.062289
0 0 108 0.0723756
0 0 109 0.0535943
0 0 110 0.0107756
0 0 111 -0.0462233
0 0 112 -0.036235
0 0 113 -0.0271145
0 0 114 0.0268715
0 0 115 0.0345019
0 0 116 0.0329954
0 0 117 0.0323405
0 0 118 0.05253
0 0 119 0.0830025
0 0 120 0.0637955
0 0 121 0.0294422
0 0 122 -0.00983966
0 0 123 -0.0144408
0 0 124 -0.0435379
0 0 125 -0.0176666
0 0 126 0.00380011
0 0 127 0.021075
