0 0 0 -1.83007 1.24727 5.81393 -2.53991
0 0 1 -3.32022 2.04021 -0.967444 -1.55558
0 0 2 -2.51414 0.222115 -6.76455 2.12227
0 0 3 1.06823 -2.97708 -4.91895 0.714087
0 0 4 2.20434 0.864694 0.823629 -1.80173
0 0 5 0.808202 9.06786 -0.461604 -5.54752
0 0 6 -0.133894 5.472 5.25326 -0.516376
0 0 7 -0.489931 4.29609 1.56175 0.481486
0 0 8 -8.0767 -2.5808 1.98565 2.69651
0 0 9 -1.188 -2.5808 6.88014 3.39359
0 0 10 0.248145 -9.43028 5.08907 -0.830943
0 0 11 1.30025 -11.2218 3.21605 2.14959
0 0 12 -1.50203 -6.16296 6.05978 7.29026
0 0 13 -3.99029 -6.21738 7.89182 2.83312
0 0 14 -5.69846 -6.87367 -2.43043 1.23345
0 0 15 -4.79637 1.05578 -3.63342 -4.46769
0 0 16 3.25645 1.16543 -1.44587 -3.15502
0 0 17 -1.51604 -5.46555 -4.2215 -0.721655
0 0 18 -3.77027 -4.59038 2.2592 -0.994876
0 0 19 0.808202 -1.59637 3.73574 2.40927
0 0 20 1.53428 3.8724 0.00326125 0.536373
0 0 21 8.54699 3.43501 0.0990642 4.09091
0 0 22 10.2692 0.00322263 -4.78187 3.94052
0 0 23 7.6989 4.07759 -8.51465 3.94052
0 0 24 3.31046 1.26097 -4.45379 0.645661
0 0 25 -0.0938901 2.92909 1.83531 -1.0633
0 0 26 1.38226 5.9231 6.97595 -1.02244
0 0 27 2.06633 3.43501 10.6675 -3.2099
0 0 28 -0.0258832 -2.41673 5.96427 -1.70598
0 0 29 -0.201901 3.79017 1.9995 -4.0847
0 0 30 1.7803 2.17687 -1.65103 -4.23485
0 0 31 -5.98649 -3.64707 -3.59274 0.905342
0 0 32 -0.899972 -11.7547 -0.270293 1.27455
0 0 33 1.57428 -10.3873 1.52078 0.481486
0 0 34 -1.48803 -4.52224 -4.20794 4.51477
0 0 35 1.37026 -4.93223 -2.66301 2.42305
0 0 36 -2.37612 -5.88924 1.9995 5.36248
0 0 37 -0.447926 3.79017 4.24158 1.46605
0 0 38 -0.735956 2.2454 3.92706 2.88777
0 0 39 -0.653947 2.09503 -2.07493 -2.26644
0 0 40 -1.66605 -0.639357 0.987526 -2.60833
0 0 41 3.46047 3.99536 1.93111 -3.10037
0 0 42 4.24055 2.21799 0.823629 1.30188
0 0 43 -2.40413 -0.311214 -1.04939 -1.26834
0 0 44 0.440164 1.11061 -2.48526 2.72384
0 0 45 6.05874 3.47574 2.1634 7.12609
0 0 46 6.85082 8.24711 1.01494 4.66516
0 0 47 6.6328 1.67134 -3.12758 4.69248
0 0 48 5.45668 2.57354 -4.09828 6.59294
0 0 49 2.23035 2.478 -0.489018 3.2843
0 0 50 1.24625 3.01093 2.2592 1.35652
0 0 51 7.08484 0.276544 1.16528 2.84691
0 0 52 7.72691 3.31166 3.33927 5.17098
0 0 53 8.643 -1.40489 -1.13134 1.49337
0 0 54 6.60479 1.63023 -1.67845 -5.54752
0 0 55 -0.899972 1.58911 2.83343 -4.00273
0 0 56 -3.1562 -0.967499 -2.06107 0.358416
0 0 57 -0.133894 -0.283804 0.262961 -1.63755
0 0 58 1.00022 -2.62192 4.25514 2.2862
0 0 59 0.440164 -0.858249 0.618464 4.41902
0 0 60 -3.1702 0.577276 -2.66301 2.2862
0 0 61 0.878209 1.02877 6.92112 -0.0516579
0 0 62 2.88641 -3.25079 4.25514 -2.28023
0 0 63 4.18655 -4.59038 -1.48684 -3.14148
0 0 64 5.58069 -1.89711 -3.16855 0.645661
0 0 65 5.90872 -2.30748 -1.97912 1.95809
0 0 66 -4.60435 -11.044 0.0168211 2.90155
0 0 67 -2.26811 -5.32889 -1.21358 -1.37787
0 0 68 2.13434 -3.0456 -3.05949 -1.99298
0 0 69 3.94052 -3.56523 5.51296 -1.26834
0 0 70 -2.1161 -3.61966 7.74149 -2.52612
0 0 71 0.644185 -2.85412 4.29612 0.508809
0 0 72 6.45478 -4.31706 3.72189 0.577235
0 0 73 0.850206 1.93096 -1.00842 1.21991
0 0 74 0.808202 3.59908 -0.611941 -2.26644
0 0 75 -0.735956 -0.0241878 0.796215 -8.55513
0 0 76 1.08223 3.61279 -2.23882 -6.21752
0 0 77 -1.52804 2.05392 -2.74466 -3.52423
0 0 78 -5.27442 2.16356 -0.516138 -4.91887
0 0 79 2.61439 5.82755 -1.56909 2.9973
0 0 80 -0.339915 5.04831 -2.22526 4.7198
0 0 81 4.45857 1.13802 -3.23724 5.84098
0 0 82 4.86862 1.47986 -4.98734 4.30973
0 0 83 3.24245 -2.25266 -4.52247 5.14366
0 0 84 4.56859 0.495436 -3.48308 2.01274
0 0 85 1.05423 1.13802 -5.31542 -1.15905
0 0 86 -1.69205 -0.748607 -2.0201 0.153379
0 0 87 3.80251 3.35278 0.809775 0.86448
0 0 88 2.7224 1.41134 -0.215464 -1.30944
0 0 89 5.37467 -0.817133 -2.79949 -4.70005
0 0 90 4.41857 1.57541 -4.27633 -1.00866
0 0 91 1.13624 3.79017 -8.26851 -2.10251
0 0 92 2.7504 -0.598241 0.372324 -7.66656
0 0 93 -0.283909 -1.63749 -1.69201 -3.89344
0 0 94 -0.599942 -3.79743 1.35688 -2.9773
0 0 95 -0.529935 -1.51453 2.43695 -2.47148
0 0 96 -6.20451 -4.56336 -0.707744 -0.106302
0 0 97 -5.17841 1.45245 1.04235 -2.67652
0 0 98 0.358156 0.386186 -0.652915 -1.43251
0 0 99 2.13434 2.12244 -0.43419 3.80391
0 0 100 3.46047 1.17913 -1.93815 0.39952
0 0 101 -0.297911 -0.188259 5.39004 0.727628
0 0 102 -2.89618 -1.32305 6.98951 -0.475514
0 0 103 -0.735956 -8.65104 3.25732 -1.85637
0 0 104 2.88641 -2.70376 0.249401 -3.96187
0 0 105 -0.995982 -0.0104826 1.28849 -2.71762
0 0 106 -2.06209 -2.37561 1.60302 1.98541
0 0 107 1.38226 -1.85599 -1.13134 5.79987
0 0 108 6.61879 -2.73117 0.358764 5.58106
0 0 109 2.53238 0.632097 -0.817107 1.20613
0 0 110 0.972219 3.74945 2.71021 3.42091
0 0 111 -1.16 3.33908 4.87035 0.194483
0 0 112 1.8063 -2.47155 2.55987 0.00298637
0 0 113 0.49417 1.65764 3.81769 -1.41873
0 0 114 1.57428 -3.10042 3.0383 -0.584802
0 0 115 -2.92418 -6.17627 2.72406 -1.11795
0 0 116 -0.913974 -8.78809 5.33521 -3.22344
0 0 117 -2.93618 -6.81885 1.79433 -3.29187
0 0 118 -3.23821 -0.379741 -1.66459 3.22966
0 0 119 4.96463 -1.25453 -0.92647 1.23345
0 0 120 3.89852 1.30209 -1.62362 2.13581
0 0 121 0.98622 0.372481 -4.67251 1.65731
0 0 122 -2.63615 0.837284 -3.53762 1.05573
0 0 123 8.49299 -4.85039 -1.03583 3.29808
0 0 124 6.46878 -6.99662 1.72595 2.45037
0 0 125 1.97032 -3.12744 -4.35798 -2.58101
0 0 126 1.8063 -2.18413 0.536515 1.65731
0 0 127 -0.175898 1.88985 -0.598381 1.3703
0 0 128 -2.48613 0.290249 -8.06335 3.22966
0 0 129 2.09433 -0.666767 -2.77208 1.86234
0 0 130 4.07654 2.38206 -1.84235 3.50312
0 0 131 2.60038 0.495436 -2.52623 -1.70598
0 0 132 4.97863 0.823578 -1.65103 -1.13173
0 0 133 5.18465 0.850989 0.345204 1.82148
0 0 134 10.9392 3.03834 -0.215464 -0.571262
0 0 135 9.36707 4.80201 2.04047 1.09684
0 0 136 8.589 3.21612 1.76692 1.69841
0 0 137 8.05494 0.126178 2.32759 3.42091
0 0 138 10.1872 -0.46158 0.0168211 2.04006
0 0 139 11.9373 6.10087 1.19269 -2.67652
0 0 140 17.1459 5.14386 -3.10016 -1.43251
0 0 141 31.3653 -2.21154 -3.61986 -0.420869
0 0 142 57.97 -3.75671 1.68497 3.48934
0 0 143 80.9784 -8.62363 1.45239 5.56751
0 0 144 101.939 -12.1373 2.05403 -0.489054
0 0 145 118.74 -11.5221 -3.61986 -0.0925202
0 0 146 120.108 -16.5942 -1.7604 1.9992
0 0 147 108.117 -8.18624 -1.70557 -3.52423
0 0 148 102.115 -7.14699 0.809775 -0.352443
0 0 149 91.0954 -10.4695 -0.817107 -2.43062
0 0 150 74.1437 -11.3717 -0.0512727 -4.11226
0 0 151 58.092 -12.2469 0.645878 -3.74305
0 0 152 49.4532 -5.20594 4.20061 0.139839
0 0 153 37.4759 -2.15711 0.194572 -2.04762
0 0 154 30.0252 0.727642 1.76692 -1.71952
0 0 155 20.7562 8.6849 -1.21358 -5.57508
0 0 156 12.4434 2.99723 -3.10016 -3.8388
0 0 157 6.49678 -4.08446 -3.78405 0.262909
0 0 158 8.27296 -7.05145 1.56175 0.0167683
0 0 159 0.180138 -5.77999 3.72189 3.66705
0 0 160 2.20434 -1.44601 0.892018 2.81934
0 0 161 7.6169 4.95238 3.24346 1.47959
0 0 162 3.13244 2.90168 -1.78781 5.30783
0 0 163 -2.1301 2.23169 -2.23882 2.9562
0 0 164 1.49227 4.28239 3.14766 4.06359
0 0 165 5.77271 -2.22525 0.796215 5.64948
0 0 166 5.02063 -0.420465 2.81957 3.73548
0 0 167 4.91062 2.87427 1.9037 2.21801
0 0 168 9.01104 2.97021 2.43695 0.126057
0 0 169 8.86102 7.79602 5.44457 1.73927
0 0 170 2.53238 4.18684 7.08531 1.00109
0 0 171 2.13434 1.98578 7.03048 -0.393306
0 0 172 2.04033 2.46429 4.59709 0.180701
0 0 173 -3.32022 0.796168 -2.81305 2.9973
0 0 174 2.01232 -0.447875 -3.40113 3.2843
0 0 175 -5.24842 0.00322263 -6.83265 1.61644
0 0 176 -4.1543 -0.475286 -0.242879 3.85855
0 0 177 -4.41433 2.9565 6.2788 6.36034
0 0 178 -6.60055 -1.10416 2.80601 5.54019
0 0 179 -4.42633 -2.79969 0.0442354 3.29808
0 0 180 -0.503932 -4.01632 -1.67845 -1.88369
0 0 181 2.21635 -7.8718 0.591049 0.167161
0 0 182 2.54438 -1.71933 2.4231 0.344876
0 0 183 -2.30812 2.68279 -2.97754 1.47959
0 0 184 -3.93428 2.6965 2.36856 -0.680551
0 0 185 -1.85607 -0.037893 2.64182 0.126057
0 0 186 -2.33612 4.5561 -0.0377129 -5.13744
0 0 187 4.26855 1.94467 -2.00654 -0.43441
0 0 188 1.28825 3.81758 1.32947 0.891802
0 0 189 -0.667949 4.33721 -0.229024 1.97187
0 0 190 -0.981981 0.932829 2.65568 -3.48337
0 0 191 -3.18221 -4.26263 -0.365801 -4.24863
0 0 192 3.11844 -2.116 -1.00842 2.38195
0 0 193 -1.50203 0.727642 1.76692 1.46605
0 0 194 1.19224 0.932829 5.84105 0.959987
0 0 195 2.51838 2.2454 -5.58868 5.07523
0 0 196 -1.27001 0.290249 -6.80553 3.06548
0 0 197 1.52027 -4.07115 -4.26277 4.3917
0 0 198 3.16044 -5.67074 -2.9908 4.36437
0 0 199 -4.16831 -2.99078 2.10886 -0.817161
0 0 200 0.536174 3.01093 4.02286 1.87612
0 0 201 -0.475929 -0.0241878 5.21229 4.35059
0 0 202 0.878209 -2.1297 2.5189 1.19259
0 0 203 3.25645 -3.07301 0.303935 -1.17283
0 0 204 3.43447 0.386186 -3.9618 -3.66108
0 0 205 -1.73406 5.73162 -0.256438 -3.8388
0 0 206 -7.0386 4.85683 2.10886 -0.844484
0 0 207 -8.69277 -2.14341 0.358764 2.9562
0 0 208 -4.0863 -2.79969 1.11074 1.3292
0 0 209 -5.01439 -0.776017 2.4231 -1.39141
0 0 210 -3.81227 2.14985 -1.84235 0.919124
0 0 211 -3.77027 1.20654 -3.2508 -4.22155
0 0 212 -10.975 -1.56896 -7.44814 -3.89344
0 0 213 -7.38063 0.905418 -8.65084 -0.325121
0 0 214 -0.941977 7.91936 -1.47328 -6.50476
0 0 215 1.38226 5.82755 0.591049 -4.8502
0 0 216 4.92462 2.0128 0.0990642 -0.680551
0 0 217 -0.58594 5.59496 2.30017 1.62998
0 0 218 1.19224 3.95424 3.92706 4.2002
0 0 219 -2.86817 -0.694178 -1.29553 -0.91291
0 0 220 -1.83007 0.303954 -3.49664 -4.90509
0 0 221 0.290149 -2.43043 -3.0866 -2.14337
0 0 222 -1.44603 -1.71933 -2.49852 2.27266
0 0 223 -3.79827 -2.47155 -1.30909 -2.45794
0 0 224 -0.311912 -1.14528 5.22585 -1.61023
0 0 225 -2.1581 1.99949 1.57561 0.631879
0 0 226 -4.38633 1.75318 -1.04939 -1.5418
0 0 227 -5.98649 -3.05931 0.673292 -0.0516579
0 0 228 4.07654 2.58725 -2.92241 2.83312
0 0 229 6.31876 -3.67448 0.604904 1.20613
0 0 230 -5.79447 -2.66264 2.31373 -2.53991
0 0 231 -8.0087 3.53056 1.80789 -3.03219
0 0 232 -1.06399 7.86454 2.23179 1.39762
0 0 233 0.508171 4.40573 4.89776 2.71005
0 0 234 -1.44603 -1.54155 2.55987 -0.147406
0 0 235 -3.06019 0.208409 3.09313 -1.58291
0 0 236 0.808202 1.11061 4.35095 -6.01248
0 0 237 1.52027 0.700623 0.386178 -6.02626
0 0 238 2.14834 -0.99491 1.56175 -6.98326
0 0 239 1.52027 -2.77228 -3.71566 -2.26644
0 0 240 -2.56814 -2.22525 -5.46547 -1.91101
0 0 241 2.23035 -0.201964 -1.54167 1.79416
0 0 242 -2.95018 1.31579 2.02662 1.17881
0 0 243 -5.00239 -0.570831 4.14578 1.24723
0 0 244 -3.89428 -0.885268 -0.160635 -2.75873
0 0 245 -2.36212 -0.530107 -2.81305 -0.858266
0 0 246 -3.49824 -3.77002 -2.52623 6.6338
0 0 247 -4.89238 0.180999 0.618464 2.14959
0 0 248 0.044124 3.24353 -2.36204 2.39573
0 0 249 -0.0258832 -0.242688 0.276816 5.55373
0 0 250 -1.174 -5.20594 0.509101 5.23941
0 0 251 -4.67436 -2.64893 -1.67845 -0.242913
0 0 252 -5.33042 -1.14528 -6.54553 -0.215591
0 0 253 -2.1861 -0.488991 -4.60442 -5.38334
0 0 254 3.61249 2.30022 -5.16509 2.68273
0 0 255 -2.65015 1.3432 1.23367 -1.78794
