0 0 0 -9.25074 -5.21942 8.74034 -2.18375
0 0 1 1.58769 9.47791 -6.41965 -13.2632
0 0 2 6.5462 -22.4892 1.10922 -5.63148
0 0 3 6.25246 -1.20627 0.199784 15.2744
0 0 4 15.2054 3.02927 -1.12048 5.63647
0 0 5 3.50833 -3.36773 2.37791 -8.51271
0 0 6 6.7345 0.560029 17.2981 3.06381
0 0 7 0.696414 4.00724 11.7591 11.2442
0 0 8 16.4582 -14.2237 10.3357 20.2312
0 0 9 2.82293 -11.394 16.0294 -7.41443
0 0 10 -4.00099 -1.06926 -1.60099 5.46484
0 0 11 -10.8952 10.1123 3.80133 -4.15616
0 0 12 3.90501 -7.86043 8.94666 -8.99291
0 0 13 -14.4628 -5.51132 2.01775 -4.15616
0 0 14 -19.4038 -12.8853 17.6754 -3.65907
0 0 15 3.18446 -7.363 21.0372 -17.3618
0 0 16 3.2171 5.27612 9.0833 6.71694
0 0 17 -7.79206 1.74352 -4.24152 -6.79729
0 0 18 -4.50061 -10.8966 -7.50011 15.6861
0 0 19 -11.5655 -9.07867 4.89899 8.19132
0 0 20 0.713989 -3.11058 8.106 -1.63508
0 0 21 -0.127075 12.1537 -3.17825 4.22962
0 0 22 -13.1422 22.958 16.4755 3.26921
0 0 23 -10.1772 18.5676 -13.5196 -1.05264
0 0 24 -10.2274 2.13769 -4.70484 2.89217
0 0 25 -22.2659 -15.6643 -10.9641 3.3555
0 0 26 0.422755 0.285006 -7.94623 4.21274
0 0 27 -3.36831 -9.98714 -9.90084 9.35807
0 0 28 -11.5304 0.423014 2.05214 7.24873
0 0 29 -2.16822 -21.1687 4.40219 -20.2074
0 0 30 3.47569 3.73222 7.19747 -6.14545
0 0 31 -2.57746 9.76981 14.2458 -5.57989
0 0 32 -23.8099 -9.98714 -1.41186 6.61377
0 0 33 -10.4835 14.3826 -16.0922 -0.0744088
0 0 34 -8.2038 6.49337 -13.7078 -3.47055
0 0 35 -1.08614 11.0039 -2.73213 -5.54519
0 0 36 -18.1334 1.36623 -6.21423 9.35807
0 0 37 -8.05065 -0.160789 -12.8852 0.731249
0 0 38 -0.589033 -5.63145 6.93957 7.57418
0 0 39 2.51412 8.43143 4.84741 4.91617
0 0 40 9.54642 3.21792 -4.00172 -4.73953
0 0 41 7.35212 -1.29265 12.0677 -8.78564
0 0 42 0.354967 -0.760477 -5.5446 0.182576
0 0 43 -26.3984 -9.62673 -8.71812 -5.27132
0 0 44 -3.98593 5.293 10.3185 -9.64382
0 0 45 -3.10971 -8.32409 -5.11657 15.1712
0 0 46 -11.3772 -5.13403 2.99506 -0.709368
0 0 47 -10.9655 -8.68351 -8.94073 -8.49489
0 0 48 -24.3422 -14.4977 -2.04621 -8.44424
0 0 49 1.91407 -17.7205 20.7621 6.7507
0 0 50 -8.8892 -11.4625 3.1498 7.23091
0 0 51 -13.8301 22.4258 -7.63766 -5.54519
0 0 52 -8.2038 14.4859 -0.743134 -17.8073
0 0 53 -2.54482 1.07433 -11.0501 16.1832
0 0 54 -1.37737 27.0049 1.77795 -4.72265
0 0 55 -4.90984 12.393 -8.03129 -5.40825
0 0 56 8.84344 4.16114 10.6443 7.64264
0 0 57 13.5584 6.92228 12.4794 10.884
0 0 58 -7.02129 -16.3673 3.11541 12.788
0 0 59 -18.3392 -6.23114 -7.86027 10.1637
0 0 60 -14.6361 -9.71311 -14.7883 4.50443
0 0 61 5.43148 3.04715 -5.88756 -17.0532
0 0 62 7.05837 10.4896 1.28025 0.834418
0 0 63 -0.0417135 14.9317 0.628712 8.12285
0 0 64 9.66693 21.3803 5.80843 8.91163
0 0 65 -5.10065 7.52296 -1.96115 2.42885
0 0 66 10.2318 -5.80322 3.69908 -4.43096
0 0 67 16.2699 -13.5207 21.363 -3.09351
0 0 68 -2.9892 -4.63661 -4.70484 -1.22334
0 0 69 1.31403 1.537 -1.8236 4.26432
0 0 70 4.04059 -2.01248 0.0975288 -18.476
0 0 71 3.66399 -8.11758 6.04823 -0.760953
0 0 72 1.19352 8.94673 7.12869 8.98009
0 0 73 7.41991 -3.7619 13.5771 29.9891
0 0 74 -6.1978 10.1123 2.20688 -11.1698
0 0 75 -9.13023 -15.0636 -14.068 1.17769
0 0 76 5.89344 -13.1772 22.1005 4.28121
0 0 77 2.77271 -11.6512 12.0505 -0.572434
0 0 78 6.5462 16.6126 13.1826 3.81882
0 0 79 -2.38916 -13.0571 4.95057 -13.4686
0 0 80 -3.00678 -0.965999 5.46547 -5.57989
0 0 81 0.164159 -5.97399 -15.2688 -6.95204
0 0 82 6.06416 4.46992 3.32173 -2.5439
0 0 83 -1.27444 -2.5099 -9.72981 -6.43713
0 0 84 -3.83027 18.5328 -15.1656 -3.28203
0 0 85 7.69356 9.80357 -0.674361 -4.96275
0 0 86 -10.2449 5.82517 -2.23533 4.77923
0 0 87 8.53463 -5.61458 5.55053 -1.73825
0 0 88 -0.418309 9.39252 15.5317 -3.05881
0 0 89 3.88744 9.82045 -6.72822 -16.9838
0 0 90 0.611053 -3.14434 -1.53222 7.53948
0 0 91 5.53442 -9.47284 -9.67823 17.59
0 0 92 -0.53882 14.8116 -5.88756 -4.67106
0 0 93 7.64335 -13.8116 -13.4852 -7.77458
0 0 94 -8.83899 -6.07725 -16.932 -14.1026
0 0 95 -12.9037 8.62008 -13.6399 -10.6549
0 0 96 2.48148 -1.20627 -10.0212 9.88986
0 0 97 3.61127 -11.6333 -4.808 -5.0828
0 0 98 -11.907 2.70362 1.81234 -5.40825
0 0 99 -15.3541 0.216499 -18.8187 3.61248
0 0 100 1.53748 6.75151 -7.72272 25.187
0 0 101 2.49654 19.3559 11.7591 -10.3641
0 0 102 -1.30959 10.6614 -11.4446 7.84898
0 0 103 8.89365 -1.34329 -3.0579 0.0456426
0 0 104 -0.230011 15.7031 -3.53841 1.24616
0 0 105 -1.73891 1.27985 1.21238 10.9009
0 0 106 -11.3069 -2.76705 -12.6961 18.1556
0 0 107 -3.81269 21.9115 8.91228 -6.93422
0 0 108 1.16088 -12.9886 6.63099 -7.22591
0 0 109 2.59948 -4.49959 3.6303 0.457381
0 0 110 0.593478 13.354 -6.26491 -2.83559
0 0 111 -14.5155 -5.04865 -10.9985 4.34967
0 0 112 -5.33916 -10.005 -9.30089 2.72054
0 0 113 -10.0039 -6.35128 -11.736 -8.61494
0 0 114 -0.553884 -8.22084 -2.8009 4.67606
0 0 115 6.5462 -13.349 -0.486139 -7.58606
0 0 116 -12.9364 -3.84728 0.852225 -0.709368
0 0 117 -18.4773 -16.5212 -24.6844 8.56929
0 0 118 -3.12729 -3.12746 1.77795 -5.73371
0 0 119 -2.32137 -1.75532 -10.9641 -7.82617
0 0 120 -0.109501 -0.949121 -4.48133 2.20657
0 0 121 3.04637 18.8595 6.3568 -5.64836
0 0 122 0.593478 31.722 -10.6212 3.74942
0 0 123 -6.83299 0.371385 -19.2993 7.47101
0 0 124 2.29067 6.33947 1.77795 11.7413
0 0 125 4.05816 -1.48129 4.02485 8.36295
0 0 126 7.71114 -1.06926 -5.20163 11.0904
0 0 127 -3.84784 -3.62488 0.508359 3.93887
0 0 128 6.14952 6.20246 6.18578 -10.3472
0 0 129 4.31676 10.8838 18.5677 4.94993
0 0 130 2.32582 -25.0111 7.48885 -8.0325
0 0 131 9.16982 6.63138 5.39669 0.354212
0 0 132 10.0611 5.31087 9.58101 -9.2846
0 0 133 16.5787 -24.5812 15.0349 7.83116
0 0 134 8.91122 13.5764 -1.54941 21.26
0 0 135 23.97 -3.26447 -1.60099 -7.58606
0 0 136 5.22561 5.03585 1.45218 -4.20774
0 0 137 2.96101 -11.4278 8.44896 -10.879
0 0 138 -1.3598 4.36765 8.55212 9.71822
0 0 139 4.04059 13.079 10.9357 2.44667
0 0 140 18.0525 -7.77504 -6.05949 3.73253
0 0 141 0.149095 -4.00217 -0.914163 -3.77912
0 0 142 -7.36274 10.2494 -5.75092 -5.2535
0 0 143 3.68156 -18.5109 -5.15096 -17.4293
0 0 144 15.5669 -12.1486 6.25364 2.41197
0 0 145 -8.18623 -3.29922 6.71696 9.2549
0 0 146 12.4286 1.86366 5.68807 -7.72393
0 0 147 -8.16865 -3.7619 -10.9125 -7.56918
0 0 148 19.2525 -28.7492 -5.15096 13.0965
0 0 149 9.42591 -12.4057 -1.44625 1.03982
0 0 150 12.6847 11.8101 1.67479 -20.1915
0 0 151 11.7231 12.3592 -5.03061 -15.5432
0 0 152 -0.503671 -1.82383 3.71537 -10.1587
0 0 153 -15.7332 1.04057 -15.3032 -21.769
0 0 154 -14.7541 -14.5325 -10.7243 5.51642
0 0 155 -21.6156 18.9448 -7.10557 2.80682
0 0 156 -4.51567 15.4122 16.5778 7.09397
0 0 157 -7.99793 -9.07867 -4.51571 -13.9994
0 0 158 -8.99214 -5.95711 17.2121 -11.2898
0 0 159 6.95544 -19.0252 14.7091 -1.99523
0 0 160 5.20803 -9.62673 3.8873 2.90906
0 0 161 5.91101 -5.51132 9.94116 -17.6863
0 0 162 -5.32159 4.21277 2.72087 -3.29891
0 0 163 -4.34495 -3.79665 -5.08219 -5.0828
0 0 164 12.8906 -4.65349 16.3724 0.0625248
0 0 165 -6.1275 -11.7028 -3.07509 14.9311
0 0 166 6.27003 -18.8365 -2.01182 -7.24373
0 0 167 -1.99499 4.24752 4.07552 11.9129
0 0 168 1.45212 -7.51789 -12.8165 19.751
0 0 169 -13.5213 -2.49302 -0.0572111 14.6741
0 0 170 -4.1918 -21.8042 -7.65485 12.9249
0 0 171 -0.315373 -7.15748 -0.760328 9.54659
0 0 172 -26.3984 -1.73845 -1.66886 18.3788
0 0 173 -15.3541 -4.5681 -8.42584 -8.35795
0 0 174 -5.03035 -10.1758 -8.90634 -17.0701
0 0 175 -11.1538 -9.14718 7.28253 -11.3424
0 0 176 -3.83027 -29.6925 6.28803 -2.73336
0 0 177 -9.09508 -7.50101 -8.49461 12.7017
0 0 178 -11.0333 -14.4808 1.48657 -4.37938
0 0 179 19.8877 6.44273 7.21466 -26.1246
0 0 180 5.94365 -0.434818 -9.60946 10.3354
0 0 181 -13.3832 -11.4963 -5.20163 -5.80311
0 0 182 3.37276 16.3207 2.37791 -4.63636
0 0 183 13.7819 3.33805 -18.8875 0.731249
0 0 184 -5.9392 -3.41936 -5.61337 -0.640901
0 0 185 -4.89478 -3.12746 9.01544 -0.417681
0 0 186 -4.43031 17.2123 -6.05949 5.13939
0 0 187 -1.25937 -4.20769 -3.67595 11.5706
0 0 188 -7.89499 -8.78677 -0.639974 1.36621
0 0 189 -10.0039 -8.73514 0.835032 -12.5241
0 0 190 -22.5571 -0.00590236 6.52874 8.10597
0 0 191 -7.84478 16.1668 0.988867 10.764
0 0 192 -11.6685 15.2921 -10.8953 12.8049
0 0 193 -14.1214 -10.4329 12.1881 -11.8554
0 0 194 -2.95657 11.7416 23.3863 1.76013
0 0 195 2.37854 -4.68824 3.83572 -7.14056
0 0 196 13.0437 14.0222 -4.94464 -2.3385
0 0 197 15.2054 -2.33813 6.3568 0.114109
0 0 198 11.226 1.4685 -3.35019 6.90545
0 0 199 11.9466 17.0237 -1.17206 5.19003
0 0 200 6.97301 -9.60985 -4.5501 -11.7879
0 0 201 3.61127 5.12223 8.19197 -23.0371
0 0 202 -7.53597 10.3526 7.78023 -1.54973
0 0 203 -24.41 1.74352 10.8153 -12.8514
0 0 204 -5.47725 10.6952 12.2387 13.6283
0 0 205 0.543265 -5.99186 12.0505 18.1725
0 0 206 -3.50388 -9.72999 2.06933 -1.01794
0 0 207 -1.80669 -7.20911 6.42558 11.4674
0 0 208 -0.709543 12.0335 1.45218 3.95575
0 0 209 5.87586 9.44316 -0.965743 -0.640901
0 0 210 -7.85984 8.49994 -11.1017 3.01223
0 0 211 10.9348 -7.75816 -11.3415 4.69294
0 0 212 14.3819 8.92886 -16.2805 4.24744
0 0 213 3.14931 2.15456 -0.194758 -22.7472
0 0 214 4.89922 2.46334 2.58423 1.02294
0 0 215 16.285 -12.1486 14.0051 -10.6896
0 0 216 11.5348 -5.66521 3.45837 -7.02051
0 0 217 -1.56567 5.01897 -11.5478 -3.796
0 0 218 -3.67712 24.2954 3.49276 -6.55718
0 0 219 -11.3069 -13.2457 -8.97512 -1.99523
0 0 220 -7.12423 -6.76332 4.57322 10.6608
0 0 221 -5.2538 -12.9032 5.46547 17.1614
0 0 222 -9.83321 -22.3006 5.92788 -3.05881
0 0 223 -4.75669 -15.3724 3.71537 -1.53285
0 0 224 -3.48882 4.02412 7.95216 6.76852
0 0 225 -7.74184 -3.79665 -12.6111 -13.4517
0 0 226 -11.7363 13.0621 -8.44303 -2.87029
0 0 227 -9.69512 -11.0505 -6.14546 6.57906
0 0 228 -2.83605 5.63653 -5.61337 3.38926
0 0 229 -10.3479 9.13537 -28.6108 -3.19574
0 0 230 10.0084 -15.424 -1.65167 -8.35795
0 0 231 1.5199 11.0903 -19.968 5.17315
0 0 232 2.10237 -0.863735 -2.37198 4.14427
0 0 233 -5.78606 -0.503326 2.10372 -7.12368
0 0 234 -5.97435 -10.142 -19.9508 -5.18503
0 0 235 -8.80384 -1.79007 -3.35019 -3.04193
0 0 236 -5.9392 9.01524 10.4389 9.7351
0 0 237 5.25824 -3.47 12.1021 9.34025
0 0 238 3.64641 -6.47142 -0.451753 -0.349214
0 0 239 1.24624 -10.7765 2.13811 2.25815
0 0 240 7.89944 7.6431 9.63259 -10.7937
0 0 241 -13.554 -1.82383 -8.30639 -6.7804
0 0 242 -1.90963 -10.6901 0.49207 22.666
0 0 243 -4.60354 5.63653 -0.365786 13.045
0 0 244 2.79029 -3.69339 -11.9079 -3.8307
0 0 245 -3.81269 11.1757 -8.82038 -8.25479
0 0 246 -22.4893 3.18416 -22.8664 -16.4183
0 0 247 -24.5129 11.2105 -12.1305 -4.17304
0 0 248 -11.548 -18.3222 -11.8907 -2.20157
0 0 249 4.26403 -7.8783 6.44277 -7.58606
0 0 250 -4.60354 6.16771 -1.97834 12.3246
0 0 251 6.71693 6.92228 8.29513 -0.709368
0 0 252 21.1556 2.0523 13.8857 2.96064
0 0 253 17.7612 -6.60843 5.49895 -4.27621
0 0 254 7.93459 30.1433 -17.3781 -11.4793
0 0 255 10.0611 11.0903 -1.00013 0.0625248
0 0 256 2.8405 4.71019 12.4107 -13.3138
0 0 257 -10.8952 -0.743598 0.251364 20.1449
0 0 258 -0.400735 5.63653 13.3364 14.2286
0 0 259 16.7846 1.96592 0.165397 -9.55847
0 0 260 5.92859 -4.94539 -2.37198 -0.21228
0 0 261 5.85829 15.7548 4.45287 16.835
0 0 262 10.626 0.5084 16.8013 -11.1023
0 0 263 -1.99499 8.74021 -2.83529 -0.897886
0 0 264 1.76093 8.79184 -9.12895 2.32662
0 0 265 4.77871 8.17428 -13.2626 -3.71065
0 0 266 10.1465 21.2771 -11.1876 -9.50688
0 0 267 15.5669 -6.60843 8.48335 -13.1769
0 0 268 13.2848 -14.2574 30.6926 -7.60388
0 0 269 5.6022 11.0387 11.1248 -12.5241
0 0 270 1.34918 8.92886 9.3412 -4.08769
0 0 271 -15.6981 -15.0805 -6.43684 -2.99034
0 0 272 -13.6569 -15.4578 -10.4673 -23.9478
0 0 273 1.33161 6.35635 -8.7688 5.56801
0 0 274 -1.48031 4.26439 -5.23602 19.3392
0 0 275 5.53442 14.2109 -5.88756 6.42525
0 0 276 -0.93299 10.1123 5.46547 -1.01794
0 0 277 3.68156 1.7604 1.29744 2.5489
0 0 278 26.3175 5.94531 6.117 -7.82617
0 0 279 16.7319 -17.4991 12.3419 0.422679
0 0 280 24.9994 -0.022781 3.04664 11.5012
0 0 281 -8.3921 -10.2622 -0.228239 -9.81545
0 0 282 -9.0775 16.0119 8.20916 -2.61331
0 0 283 13.0111 -8.95853 -17.9446 -11.9257
0 0 284 0.646201 -8.28934 -9.95242 9.80357
0 0 285 2.01701 -8.01532 -1.99463 11.6559
0 0 286 0.713989 1.0227 -0.965743 23.5748
0 0 287 5.63484 10.7984 -5.01341 9.80357
0 0 288 23.4729 15.0687 -0.314206 -1.53285
0 0 289 17.0055 11.7585 -9.48911 17.4522
0 0 290 -1.13886 8.77496 -10.9469 8.36295
0 0 291 13.6965 -11.4278 4.45287 0.234161
0 0 292 16.4055 8.19116 -9.45472 -11.2739
0 0 293 -4.27716 19.1672 -2.78371 -8.54554
0 0 294 -7.03635 -0.623462 -6.19704 -7.22591
0 0 295 14.4171 1.82891 -12.8852 4.38438
0 0 296 17.6583 -3.91579 5.19037 -10.4673
0 0 297 4.86407 2.73837 10.1638 -20.0705
0 0 298 9.18488 9.61492 9.3412 -6.07698
0 0 299 15.6171 -10.279 -16.675 2.05181
0 0 300 17.7085 21.9463 -1.29151 0.577433
0 0 301 8.14046 -6.43766 -2.37198 1.36621
0 0 302 8.9288 -4.84213 -6.71103 -7.41443
0 0 303 12.3583 -2.16736 3.6303 6.69912
0 0 304 3.42297 -14.3091 2.73806 11.5875
0 0 305 -1.01835 -21.8042 -3.02442 -0.314512
0 0 306 1.58769 -6.72857 8.17477 -5.39137
0 0 307 4.76114 6.0992 9.18646 -0.743133
0 0 308 2.75514 16.7834 -4.63607 -22.6084
0 0 309 3.50833 5.0706 -19.0757 -4.7733
0 0 310 -0.315373 1.05745 5.63649 5.06998
0 0 311 -3.2478 7.19731 -2.14937 -11.8057
0 0 312 10.5758 6.27097 0.697485 -15.5432
0 0 313 29.4231 7.98564 -3.8126 2.05181
0 0 314 9.09952 -14.738 -8.5118 10.507
0 0 315 7.59063 1.94904 -8.83757 -9.14579
0 0 316 -7.5184 -9.59297 2.51545 -4.6026
0 0 317 -21.7361 0.336635 -7.56888 8.32919
0 0 318 -4.39767 16.9035 -2.02901 12.2046
0 0 319 1.04037 3.59521 8.75753 0.0625248
0 0 320 3.35518 -3.64176 4.89899 -13.5717
0 0 321 8.68778 14.2625 2.6521 6.52842
0 0 322 3.7142 -1.5498 -0.211046 -15.2009
0 0 323 -1.2418 -6.66006 -16.9836 -1.53285
0 0 324 3.95522 1.7604 -6.7798 9.42653
0 0 325 3.86986 2.70362 2.8928 12.4447
0 0 326 -5.97435 6.82002 -0.503333 8.39766
0 0 327 -1.94478 -7.96369 -7.17434 -8.66559
0 0 328 -13.092 -19.9674 1.21238 -26.21
0 0 329 0.611053 7.50609 -6.86577 -10.7749
0 0 330 -19.4188 6.87066 -16.675 0.679664
0 0 331 -9.67755 -8.615 -1.75483 -7.39754
0 0 332 -0.759756 10.9186 -5.61337 -1.06952
0 0 333 6.27003 0.285006 15.1028 16.0978
0 0 334 14.6907 -5.40806 7.64268 -2.27004
0 0 335 0.696414 0.902566 -7.55169 -3.74442
0 0 336 -6.26559 7.96876 -6.88296 2.3088
0 0 337 15.1025 14.2288 -4.58449 -5.2535
0 0 338 20.076 5.41313 4.69358 -0.125993
0 0 339 -2.81848 14.7262 -6.7798 -14.1195
0 0 340 7.84922 2.0523 10.9013 9.97521
0 0 341 7.41991 -2.99044 3.78414 8.63776
0 0 342 -3.02435 -8.66663 5.58491 -7.00363
0 0 343 -0.81248 -5.56295 3.40679 -16.2457
0 0 344 25.0145 3.49294 25.2903 4.6076
0 0 345 14.7083 -27.3761 8.50054 10.3869
0 0 346 4.05816 -13.7094 -1.48064 0.371094
0 0 347 20.0082 2.15456 2.25846 15.4807
0 0 348 0.131521 -12.6967 -2.02901 0.628079
0 0 349 15.5318 -2.8018 1.26306 -1.20646
0 0 350 22.4938 -15.2354 -13.8969 -6.11168
0 0 351 22.9231 -2.18424 -6.43684 -0.21228
0 0 352 12.0319 3.32118 0.354524 -2.97346
0 0 353 4.96701 6.97391 -3.38457 -10.5536
0 0 354 7.50527 4.79558 4.00765 21.0715
0 0 355 16.4758 -3.57325 -7.17434 7.02551
0 0 356 6.71693 -0.675091 -8.88915 -10.2947
0 0 357 12.2554 16.9035 -5.92195 14.0054
0 0 358 -1.3598 5.01897 -17.7555 18.3788
0 0 359 5.82565 -10.982 -2.74932 23.798
0 0 360 6.27003 7.50609 4.91618 14.691
0 0 361 13.217 0.0109763 16.3208 16.7666
0 0 362 17.126 -16.1101 22.7004 -3.48743
0 0 363 6.87008 -9.69623 3.32173 -5.30509
0 0 364 10.0962 7.55672 -4.48133 4.8477
0 0 365 -4.68891 -12.1824 -4.92745 21.8772
0 0 366 20.179 -9.97026 -3.46963 6.16826
0 0 367 17.4876 5.10435 8.89508 24.0897
0 0 368 15.2581 8.65483 9.15208 16.8181
0 0 369 17.8466 -19.3508 -0.863488 23.8149
0 0 370 37.2262 -4.63661 -4.70484 -12.6282
0 0 371 71.3357 16.0119 4.84741 -3.60748
0 0 372 103.048 -18.6995 28.0512 18.3957
0 0 373 111.483 15.6178 12.3075 23.9865
0 0 374 118.26 7.52296 0.749065 -1.12111
0 0 375 126.678 -6.74644 -20.2078 -7.94622
0 0 376 138.136 3.64683 -10.09 -6.07698
0 0 377 132.219 -9.72999 -14.2915 -20.3284
0 0 378 117.624 -3.59013 -27.6851 6.97392
0 0 379 129.801 -14.8581 -14.6 -2.21845
0 0 380 104.727 -21.7525 -4.7908 -20.1915
0 0 381 101.777 -5.56295 -12.9196 -25.817
0 0 382 101.418 -0.538076 -2.45794 -3.5559
0 0 383 84.4915 -9.78162 -7.79149 0.817536
0 0 384 63.3971 7.09405 4.28184 -1.56661
0 0 385 33.2468 6.6135 12.8912 -16.8647
0 0 386 29.2524 5.97907 0.680292 0.577433
0 0 387 29.8675 9.23764 22.0145 0.457381
0 0 388 23.9349 5.89368 22.3746 4.70983
0 0 389 5.17288 22.7346 -0.177564 0.234161
0 0 390 2.34339 -8.47799 3.1498 -14.1195
0 0 391 21.6201 -4.67036 10.0443 -6.00851
0 0 392 7.36718 13.1306 -4.70484 3.08069
0 0 393 13.5082 9.49479 9.42626 -2.3385
0 0 394 -1.3598 -5.57983 -13.4336 15.446
0 0 395 5.06995 -5.71684 1.52096 -5.52831
0 0 396 0.972585 -8.80365 3.71537 -8.63276
0 0 397 -2.78333 -3.86515 4.41848 -9.57535
0 0 398 13.6438 2.73837 4.29903 18.0871
0 0 399 1.10816 18.8416 -4.2931 7.23091
0 0 400 -1.72133 -4.55122 2.08652 5.37855
0 0 401 8.99659 1.98379 1.77795 -3.95076
0 0 402 21.2083 5.24137 3.3896 -5.76841
0 0 403 19.9555 1.82891 -0.863488 -19.2817
0 0 404 10.7289 -5.61458 5.10531 -10.9137
0 0 405 2.10237 -10.2105 -3.57279 -9.12985
0 0 406 9.6142 -0.777356 7.96845 -0.572434
0 0 407 -8.0155 -3.72715 -14.943 3.49243
0 0 408 -19.2657 -13.5376 -15.0978 -18.6299
0 0 409 -7.94772 0.216499 -13.0735 6.68223
0 0 410 7.77893 12.2559 -0.571201 2.29192
0 0 411 -1.99499 -20.8262 -22.6773 16.4917
0 0 412 2.73756 7.31744 -22.3687 17.5037
0 0 413 4.94944 4.67544 -7.00241 -4.07081
0 0 414 14.8966 7.04242 4.89899 1.98335
0 0 415 -12.3715 7.33432 -2.71494 -6.04321
0 0 416 -12.8861 1.91429 -1.60099 -1.01794
0 0 417 -2.64776 8.22591 -4.01892 14.5709
0 0 418 3.45812 -1.18939 7.04273 -4.61948
0 0 419 8.89365 -8.97541 3.11541 -30.0685
0 0 420 8.7405 -4.07068 -8.32358 -14.0341
0 0 421 -0.280224 18.4643 -10.4157 9.39183
0 0 422 -2.57746 -3.608 5.48175 9.08326
0 0 423 -1.2418 15.3606 5.29353 -15.8358
0 0 424 15.3761 3.04715 -0.451753 8.37984
0 0 425 20.6761 6.97391 -3.22983 -11.1876
0 0 426 3.92007 -11.119 -10.8275 -4.49943
0 0 427 -11.6685 -3.14434 -11.2555 -2.73336
0 0 428 -1.3598 2.84063 -0.537719 5.3279
0 0 429 -0.847629 -16.6244 2.6521 3.30391
0 0 430 8.22582 -2.35601 0.251364 8.2776
0 0 431 3.54348 -16.3156 -14.1023 -10.0546
0 0 432 14.4171 -2.73329 -21.7172 31.3959
0 0 433 -19.3335 -5.06552 1.05764 13.6968
0 0 434 -11.3772 9.94058 5.8591 6.20203
0 0 435 10.9524 -33.3442 -2.42356 11.0557
0 0 436 4.62305 -5.69996 -6.09388 6.16826
0 0 437 3.45812 8.96361 -2.68146 -7.94622
0 0 438 5.53442 -16.8299 10.6959 -10.1747
0 0 439 -4.75669 -3.77878 12.9256 -4.8427
0 0 440 1.43454 -1.24102 -1.27432 19.2023
0 0 441 -4.03614 -2.57841 5.08812 3.38926
0 0 442 8.1731 8.3808 2.27565 5.34479
0 0 443 1.05795 6.78527 8.77473 -7.39754
0 0 444 2.59948 -9.07867 -13.382 0.748131
0 0 445 5.84071 -7.22599 -13.8797 0.354212
0 0 446 -12.7481 -2.08098 -0.588394 0.405797
0 0 447 1.88144 8.17428 8.46615 -6.02539
0 0 448 -8.83899 -2.218 -0.331399 -10.0546
0 0 449 4.02301 14.5197 14.4684 0.0794071
0 0 450 9.73471 8.27754 -7.7743 3.97264
0 0 451 -1.68618 15.4807 9.01544 6.20203
0 0 452 -4.96257 11.9303 14.1771 8.25978
0 0 453 -16.8128 -3.24759 -12.9712 12.0845
0 0 454 -0.348011 -16.6075 -7.2947 -3.84759
0 0 455 6.51105 -9.31894 -0.211046 -9.93551
0 0 456 13.2848 -4.13918 12.3763 -10.5873
0 0 457 10.0435 -9.50759 -7.00241 0.0278225
0 0 458 4.72599 -7.68966 11.6044 -11.5299
0 0 459 10.9172 -11.3424 8.92947 -8.10003
0 0 460 0.749138 -20.6544 4.76235 -4.10457
0 0 461 8.77565 -1.97872 6.88889 9.35807
0 0 462 -9.09508 22.2888 12.8396 17.5384
0 0 463 1.46969 -14.0688 12.3247 -10.8622
0 0 464 -0.65682 12.8735 18.327 9.76981
0 0 465 9.08195 4.53842 1.6404 11.9307
0 0 466 9.04931 -6.96884 0.852225 -0.434563
0 0 467 -4.07129 9.01524 20.4019 -9.35307
0 0 468 12.9257 5.01897 11.227 14.811
0 0 469 6.94037 -1.80695 12.1021 7.81428
0 0 470 -4.25959 8.0889 12.9084 18.4642
0 0 471 1.58769 -0.486447 5.80843 13.3019
0 0 472 1.84629 -2.57841 -0.725941 10.9356
0 0 473 -17.6187 -7.80979 -3.95014 -3.796
0 0 474 -8.61555 -7.12373 -4.10488 6.16826
0 0 475 -2.57746 4.02412 16.7325 -11.8226
0 0 476 -9.43903 7.71161 3.45837 3.47555
0 0 477 -1.44767 18.8595 4.24745 0.525848
0 0 478 2.77271 8.49994 1.86392 0.919767
0 0 479 5.66999 3.62996 11.2442 -10.7937
0 0 480 -4.51567 -18.494 0.44049 4.55601
0 0 481 -1.12129 2.96077 10.6271 -1.32651
0 0 482 14.8288 -7.43251 -9.11176 3.11539
0 0 483 -13.7423 5.99694 -19.3508 -7.05427
0 0 484 -21.357 -0.349432 -13.3142 -18.0474
0 0 485 -7.96278 -12.097 -5.0478 1.60631
0 0 486 -14.4126 -2.11573 -4.56729 -11.6331
0 0 487 -3.88299 3.54358 4.95057 3.28703
0 0 488 16.5084 7.59147 -9.7642 -5.88846
0 0 489 -4.84205 5.15598 -5.51112 5.22473
0 0 490 -19.9687 -19.746 -10.861 -10.9991
0 0 491 -6.62712 12.4793 -16.6062 -3.8307
0 0 492 5.9788 3.5267 -5.35638 13.8684
0 0 493 -7.43303 17.8299 -12.954 -5.16815
0 0 494 9.83765 10.0955 -1.68605 -17.0354
0 0 495 -4.96257 3.3043 -9.06108 -12.4913
0 0 496 -14.2067 4.31602 -3.09229 11.2789
0 0 497 -8.16865 12.1358 -0.434559 -3.21357
0 0 498 -1.85942 0.5084 -7.94623 -10.4673
0 0 499 17.9144 3.26955 4.57322 -0.382978
0 0 500 -1.10371 -4.51647 2.70368 10.3185
0 0 501 13.1818 1.93216 8.26074 -2.32162
0 0 502 13.4731 -7.94681 6.8717 1.69166
0 0 503 1.69063 -8.78677 -4.89306 -3.47055
0 0 504 0.234457 4.83033 -6.67664 1.46844
0 0 505 4.55527 0.576907 -5.37357 10.3522
0 0 506 -6.1978 -13.6399 6.73415 9.7351
0 0 507 -3.60682 10.3695 19.3052 28.2399
0 0 508 -14.257 -6.3344 3.50995 -2.40697
0 0 509 12.0495 -10.1937 -7.39695 6.04821
0 0 510 6.13446 -1.27478 4.28184 3.44085
0 0 511 -1.18908 -11.3593 12.2903 26.2844
