0 0 0 2.16841 -1.76044 -2.23128 -2.78077
0 0 1 5.85599 -10.4027 9.23897 0.046053
0 0 2 1.9316 -0.97591 -0.974022 6.1743
0 0 3 5.4613 1.22375 5.15352 7.19504
0 0 4 2.01054 2.01077 -1.28898 -0.110261
0 0 5 2.86759 -4.58822 15.8377 -4.74505
0 0 6 -0.267417 -1.21177 3.73878 4.83904
0 0 7 6.09281 -13.8586 -2.23128 -2.07454
0 0 8 -2.70325 0.910934 3.34701 -7.49466
0 0 9 2.63077 1.45961 4.36741 -1.21011
0 0 10 0.589634 -5.21634 6.88193 4.36822
0 0 11 -0.346356 -1.91685 -4.7458 -7.96737
0 0 12 9.00227 -2.86027 0.518814 0.360563
0 0 13 -3.88733 0.518669 4.05374 4.44543
0 0 14 -3.88733 4.13098 -1.99571 -15.7435
0 0 15 -2.86113 -8.20302 -2.30938 -0.81838
0 0 16 1.77372 -3.33198 9.55264 0.675074
0 0 17 -3.019 -1.91685 -0.50287 4.52453
0 0 18 2.94653 -0.504199 -3.64602 2.71845
0 0 19 5.38236 -2.46801 10.0238 -9.53804
0 0 20 -2.00407 -4.90352 8.61034 0.046053
0 0 21 2.78865 -1.60403 10.8099 -1.60371
0 0 22 0.352817 -11.5025 10.6524 0.281465
0 0 23 -1.05681 -4.43181 7.1956 8.29489
0 0 24 -9.61605 7.98163 5.38909 2.40394
0 0 25 -1.37256 5.15385 -2.0738 -8.98812
0 0 26 3.57804 3.1106 -10.0872 -8.59451
0 0 27 2.70971 0.754524 -0.267294 -0.110261
0 0 28 7.81819 0.203367 -4.902 -5.37407
0 0 29 3.1044 -3.09613 -4.51022 -4.11791
0 0 30 -7.49597 -1.91685 -8.5944 -4.43054
0 0 31 -5.3759 5.38971 -5.13885 -0.581085
0 0 32 -4.90226 -5.53165 8.05981 2.95386
0 0 33 -1.13575 0.831488 -1.83823 -6.3176
0 0 34 1.61584 2.32358 -3.88159 -5.76768
0 0 35 2.78865 0.123921 0.203859 0.046053
0 0 36 -0.120816 4.05402 -1.0534 3.11018
0 0 37 -1.8462 2.01077 -3.41044 3.6601
0 0 38 -1.60938 -0.424753 -5.37443 -4.11791
0 0 39 7.50243 -3.72425 2.87457 -3.88062
0 0 40 3.42016 -0.345307 2.08975 0.439662
0 0 41 -2.70325 2.24662 -0.895923 3.7392
0 0 42 1.61584 -1.21177 1.85417 -7.41745
0 0 43 0.668573 -0.188898 -2.85991 -4.11791
0 0 44 5.61917 2.48248 -0.424771 3.81829
0 0 45 3.65698 1.77491 -3.80222 1.38131
0 0 46 -0.188478 0.518669 0.12576 0.046053
0 0 47 0.984329 -7.73131 3.73878 -8.28188
0 0 48 -3.4137 4.28987 -3.25296 4.52453
0 0 49 10.6487 7.03821 -3.09549 10.8091
0 0 50 -4.04521 7.82522 0.203859 -3.3307
0 0 51 3.18334 -0.660609 1.06806 2.79567
0 0 52 0.510695 0.518669 0.281957 -2.38905
0 0 53 3.34122 0.0469577 12.2246 12.8525
0 0 54 2.86759 -3.56784 13.7162 -1.68093
0 0 55 0.589634 2.7953 -1.1315 -3.95972
0 0 56 -0.977868 -2.23215 -6.39483 -3.48889
0 0 57 5.4613 4.13098 -13.859 6.72422
0 0 58 -0.425295 -4.11651 9.55264 -3.8034
0 0 59 0.0370615 15.2087 -10.6378 8.05948
0 0 60 6.01387 -4.2754 -3.88159 2.87476
0 0 61 -2.16195 -6.31618 -16.3722 -10.7942
0 0 62 4.13061 -1.76044 9.78822 6.0952
0 0 63 -1.60938 0.754524 -2.30938 2.48115
0 0 64 4.44637 -2.38856 -3.41044 2.79567
0 0 65 3.89379 12.7732 -5.05947 1.61861
0 0 66 3.73592 1.38264 2.79648 -0.424771
0 0 67 -3.09794 -4.90352 -4.66642 7.50955
0 0 68 -0.81999 -7.10319 -1.52455 -1.2892
0 0 69 4.59297 0.987897 -4.35275 3.42469
0 0 70 5.61917 2.32358 1.85417 4.60363
0 0 71 1.06327 -3.41143 8.29539 -2.30995
0 0 72 4.05167 8.21749 -9.4586 -7.88827
0 0 73 7.97607 -1.52458 2.24723 3.42469
0 0 74 7.42349 -5.29579 5.78215 -5.13866
0 0 75 -0.120816 2.32358 3.26763 4.99535
0 0 76 8.68652 1.69546 -9.4586 -11.1087
0 0 77 6.56644 -6.63148 11.0455 -8.04459
0 0 78 11.3592 4.68214 6.3314 6.48881
0 0 79 -4.28203 -3.48839 6.80383 -3.8034
0 0 80 2.08947 -4.98049 7.58866 1.225
0 0 81 0.668573 -6.55203 1.14616 -5.924
0 0 82 7.97607 -8.51584 9.71012 3.34559
0 0 83 6.56644 -5.7675 3.66068 -0.189359
0 0 84 5.38236 -5.7675 9.00339 -0.345673
0 0 85 -2.00407 3.03115 -3.09549 8.37399
0 0 86 2.47289 6.80236 -3.88159 -2.62446
0 0 87 11.0434 5.70252 -2.30938 1.61861
0 0 88 3.65698 4.99496 2.87457 3.58288
0 0 89 30.9924 9.00202 -9.93103 1.93123
0 0 90 200.689 60.0685 -10.0872 9.78834
0 0 91 586.666 104.298 4.68236 23.4592
0 0 92 708.988 80.4166 19.452 81.8301
0 0 93 727.133 -3.9601 60.5395 107.678
0 0 94 486.03 -58.403 67.0601 53.3904
0 0 95 124.016 -18.8885 7.58866 1.06868
0 0 96 15.4414 -8.04661 20.1587 7.50955
0 0 97 0.273878 1.85436 1.38302 -5.37407
0 0 98 -11.0369 -12.9946 1.46112 -1.21011
0 0 99 -2.39877 1.3032 9.71012 -9.06722
0 0 100 3.89379 -4.43181 3.18953 5.46806
0 0 101 -5.45484 0.439223 0.203859 10.3383
0 0 102 -8.759 -0.817018 -7.10284 4.99535
0 0 103 -11.894 5.78197 -5.05947 3.81829
0 0 104 -8.12748 -4.58822 -8.5163 -2.23085
0 0 105 -2.31983 3.1106 -10.7952 8.13858
0 0 106 -1.68832 -7.33904 16.1526 -4.50964
0 0 107 1.45796 -2.23215 -2.85991 8.92391
0 0 108 -3.25582 0.831488 7.03941 7.58865
0 0 109 -4.75566 -9.61567 0.75439 -6.47392
0 0 110 1.5369 5.46667 -3.41044 -9.38173
0 0 111 -5.29696 1.14679 -0.817825 -1.68093
0 0 112 -1.13575 -10.718 -3.17359 -5.37407
0 0 113 -7.41703 -5.05993 7.90361 -5.29497
0 0 114 -5.45484 2.87474 6.88193 2.40394
0 0 115 0.90539 5.46667 -3.95969 -5.8449
0 0 116 -5.06014 -2.38856 3.73878 6.72422
0 0 117 3.1044 2.48248 -2.62433 -1.21011
0 0 118 -9.85286 3.50286 -2.38876 2.56025
0 0 119 -8.44324 -3.17557 -4.7458 7.11783
0 0 120 -8.20642 -5.4522 9.31707 -13.702
0 0 121 -6.48104 4.13098 1.30364 -5.21776
0 0 122 -3.65052 -2.78083 2.01037 10.182
0 0 123 -3.49264 5.54611 -5.61001 1.69582
0 0 124 -6.55998 -3.72425 5.54657 -0.503869
0 0 125 -1.60938 0.0469577 2.16785 -7.49466
0 0 126 0.273878 8.29445 -3.72412 4.36822
0 0 127 1.22115 7.27407 -10.9514 -8.59451
0 0 128 -2.31983 5.31026 -1.68203 1.06868
0 0 129 -9.54838 -3.64728 1.22554 -1.91822
0 0 130 -3.72945 8.45334 2.32532 2.79567
0 0 131 -4.90226 3.50286 -10.0091 2.16853
0 0 132 2.31501 -11.2667 1.22554 -6.3176
0 0 133 -10.1686 -3.56784 -6.70979 11.7526
0 0 134 -0.81999 -6.94678 3.89626 0.675074
0 0 135 -1.4515 -3.33198 3.66068 -5.05956
0 0 136 -0.425295 -0.97591 3.42511 2.08943
0 0 137 1.14221 -1.13232 -5.45253 1.77492
0 0 138 -3.4137 -3.72425 2.24723 -3.8034
0 0 139 1.61584 5.62308 -0.109816 -6.23851
0 0 140 1.37902 2.71833 7.98171 -4.66784
0 0 141 -2.70325 -0.268344 0.75439 9.47383
0 0 142 1.5369 5.38971 -6.47421 0.675074
0 0 143 -2.39877 -5.05993 -1.52455 3.7392
0 0 144 -6.08635 -7.49545 -10.0091 5.78257
0 0 145 -1.4515 -11.1102 11.5166 2.56025
0 0 146 1.85266 -2.46801 0.361336 -3.56799
0 0 147 -6.95468 2.01077 9.55264 7.58865
0 0 148 -3.88733 2.40303 -5.45253 8.84481
0 0 149 -1.13575 3.34645 -10.4803 4.75994
0 0 150 -0.898929 8.53031 0.596912 -0.895595
0 0 151 -1.68832 1.53905 -10.5597 7.27414
0 0 152 -7.41703 9.55318 -7.10284 6.48881
0 0 153 -1.68832 -3.72425 -0.109816 4.36822
0 0 154 -5.77059 3.97457 -0.660347 6.48881
0 0 155 -0.977868 4.83855 6.1752 -1.05379
0 0 156 -7.65385 -0.896464 2.4828 5.30986
0 0 157 -0.0418775 -0.504199 -6.94536 -8.8318
0 0 158 0.352817 2.16717 -6.23864 9.31752
0 0 159 -4.90226 -5.37524 4.44679 -1.99544
0 0 160 0.0370615 9.70959 -11.3445 -4.98046
0 0 161 -0.425295 -4.43181 10.3388 -3.01807
0 0 162 -6.00741 1.3032 -0.817825 -3.3307
0 0 163 -5.06014 1.06734 -5.37443 -12.9939
0 0 164 0.0370615 -5.68806 0.361336 1.1459
0 0 165 2.78865 -0.896464 8.29539 2.08943
0 0 166 1.30008 -3.01668 -6.39483 2.87476
0 0 167 2.47289 5.85893 -4.66642 -5.68858
0 0 168 7.97607 -11.9742 11.3604 9.08211
0 0 169 0.510695 6.01783 -10.6378 0.046053
0 0 170 -4.51884 -0.896464 -9.69546 2.32484
0 0 171 1.45796 -1.36818 3.26763 -5.60948
0 0 172 4.36743 -0.581163 -0.345392 -3.72431
0 0 173 4.13061 -14.8815 6.56697 10.0238
0 0 174 -3.25582 0.910934 7.43118 0.989584
0 0 175 1.14221 13.4808 -7.33842 6.72422
0 0 176 8.60758 5.70252 -4.35275 -10.717
0 0 177 1.06327 14.3448 3.73878 3.6601
0 0 178 -7.81173 -0.97591 5.46719 2.71845
0 0 179 1.85266 4.13098 -7.80957 -1.52462
0 0 180 0.826451 0.595632 9.78822 5.23265
0 0 181 -0.188478 3.34645 0.832488 -1.68093
0 0 182 1.37902 3.34645 1.69669 -15.1936
0 0 183 0.116 -8.35943 2.24723 5.30986
0 0 184 2.16841 2.48248 10.888 -5.924
0 0 185 5.93493 0.754524 -6.08116 2.71845
0 0 186 -2.47771 -4.19596 -7.33842 3.18927
0 0 187 -0.898929 -1.21177 3.5032 4.60363
0 0 188 -5.29696 -4.66767 4.99604 -4.03882
0 0 189 1.5369 2.01077 -12.6018 6.0952
0 0 190 -5.61271 0.831488 -10.0872 -2.70356
0 0 191 3.73592 -0.817018 -0.580968 -0.503869
0 0 192 5.0666 -3.48839 -5.61001 11.2027
0 0 193 0.984329 1.06734 -0.424771 -2.62446
0 0 194 -5.69165 -2.23215 1.06806 -1.13101
0 0 195 2.23608 3.97457 7.35308 -15.5081
0 0 196 0.431756 3.58231 -1.91761 -2.62446
0 0 197 4.98766 1.77491 -0.895923 -9.45894
0 0 198 -8.759 -0.504199 7.82423 -3.64521
0 0 199 8.60758 0.203367 2.639 2.79567
0 0 200 6.80326 4.21043 -1.99571 2.71845
0 0 201 0.90539 2.95419 6.56697 5.46806
0 0 202 -4.59778 -2.46801 5.62467 6.2534
0 0 203 1.06327 5.85893 -2.38876 -0.660183
0 0 204 -8.60112 -8.59528 2.32532 5.07445
0 0 205 -1.60938 8.60975 10.8099 7.19504
0 0 206 4.20955 -2.54745 -10.0872 6.64512
0 0 207 1.9316 -0.504199 0.910587 2.71845
0 0 208 3.81486 -1.05287 5.15352 -2.30995
0 0 209 -1.92514 -4.74712 5.38909 1.38131
0 0 210 -2.54537 0.0469577 7.58866 1.53951
0 0 211 0.352817 -1.36818 0.518814 -6.3176
0 0 212 -3.65052 -1.52458 -4.43084 3.42469
0 0 213 -3.88733 8.3739 -5.13885 6.33249
0 0 214 -0.0418775 -2.93972 6.09582 0.595975
0 0 215 -2.31983 3.58231 -12.1306 -4.43054
0 0 216 7.58137 -6.86733 6.41078 11.359
0 0 217 1.06327 1.85436 5.31099 5.46806
0 0 218 -3.57158 -2.78083 -1.28898 -6.94474
0 0 219 -0.898929 -6.00336 2.24723 1.1459
0 0 220 -2.54537 -1.44762 0.0463811 -9.06722
0 0 221 2.94653 -0.740055 2.08975 8.29489
0 0 222 0.668573 1.6185 -3.56664 0.910486
0 0 223 -11.7474 4.36684 5.07542 -4.27423
0 0 224 -1.60938 -0.581163 7.82423 0.125151
0 0 225 -1.13575 -0.504199 -3.95969 0.831387
0 0 226 7.18668 -2.38856 -3.56664 -2.93897
0 0 227 1.06327 3.73872 -6.08116 1.69582
0 0 228 6.64538 -1.60403 -1.60265 -8.75271
0 0 229 0.273878 -2.07574 -1.36708 -5.76768
0 0 230 1.30008 -2.93972 8.68844 2.24574
0 0 231 -7.96961 0.282813 -3.01739 -1.13101
0 0 232 6.56644 5.46667 6.72445 8.21767
0 0 233 -0.898929 -3.56784 3.58258 -4.98046
0 0 234 -4.28203 -4.43181 3.66068 1.93123
0 0 235 -3.17688 -5.13938 7.58866 1.77492
0 0 236 3.73592 7.98163 -11.9731 -3.56799
0 0 237 -3.17688 -0.504199 5.15352 2.48115
0 0 238 0.747512 3.73872 0.989966 -9.38173
0 0 239 2.39395 -4.66767 -6.31673 -1.3683
0 0 240 6.40856 3.50286 -2.46686 5.07445
0 0 241 5.0666 4.13098 -4.902 11.2818
0 0 242 1.06327 3.03115 -1.1315 -9.77345
0 0 243 0.194939 -5.92391 1.93227 0.125151
0 0 244 0.984329 -1.28873 -6.55231 -8.98812
0 0 245 2.63077 5.54611 -12.7592 -0.424771
0 0 246 -5.29696 7.58937 -7.10284 -6.94474
0 0 247 1.06327 1.22375 -0.660347 5.93889
0 0 248 6.17175 -0.111934 -1.36708 -0.739281
0 0 249 6.56644 -3.56784 1.46112 2.16853
0 0 250 -6.7968 3.89513 -5.05947 -0.189359
0 0 251 2.08947 -4.98049 11.1249 4.68273
0 0 252 -2.78219 7.03821 6.09582 -2.23085
0 0 253 2.94653 -0.188898 2.87457 0.360563
0 0 254 9.23909 7.50992 -16.8434 10.5737
0 0 255 8.05501 -1.60403 -4.98138 -4.19513
