0 0 0 0.0697768
0 0 1 0.103075
0 0 2 0.196256
0 0 3 0.196121
0 0 4 0.0755861
0 0 5 0.00912454
0 0 6 -0.0616075
0 0 7 -0.0917317
0 0 8 -0.161579
0 0 9 -0.214941
0 0 10 -0.0720529
0 0 11 -0.0444487
0 0 12 -0.0415633
0 0 13 -0.0177294
0 0 14 0.0763364
0 0 15 -0.0303292
0 0 16 -0.0303292
0 0 17 0.00244952
0 0 18 0.00837432
0 0 19 -0.0201147
0 0 20 0.0277838
0 0 21 -0.000570587
0 0 22 -0.0453336
0 0 23 -0.00347528
0 0 24 -0.0308486
0 0 25 -0.0361386
0 0 26 -0.0547979
0 0 27 -0.0487384
0 0 28 -0.0711873
0 0 29 0.058562
0 0 30 0.0615821
0 0 31 0.122985
0 0 32 0.121234
0 0 33 0.0942454
0 0 34 0.0202239
0 0 35 0.0276684
0 0 36 -0.00776498
0 0 37 -0.0207495
0 0 38 -0.0489885
0 0 39 -0.0317142
0 0 40 -0.0841718
0 0 41 -0.0966369
0 0 42 -0.0753231
0 0 43 -0.0529127
0 0 44 -0.127935
0 0 45 -0.13511
0 0 46 -0.0865763
0 0 47 -0.0593377
0 0 48 -0.0820366
0 0 49 -0.0346189
0 0 50 0.0353629
0 0 51 0.00673923
0 0 52 -0.0611074
0 0 53 -0.0550479
0 0 54 -0.0791319
0 0 55 -0.0851913
0 0 56 -0.0650124
0 0 57 -0.0471033
0 0 58 0.0261487
0 0 59 0.0483475
0 0 60 0.0465777
0 0 61 0.0830114
0 0 62 0.126024
0 0 63 0.193736
0 0 64 0.163342
0 0 65 0.147453
0 0 66 0.0301883
0 0 67 -0.0666475
0 0 68 -0.163464
0 0 69 -0.166888
0 0 70 -0.0510083
0 0 71 -0.036254
0 0 72 -0.0506428
0 0 73 -0.0816326
0 0 74 -0.0950211
0 0 75 -0.144709
0 0 76 -0.205207
0 0 77 -0.207092
0 0 78 -0.137264
0 0 79 -0.124376
0 0 80 -0.176699
0 0 81 -0.126646
0 0 82 -0.14896
0 0 83 -0.0466032
0 0 84 0.0195891
0 0 85 0.0584273
0 0 86 0.0557919
0 0 87 0.175442
0 0 88 0.124254
0 0 89 0.10294
0 0 90 0.066622
0 0 91 0.0880705
0 0 92 0.056042
0 0 93 -0.0109197
0 0 94 0.00912454
0 0 95 0.100036
0 0 96 -0.00903458
0 0 97 -0.00524502
0 0 98 0.0995354
0 0 99 0.0697768
0 0 100 0.103075
0 0 101 0.196256
0 0 102 0.196121
0 0 103 0.0755861
0 0 104 0.00912454
0 0 105 -0.0616075
0 0 106 -0.0917317
0 0 107 -0.161579
0 0 108 -0.214941
0 0 109 -0.0720529
0 0 110 -0.0444487
0 0 111 -0.0415633
0 0 112 -0.0177294
0 0 113 0.0763364
0 0 114 -0.0303292
0 0 115 -0.0303292
0 0 116 0.00244952
0 0 117 0.00837432
0 0 118 -0.0201147
0 0 119 0.0277838
0 0 120 -0.000570587
0 0 121 -0.0453336
0 0 122 -0.00347528
0 0 123 -0.0308486
0 0 124 -0.0361386
0 0 125 -0.0547979
0 0 126 -0.0487384
0 0 127 -0.0711873
0 0 128 0.058562
0 0 129 0.0615821
0 0 130 0.122985
0 0 131 0.121234
0 0 132 0.0942454
0 0 133 0.0202239
0 0 134 0.0276684
0 0 135 -0.00776498
0 0 136 -0.0207495
0 0 137 -0.0489885
0 0 138 -0.0317142
0 0 139 -0.0841718
0 0 140 -0.0966369
0 0 141 -0.0753231
0 0 142 -0.0529127
0 0 143 -0.127935
0 0 144 -0.13511
0 0 145 -0.0865763
0 0 146 -0.0593377
0 0 147 -0.0820366
0 0 148 -0.0346189
0 0 149 0.0353629
0 0 150 0.00673923
0 0 151 -0.0611074
0 0 152 -0.0550479
0 0 153 -0.0791319
0 0 154 -0.0851913
0 0 155 -0.0650124
0 0 156 -0.0471033
0 0 157 0.0261487
0 0 158 0.0483475
0 0 159 0.0465777
0 0 160 0.0830114
0 0 161 0.126024
0 0 162 0.193736
0 0 163 0.163342
0 0 164 0.147453
0 0 165 0.0301883
0 0 166 -0.0666475
0 0 167 -0.163464
0 0 168 -0.166888
0 0 169 -0.180642
0 0 170 -0.0979258
0 0 171 0.00660457
0 0 172 -0.0351191
0 0 173 -0.0338687
0 0 174 0.0556573
0 0 175 0.0562921
0 0 176 0.0250138
0 0 177 0.0792411
0 0 178 0.138758
0 0 179 0.0322082
0 0 180 -0.037389
0 0 181 -0.0526626
0 0 182 -0.0899812
0 0 183 -0.149479
0 0 184 -0.182277
0 0 185 -0.0816326
0 0 186 -0.0754577
0 0 187 -0.0044948
0 0 188 0.0561574
0 0 189 0.155148
0 0 190 0.076471
0 0 191 0.0970154
0 0 192 0.0557919
0 0 193 0.0624669
0 0 194 0.0520024
0 0 195 0.1105
0 0 196 0.145933
0 0 197 0.120099
0 0 198 0.0812609
0 0 199 0.0769712
0 0 200 0.075086
0 0 201 -7.0442e-05
0 0 202 0.0293035
0 0 203 0.115559
0 0 204 0.134084
0 0 205 0.11454
0 0 206 0.146453
0 0 207 0.151743
0 0 208 0.132949
0 0 209 0.113905
0 0 210 0.120715
0 0 211 0.186407
0 0 212 0.141913
0 0 213 0.0836462
0 0 214 0.10092
0 0 215 0.123235
0 0 216 0.10092
0 0 217 0.089821
0 0 218 0.10496
0 0 219 0.042288
0 0 220 0.0290534
0 0 221 -0.00247499
0 0 222 0.0459429
0 0 223 0.084281
0 0 224 0.0586774
0 0 225 -0.00386
0 0 226 0.0211088
0 0 227 -0.00272506
0 0 228 -0.115816
0 0 229 -0.0333686
0 0 230 0.056042
0 0 231 0.0366133
0 0 232 0.0729315
0 0 233 0.157783
0 0 234 0.180867
0 0 235 0.161823
0 0 236 0.125774
0 0 237 0.136989
0 0 238 0.165997
0 0 239 0.11152
0 0 240 0.0919755
0 0 241 0.171537
0 0 242 0.11202
0 0 243 0.0271682
0 0 244 -0.0085152
0 0 245 -0.0455837
0 0 246 -0.104466
0 0 247 -0.0865763
0 0 248 -0.0317142
0 0 249 -0.0379084
0 0 250 -0.0448334
0 0 251 -0.01167
0 0 252 -0.0278093
0 0 253 -0.0619923
0 0 254 -0.036254
0 0 255 0.0451927
0 0 256 0.0102595
0 0 257 0.0110289
0 0 258 0.000564358
0 0 259 0.0472125
0 0 260 -0.0692828
0 0 261 -0.0492578
0 0 262 -0.0643583
0 0 263 -0.0121701
0 0 264 -0.0439486
0 0 265 0.0247637
0 0 266 -0.00965015
0 0 267 0.0483475
0 0 268 0.0149339
0 0 269 -0.0346189
0 0 270 -0.0279439
0 0 271 -0.0614729
0 0 272 -0.152384
0 0 273 -0.0995609
0 0 274 -0.0187297
0 0 275 -0.0236542
0 0 276 0.00256494
0 0 277 0.0765864
0 0 278 0.0538875
0 0 279 0.033093
0 0 280 -0.0149594
0 0 281 -0.0145747
0 0 282 0.0111444
0 0 283 -0.0220191
0 0 284 -0.0784778
0 0 285 -0.0439486
0 0 286 -0.0264242
0 0 287 0.00181472
0 0 288 -0.0283094
0 0 289 0.076471
0 0 290 0.109634
0 0 291 0.0846657
0 0 292 -0.0280593
0 0 293 0.0208587
0 0 294 -0.0193645
0 0 295 -0.0637428
0 0 296 -0.0332339
0 0 297 0.0594468
0 0 298 0.063852
0 0 299 0.0576771
0 0 300 0.0277838
0 0 301 0.0697768
0 0 302 0.0396526
0 0 303 0.0208587
0 0 304 0.113655
0 0 305 0.166363
0 0 306 0.0889554
0 0 307 0.142163
0 0 308 0.147453
0 0 309 0.0850312
0 0 310 0.160438
0 0 311 0.150108
0 0 312 0.0735663
0 0 313 0.087051
0 0 314 0.0562921
0 0 315 -0.0487384
0 0 316 0.00294967
0 0 317 0.0379983
0 0 318 0.0648715
0 0 319 0.021859
0 0 320 0.0470779
0 0 321 0.0237634
0 0 322 -0.0246545
0 0 323 -0.0956367
0 0 324 -0.000955314
0 0 325 0.00875905
0 0 326 0.00194938
0 0 327 -0.0227693
0 0 328 -0.0168445
0 0 329 -0.0951173
0 0 330 -0.0936168
0 0 331 -0.0419287
0 0 332 0.0125294
0 0 333 0.0860507
0 0 334 0.149338
0 0 335 0.165862
0 0 336 0.178982
0 0 337 0.188061
0 0 338 0.137989
0 0 339 0.0701615
0 0 340 0.0512522
0 0 341 0.0145492
0 0 342 0.077856
0 0 343 0.10092
0 0 344 0.119964
0 0 345 0.143048
0 0 346 0.0806261
0 0 347 0.00471941
0 0 348 0.00875905
0 0 349 0.00181472
0 0 350 -0.0690328
0 0 351 0.00812425
0 0 352 0.0353629
0 0 353 -0.0288288
0 0 354 -0.0696676
0 0 355 -0.0423135
0 0 356 -0.0854414
0 0 357 -0.136495
0 0 358 -0.171659
0 0 359 -0.147575
0 0 360 -0.14317
0 0 361 -0.14417
0 0 362 -0.0600879
0 0 363 -0.0366388
0 0 364 0.0541376
0 0 365 0.058562
0 0 366 0.0923602
0 0 367 -0.0391587
0 0 368 -0.0196146
0 0 369 -0.0791319
0 0 370 -0.0555481
0 0 371 -0.0778623
0 0 372 0.0451927
0 0 373 0.0353629
0 0 374 -0.0555481
0 0 375 0.00231487
0 0 376 -0.0375236
0 0 377 -0.064493
0 0 378 -0.0212497
0 0 379 0.061332
0 0 380 -0.00562975
0 0 381 -0.0217691
0 0 382 -0.00663004
0 0 383 -0.0608573
0 0 384 -0.0196146
0 0 385 -0.0434484
0 0 386 0.030323
0 0 387 -0.0106697
0 0 388 0.0596969
0 0 389 0.0541376
0 0 390 0.0793565
0 0 391 0.151743
0 0 392 0.20647
0 0 393 0.123235
0 0 394 0.0483475
0 0 395 0.0677569
0 0 396 -0.026809
0 0 397 -0.110756
0 0 398 -0.0975411
0 0 399 -0.025424
0 0 400 -0.13988
0 0 401 -0.126146
0 0 402 -0.0449681
0 0 403 -0.0476035
0 0 404 -0.0755924
0 0 405 0.0900904
0 0 406 0.135354
0 0 407 0.114174
0 0 408 0.226899
0 0 409 0.194236
0 0 410 0.121234
0 0 411 0.0673915
0 0 412 0.0364979
0 0 413 -0.124895
0 0 414 -0.12201
0 0 415 -0.13761
0 0 416 -0.190703
0 0 417 -0.199648
0 0 418 -0.109775
0 0 419 -0.0444487
0 0 420 -0.0984067
0 0 421 -0.0634927
0 0 422 -0.0682826
0 0 423 -0.0907121
0 0 424 -0.12201
0 0 425 -0.0291943
0 0 426 -0.000955314
0 0 427 0.0206086
0 0 428 0.00206479
0 0 429 0.0754515
0 0 430 0.0841463
0 0 431 0.0729315
0 0 432 0.0619668
0 0 433 0.118964
0 0 434 0.0160689
0 0 435 -0.0661281
0 0 436 -0.100311
0 0 437 -0.0912315
0 0 438 -0.125415
0 0 439 -0.121606
0 0 440 -0.107352
0 0 441 -0.0816326
0 0 442 -0.120875
0 0 443 -0.0700523
0 0 444 -0.0484883
0 0 445 -0.0555481
0 0 446 0.0076241
0 0 447 0.078991
0 0 448 0.0705462
0 0 449 0.0184542
0 0 450 0.0972655
0 0 451 0.0242635
0 0 452 -0.0582027
0 0 453 -0.111661
0 0 454 -0.0758617
0 0 455 -0.160329
0 0 456 -0.132705
0 0 457 -0.0650124
0 0 458 -0.0097848
0 0 459 -0.00826513
0 0 460 0.0298036
0 0 461 0.0512522
0 0 462 0.0654871
0 0 463 0.0427882
0 0 464 0.0740665
0 0 465 0.0639866
0 0 466 0.0465777
0 0 467 -0.0428136
0 0 468 -0.075073
0 0 469 -0.0909815
0 0 470 -0.087442
0 0 471 -0.155019
0 0 472 -0.101427
0 0 473 -0.0297137
0 0 474 -0.120875
0 0 475 -0.163214
0 0 476 -0.148075
0 0 477 -0.129666
0 0 478 -0.194858
0 0 479 -0.0912315
0 0 480 -0.115816
0 0 481 -0.102466
0 0 482 -0.13434
0 0 483 -0.0648777
0 0 484 -0.112026
0 0 485 -0.0164598
0 0 486 -0.030714
0 0 487 0.0131642
0 0 488 0.0227439
0 0 489 -0.0145747
0 0 490 0.014049
0 0 491 -0.00688011
0 0 492 -0.0793819
0 0 493 -0.12705
0 0 494 -0.0796128
0 0 495 -0.123645
0 0 496 0.00369988
0 0 497 0.0396526
0 0 498 0.063852
0 0 499 0.186407
0 0 500 0.267373
0 0 501 0.343145
0 0 502 0.491303
0 0 503 0.67224
0 0 504 0.701114
0 0 505 0.726968
0 0 506 0.7977
0 0 507 0.826343
0 0 508 0.815993
0 0 509 0.90929
0 0 510 0.999835
0 0 511 0.989621
0 0 512 0.974732
0 0 513 0.969557
0 0 514 0.986832
0 0 515 0.910925
0 0 516 0.77627
0 0 517 0.674125
0 0 518 0.549204
0 0 519 0.337354
0 0 520 0.267488
0 0 521 0.114174
0 0 522 0.0758362
0 0 523 0.0184542
0 0 524 -0.0221345
0 0 525 -0.0381584
0 0 526 0.0813763
0 0 527 0.0975156
0 0 528 0.0688919
0 0 529 0.0335932
0 0 530 0.000179631
0 0 531 0.0475972
0 0 532 0.0248983
0 0 533 0.0624669
0 0 534 0.11127
0 0 535 0.0980157
0 0 536 -0.0923472
0 0 537 -0.127781
0 0 538 -0.135225
0 0 539 -0.141015
0 0 540 -0.159944
0 0 541 -0.0634927
0 0 542 -0.0569331
0 0 543 -0.0981566
0 0 544 -0.156539
0 0 545 -0.0937323
0 0 546 -0.0653971
0 0 547 0.0255139
0 0 548 0.0456928
0 0 549 0.098285
0 0 550 0.0333431
0 0 551 0.012414
0 0 552 -0.0611074
0 0 553 0.00344981
0 0 554 0.0660064
0 0 555 0.125774
0 0 556 0.184522
0 0 557 0.0769712
0 0 558 -0.00903458
0 0 559 -0.0796128
0 0 560 -0.116931
0 0 561 -0.192742
0 0 562 -0.0690328
0 0 563 -0.0893271
0 0 564 -0.093386
0 0 565 -0.161098
0 0 566 -0.0875574
0 0 567 -0.100311
0 0 568 -0.0381584
0 0 569 0.083146
0 0 570 0.139893
0 0 571 0.0472125
0 0 572 0.126024
0 0 573 0.089821
0 0 574 -0.0133051
0 0 575 -0.0293289
0 0 576 -0.0755924
0 0 577 -0.203822
0 0 578 -0.13761
0 0 579 -0.12855
0 0 580 -0.0639929
0 0 581 0.0348628
0 0 582 0.0792411
0 0 583 0.031708
0 0 584 0.0263988
0 0 585 -0.0357539
0 0 586 0.019339
0 0 587 0.0391333
0 0 588 0.0971501
0 0 589 0.0572924
0 0 590 0.156148
0 0 591 0.0279185
0 0 592 0.0749513
0 0 593 0.0255139
0 0 594 0.088436
0 0 595 -0.051143
0 0 596 -0.0111698
0 0 597 -0.0846527
0 0 598 -0.00587982
0 0 599 -0.0647623
0 0 600 -0.00247499
0 0 601 0.0923602
0 0 602 0.210125
0 0 603 0.0927257
0 0 604 0.0594468
0 0 605 0.0387678
0 0 606 -0.00637997
0 0 607 -0.0899812
0 0 608 -0.00247499
0 0 609 0.0412877
0 0 610 0.0391333
0 0 611 -0.0106697
0 0 612 0.036998
0 0 613 -0.0211343
0 0 614 0.0923602
0 0 615 0.150858
0 0 616 0.11127
0 0 617 -0.00372535
0 0 618 0.0076241
0 0 619 -0.111891
0 0 620 -0.140034
0 0 621 -0.11922
0 0 622 -0.0898465
0 0 623 -0.194242
0 0 624 -0.162079
0 0 625 -0.157924
0 0 626 -0.103966
0 0 627 0.00131458
0 0 628 0.11681
0 0 629 0.186676
0 0 630 0.248079
0 0 631 0.223995
0 0 632 0.181752
0 0 633 0.177327
0 0 634 0.0470779
0 0 635 -0.0120547
0 0 636 -0.00663004
0 0 637 -0.0284441
0 0 638 -0.025424
0 0 639 0.0515022
0 0 640 0.0396526
0 0 641 0.11127
0 0 642 0.100036
0 0 643 0.0923602
0 0 644 0.0361131
0 0 645 0.0285533
0 0 646 -0.0508929
0 0 647 -0.0629733
0 0 648 0.00421927
0 0 649 0.0929758
0 0 650 0.12185
0 0 651 0.127159
0 0 652 0.181867
0 0 653 0.115559
0 0 654 0.0725468
0 0 655 0.0797412
0 0 656 0.0765864
0 0 657 -0.0140745
0 0 658 -0.0497579
0 0 659 -0.00436015
0 0 660 -0.027059
0 0 661 -0.0153249
0 0 662 -0.0288288
0 0 663 -0.0347536
0 0 664 -0.0688019
0 0 665 -0.100561
0 0 666 -0.0415633
0 0 667 0.0662565
0 0 668 0.0620822
0 0 669 0.0851659
0 0 670 0.0673915
0 0 671 -0.0241544
0 0 672 -0.13182
0 0 673 -0.0809016
0 0 674 -0.111026
0 0 675 -0.0535283
0 0 676 -0.0304639
0 0 677 0.0533874
0 0 678 0.0740665
0 0 679 0.0816264
0 0 680 0.0869356
0 0 681 0.117829
0 0 682 0.0624669
0 0 683 0.0231286
0 0 684 -0.00234033
0 0 685 -0.0840564
0 0 686 -0.0584528
0 0 687 -0.0375236
0 0 688 -0.0202494
0 0 689 -0.01167
0 0 690 -0.0332339
0 0 691 -0.0690328
0 0 692 -0.0468533
0 0 693 -0.0603379
0 0 694 -0.0720529
0 0 695 -0.000455169
0 0 696 -0.095502
0 0 697 -0.14392
0 0 698 -0.0950211
0 0 699 -0.119836
0 0 700 -0.0784778
0 0 701 0.0495978
0 0 702 0.083146
0 0 703 -0.0177294
0 0 704 0.0697768
0 0 705 0.0203586
0 0 706 -0.000570587
0 0 707 -0.0391587
0 0 708 0.0189735
0 0 709 -0.00637997
0 0 710 -0.0585874
0 0 711 -0.179257
0 0 712 -0.130955
0 0 713 -0.130185
0 0 714 -0.152134
0 0 715 -0.143824
0 0 716 -0.00134004
0 0 717 0.00333439
0 0 718 -0.0198647
0 0 719 -0.116816
0 0 720 -0.0994262
0 0 721 -0.11293
0 0 722 -0.158443
0 0 723 -0.177718
0 0 724 -0.0484883
0 0 725 0.0144338
0 0 726 0.0057197
0 0 727 0.0430575
0 0 728 0.10546
0 0 729 0.0547724
0 0 730 0.0438077
0 0 731 -0.0336186
0 0 732 -0.0409285
0 0 733 -0.0462185
0 0 734 -0.0568177
0 0 735 -0.0897311
0 0 736 -0.053913
0 0 737 -0.00536044
0 0 738 -0.0231541
0 0 739 -0.0585874
0 0 740 -0.0110352
0 0 741 0.0507328
0 0 742 -0.0433138
0 0 743 -0.0577026
0 0 744 0.0586774
0 0 745 0.00950926
0 0 746 -0.0801321
0 0 747 -0.055298
0 0 748 -0.0304639
0 0 749 -0.0685326
0 0 750 -0.0629733
0 0 751 -0.0167099
0 0 752 0.0628517
0 0 753 0.033093
0 0 754 0.0779715
0 0 755 0.155263
0 0 756 0.21555
0 0 757 0.124754
0 0 758 0.126524
0 0 759 0.0229939
0 0 760 -0.0400436
0 0 761 -0.106621
0 0 762 -0.0849412
0 0 763 -0.0714373
0 0 764 -0.0632426
0 0 765 -0.100311
0 0 766 -0.0597224
0 0 767 -0.127531
0 0 768 -0.151999
0 0 769 -0.13284
0 0 770 -0.111891
0 0 771 -0.14292
0 0 772 -0.0328492
0 0 773 0.00623908
0 0 774 -0.0193645
0 0 775 0.0464623
0 0 776 0.0107789
0 0 777 0.0503673
0 0 778 -0.010535
0 0 779 -0.0097848
0 0 780 -0.030714
0 0 781 -0.0154595
0 0 782 -0.0666475
0 0 783 -0.0793819
0 0 784 -0.0479882
0 0 785 -0.0375236
0 0 786 -0.0773621
0 0 787 -0.100811
0 0 788 -0.0650124
0 0 789 -0.0643583
0 0 790 -0.048623
0 0 791 0.0229939
0 0 792 -0.00876527
0 0 793 0.00535421
0 0 794 0.0594468
0 0 795 -0.00082066
0 0 796 -0.0375236
0 0 797 0.0155687
0 0 798 0.0197238
0 0 799 -0.0622423
0 0 800 0.0106442
0 0 801 0.0134142
0 0 802 0.00710472
0 0 803 0.0337278
0 0 804 0.0797412
0 0 805 0.00787417
0 0 806 -0.0111698
0 0 807 0.021859
0 0 808 0.0683917
0 0 809 0.0549071
0 0 810 0.0335932
0 0 811 0.0846657
0 0 812 0.057177
0 0 813 0.0313233
0 0 814 -0.0279439
0 0 815 0.0643521
0 0 816 0.0749513
0 0 817 0.0855506
0 0 818 0.00623908
0 0 819 0.0581772
0 0 820 -0.0145747
0 0 821 -0.00397542
0 0 822 -0.0426982
0 0 823 -0.0227693
0 0 824 -0.010535
0 0 825 0.00787417
0 0 826 -0.0537976
0 0 827 -0.101427
0 0 828 -0.0827675
0 0 829 -0.124626
0 0 830 -0.123125
0 0 831 -0.130185
0 0 832 -0.072957
0 0 833 -0.0508929
0 0 834 0.0178386
0 0 835 0.0624669
0 0 836 0.122369
0 0 837 0.137489
0 0 838 0.0794911
0 0 839 0.0725468
0 0 840 0.0626016
0 0 841 0.124004
0 0 842 0.0695267
0 0 843 0.125254
0 0 844 0.151743
0 0 845 0.137739
0 0 846 0.0329584
0 0 847 0.0401528
0 0 848 -0.0157096
0 0 849 -0.103966
0 0 850 -0.179873
0 0 851 -0.1409
0 0 852 -0.121356
0 0 853 -0.150749
0 0 854 -0.118201
0 0 855 -0.121125
0 0 856 -0.13284
0 0 857 -0.0516431
0 0 858 -0.0436985
0 0 859 -0.037389
0 0 860 -0.0139399
0 0 861 0.0520024
0 0 862 0.00344981
0 0 863 0.144683
0 0 864 0.141144
0 0 865 0.160938
0 0 866 0.0420379
0 0 867 0.00862439
0 0 868 -0.0730724
0 0 869 -0.0745921
0 0 870 -0.106621
0 0 871 -0.0159597
0 0 872 0.0251484
0 0 873 0.0192236
0 0 874 -0.0663974
0 0 875 0.0256486
0 0 876 0.0160689
0 0 877 -0.00713018
0 0 878 -0.0516431
0 0 879 -0.00486029
0 0 880 -0.0157096
0 0 881 -0.0618576
0 0 882 -0.0764772
0 0 883 -0.0909815
0 0 884 -0.0428136
0 0 885 -0.100561
0 0 886 -0.0555481
0 0 887 -0.0632426
0 0 888 -0.0198647
0 0 889 -0.0812479
0 0 890 -0.101946
0 0 891 -0.0971563
0 0 892 -0.0869418
0 0 893 -0.0725723
0 0 894 -0.0356385
0 0 895 0.0153186
0 0 896 -0.0032252
0 0 897 -7.0442e-05
0 0 898 0.0362478
0 0 899 0.0715465
0 0 900 0.0981504
0 0 901 0.0720467
0 0 902 0.0811262
0 0 903 0.0494824
0 0 904 0.0531373
0 0 905 0.0263988
0 0 906 0.00685465
0 0 907 -0.0150748
0 0 908 -0.0168445
0 0 909 -0.00826513
0 0 910 -0.0145747
0 0 911 0.00231487
0 0 912 -0.00826513
0 0 913 0.0111444
0 0 914 -0.0163444
0 0 915 -0.032099
0 0 916 0.0649869
0 0 917 0.189946
0 0 918 0.193467
0 0 919 0.236594
0 0 920 0.238749
0 0 921 0.128409
0 0 922 0.0807415
0 0 923 0.103325
0 0 924 0.0648715
0 0 925 0.0995354
0 0 926 0.117444
0 0 927 0.127159
0 0 928 0.0606972
0 0 929 0.0687765
0 0 930 0.084531
0 0 931 0.0947456
0 0 932 0.0860507
0 0 933 0.117695
0 0 934 0.00964392
0 0 935 0.00535421
0 0 936 0.0222437
0 0 937 -0.0632426
0 0 938 -0.0851913
0 0 939 -0.00776498
0 0 940 -0.0622423
0 0 941 -0.132205
0 0 942 -0.0317142
0 0 943 0.0404028
0 0 944 0.0153186
0 0 945 0.107865
0 0 946 0.180367
0 0 947 0.0946301
0 0 948 0.0677569
0 0 949 0.103325
0 0 950 -0.0159597
0 0 951 -0.0379084
0 0 952 -0.00637997
0 0 953 -0.0468533
0 0 954 -0.0730724
0 0 955 -0.0283094
0 0 956 0.0163189
0 0 957 0.0324582
0 0 958 0.0251484
0 0 959 0.0523871
0 0 960 0.103575
0 0 961 0.0245136
0 0 962 0.0499826
0 0 963 0.0586774
0 0 964 0.0710464
0 0 965 0.017954
0 0 966 0.0208587
0 0 967 -0.0109197
0 0 968 -0.00763033
0 0 969 -0.0032252
0 0 970 0.0216089
0 0 971 0.0705462
0 0 972 0.0343434
0 0 973 0.0163189
0 0 974 0.019339
0 0 975 -0.0178448
0 0 976 0.00925919
0 0 977 -7.0442e-05
0 0 978 -0.0275592
0 0 979 -0.0889424
0 0 980 -0.0426982
0 0 981 -0.145209
0 0 982 -0.141285
0 0 983 -0.00386
0 0 984 0.0874357
0 0 985 -0.0333686
0 0 986 -0.0101695
0 0 987 -0.0865763
0 0 988 -0.196628
0 0 989 -0.2608
0 0 990 -0.152634
0 0 991 -0.0946364
0 0 992 0.0184542
0 0 993 0.0353629
0 0 994 0.10773
0 0 995 0.123119
0 0 996 0.0702769
0 0 997 0.0533874
0 0 998 0.0269182
0 0 999 -0.0192299
0 0 1000 -0.032349
0 0 1001 -0.00637997
0 0 1002 0.0629671
0 0 1003 0.108615
0 0 1004 0.166247
0 0 1005 0.0933605
0 0 1006 0.100555
0 0 1007 0.0830114
0 0 1008 0.0971501
0 0 1009 0.0478473
0 0 1010 0.0937453
0 0 1011 0.0507328
0 0 1012 -0.0109197
0 0 1013 -0.0622423
0 0 1014 -0.113911
0 0 1015 -0.0791319
0 0 1016 -0.0299637
0 0 1017 -0.037639
0 0 1018 -0.0692828
0 0 1019 -0.00511037
0 0 1020 -0.0355038
0 0 1021 0.145183
0 0 1022 -0.0240389
0 0 1023 -0.0214997
