0 0 0 3.24715 1.02535 5.13391 4.04154
0 0 1 5.05707 6.52937 -11.9037 1.28986
0 0 2 2.34219 -3.91187 -2.32916 9.31887
0 0 3 -1.80233 0.460597 5.17264 -4.21351
0 0 4 1.70198 -6.09811 1.779 -0.255406
0 0 5 0.421557 -2.6686 -6.39992 -5.11802
0 0 6 -1.50389 -3.19645 1.40238 5.92644
0 0 7 10.4098 0.121336 -2.44268 3.81551
0 0 8 4.00289 -0.707854 -4.21362 -2.70558
0 0 9 0.118299 -0.331695 1.28885 -7.71875
0 0 10 3.55041 1.70387 5.24743 4.64455
0 0 11 0.07979 0.422674 -2.40395 0.385342
0 0 12 -0.786661 -0.0293323 4.49284 -6.24897
0 0 13 -2.55807 1.25186 -2.8567 2.26985
0 0 14 2.68396 -2.32934 1.4785 -6.73876
0 0 15 -3.04906 -0.595109 -0.633005 3.2125
0 0 16 -0.59893 -2.17867 2.08084 -2.14031
0 0 17 2.19297 0.498521 -5.30744 3.36305
0 0 18 3.24715 4.38004 1.21406 -5.60782
0 0 19 2.60694 -1.23571 2.57098 -4.77878
0 0 20 1.55276 -6.09811 -3.95052 -0.745602
0 0 21 2.26999 4.11662 -3.95052 4.7955
0 0 22 -2.85652 3.40018 -3.19593 2.64683
0 0 23 -3.12127 -2.29141 1.81773 -0.821078
0 0 24 -0.295672 2.45824 -2.44268 -1.2354
0 0 25 0.233826 3.73944 -2.40395 7.9619
0 0 26 -0.82517 1.81764 -4.36454 4.26797
0 0 27 3.73814 1.89246 5.24743 -1.83881
0 0 28 3.43488 3.77736 -0.0680664 -6.21123
0 0 29 6.71777 -1.31155 8.71586 -0.104854
0 0 30 1.8512 -7.71959 6.00068 3.2125
0 0 31 1.51425 5.1344 -1.83901 -1.42409
0 0 32 8.33514 -3.42194 -10.4707 2.23251
0 0 33 1.59127 -3.57261 6.00068 -2.78106
0 0 34 4.49388 -1.46222 3.43776 1.32759
0 0 35 2.11595 -2.25349 -0.707796 -1.34861
0 0 36 2.3807 -0.217925 1.779 -4.25084
0 0 37 0.195317 1.28979 -0.0293354 2.30759
0 0 38 2.60694 0.64919 4.15361 -2.85654
0 0 39 -2.97204 1.62905 -3.87439 -0.896153
0 0 40 -1.42687 8.79043 -0.256379 -5.30631
0 0 41 5.01856 1.02535 5.96329 -2.8188
0 0 42 0.835528 -1.68874 -6.2864 2.45854
0 0 43 -1.08511 2.00623 -2.51747 2.38306
0 0 44 -5.27295 -2.55483 4.30453 8.22567
0 0 45 -3.46303 -1.46222 -1.80161 1.51629
0 0 46 -3.309 -0.0293323 1.85513 -4.51501
0 0 47 -2.97204 -3.19645 -0.256379 -2.59237
0 0 48 -1.53759 0.272005 4.26714 0.272127
0 0 49 1.51425 -2.25349 -3.27206 5.39851
0 0 50 -1.42687 1.62905 -0.633005 3.13702
0 0 51 1.47574 -2.81927 -2.36655 1.81779
0 0 52 1.36503 0.87468 2.64711 -1.12258
0 0 53 2.94389 7.16997 -1.91513 0.498557
0 0 54 -0.444894 5.24715 3.21205 2.53401
0 0 55 -2.33183 0.309929 1.43977 4.94645
0 0 56 4.79232 0.535419 0.649125 2.19477
0 0 57 2.60694 -0.595109 -7.75684 -3.64784
0 0 58 -1.95156 2.91025 -1.34886 -3.72331
0 0 59 5.13409 5.51159 -14.3531 -3.79879
0 0 60 -2.89503 4.83307 -1.38626 2.98607
0 0 61 -0.334181 -1.34948 -4.47806 5.92644
0 0 62 -0.0694321 1.93039 -2.97022 2.79778
0 0 63 2.3807 -3.98772 1.36498 1.1393
0 0 64 1.51425 -2.55483 0.912229 -0.104854
0 0 65 1.59127 4.19247 -2.48007 0.272127
0 0 66 0.30603 4.98374 0.535603 2.49628
0 0 67 6.376 0.799859 0.649125 2.53401
0 0 68 6.78997 -1.23571 2.08084 3.92873
0 0 69 7.28096 -3.72328 -1.68809 -0.179929
0 0 70 4.98005 -2.14075 4.34326 1.96834
0 0 71 15.5363 3.96595 0.949624 11.8068
0 0 72 26.5065 3.62669 -0.595609 0.385342
0 0 73 43.7297 -1.65082 -3.83699 6.19021
0 0 74 111.39 3.32535 -7.04098 -6.32404
0 0 75 255.307 -11.187 -6.17421 3.13702
0 0 76 304.156 -56.5701 -31.9944 13.0883
0 0 77 219.119 -48.4668 -72.7408 3.74003
0 0 78 90.3977 -19.7054 -57.7773 -2.40408
0 0 79 18.2897 1.62905 -4.70377 -4.4018
0 0 80 5.43253 0.422674 1.81773 -4.25084
0 0 81 1.28801 0.64919 -1.98993 1.36533
0 0 82 6.33749 -0.105179 8.3379 -3.76105
0 0 83 4.0414 -2.85719 7.16929 -3.00709
0 0 84 5.39402 -4.47765 7.81036 -4.13803
0 0 85 -11.2996 -3.49779 10.4868 4.23023
0 0 86 -3.04906 2.94817 10.412 1.21478
0 0 87 2.75616 -0.368593 6.33991 0.573632
0 0 88 0.383048 1.36461 4.38066 3.2125
0 0 89 2.52992 4.45588 5.21004 -4.28858
0 0 90 -2.06708 2.7975 -3.27206 -0.519172
0 0 91 -1.84084 3.77736 4.53158 4.04154
0 0 92 -0.671134 -0.858523 3.9653 -4.13803
0 0 93 -3.23679 -0.482364 -5.53315 0.800062
0 0 94 -2.44255 -1.4243 -5.68406 6.15247
0 0 95 -2.1778 0.498521 -6.13682 1.1393
0 0 96 1.21099 -3.04476 -3.23333 0.046099
0 0 97 -1.0129 -6.2867 6.90619 6.79322
0 0 98 1.8512 2.08106 -2.48007 -1.12258
0 0 99 -2.55807 3.62669 1.59069 -6.66328
0 0 100 1.17248 0.988451 3.13592 2.94833
0 0 101 -3.12127 1.5532 4.9456 -3.76105
0 0 102 -2.40404 4.30521 0.723916 -5.00481
0 0 103 -6.40415 -1.01022 -0.746527 -8.92517
0 0 104 0.686306 -3.23335 -1.27407 7.88643
0 0 105 -0.521912 0.836757 -1.72549 2.911
0 0 106 -5.08041 2.68476 -3.53516 2.76004
0 0 107 -6.10089 -6.24878 -5.38223 -1.65012
0 0 108 1.55276 0.535419 -0.368566 -2.25313
0 0 109 -2.21631 -1.12296 -4.43933 3.06155
0 0 110 -5.72543 5.24715 -3.87439 0.309865
0 0 111 2.15446 -1.72564 5.92589 4.38078
0 0 112 -3.15977 1.32771 10.1102 3.17476
0 0 113 -3.53524 0.761935 6.1516 -2.78106
0 0 114 -2.93353 0.234082 -0.783922 -4.59009
0 0 115 0.272335 -1.76356 -1.76422 -0.0293775
0 0 116 -8.66174 0.460597 10.4868 5.43625
0 0 117 0.53227 -2.55483 6.64175 3.09929
0 0 118 -5.30665 -3.79913 2.64711 -2.74332
0 0 119 0.98475 0.535419 -3.15853 2.7223
0 0 120 -2.66879 6.49145 -1.5759 -3.79879
0 0 121 2.07744 6.79279 -9.6413 6.077
0 0 122 1.43723 -1.23571 1.40238 2.60909
0 0 123 -0.180145 4.00388 3.40036 0.00836074
0 0 124 2.94389 -3.04476 -0.105462 -3.94934
0 0 125 -2.89503 -0.217925 -0.556878 4.0038
0 0 126 -3.34751 1.74179 -0.821318 -6.32404
0 0 127 -4.85417 -2.78134 0.422081 -2.74332
0 0 128 -3.38601 -3.57261 5.17264 -3.15804
0 0 129 0.912546 6.49145 -0.293775 -3.83653
0 0 130 -0.521912 3.85321 -0.217648 0.385342
0 0 131 -0.14645 -2.0649 -1.46238 5.13474
0 0 132 0.609288 -3.3092 3.47515 -1.2354
0 0 133 7.81046 0.234082 -0.821318 1.9306
0 0 134 -2.44255 -6.09811 -1.5759 -1.98936
0 0 135 4.22913 -1.34948 2.94761 -3.87427
0 0 136 -3.2753 3.28743 -2.06472 -2.44182
0 0 137 -4.66644 -1.57497 -2.74318 11.0906
0 0 138 0.720001 -1.53705 -2.10345 -5.04255
0 0 139 2.79467 -3.98772 1.25146 -0.0293775
0 0 140 4.75381 0.950527 1.02575 -0.330882
0 0 141 2.68396 -3.91187 -7.94515 -2.55463
0 0 142 2.94389 -2.78134 -6.39992 -7.49272
0 0 143 -3.79999 -2.36624 3.13592 10.9774
0 0 144 -2.85652 2.42032 -0.0293354 2.911
0 0 145 -1.34985 1.47838 1.02575 9.62038
0 0 146 5.1726 5.36092 0.949624 -4.28858
0 0 147 0.874037 4.75722 2.83542 -10.7342
0 0 148 3.09793 0.912604 -3.23333 2.26985
0 0 149 1.70198 2.98609 -4.70377 -1.00937
0 0 150 -1.80233 1.81764 3.77699 -2.89387
0 0 151 -1.16212 7.20789 -3.34685 -1.08484
0 0 152 -1.65311 3.02402 2.79669 -10.6214
0 0 153 -5.79764 -0.858523 1.62808 -1.57464
0 0 154 -0.935883 -2.81927 1.55329 -4.32632
0 0 155 0.912546 2.04313 2.42007 12.4853
0 0 156 -1.16212 2.1938 -1.6133 -5.30631
0 0 157 1.70198 -2.89409 4.07882 4.0038
0 0 158 -2.40404 -1.31155 5.96329 1.9306
0 0 159 -4.40169 2.60891 3.51388 -8.02026
0 0 160 4.00289 -3.00786 -5.49575 -0.78334
0 0 161 3.58892 -1.57497 1.74161 -2.59237
0 0 162 -1.87935 2.1569 -6.77654 -5.64556
0 0 163 -5.19593 -1.76356 -4.02531 6.15247
0 0 164 -2.7458 1.40253 -4.59025 -2.44182
0 0 165 -0.632625 -3.91187 -3.19593 3.58948
0 0 166 0.0460947 -3.34712 -3.00762 3.28758
0 0 167 -1.73013 2.38239 -4.92948 0.950613
0 0 168 -0.709643 1.59113 -4.81729 3.06155
0 0 169 2.64545 4.30521 -0.105462 1.9306
0 0 170 4.68161 1.70387 -1.04703 -3.27085
0 0 171 -3.12127 -1.23571 9.58263 5.36077
0 0 172 0.07979 -2.10282 6.30252 -1.2354
0 0 173 -3.04906 -0.0293323 6.1516 -1.68785
0 0 174 -0.257163 1.40253 -4.21362 -6.24897
0 0 175 1.32652 -3.68638 -4.28975 2.04382
0 0 176 -2.66879 1.77972 1.66682 5.2857
0 0 177 -2.63028 -3.08268 -2.14084 -2.66784
0 0 178 -1.76383 -2.44208 11.9572 3.02381
0 0 179 -2.93353 -2.78134 -3.72347 5.32344
0 0 180 -1.87935 -0.44444 14.7833 1.21478
0 0 181 -2.40404 -1.46222 4.71989 -4.96707
0 0 182 -1.27765 -2.85719 -0.217648 -3.08256
0 0 183 -0.82517 -0.783701 -5.34483 -2.29086
0 0 184 10.2606 2.87232 -6.66436 -3.27085
0 0 185 5.20629 2.87232 -1.19794 -3.38407
0 0 186 -1.34985 -0.93437 0.460812 -6.06027
0 0 187 0.421557 -0.293771 -0.556878 1.36533
0 0 188 -1.69162 -1.19778 1.06315 5.32344
0 0 189 -1.27765 0.196158 -4.51545 5.24796
0 0 190 -0.483403 -0.670956 -2.29176 1.78005
0 0 191 5.05707 -0.44444 -11.1879 1.36533
0 0 192 1.21099 1.93039 0.460812 1.10157
0 0 193 0.720001 -7.75649 4.56897 15.5758
0 0 194 3.47339 -1.95215 -1.16055 -1.76333
0 0 195 -6.06239 3.36225 3.21205 1.32759
0 0 196 1.10028 -2.74342 3.6648 -2.51729
0 0 197 1.51425 1.28979 0.460812 6.83096
0 0 198 1.06177 1.28979 -8.05867 7.28342
0 0 199 -1.23914 1.25186 -1.42499 2.60909
0 0 200 -3.98772 -1.38638 -7.56853 1.96834
0 0 201 -1.08511 -1.38638 -1.38626 2.15703
0 0 202 2.15446 1.02535 0.837438 5.02153
0 0 203 3.81516 0.950527 1.21406 -2.47955
0 0 204 -0.560421 -3.00786 9.58263 1.1393
0 0 205 -1.65311 -3.3092 -1.38626 -4.96707
0 0 206 3.13644 6.22701 -4.13883 -2.74332
0 0 207 1.28801 -4.74106 -7.38021 0.950613
0 0 208 -5.30665 -3.04476 -5.34483 -7.60594
0 0 209 2.07744 -3.87497 -5.45835 -3.08256
0 0 210 0.233826 6.00152 -1.31147 -3.00709
0 0 211 -3.19828 0.950527 9.99665 -0.97163
0 0 212 0.75851 2.34549 0.723916 8.07472
0 0 213 0.195317 3.21158 -1.38626 -0.745602
0 0 214 0.686306 -3.61053 -0.633005 -0.707864
0 0 215 0.156808 -1.08504 -1.46238 1.1393
0 0 216 -2.93353 -4.70416 1.779 -1.68785
0 0 217 2.3807 -2.6686 -2.17824 -0.293144
0 0 218 -3.42452 0.950527 9.84574 -2.14031
0 0 219 3.5119 3.85321 1.02575 -4.32632
0 0 220 -0.37269 0.535419 6.83006 1.51629
0 0 221 -7.15508 2.42032 5.09651 -1.31087
0 0 222 -6.06239 -4.55247 7.39633 -4.81652
0 0 223 3.66112 2.64683 -7.49374 -0.896153
0 0 224 5.39402 3.21158 0.158977 7.05699
0 0 225 -0.37269 -3.15853 8.22571 2.26985
0 0 226 -0.0309232 0.460597 -2.36655 -3.68557
0 0 227 -6.25012 -3.34712 -3.61129 -3.87427
0 0 228 1.06177 1.21394 -1.08576 -1.95162
0 0 229 2.68396 1.62905 6.45343 6.49172
0 0 230 1.02326 -6.36255 11.9946 -4.17577
0 0 231 -0.935883 -0.821625 -8.66234 -2.78106
0 0 232 -1.95156 10.6005 -12.5061 -4.17577
0 0 233 0.874037 -2.6686 -2.32916 -2.14031
0 0 234 -1.73013 -1.46222 -4.21362 -1.42409
0 0 235 4.75381 0.988451 5.51187 0.762323
0 0 236 -2.48105 0.87468 7.58465 -5.9848
0 0 237 -0.897374 -0.143103 2.08084 -3.45955
0 0 238 2.26999 2.26965 -4.77989 -1.80107
0 0 239 1.36503 -0.972293 -0.256379 -5.38179
0 0 240 -0.521912 2.98609 2.60838 -2.78106
0 0 241 1.43723 -7.11589 4.41805 -2.29086
0 0 242 2.3807 0.196158 -10.9234 -3.49728
0 0 243 1.70198 -2.29141 3.73959 8.07472
0 0 244 -2.82282 4.98374 -3.49776 7.32115
0 0 245 1.2495 3.4381 8.07479 -5.08028
0 0 246 -1.12361 -1.08504 4.19235 4.72002
0 0 247 0.686306 3.77736 -4.70377 2.38306
0 0 248 -2.02857 0.384751 1.32759 4.23023
0 0 249 -1.57609 3.13676 -2.78191 0.460819
0 0 250 0.344539 -3.45987 -1.68809 -6.51273
0 0 251 -0.0309232 -3.68638 8.71586 0.724585
0 0 252 4.30133 1.85454 -1.23534 4.64455
0 0 253 1.74049 1.1012 6.1142 2.83552
0 0 254 7.84415 -0.44444 1.74161 -8.13347
0 0 255 1.779 0.384751 -4.74116 2.57175
