0 0 0 24.6977 37.8697 59.0719 -23.4962
0 0 1 40.1081 5.09984 29.5169 -21.2444
0 0 2 24.0359 -11.2851 -47.9078 -58.5064
0 0 3 43.9371 -8.71327 -53.0488 -73.6124
0 0 4 96.3136 21.1627 56.8248 -94.8087
0 0 5 -24.1336 10.8828 -14.1748 -47.9125
0 0 6 -14.5375 25.9818 47.1848 -68.7932
0 0 7 33.6792 -30.2393 26.3043 27.5838
0 0 8 20.4905 -10.6409 13.4541 12.1664
0 0 9 12.4544 -31.8449 17.9508 -17.7131
0 0 10 52.635 -5.18008 41.083 -4.86312
0 0 11 11.8399 31.445 -1.96662 14.7339
0 0 12 12.7853 61.3209 -43.4088 -9.68239
0 0 13 -1.34881 -4.858 7.35003 43.6495
0 0 14 -60.4379 16.6657 -7.42867 50.0724
0 0 15 1.53473 -21.565 37.8681 -1.00769
0 0 16 -9.71583 -26.062 53.2889 32.7272
0 0 17 -37.3222 14.738 -19.9579 23.7327
0 0 18 9.57085 -27.6675 -50.4783 21.805
0 0 19 -45.0275 -9.03535 20.5213 19.2333
0 0 20 -49.8491 -33.4505 12.8097 -10.3221
0 0 21 -24.1336 32.4064 35.3 -4.53899
0 0 22 -39.8749 -36.3419 9.27616 -9.35826
0 0 23 -49.2346 1.24457 -8.39173 28.8718
0 0 24 -30.8934 -30.559 11.2046 -30.8829
0 0 25 -35.0532 29.837 33.6925 -60.4341
0 0 26 -46.0202 16.0239 -20.2789 -37.9498
0 0 27 -101.233 6.06366 0.28053 -57.2269
0 0 28 -1.01792 15.7018 -27.6671 -9.0384
0 0 29 51.9732 -27.0258 -2.28764 63.8905
0 0 30 997.777 27.9094 -39.2332 -96.7407
0 0 31 2996.69 59.3933 -39.2332 -215.602
0 0 32 1451.72 78.0279 -40.1963 -114.73
0 0 33 150.912 49.1134 -58.5085 -53.0516
0 0 34 8.29452 2.20839 -3.25305 -1.97155
0 0 35 -71.0739 -10.6409 -56.5824 5.09957
0 0 36 -63.0378 -27.9896 -20.9209 -28.3155
0 0 37 -55.6162 2.20839 -41.8037 22.1248
0 0 38 -11.9376 0.280753 39.1546 16.6616
0 0 39 -58.8307 9.59928 66.1414 13.1303
0 0 40 -19.3119 -27.3479 -87.4192 41.0778
0 0 41 -33.4933 -28.9534 -61.7211 18.5893
0 0 42 -6.50138 -37.3057 22.4497 30.1555
0 0 43 -33.7769 45.2581 61.6425 8.63086
0 0 44 11.8399 -5.50215 18.2718 -21.8884
0 0 45 -8.72313 7.67164 -15.1379 30.4754
0 0 46 14.0616 -24.1344 -3.57407 -33.4547
0 0 47 29.1884 -80.6727 66.1414 9.27485
0 0 48 10.2326 -11.9268 17.6297 -60.4341
0 0 49 68.9908 15.0601 -26.062 -49.1962
0 0 50 23.3741 10.8828 -40.8407 23.7327
0 0 51 32.4029 -34.7364 -18.9948 43.3297
0 0 52 19.5451 -65.8958 -22.8494 61.3188
0 0 53 -19.6428 10.8828 15.7013 23.4086
0 0 54 -29.2861 44.2943 -9.99918 -5.82697
0 0 55 -28.0098 59.3933 -15.7822 2.208
0 0 56 -8.39223 17.3074 -43.4088 6.70315
0 0 57 -8.10861 -7.42979 -82.9249 -18.677
0 0 58 -0.0724904 46.8637 -53.6909 -1.32756
0 0 59 36.2318 49.7551 -20.5999 12.1664
0 0 60 27.2503 11.8466 -20.5999 2.208
0 0 61 2.52743 9.91893 -18.0294 10.5586
0 0 62 -8.10861 13.1325 0.924916 39.4742
