0 0 0 0.0166592
0 0 1 0.203277
0 0 2 0.0810004
0 0 3 -0.0325931
0 0 4 0.178509
0 0 5 0.0810004
0 0 6 -0.0160807
0 0 7 -0.0414186
0 0 8 -0.20882
0 0 9 0.189042
0 0 10 0.311888
0 0 11 0.458507
0 0 12 1.04313
0 0 13 1.80013
0 0 14 3.17066
0 0 15 5.23612
0 0 16 7.56095
0 0 17 8.74329
0 0 18 8.96094
0 0 19 6.53718
0 0 20 3.40795
0 0 21 1.23302
0 0 22 0.706903
0 0 23 0.338935
0 0 24 0.0183674
0 0 25 0.210252
0 0 26 -0.028892
0 0 27 0.0758759
0 0 28 -0.114443
0 0 29 0.2447
0 0 30 0.211106
0 0 31 0.00285152
0 0 32 -0.173375
0 0 33 0.0768723
0 0 34 -0.0492478
0 0 35 -0.0418457
0 0 36 -0.00640108
0 0 37 0.280572
0 0 38 -0.0478243
0 0 39 -0.125119
0 0 40 0.276871
0 0 41 -0.161845
0 0 42 0.0686162
0 0 43 -0.131525
0 0 44 0.0727443
0 0 45 -0.258926
0 0 46 0.102637
0 0 47 -0.0575039
0 0 48 -0.00910569
0 0 49 -0.0138032
0 0 50 0.00470204
0 0 51 0.250252
0 0 52 -0.112165
0 0 53 -0.125546
0 0 54 0.17068
0 0 55 0.256658
0 0 56 -0.141204
0 0 57 -0.0647637
0 0 58 -0.116294
0 0 59 -0.0758668
0 0 60 -0.149461
0 0 61 -0.106614
0 0 62 0.0657692
0 0 63 0.0368726
0 0 64 -0.0418457
0 0 65 0.0133853
0 0 66 -0.0657601
0 0 67 -0.0657601
0 0 68 0.232316
0 0 69 0.0713208
0 0 70 -0.108037
0 0 71 0.357867
0 0 72 0.129256
0 0 73 -0.0257604
0 0 74 -0.0785714
0 0 75 0.195021
0 0 76 0.0363032
0 0 77 -0.366114
0 0 78 -0.367822
0 0 79 0.0345951
0 0 80 -0.0496748
0 0 81 -0.145332
0 0 82 0.218081
0 0 83 -0.221204
0 0 84 -0.0791408
0 0 85 0.0680468
0 0 86 -0.0952261
0 0 87 0.0589365
0 0 88 0.0529579
0 0 89 0.121427
0 0 90 -0.0688917
0 0 91 -0.100208
0 0 92 0.0478334
0 0 93 0.0175133
0 0 94 -0.0455467
0 0 95 -0.0587851
0 0 96 -0.221631
0 0 97 0.0515344
0 0 98 -0.18946
0 0 99 0.0465523
0 0 100 -0.0735892
0 0 101 0.0069796
0 0 102 0.225341
0 0 103 0.0616411
0 0 104 -0.0703152
0 0 105 0.0257695
0 0 106 0.195021
0 0 107 -0.00640108
0 0 108 0.0824239
0 0 109 0.3247
0 0 110 0.186765
0 0 111 -0.0101021
0 0 112 0.0101113
0 0 113 0.13253
0 0 114 0.103918
0 0 115 -0.054657
0 0 116 0.117299
0 0 117 0.112744
0 0 118 -0.0367212
0 0 119 0.0465523
0 0 120 -0.0569345
0 0 121 0.150893
0 0 122 -0.137076
0 0 123 -0.08455
0 0 124 -0.279566
0 0 125 0.0478334
0 0 126 0.144915
0 0 127 -0.0362941
0 0 128 -0.0814183
0 0 129 -0.0528064
0 0 130 -0.0377176
0 0 131 0.115876
0 0 132 0.0680468
0 0 133 -0.201417
0 0 134 0.419076
0 0 135 0.0451288
0 0 136 -0.163695
0 0 137 0.246978
0 0 138 -0.135653
0 0 139 0.274593
0 0 140 -0.213375
0 0 141 0.261213
0 0 142 -0.324691
0 0 143 0.0506804
0 0 144 0.309611
0 0 145 0.146338
0 0 146 0.083278
0 0 147 0.149897
0 0 148 0.0805734
0 0 149 0.0585095
0 0 150 0.0193639
0 0 151 0.283277
0 0 152 0.150466
0 0 153 0.0422818
0 0 154 -0.110315
0 0 155 0.119577
0 0 156 0.205555
0 0 157 -0.08455
0 0 158 0.154167
0 0 159 0.126979
0 0 160 0.295234
0 0 161 0.181213
0 0 162 -0.00042248
0 0 163 0.169256
0 0 164 0.178509
0 0 165 0.131107
0 0 166 -0.322413
0 0 167 -0.0997812
0 0 168 0.207975
0 0 169 0.050111
0 0 170 0.139363
0 0 171 0.231889
0 0 172 0.0216414
0 0 173 0.0896836
0 0 174 -0.157717
0 0 175 -0.0449773
0 0 176 -0.326541
0 0 177 0.325696
0 0 178 0.149897
0 0 179 -0.144336
0 0 180 -0.0426998
0 0 181 0.150893
0 0 182 0.120573
0 0 183 0.0197909
0 0 184 0.297654
0 0 185 -0.0575039
0 0 186 0.262636
0 0 187 0.282422
0 0 188 0.0350221
0 0 189 -0.0160807
0 0 190 -0.289246
0 0 191 -0.232165
0 0 192 0.131107
0 0 193 0.121427
0 0 194 0.056659
0 0 195 0.231889
0 0 196 0.00925717
0 0 197 -0.00042248
0 0 198 -0.0160807
0 0 199 0.0428512
0 0 200 0.184487
0 0 201 0.187192
0 0 202 0.155021
0 0 203 0.0841321
0 0 204 0.0896836
0 0 205 0.343632
0 0 206 0.0358762
0 0 207 0.236871
0 0 208 0.0437053
0 0 209 0.0859826
0 0 210 -0.0381446
0 0 211 -0.100635
0 0 212 -0.0362941
0 0 213 0.0758759
0 0 214 0.000431607
0 0 215 -0.100208
0 0 216 -0.103055
0 0 217 0.22406
0 0 218 0.179363
0 0 219 -0.088251
0 0 220 0.507759
0 0 221 0.0777264
0 0 222 0.251106
0 0 223 -0.144905
0 0 224 -0.00127657
0 0 225 0.223491
0 0 226 0.277867
0 0 227 -0.0478243
0 0 228 -0.00455056
0 0 229 -0.0864005
0 0 230 0.086979
0 0 231 -0.321417
0 0 232 0.310038
0 0 233 0.0400043
0 0 234 0.162423
0 0 235 0.086979
0 0 236 0.175235
0 0 237 -0.162841
0 0 238 0.203277
0 0 239 0.0496839
0 0 240 0.147619
0 0 241 -0.0556534
0 0 242 -0.230314
0 0 243 0.134381
0 0 244 -0.0533758
0 0 245 0.135662
0 0 246 -0.130528
0 0 247 0.10036
0 0 248 0.127406
0 0 249 0.151747
0 0 250 0.26591
0 0 251 -0.0624861
0 0 252 0.240145
0 0 253 -0.198143
0 0 254 0.103064
0 0 255 0.0919612
