0 0 0 0.0603799
0 0 1 0.052781
0 0 2 0.0431983
0 0 3 0.0183871
0 0 4 0.0191806
0 0 5 0.0213016
0 0 6 0.0158846
0 0 7 0.0160983
0 0 8 0.0224002
0 0 9 0.0258793
0 0 10 0.0345922
0 0 11 0.0365911
0 0 12 0.0296788
0 0 13 0.0331884
0 0 14 0.0301823
0 0 15 0.0199893
0 0 16 0.010071
0 0 17 0.00848402
0 0 18 0.0205997
0 0 19 0.0214847
0 0 20 0.0183871
0 0 21 0.0218814
0 0 22 0.0339818
0 0 23 0.04448
0 0 24 0.0450904
0 0 25 0.0427863
0 0 26 0.0419776
0 0 27 0.0419776
0 0 28 0.0523995
0 0 29 0.0626841
0 0 30 0.0708782
0 0 31 0.0677043
0 0 32 0.0742809
0 0 33 0.0785992
0 0 34 0.100008
0 0 35 0.121782
0 0 36 0.142306
0 0 37 0.158007
0 0 38 0.168902
0 0 39 0.187106
0 0 40 0.192798
0 0 41 0.1897
0 0 42 0.183215
0 0 43 0.171099
0 0 44 0.153201
0 0 45 0.136309
0 0 46 0.131991
0 0 47 0.123095
0 0 48 0.125994
0 0 49 0.126085
0 0 50 0.127092
0 0 51 0.119005
0 0 52 0.1122
0 0 53 0.108095
0 0 54 0.100008
0 0 55 0.0957809
0 0 56 0.0885786
0 0 57 0.0894789
0 0 58 0.0888838
0 0 59 0.0648051
0 0 60 0.0607767
0 0 61 0.0558022
0 0 62 0.0404974
0 0 63 0.0349737
0 0 64 0.0404974
0 0 65 0.045182
0 0 66 0.0506905
0 0 67 0.0563821
0 0 68 0.0677958
0 0 69 0.0909895
0 0 70 0.0908827
0 0 71 0.092195
0 0 72 0.0946059
0 0 73 0.0908827
0 0 74 0.0975052
0 0 75 0.0966812
0 0 76 0.106081
0 0 77 0.109987
0 0 78 0.110811
0 0 79 0.107988
0 0 80 0.11249
0 0 81 0.122805
0 0 82 0.127611
0 0 83 0.119005
0 0 84 0.104906
0 0 85 0.0980087
0 0 86 0.095201
0 0 87 0.0975052
0 0 88 0.0928817
0 0 89 0.0939956
0 0 90 0.0924849
0 0 91 0.0912032
0 0 92 0.100908
0 0 93 0.101396
0 0 94 0.0972915
0 0 95 0.0971847
0 0 96 0.0865797
0 0 97 0.0899825
0 0 98 0.0930953
0 0 99 0.0897078
0 0 100 0.0852064
0 0 101 0.0860914
0 0 102 0.0816815
0 0 103 0.0751049
0 0 104 0.0825055
0 0 105 0.0884871
0 0 106 0.101396
0 0 107 0.0976883
0 0 108 0.10309
0 0 109 0.104585
0 0 110 0.0932021
0 0 111 0.0762798
0 0 112 0.0525826
0 0 113 0.0407874
0 0 114 0.045594
0 0 115 0.0466011
0 0 116 0.0456855
0 0 117 0.0400854
0 0 118 0.0388037
0 0 119 0.0320745
0 0 120 0.0230869
0 0 121 0.0298924
0 0 122 0.037995
0 0 123 0.0359808
0 0 124 0.0356756
0 0 125 0.0182956
0 0 126 0.0132906
0 0 127 0.0189975
0 0 128 0.0105898
0 0 129 0
0 0 130 0.00437934
0 0 131 0.0222019
0 0 132 0.0572976
0 0 133 0.0723888
0 0 134 0.0893873
0 0 135 0.104585
0 0 136 0.10721
0 0 137 0.131991
0 0 138 0.161913
0 0 139 0.186801
0 0 140 0.206195
0 0 141 0.215518
0 0 142 0.203113
0 0 143 0.180514
0 0 144 0.160296
0 0 145 0.140307
0 0 146 0.130709
0 0 147 0.107408
0 0 148 0.104082
0 0 149 0.0897078
0 0 150 0.0666972
0 0 151 0.058381
0 0 152 0.050782
0 0 153 0.046479
0 0 154 0.0596933
0 0 155 0.0563821
0 0 156 0.071107
0 0 157 0.0771801
0 0 158 0.0634012
0 0 159 0.0459754
0 0 160 0.0318914
0 0 161 0.0204929
0 0 162 0.0225834
0 0 163 0.0159762
0 0 164 0.0268864
0 0 165 0.0376745
0 0 166 0.0448005
0 0 167 0.0462959
0 0 168 0.0329747
0 0 169 0.0207828
0 0 170 0.0241855
0 0 171 0.0179751
0 0 172 0.0260929
0 0 173 0.0406958
0 0 174 0.0578775
0 0 175 0.0742046
0 0 176 0.0748913
0 0 177 0.0670787
0 0 178 0.0794995
0 0 179 0.0972915
0 0 180 0.126284
0 0 181 0.155291
0 0 182 0.179995
0 0 183 0.194491
0 0 184 0.218097
0 0 185 0.258198
0 0 186 0.316716
0 0 187 0.372335
0 0 188 0.43154
0 0 189 0.488136
0 0 190 0.528923
0 0 191 0.573053
0 0 192 0.604349
0 0 193 0.643656
0 0 194 0.659953
0 0 195 0.677867
0 0 196 0.709056
0 0 197 0.736248
0 0 198 0.780865
0 0 199 0.836667
0 0 200 0.889677
0 0 201 0.931685
0 0 202 0.96527
0 0 203 0.971695
0 0 204 0.961166
0 0 205 0.95288
0 0 206 0.945281
0 0 207 0.917967
0 0 208 0.870878
0 0 209 0.840269
0 0 210 0.823468
0 0 211 0.811566
0 0 212 0.820172
0 0 213 0.844556
0 0 214 0.863081
0 0 215 0.871672
0 0 216 0.867185
0 0 217 0.883268
0 0 218 0.902663
0 0 219 0.924392
0 0 220 0.963088
0 0 221 0.986389
0 0 222 0.992782
0 0 223 0.994995
0 0 224 1
0 0 225 0.986068
0 0 226 0.970794
0 0 227 0.937179
0 0 228 0.908888
0 0 229 0.853468
0 0 230 0.790661
0 0 231 0.709468
0 0 232 0.627359
0 0 233 0.542046
0 0 234 0.457328
0 0 235 0.373709
0 0 236 0.31281
0 0 237 0.269322
0 0 238 0.236011
0 0 239 0.211521
0 0 240 0.1906
0 0 241 0.158114
0 0 242 0.132509
0 0 243 0.118608
0 0 244 0.1355
0 0 245 0.135409
0 0 246 0.116396
0 0 247 0.0863966
0 0 248 0.0776837
0 0 249 0.0856947
0 0 250 0.0780957
0 0 251 0.0622873
0 0 252 0.0614939
0 0 253 0.0764935
0 0 254 0.0751049
0 0 255 0.0737774
