0 0 0 -7.65228 -9.91334 7.7397 3.56948
0 0 1 -11.2155 -5.23908 -15.5939 7.66775
0 0 2 -8.87563 -11.3866 -21.2738 8.81854
0 0 3 4.93073 4.4689 -5.27576 5.79867
0 0 4 -2.11809 19.317 -6.06673 -4.23235
0 0 5 -8.30279 14.2108 -13.221 -3.33337
0 0 6 -1.75885 22.8759 -12.1421 7.2724
0 0 7 3.42096 13.1695 -17.6433 7.45245
0 0 8 -1.39961 2.34774 -12.3581 0.693133
0 0 9 -10.3854 0.189554 -1.24892 2.20339
0 0 10 -12.0408 -10.4517 2.52641 4.57611
0 0 11 -16.2109 -6.85733 -0.853435 -1.71546
0 0 12 -18.109 14.1044 -7.75621 -1.14007
0 0 13 -5.78328 27.1183 -5.0598 6.66112
0 0 14 -3.91427 19.5685 -17.6069 -0.025794
0 0 15 -3.88029 20.1084 -27.2425 -3.87224
0 0 16 -5.10364 11.5867 -9.91316 -7.03629
0 0 17 -0.103446 8.0633 -15.1265 -4.30411
0 0 18 17.0429 -8.69001 0.548983 3.13825
0 0 19 5.72202 -6.53337 -1.89592 -2.07493
0 0 20 0.794647 -8.36605 -9.3737 -10.092
0 0 21 3.887 -8.36605 -1.39289 -7.7911
0 0 22 0.00335388 -0.0264192 10.2202 3.42595
0 0 23 0.435409 8.89017 0.261034 -0.025794
0 0 24 4.93073 9.21413 -5.31131 -4.19582
0 0 25 -2.19091 7.56039 -0.0980134 -3.98053
0 0 26 -14.1234 10.7599 -11.7111 1.95157
0 0 27 -13.5846 -1.10474 2.5984 9.53747
0 0 28 -2.37052 0.800448 -2.32695 2.13163
0 0 29 -2.22489 10.257 -8.94266 -3.1892
0 0 30 -4.63275 12.8101 -0.170001 6.84117
0 0 31 -6.97265 7.41693 8.92616 10.0052
0 0 32 -3.91427 3.82098 9.75268 14.7506
0 0 33 -1.79283 3.92897 9.75268 14.2111
0 0 34 4.35304 -9.69737 14.3545 14.9666
0 0 35 0.362591 -10.6677 10.9391 9.07036
0 0 36 -1.93847 5.29577 8.53067 2.09574
0 0 37 -17.0022 16.8719 8.96171 5.11562
0 0 38 -13.6962 -8.43856 5.97735 11.2989
0 0 39 -8.66203 -8.29509 2.92189 12.9527
0 0 40 -7.5115 -1.06772 4.61137 3.8213
0 0 41 -4.59877 -1.32071 11.5861 9.178
0 0 42 3.02289 -6.46086 7.23579 12.2338
0 0 43 -0.103446 -11.8895 -3.8369 -0.457022
0 0 44 -9.38051 -1.24821 0.405008 -5.02304
0 0 45 -5.13762 14.6782 21.1133 4.28841
0 0 46 0.867465 1.59183 3.42492 4.10899
0 0 47 0.401428 4.50438 16.5479 11.479
0 0 48 -3.44824 -9.58938 2.31045 9.71752
0 0 49 -9.45332 1.34038 9.24966 14.8583
0 0 50 -3.66184 -2.82944 9.78912 9.4657
0 0 51 -2.76374 -7.5037 11.8741 0.513721
0 0 52 -0.60832 0.729485 2.92189 -2.82974
0 0 53 -7.25906 4.86382 2.77792 -8.83361
0 0 54 -3.089 10.8324 8.09875 -15.0534
0 0 55 4.85791 -5.74198 14.103 -14.8022
0 0 56 6.14922 6.37409 13.456 -5.13069
0 0 57 1.73158 19.7474 16.7639 0.441957
0 0 58 -2.11809 3.31807 9.35719 8.35143
0 0 59 -6.14252 -6.85733 1.73544 10.9753
0 0 60 -5.42404 -1.78814 -0.70946 5.54685
0 0 61 0.110154 -6.28191 9.06925 -5.3825
0 0 62 7.77065 -8.61905 4.64781 -4.62769
0 0 63 8.84836 -0.205368 12.09 -1.75135
0 0 64 8.88234 13.276 3.85684 5.69038
0 0 65 15.1399 15.1827 0.045961 10.077
0 0 66 1.79954 7.27192 -4.19684 7.12887
0 0 67 -4.45313 -9.33793 -7.07277 5.94219
0 0 68 -2.33169 12.0897 -3.8369 1.80805
0 0 69 1.94518 20.8983 0.728506 -7.8635
0 0 70 -17.075 25.7515 -2.43538 -1.356
0 0 71 -8.30279 18.8141 -0.134451 -1.78723
0 0 72 -4.77839 8.49525 1.30352 -15.0893
0 0 73 -4.958 -3.72881 -7.57668 -12.1412
0 0 74 1.26068 10.7244 -8.54718 -6.35325
0 0 75 0.721828 14.5348 1.87941 -9.30136
0 0 76 -3.3026 7.16547 4.64781 -10.7392
0 0 77 -2.01129 -2.75847 13.312 -9.44489
0 0 78 9.38721 -0.888767 -3.36943 -6.31736
0 0 79 9.78043 -12.9694 4.03636 -3.00979
0 0 80 13.5961 -3.26138 -5.16733 -1.60782
0 0 81 7.73181 6.23062 -1.21248 -1.49953
0 0 82 1.79954 11.5513 -2.50736 2.16751
0 0 83 6.79973 10.2215 -1.32091 -0.349375
0 0 84 7.69783 20.3953 5.07884 -3.40513
0 0 85 0.721828 -0.38586 -9.30171 -3.36925
0 0 86 -0.428702 2.16725 5.65385 0.154258
0 0 87 3.9938 8.7467 18.3458 9.57335
0 0 88 -1.25398 -0.564808 11.5141 3.8213
0 0 89 0.867465 -15.0535 -0.457949 -1.6437
0 0 90 1.15388 3.02959 -0.0980134 -7.53992
0 0 91 -4.16671 2.56217 3.85684 -7.28811
0 0 92 -4.38031 12.3426 4.21589 -0.528786
0 0 93 -9.99218 21.9766 -0.960971 -0.816485
0 0 94 -17.6138 10.5439 6.51681 -7.21634
0 0 95 -10.9631 18.3822 15.4334 -6.13731
0 0 96 -6.00173 3.06662 21.2573 -3.62107
0 0 97 -13.2981 13.8884 4.18034 5.25915
0 0 98 -7.69112 8.96267 6.08578 5.07974
0 0 99 -6.72021 4.39639 3.56889 -4.19582
0 0 100 1.00825 -14.7295 -2.65045 -10.5239
0 0 101 6.18806 -18.6849 7.99122 -4.91539
0 0 102 1.69274 3.96445 7.70327 4.00071
0 0 103 0.721828 -0.0973817 -2.03989 5.76278
0 0 104 -7.69112 -0.60029 -2.00345 16.9439
0 0 105 5.03753 -10.4517 5.69029 8.49496
0 0 106 8.92118 -7.14426 16.0085 6.66112
0 0 107 42.5341 -0.421341 7.91923 -4.48352
0 0 108 83.8804 -8.47404 5.22282 -6.74859
0 0 109 122.78 -24.0781 20.8983 -7.5034
0 0 110 163.015 -35.1174 13.7075 -16.1683
0 0 111 204.429 -50.8633 17.5904 -18.2892
0 0 112 247.251 -59.4544 11.6581 -12.1412
0 0 113 296.287 -28.8958 4.82733 -11.71
0 0 114 300.03 15.7936 2.56196 -16.4919
0 0 115 227.653 41.644 17.4829 -21.9563
0 0 116 150.466 39.6293 19.6398 -21.0938
0 0 117 103.726 28.9155 12.6286 -10.7033
0 0 118 59.6125 18.7061 3.24539 -6.96453
0 0 119 38.6165 15.2537 16.1524 -9.37312
0 0 120 28.3006 1.12441 18.3094 -0.205205
0 0 121 12.0475 -4.30422 14.175 4.28841
0 0 122 3.66854 -7.0008 12.7006 -0.744721
0 0 123 -0.249083 6.62554 15.2895 -8.43826
0 0 124 -5.82211 4.28841 12.4491 -9.80435
0 0 125 -14.1234 5.29577 0.045961 -13.3996
0 0 126 -1.00154 2.95863 4.97131 -18.3969
0 0 127 9.81927 10.5809 7.05627 -23.9336
0 0 128 8.99399 3.89349 11.3346 -25.0479
0 0 129 4.03264 -9.40889 10.8316 -15.377
0 0 130 -0.715121 -13.3288 8.63821 -3.04567
0 0 131 5.43075 -2.43451 15.1819 -2.11081
0 0 132 5.07151 -13.3998 19.4238 -1.39188
0 0 133 6.97935 -19.1523 17.1949 -2.93802
0 0 134 8.38232 -15.9883 3.92883 -10.1279
0 0 135 3.02289 -15.0535 9.21322 -15.8806
0 0 136 4.49867 -19.2249 8.49424 -4.73534
0 0 137 9.96491 -9.40889 -5.49083 -0.0616762
0 0 138 19.742 -3.26138 27.6935 -1.03242
0 0 139 20.6401 -15.234 20.5748 -4.23235
0 0 140 10.7902 -22.5323 4.3963 -1.78723
0 0 141 -0.283065 1.9883 -1.14049 -0.672956
0 0 142 -0.283065 0.0460859 -6.71373 -5.02304
0 0 143 7.15897 -18.253 0.513433 2.49109
0 0 144 7.08615 -5.27456 1.19598 -4.41176
0 0 145 1.51312 -18.8654 5.83427 -7.21634
0 0 146 0.0761722 -20.3032 -2.36339 1.66388
0 0 147 -13.4049 -19.3328 -8.33122 9.86105
0 0 148 -8.05036 -21.13 8.13519 3.13825
0 0 149 -2.37052 -19.6553 7.81169 -0.996537
0 0 150 -1.04038 -22.1359 17.3389 -3.11743
0 0 151 6.36768 -14.5861 21.0422 -0.960655
0 0 152 2.66365 -2.97445 11.6946 5.7269
0 0 153 -4.63275 5.18778 5.97735 -0.313493
0 0 154 1.15388 8.7467 6.04934 -8.11468
0 0 155 3.24134 6.12263 11.3711 -3.00979
0 0 156 4.67829 9.53809 6.9123 0.80142
0 0 157 9.78043 -4.08825 -5.02336 0.80142
0 0 158 5.9696 -13.6882 2.5984 4.21664
0 0 159 3.56174 -9.33793 -3.47786 -2.47027
0 0 160 6.83372 -2.29105 -8.83424 -4.26823
0 0 161 7.98425 -8.94146 4.53938 -0.852367
0 0 162 5.9696 -9.80536 5.58187 1.30441
0 0 163 1.15388 -3.26138 18.9564 -11.3146
0 0 164 2.19761 -10.6322 16.26 -11.6382
0 0 165 4.28022 -14.9455 8.0632 -5.31074
0 0 166 -0.60832 -1.89458 -2.25496 -1.6437
0 0 167 -2.76374 9.24961 -6.46222 -3.90877
0 0 168 3.20251 0.0106047 -13.5445 -2.68621
0 0 169 2.37723 -3.9093 -10.8481 0.944949
0 0 170 -8.62319 -4.12373 -15.3424 -0.133441
0 0 171 -16.1041 10.9033 -29.795 -0.637074
0 0 172 -12.9389 12.7021 -30.5486 3.17413
0 0 173 -12.5457 3.53405 -14.156 -0.313493
0 0 174 -9.81256 4.75583 -2.03989 0.118376
0 0 175 -8.58921 -2.90194 9.24966 9.14212
0 0 176 3.06173 -9.69737 6.37284 7.95544
0 0 177 4.89189 -0.60029 -2.25496 -2.50615
0 0 178 2.80929 -6.3174 7.05627 -7.35987
0 0 179 -0.569484 -17.2117 0.548983 -7.07217
0 0 180 5.39677 -22.1004 -0.853435 -2.97391
0 0 181 13.0912 -12.9694 -5.99474 -5.49015
0 0 182 7.37257 2.85065 -2.03989 -1.28424
0 0 183 -0.428702 6.69805 -6.53331 -0.780603
0 0 184 16.9361 4.97181 0.728506 -3.98053
0 0 185 14.8146 -4.19624 0.153497 -7.82698
0 0 186 2.77045 -7.89862 -9.12219 -12.9684
0 0 187 -2.47732 -9.40889 -3.65738 -9.19371
0 0 188 3.24134 -13.2563 -6.2818 -7.7911
0 0 189 5.5424 -9.4814 -22.2807 -7.97115
0 0 190 9.31439 -11.1351 -8.4032 -3.94465
0 0 191 4.60547 0.65698 3.46135 0.369552
0 0 192 4.85791 -7.82766 -2.32695 3.13825
0 0 193 9.89209 -2.14758 5.54632 0.909067
0 0 194 4.67829 9.24961 6.62524 -3.29749
0 0 195 -0.928721 9.93301 -1.35646 3.46183
0 0 196 -4.02107 3.21009 -9.3737 14.7148
0 0 197 -8.08434 18.5611 -8.7267 16.548
0 0 198 -7.5115 18.9931 0.261034 7.95544
0 0 199 0.54221 5.83416 4.07191 1.59211
0 0 200 7.08615 7.91983 -4.69986 -1.0683
0 0 201 8.45028 17.6633 -4.95137 2.23927
0 0 202 13.0184 -5.0231 -5.63481 -2.90214
0 0 203 10.9698 -13.4723 -7.32428 -7.7911
0 0 204 4.06662 -14.1557 2.34689 -3.29749
0 0 205 5.00355 -10.1648 -3.33388 11.4072
0 0 206 3.09571 -1.39168 2.74237 9.07036
0 0 207 6.04242 -1.96709 -2.39894 -2.75797
0 0 208 11.5426 -9.69737 -4.59233 -2.86562
0 0 209 1.00825 -4.3397 -0.74501 -3.44102
0 0 210 -10.1718 -0.888767 2.31045 -1.14007
0 0 211 -14.5555 0.441007 -12.2861 2.41933
0 0 212 -4.05991 -10.4517 -16.4924 4.10899
0 0 213 -4.45313 -14.7295 -13.9036 -2.68621
0 0 214 -1.83167 -8.00661 7.88368 -5.56255
0 0 215 3.85302 -0.7453 10.4717 5.6545
0 0 216 3.09571 -2.07507 -1.24892 0.65725
0 0 217 4.21226 4.32389 0.513433 5.51097
0 0 218 -3.73466 2.63467 4.03636 4.39669
0 0 219 -7.4047 4.39639 7.12826 0.0459705
0 0 220 -4.27351 5.72617 -4.1604 -1.9314
0 0 221 -4.13273 -0.0619004 -4.34081 -2.32674
0 0 222 -3.089 -0.277873 -8.22368 -1.78723
0 0 223 -0.283065 4.25293 -9.0502 -2.75797
0 0 224 2.98891 3.49702 -14.731 -1.49953
0 0 225 3.34814 2.70718 -18.7578 -3.4769
0 0 226 3.70738 7.73934 -7.97217 -9.62494
0 0 227 7.12014 -5.92247 5.51077 -9.30136
