0 0 0 0.158235 0.463911 0.300159 0.0176802
0 0 1 -0.278978 0.6084 -0.121744 -0.229126
0 0 2 -0.317378 -0.363348 -0.928591 -0.725168
0 0 3 -0.435112 -0.713673 -0.878689 -0.221435
0 0 4 -0.117971 -0.787876 -0.344219 0.126337
0 0 5 0.890952 -1.45022 1.41767 0.910127
0 0 6 1.54667 -1.57415 0.367965 1.36783
0 0 7 0.52898 -0.313553 -0.0565975 0.727278
0 0 8 -0.0731388 0.791264 0.498347 0.954828
0 0 9 -0.685588 0.314331 0.595492 1.19776
0 0 10 -0.400415 -0.955403 0.471491 1.43306
0 0 11 -0.478579 -0.694486 0.529015 2.19511
0 0 12 -0.120505 0.176237 1.09805 2.14011
0 0 13 0.369142 0.0406879 1.09415 1.22211
0 0 14 -0.112903 -0.0756739 0.321875 0.575134
0 0 15 -0.582084 0.737553 -0.316121 0.14039
0 0 16 0.00600014 1.11464 -0.505357 -0.131919
0 0 17 0.821755 0.769532 -0.364693 -0.0820717
0 0 18 1.08256 0.610946 -0.054027 0.174912
0 0 19 1.03539 0.535438 -0.140978 -0.0283503
0 0 20 1.23226 0.126377 -0.166505 -0.450315
0 0 21 1.46617 -0.0359947 -0.376216 -1.14459
0 0 22 1.2808 0.0432331 -1.03345 -1.28268
0 0 23 0.839688 0.515076 -1.19583 -0.959195
0 0 24 -0.109005 0.393558 -0.602502 -0.963011
0 0 25 -0.605085 -0.381295 -0.0604088 -0.558973
0 0 26 -0.0476038 -0.373594 -0.138408 0.466419
0 0 27 0.373041 -0.208612 0.477873 0.593003
0 0 28 0.819221 -0.574405 0.803962 0.0815792
0 0 29 0.970091 -0.403027 0.764253 -0.227854
0 0 30 1.46617 -0.458043 0.590439 -0.914436
0 0 31 1.93418 -0.33907 0.0316832 -1.54221
0 0 32 1.63498 -0.23302 -0.0207888 -1.21618
0 0 33 0.594279 -0.819854 0.397303 -0.763565
0 0 34 -0.188339 -1.00141 -0.0667905 -0.142154
0 0 35 -0.753421 -0.488716 -0.0731722 0.00102595
0 0 36 -0.954193 -0.0807643 -0.0898357 0.2849
0 0 37 0.0993685 0.733703 -0.0450749 0.719587
0 0 38 1.4305 0.772077 0.214449 0.134029
0 0 39 1.26676 0.155744 -0.138408 -0.483566
0 0 40 0.1327 -0.0436956 -0.470878 -0.525722
0 0 41 0.245171 -0.13963 0.0892074 0.00357035
0 0 42 0.274605 0.20691 0.618537 0.456184
0 0 43 -0.0131024 -0.0309043 -0.161453 0.0969035
0 0 44 0.214568 -0.984836 -0.611454 0.176185
0 0 45 0.522547 -0.497591 -0.400502 0.462603
0 0 46 0.288639 0.245284 -0.193362 0.42808
0 0 47 -0.22284 0.815541 0.10073 0.300224
0 0 48 -0.231806 0.664656 0.30787 0.5457
0 0 49 0.545548 -0.018113 0.186352 0.719587
0 0 50 1.07243 -0.0820695 -0.114122 0.777125
0 0 51 1.2502 0.0151053 -0.0488862 0.582768
0 0 52 1.71177 0.270866 0.101971 0.435771
0 0 53 2.98268 0.816781 0.646634 0.364181
0 0 54 5.13327 1.94966 2.11709 0.286172
0 0 55 6.84528 2.70278 3.30356 -0.364615
0 0 56 6.70064 2.17338 3.25242 -1.20467
0 0 57 4.73036 0.949785 1.90357 -1.5946
0 0 58 2.61174 -0.442706 1.29234 -1.43482
0 0 59 1.75641 -1.24817 1.2412 -1.19825
0 0 60 2.04159 -1.04488 0.91644 -0.868406
0 0 61 3.16805 -0.649782 0.0188311 -0.711116
0 0 62 4.25221 -0.212463 -1.03088 -1.00904
0 0 63 4.26001 0.149349 -1.45012 -1.26603
0 0 64 4.02084 0.578967 -1.38506 -0.745639
0 0 65 5.1395 1.41256 -0.484883 0.130154
0 0 66 8.26451 2.17723 1.28215 0.81292
0 0 67 11.1897 1.98418 3.30489 0.663321
0 0 68 10.7091 0.925507 4.3585 0.555936
0 0 69 7.31192 -0.0782191 3.62194 0.405065
0 0 70 2.63103 -0.906848 2.0749 -0.0322247
0 0 71 0.080266 -0.833951 1.43425 -0.434933
0 0 72 0.571278 -0.841586 1.46748 -0.19842
0 0 73 1.01609 -0.633205 1.19644 0.268245
0 0 74 0.942022 -0.216313 0.567394 0.841082
0 0 75 1.01863 -0.62805 -0.339166 0.74133
0 0 76 1.05059 -0.318644 -0.424788 0.627526
0 0 77 0.330743 0.359035 -0.190791 0.66974
0 0 78 0.191567 0.828333 0.320634 0.722131
0 0 79 0.535412 0.718366 0.243876 0.36927
0 0 80 0.415144 0.0547845 -0.502787 0.149353
0 0 81 0.179872 -0.273939 -0.720209 0.287444
0 0 82 0.109699 -0.156207 -0.355741 0.00490037
0 0 83 0.424111 -0.294301 -0.0463158 -0.161353
0 0 84 0.0252976 0.070121 0.0968301 -0.197148
0 0 85 -0.547582 0.267016 0.214449 0.485618
0 0 86 -0.785389 0.185178 -0.130696 0.692755
0 0 87 -0.844256 0.561086 -0.0962174 0.642908
0 0 88 -0.607619 0.653105 0.488154 0.653085
0 0 89 -0.286775 0.494584 0.350061 0.0956312
0 0 90 -0.435112 0.140408 0.798821 -0.483566
0 0 91 -0.723988 0.320726 0.79111 -0.663813
0 0 92 -0.845425 0.250374 -0.157553 -0.267466
0 0 93 -0.805856 -0.0270538 -0.648592 0.268245
0 0 94 -0.789287 0.121221 -0.31488 0.142934
0 0 95 -0.789287 -0.13702 0.378158 -0.470786
0 0 96 -0.397881 -0.568009 0.945867 -0.60882
0 0 97 -0.221475 -0.460588 1.03539 -0.232943
0 0 98 -0.518149 -0.503987 0.0367354 0.342438
0 0 99 -0.685588 -0.699642 -1.17792 0.236267
0 0 100 -0.791821 -0.328824 -1.30449 -0.44008
0 0 101 -1.00916 0.165991 -0.539925 -0.227854
0 0 102 -1.37484 0.109735 0.5073 0.233723
0 0 103 -1.58438 0.295144 0.495777 0.332202
0 0 104 -0.571753 0.550839 0.0163493 -0.424756
0 0 105 0.0993685 -0.0628826 -1.03088 -1.23919
0 0 106 0.348675 -0.124229 -0.931161 -0.872223
0 0 107 0.573812 0.613491 0.0892074 -0.337784
0 0 108 0.128802 1.07763 0.186352 0.177457
0 0 109 -0.410746 0.190268 -0.0846948 1.06354
0 0 110 0.52898 -0.350622 0.598062 0.809103
0 0 111 0.945921 -0.943852 0.811584 0.697844
0 0 112 0.504809 -1.05251 0.0828257 0.324511
0 0 113 0.179872 -0.341616 -0.51945 -0.704755
0 0 114 -0.429849 -0.262388 -1.15488 -1.24301
0 0 115 -1.15613 0.114825 -1.1165 -0.830067
0 0 116 -1.56918 1.23491 -0.836499 -0.215016
0 0 117 -1.03723 1.55587 -0.486212 0.191567
0 0 118 -0.240773 1.13134 0.0892074 0.306643
0 0 119 -0.0220688 0.76046 0.397303 0.431896
0 0 120 -0.115437 0.575117 -0.257356 -0.411918
