0 0 0 11.6641 9.54162 0.35712 1.81103
0 0 1 9.92537 -3.79449 8.8654 -10.7535
0 0 2 -4.37993 -15.8755 -2.252 -14.329
0 0 3 7.50589 -23.6074 -2.44291 -2.92471
0 0 4 3.1637 -18.0031 -0.991987 -4.27834
0 0 5 -0.516117 -12.9761 -1.6729 -8.72401
0 0 6 -5.24468 -2.44544 -2.73564 -5.43761
0 0 7 -5.24468 -6.59997 -3.79838 -7.85382
0 0 8 -4.9595 -10.0766 2.58442 -6.88793
0 0 9 1.1306 -4.86165 -0.412889 -1.57206
0 0 10 5.76717 4.80317 -0.991987 1.13421
0 0 11 13.3108 3.25949 3.83807 -2.15219
0 0 12 15.5279 -6.50601 0.745306 -0.411808
0 0 13 7.02751 -5.34489 -6.59842 1.32759
0 0 14 4.32284 3.54809 -10.0794 -6.11442
0 0 15 11.1857 1.22585 9.53996 -2.53796
0 0 16 3.74327 -12.2042 8.38176 -2.15219
0 0 17 8.18666 -5.82813 18.2391 -2.92471
0 0 18 12.8232 -7.56645 8.47722 -2.73133
0 0 19 19.9805 -26.8021 -3.4102 1.71434
0 0 20 7.89227 -27.2854 5.47991 -3.40815
0 0 21 -4.18674 -14.6204 22.5856 -2.24789
0 0 22 6.83432 -1.37828 10.8954 -4.18165
0 0 23 11.5721 -0.512478 -10.9512 -0.605183
0 0 24 8.76623 -12.7881 16.1137 -2.82802
0 0 25 9.73218 -15.2043 13.4091 -4.95417
0 0 26 5.48199 -10.1773 2.19623 -1.76544
0 0 27 -0.414922 -0.895044 4.02898 0.940837
0 0 28 5.38079 -7.27785 -0.412889 2.0044
0 0 29 12.4368 -3.21728 -4.28203 -1.282
0 0 30 9.82417 0.071438 1.13349 3.55043
0 0 31 2.39094 4.70921 -3.21929 2.10109
0 0 32 6.25475 1.80976 -19.9368 -0.701871
0 0 33 2.00456 15.3405 -23.8123 1.03753
0 0 34 -0.322927 15.6291 -14.2412 -0.508495
0 0 35 14.1756 -17.1373 9.25359 -5.72767
0 0 36 12.7312 -27.4733 2.77533 -18.968
0 0 37 7.11951 -14.909 -0.70562 -8.91739
0 0 38 7.2207 -3.21728 7.12175 -12.5896
0 0 39 -5.34588 2.58161 16.8837 -1.57206
0 0 40 -4.08554 1.80976 22.2037 -5.34092
0 0 41 2.58413 6.05826 2.29169 -8.0472
0 0 42 -1.76726 13.0183 6.83538 -13.3631
0 0 43 0.449835 6.83681 -1.57108 -14.4256
0 0 44 -1.96045 10.6021 -7.17751 -13.1697
0 0 45 4.51604 -4.37841 10.0236 -12.6862
0 0 46 8.57304 2.0044 10.8954 -8.53063
0 0 47 8.27865 1.61512 7.22356 -8.72401
0 0 48 4.60803 -1.76756 3.06806 -3.7949
0 0 49 12.9244 3.06485 2.29169 -0.121744
0 0 50 13.9824 -3.50589 -0.991987 -9.6899
0 0 51 7.11951 -9.59338 -13.363 -18.2922
0 0 52 6.06156 -5.34489 -13.7512 -14.7157
0 0 53 2.86932 -1.57292 4.80535 -4.18165
0 0 54 0.164649 -1.86153 14.2746 -5.5343
0 0 55 7.02751 2.293 19.3973 -12.7829
0 0 56 8.85822 6.15893 8.96086 -13.5564
0 0 57 5.86837 -0.0292372 3.25897 -10.27
0 0 58 1.90336 10.7967 14.4718 -0.701871
0 0 59 2.58413 18.24 12.2445 -5.72767
0 0 60 0.35784 -6.21069 19.0155 -1.47537
0 0 61 6.73313 6.5415 13.6955 3.35705
0 0 62 4.22165 17.5621 -1.86382 0.747461
0 0 63 5.76717 0.937245 5.47991 1.52096
0 0 64 8.95942 1.03792 15.5346 -2.34458
0 0 65 13.4028 13.7901 16.5019 -3.50484
0 0 66 -1.38087 15.3405 5.289 4.99976
0 0 67 -7.57217 2.77624 -7.47025 6.45008
0 0 68 -0.322927 -8.53294 -3.70293 -1.66875
0 0 69 6.64113 -5.05629 -1.47563 -8.0472
0 0 70 5.38079 7.80329 -9.40481 -4.95417
0 0 71 1.32379 8.28653 3.25897 -3.0214
0 0 72 0.449835 3.06485 11.57 -3.0214
0 0 73 0.643026 1.32652 1.03804 -1.95881
0 0 74 -6.11864 -6.21069 -1.76836 3.55043
0 0 75 -2.34683 4.51457 3.5517 0.16832
0 0 76 5.38079 0.36004 1.3244 -5.24423
0 0 77 12.7312 -0.512478 4.61444 -6.40449
0 0 78 5.76717 13.6961 -10.0794 10.4123
0 0 79 -0.028541 15.6291 -3.70293 6.35339
0 0 80 3.35689 0.742606 27.422 8.28616
0 0 81 9.63098 -1.9622 7.60539 -4.95417
0 0 82 1.80217 5.67569 0.649851 1.03753
0 0 83 -3.50597 0.648642 -22.6477 2.58355
0 0 84 -3.80036 -13.2714 -22.5459 -1.76544
0 0 85 -1.48207 -12.2042 9.25359 -1.57206
0 0 86 -3.31278 -7.85506 21.8156 2.19778
0 0 87 -4.18674 -13.3653 11.8627 0.747461
0 0 88 6.06156 -13.56 -0.508345 -4.5684
0 0 89 4.02846 -7.95573 -0.896531 -4.08496
0 0 90 -8.43693 -0.995719 -2.15655 -2.34458
0 0 91 -9.78926 -5.63349 -3.31474 -0.218432
0 0 92 -5.53907 -2.53941 -1.18926 4.13055
0 0 93 -3.41397 4.42061 7.99357 7.32027
0 0 94 -7.85736 2.09837 20.3646 4.5173
0 0 95 -3.41397 -1.86153 21.8156 -2.24789
0 0 96 6.25475 4.60853 16.6928 -3.69821
0 0 97 0.643026 17.656 3.35443 9.15635
0 0 98 0.937411 3.83669 13.2118 2.58355
0 0 99 -4.8583 4.60853 1.13349 7.51266
0 0 100 4.22165 8.76977 13.6955 -1.47537
0 0 101 0.0634544 -1.57292 5.47991 -5.72767
0 0 102 0.937411 -0.123201 3.64716 2.0044
0 0 103 -2.44802 13.1189 4.1308 -7.56376
0 0 104 -8.9245 7.21938 9.15177 -1.37869
0 0 105 -2.25483 -2.53941 20.7528 -4.5684
0 0 106 2.77732 -15.2043 -1.38017 2.68023
0 0 107 9.05141 -19.1642 -9.30299 -3.11808
0 0 108 -1.38087 -14.5265 -2.15655 -8.0472
0 0 109 -5.92545 -4.57304 3.16352 -2.34458
0 0 110 -0.414922 6.5415 5.289 -0.991935
0 0 111 2.19775 10.7967 -1.6729 -3.40815
0 0 112 5.2888 11.3739 3.74261 -13.8465
0 0 113 4.90242 2.09837 7.02629 -16.0693
0 0 114 -3.11959 0.648642 5.09808 -15.9726
0 0 115 -4.9595 4.31993 -3.31474 -1.86213
0 0 116 -0.414922 13.9847 -4.37748 6.35339
0 0 117 -10.6632 -9.40545 8.08903 -4.5684
0 0 118 -4.57312 -10.8552 22.4901 -15.876
0 0 119 3.74327 3.35345 5.19354 0.360709
0 0 120 -8.82331 15.1459 -2.34746 3.55043
0 0 121 0.836216 8.6691 9.05631 12.2484
0 0 122 -0.414922 12.2464 -7.5657 3.7438
0 0 123 -12.1075 -3.31125 -10.3721 -9.78659
0 0 124 -9.50408 -7.47249 -16.1758 -7.08032
0 0 125 -5.73226 -6.88857 -4.08475 0.844149
0 0 126 -6.9926 1.13188 -4.56839 8.67291
0 0 127 -0.994494 9.15234 -9.30299 7.9961
0 0 128 -0.994494 -2.53941 9.73723 6.45008
0 0 129 1.1306 -5.82813 4.41717 6.74014
0 0 130 -1.09569 10.6021 -3.11747 3.64711
0 0 131 -5.43787 6.44753 -6.79569 -6.3078
0 0 132 -2.15364 12.0518 -12.2048 -6.11442
0 0 133 -0.902498 13.2129 -3.89384 -0.0250558
0 0 134 -7.08459 3.74273 -0.126522 -2.63464
0 0 135 0.256645 8.9577 -0.412889 -2.73133
0 0 136 -5.43787 20.8508 17.6601 -2.73133
0 0 137 -12.9815 23.267 3.35443 0.554085
0 0 138 4.60803 2.67557 16.0182 -5.72767
0 0 139 5.38079 -6.98925 22.4901 11.8626
0 0 140 -2.9264 -14.6204 8.66813 -0.508495
0 0 141 -4.57312 -8.04969 -1.76836 -5.82436
0 0 142 -2.44802 -3.60656 0.261664 -1.76544
0 0 143 0.256645 11.186 12.6327 -2.82802
0 0 144 -7.08459 0.165402 -6.79569 -1.18531
0 0 145 -1.96045 -5.63349 -2.15655 -1.37869
0 0 146 0.164649 -5.34489 6.44719 -0.121744
0 0 147 -9.69727 1.70909 7.50993 7.12689
0 0 148 -10.47 3.45412 2.96624 7.80272
0 0 149 -8.82331 -3.41192 -9.59573 4.32393
0 0 150 -0.608113 -14.8151 -18.874 0.0716322
0 0 151 0.836216 -14.3318 -2.44291 -1.18531
0 0 152 0.35784 -8.53294 5.96355 -1.57206
0 0 153 6.53994 13.1189 -4.08475 10.7024
0 0 154 15.1415 -0.80108 0.166209 12.1527
0 0 155 9.73218 -1.86153 3.06806 10.7024
0 0 156 -0.028541 -3.89516 -9.88846 5.4832
0 0 157 0.0634544 -19.3589 1.3244 1.32759
0 0 158 2.09655 -29.8895 -12.0139 2.87361
0 0 159 -6.40383 -13.7546 6.25628 5.38651
0 0 160 -1.96045 0.259365 -0.801075 5.67657
0 0 161 16.8802 -4.37841 2.96624 -3.50484
0 0 162 21.1396 -5.63349 -0.801075 -5.05086
0 0 163 18.0394 -18.1038 0.745306 2.10109
0 0 164 16.687 -4.66701 3.5517 -3.21477
0 0 165 9.53899 -2.53941 -3.02201 -4.85748
0 0 166 6.25475 -0.411803 1.9035 -0.508495
0 0 167 5.67518 9.44094 4.22626 7.12689
0 0 168 5.76717 12.2464 4.61444 6.06332
0 0 169 8.76623 1.52116 2.4826 0.0716322
0 0 170 3.83527 -10.6605 -2.64019 0.844149
0 0 171 0.0634544 -6.40533 -7.27933 4.5173
0 0 172 -0.709308 -1.37828 8.2863 -0.31512
0 0 173 1.41579 -7.95573 3.16352 -3.0214
0 0 174 -4.66511 -12.7881 5.19354 6.74014
0 0 175 -7.47097 -16.2648 -8.1448 6.16001
0 0 176 1.60898 2.19233 -11.0467 7.0302
0 0 177 11.3789 13.4075 24.1319 2.77692
0 0 178 10.0174 5.28641 27.7084 -0.991935
0 0 179 10.5049 -8.6269 -2.34746 -13.5564
0 0 180 15.0495 -7.56645 -0.508345 -2.82802
0 0 181 8.47184 -7.95573 4.41717 0.554085
0 0 182 2.97051 5.87033 -9.40481 -1.18531
0 0 183 5.67518 10.4074 0.649851 -0.411808
0 0 184 6.34675 -11.0431 8.57267 -9.6899
0 0 185 -2.8344 -15.9762 6.93083 -7.46707
0 0 186 0.836216 -10.9491 11.8627 -4.27834
0 0 187 7.69908 -3.31125 24.8129 -1.95881
0 0 188 -3.22078 -1.76756 30.3238 -5.63098
0 0 189 -4.47192 -2.2508 22.4901 -12.9763
0 0 190 2.58413 0.843281 1.13349 -4.37503
0 0 191 1.1306 -5.34489 -19.4531 2.58355
0 0 192 5.96036 -12.4928 -15.4885 0.940837
0 0 193 7.02751 -19.9361 -7.47025 -7.75713
0 0 194 3.2557 -21.4865 11.4745 -6.01774
0 0 195 3.64208 -10.1773 14.3764 0.457397
0 0 196 1.90336 -19.2582 23.5528 -3.98827
0 0 197 6.25475 -3.60656 5.09808 6.83683
0 0 198 1.32379 12.3404 8.2863 -1.86213
0 0 199 10.4129 1.80976 4.7099 -6.79124
0 0 200 7.80027 0.648642 -8.24025 -3.7949
0 0 201 4.32284 1.52116 -1.09381 -1.18531
0 0 202 1.2226 4.03133 1.9035 -1.08862
0 0 203 2.77732 7.60865 -8.34207 -0.0250558
0 0 204 0.744221 6.35357 3.5517 -0.991935
0 0 205 -0.902498 8.3805 9.92814 2.0044
0 0 206 1.51698 3.25949 6.54265 2.87361
0 0 207 4.70923 6.15893 1.80805 4.5173
0 0 208 6.73313 8.6691 4.41717 -2.24789
0 0 209 5.67518 1.61512 9.15177 -0.798559
0 0 210 4.80122 -9.78802 4.1308 2.10109
0 0 211 6.34675 -18.1038 -4.37748 0.554085
0 0 212 13.0164 -6.88857 -13.5603 5.77326
0 0 213 10.3118 -5.34489 -8.53298 16.6951
0 0 214 3.64208 4.12529 -4.08475 7.60935
0 0 215 -0.322927 -5.34489 -8.1448 4.99976
0 0 216 10.9925 5.96429 -21.2986 6.06332
0 0 217 19.7873 18.9178 -21.8777 1.52096
0 0 218 42.4918 26.7437 -35.5024 2.39116
0 0 219 60.9553 32.0593 -63.5345 6.64345
0 0 220 120.495 62.4095 -106.929 16.405
0 0 221 232.214 112.277 -195.556 21.3341
0 0 222 381.826 211.731 -322.359 29.3553
0 0 223 516.747 317.561 -386.722 36.2171
0 0 224 579.672 387.825 -382.191 45.6896
0 0 225 572.128 409.96 -321.589 42.8866
0 0 226 509.212 394.591 -244.366 43.4658
0 0 227 413.243 345.877 -146.167 33.2218
0 0 228 336.886 287.888 -55.4144 20.1738
0 0 229 276.188 221.879 0.649851 20.4639
0 0 230 223.714 149.681 24.7174 19.5937
0 0 231 143.779 73.3294 21.5228 15.7282
0 0 232 65.5918 16.2063 12.5373 8.28616
0 0 233 19.1065 8.47446 12.4418 9.5431
0 0 234 4.70923 -1.28432 -2.92656 6.35339
0 0 235 2.48294 -19.6475 -3.89384 5.09645
0 0 236 1.1306 0.36004 9.53996 5.28982
0 0 237 -2.73321 11.4746 0.554395 11.0891
0 0 238 -7.66417 -4.76097 -13.7512 6.93352
0 0 239 -10.9484 -12.6875 -8.7239 6.93352
0 0 240 -13.8463 0.071438 -2.53837 6.45008
0 0 241 -18.1057 12.9243 4.1308 5.38651
0 0 242 -21.0955 7.21938 7.02629 10.9924
0 0 243 -16.1737 -3.60656 2.77533 11.2825
0 0 244 -8.24374 -0.317839 -1.6729 4.22724
0 0 245 -3.02759 2.67557 12.3464 0.16832
0 0 246 -5.34588 -0.123201 13.9882 9.15635
0 0 247 -5.34588 7.80329 -0.508345 11.2825
0 0 248 0.643026 5.87033 -10.3721 3.35705
0 0 249 3.55008 -6.69393 -8.7239 6.2567
0 0 250 3.44889 -9.21081 -11.0467 9.15635
0 0 251 1.60898 -9.69406 -15.4885 9.73648
0 0 252 -7.76536 4.42061 -6.11477 5.19313
0 0 253 -14.0395 7.21938 -9.59573 4.13055
0 0 254 -5.05149 -6.50601 18.1437 1.42428
0 0 255 -6.31183 7.60865 22.0065 -8.43395
0 0 256 -15.493 8.28653 -4.56839 12.7318
0 0 257 -15.8794 -3.89516 -21.9668 8.47954
0 0 258 -2.8344 0.843281 -14.3303 10.0256
0 0 259 3.93646 -5.53953 -4.86112 11.2825
0 0 260 5.76717 -12.3989 10.2145 7.41597
0 0 261 -5.43787 -11.627 4.90081 3.26036
0 0 262 -13.0735 -7.76109 -6.69387 -1.47537
0 0 263 -3.31278 -4.37841 3.64716 -3.31146
0 0 264 1.41579 0.071438 10.5072 1.61765
0 0 265 4.99441 -11.2377 17.7555 -0.121744
0 0 266 5.2888 -11.9156 25.5829 1.32759
0 0 267 2.77732 5.96429 19.111 7.41597
0 0 268 0.449835 9.15234 -0.126522 5.38651
0 0 269 0.744221 6.35357 3.74261 -1.66875
0 0 270 -1.48207 -0.317839 2.67987 -1.08862
0 0 271 -4.08554 -4.47237 1.9035 5.09645
0 0 272 -3.99355 -7.37181 10.5072 8.47954
0 0 273 -1.86845 -13.6539 9.53996 11.0891
0 0 274 -12.8803 -0.895044 4.99627 4.80737
0 0 275 -9.40288 9.54162 -15.8767 2.77692
0 0 276 0.744221 4.31993 -13.274 -2.34458
0 0 277 13.0164 5.87033 3.35443 7.9961
0 0 278 3.55008 5.96429 0.649851 4.99976
0 0 279 -9.59607 0.36004 9.63541 -5.43761
0 0 280 -3.31278 -3.21728 6.64447 -3.69821
0 0 281 -6.31183 -14.909 3.93353 -2.34458
0 0 282 -7.66417 -1.76756 9.25359 2.39116
0 0 283 -5.15269 -2.44544 15.63 -1.95881
0 0 284 2.39094 -17.0366 13.2118 -2.15219
0 0 285 2.19775 -5.82813 10.8954 -5.34092
0 0 286 1.71017 7.50798 6.35174 -0.0250558
0 0 287 0.55103 0.454004 -13.274 1.13421
0 0 288 -1.09569 -3.79449 -0.801075 -1.86213
0 0 289 -0.221732 -17.1373 15.4391 0.747461
0 0 290 -4.18674 -4.57304 7.02629 -4.18165
0 0 291 -5.24468 6.64217 -15.7876 0.650773
0 0 292 -4.27873 -0.995719 -9.40481 2.77692
0 0 293 -6.21064 1.52116 -0.412889 3.84049
0 0 294 9.15261 -11.2377 6.16082 6.06332
0 0 295 8.66503 -9.21081 -1.6729 -10.4634
0 0 296 -2.25483 -14.3318 -0.610164 -0.508495
0 0 297 -7.27778 -4.37841 6.25628 2.48784
0 0 298 -10.9484 1.22585 5.86809 5.28982
0 0 299 -11.0496 12.2464 12.9255 5.4832
0 0 300 -7.66417 19.589 -6.11477 -1.86213
0 0 301 -6.21064 -1.6736 -18.3967 -2.0555
0 0 302 8.08546 -14.3318 -9.40481 1.81103
0 0 303 8.57304 -6.40533 -8.34207 2.9703
0 0 304 0.164649 -2.34477 -8.82572 4.32393
0 0 305 10.8913 -0.0292372 5.47991 5.67657
0 0 306 9.2446 -1.6736 -1.95927 5.77326
0 0 307 -0.994494 -1.28432 0.554395 -2.34458
0 0 308 -1.38087 -0.707117 -8.7239 -9.01407
0 0 309 6.34675 -10.9491 -3.4102 -1.282
0 0 310 2.67613 -2.15684 -0.991987 1.42428
0 0 311 -10.47 3.74273 -6.01932 5.4832
0 0 312 1.41579 -2.05616 21.8156 0.844149
0 0 313 -0.221732 4.31993 18.3346 -3.11808
0 0 314 1.80217 -0.995719 -5.44022 -8.72401
0 0 315 3.35689 -11.2377 2.58442 3.55043
0 0 316 -6.40383 -4.86165 -5.73295 2.39116
0 0 317 -5.53907 10.3135 0.840762 -9.78659
0 0 318 2.39094 2.38697 10.2145 -14.7157
0 0 319 -1.09569 -3.02265 -0.412889 -4.18165
0 0 320 2.67613 2.67557 -5.92386 -7.37038
0 0 321 10.6981 4.99781 -3.02201 -4.27834
0 0 322 3.2557 18.5286 -5.05203 -0.605183
0 0 323 2.09655 18.9178 -8.04934 -1.282
0 0 324 3.74327 14.8573 1.41986 -1.37869
0 0 325 -1.57406 8.3805 23.6547 -0.798559
0 0 326 -1.96045 5.87033 16.5973 -0.31512
0 0 327 2.09655 0.259365 0.936218 5.19313
0 0 328 -3.89235 1.52116 1.22895 3.7438
0 0 329 2.48294 -1.76756 -4.66385 -0.0250558
0 0 330 9.3458 13.6961 -13.4712 0.844149
0 0 331 2.77732 6.83681 -3.21929 2.48784
0 0 332 -3.60717 -13.4593 -7.47025 4.99976
0 0 333 -3.69916 -12.4928 -4.56839 -0.411808
0 0 334 1.32379 3.35345 8.57267 1.03753
0 0 335 -2.06164 7.41402 -0.991987 -6.59786
0 0 336 -2.8344 11.3739 -11.2376 -8.33726
0 0 337 1.71017 10.5081 -17.6204 -5.63098
0 0 338 4.80122 -0.0292372 -0.0247027 2.9703
0 0 339 5.2888 -9.01618 10.0236 7.41597
0 0 340 1.60898 0.843281 -2.34746 3.84049
0 0 341 1.1306 -1.6736 -17.0413 -0.991935
0 0 342 0.744221 -12.8821 -8.34207 -6.59786
0 0 343 6.06156 -13.56 0.840762 -2.0555
0 0 344 -0.414922 -5.24421 -3.02201 1.2309
0 0 345 -2.9264 -14.6204 -2.44291 2.39116
0 0 346 0.256645 -6.59997 -2.73564 -2.73133
0 0 347 -5.53907 10.7027 -2.34746 -4.47171
0 0 348 -5.63107 7.12541 -6.40751 -1.282
0 0 349 -4.27873 -0.606442 -1.95927 -0.701871
0 0 350 -3.89235 5.09177 -1.09381 0.747461
0 0 351 2.00456 2.09837 -9.01663 0.940837
0 0 352 1.1306 -6.40533 -12.3958 -3.11808
0 0 353 -0.516117 -6.79461 -10.1748 -9.30414
0 0 354 3.93646 -8.04969 2.38714 -8.72401
0 0 355 -5.73226 -7.37181 6.35174 -6.11442
0 0 356 2.00456 5.28641 6.54265 -0.991935
0 0 357 5.57398 8.76977 -12.7839 -5.5343
0 0 358 3.1637 11.3739 -12.5039 -0.411808
0 0 359 -0.129736 4.90385 -0.70562 2.48784
0 0 360 -1.48207 7.02474 0.261664 1.81103
0 0 361 5.09561 7.70262 -9.20754 0.0716322
0 0 362 1.80217 9.54162 -25.2568 0.360709
0 0 363 0.937411 0.071438 -20.7195 3.45374
0 0 364 3.44889 -5.43885 -7.27933 3.93718
0 0 365 7.02751 2.67557 -7.85843 5.4832
0 0 366 4.41484 0.937245 -10.563 5.77326
0 0 367 1.60898 -5.24421 -5.14749 4.71068
0 0 368 8.27865 -9.59338 -2.73564 -0.0250558
0 0 369 8.66503 -8.82154 -4.37748 2.87361
0 0 370 5.09561 -2.05616 1.61713 7.9961
0 0 371 0.449835 -0.223876 -4.76567 -1.282
0 0 372 -15.7874 -5.72745 -2.15655 -3.98827
0 0 373 -10.3688 -2.2508 17.5646 1.90772
0 0 374 -0.322927 5.38709 20.9437 3.55043
0 0 375 8.85822 0.165402 21.141 1.13421
0 0 376 6.92632 -9.40545 2.77533 0.844149
0 0 377 -4.08554 5.96429 -0.317433 -2.63464
0 0 378 -2.8344 9.25302 -1.76836 0.940837
0 0 379 -2.9264 2.293 -10.3721 2.48784
0 0 380 7.02751 3.35345 -21.2986 -2.15219
0 0 381 8.47184 12.535 -24.2959 -3.0214
0 0 382 12.0505 10.7027 -21.2031 0.457397
0 0 383 6.73313 8.76977 -18.3967 -1.37869
0 0 384 -1.76726 9.34698 -11.5303 -2.82802
0 0 385 -2.73321 2.77624 -12.3958 2.68023
0 0 386 0.937411 -1.28432 -9.69118 9.63979
0 0 387 -5.05149 -0.123201 -9.20754 8.18947
0 0 388 -8.9245 2.87021 -15.5967 -3.21477
0 0 389 -2.54002 5.96429 -20.904 -5.05086
0 0 390 -4.76631 1.70909 -22.4568 -0.508495
0 0 391 -5.63107 -8.92221 -19.5549 3.45374
0 0 392 -0.902498 -9.98266 -18.1104 2.48784
0 0 393 -8.9245 7.99122 -12.3003 -3.11808
0 0 394 -15.0146 6.64217 -4.18657 -1.76544
0 0 395 -10.3688 -7.76109 -6.79569 0.844149
0 0 396 -4.27873 -6.11673 -7.95389 4.03386
0 0 397 -2.54002 8.3805 -9.40481 9.25304
0 0 398 -9.69727 16.9849 -14.6294 12.1527
0 0 399 -18.0045 16.7902 -14.9094 12.4418
0 0 400 -15.2078 15.0519 2.29169 6.83683
0 0 401 -8.24374 12.7297 12.7282 13.312
0 0 402 -9.50408 10.0249 -5.14749 16.9841
0 0 403 -8.15174 2.97088 -6.69387 5.77326
0 0 404 -7.85736 -0.995719 8.08903 1.03753
0 0 405 -1.96045 -3.02265 17.9464 4.03386
0 0 406 -3.80036 2.48764 15.9228 8.09278
0 0 407 -13.7543 2.97088 4.61444 0.650773
0 0 408 -16.4589 6.35357 -5.92386 -2.53796
0 0 409 -18.1976 8.18586 -11.1421 10.0256
0 0 410 -13.8463 5.76965 -16.4622 17.4676
0 0 411 -9.78926 2.58161 -7.27933 7.51266
0 0 412 0.449835 -3.41192 -5.05203 4.80737
0 0 413 -6.40383 -1.47896 -10.6585 11.5726
0 0 414 -1.38087 2.58161 0.261664 6.74014
0 0 415 -4.57312 8.28653 -10.3721 8.47954
0 0 416 -11.2428 1.61512 -12.593 14.858
0 0 417 -6.31183 -0.317839 4.80535 7.51266
0 0 418 0.164649 3.25949 13.6955 1.61765
0 0 419 -0.221732 0.742606 1.99896 4.42062
0 0 420 0.744221 3.06485 -2.44291 3.16367
0 0 421 -4.47192 4.99781 6.54265 5.4832
0 0 422 -12.8803 3.83669 1.9035 6.83683
0 0 423 -17.8113 6.44753 -2.53837 5.57989
0 0 424 -20.3227 5.57502 -7.37479 1.2309
0 0 425 -23.2206 0.071438 -7.5657 -0.508495
0 0 426 -19.1636 -6.79461 -3.4102 0.844149
0 0 427 -13.1747 -0.223876 0.452576 2.9703
0 0 428 -6.50502 9.54162 -2.64019 6.74014
0 0 429 -0.028541 3.83669 -1.09381 5.38651
0 0 430 -2.73321 -0.606442 5.57536 3.93718
0 0 431 -11.6292 2.19233 12.1491 1.2309
0 0 432 -14.619 14.7566 6.64447 -0.701871
0 0 433 -11.6292 17.656 -3.60111 5.28982
0 0 434 -4.66511 -2.53941 -10.1748 9.92887
0 0 435 -0.608113 0.937245 -1.28472 13.7954
0 0 436 -3.89235 11.0853 12.7282 13.0219
0 0 437 0.256645 6.44753 1.99896 8.38285
0 0 438 6.06156 -3.12332 -8.04934 -0.508495
0 0 439 3.06251 -9.11014 -7.95389 -6.50117
0 0 440 -0.709308 -6.69393 -15.3994 -4.76079
0 0 441 -5.24468 0.648642 -19.2686 1.13421
0 0 442 -4.66511 6.93077 -18.9758 3.55043
0 0 443 -4.18674 -0.995719 -18.2949 3.06699
0 0 444 -0.994494 -4.57304 -8.04934 6.06332
0 0 445 6.34675 2.0044 7.70721 6.93352
0 0 446 10.6061 6.25289 8.76995 7.60935
