0 0 0 11.1922 8.17749 15.4088 -11.1512
0 0 1 10.529 27.1121 17.6443 5.94223
0 0 2 14.224 24.8766 11.3327 5.15184
0 0 3 7.38355 13.6992 13.305 -6.9452
0 0 4 10.0174 5.28366 7.78123 3.18101
0 0 5 -5.3688 2.91615 1.73291 -7.99734
0 0 6 1.85058 -5.89371 5.2844 11.3338
0 0 7 -21.9487 -4.31476 -7.07545 3.05013
0 0 8 -10.6365 6.4665 6.73023 16.0659
0 0 9 -23.7868 3.5745 -10.7585 3.31188
0 0 10 -10.6365 11.4638 0.945113 18.1702
0 0 11 -9.57537 -5.4976 3.44377 -10.3634
0 0 12 0.941054 -8.78571 -4.0522 -1.15843
0 0 13 -6.16464 -4.70904 8.04444 -9.31123
0 0 14 -4.32663 -14.0452 -0.370931 5.41616
0 0 15 -0.120063 -16.675 -0.895521 12.9095
0 0 16 -8.66584 -10.1006 1.4697 0.94585
0 0 17 -4.32663 -9.70631 0.5503 3.31188
0 0 18 -6.42992 15.0141 3.96836 2.12887
0 0 19 -2.09071 3.96878 -1.42194 2.25974
0 0 20 7.11827 -9.96855 -3.65739 3.96883
0 0 21 6.45507 5.94202 -4.44701 -10.0991
0 0 22 5.14762 -11.0212 -3.52578 -0.63236
0 0 23 -8.40056 0.286393 1.20832 2.78581
0 0 24 -3.13288 -24.5642 -3.9206 -0.10629
0 0 25 -13.9146 -19.3047 -1.68515 8.17739
0 0 26 -2.35599 -6.81248 -1.94836 15.278
0 0 27 -13.6493 -17.2013 1.99612 17.5132
0 0 28 -3.26552 -0.107887 -2.86776 9.49128
0 0 29 0.941054 -0.370129 -8.7863 -5.36699
0 0 30 3.95387 19.8794 -17.9895 -6.81176
0 0 31 -4.97088 5.4157 -16.8069 6.4683
0 0 32 -3.00024 9.75461 -13.1256 -7.60215
0 0 33 -6.82783 3.70654 -8.91791 -4.05053
0 0 34 11.7228 8.43973 -1.42194 2.12887
0 0 35 6.32243 2.78594 -6.68246 10.5434
0 0 36 1.47161 -7.47083 1.60131 11.9908
0 0 37 -11.167 -17.3333 -4.1838 -4.05053
0 0 38 -7.73736 -6.15596 -7.33865 -10.7586
0 0 39 -5.89936 -14.1773 -0.763917 -5.36699
0 0 40 -1.16223 -7.86511 -5.76123 -11.6773
0 0 41 0.941054 -24.6963 -1.02713 -9.8373
0 0 42 -2.22335 0.418431 0.287091 -11.8107
0 0 43 5.28026 2.65391 -0.63414 -10.8894
0 0 44 -11.6787 1.07679 0.0238823 17.9084
0 0 45 -3.39815 -11.8097 -3.9206 11.4647
0 0 46 -2.22335 -15.0979 -5.49802 7.65132
0 0 47 13.9587 -0.63237 2.91735 -1.28931
0 0 48 17.5021 5.15162 -1.94836 -2.60576
0 0 49 15.1335 9.22829 -1.81675 7.387
0 0 50 6.32243 11.5958 -5.10321 -5.75962
0 0 51 -1.02959 17.6439 -12.994 -6.02394
0 0 52 2.38114 20.932 -10.4953 1.33848
0 0 53 20.5338 14.8821 -11.1534 10.4125
0 0 54 7.11827 5.94202 -13.6502 13.4355
0 0 55 21.8413 8.83401 -5.23481 -3.78878
0 0 56 -6.032 16.5912 -6.94567 -1.28931
0 0 57 12.1207 16.329 5.1528 6.07311
0 0 58 0.543135 10.2809 -2.21157 10.5434
0 0 59 11.7228 3.04819 3.96836 3.44276
0 0 60 -0.252702 1.47107 -4.0522 3.31188
0 0 61 0.145217 10.9375 1.33993 5.54704
0 0 62 -4.06135 5.5459 -18.2527 0.288904
0 0 63 0.675775 -2.86785 -14.4398 -6.41913
0 0 64 0.145217 -1.68501 -28.6403 -12.3342
0 0 65 2.38114 4.4951 -20.2249 -16.938
0 0 66 -7.20681 12.1221 -12.994 -6.55001
0 0 67 -18.2538 0.156189 -11.4147 -4.18397
0 0 68 -8.5332 5.02142 -4.1838 -2.99839
0 0 69 -3.92871 -1.55297 -7.07545 -2.34145
0 0 70 5.14762 7.65117 9.49209 6.07311
0 0 71 6.18979 5.94202 0.813509 9.49128
0 0 72 2.77906 2.91615 -3.78899 10.8077
0 0 73 -1.56015 10.6752 -7.07545 8.43914
0 0 74 -9.31009 4.75734 3.70515 -3.39359
0 0 75 -12.3419 5.94202 13.5682 3.31188
0 0 76 0.808414 -8.39143 1.60131 -11.1512
0 0 77 4.7497 -5.89371 0.418696 -3.6579
0 0 78 3.30962 -0.238091 -16.2804 -28.7707
0 0 79 -10.3712 1.60127 14.2244 -20.6205
0 0 80 -19.0496 5.02142 -0.895521 -13.1246
0 0 81 -22.7256 6.3363 10.4115 6.59918
0 0 82 -13.7819 -14.5715 0.287091 10.8077
0 0 83 -2.8676 8.17749 15.4088 11.7264
0 0 84 2.51378 -5.62964 10.8063 -1.42275
0 0 85 2.77906 9.75461 15.2772 20.6696
0 0 86 5.92451 -0.107887 5.54761 -13.1246
0 0 87 2.51378 2.91615 13.6998 12.1216
0 0 88 9.08891 11.5958 18.5637 -7.8639
0 0 89 3.30962 -8.52347 16.1966 5.67791
0 0 90 10.2637 -5.76168 18.0391 6.73005
0 0 91 2.77906 -5.3674 10.0167 1.2076
0 0 92 17.7673 -4.97312 19.7481 3.57363
0 0 93 8.69099 20.0114 8.30765 12.9095
0 0 94 20.4012 -1.42276 10.6747 5.54704
0 0 95 11.988 11.3317 -6.28765 17.5132
0 0 96 17.5021 5.94202 -8.39149 -3.91966
0 0 97 16.4599 10.0169 -9.31089 4.23315
0 0 98 12.6323 3.18022 6.99343 7.91307
0 0 99 14.0913 -0.370129 -3.9206 -3.13183
0 0 100 9.75211 -2.47357 -6.81406 -6.55001
0 0 101 21.576 18.3022 -5.89283 -12.0725
0 0 102 16.1946 3.31226 10.5431 -14.7028
0 0 103 18.0326 10.9375 19.2217 5.28529
0 0 104 16.9715 4.75734 8.04444 -10.7586
0 0 105 8.95627 -19.1727 1.33993 13.0429
0 0 106 12.4996 -3.92048 -4.44701 8.96521
0 0 107 4.88234 -14.8338 8.83407 1.47192
0 0 108 20.0033 1.20699 -3.52578 11.5956
0 0 109 11.4575 -3.92048 6.59862 -16.8071
0 0 110 18.2979 -9.31203 -9.04951 -4.05053
0 0 111 6.72035 10.4111 4.75799 -10.2325
0 0 112 13.5608 -7.3388 -2.86776 -7.99734
0 0 113 5.92451 7.25689 8.43925 8.43914
0 0 114 5.14762 4.36306 -3.26257 -7.8639
0 0 115 -11.4323 -6.81248 -2.47477 5.94223
0 0 116 -7.09311 2.12759 -4.9716 2.91669
0 0 117 -6.6952 -17.4635 -0.63414 -2.60576
0 0 118 0.277856 -5.23536 -0.370931 6.4683
0 0 119 -5.10352 -6.02392 9.88508 -13.1246
0 0 120 3.04434 -0.63237 1.86452 -7.47127
0 0 121 6.85299 11.726 7.12504 7.25612
0 0 122 8.69099 1.20699 -2.21157 -9.04691
0 0 123 1.98322 2.91615 3.70515 3.83795
0 0 124 2.51378 7.25689 4.62638 -20.2253
0 0 125 -9.57537 14.2256 -0.239327 1.2076
0 0 126 -1.82543 -1.55297 -7.33865 5.81136
0 0 127 -12.6071 -2.07929 -7.86507 7.25612
0 0 128 1.85058 -9.83835 -7.60186 7.25612
0 0 129 -8.93112 6.73058 -1.94836 11.7264
0 0 130 -2.35599 -13.783 -7.07545 8.70346
0 0 131 -11.9439 -7.20859 -4.71022 -8.52341
0 0 132 7.91411 -12.072 -5.62963 -11.0203
0 0 133 3.44226 2.39166 7.38825 -22.3295
0 0 134 6.85299 12.2523 7.65146 -0.237166
0 0 135 -10.7691 7.91342 5.54761 1.2076
0 0 136 -3.26552 -0.63237 1.73291 -0.10629
0 0 137 -13.403 -3.92048 -8.6547 -0.237166
0 0 138 4.7497 -14.4395 -9.96892 4.75922
0 0 139 -2.22335 -3.92048 -10.3637 21.8526
0 0 140 2.77906 -16.807 -14.8346 12.7786
0 0 141 6.98563 -1.94725 -4.84183 0.288904
0 0 142 -8.13528 7.91342 -12.4676 -0.763236
0 0 143 -6.96047 9.22829 -5.10321 1.2076
0 0 144 0.410496 1.73331 -11.8096 1.47192
0 0 145 -7.47208 5.15162 -1.15873 -10.6251
0 0 146 10.0174 2.52187 -9.83731 -16.5428
0 0 147 0.410496 3.44247 -17.3333 6.99437
0 0 148 9.48683 -0.896446 -4.57862 -4.18397
0 0 149 1.98322 -24.4322 1.73291 -1.6845
0 0 150 3.82123 1.73331 8.70246 -26.9307
0 0 151 3.95387 -6.55024 9.88508 -13.5198
0 0 152 -5.50144 10.2809 1.73291 6.20398
0 0 153 4.35179 -10.1006 0.155487 10.9386
0 0 154 -8.93112 -4.18272 -3.78899 1.99799
0 0 155 2.11586 6.3363 -1.81675 6.86093
0 0 156 -7.33944 -10.6269 2.12773 8.70346
0 0 157 15.5314 -3.39416 -4.71022 14.752
0 0 158 10.6616 -25.0906 -5.23481 -16.938
0 0 159 12.4996 1.73331 -11.8096 -7.99734
0 0 160 9.48683 5.4157 -4.31541 -7.73302
0 0 161 15.1335 -9.70631 -4.1838 1.73367
0 0 162 3.95387 -0.107887 2.78575 8.57258
0 0 163 -0.764312 -15.2281 8.04444 -8.25909
0 0 164 -4.19399 -4.57884 1.86452 10.0173
0 0 165 -11.0344 -20.3574 5.0212 1.86455
0 0 166 -5.10352 -21.8024 4.75799 6.33743
0 0 167 -8.00264 -12.8624 4.36317 4.4949
0 0 168 -4.85719 2.12759 6.20381 -5.75962
0 0 169 2.64642 -1.68501 4.49478 23.2974
0 0 170 -11.4323 -0.502166 14.2244 -4.71004
0 0 171 6.45507 -15.0979 -5.76123 13.8307
0 0 172 0.675775 -8.25939 -13.6502 -3.91966
0 0 173 10.3964 -9.04795 -24.301 17.3823
0 0 174 -3.26552 -8.52347 -21.4094 13.1738
0 0 175 -2.35599 -9.04795 -17.8579 15.1472
0 0 176 -17.2116 -4.57884 -12.4676 10.8077
0 0 177 -0.517981 3.96878 -16.2804 5.15184
0 0 178 -7.47208 9.62257 -7.60186 4.4949
0 0 179 5.81082 8.57177 -12.2044 -5.10267
0 0 180 -11.6787 9.36033 -19.8301 -0.896678
0 0 181 -2.8676 0.0241513 -16.8069 -1.02755
0 0 182 -5.23616 6.59854 -2.34317 -7.73302
0 0 183 -8.40056 -3.65824 3.44377 -5.89306
0 0 184 0.410496 -1.29073 -0.895521 -9.96818
0 0 185 -4.72455 -10.6269 -12.994 -7.47127
0 0 186 11.7228 -8.65367 -6.41925 9.88647
0 0 187 0.808414 -2.6056 -9.5741 -1.81538
0 0 188 16.1946 -12.4681 -11.1534 6.73005
0 0 189 -6.82783 -5.10332 -5.36642 -5.62874
0 0 190 4.35179 -2.34336 -1.02713 -1.81538
0 0 191 -7.87 -4.05252 13.5682 0.812408
0 0 192 10.3964 -1.94725 9.22888 -8.65429
0 0 193 -6.56256 -0.896446 0.155487 -3.78878
0 0 194 16.062 7.12486 -15.0978 -2.60576
0 0 195 -0.517981 10.5432 3.96836 -2.34145
0 0 196 18.5632 10.6752 -14.8346 -0.763236
0 0 197 -0.252702 5.15162 12.7785 -8.65429
0 0 198 7.38355 5.80998 -4.57862 -4.9718
0 0 199 -13.9146 -11.8097 14.0928 -4.18397
0 0 200 -16.9463 -21.5402 0.681904 1.07673
0 0 201 -8.13528 -16.0185 6.20381 -12.4677
0 0 202 -9.06376 -15.2281 4.88959 -1.94882
0 0 203 5.14762 8.3077 7.25664 -4.44573
0 0 204 7.25091 -23.5134 8.83407 7.12525
0 0 205 5.92451 -8.52347 6.0722 -13.2555
0 0 206 2.2485 -16.5429 2.65414 -16.5428
0 0 207 -10.7691 0.286393 9.6237 -6.28569
0 0 208 -17.4769 -9.17999 4.88959 -11.1512
0 0 209 -1.95807 -16.1487 7.65146 -13.3863
0 0 210 -3.39815 5.67794 3.83676 -9.57298
0 0 211 6.98563 10.2809 6.46702 -16.281
0 0 212 -6.82783 1.07679 -3.65739 0.0245858
0 0 213 -8.40056 7.25689 9.22888 -17.7258
0 0 214 -4.06135 -7.73308 15.014 -4.9718
0 0 215 5.81082 25.5331 14.4876 -6.55001
0 0 216 7.64883 5.02142 13.4366 10.2817
0 0 217 -0.517981 1.47107 12.2521 2.39062
0 0 218 -0.385342 -9.44223 7.65146 -3.13183
0 0 219 -10.3712 -2.47357 6.99343 -0.237166
0 0 220 -1.42751 11.5958 -0.107722 18.1702
0 0 221 -4.59191 -0.238091 -0.502536 7.65132
0 0 222 -9.57537 -11.2834 10.8063 10.0173
0 0 223 -16.2831 -6.4182 13.6998 -20.7513
0 0 224 -1.82543 -12.4681 11.2011 -8.38997
0 0 225 -2.09071 -12.3361 5.80899 -3.13183
0 0 226 9.48683 -12.072 14.356 -3.6579
0 0 227 3.04434 -17.0693 3.18056 10.1482
0 0 228 14.0913 8.04545 12.6469 6.20398
0 0 229 5.01498 -8.78571 6.86183 -1.28931
0 0 230 -12.3419 6.86078 12.6469 9.09865
0 0 231 -21.1529 0.286393 20.0113 -2.99839
0 0 232 -16.6811 4.4951 4.23157 15.6732
0 0 233 -16.8137 -4.57884 22.3784 1.33848
0 0 234 -2.22335 -5.89371 4.75799 3.05013
0 0 235 -17.9885 -7.47083 11.4643 6.59918
0 0 236 -1.42751 -8.25939 5.0212 9.62216
0 0 237 -23.3888 -13.3887 11.4643 20.5362
0 0 238 2.77906 -7.86511 19.3533 0.550656
0 0 239 -9.57537 -7.73308 1.60131 -0.501484
0 0 240 9.48683 7.65117 -7.20705 0.0245858
0 0 241 -1.29487 -8.52347 -6.02444 -1.55362
0 0 242 1.20633 -11.8097 -4.9716 9.22953
0 0 243 2.11586 -2.21132 9.6237 5.81136
0 0 244 6.98563 1.47107 -0.763917 19.7484
0 0 245 -1.02959 2.91615 7.38825 17.118
0 0 246 -1.02959 -5.23536 -4.84183 1.6028
0 0 247 1.98322 0.812711 0.681904 -2.07969
0 0 248 -3.13288 15.6706 -15.361 -11.4155
0 0 249 -2.22335 12.9107 -3.78899 12.6477
0 0 250 -9.31009 7.3871 -5.36642 4.75922
0 0 251 -15.6389 -8.91775 9.09728 5.15184
0 0 252 -9.84065 7.3871 -4.0522 1.47192
0 0 253 -9.97329 1.99738 12.9102 -1.28931
0 0 254 7.11827 -12.072 10.4115 11.8599
0 0 255 -7.87 2.78594 21.5887 4.4949
0 0 256 -4.06135 -9.70631 13.4366 6.59918
0 0 257 -9.57537 15.4084 8.96567 -1.42275
0 0 258 -5.76672 -5.3674 1.60131 -3.13183
0 0 259 11.5901 -4.97312 0.5503 1.86455
0 0 260 3.44226 -13.5189 7.78123 -12.2033
0 0 261 9.35419 1.86535 2.52254 -2.60576
0 0 262 -2.48863 -0.370129 13.305 -10.4942
0 0 263 -1.56015 2.25963 15.014 6.33743
0 0 264 -7.20681 13.437 18.9585 -4.44573
0 0 265 -1.29487 8.04545 15.1456 -5.36699
0 0 266 5.67818 1.73331 19.6165 1.07673
0 0 267 2.9117 1.07679 20.0113 3.18101
0 0 268 -5.10352 3.83675 14.2244 3.83795
0 0 269 -0.764312 6.20426 8.57086 -0.370608
0 0 270 -8.13528 -4.18272 -5.23481 -1.42275
0 0 271 -4.45927 -6.4182 -4.31541 2.25974
0 0 272 -12.6071 -2.99988 -4.0522 7.91307
0 0 273 -8.40056 -1.15869 -2.73798 -7.33783
0 0 274 6.72035 2.78594 -14.5714 -1.15843
0 0 275 9.22155 -5.76168 -4.9716 -12.5985
0 0 276 12.4996 -3.65824 -8.12828 5.15184
0 0 277 20.4012 6.3363 7.65146 1.2076
0 0 278 13.826 -2.21132 2.52254 6.20398
0 0 279 12.8976 -1.81704 6.33541 1.2076
0 0 280 10.0174 -5.62964 11.4643 2.25974
0 0 281 16.4599 3.44247 15.8036 -3.13183
0 0 282 15.7967 11.5958 13.8314 9.09865
0 0 283 11.7228 -3.26396 16.723 5.15184
0 0 284 -0.385342 -2.73764 -5.49802 5.67791
0 0 285 -6.56256 -13.5189 -0.763917 -3.91966
0 0 286 -7.87 -12.204 -16.6753 -0.763236
0 0 287 -2.8676 -8.52347 5.41601 6.73005
0 0 288 3.17698 -17.7276 -11.2831 14.752
0 0 289 9.22155 -13.2567 -0.107722 -9.8373
0 0 290 0.277856 -13.2567 -4.31541 -3.26271
0 0 291 2.38114 5.80998 12.2521 -8.78516
0 0 292 -12.6071 -3.65824 -1.15873 14.2259
0 0 293 -1.82543 -6.15596 0.418696 -5.49787
0 0 294 -8.79848 6.4665 -4.9716 5.54704
0 0 295 -3.79607 -7.73308 0.418696 -0.10629
0 0 296 -14.9757 22.6411 3.04896 26.1921
0 0 297 -11.6787 -6.02392 2.52254 0.812408
0 0 298 -8.93112 19.8794 6.86183 13.0429
0 0 299 0.543135 7.65117 0.155487 -15.0954
0 0 300 -3.26552 13.1729 8.57086 10.8077
0 0 301 -10.2386 0.812711 11.8591 -3.78878
0 0 302 -21.5508 -8.52347 7.12504 0.288904
0 0 303 -6.42992 -7.20859 4.49478 -8.25909
0 0 304 -17.8748 1.73331 -16.4121 -18.9088
0 0 305 -1.82543 -0.764408 -8.6547 10.2817
0 0 306 -12.4745 -1.81704 -9.31089 -2.73664
0 0 307 8.29308 -3.78844 -8.39149 9.49128
0 0 308 -2.09071 6.07222 -17.4649 -8.25909
0 0 309 0.277856 14.0935 -12.336 0.288904
0 0 310 -15.6389 -1.29073 -4.1838 -0.63236
0 0 311 -5.3688 7.91342 11.4643 1.99799
0 0 312 -13.7819 -9.17999 5.54761 -2.99839
0 0 313 7.25091 11.5958 0.0238823 12.3859
0 0 314 2.64642 3.70654 4.09996 10.5434
0 0 315 14.3566 -6.02392 -1.29033 8.96521
0 0 316 -1.29487 -5.76168 11.9889 -8.91604
0 0 317 20.4012 -6.02392 -0.239327 -8.91604
0 0 318 -8.26792 16.7233 6.20381 1.6028
0 0 319 11.3248 -2.86785 -10.1005 2.25974
0 0 320 -9.1964 0.286393 -11.4147 9.62216
0 0 321 8.42572 -4.31476 -3.78899 -1.42275
0 0 322 -2.48863 5.94202 -5.49802 8.96521
0 0 323 -4.32663 9.49237 -6.28765 10.8077
0 0 324 -4.85719 -5.62964 -3.9206 18.958
0 0 325 4.35179 -6.81248 0.0238823 6.4683
0 0 326 2.9117 10.6752 13.1734 4.36402
0 0 327 20.4012 18.0382 11.7275 2.52406
0 0 328 13.5608 19.7473 12.1205 18.6962
0 0 329 33.8167 17.1176 5.0212 -4.18397
0 0 330 27.3742 10.2809 8.57086 5.41616
0 0 331 43.8026 6.4665 2.52254 -4.84092
0 0 332 69.8378 -0.764408 18.6953 -2.60576
0 0 333 129.526 -14.0452 12.1205 0.0245858
0 0 334 156.224 -2.6056 21.8519 -8.65429
0 0 335 179.493 -11.1532 7.25664 -12.2033
0 0 336 179.626 -7.47083 17.2494 -11.6773
0 0 337 183.699 -18.2521 -3.78899 -11.6773
0 0 338 226.447 -7.20859 -2.47477 -4.84092
0 0 339 244.979 -18.3841 -11.2831 -6.55001
0 0 340 299.02 -19.3047 -8.5231 -4.71004
0 0 341 393.043 -41.1313 0.813509 18.958
0 0 342 603.295 -40.2126 0.0238823 39.9982
0 0 343 902.303 -63.0918 6.73023 97.5913
0 0 344 1149.37 -49.6789 -12.994 134.935
0 0 345 1217.34 -54.9385 -35.4782 110.871
0 0 346 1136.75 -14.0452 -64.6688 44.4685
0 0 347 1015.9 -30.4821 -92.0188 -30.218
0 0 348 921.498 -46.1286 -97.4091 -30.4798
0 0 349 778.702 -93.0699 -81.1048 -8.38997
0 0 350 603.693 -68.2193 -55.2025 11.7264
0 0 351 390.011 -66.3781 -51.1264 4.62577
0 0 352 238.138 -37.5828 -38.3717 -6.55001
0 0 353 150.71 -35.3473 -28.2455 -3.52446
0 0 354 119.805 6.86078 -15.0978 -0.370608
0 0 355 98.109 -1.55297 -6.15604 15.0137
0 0 356 72.6043 9.62257 -6.55086 18.1702
0 0 357 66.6734 7.25689 -7.20705 15.0137
0 0 358 61.4247 18.0382 -7.60186 4.89009
0 0 359 57.3508 17.1176 7.12504 9.88647
0 0 360 50.7756 18.0382 -3.9206 -0.237166
0 0 361 27.3742 -6.4182 7.12504 -2.99839
0 0 362 29.2122 9.62257 -2.21157 -17.464
0 0 363 5.01498 -5.76168 6.59862 5.28529
0 0 364 20.9317 16.0668 -7.73347 -4.18397
0 0 365 2.2485 -17.3333 -11.8096 10.0173
0 0 366 17.5021 -3.39416 -15.8856 -12.0725
0 0 367 -0.252702 -5.3674 4.23157 -6.41913
0 0 368 13.826 11.4638 -3.65739 7.387
0 0 369 -1.29487 3.70654 -0.763917 7.12525
0 0 370 8.04675 -10.2326 -11.1534 0.155462
0 0 371 2.64642 -4.18272 -8.12828 -7.99734
0 0 372 -2.22335 -3.5262 -16.0172 2.52406
0 0 373 0.675775 -8.25939 -18.5159 17.118
0 0 374 -11.9439 -14.9658 -11.9412 19.8792
0 0 375 -4.19399 -7.20859 -8.6547 -4.71004
0 0 376 -4.19399 1.73331 5.2844 5.15184
0 0 377 3.17698 1.33903 -4.57862 15.6732
0 0 378 10.9269 -17.3333 -2.34317 15.6732
0 0 379 4.61706 -26.6677 -13.387 7.78219
0 0 380 7.91411 -6.4182 1.99612 -9.70643
0 0 381 -6.29728 -10.3628 -1.94836 9.49128
0 0 382 2.9117 2.25963 3.57355 15.935
0 0 383 2.77906 -22.8551 2.78575 -7.07608
0 0 384 9.35419 -9.70631 -2.47477 2.39062
0 0 385 3.95387 2.12759 1.73291 -2.07969
0 0 386 7.91411 0.0241513 -6.81406 18.1702
0 0 387 -8.66584 2.65391 0.945113 15.1472
0 0 388 -4.59191 -2.07929 0.681904 10.8077
0 0 389 -6.56256 20.4057 8.17605 25.0065
0 0 390 -4.45927 18.3022 12.6469 16.9871
0 0 391 6.05715 15.9347 21.1939 17.9084
0 0 392 3.70754 6.07222 2.91735 -6.15481
0 0 393 4.48443 5.5459 -1.15873 -12.3342
0 0 394 -1.42751 -10.1006 -3.52578 0.94585
0 0 395 -3.92871 2.78594 15.4088 6.86093
0 0 396 -4.85719 -1.15869 8.83407 5.28529
0 0 397 -6.29728 5.94202 16.5914 -0.237166
0 0 398 -8.66584 12.5164 -9.04951 -3.52446
0 0 399 -2.8676 -2.86785 5.80899 0.94585
0 0 400 -11.4323 6.99282 -5.36642 -2.99839
0 0 401 -3.13288 6.86078 6.59862 -7.20695
0 0 402 1.5853 1.47107 -4.57862 -3.13183
0 0 403 22.6371 -2.99988 12.5153 12.2525
0 0 404 21.8413 -21.0139 4.88959 11.7264
0 0 405 32.3577 -13.2567 8.96567 5.81136
0 0 406 13.6934 -2.86785 6.0722 -0.63236
0 0 407 5.28026 0.812711 -6.68246 -5.62874
0 0 408 -13.5356 -2.47357 12.1205 -7.60215
0 0 409 -12.2092 -7.99715 -3.78899 2.25974
0 0 410 1.07369 -15.6223 10.5431 6.86093
0 0 411 1.5853 -5.62964 0.287091 30.5315
0 0 412 4.21915 -9.17999 12.1205 17.9084
0 0 413 9.75211 17.1176 2.91735 31.3193
0 0 414 -3.13288 7.25689 3.18056 8.96521
0 0 415 -0.896951 13.5672 -4.57862 16.4611
0 0 416 -24.431 6.59854 2.25933 0.288904
0 0 417 -0.896951 -3.78844 9.09728 -0.10629
0 0 418 -9.57537 7.3871 9.36049 22.5096
0 0 419 4.21915 13.6992 8.96567 4.62577
0 0 420 0.012577 5.94202 4.88959 19.3532
0 0 421 -4.45927 23.2977 -9.17929 -10.6251
0 0 422 4.35179 5.5459 5.67739 -17.0688
0 0 423 -14.1799 16.7233 0.0238823 -13.9124
0 0 424 1.5853 10.0169 6.59862 -12.5985
0 0 425 -1.42751 -9.57427 -3.78899 6.73005
0 0 426 10.9269 8.17749 -6.02444 -17.8592
0 0 427 10.2637 -6.55024 -2.34317 -20.0944
0 0 428 7.64883 18.6965 3.96836 -33.241
0 0 429 8.04675 2.91615 8.30765 -19.8301
0 0 430 -9.31009 0.550469 7.25664 -16.1476
0 0 431 -13.403 -6.02392 -2.99936 -11.8107
0 0 432 -19.7128 -2.99988 -3.26257 -9.8373
0 0 433 -13.005 3.96878 -8.12828 13.1738
0 0 434 -5.89936 4.4951 1.60131 -4.05053
0 0 435 4.08651 3.44247 0.0238823 5.02097
0 0 436 3.04434 17.9061 -5.49802 -4.05053
0 0 437 8.29308 3.70654 -10.7585 -1.55362
0 0 438 8.55835 19.8794 -22.592 0.812408
0 0 439 8.04675 -3.92048 -16.9385 -15.4906
0 0 440 14.6029 8.96605 -9.83731 -0.10629
0 0 441 -10.6365 1.60127 -1.68515 -0.370608
0 0 442 -12.2092 -3.5262 11.4643 17.3823
0 0 443 -19.4475 0.812711 0.945113 -2.73664
0 0 444 -13.005 10.0169 -0.502536 1.07673
0 0 445 3.70754 11.0695 -14.9662 -0.63236
0 0 446 -15.6389 9.22829 -9.17929 13.1738
0 0 447 -3.66343 -8.91775 -8.6547 -0.501484
0 0 448 -22.214 1.07679 10.2799 -1.28931
0 0 449 1.47161 12.9107 10.9379 -18.7779
0 0 450 -2.22335 -14.9658 18.6953 1.47192
0 0 451 1.98322 6.73058 -4.57862 -1.15843
0 0 452 -17.4769 -10.8891 5.67739 1.6028
0 0 453 -11.2997 8.57177 -11.9412 -10.0991
0 0 454 -8.5332 4.23103 -14.703 -3.78878
0 0 455 -10.3712 -4.84108 -19.5687 -3.78878
0 0 456 0.145217 8.43973 -10.8901 4.0997
0 0 457 -4.45927 -9.44223 0.813509 -0.370608
0 0 458 1.47161 1.33903 -2.86776 21.0623
0 0 459 11.1922 3.04819 -15.2294 9.88647
0 0 460 5.28026 -9.04795 -13.6502 9.62216
0 0 461 14.3566 1.99738 -17.7263 2.12887
0 0 462 -1.82543 1.60127 -7.07545 -2.07969
0 0 463 9.75211 0.156189 -4.1838 15.0137
0 0 464 -13.1377 -6.15596 8.17605 6.86093
0 0 465 0.808414 -19.1727 -0.107722 4.62577
0 0 466 3.5749 1.33903 12.6469 5.28529
0 0 467 13.0302 0.812711 -3.52578 1.2076
0 0 468 13.5608 9.62257 3.04896 14.2259
0 0 469 15.2661 1.47107 6.20381 -8.12822
0 0 470 13.826 0.550469 6.0722 -2.86752
0 0 471 13.5608 6.20426 5.9406 0.812408
0 0 472 -3.66343 10.5432 -1.81675 7.78219
0 0 473 -9.84065 6.4665 5.41601 7.52044
0 0 474 -5.89936 9.49237 -2.86776 2.65494
0 0 475 5.54554 4.4951 -5.10321 10.6743
0 0 476 6.85299 -2.07929 -14.5714 15.4089
0 0 477 -1.69279 -1.94725 -9.83731 -16.4119
0 0 478 -4.85719 -15.0979 -23.25 -4.18397
0 0 479 5.67818 8.04545 -7.60186 -22.1961
0 0 480 10.2637 -9.57427 -6.94567 14.8829
0 0 481 18.0326 -6.55024 8.96567 -2.07969
0 0 482 13.5608 -15.4921 14.6192 -2.07969
0 0 483 14.224 -0.63237 8.83407 -25.7477
0 0 484 1.98322 -3.26396 17.1178 -12.4677
0 0 485 -6.29728 2.78594 -4.44701 -13.5198
0 0 486 -13.6493 0.682507 7.51985 -2.07969
0 0 487 -21.6835 1.07679 6.33541 2.52406
0 0 488 -5.3688 8.43973 6.0722 7.52044
0 0 489 -11.4323 1.47107 7.12504 20.1436
0 0 490 5.54554 -0.896446 10.2799 1.2076
0 0 491 1.5853 -1.94725 18.1688 6.20398
0 0 492 11.988 -2.73764 3.18056 15.4089
0 0 493 11.3248 6.59854 -3.13097 8.04651
0 0 494 20.9317 -2.47357 -16.2804 22.1144
0 0 495 0.675775 0.812711 -15.4908 0.550656
0 0 496 8.95627 -1.15869 -11.6779 -7.33783
0 0 497 -2.75391 5.4157 1.4697 6.33743
0 0 498 0.808414 5.02142 13.305 -16.1476
0 0 499 -3.26552 4.75734 18.8269 5.15184
0 0 500 0.543135 3.44247 -7.99668 -24.6956
0 0 501 0.808414 1.73331 -10.2321 -1.02755
0 0 502 -1.02959 -3.39416 -27.8525 -15.4906
0 0 503 -6.56256 -5.3674 -4.31541 -14.9646
0 0 504 -3.39815 2.52187 -14.5714 -15.0954
0 0 505 -1.16223 -4.97312 -6.81406 -7.60215
0 0 506 -0.252702 8.70197 -18.3843 -2.86752
0 0 507 0.410496 6.99282 -3.78899 -5.89306
0 0 508 -0.517981 8.83401 0.681904 -2.73664
0 0 509 13.4281 8.57177 1.33993 9.7556
0 0 510 13.9587 1.73331 -0.763917 -1.28931
0 0 511 19.0748 13.9615 7.12504 0.681532
