0 0 0 -0.668158 -0.565649 0.767762 -0.921095
0 0 1 5.109 1.36415 -0.933541 0.437452
0 0 2 4.11845 0.361367 -2.72375 -1.37161
0 0 3 -1.75309 0.354997 -2.30469 -1.26357
0 0 4 -2.66782 1.25016 -0.470033 -0.0258701
0 0 5 0.74185 1.5737 0.551965 2.18343
0 0 6 2.23333 0.107234 3.44053 1.75177
0 0 7 1.12258 -0.121084 2.76123 1.12313
0 0 8 -1.11262 0.0629785 1.93603 -1.04798
0 0 9 -1.84263 0.284926 0.723311 -1.01632
0 0 10 1.49041 0.869298 0.856664 0.20277
0 0 11 2.47451 0.354997 2.48806 -1.15578
0 0 12 0.404674 -1.43533 0.774221 -1.9113
0 0 13 0.258672 0.392882 -1.27623 -0.0957189
0 0 14 1.25568 0.0438682 0.939108 0.621621
0 0 15 0.360309 -1.33375 4.28473 1.21836
0 0 16 -0.376154 -1.32101 2.58988 -1.06708
0 0 17 0.976582 -0.559279 0.748766 0.513826
0 0 18 0.868492 0.316776 1.28218 1.3073
0 0 19 -1.39817 1.02788 2.20236 0.107543
0 0 20 -0.972261 1.14858 -0.349597 -1.09245
0 0 21 0.74185 1.09762 -1.07943 1.25654
0 0 22 1.05241 0.945403 -1.84156 1.63745
0 0 23 -0.0897964 0.723121 -1.56194 1.12313
0 0 24 -1.39817 0.850187 -0.108345 -0.29874
0 0 25 0.932217 1.89119 -1.00991 -1.19396
0 0 26 2.51242 -0.368846 -0.317683 -0.717832
0 0 27 0.589395 -2.22254 0.755224 1.23745
0 0 28 -1.18199 -1.3019 0.564502 1.58669
0 0 29 -0.59798 0.983289 -0.171792 1.00881
0 0 30 1.37022 1.77687 -0.533481 1.58017
0 0 31 2.10668 1.41511 0.412152 -0.305265
0 0 32 1.3315 3.02775 1.23127 -0.686171
0 0 33 1.62351 2.88795 1.30118 -0.717832
0 0 34 0.786215 0.494468 3.27527 0.323374
0 0 35 0.678125 -0.400697 5.57343 0.297996
0 0 36 0.519217 -0.952883 4.84967 -0.540189
0 0 37 0.182848 -0.648125 3.25019 -1.65704
0 0 38 -1.86763 -0.457692 1.89766 0.678902
0 0 39 -0.88353 0.22793 0.551965 1.26283
0 0 40 0.151389 0.2343 2.39308 0.729657
0 0 41 0.0812113 1.52307 4.92604 0.646998
0 0 42 -1.75309 1.33264 3.35809 0.723131
0 0 43 -2.26127 2.25932 0.945567 0.374129
0 0 44 0.100571 1.78324 -0.705207 -0.660793
0 0 45 0.671672 1.02788 -1.57485 0.107543
0 0 46 -0.0397847 0.183675 -0.0638935 1.16132
0 0 47 -0.394706 -1.13695 1.43453 2.35479
0 0 48 1.42669 0.22793 1.67578 0.951771
0 0 49 3.64253 -1.22579 2.01847 -0.203513
0 0 50 3.59816 -3.46035 2.27872 -0.393966
0 0 51 1.61141 -0.686345 1.66932 -1.01632
0 0 52 -1.37881 0.107234 1.99948 -0.825868
0 0 53 -2.51536 -0.400697 0.450525 0.786696
0 0 54 -2.43873 -1.38471 -0.470033 1.98017
0 0 55 -2.03299 -2.73684 0.704314 1.13594
0 0 56 -0.325335 -2.7811 0.177359 -0.673361
0 0 57 1.47186 -3.14319 -1.1178 0.20277
0 0 58 1.39523 -2.81932 -2.07635 1.39624
0 0 59 0.253026 -0.72423 -1.47949 1.12313
0 0 60 -1.20135 0.0438682 -0.83818 -0.381398
0 0 61 -1.66436 -0.305481 -0.527402 -0.362304
0 0 62 -1.88699 -0.521058 0.710773 0.139205
0 0 63 -2.02654 0.19608 -0.146337 0.107543
0 0 64 -2.31209 1.44059 0.786758 -1.14321
0 0 65 -2.23627 -0.381587 -0.83818 -1.16859
0 0 66 -1.28362 -0.387957 -1.32714 -0.921095
0 0 67 0.582942 0.6849 0.202814 -0.2417
0 0 68 0.557129 0.589684 -0.819184 0.215338
0 0 69 0.83058 1.28805 -1.5494 1.447
0 0 70 4.10635 2.75451 -1.5494 0.285186
0 0 71 4.34753 1.38326 -0.813105 -2.42538
0 0 72 1.96068 -0.292741 -0.749278 -2.31106
0 0 73 0.341756 -0.165674 -2.79365 -0.52738
0 0 74 -0.471337 1.98004 -3.79665 2.60881
0 0 75 0.0432992 1.81509 -0.851098 2.37388
0 0 76 -0.122062 1.20557 -0.076431 0.767602
0 0 77 -0.725429 2.75451 -2.4445 0.348751
0 0 78 1.05886 1.76413 -2.26024 2.13267
0 0 79 1.54123 1.21194 -1.66984 2.29775
0 0 80 -0.820612 -0.375217 0.678859 0.621621
0 0 81 -2.13463 -1.55603 1.37716 0.475639
0 0 82 -1.53772 0.748601 0.298175 1.19298
0 0 83 -0.0897964 2.81821 1.00901 1.28821
0 0 84 -0.166427 2.18958 2.86913 0.704279
0 0 85 -0.00751912 2.27206 0.183817 0.659808
0 0 86 1.75096 1.37689 0.539427 0.0502626
0 0 87 0.182848 -1.15606 0.355164 0.29147
0 0 88 2.34142 -2.38749 0.482058 -1.26357
0 0 89 3.60462 -0.819446 0.196355 -2.41281
0 0 90 4.73472 1.62466 0.209272 -4.34876
0 0 91 2.84315 2.27206 0.0314676 -3.45378
0 0 92 1.67433 0.729491 1.05992 -1.94925
0 0 93 1.12904 -0.978363 2.72323 -0.41306
0 0 94 1.35732 -1.28312 2.71032 -1.45427
0 0 95 -0.0333316 0.22156 2.18982 -1.25753
0 0 96 -0.99162 0.22156 0.958104 1.51685
0 0 97 -2.02654 0.481728 -0.590849 0.513826
0 0 98 -3.12438 0.126344 -0.00652485 0.0884498
0 0 99 -2.97273 -0.26089 2.32963 1.16132
0 0 100 -1.36025 -0.0386077 2.23427 -0.00677654
0 0 101 -1.82972 0.742231 0.387077 0.132921
0 0 102 -2.26773 -0.27363 -0.762195 -1.0226
0 0 103 -1.24571 -0.781561 -0.463954 -1.52411
0 0 104 -0.0841499 -0.971993 0.933029 -1.8475
0 0 105 0.532123 0.551799 0.463062 -0.603512
0 0 106 -0.553615 -2.14007 1.77076 1.00253
0 0 107 -0.88353 -3.50494 1.05347 0.989958
0 0 108 -1.31508 0.00564769 -0.717744 -1.52411
0 0 109 0.499858 1.19283 -1.39705 -0.895717
0 0 110 2.13814 0.653385 -1.00991 0.228147
0 0 111 3.25534 0.831077 -3.3396 1.38343
0 0 112 4.13135 1.59281 -3.67622 2.17062
0 0 113 0.0747582 0.284926 0.113911 1.4279
0 0 114 -2.58473 -1.33375 1.066 -0.12738
0 0 115 -1.32799 0.22156 0.380618 -0.978134
0 0 116 0.461946 0.2343 0.0504639 0.0565466
0 0 117 0.627307 -0.381587 -1.58739 1.18669
0 0 118 -1.27072 0.361367 -0.197247 1.40881
0 0 119 -2.03299 0.323146 -0.120882 -0.47034
0 0 120 -2.21691 2.27206 0.640867 -0.781397
0 0 121 -1.61999 1.4597 2.72931 0.024885
0 0 122 -0.147068 0.170935 2.30418 0.374129
0 0 123 0.335303 -0.72423 2.43753 1.40881
0 0 124 -0.109156 -0.0831983 1.35171 1.51056
0 0 125 -0.998073 1.0024 0.913653 0.52011
0 0 126 -1.36025 1.04062 1.05992 1.12966
0 0 127 -1.2078 1.91667 1.05992 2.51358
0 0 128 -1.14408 2.76088 0.824751 0.685186
0 0 129 0.424033 1.21831 1.01547 0.818357
0 0 130 2.12524 1.33264 1.27572 -0.247984
0 0 131 2.27124 1.75172 1.07892 -0.832152
0 0 132 2.03651 -0.940143 -0.1338 -0.622606
0 0 133 1.37022 -1.18154 -1.06044 -1.63843
0 0 134 1.21131 -0.756081 1.12337 -1.8475
0 0 135 0.506311 -1.06084 0.355164 -0.717832
0 0 136 0.360309 -3.4161 -1.39705 0.526394
0 0 137 0.424033 -1.14969 -1.70175 1.03443
0 0 138 -0.642345 0.183675 -1.11135 -0.387682
0 0 139 -1.67726 -1.60666 0.285257 -1.40979
0 0 140 -1.04244 -2.39386 1.09792 -2.45704
0 0 141 -0.388253 -1.54329 1.52951 -1.20025
0 0 142 -0.47779 1.61192 -0.654297 -0.654267
0 0 143 -0.617339 1.79598 -1.97454 -1.302
0 0 144 -0.286617 3.04653 -2.26024 -2.06357
0 0 145 -0.159974 3.08475 -2.50795 -2.75577
0 0 146 0.0497523 2.75451 -1.96846 -2.03167
0 0 147 -1.10616 1.77687 -0.489029 -0.793965
0 0 148 -1.0739 0.602424 -1.96846 -0.0512477
0 0 149 0.271578 -0.0258675 -1.4605 0.475639
0 0 150 0.430487 0.786486 1.65033 0.126395
0 0 151 0.589395 0.615165 0.469521 -1.66985
0 0 152 1.07822 -0.178414 -1.5684 -2.17136
0 0 153 0.798315 -0.660865 -1.67629 -0.787681
0 0 154 2.41079 0.291296 0.0630014 -1.86659
0 0 155 2.95688 0.850187 2.09446 -1.53016
0 0 156 3.43925 -0.781561 3.21182 -0.0894349
0 0 157 4.53145 -3.53042 3.33871 -0.978134
0 0 158 4.46772 -2.2098 1.40907 -2.43166
0 0 159 1.85259 -1.06084 0.240806 -2.07614
0 0 160 0.545029 -1.65125 1.30726 -0.0575317
0 0 161 1.75096 -1.75283 1.98656 0.29147
0 0 162 1.79532 -1.34012 2.21528 -0.705264
0 0 163 0.887852 -2.71773 1.99948 -0.489192
0 0 164 0.424033 -2.91454 0.450525 0.386697
0 0 165 1.49041 -3.6129 1.07892 0.881922
0 0 166 2.65197 -3.19381 1.37716 0.888206
0 0 167 2.76652 -1.62577 1.29472 0.558298
0 0 168 0.665219 -1.32101 -0.139878 0.951771
0 0 169 -0.407613 0.247041 -0.762195 2.49449
0 0 170 -0.122062 0.983289 1.16782 2.25328
0 0 171 0.709584 0.475693 2.30418 1.94222
0 0 172 2.06797 0.869298 1.99302 -0.387682
0 0 173 1.56059 0.710381 0.933029 -0.41306
0 0 174 1.7445 0.139084 0.831209 -0.724116
0 0 175 1.95423 -1.42896 -0.0129836 -0.216323
0 0 176 -0.115609 -1.23216 0.570961 0.513826
0 0 177 -0.439072 -0.0386077 1.36462 -0.279888
0 0 178 -0.153521 0.119974 1.30118 -0.0766253
0 0 179 0.32885 -1.30827 1.29472 0.678902
0 0 180 -1.62645 -2.60978 0.634408 1.5676
0 0 181 -2.23627 -2.57793 1.11691 1.28821
0 0 182 -1.49335 0.976919 0.589957 1.21836
0 0 183 -1.27072 2.63415 -0.127341 -0.324359
0 0 184 -1.16908 0.437473 -1.02244 -1.70176
0 0 185 1.42104 -0.336996 1.59296 -1.94925
0 0 186 2.64633 0.507208 1.21227 -1.27638
0 0 187 1.56059 1.95456 -1.79711 -1.28291
0 0 188 0.545029 3.58631 -3.93001 -2.52689
0 0 189 0.811221 3.58631 -3.1808 -2.80629
0 0 190 1.21131 1.10399 -1.0479 -2.31106
0 0 191 -0.960161 -1.06084 -0.501947 -1.5113
0 0 192 -1.37235 -0.775191 -0.946079 -1.10502
0 0 193 -1.77245 0.69127 -0.927083 -0.552757
0 0 194 0.817674 2.55771 -1.27015 -0.724116
0 0 195 0.125577 1.68802 -0.197247 -0.654267
0 0 196 -0.743982 0.392882 -0.203326 -0.0258701
0 0 197 -2.11527 -0.184784 -1.84764 0.456546
0 0 198 -1.73454 -1.78435 -1.1178 0.488449
0 0 199 -0.648798 -2.12096 -0.977992 0.996242
0 0 200 1.03385 -0.495913 -2.5334 1.05981
0 0 201 -0.0397847 0.380477 -2.59039 0.424884
0 0 202 -0.680257 0.983289 -3.47296 -0.267078
0 0 203 -1.02953 0.989659 -1.68921 -1.68919
0 0 204 -1.28362 0.964514 -0.501947 -0.146474
0 0 205 0.144936 0.0438682 1.50406 0.501017
0 0 206 0.43694 -1.5624 3.49144 -0.610038
0 0 207 -1.3538 -1.18154 4.10084 -0.521096
0 0 208 -2.51536 0.0757187 2.44361 -0.000492564
0 0 209 -2.08381 0.710381 0.4756 -0.546473
0 0 210 -2.47745 0.113604 0.431148 0.132921
0 0 211 -1.39171 -1.30827 -1.16833 0.431168
0 0 212 -1.02308 -1.83531 -2.27316 -0.425869
0 0 213 -2.80091 -1.76557 -1.39059 -0.62889
0 0 214 -2.74364 -0.800336 -0.590849 -0.533663
0 0 215 -1.57563 -1.22579 -1.67629 0.024885
0 0 216 -0.712523 -0.464063 -0.571853 -2.05729
0 0 217 -1.69017 2.45612 -0.596928 -2.52061
0 0 218 -0.70607 3.41499 -0.241698 -0.622606
0 0 219 -0.255158 1.87208 1.63133 -0.730642
0 0 220 -1.28362 1.52307 1.68186 -0.730642
0 0 221 -1.91845 0.850187 0.551965 -1.23844
0 0 222 -0.725429 0.411992 -1.88601 -0.514812
0 0 223 -0.122062 -1.13695 -0.476492 1.62464
0 0 224 1.84614 -1.43533 -0.0448973 1.78971
0 0 225 5.97856 0.20882 -0.298687 1.12966
0 0 226 12.4736 3.3258 0.209272 2.4882
0 0 227 19.0373 3.61816 1.94857 3.85932
0 0 228 22.897 0.19608 5.47845 4.76711
0 0 229 27.3602 -0.178414 8.42401 6.88118
0 0 230 32.617 1.09124 9.10977 10.1189
0 0 231 36.0324 0.2343 8.64626 11.4902
0 0 232 29.9188 -3.02886 7.14784 10.2458
0 0 233 30.915 -4.90167 3.08492 9.25556
0 0 234 32.5598 -5.98056 2.25973 9.89024
0 0 235 33.7786 -7.42188 1.48506 10.4108
0 0 236 35.2193 -10.5067 -1.65084 10.1571
0 0 237 35.4863 -11.3891 -6.64077 9.02692
0 0 238 34.6038 -10.7481 -9.30708 7.16686
0 0 239 33.093 -7.66293 -10.2276 6.65907
0 0 240 33.2325 -3.26992 -12.2146 6.2146
0 0 241 32.8582 -0.0704581 -14.7541 5.33847
0 0 242 33.8294 2.2278 -14.8939 3.08494
0 0 243 36.0574 5.09065 -15.376 0.424884
0 0 244 38.4257 8.1825 -15.7886 -1.54297
0 0 245 43.3454 10.1314 -14.7989 -1.92411
0 0 246 47.6883 10.5823 -10.0878 -1.91735
0 0 247 44.9135 8.2586 -2.74274 -2.22212
0 0 248 32.6106 3.71941 2.77376 -1.56206
0 0 249 18.7517 0.564539 3.66279 0.158299
0 0 250 7.70557 0.361367 2.11991 1.26283
0 0 251 1.12904 0.888073 0.342626 0.926393
0 0 252 -0.775441 2.22143 -0.209785 0.367845
0 0 253 -0.534255 2.81821 -0.18433 0.272619
0 0 254 -0.001066 2.06252 0.532968 0.126395
0 0 255 0.658766 0.380477 0.621871 -0.324359
0 0 256 0.995135 -0.870407 -0.457496 -0.317833
0 0 257 0.392574 -0.0895684 -1.70175 -0.0766253
0 0 258 0.195754 1.35175 -0.73674 -0.0195862
0 0 259 1.19195 2.51345 1.64387 -0.362304
0 0 260 0.545029 2.43098 1.58042 -0.927379
0 0 261 -1.30298 0.0120178 -0.965455 -0.895717
0 0 262 -0.90289 -1.82257 -2.65384 -0.114813
0 0 263 -1.15053 -1.57514 -2.27923 0.380413
0 0 264 -1.53772 0.0757187 -1.40959 -0.279888
0 0 265 -0.261611 0.354997 -1.0289 -1.67638
0 0 266 1.35086 -0.064088 -0.216243 -2.55251
0 0 267 1.73805 1.74535 0.844127 -1.30828
0 0 268 0.303037 1.5737 0.882119 -0.25451
0 0 269 -0.604433 -0.286371 1.07246 -0.97185
0 0 270 -1.32154 -0.292741 0.983559 -0.686171
0 0 271 -3.1631 0.67853 1.22481 0.539204
0 0 272 -3.62611 0.247041 1.68832 -0.29874
0 0 273 -1.63935 -1.4987 1.2628 -1.25076
0 0 274 -0.623792 -1.93052 0.0185502 -1.19396
0 0 275 -0.47779 -0.527428 -0.844639 -0.84472
0 0 276 0.95077 1.09762 -1.49849 -0.0575317
0 0 277 0.804768 2.26569 -2.26024 0.678902
0 0 278 0.163489 2.62141 -1.60639 0.881922
0 0 279 0.411127 2.00552 -0.99053 1.72639
0 0 280 2.03651 1.29442 -0.178251 1.48494
0 0 281 1.97278 2.08163 0.0630014 0.463071
0 0 282 0.22076 3.26881 -0.800188 0.412074
0 0 283 -1.05534 3.43376 -0.895549 0.310564
0 0 284 -0.305976 1.34538 -0.952538 0.386697
0 0 285 -0.185787 -0.127454 -0.774733 0.196244
0 0 286 -0.668158 1.52307 -0.628842 0.621621
0 0 287 -0.566521 0.958144 -0.381131 2.36107
0 0 288 -0.331789 -1.06721 0.431148 3.20554
0 0 289 0.386121 -0.844927 0.653404 1.96107
0 0 290 1.89051 0.653385 -1.1558 -0.375114
0 0 291 1.3194 1.45333 -1.5684 -1.39046
0 0 292 -0.210792 0.481728 -0.806646 0.0376947
0 0 293 -1.52481 -1.4987 -0.793729 0.0947338
0 0 294 0.240119 -1.22579 -1.49241 -1.68919
0 0 295 3.32552 0.0120178 -0.375052 -1.41608
0 0 296 1.40168 -0.679975 1.33917 -0.381398
0 0 297 0.32885 -0.280001 0.850206 1.16132
0 0 298 0.671672 -2.7241 -1.11135 1.64373
0 0 299 -0.40116 -3.44158 -2.77466 0.335942
0 0 300 -2.06445 0.576944 -2.19071 -0.882907
0 0 301 -1.95636 2.49434 -0.495488 -1.25076
0 0 302 -2.0709 1.30079 -1.5684 -0.29874
0 0 303 -2.91546 -0.121084 -0.927083 0.0756402
0 0 304 -2.76946 0.450213 -0.216243 -0.825868
0 0 305 -1.98863 1.37052 -0.527402 -1.58768
0 0 306 -2.471 0.634275 -1.25116 -1.53668
0 0 307 -1.68372 -0.159304 0.0819976 -0.978134
0 0 308 -0.940802 -0.629014 0.621871 0.437452
0 0 309 -1.72163 1.23105 -0.203326 0.627905
0 0 310 -1.00453 -0.870407 0.393156 0.691469
0 0 311 -0.921443 -1.14969 1.47252 0.932677
0 0 312 0.265125 -0.883147 0.247265 -0.387682
0 0 313 -0.394706 -0.851297 -0.279691 -1.70176
0 0 314 -0.204339 -1.82257 -0.00652485 0.018601
0 0 315 0.773309 -2.16555 -1.32714 -0.133906
0 0 316 -1.15698 -1.73372 -2.97792 -1.7397
0 0 317 -0.845618 0.545429 -2.40651 -2.24121
0 0 318 0.0618519 -0.400697 0.412152 -1.79674
0 0 319 -2.78801 -1.13695 2.14537 -0.914569
0 0 320 -4.97239 -0.895552 1.70086 -0.247984
0 0 321 -3.64547 -0.311516 -1.54294 -1.14949
0 0 322 -1.72163 1.52944 -3.91747 -1.61934
0 0 323 -1.67726 0.247041 -3.81565 -0.768587
0 0 324 -2.26127 -1.03536 -2.7682 -0.330643
0 0 325 -5.17405 -0.927403 -0.539939 -0.0386798
0 0 326 -3.82293 -2.53367 0.0819976 0.710563
0 0 327 -2.54682 -2.42571 -1.0289 0.367845
0 0 328 -1.93781 -1.05447 0.1709 -0.736926
0 0 329 -1.22635 0.342257 -0.228781 -0.806775
0 0 330 -2.02654 0.850187 -0.813105 0.374129
0 0 331 -0.604433 -0.476803 -0.120882 1.85328
0 0 332 0.119123 -0.883147 -1.47949 1.5676
0 0 333 -0.591527 -0.483173 -2.02545 0.393223
0 0 334 -0.915796 -0.000722395 -1.54294 0.0756402
0 0 335 0.322397 0.367737 -0.800188 0.564582
0 0 336 0.83058 0.411992 -0.114803 0.850261
0 0 337 0.691031 0.266151 -0.127341 0.285186
0 0 338 1.10322 0.380477 -1.09235 0.348751
0 0 339 1.94132 -0.0831983 -1.94946 -1.26357
0 0 340 1.37022 -0.000722395 -1.45404 -1.50502
0 0 341 -0.915796 0.462953 -1.06044 -0.559041
0 0 342 -2.04509 0.862928 -0.6353 0.024885
0 0 343 -1.73454 0.0120178 -0.000446054 0.774128
0 0 344 -1.12472 0.475693 0.57742 0.831167
0 0 345 -1.27717 1.34538 0.196355 -0.343211
0 0 346 -1.15698 -0.27363 0.113911 -0.870098
0 0 347 -0.140615 -1.47992 1.35171 -0.927379
0 0 348 0.614401 -1.10509 2.79276 -1.23215
0 0 349 0.379668 0.323146 1.67578 -1.70828
0 0 350 -1.28362 0.335887 -0.0574348 -1.75904
0 0 351 -2.17899 -0.889517 -0.432041 -0.997227
0 0 352 -2.22336 -1.66399 -0.730282 -1.24472
0 0 353 -1.912 -1.68913 0.27272 -1.28919
0 0 354 -0.458431 0.367737 0.913653 0.20277
0 0 355 0.72249 0.792857 0.545506 0.615337
0 0 356 0.0747582 0.411992 -0.946079 0.215338
0 0 357 -1.30298 0.392882 -0.819184 0.101018
0 0 358 -1.98863 0.411992 -0.558935 0.253525
0 0 359 -1.27072 0.545429 -1.23824 0.278903
0 0 360 -1.89909 0.158195 -1.23824 -0.311549
0 0 361 -3.01709 -0.000722395 -0.527402 -1.23844
0 0 362 -3.67693 0.145454 0.488517 -1.51783
0 0 363 -2.7501 0.19608 0.837668 -1.33342
0 0 364 -0.0841499 -1.13057 1.24381 -1.01632
0 0 365 2.16315 -2.28557 0.983559 -1.53016
0 0 366 1.83969 -1.53055 -0.419503 -2.17765
0 0 367 -0.502796 -1.1242 -1.4225 -1.53016
0 0 368 0.278032 -0.952883 -1.3526 -0.444963
0 0 369 2.15105 0.18971 -2.32369 0.0884498
0 0 370 1.97924 0.507208 -2.22225 0.107543
0 0 371 2.03651 0.304036 -0.857556 0.215338
0 0 372 1.23632 0.443843 -1.23824 0.735941
0 0 373 -1.6329 -0.00709248 -1.75874 1.5676
0 0 374 -3.23892 -0.527428 -0.819184 1.09147
0 0 375 -2.1919 0.450213 0.602875 0.0756402
0 0 376 -1.18844 0.354997 0.850206 0.234431
0 0 377 -1.00453 0.119974 0.894657 1.20579
0 0 378 0.278032 0.0629785 -0.413044 1.27564
0 0 379 -0.693163 -1.55603 -2.77466 0.818357
0 0 380 -1.00453 -3.21929 -3.23171 2.3166
0 0 381 -0.858525 -3.84759 -2.03836 3.76409
0 0 382 -1.05534 -1.35923 -1.59385 2.39298
0 0 383 -0.896437 1.78324 -1.95554 0.183676
0 0 384 -1.67726 2.12622 -3.04744 -0.292456
0 0 385 -1.7789 1.0785 -1.80319 0.672376
0 0 386 -1.58208 -0.514688 -0.146337 1.41533
0 0 387 -2.16609 -0.22904 0.0694601 1.58669
0 0 388 -1.44253 0.894443 -1.7652 1.30101
0 0 389 -1.67081 1.98004 -2.77466 0.970865
0 0 390 -2.03945 1.66254 -1.98745 0.564582
0 0 391 -1.39817 -0.356106 -1.05436 0.640714
0 0 392 -1.15053 -1.92415 -0.641379 1.11685
0 0 393 -2.88319 -2.60341 -1.05436 1.43419
0 0 394 -3.93747 -2.56519 -1.11135 -0.00677654
0 0 395 -3.43574 -2.7241 -0.158875 -1.10502
0 0 396 -1.68372 -2.95276 1.15491 -1.20025
0 0 397 -0.115609 -2.89542 0.228269 -0.495718
0 0 398 0.315944 -1.93689 -0.552477 -1.18091
0 0 399 1.03385 0.139084 0.278799 -1.50502
0 0 400 1.55414 0.970549 2.20882 -0.29874
0 0 401 0.341756 1.99915 2.95157 0.113827
0 0 402 0.545029 1.96093 2.22781 -0.800491
0 0 403 0.284485 0.361367 1.14883 0.367845
0 0 404 -0.553615 0.329516 -0.273232 2.00554
0 0 405 -1.03599 1.75172 0.234347 1.447
0 0 406 -2.54682 0.881703 -0.368593 1.16132
0 0 407 -1.29653 0.792857 -0.305146 0.393223
0 0 408 1.72514 0.811967 -1.92401 -0.171852
0 0 409 1.0274 1.38326 -3.71421 0.310564
0 0 410 -0.896437 1.47848 -2.62231 -0.832152
0 0 411 -2.31854 1.1992 -0.921004 -1.7397
0 0 412 -2.10882 -0.24815 0.52651 -1.21934
0 0 413 -0.775441 0.907183 -1.18733 -0.774871
0 0 414 -0.159974 1.82783 -0.698748 -1.44146
0 0 415 -0.610886 1.49122 -0.514484 -2.39348
0 0 416 0.182848 0.119974 0.0759188 -2.20327
0 0 417 0.709584 -1.00351 -0.197247 -1.46683
0 0 418 -0.483437 -0.381587 0.259802 -0.565567
0 0 419 -0.47779 -0.317886 -0.228781 -1.54297
0 0 420 0.728943 -0.673605 -0.679752 -2.70453
0 0 421 -3.72774 -0.184784 0.164821 -0.711548
0 0 422 -4.12138 1.17372 -0.324142 -0.0258701
0 0 423 -2.66782 1.46574 -1.80965 -0.336927
0 0 424 -1.84908 0.380477 -0.660755 -0.216323
0 0 425 -1.0618 -0.756081 -2.43804 0.583675
0 0 426 -2.12172 -0.24178 -1.31461 0.29147
0 0 427 -1.13762 -0.501948 0.691777 1.10404
0 0 428 -0.858525 -0.540168 1.67578 0.316848
0 0 429 -0.560068 -0.140194 1.72023 -0.851246
0 0 430 -1.53772 0.500838 -1.16226 -1.89221
0 0 431 -2.37581 0.145454 -1.47303 -1.25076
0 0 432 -0.623792 -0.178414 -1.03498 -0.508286
0 0 433 1.84614 1.45333 -2.10789 -0.14019
0 0 434 2.48097 1.75172 -3.61885 -0.914569
0 0 435 1.4525 1.52307 -3.7522 -0.438437
0 0 436 1.25568 2.46249 -1.2637 -0.597228
0 0 437 2.2906 0.761341 0.22181 0.031169
0 0 438 2.33496 -0.419472 0.755224 1.23117
0 0 439 1.19195 0.342257 1.19936 1.21836
0 0 440 0.881398 1.52307 0.793217 0.996242
0 0 441 -0.0841499 0.348627 -1.88601 0.0884498
0 0 442 -1.53772 -0.0831983 -1.7652 0.659808
0 0 443 -2.79446 -0.851297 -0.844639 0.589959
0 0 444 -1.9249 -0.978363 -0.711285 0.335942
0 0 445 -0.814159 -0.00709248 -1.80319 1.23117
0 0 446 -0.210792 0.113604 -2.69221 2.69751
0 0 447 -0.725429 0.0757187 -3.00945 2.78017
0 0 448 -0.585074 -0.127454 -2.43196 1.66283
0 0 449 0.11267 -0.984733 -1.65084 1.26283
0 0 450 0.899951 -1.34649 -1.49241 0.818357
0 0 451 0.360309 -0.419472 0.488517 -0.317833
0 0 452 -0.927896 1.21831 1.19936 -0.146474
0 0 453 -1.41672 1.84694 -0.971534 0.0502626
0 0 454 -1.34735 0.6849 -2.84456 1.18669
0 0 455 -0.464884 -0.191155 -2.28569 0.151773
0 0 456 1.52268 2.53893 -0.895549 -1.04798
0 0 457 3.43925 3.71941 0.107453 -1.4226
0 0 458 4.02972 3.06564 -0.050976 -0.267078
0 0 459 4.04907 2.41824 -0.882631 0.316848
0 0 460 3.85871 1.66254 -2.69829 -0.159284
0 0 461 2.21397 1.70713 -4.47596 0.228147
0 0 462 -0.337435 1.37052 -2.90801 0.551772
0 0 463 -2.76946 1.34538 -0.666834 0.513826
0 0 464 -2.204 -0.0194974 1.14237 0.818357
0 0 465 -0.153521 -1.2449 3.62442 1.63117
0 0 466 -0.242251 -0.787931 1.96149 1.99926
0 0 467 -1.62645 -0.0258675 -1.28269 0.824883
0 0 468 -2.46455 -1.35923 -0.755737 0.659808
0 0 469 -2.34355 -3.93643 1.51051 1.01534
0 0 470 -1.47399 -4.19056 1.44707 0.74875
0 0 471 -1.41027 -3.08586 0.507513 0.666092
0 0 472 -2.67427 -2.38749 0.0630014 -0.108287
0 0 473 -3.35346 -1.35923 0.158363 -0.451247
0 0 474 -2.33145 -0.857667 0.971022 0.145489
0 0 475 -0.680257 -1.956 1.37108 -0.0957189
0 0 476 0.449039 -1.43533 1.00901 -0.851246
0 0 477 0.595041 0.437473 -0.171792 -1.11783
0 0 478 0.214307 0.576944 -0.349597 -0.165568
0 0 479 0.747496 0.539059 1.99948 0.824883
0 0 480 0.176395 0.672495 3.01502 1.16132
0 0 481 -0.312429 -0.806706 1.80876 1.91684
0 0 482 -0.522156 -1.25127 0.0819976 2.63418
0 0 483 -0.426972 -1.20668 0.291716 1.98017
0 0 484 -0.750435 -0.609904 1.32663 0.570866
0 0 485 -0.953708 -0.197525 1.80876 0.481923
0 0 486 -1.41027 -0.0322376 0.939108 0.501017
0 0 487 -2.42018 0.20882 1.32663 0.40579
0 0 488 -2.77591 -0.501948 1.35171 0.164583
0 0 489 -2.51536 -0.889517 1.72023 -0.781397
