0 0 0 4.77935 -16.2275 -0.504999 -2.69963
0 0 1 -0.694184 -29.0197 -1.96775 2.41793
0 0 2 -2.16031 -21.1641 25.2651 18.5013
0 0 3 -26.2781 -20.2512 13.2027 16.1252
0 0 4 -34.8793 -35.6019 0.408192 -13.4842
0 0 5 -28.3062 -41.085 1.6883 0.0418161
0 0 6 -1.2562 -25.7344 -7.26755 0.772479
0 0 7 20.8579 23.6143 -3.42886 -11.4734
0 0 8 41.7013 -4.53429 0.225554 -13.3001
0 0 9 33.2955 -32.1305 -9.27821 -7.26774
0 0 10 -5.26361 -27.38 -20.4257 13.9303
0 0 11 -44.0182 -5.26112 -27.0056 14.1144
0 0 12 -43.8227 -5.81351 2.78413 31.1125
0 0 13 -38.8867 -14.582 12.8375 11.7383
0 0 14 -3.62643 -10.378 6.9881 -2.51843
0 0 15 17.388 -3.25507 -5.43952 2.96447
0 0 16 -14.4025 14.8401 -13.2979 17.5865
0 0 17 -14.0359 10.4558 3.51633 35.6806
0 0 18 -11.2992 -19.8849 17.2224 27.8216
0 0 19 -8.00037 -17.1404 11.9226 -3.24909
0 0 20 20.1248 -1.60953 -5.8048 10.2769
0 0 21 25.0607 10.2698 -30.2948 25.2643
0 0 22 -9.29545 0.948908 -42.1745 9.91161
0 0 23 -12.3988 -4.16797 -23.7165 13.5649
0 0 24 0.209926 18.4975 2.96842 28.7364
0 0 25 -14.769 6.79843 29.6517 6.25537
0 0 26 -9.66198 -5.62744 27.4584 -14.2149
0 0 27 -1.98926 -17.873 11.1921 -9.27852
0 0 28 5.51241 -10.0175 -3.24622 -17.687
0 0 29 1.30952 3.50735 -1.05291 -28.1033
0 0 30 11.9145 -1.60953 25.813 -35.0475
0 0 31 8.07813 -7.45323 46.6486 -43.2719
0 0 32 -34.5128 -18.6057 28.1889 -14.2149
0 0 33 -20.8045 -7.81955 20.5132 9.91161
0 0 34 11.9145 12.4677 25.4477 -21.8898
0 0 35 6.24547 32.7491 19.4157 -38.8879
0 0 36 9.54426 35.8599 2.41886 -11.4734
0 0 37 17.5835 15.3866 -28.4684 -14.7614
0 0 38 -2.35579 -2.1561 -2.88094 -12.02
0 0 39 6.07443 -1.42346 32.5755 -1.23831
0 0 40 -5.09256 -10.7443 9.72932 2.78326
0 0 41 -8.00037 -16.0473 -15.8565 11.0076
0 0 42 15.3843 -22.2573 -5.98744 -6.7212
0 0 43 37.3273 0.222079 19.4157 -4.89162
0 0 44 21.9574 11.735 24.8998 8.99682
0 0 45 -39.4488 3.32709 13.7507 27.8216
0 0 46 -27.2066 4.78656 13.568 20.5121
0 0 47 2.94669 -0.876886 19.5984 12.1036
0 0 48 -6.55869 -9.09877 36.7795 7.35137
0 0 49 -18.2388 19.7767 34.4036 -18.783
0 0 50 -14.4025 30.7431 22.1586 -4.16096
0 0 51 0.942989 2.59445 -2.15039 -0.872974
0 0 52 2.58016 -2.70268 -16.7713 -36.5118
0 0 53 -8.00037 2.59445 -11.1046 -55.7019
0 0 54 2.40911 19.044 -14.7606 -35.2317
0 0 55 6.78305 34.0283 -2.15039 1.32194
0 0 56 2.21363 28.1846 8.99877 -11.8388
0 0 57 -13.8649 -5.81351 -4.15941 -11.4734
0 0 58 -21.3421 -28.4731 -5.25688 16.1252
0 0 59 -3.99297 20.3233 -12.2021 16.1252
0 0 60 -5.26361 76.7949 -27.5535 12.1036
0 0 61 3.31322 60.1651 -8.72865 34.7658
0 0 62 -3.2599 42.07 8.63349 46.2811
0 0 63 -15.8686 43.9016 3.88161 16.8558
0 0 64 -5.26361 44.8145 13.568 0.956606
0 0 65 29.9967 55.0482 53.2285 -2.51843
0 0 66 13.7471 53.5887 51.7657 17.04
0 0 67 8.61571 29.4639 18.1373 6.62071
0 0 68 26.5269 26.5391 2.78413 23.9842
0 0 69 3.87524 52.6759 26.9105 27.091
0 0 70 -10.395 42.8026 5.527 23.2535
0 0 71 -2.35579 23.248 -7.9981 36.7766
0 0 72 -23.1748 -15.3146 12.2879 7.35137
0 0 73 -42.381 -36.3345 2.41886 1.68727
0 0 74 -44.5558 -13.4888 -13.2979 11.9224
0 0 75 -33.2422 -12.0235 -9.09558 -1.78484
0 0 76 -1.06072 -3.43532 -4.15941 -4.34508
0 0 77 3.67976 4.78656 4.06425 8.44736
0 0 78 3.31322 -14.0354 28.9195 0.591275
0 0 79 13.9182 -14.768 32.7582 3.51393
0 0 80 0.576457 -12.5759 7.17074 10.6423
0 0 81 -14.769 -20.4315 -0.504999 -15.6762
0 0 82 -10.395 -12.7562 5.89227 -21.8898
0 0 83 -13.8649 -1.60953 6.44019 -8.00132
0 0 84 -13.8649 -6.54033 5.16008 10.8235
0 0 85 0.209926 -19.1523 7.17074 11.9224
0 0 86 15.9219 -22.9899 11.5573 -1.05418
0 0 87 11.719 -14.582 13.9333 1.32194
0 0 88 -22.2707 -10.378 11.0094 12.2877
0 0 89 -30.1144 -7.6393 21.7917 5.89004
0 0 90 -11.2992 4.42606 15.0308 6.98604
0 0 91 -5.63014 2.22813 21.4264 21.7893
0 0 92 -9.66198 -21.1641 5.16008 25.2643
0 0 93 -4.3595 -21.5305 -10.374 36.4113
0 0 94 -3.62643 -13.3027 9.36404 37.142
0 0 95 2.94669 -10.7443 32.9408 14.1144
0 0 96 14.6513 -7.27298 50.4856 9.91161
0 0 97 18.8542 -3.069 39.7034 31.2937
0 0 98 17.388 2.04787 14.6638 49.572
0 0 99 -1.42725 -8.18587 0.957752 42.4437
0 0 100 -10.5661 -21.1641 -0.322361 27.091
0 0 101 -4.3595 -9.65116 -10.374 12.4689
0 0 102 -9.09997 5.33895 -37.9722 3.51393
0 0 103 -9.4665 5.70528 -29.5642 -5.07575
0 0 104 -8.73344 -12.0235 10.8268 -16.9563
0 0 105 -7.82933 -7.09272 18.1373 -26.0925
0 0 106 -30.481 -2.52243 8.26822 -25.3619
0 0 107 -42.5521 -29.386 -16.0391 -7.45186
0 0 108 -32.5091 -41.8177 -30.1121 19.2319
0 0 109 -22.4417 -34.3226 -21.3406 20.6933
0 0 110 -26.8401 -28.6592 -14.2127 0.591275
0 0 111 -25.545 -16.7799 -17.3192 7.35137
0 0 112 -7.26731 -11.2967 -31.3922 -6.7212
0 0 113 0.771941 -16.4136 -14.2127 -28.6528
0 0 114 13.5517 -17.5067 -4.89161 -31.3942
0 0 115 31.4628 -10.7443 -14.2127 -21.8898
0 0 116 17.7546 -7.45323 -16.954 -7.26774
0 0 117 10.6439 -0.510564 -15.1259 -1.78484
0 0 118 23.4236 18.3114 -5.98744 -0.872974
0 0 119 24.1566 11.549 -7.81546 3.1486
0 0 120 -0.327653 -6.7264 -6.90227 0.223021
0 0 121 -25.545 -17.1404 -1.41819 -9.64385
0 0 122 -20.6091 -14.2156 0.592475 -1.78484
0 0 123 9.91079 -3.43532 -16.5887 9.18095
0 0 124 10.6439 0.948908 -16.954 10.2769
0 0 125 -17.7012 -1.78978 -18.4151 16.1252
0 0 126 -27.9397 -34.3226 -10.5567 12.4689
0 0 127 -19.5339 -68.315 -6.90227 -4.71042
0 0 128 6.97854 -66.6694 0.408192 -17.687
0 0 129 11.719 -50.9525 -22.2538 -14.9455
0 0 130 -15.6975 -41.8177 -12.9326 -6.35587
0 0 131 -24.8119 -50.0396 -2.6983 10.8235
0 0 132 -16.0396 -25.5484 -0.687637 22.3387
0 0 133 -23.3703 -16.0473 -0.687637 25.0802
0 0 134 -44.7512 -28.2929 -1.78347 16.3064
0 0 135 -65.0326 -38.8929 -0.687637 10.4581
0 0 136 -78.1789 -55.5228 -12.2021 12.1036
0 0 137 -46.2174 -36.3345 -5.25688 18.8666
0 0 138 -29.2103 -1.97585 10.8268 3.1486
0 0 139 -33.4132 -16.2275 16.8571 -18.4177
0 0 140 -33.4132 -3.25507 9.54668 7.35137
0 0 141 -47.488 26.353 12.6548 13.1996
0 0 142 -49.4917 26.5391 5.34436 -7.08653
0 0 143 -37.4451 5.33895 -12.0194 -8.18253
0 0 144 -39.6198 -26.281 -1.05291 6.07417
0 0 145 -27.7442 -58.9941 19.9653 10.0928
0 0 146 59.979 -67.9486 4.06425 31.6591
0 0 147 409.796 -125.705 -15.1259 34.2193
0 0 148 1141.03 -264.419 5.527 -17.5029
0 0 149 1523.17 -304.261 22.1586 -125.515
0 0 150 1073.05 -217.449 21.2438 -141.964
0 0 151 448.722 -113.093 33.6714 -82.9323
0 0 152 146.798 -52.7841 25.9956 -31.9408
0 0 153 42.0678 -26.4613 17.772 26.3603
0 0 154 -6.55869 -22.077 18.1373 27.6375
0 0 155 -25.0074 -16.5938 0.225554 16.4905
0 0 156 -17.8723 5.33895 -7.63282 22.1546
0 0 157 -20.438 3.32709 -1.23555 10.2769
0 0 158 -35.0504 -8.73827 11.1921 5.52471
0 0 159 -35.7834 -22.8097 16.3092 7.5355
0 0 160 -31.5806 -28.8394 30.7475 1.50314
0 0 161 -36.5165 -25.9147 26.3609 -3.97975
0 0 162 -35.0504 -44.1901 -3.42886 11.0076
0 0 163 -27.2066 -43.2772 -5.62216 27.8216
0 0 164 -31.776 -14.9483 24.7172 16.1252
0 0 165 -21.9041 -5.99376 36.0473 -9.64385
0 0 166 -15.1355 5.70528 17.772 -12.5694
0 0 167 -28.1107 25.4401 1.32303 -9.46265
0 0 168 -45.4843 2.22813 8.08558 2.41793
0 0 169 -41.819 -6.36008 19.4157 8.63149
0 0 170 -10.9326 15.753 10.6442 -1.96897
0 0 171 -4.3595 13.5608 8.08558 5.89004
0 0 172 -18.9719 -5.99376 25.813 15.7598
0 0 173 -29.0393 -10.5641 25.2651 -2.69963
0 0 174 -20.8045 6.4321 22.1586 -0.142311
0 0 175 -12.2033 10.8221 35.8647 15.2104
0 0 176 4.41282 23.6143 40.9818 14.1144
0 0 177 22.886 36.5926 28.3716 -0.507643
0 0 178 22.324 20.3233 3.88161 -5.25987
0 0 179 19.2207 4.78656 -6.17007 4.06339
0 0 180 16.8504 -5.44718 6.07491 8.63149
0 0 181 8.98224 -11.6572 12.2879 -7.45186
0 0 182 0.771941 4.05973 18.1373 -15.4921
0 0 183 3.87524 4.78656 8.45085 -7.63307
0 0 184 19.7583 -1.42346 2.05358 0.223021
0 0 185 35.6657 17.0322 24.3502 -11.4734
0 0 186 41.5302 38.5986 39.7034 -20.7938
0 0 187 28.7261 50.4779 15.0308 -44.552
0 0 188 21.0533 27.452 -21.1579 -58.6246
0 0 189 17.0215 8.07764 -38.7027 -38.8879
0 0 190 9.17772 14.1074 -16.0391 -16.7722
0 0 191 3.50871 11.0024 3.15106 -10.5586
0 0 192 3.14218 -1.42346 -0.139723 17.2212
0 0 193 8.44466 -3.43532 -6.53535 34.4005
0 0 194 17.0215 -0.144242 -8.18074 -11.6546
0 0 195 18.1211 -3.61558 20.6958 -3.43029
0 0 196 22.6905 14.4737 40.6166 29.8324
0 0 197 18.4876 18.6777 31.845 18.5013
0 0 198 13.5517 -0.33031 8.99877 19.7814
0 0 199 27.6265 4.78656 21.609 34.2193
0 0 200 29.4591 14.1074 28.5542 24.1654
0 0 201 9.34877 21.2362 21.9743 34.4005
0 0 202 17.0215 31.656 6.62283 24.1654
0 0 203 9.34877 -9.28484 -18.5977 8.26616
0 0 204 3.14218 -58.8139 -26.4577 34.95
0 0 205 24.3277 -20.7978 -28.8337 35.6806
0 0 206 27.6265 25.0738 0.225554 7.35137
0 0 207 5.34136 23.7946 5.527 3.51393
0 0 208 -23.9078 -8.18587 -18.9646 5.52471
0 0 209 -26.107 -36.8811 -54.6021 -6.17174
0 0 210 -21.9041 -40.5385 -39.4333 -8.91319
0 0 211 -12.2033 -23.176 -13.1153 1.32194
0 0 212 -16.7727 5.88553 18.6852 -8.18253
0 0 213 -7.63384 37.3194 17.0398 -0.323515
0 0 214 -11.1281 30.1907 -2.88094 2.59914
0 0 215 -10.0285 6.4321 -8.54602 6.07417
0 0 216 3.50871 14.4737 -11.4715 4.06339
0 0 217 8.44466 11.9153 -3.24622 -16.4069
0 0 218 2.58016 1.68155 -4.70897 -18.4177
0 0 219 3.50871 1.68155 -5.43952 -8.00132
0 0 220 7.88265 5.33895 3.69897 -22.8046
0 0 221 29.6302 18.1311 -13.8475 -31.3942
0 0 222 9.54426 11.735 -4.52633 -14.2149
0 0 223 -5.09256 22.7014 -4.52633 14.4797
0 0 224 -0.327653 30.9233 -15.8565 21.4239
0 0 225 -13.6694 -4.53429 -13.4805 10.8235
0 0 226 -20.9756 -27.9265 -35.7789 15.7598
0 0 227 -21.3421 3.69341 -20.6084 17.4053
0 0 228 -24.6409 28.551 7.17074 14.2985
0 0 229 -4.16401 32.0223 -9.09558 10.0928
0 0 230 -2.52684 18.1311 -11.2872 -3.24909
0 0 231 -22.4417 -13.8551 -18.0498 -12.7506
0 0 232 -20.267 8.26371 -16.5887 -4.34508
0 0 233 -21.1711 28.9115 0.0429155 3.69805
0 0 234 -14.769 13.7469 3.51633 2.78326
0 0 235 -4.16401 -9.65116 -7.81546 -0.142311
0 0 236 -11.6657 -4.53429 -13.6632 -10.924
0 0 237 -5.26361 23.4283 3.15106 6.62071
0 0 238 -0.694184 25.0738 19.9653 40.7982
0 0 239 -3.79748 33.1154 2.96842 28.5523
0 0 240 -0.694184 42.8026 -22.0711 0.591275
0 0 241 0.40541 29.8302 -7.08491 -21.7086
0 0 242 3.31322 -0.510564 0.592475 -14.9455
0 0 243 -8.56239 -20.4315 -5.07424 11.5571
0 0 244 -23.5413 -16.4136 -12.0194 22.5229
0 0 245 -15.1355 6.98449 -4.34369 32.2085
0 0 246 4.04629 22.7014 2.23622 21.9734
0 0 247 20.1248 -1.05714 15.396 -9.09732
0 0 248 -2.16031 -33.4097 17.2224 -12.3853
0 0 249 -15.502 -41.8177 0.408192 -16.7722
0 0 250 13.3806 -25.182 -14.7606 -39.9839
0 0 251 17.217 -7.81955 -5.62216 -40.1651
0 0 252 12.0855 1.5013 10.8268 -10.924
0 0 253 16.655 -3.80164 4.42952 18.136
0 0 254 8.44466 -16.5938 -22.619 17.04
0 0 255 -3.2599 -15.3146 -29.9295 8.81562
0 0 256 10.9859 -7.09272 -5.98744 0.407148
0 0 257 15.3843 -6.7264 -1.41819 -19.879
0 0 258 17.388 -5.26112 -11.1046 -33.405
0 0 259 8.98224 16.3053 -3.97677 -25.546
0 0 260 17.0215 27.9986 -5.98744 -23.1699
0 0 261 33.662 11.1885 -2.51566 -16.7722
0 0 262 12.4521 -7.6393 6.07491 -13.3001
0 0 263 -0.327653 -5.08086 -6.71963 -17.1375
0 0 264 16.2884 6.61817 -17.1366 -17.8682
0 0 265 17.217 19.9569 -13.6632 -12.3853
0 0 266 32.0248 25.9867 -14.578 -32.4902
0 0 267 33.4665 12.4677 -29.3816 -57.8939
0 0 268 -0.156605 -6.36008 -41.4439 -26.0925
0 0 269 -13.1318 -9.28484 -19.6952 -16.7722
0 0 270 14.6513 -40.899 -1.78347 -18.9671
0 0 271 6.78305 -34.8692 -0.504999 -0.872974
0 0 272 -11.6657 -27.9265 -5.62216 13.5649
0 0 273 -5.45909 -25.3681 -7.9981 -9.09732
0 0 274 0.209926 -27.0136 10.2789 -35.2317
0 0 275 3.67976 -5.99376 11.5573 -22.4392
0 0 276 -19.7049 -1.60953 3.69897 -5.25987
0 0 277 -32.6801 8.07764 -12.3847 -1.60364
0 0 278 2.04258 18.8638 -17.3192 2.41793
0 0 279 0.576457 4.78656 9.91196 -23.3511
0 0 280 -0.889668 -1.97585 31.4781 -23.3511
0 0 281 13.5517 -9.09877 8.26822 19.2319
0 0 282 40.9682 -10.378 -16.406 42.809
0 0 283 22.324 -24.2691 -7.45019 16.1252
0 0 284 -12.7653 -34.1424 -9.27821 -4.16096
0 0 285 -0.694184 -30.485 -35.9615 -5.80641
0 0 286 13.0141 -19.8849 -40.3481 0.956606
0 0 287 -9.4665 -13.4888 -14.9433 -0.323515
0 0 288 -38.3492 -36.5148 -5.07424 -2.51843
0 0 289 -39.4488 -21.3444 2.78413 -15.3109
0 0 290 -31.214 9.17661 -1.60083 -20.2443
0 0 291 -3.62643 8.44397 -0.504999 -21.5244
0 0 292 21.5909 10.0895 -8.36338 -10.7428
0 0 293 26.5269 8.26371 -29.5642 -3.79563
0 0 294 2.21363 -3.61558 -26.6404 -12.2041
0 0 295 -5.26361 -14.0354 11.0094 -19.5136
0 0 296 27.0889 -3.43532 25.0824 -6.90241
0 0 297 56.6802 5.88553 15.2134 6.25537
