0 0 0 -12.8331 -22.8029 2.05419 4.30701
0 0 1 -26.9554 -3.48123 -0.0923396 -3.51756
0 0 2 -25.127 7.21781 -0.340813 -0.253066
0 0 3 -15.4052 20.2224 1.46867 -7.1373
0 0 4 -26.1392 9.61212 5.90438 -1.35245
0 0 5 -27.487 14.5628 9.15178 -7.98825
0 0 6 -16.2563 10.3583 1.11437 -0.696536
0 0 7 -6.35727 -1.29849 -5.87624 2.83497
0 0 8 -14.0037 3.08351 -11.4657 14.3675
0 0 9 -27.24 5.53148 12.2209 13.4806
0 0 10 -20.0903 -3.58753 3.79351 24.3026
0 0 11 -13.5231 -10.7735 7.41247 4.91069
0 0 12 -20.4071 10.0734 8.24647 -16.2551
0 0 13 -25.6425 -1.79593 1.00738 -9.58567
0 0 14 -29.4228 -6.99426 -0.553625 -5.78831
0 0 15 -35.861 15.184 2.24975 -5.8777
0 0 16 -20.8152 1.6108 -7.13586 7.78511
0 0 17 -19.4137 -1.52966 1.43301 -9.10621
0 0 18 -13.5231 -1.52966 1.59291 -18.8823
0 0 19 -27.7528 -20.1413 -1.01491 -7.59818
0 0 20 -26.9554 -13.2401 6.98685 -1.74368
0 0 21 -31.1948 14.8466 10.5702 16.319
0 0 22 -22.2354 -14.8893 4.94615 -3.0915
0 0 23 -26.405 -5.36159 -17.6396 -8.04165
0 0 24 -39.5688 -9.3896 -8.16542 -7.7758
0 0 25 -12.1941 9.06308 4.59184 17.0109
0 0 26 -29.6 9.8433 0.563354 26.2727
0 0 27 -19.0244 -6.4091 -2.64724 -7.90002
0 0 28 -10.5778 -9.42469 -7.10135 -2.31137
0 0 29 -9.78045 -3.99621 9.39911 10.5353
0 0 30 -19.8406 6.45411 -0.749183 -7.24294
0 0 31 -36.4839 9.9496 13.3034 14.0831
0 0 32 -36.943 9.64824 16.4438 12.7887
0 0 33 -37.0155 5.4613 -2.34585 20.7549
0 0 34 -5.20279 5.90404 -25.0386 13.6756
0 0 35 -11.1121 14.1727 -12.5298 1.91204
0 0 36 -18.2968 10.446 -4.35089 24.0194
0 0 37 -8.29036 -7.59799 6.98685 1.92946
0 0 38 -3.6053 -1.65351 12.3095 3.43748
0 0 39 1.94696 6.64917 -5.96482 6.72055
0 0 40 0.510564 -18.296 -11.6256 3.38408
0 0 41 -8.66355 -8.67956 -9.42504 18.0395
0 0 42 -16.753 -0.180801 -2.50575 1.25496
0 0 43 -23.1751 2.17842 -8.28965 21.4108
0 0 44 -21.1884 2.55098 -1.88457 6.36531
0 0 45 10.8016 -9.69095 14.2075 -0.377284
0 0 46 -12.425 -3.48123 1.48708 -8.71614
0 0 47 -25.3928 -2.70102 7.28824 -5.73491
0 0 48 -6.21497 6.95155 18.519 -15.4402
0 0 49 -21.8273 19.4948 6.24143 -1.35245
0 0 50 -21.0461 9.18693 20.7898 -23.1765
0 0 51 33.7248 3.89984 -3.81829 -15.6004
0 0 52 2.21276 12.7175 -20.6558 -9.07138
0 0 53 -4.90208 -4.68767 -18.5449 -19.5556
0 0 54 -37.974 11.156 1.52159 -10.295
0 0 55 6.02792 3.65112 -1.95589 -4.49273
0 0 56 13.4784 -1.01468 1.04304 0.652448
0 0 57 -5.45248 5.90404 -12.0685 -9.63907
0 0 58 6.63201 -6.03653 -12.654 -30.6284
0 0 59 2.40875 4.5913 0.316031 -17.091
0 0 60 19.777 -8.34312 3.34947 -3.14491
0 0 61 2.19665 5.69144 21.5179 -10.1882
0 0 62 14.3134 -22.9804 8.83199 3.95177
0 0 63 13.6046 -13.9666 -1.06783 2.99402
0 0 64 38.3722 -36.5526 3.40239 10.5527
0 0 65 42.6304 2.95966 5.08879 3.27844
0 0 66 33.3865 3.36731 2.19568 6.95042
0 0 67 13.516 -12.4413 2.12551 10.1801
0 0 68 -2.29241 -8.59081 5.62024 2.12449
0 0 69 0.652861 -2.98482 0.990129 14.6693
0 0 70 6.02792 -7.38436 -12.3527 6.25851
0 0 71 -0.11232 -0.375855 3.88208 9.16893
0 0 72 9.15039 9.15081 3.91774 2.00027
0 0 73 -19.0056 2.03703 20.7553 -13.1868
0 0 74 6.47092 -10.2059 9.68324 8.70688
0 0 75 19.3689 -1.58333 9.31053 -5.1858
0 0 76 34.2215 -4.63504 -11.4473 -21.0114
0 0 77 46.5154 -8.07686 -2.11464 -0.482927
0 0 78 19.5837 4.485 5.69156 9.523
0 0 79 -7.27817 11.7237 1.07871 19.9921
0 0 80 7.5368 8.28184 6.91553 -5.20321
0 0 81 12.1843 14.9704 -1.93748 1.69843
0 0 82 17.1163 19.9561 -0.944741 7.96157
0 0 83 -13.754 8.867 -20.5316 -10.1
0 0 84 12.4689 30.0876 -16.4329 -11.9806
0 0 85 47.3155 21.8014 -19.2363 -8.32607
0 0 86 39.2582 17.5794 14.5273 26.4851
0 0 87 10.0364 -0.0569577 -1.03332 18.6966
0 0 88 6.48971 -10.4897 -1.65335 3.43748
0 0 89 -4.17449 -23.4592 -12.3527 -12.2465
0 0 90 5.92053 -10.2947 -11.6601 -2.25797
0 0 91 1.75096 -9.177 -2.71856 -10.7036
0 0 92 -1.24532 -27.4336 9.48883 -22.2176
0 0 93 -3.8362 15.0777 -1.70742 -0.944972
0 0 94 4.39553 -6.46173 8.22806 -2.91388
0 0 95 17.7553 -8.44942 -12.8139 -11.1111
0 0 96 15.4839 -10.4722 10.3217 -24.2945
0 0 97 18.7675 -28.1612 9.8788 -8.9994
0 0 98 26.1831 -9.21209 17.402 3.91694
0 0 99 12.4689 3.08351 16.231 1.00653
0 0 100 12.4501 -5.68152 19.6015 -20.8872
0 0 101 5.76212 -3.12621 5.1417 -16.2389
0 0 102 14.2946 -14.2505 28.8812 -8.96458
0 0 103 5.95811 9.32831 12.1139 -17.3731
0 0 104 35.2149 2.74603 15.6984 -5.8243
0 0 105 9.98538 10.1271 5.01747 40.7156
0 0 106 -2.2414 5.03507 -7.24285 3.25986
0 0 107 25.6515 -23.5655 -6.586 -18.7232
0 0 108 10.7479 -5.0076 -28.0019 -2.38219
0 0 109 24.2151 -16.0431 -1.03332 -10.8453
0 0 110 13.1965 16.8343 14.1374 -5.85913
0 0 111 14.3832 24.9419 1.07871 22.617
0 0 112 25.6676 -9.92212 12.4153 13.1787
0 0 113 20.1341 -16.9833 0.723251 -15.0327
0 0 114 15.892 -18.3136 -4.08517 -0.962386
0 0 115 22.6337 1.96582 -16.2201 13.7812
0 0 116 5.63862 -0.288132 14.8287 6.11688
0 0 117 7.8026 6.61408 16.5853 1.37918
0 0 118 22.3518 -0.252011 13.4276 2.2847
0 0 119 16.4612 4.02368 2.17843 2.19531
0 0 120 13.32 7.21781 -2.6829 -7.33233
0 0 121 10.6405 18.4484 22.0321 -16.86
0 0 122 -4.88329 8.38814 18.8744 2.56796
0 0 123 39.5428 8.08678 6.6498 -7.34974
0 0 124 11.5453 12.4512 4.92889 -4.44049
0 0 125 21.1973 -3.8187 8.79633 7.5181
0 0 126 26.5025 -6.33789 -6.01889 2.62136
0 0 127 19.777 7.94436 9.98463 -3.16232
0 0 128 32.624 6.33027 12.6638 -2.453
0 0 129 -6.95867 -1.42336 16.4081 -4.58212
0 0 130 -1.33661 -13.1864 17.2594 0.864896
0 0 131 18.8373 -31.088 12.4694 11.8297
0 0 132 14.5979 0.261939 -14.0206 -2.11634
0 0 133 2.32015 -6.76411 4.14781 5.47837
0 0 134 25.4743 -10.6311 10.3044 -13.5781
0 0 135 31.5957 -24.8081 7.89101 -16.2551
0 0 136 23.6808 -26.7597 -18.6508 -22.076
0 0 137 28.543 -2.80732 6.4899 -16.0775
0 0 138 7.10991 -2.29233 3.70378 -3.21572
0 0 139 19.6186 -13.2401 -2.73582 -4.24546
0 0 140 33.6711 0.29806 -28.569 -6.21437
0 0 141 14.4906 13.0013 0.137728 -16.4699
0 0 142 17.809 -13.9666 -0.305152 -26.6186
0 0 143 17.1512 -9.70849 -5.3793 -12.2117
0 0 144 13.6395 -0.660695 1.00738 -4.83056
0 0 145 24.7279 -6.07162 -0.340813 -6.69383
0 0 146 48.1317 5.40764 16.9752 -15.6538
0 0 147 97.863 7.3592 3.52663 -20.5494
0 0 148 130.562 -13.4702 -2.41717 -10.2068
0 0 149 136.38 -21.6491 -36.7836 1.5034
0 0 150 90.3052 -13.7014 -8.57379 -26.9913
0 0 151 51.928 -0.288132 -15.2975 -35.3638
0 0 152 52.1589 5.94016 -20.8686 -21.2238
0 0 153 53.3644 -4.51016 -23.8146 -3.57096
0 0 154 51.8743 -7.66817 -11.927 3.4549
0 0 155 52.7791 -9.177 2.28541 -12.7619
0 0 156 33.3865 16.5319 -12.1214 -5.84171
0 0 157 23.6647 5.44272 0.758911 -2.08035
0 0 158 36.3855 3.93493 -3.17985 -10.5968
0 0 159 21.4631 0.15564 4.20073 -24.9864
0 0 160 37.0943 4.96386 6.73837 -17.4811
0 0 161 43.162 -11.9624 5.94004 -20.3195
0 0 162 24.5319 -18.651 -9.67351 -20.0002
0 0 163 31.9501 4.50255 -13.2039 0.0127836
0 0 164 29.1095 -6.23159 -15.8301 0.457414
0 0 165 36.6862 -21.7378 -11.1103 -1.53007
0 0 166 41.9028 -12.4238 -37.529 -6.55103
0 0 167 71.6912 -22.5542 -36.3223 -28.1789
0 0 168 99.6001 -32.2067 -41.0237 -14.6774
0 0 169 71.4442 -9.35451 -31.9222 -13.9855
0 0 170 57.8723 -14.3217 -13.4708 -6.71124
0 0 171 21.0013 -4.81152 -4.7052 6.25851
0 0 172 25.2434 -8.64447 -8.44955 -6.67525
0 0 173 12.3964 9.9496 -0.039424 2.94061
0 0 174 0.172274 -6.23159 5.47875 12.2732
0 0 175 -0.128429 13.4977 12.8421 10.5167
0 0 176 8.19191 5.58514 0.61742 13.6048
0 0 177 30.6909 1.89461 -6.97712 -0.80334
0 0 178 17.9862 -11.3763 -2.54141 -0.554904
0 0 179 6.66691 -16.0957 -5.52194 6.52436
0 0 180 3.95254 -12.5476 -1.10349 6.66715
0 0 181 -1.86821 -2.07973 -1.92023 25.2255
0 0 182 -6.65797 -16.0782 19.2115 24.587
0 0 183 23.2029 -16.3269 5.19462 20.8083
0 0 184 4.46534 3.73988 6.75563 -10.6142
0 0 185 5.85072 -15.9182 -9.44229 1.36177
0 0 186 -12.3901 -7.8818 9.39911 5.28334
0 0 187 16.0343 -0.784538 -5.22055 1.48599
0 0 188 -7.22447 5.03507 10.5529 6.11688
0 0 189 6.70182 -5.13144 -3.83669 7.83736
0 0 190 15.2718 -15.8305 10.5886 9.91423
0 0 191 30.6721 -3.26863 -6.56875 -0.163676
0 0 192 5.19293 -8.99949 9.31053 16.514
0 0 193 -9.40725 3.10105 1.41575 -3.85423
0 0 194 -5.93038 -7.66817 -11.1459 -5.7175
0 0 195 -11.7135 -5.29141 9.02755 -17.091
0 0 196 -6.95867 -7.91689 -11.1644 -8.84036
0 0 197 -15.1206 -19.4849 0.65308 3.5083
0 0 198 -13.0264 -1.38724 1.46867 12.6285
0 0 199 7.271 1.7171 -5.89465 5.33674
0 0 200 5.33523 1.5045 -9.93924 12.6819
0 0 201 -27.9488 0.688167 8.86765 21.0033
0 0 202 -11.3591 8.72561 1.92996 -0.234491
0 0 203 10.2163 -8.00564 13.3919 16.3016
0 0 204 5.70842 -7.20685 2.03694 4.05857
0 0 205 5.10433 18.9809 16.3552 18.2879
0 0 206 12.7535 -2.16849 -15.3516 -5.31001
0 0 207 12.6461 -3.51632 -6.7459 8.33423
0 0 208 26.6099 -3.74749 -0.766438 -6.53362
0 0 209 16.5498 -4.42141 5.9757 8.7777
0 0 210 -19.2553 6.68529 34.3638 0.368024
0 0 211 -9.92274 -4.28002 11.6883 -14.5892
0 0 212 8.0684 -4.31511 10.0387 22.3511
0 0 213 -6.58817 5.63881 21.7837 16.6383
0 0 214 -18.6861 3.72233 1.85864 26.3609
0 0 215 -0.447926 -3.39248 -13.7193 10.8186
0 0 216 -1.35272 4.73372 11.8838 5.31817
0 0 217 24.5507 0.280516 12.505 19.5835
0 0 218 21.6242 10.1096 -6.53309 -8.32607
0 0 219 3.81024 2.46223 2.85253 -16.9668
0 0 220 -17.6578 -10.2586 1.04304 6.8262
0 0 221 10.7291 -14.0028 11.227 8.01498
0 0 222 -4.4215 1.06073 21.9965 1.46857
0 0 223 -24.2947 20.1698 9.50609 -7.42056
0 0 224 -12.8143 8.05169 2.46256 -11.1645
0 0 225 -6.40828 5.92262 -1.70742 -4.2977
0 0 226 -14.6078 6.34781 -14.4279 -1.7611
0 0 227 9.2202 19.4422 -3.03836 -8.3609
0 0 228 -3.1811 8.24675 18.9987 -6.62185
0 0 229 1.91205 7.76789 0.316031 -20.958
0 0 230 6.98641 -3.09112 11.8125 0.545644
0 0 231 11.8997 0.545747 4.18347 -13.3296
0 0 232 -0.217029 14.1365 17.2237 -5.80573
0 0 233 -21.8273 17.2945 -0.802099 9.07954
0 0 234 -16.2402 3.26102 -1.06783 8.246
0 0 235 -2.5072 -16.1494 -7.17153 4.8747
0 0 236 4.12973 -0.411976 -5.98323 -9.44404
0 0 237 -4.79469 0.350694 13.8532 17.9153
0 0 238 -14.9273 13.0189 13.8003 14.6693
0 0 239 2.00065 30.5489 -2.20436 1.75184
0 0 240 13.3388 15.5917 -9.15931 2.37293
0 0 241 20.4697 -4.65258 1.96562 -5.94852
0 0 242 28.543 -15.5106 -1.08623 -7.47396
0 0 243 -0.732519 -2.80732 -12.6184 -3.07409
0 0 244 -8.60985 3.75742 2.49822 -9.46145
0 0 245 16.9579 -2.96625 -10.5604 2.62136
0 0 246 28.2584 4.52009 -6.55034 -8.98199
0 0 247 22.2444 -26.706 9.7189 0.633874
0 0 248 7.05622 -2.00852 12.9663 0.687276
0 0 249 -4.1906 -0.553364 -13.6295 -11.5546
0 0 250 5.06943 6.7565 -10.4005 -31.3203
0 0 251 5.17682 1.84094 0.918808 -29.6869
0 0 252 4.21833 -8.43187 9.45317 -15.9196
0 0 253 -6.56937 5.51394 8.17515 1.87605
0 0 254 -21.1535 11.671 10.4643 7.5181
0 0 255 -12.7257 19.7436 6.89827 3.54429
0 0 256 -8.67966 15.8931 -3.55256 -6.69383
0 0 257 -14.0574 9.34689 -0.234982 -3.12749
0 0 258 -23.2288 -22.6605 0.297625 -2.3996
0 0 259 -0.340532 -2.18603 -5.78767 -2.43559
0 0 260 11.2983 4.11244 -16.1315 -18.0476
0 0 261 -14.8736 15.0241 -9.19497 -16.2551
0 0 262 -16.6644 23.6116 -5.78767 -11.4129
0 0 263 0.66897 19.5124 -6.79882 -2.13375
0 0 264 16.6545 31.0814 -5.5576 -5.89512
0 0 265 24.2312 14.4028 9.11612 -7.10131
0 0 266 8.67249 9.27568 12.6293 -11.2005
0 0 267 10.8177 12.2211 4.59184 -18.7766
0 0 268 3.34844 -0.518275 -11.8385 -2.36361
0 0 269 4.99962 -10.5248 -16.6998 8.01498
0 0 270 14.0126 -1.70717 -2.80714 18.2345
0 0 271 -6.63918 3.65112 -4.10242 -7.84662
0 0 272 -7.98966 -11.111 -8.7866 -7.01308
0 0 273 11.6688 10.446 -6.85288 3.95177
0 0 274 16.0692 8.60177 6.04587 -2.9847
0 0 275 21.3933 16.9932 -0.039424 0.404012
0 0 276 8.31541 8.83191 6.11719 4.00517
0 0 277 -14.0037 12.5224 5.37177 17.3662
0 0 278 -13.9151 6.52532 -6.21329 13.4446
0 0 279 -0.786216 -15.3692 -6.14312 -8.34349
0 0 280 -6.58817 0.439448 -12.9382 4.14797
0 0 281 -9.40725 -11.5187 0.440267 18.3773
0 0 282 -9.83414 -14.9605 8.60077 14.6334
0 0 283 -8.14806 -13.8428 18.6789 21.3934
0 0 284 5.15803 -2.71856 6.06427 10.8894
0 0 285 -15.0857 3.72233 -3.42832 -7.669
0 0 286 -16.3449 16.6206 -10.0991 -2.06293
0 0 287 -3.8362 -2.8424 -1.44054 10.4459
0 0 288 7.32202 -24.932 -0.0566791 2.40891
0 0 289 8.88459 -4.04885 -7.13586 13.8532
0 0 290 2.90545 3.95248 -6.42611 -3.69518
0 0 291 3.20615 0.103007 16.3897 4.83987
0 0 292 -8.80585 -11.4475 5.39018 17.7736
0 0 293 -12.7794 -22.0578 2.92385 -2.94987
0 0 294 -23.0167 -3.01991 15.2727 4.04116
0 0 295 -4.0671 -16.8945 12.0967 5.40756
0 0 296 -7.45537 -10.756 -4.52805 -1.10402
0 0 297 -18.2619 -3.26863 -3.90686 -5.52246
0 0 298 -4.79469 -7.15422 -0.944741 -7.40315
