0 0 0 -20.6659 -14.2355 10.8733 2.51364
0 0 1 -13.0456 -11.163 35.0666 6.99122
0 0 2 5.56988 11.9584 6.45292 23.13
0 0 3 13.8431 31.5762 -11.5689 13.3075
0 0 4 -14.8997 25.0266 -24.3476 -11.554
0 0 5 -6.32301 11.8722 -12.785 1.87654
0 0 6 -1.83235 -20.6812 -38.5166 -7.38153
0 0 7 -0.932956 -26.4041 -21.8689 3.48494
0 0 8 -14.3211 -6.16513 -10.2495 -0.281775
0 0 9 0.614511 10.9593 -10.6265 -3.15096
0 0 10 1.4412 1.57147 -31.4898 32.8217
0 0 11 18.0729 39.7903 -30.3731 7.97593
0 0 12 9.82976 -65.2175 50.7273 -3.3678
0 0 13 5.39601 -54.5388 9.20727 -12.6549
0 0 14 -25.8821 -1.73095 0.934084 -28.2583
0 0 15 -15.6821 33.3004 6.70019 -2.1506
0 0 16 13.3926 -12.6705 50.9157 -6.90314
0 0 17 -13.4802 -42.8919 9.27821 -7.74367
0 0 18 9.24966 30.9529 10.1051 -26.9394
0 0 19 19.8259 25.0841 -20.3346 0.0367747
0 0 20 33.8795 34.5161 50.555 4.23828
0 0 21 -9.98856 33.6762 12.0467 -24.9543
0 0 22 4.51242 3.00606 -22.5357 5.3683
0 0 23 -14.9439 39.021 -42.6005 9.84476
0 0 24 -5.82984 51.5543 -5.61434 26.0998
0 0 25 5.52562 -22.6529 43.3539 -1.19495
0 0 26 -0.716405 -1.2977 23.4634 -1.35367
0 0 27 4.31009 -9.19345 46.8156 -14.915
0 0 28 -2.68749 -7.57098 -15.2495 -10.6263
0 0 29 -5.82984 -12.5976 5.54088 12.3227
0 0 30 16.4227 -28.8533 50.0179 19.5086
0 0 31 -10.7267 -9.51176 44.57 18.8122
0 0 32 -12.712 -50.6572 75.7495 -3.29515
0 0 33 2.29633 -27.4762 -11.4088 5.83215
0 0 34 11.6839 8.71346 0.557109 2.89031
0 0 35 -12.4955 55.3784 -19.5807 -4.31004
0 0 36 11.51 33.5303 45.9907 -7.14904
0 0 37 3.12144 38.5878 12.0609 0.239082
0 0 38 4.49819 51.0039 -18.1903 29.8955
0 0 39 -17.8271 -28.8533 -14.1044 2.1515
0 0 40 10.9441 7.94643 27.7074 -40.4269
0 0 41 16.8273 -52.4234 3.15135 -30.1841
0 0 42 7.22167 21.6955 -40.9507 4.41153
0 0 43 -8.27828 -8.15012 -0.616379 -17.8557
0 0 44 -25.332 13.7555 -19.9718 27.5193
0 0 45 10.2644 -6.773 -24.1449 7.45396
0 0 46 4.96133 -44.0502 25.9117 12.5105
0 0 47 20.2179 -30.5045 42.6142 10.4819
0 0 48 -15.8133 -10.3385 -29.8948 -4.36816
0 0 49 -36.5152 -17.2616 -21.579 7.38243
0 0 50 10.7861 -29.0257 3.30943 -39.0074
0 0 51 31.4595 28.402 6.46914 9.58433
0 0 52 -5.52635 -33.5903 -46.658 22.3476
0 0 53 10.6549 -42.4719 -22.4627 9.12048
0 0 54 5.75798 -16.5521 4.84571 14.3067
0 0 55 8.32181 -10.6568 -25.3184 25.7667
0 0 56 19.7247 1.2377 0.078796 10.7434
0 0 57 -1.93351 12.1043 -48.4254 -6.74331
0 0 58 -0.629469 -5.07758 -5.39748 -0.976997
0 0 59 20.4486 -42.5868 -4.57057 5.54154
0 0 60 17.9591 -16.625 17.5088 3.23792
0 0 61 -8.22138 23.7954 16.0009 8.96065
0 0 62 -2.07893 -6.87468 16.5076 -11.3505
0 0 63 25.0278 -11.3663 45.3827 -16.1176
0 0 64 12.539 52.2484 -21.8993 6.03446
0 0 65 26.8092 47.9756 -23.1011 -9.84386
0 0 66 0.846868 29.1845 35.2692 -8.83009
0 0 67 -20.971 -1.47012 -11.0318 10.5545
0 0 68 -9.52542 -67.5628 13.2486 14.3503
0 0 69 15.841 23.2295 17.3913 -0.78922
0 0 70 1.91856 77.2995 -18.016 13.3801
0 0 71 19.2173 -38.5881 5.46792 -5.67142
0 0 72 23.1294 5.03305 38.6742 3.22339
0 0 73 13.3056 -10.1196 -0.920391 7.85969
0 0 74 16.7262 56.2339 37.0528 -2.83241
0 0 75 -19.0868 13.7555 -8.19237 11.67
0 0 76 -30.5039 -30.9974 3.62966 7.09182
0 0 77 -1.62845 10.3934 1.93327 -15.0301
0 0 78 -14.2484 -28.084 -43.5429 -0.557852
0 0 79 -14.6831 -12.0759 -16.8567 2.12244
0 0 80 -12.7421 0.687291 8.42495 6.49831
0 0 81 -3.12059 -4.94717 21.3029 11.4677
0 0 82 0.832642 -27.9978 9.26402 3.45588
0 0 83 -15.2917 -10.6568 2.3974 11.2497
0 0 84 -21.0279 -16.1476 -33.0687 21.9418
0 0 85 1.84584 0.788972 -33.3727 -4.46875
0 0 86 15.7983 2.67228 -34.7347 -14.1907
0 0 87 0.774157 -19.2466 9.13431 8.48338
0 0 88 -9.5112 -4.83222 6.04757 6.10711
0 0 89 13.5664 2.55734 -15.1482 -0.832811
0 0 90 5.35175 -42.8344 2.3974 -15.4213
0 0 91 6.82967 35.5307 1.19553 -13.9582
0 0 92 7.39554 18.9855 -1.573 1.71671
0 0 93 12.1328 -7.44056 -0.529229 -14.6389
0 0 94 21.6657 -3.26722 13.0317 -22.1153
0 0 95 -14.0445 9.61091 15.8266 3.87614
0 0 96 26.1279 -1.0656 39.7463 15.031
0 0 97 10.756 15.5526 17.6973 -6.3957
0 0 98 -25.4474 12.7564 -34.909 -2.20872
0 0 99 -12.6551 -49.773 12.9446 -6.29399
0 0 100 1.2531 -7.86055 46.7731 15.7843
0 0 101 -4.1496 43.3248 3.84652 -3.93336
0 0 102 -10.1624 -34.5474 -11.7128 5.5706
0 0 103 15.3637 -2.74555 23.4472 21.3629
0 0 104 19.7674 46.614 -5.18062 22.6371
0 0 105 1.38271 -27.3745 34.9956 -14.7261
0 0 106 13.0606 -17.8717 17.6102 2.28227
0 0 107 4.84594 33.6762 15.2916 5.48454
0 0 108 -3.43988 4.8319 7.78652 15.3361
0 0 109 5.59833 13.9147 -10.6995 20.5223
0 0 110 3.88964 -19.2179 -5.57178 -5.6133
0 0 111 8.1922 -36.9082 -8.81661 1.25397
0 0 112 -8.06331 -24.2599 8.36617 4.12204
0 0 113 -2.57052 -26.6362 5.49832 -7.01939
0 0 114 24.2296 22.1155 -14.3071 15.7989
0 0 115 0.571833 -15.018 -24.303 2.20962
0 0 116 2.42595 22.4912 -1.7169 -2.61446
0 0 117 -4.41041 8.66925 -6.12103 -4.04849
0 0 118 -15.5667 9.36555 3.00542 -14.1907
0 0 119 9.7855 -17.0605 -0.658941 7.54114
0 0 120 -6.77191 -14.7572 -5.58597 2.31133
0 0 121 -14.4792 -3.42637 -19.2625 3.06468
0 0 122 -22.8536 -25.8824 -18.5511 3.02109
0 0 123 -10.9591 1.18022 1.62926 -2.38309
0 0 124 -4.42463 -31.8529 13.1756 -7.97504
0 0 125 -3.03365 -16.3509 4.09176 -3.18002
0 0 126 -0.310176 41.6449 -5.87579 5.15034
0 0 127 -11.3795 17.3785 -4.22399 3.67272
0 0 128 3.04873 -22.4628 1.08001 -23.6365
0 0 129 6.39499 22.058 -19.5665 -31.3723
0 0 130 -13.191 9.10471 5.3524 -18.884
0 0 131 -23.4479 1.7461 -5.8312 -6.87408
0 0 132 4.93287 -63.71 9.71396 -3.91883
0 0 133 -4.20808 -6.05018 -9.85835 -6.0045
0 0 134 18.0445 23.5921 14.4951 2.0509
0 0 135 27.5632 -12.9888 26.4184 7.22259
0 0 136 28.9526 -24.4478 19.8558 -6.3957
0 0 137 -2.54207 5.4243 11.2056 7.55567
0 0 138 2.67253 -29.2445 10.8003 -11.4377
0 0 139 -18.8845 4.0914 56.2907 11.9025
0 0 140 -17.7828 19.9116 12.0609 4.12204
0 0 141 -20.3182 22.6371 -1.44127 -4.17926
0 0 142 -11.2057 12.0888 21.5644 16.2191
0 0 143 1.51391 12.0756 -3.2248 12.0321
0 0 144 7.94561 1.04981 0.311872 2.77519
0 0 145 -25.664 -25.2878 -9.56853 -21.1295
0 0 146 -5.049 -32.5182 -10.207 3.70178
0 0 147 20.044 27.3012 -5.90417 -10.6117
0 0 148 8.65533 9.54017 11.2198 7.90328
0 0 149 -6.75769 55.973 12.9446 -13.9001
0 0 150 -17.2754 21.6225 1.67385 -7.54024
0 0 151 -0.657921 -18.0021 28.7208 5.15034
0 0 152 2.87485 -23.8399 6.20768 -2.87488
0 0 153 -13.7553 0.658555 -7.07765 -12.4806
0 0 154 -16.8708 -4.48518 0.484146 -6.10621
0 0 155 -4.65699 -11.7134 -57.0735 -7.367
0 0 156 -2.30971 0.254041 -13.1478 1.61611
0 0 157 -8.10599 -23.1879 11.7265 3.93426
0 0 158 -6.54114 18.9855 -15.3063 -3.45498
0 0 159 -2.80288 33.0241 -11.9317 -16.3054
0 0 160 0.137151 27.9975 -9.26452 -1.35367
0 0 161 -10.8137 -3.35343 -20.363 3.64365
0 0 162 -2.67168 7.94643 17.594 -17.4209
0 0 163 6.55463 30.3737 15.3058 -0.514261
0 0 164 9.42353 19.6663 -8.93213 11.1201
0 0 165 -11.8869 16.3196 -24.9414 -9.23582
0 0 166 -7.96057 3.32437 -18.8267 14.2776
0 0 167 2.62827 15.9726 -9.2787 2.02184
0 0 168 -0.370241 14.118 10.0605 -18.6817
0 0 169 5.42446 19.0717 -15.4806 3.78896
0 0 170 17.7394 9.26387 19.5944 10.1052
0 0 171 0.383734 -6.03471 -5.96294 4.23828
0 0 172 13.538 9.54017 17.0589 2.32586
0 0 173 15.5375 4.5998 5.51251 4.26734
0 0 174 23.376 -43.7761 9.8153 0.688405
0 0 175 -3.39721 -36.6031 10.6118 -24.9543
0 0 176 3.75844 -12.9446 3.94786 -10.728
0 0 177 1.04919 -11.9897 5.59966 18.2187
0 0 178 1.35426 -27.6353 18.2324 7.97593
0 0 179 -20.0874 -15.0887 -16.3054 18.1315
0 0 180 -6.13491 -0.0952108 -26.1717 2.71707
0 0 181 -25.7367 16.0146 -23.6808 5.99087
0 0 182 -16.8708 6.07639 -4.51382 -6.20792
0 0 183 -13.2052 15.5239 10.8145 10.3377
0 0 184 5.59833 41.9764 9.29442 -12.9008
0 0 185 5.85914 12.7409 38.2263 -15.6828
0 0 186 2.72943 -41.8618 -3.75987 -20.2755
0 0 187 -10.8295 2.41145 -30.0549 7.83063
0 0 188 4.72897 67.8963 -34.5178 -0.876402
0 0 189 -7.10543 54.3926 -44.0638 -6.45382
0 0 190 -25.9406 5.43977 -15.5393 4.52777
0 0 191 -3.94728 -6.70006 16.9717 -3.52763
0 0 192 4.39861 11.5826 -17.4364 5.07881
0 0 193 -6.38149 -18.5083 -21.1737 -8.12034
0 0 194 -3.17907 -18.9858 15.553 -0.962466
0 0 195 4.59936 -26.0703 21.8116 -1.35367
0 0 196 6.01879 -16.7267 7.26565 -18.6962
0 0 197 -4.80399 8.06138 -15.7258 7.01917
0 0 198 7.12051 53.5239 -15.9731 -13.3211
0 0 199 16.2472 49.1206 2.42577 2.1515
0 0 200 6.59889 8.71346 38.7471 9.54074
0 0 201 -15.8417 -34.5165 48.3661 5.87574
0 0 202 9.84399 17.9134 13.8283 -0.427079
0 0 203 15.0159 -14.3372 -36.5891 2.9339
0 0 204 -7.11966 9.85848 -41.3844 29.606
0 0 205 -12.075 10.4531 16.6677 19.9277
0 0 206 -11.2642 3.83056 -15.9143 14.8723
0 0 207 10.0321 27.215 -4.80364 6.57096
0 0 208 0.137151 -2.73229 16.0151 -12.133
0 0 209 8.208 -20.0446 -23.8105 1.32551
0 0 210 12.814 -22.3634 -15.4947 -14.7697
0 0 211 9.49624 38.6011 18.5952 -2.93301
0 0 212 1.09345 -12.3522 15.4213 -2.02095
0 0 213 -19.6085 -19.2179 -7.1648 4.19469
0 0 214 14.8278 -8.65631 11.7711 5.06428
0 0 215 0.122925 -30.9245 51.3069 9.28031
0 0 216 8.11949 17.9863 7.20687 -4.9762
0 0 217 1.702 -6.54091 24.2741 9.12048
0 0 218 -3.49837 -33.0686 -3.13765 17.0015
0 0 219 0.889545 -24.0566 -2.7019 0.586693
0 0 220 0.788383 -22.9558 2.28187 -9.94558
0 0 221 -0.657921 35.3716 -39.5725 16.161
0 0 222 -20.6375 -12.9159 3.96205 -10.1479
0 0 223 -13.7837 -15.0755 -7.9755 4.64401
0 0 224 -11.0318 -21.2603 -21.2892 0.224552
0 0 225 -7.91631 -1.97852 -17.8863 11.5258
0 0 226 -16.3918 4.5998 -19.8117 -3.19455
0 0 227 2.59982 25.4179 8.80192 4.18016
0 0 228 20.8549 22.0138 28.7796 7.41037
0 0 229 17.4501 -3.67394 13.7269 -10.7861
0 0 230 10.3798 0.29604 7.09135 -6.10621
0 0 231 21.0714 3.16521 -19.7692 -16.4798
0 0 232 30.7783 6.59805 -39.8198 22.7824
0 0 233 40.8771 -6.54091 -40.1684 17.1323
0 0 234 40.7459 -6.74427 -1.66015 0.109426
0 0 235 36.6615 26.07 -34.1266 -11.9161
0 0 236 31.7061 -12.655 15.2328 -0.325366
0 0 237 49.4538 -10.018 -2.2094 -0.0213467
0 0 238 39.268 -1.83263 20.3767 7.78704
0 0 239 67.0718 17.2038 3.01961 17.7694
0 0 240 47.0638 9.80101 -36.6033 -15.0301
0 0 241 18.4491 -24.5075 -51.7715 -19.8407
0 0 242 43.4852 -38.6323 -38.5875 12.1339
0 0 243 38.0967 -2.05147 -15.9731 18.5082
0 0 244 27.8951 -5.17926 -4.58475 -4.93261
0 0 245 37.1531 -2.3543 49.5112 -9.67062
0 0 246 17.3047 -6.57185 49.4241 -1.35367
0 0 247 19.9997 13.0592 13.4229 -6.03356
0 0 248 17.349 -1.45685 -21.4493 19.7981
0 0 249 5.07671 1.25317 1.84612 16.8428
0 0 250 4.07774 2.5286 -35.0975 9.09142
0 0 251 0.976482 22.1442 -11.5973 -9.4236
0 0 252 -6.40994 8.96103 -11.8304 -2.71617
0 0 253 5.88917 -1.61601 -3.42748 -8.72838
0 0 254 14.0881 22.825 -32.3877 3.25245
0 0 255 5.81646 6.45438 0.281471 2.90484
0 0 256 1.2531 18.1455 12.9446 3.7599
0 0 257 1.32423 9.59765 19.1019 28.6213
0 0 258 3.5988 -1.79063 -0.399517 3.7599
0 0 259 -15.5383 4.0914 -19.609 -15.3643
0 0 260 -30.5767 -0.254364 -15.6103 -0.0794681
0 0 261 -16.3634 8.48137 11.0313 -9.19223
0 0 262 27.6928 5.106 34.5173 -6.80143
0 0 263 14.292 30.7783 54.4362 -4.45422
0 0 264 -14.19 -19.2908 -20.5515 -8.71385
0 0 265 -5.59907 -16.7554 -12.177 -1.73034
0 0 266 5.38178 14.118 -5.46842 5.15034
0 0 267 8.87346 9.38102 6.94745 11.8444
0 0 268 -7.91631 36.1386 1.33943 -13.7849
0 0 269 2.72943 33.7911 10.0605 -14.2913
0 0 270 -13.8138 -20.6679 -2.3837 0.935421
0 0 271 4.61358 -0.528461 1.96367 11.0765
0 0 272 18.5092 -24.2887 -35.2859 4.16563
0 0 273 -20.7386 -39.8061 -33.7922 -18.4782
0 0 274 -2.25281 -22.9558 -13.9301 -1.07871
0 0 275 -2.25281 -2.34104 2.5717 3.89067
0 0 276 -2.87559 -12.7125 -18.1032 12.8
0 0 277 -1.12264 -2.18188 37.9932 12.1774
0 0 278 -5.07903 -17.6241 41.615 3.3251
0 0 279 -11.1187 -13.1767 8.41076 12.0612
0 0 280 -6.87308 -4.74601 -26.8101 20.7101
0 0 281 6.96086 9.38102 -55.7703 5.22299
0 0 282 -8.61338 -2.38303 -18.2187 2.06544
0 0 283 6.33808 30.0532 -16.0156 -2.05001
0 0 284 -6.42417 18.3046 19.4342 2.64441
0 0 285 -12.9159 -18.7249 25.6219 -4.01943
0 0 286 19.0719 33.2849 37.4439 23.4195
0 0 287 -1.77387 15.5371 27.519 17.509
0 0 288 2.3975 16.176 12.9872 4.49871
0 0 289 25.3028 29.8366 13.2912 -7.88786
0 0 290 10.481 -0.948448 -10.3954 -10.3658
0 0 291 3.57035 -13.7138 -19.2767 8.22183
0 0 292 -14.827 23.8396 20.7962 2.32586
0 0 293 10.9014 7.42477 -9.06184 5.25205
0 0 294 4.29429 -34.837 22.7095 1.39816
0 0 295 -3.32449 -33.0841 14.9592 -6.64272
0 0 296 -7.6555 -2.74555 3.84652 -22.4774
0 0 297 -6.14914 3.56973 -5.42585 -15.5521
0 0 298 8.32181 -13.033 17.6973 3.42682
0 0 299 19.3042 -8.75799 14.5964 -11.307
0 0 300 3.38225 -3.57226 6.57047 -24.2591
0 0 301 24.6801 -22.507 -21.8405 4.70214
0 0 302 1.60084 -25.405 6.90286 -6.59912
0 0 303 7.55519 -21.0592 -0.717716 -18.7253
0 0 304 6.19266 -39.5165 -38.6889 -9.27942
0 0 305 -8.75722 -17.35 -23.695 1.58705
0 0 306 -7.09121 -19.7108 11.7711 14.0608
0 0 307 -17.7543 -22.0583 -8.91794 0.790118
0 0 308 -10.3648 -7.7014 -17.7829 -11.307
0 0 309 -15.2047 -27.7237 -23.1883 -13.0607
0 0 310 -13.0898 22.0867 -25.1157 -13.6251
0 0 311 14.1323 20.4643 17.827 -3.74447
0 0 312 15.8568 41.2536 9.65518 1.83295
0 0 313 40.7759 31.1982 -2.97754 -7.22169
0 0 314 3.0345 22.9997 0.484146 4.36794
0 0 315 -1.97619 31.0391 -17.4222 -3.97696
0 0 316 7.13473 -13.2209 -13.5977 -10.0752
0 0 317 5.07671 -25.3607 -7.61272 6.80233
0 0 318 10.8572 -13.8288 -6.75946 -9.62703
0 0 319 -3.98995 26.2446 -6.52638 -12.2637
0 0 320 0.905352 23.9104 -23.6524 -10.8152
0 0 321 7.65635 3.47026 -13.8146 3.20998
0 0 322 8.46723 -15.8712 -6.01969 -4.46875
0 0 323 0.252539 18.7976 11.3941 -7.78726
0 0 324 2.46863 11.6556 53.6397 0.500628
0 0 325 -13.3933 24.1005 40.5287 -4.3961
0 0 326 -24.7235 6.30849 0.731409 -19.4495
0 0 327 -23.0132 -10.6413 -16.0744 1.31209
0 0 328 -15.219 -10.2213 -25.7521 -16.8419
0 0 329 10.5395 -6.80174 12.0467 5.99087
0 0 330 1.23729 -16.9588 -7.51138 -21.9991
0 0 331 4.78745 -15.2788 21.4205 -8.01863
0 0 332 13.5822 24.8388 33.9944 -5.87484
0 0 333 13.8573 28.6628 28.5911 -19.131
0 0 334 -8.01748 32.677 -11.1778 -24.8392
0 0 335 -15.4513 -17.5379 41.7467 1.45628
0 0 336 -29.2141 -3.26722 -14.451 -4.96167
0 0 337 -3.59953 3.0348 -39.5016 -6.1498
0 0 338 12.539 15.1326 -21.6236 0.673875
0 0 339 7.8729 -21.2603 2.91827 13.5534
0 0 340 -1.23802 -1.81937 4.5417 -3.20908
0 0 341 -4.54318 28.8507 15.2186 21.421
0 0 342 -9.00381 1.39685 25.7374 -11.4523
0 0 343 -5.90255 6.00565 -4.93335 -3.44045
0 0 344 -11.3653 -2.44272 -6.46963 16.0604
0 0 345 -11.2057 23.2163 -25.6933 -3.62823
0 0 346 -18.5652 -30.027 -43.3402 -0.861872
0 0 347 -9.26462 -13.6254 28.6924 -21.5933
0 0 348 17.1024 -20.248 -0.123879 2.28227
0 0 349 7.95984 15.2034 9.29442 -23.0419
0 0 350 -19.5942 -4.94717 -10.207 -9.48172
0 0 351 -13.6541 4.74348 -17.5093 8.52697
0 0 352 9.13427 4.91811 20.5935 1.5144
0 0 353 7.59787 11.5826 -5.8312 1.21038
0 0 354 -8.78568 -11.163 1.62926 11.2643
0 0 355 7.16319 -16.0591 13.0885 31.533
0 0 356 2.00549 -5.35389 0.934084 -1.77393
0 0 357 -8.17712 6.62679 -7.65731 -14.3494
0 0 358 -8.82994 -10.67 8.46751 7.35337
0 0 359 1.00651 20.8246 -27.6796 -0.4852
0 0 360 18.6815 17.6813 12.7135 -4.36816
0 0 361 10.4383 10.4664 3.32362 3.80349
0 0 362 3.39647 3.72888 -5.39748 7.88875
0 0 363 15.958 -0.528461 -2.32493 17.6822
0 0 364 -14.6531 1.99146 20.6077 3.7599
0 0 365 3.32376 6.06312 -11.0035 -4.90354
0 0 366 7.0478 -1.03687 14.5964 -1.78846
0 0 367 14.4943 -29.1716 -8.51259 -0.296306
0 0 368 31.9811 -6.731 -22.7242 -1.55709
0 0 369 14.842 5.26515 30.1416 -4.65765
0 0 370 -18.4356 -29.7507 -20.594 1.34004
0 0 371 3.91809 2.03567 -13.2775 -6.42476
0 0 372 2.91911 27.1266 0.455771 4.45512
0 0 373 4.98978 31.5762 5.80234 -4.26644
0 0 374 -5.70023 42.8031 -49.455 1.00696
0 0 375 -7.81515 3.67141 -14.2483 29.5624
0 0 376 -21.5211 2.8027 -3.93417 5.70138
0 0 377 -8.69874 -31.8219 47.1055 -6.16433
0 0 378 11.8435 -45.3831 12.292 13.018
0 0 379 7.6848 -51.2518 -20.1319 -9.65609
0 0 380 -0.716405 6.96057 -18.2775 3.87614
0 0 381 -1.90506 35.3274 -23.0728 1.71671
0 0 382 -9.36578 8.06138 -4.57057 2.62988
0 0 383 5.46872 20.1437 -14.8867 0.268143
0 0 384 -21.0721 -14.6268 17.6811 -9.91652
0 0 385 -11.3068 1.68642 4.88827 -0.383488
0 0 386 7.71326 -3.97677 12.9446 6.65703
0 0 387 0.0201823 -4.96264 17.219 -11.1773
0 0 388 -1.33919 -0.877713 -0.0792904 -20.1157
0 0 389 13.813 -6.773 9.75652 -3.71541
0 0 390 1.64352 -24.5495 -12.7424 15.1763
0 0 391 -11.9296 8.13432 -5.13603 2.91937
0 0 392 17.7836 5.35357 -29.5198 25.3028
0 0 393 19.8843 1.70189 -28.9098 15.5094
0 0 394 -2.75862 -17.2329 10.2206 -9.8148
0 0 395 14.1181 -18.19 12.6406 -15.3777
0 0 396 -11.1614 -40.9202 10.1335 4.397
0 0 397 -9.64081 -27.3745 0.644259 23.9996
0 0 398 11.1623 3.41058 -26.4331 20.0149
0 0 399 -9.46694 19.5801 -4.46923 0.746526
0 0 400 -4.99051 -3.76015 -15.365 -5.23663
0 0 401 0.701447 -18.5083 -9.29492 24.3617
0 0 402 9.75705 9.90269 41.0799 27.042
0 0 403 10.5537 -13.8443 23.7958 18.3059
0 0 404 -14.9439 -11.3663 12.5088 -13.9872
0 0 405 -8.95955 31.3729 -29.301 3.9052
0 0 406 -15.219 -13.4663 4.28025 14.9159
0 0 407 -6.16336 -22.9845 47.527 1.39816
0 0 408 -10.4232 -7.71466 -5.42585 -7.52571
0 0 409 -0.759083 -2.5864 -15.4806 0.442507
0 0 410 9.06156 52.5822 24.5336 8.87458
0 0 411 18.3479 18.5367 -10.438 8.42526
0 0 412 -9.98856 -5.35389 -7.35329 -19.9995
0 0 413 1.77472 -38.5461 -44.9779 7.04823
0 0 414 21.5504 -30.6194 10.6118 -5.58424
0 0 415 12.2055 -28.1857 48.8302 5.99087
0 0 416 -11.0318 11.2201 2.45617 16.9579
0 0 417 4.25161 11.1052 -4.3537 -2.16513
0 0 418 1.91856 -13.3226 5.41117 9.78664
0 0 419 -2.45513 40.1241 -20.1461 7.71551
0 0 420 -11.2057 -36.1986 -10.7582 21.3919
0 0 421 -1.57154 -11.2934 -9.14899 5.22299
0 0 422 2.87485 30.7053 -8.45382 1.64517
0 0 423 21.6515 25.535 -31.8952 -1.65881
0 0 424 -4.3535 -15.5684 -20.29 -12.6404
0 0 425 -6.19339 -39.9652 0.078796 -2.49821
0 0 426 0.774157 -12.3942 3.3824 -6.19339
0 0 427 -15.7975 1.07854 -20.2758 13.7568
0 0 428 -17.3623 -22.4938 -12.8863 20.3334
0 0 429 -18.189 -23.6521 38.1249 -15.8851
0 0 430 -5.33826 35.9352 23.9397 -15.7555
0 0 431 -32.7927 -27.3457 -19.8989 6.83139
0 0 432 12.0601 -3.31143 11.307 10.5545
0 0 433 3.62883 -6.16513 27.069 7.49755
0 0 434 5.85914 -2.84723 -2.32493 -4.91808
0 0 435 11.5242 1.97599 -15.7846 1.96372
0 0 436 13.2187 29.5912 40.4719 -21.5933
0 0 437 -13.7553 -5.28094 -4.77324 0.500628
0 0 438 7.03357 11.8435 -22.3614 -1.9047
0 0 439 -4.19386 13.6406 6.17931 -15.827
0 0 440 4.5551 24.6929 2.19472 -13.6832
0 0 441 -28.1567 -11.4813 -18.5227 -2.03548
0 0 442 -8.29409 17.7984 -13.9017 1.39816
0 0 443 -1.0357 23.5346 -11.9743 13.2057
0 0 444 13.0891 5.36683 -12.714 7.06276
0 0 445 7.17741 1.77484 15.0017 -12.9444
0 0 446 -7.72821 34.357 4.75856 -4.36816
0 0 447 -8.45216 13.5389 13.2628 -10.0182
0 0 448 -19.8408 13.9434 5.64222 -5.65689
0 0 449 -11.5961 31.7354 -20.9285 0.0367747
0 0 450 0.151377 15.0022 -21.5365 26.491
0 0 451 7.36709 24.7371 2.99123 20.4206
0 0 452 -2.29549 20.2322 -3.47004 7.70098
0 0 453 -15.5667 3.90351 4.81734 -9.90199
0 0 454 9.67011 0.788972 -8.71527 5.99087
0 0 455 6.81544 27.0978 -0.470453 10.1924
0 0 456 7.54096 16.6534 13.1473 1.16679
0 0 457 4.35277 31.9962 -5.78864 -13.1758
0 0 458 13.4795 -14.3062 14.9876 5.81762
0 0 459 11.0753 -14.7704 -30.7359 -6.67066
0 0 460 7.35128 33.8508 -31.6054 -3.57122
0 0 461 2.52711 -6.44143 -16.5243 5.74497
0 0 462 5.01981 -53.8005 -16.1757 17.2485
0 0 463 16.233 -55.5534 -1.26899 -4.49781
0 0 464 -16.1026 19.4629 3.77356 -3.02019
0 0 465 5.19368 -3.25395 -4.45504 -10.8576
0 0 466 4.759 -35.0978 -7.03509 13.6405
0 0 467 3.13566 -7.31014 -11.5831 8.68569
0 0 468 -13.3791 6.58479 -34.7772 8.70022
0 0 469 12.2482 -1.68895 -20.436 11.4968
0 0 470 6.0915 5.84429 2.67303 -1.52803
0 0 471 -7.36624 30.5616 24.2883 2.77519
0 0 472 -14.3923 23.5058 -11.0622 -9.49625
0 0 473 -2.49781 -3.64521 33.4877 -6.06262
0 0 474 -7.04695 -15.9729 -16.0014 -10.9884
0 0 475 0.252539 2.61481 8.27902 -5.55517
0 0 476 -2.02045 -35.9378 27.1562 9.75758
0 0 477 2.32478 -19.5075 12.7703 4.94803
0 0 478 22.1004 -10.3959 9.45251 5.48454
0 0 479 5.23636 28.1412 18.8708 4.04939
