0 0 0 5.68421 2.6504 -3.31231 0.472931
0 0 1 5.04288 4.9713 5.36397 0.669601
0 0 2 3.40002 2.75738 7.50644 4.00761
0 0 3 -0.27664 1.18696 2.93616 0.919268
0 0 4 -3.02645 -1.74071 1.61505 -1.57989
0 0 5 -0.223928 -8.20284 5.25676 -2.09745
0 0 6 -1.82945 -10.9525 6.54241 1.6691
0 0 7 1.66931 -4.88317 3.23922 3.84696
0 0 8 3.79317 -0.348331 5.25676 0.883661
0 0 9 0.151645 -6.70347 1.91895 0.312282
0 0 10 -0.885025 -11.5054 6.34572 1.09772
0 0 11 0.382261 -5.27516 6.45293 -1.02632
0 0 12 -3.70512 -3.7758 2.56136 0.294478
0 0 13 -5.79383 -1.20499 -1.43743 -0.134056
0 0 14 -4.70445 1.90071 2.56136 -1.84778
0 0 15 1.9175 0.383385 4.32818 -3.16857
0 0 16 8.18364 2.93622 1.47239 -0.383724
0 0 17 5.8094 8.71971 0.526088 1.79414
0 0 18 3.98864 1.50791 1.34745 6.72125
0 0 19 -2.43783 3.97173 0.580114 5.18598
0 0 20 -0.562163 1.82967 -0.241254 -1.2586
0 0 21 4.70245 5.43516 -2.38373 -2.16908
0 0 22 2.47097 7.02435 -4.1151 0.794228
0 0 23 1.70445 3.16815 -0.545151 -0.490961
0 0 24 -1.95464 -1.24093 4.11461 5.06094
0 0 25 -4.70445 -7.36414 2.97162 -1.16916
0 0 26 -1.88436 -8.97048 6.29254 -4.65043
0 0 27 -0.867454 -11.7381 3.22149 -3.68613
0 0 28 -0.759834 -6.3466 -3.1688 1.0087
0 0 29 -4.4365 -0.973065 -1.40197 1.04431
0 0 30 -8.18564 5.40004 1.50785 0.990898
0 0 31 -6.6504 8.32772 0.34797 4.07924
0 0 32 -1.40116 7.93492 3.16831 3.9364
0 0 33 1.75717 7.88102 5.7565 4.41834
0 0 34 -1.09807 8.30976 2.70402 4.15046
0 0 35 -3.04402 8.50575 -1.38425 2.54397
0 0 36 -4.36622 7.45228 -0.437943 1.86536
0 0 37 -6.88321 8.96961 1.38291 0.973094
0 0 38 -7.16874 7.7381 6.16761 -0.0446228
0 0 39 0.044025 9.36241 3.9711 -2.65102
0 0 40 5.88188 8.45267 -0.777295 -2.99012
0 0 41 11.1289 6.57765 3.41818 -3.47207
0 0 42 10.9159 6.32775 7.04216 -0.0980343
0 0 43 4.23902 4.64955 2.5259 3.75795
0 0 44 2.65107 8.95246 -2.49094 4.50736
0 0 45 4.00621 10.8797 -0.81275 3.91859
0 0 46 1.88236 3.00727 2.45415 -1.41924
0 0 47 -2.40269 -2.02654 -0.759568 -3.11516
0 0 48 -3.06159 -2.9371 2.93616 -0.651609
0 0 49 -4.25859 5.88187 -0.026837 -1.38364
0 0 50 -3.74026 9.80912 2.32921 -3.79337
0 0 51 0.687551 3.72184 2.38239 -0.812258
0 0 52 -0.704925 1.07998 -0.0631359 -2.04403
0 0 53 0.186787 -5.66797 -2.34828 -4.52539
0 0 54 0.935737 -6.66836 -4.24004 -6.27472
0 0 55 -3.06159 0.597346 -1.00944 -7.22081
0 0 56 -1.33088 -3.88278 2.50733 -2.52598
0 0 57 -0.634642 -3.74068 1.45466 1.16935
0 0 58 -0.401831 3.20408 -3.63309 7.00652
0 0 59 -2.54545 3.40008 -6.07862 5.34663
0 0 60 -6.14964 -1.47285 -4.18686 -0.115838
0 0 61 -3.88302 -3.90074 -1.09808 -0.490961
0 0 62 -2.7585 -1.04493 7.5419 -3.2224
0 0 63 -0.38426 5.23916 2.57908 -2.11525
0 0 64 -0.830116 0.919105 3.88247 0.723012
0 0 65 -2.25993 -6.88232 -2.88347 1.33
0 0 66 -5.97174 -4.27558 -1.74133 3.23998
0 0 67 -0.972878 -1.34791 -8.14934 0.973094
0 0 68 0.044025 -2.47324 -11.8096 -1.75835
0 0 69 -3.48988 0.151457 -8.23882 -3.2402
0 0 70 -5.16788 0.472399 -4.29406 -8.04227
0 0 71 -3.13407 -5.36499 -1.38425 -9.36307
0 0 72 -1.15298 -5.00812 -3.90069 -1.68713
0 0 73 -1.18812 1.40093 -4.20458 -3.20418
0 0 74 2.43583 -0.00942232 -6.11492 -4.38255
0 0 75 2.40069 -3.41892 0.918622 -2.91891
0 0 76 3.52522 -9.95291 4.57805 1.45504
0 0 77 6.68574 -5.72186 1.36518 3.04372
0 0 78 4.84521 3.13222 -2.41919 3.40063
0 0 79 -3.34712 4.27471 1.312 6.39995
0 0 80 -5.82897 3.6859 1.65051 0.13383
0 0 81 -6.68554 2.93622 -0.740996 -3.73995
0 0 82 -8.43602 0.972187 -1.79451 -0.77665
0 0 83 -3.91816 -0.866085 -8.57817 3.41843
0 0 84 3.82831 0.347452 -8.47097 5.79296
0 0 85 5.32841 -1.43774 -3.86523 4.40054
0 0 86 0.114308 -5.77576 0.365697 4.2933
0 0 87 -3.74026 -3.31194 1.95441 6.54238
0 0 88 -0.955307 -3.16903 0.705049 5.48947
0 0 89 0.990645 -3.86563 2.59681 2.22267
0 0 90 3.45274 -4.63328 2.97162 0.455127
0 0 91 1.70445 -4.1686 1.0081 3.11494
0 0 92 -7.06112 -0.366297 2.222 6.66742
0 0 93 -8.89945 -4.1686 2.7935 3.9364
0 0 94 -9.75602 -7.64997 2.16882 4.57899
0 0 95 -3.63264 -6.91825 -0.884503 3.49006
0 0 96 -1.47364 -5.20411 -1.00944 2.06203
0 0 97 -4.52655 3.16815 3.0611 1.81194
0 0 98 -7.09626 9.25543 -0.884503 4.38274
0 0 99 -4.11583 9.61231 -5.88277 4.23989
0 0 100 -2.90126 11.8801 -5.25809 5.70353
0 0 101 -2.25993 8.45267 -0.919958 1.61569
0 0 102 -3.91816 7.45228 -1.4197 -4.45376
0 0 103 -1.58126 3.34699 0.204463 -5.40026
0 0 104 -1.27817 1.77577 1.07986 1.95479
0 0 105 -0.972878 -1.79461 3.95338 5.59629
0 0 106 -1.95464 -3.22293 -0.652359 4.11485
0 0 107 -4.29374 -1.38384 -2.91893 4.88248
0 0 108 -4.24102 4.23959 -0.937685 1.77634
0 0 109 -4.52655 5.41719 4.68526 0.116026
0 0 110 -4.49141 0.758225 6.00637 -0.294705
0 0 111 0.830313 3.89986 6.98813 0.490734
0 0 112 5.00555 7.86305 2.04389 0.633579
0 0 113 4.38179 4.43558 4.59663 -2.66883
0 0 114 -3.25926 -0.116403 5.41715 -5.70376
0 0 115 -6.32974 -3.1331 3.77526 -3.41866
0 0 116 -4.82964 -0.830152 3.23922 6.16767
0 0 117 -3.88302 -1.88363 -0.777295 6.95311
0 0 118 0.204357 -4.88317 1.0081 5.18598
0 0 119 -0.0460247 0.222505 2.98935 1.07992
0 0 120 2.66865 1.59692 3.93565 -0.77665
0 0 121 -0.0460247 8.45267 2.02532 2.3295
0 0 122 1.70445 13.4146 4.04286 2.36552
0 0 123 4.07869 10.6127 5.09637 5.73914
0 0 124 -1.15298 2.6504 6.45293 0.651383
0 0 125 -3.47231 -0.884051 6.328 -6.95334
0 0 126 -5.24036 4.93537 8.16658 -5.02514
0 0 127 -4.08069 6.16769 3.02564 -0.312508
0 0 128 2.22279 2.66836 1.16849 1.29439
0 0 129 2.70379 2.82924 -1.81223 1.70471
0 0 130 -1.56369 -3.11513 -1.84769 0.00878867
0 0 131 -2.06226 -8.09586 0.311671 -3.43646
0 0 132 -2.56302 -5.20411 -0.420215 -4.66824
0 0 133 -4.11583 -0.813003 -0.116318 -2.40094
0 0 134 -0.885025 -0.0453548 0.580114 -1.13356
0 0 135 1.13341 -2.49039 -2.07983 -0.847866
0 0 136 3.25726 -0.795036 -1.61639 -0.562176
0 0 137 8.39888 0.615312 -3.91926 0.25887
0 0 138 10.2899 2.13264 -3.2051 -1.99062
0 0 139 7.98817 4.3286 0.883167 -0.36592
0 0 140 3.36488 2.43643 -1.31249 1.41902
0 0 141 4.16655 -0.937949 -4.07965 -2.63322
0 0 142 6.13227 -3.59777 0.883167 -1.97241
0 0 143 2.82898 -4.24047 0.740504 -1.16916
0 0 144 2.11517 -2.50836 2.222 0.276674
0 0 145 -0.955307 -0.0804706 1.98986 -1.40144
0 0 146 -3.79517 -1.4557 0.00861771 -2.36533
0 0 147 -1.20569 -4.13267 -0.508852 -2.63322
0 0 148 -0.0460247 -4.88317 -0.652359 -3.20418
0 0 149 -0.724692 -1.77665 4.31046 -2.00843
0 0 150 -1.88436 8.27382 2.00759 -4.00784
0 0 151 -3.43717 8.0419 1.36518 -2.24029
0 0 152 -2.29507 4.84636 1.52557 -4.84669
0 0 153 -0.724692 2.61446 4.20325 -5.56091
0 0 154 -2.06226 -2.15149 0.829985 -4.75726
0 0 155 -1.79431 -1.5978 -7.06038 -3.95401
0 0 156 1.75717 3.86475 -9.89928 -2.50818
0 0 157 0.847884 4.6324 -6.27531 -1.18697
0 0 158 -4.91969 1.77577 -5.02595 2.29389
0 0 159 -4.89992 -2.2944 -4.43673 4.13265
0 0 160 -1.09807 0.955037 -2.13386 2.77584
0 0 161 -1.24083 1.48994 1.41836 2.38332
0 0 162 -1.20569 -1.61577 2.18655 2.0082
0 0 163 -0.759834 -5.61488 -1.38425 1.43724
0 0 164 1.63198 -8.09586 -3.25828 -0.473157
0 0 165 3.14964 -6.2927 -0.45567 -0.758846
0 0 166 0.792975 -0.473278 2.4896 1.04431
0 0 167 -2.90126 -0.473278 1.15077 -1.02632
0 0 168 -4.41893 -6.16775 -3.24055 2.77584
0 0 169 -4.52655 -8.14975 -4.52621 5.48947
0 0 170 -5.68621 -3.81173 -2.99068 6.5784
0 0 171 -8.22078 1.36499 -1.52691 4.6324
0 0 172 -2.70579 3.25716 -1.04489 0.776424
0 0 173 2.48855 4.3825 -1.00944 3.34721
0 0 174 3.57793 1.97258 -1.38425 4.75744
0 0 175 2.68622 -3.16903 -3.72257 2.24048
0 0 176 2.88169 -0.741138 -3.99017 2.77584
0 0 177 5.23836 0.329486 -5.329 4.72184
0 0 178 6.34531 -0.741138 -4.20458 6.52458
0 0 179 3.93593 -4.49036 -2.07983 7.16717
0 0 180 -0.0460247 -7.828 0.00861771 5.41784
0 0 181 -1.50878 -8.72059 3.7398 1.0087
0 0 182 0.45474 -8.48866 1.0081 -0.240879
0 0 183 -1.58126 -6.18572 4.97143 -1.74054
0 0 184 0.507452 -4.88317 6.13131 -0.526568
0 0 185 2.08003 -4.50833 5.185 0.776424
0 0 186 2.25793 -5.77576 3.90019 1.16935
0 0 187 3.30997 -11.4523 -0.330734 0.740816
0 0 188 1.27617 -13.1484 -3.09789 0.401715
0 0 189 2.20302 -1.50879 -1.1158 -0.526568
0 0 190 4.57726 2.16857 -0.955413 -2.88289
0 0 191 2.41826 -0.723171 -0.580606 -5.25742
0 0 192 0.900596 -4.20454 1.29343 -0.633806
0 0 193 3.45274 -0.348331 3.95338 0.276674
0 0 194 3.88102 1.29395 6.36345 -5.00734
0 0 195 1.54412 0.437283 3.34643 -5.66774
0 0 196 2.88169 2.88232 -2.83029 -1.97241
0 0 197 8.68441 3.81085 -7.86402 0.954876
0 0 198 10.3975 3.86475 -3.4727 1.95479
0 0 199 12.8443 1.70472 -0.919958 -0.115838
0 0 200 19.0028 -4.09755 -0.473397 -4.75726
0 0 201 26.9469 -6.06077 3.0611 -5.16799
0 0 202 35.9255 -4.63328 1.32973 -2.20468
0 0 203 48.4403 -7.77491 -7.09667 1.22276
0 0 204 64.0782 -17.5036 -10.8279 3.56127
0 0 205 80.4123 -30.5536 -13.3983 2.75803
0 0 206 97.1747 -38.5151 -18.3611 3.27559
0 0 207 109.652 -40.1035 -22.8419 4.79305
0 0 208 118.47 -39.7646 -27.8039 5.31102
0 0 209 120.274 -35.5515 -28.9469 2.70462
0 0 210 120.506 -29.2323 -27.4831 1.93699
0 0 211 121.791 -25.7869 -23.4126 1.04431
0 0 212 120.451 -26.7334 -16.8611 0.0265925
0 0 213 120.737 -24.5733 -12.2022 -1.66891
0 0 214 119.149 -22.6632 -14.7726 -0.77665
0 0 215 116.437 -25.448 -23.5198 0.330086
0 0 216 113.008 -26.2507 -28.5898 1.74073
0 0 217 115.971 -19.4497 -35.4444 3.15096
0 0 218 122.578 -10.006 -41.1577 4.04322
0 0 219 129.004 -7.40007 -45.8875 3.18657
0 0 220 132.608 -11.7201 -44.9243 -1.90119
0 0 221 128.806 -15.9332 -33.9274 -9.41648
0 0 222 113.99 -12.8087 -25.7872 -17.2357
0 0 223 98.2443 -6.57853 -18.1113 -19.9667
0 0 224 84.7676 1.84682 -7.72135 -14.0223
0 0 225 70.5398 3.72184 -0.830477 -6.25692
0 0 226 57.4892 -1.91956 -0.580606 -4.36474
0 0 227 49.1365 -7.93579 -1.50918 -5.41807
0 0 228 42.5475 -11.8271 1.68681 -1.56209
0 0 229 33.2834 -11.2734 3.20376 0.294478
0 0 230 26.0904 -5.48994 2.93616 -0.401528
0 0 231 22.3939 0.347452 2.31149 -1.9546
0 0 232 17.3072 -0.723171 -0.777295 -1.24079
0 0 233 12.539 -3.45485 -2.3297 1.50845
0 0 234 5.61393 -0.0625043 4.34675 2.56178
0 0 235 0.489881 3.59689 9.09515 1.61569
0 0 236 0.36469 1.72187 3.25779 0.687405
0 0 237 -2.25993 -2.31237 -2.99068 -0.651609
0 0 238 -4.34864 -4.49036 -3.7403 0.812446
0 0 239 1.20369 -3.66882 -4.13283 1.47284
0 0 240 3.04202 0.347452 -3.82978 1.41902
0 0 241 1.29374 4.27471 -1.40197 -0.223075
0 0 242 -0.847687 5.1673 -0.865932 -4.27531
0 0 243 -1.9195 5.61401 -3.27601 -1.90119
0 0 244 -1.68669 5.11422 -4.07965 1.82975
0 0 245 -1.15298 3.57892 -2.29425 -2.41874
0 0 246 2.11517 -0.848118 -0.205799 -6.1679
0 0 247 1.50678 -1.79461 -1.97347 -5.38205
0 0 248 -1.31331 2.66836 -3.7403 -3.40085
0 0 249 0.239499 1.68675 -3.65081 -2.07964
0 0 250 3.97107 -4.34745 -2.54412 -2.11525
0 0 251 1.68688 -6.00769 -1.75905 -3.06134
0 0 252 -4.4365 -8.81042 -0.366189 -5.06075
0 0 253 -9.91635 -10.4168 4.32818 -3.36483
0 0 254 -11.3264 -6.57853 5.27449 -1.47266
0 0 255 -5.98931 -0.366297 3.23922 -4.15027
0 0 256 -1.33088 2.06159 2.59681 -4.66824
0 0 257 0.45474 -1.009 4.02513 -2.82947
0 0 258 0.151645 -2.59819 2.45415 -2.34753
0 0 259 -0.867454 -1.09801 -0.740996 -2.00843
0 0 260 -2.38292 -4.02569 -3.22283 -0.883473
0 0 261 -2.22259 -7.66793 -1.56236 0.472931
0 0 262 -2.00955 -10.006 0.115826 1.82975
0 0 263 -1.36602 -7.52502 -2.366 2.38332
0 0 264 0.151645 -2.8832 -4.24004 0.901465
0 0 265 -1.29574 1.02609 -3.41867 -0.616002
0 0 266 -2.7585 1.66879 -0.0808632 -2.02623
0 0 267 -4.89992 -1.18784 3.84617 -2.40094
0 0 268 -7.64974 -2.49039 3.54311 -1.68713
0 0 269 -7.54212 0.776192 0.561542 -1.11575
0 0 270 -6.88321 2.99012 1.36518 1.02651
0 0 271 -6.61526 4.45355 -0.277552 4.82866
0 0 272 0.329549 2.82924 1.97213 5.52508
0 0 273 4.50698 1.07998 6.86319 4.38274
0 0 274 -0.188786 1.07998 7.16709 4.2933
0 0 275 -6.41759 -1.91956 5.09637 3.11494
0 0 276 -8.3284 -5.84681 2.63227 1.88316
0 0 277 -4.9724 -6.50748 -3.52588 1.02651
0 0 278 -0.028454 -5.22208 -6.59693 -0.883473
0 0 279 -1.75917 -5.1151 -6.04316 -1.22299
0 0 280 -3.34712 -4.40053 -4.81153 0.526756
0 0 281 -1.34845 -2.79419 -0.116318 3.36502
0 0 282 0.419598 -0.134369 4.86422 5.41784
0 0 283 1.15098 0.276404 4.25727 3.72192
0 0 284 0.525022 0.0975584 1.16849 1.29439
0 0 285 -1.18812 0.365418 0.580114 0.937072
0 0 286 0.56236 -1.6517 0.365697 1.97259
0 0 287 2.61374 1.169 -1.34795 2.3295
0 0 288 2.13274 5.11422 -3.95471 -0.705021
0 0 289 -2.2775 2.43643 -2.06211 -3.06134
0 0 290 -4.68688 -0.0625043 3.41818 -0.57998
0 0 291 -3.27683 1.98973 3.00792 1.13374
0 0 292 -3.47231 3.6859 1.95441 -1.32981
0 0 293 -2.66845 0.990153 1.2757 -4.06125
0 0 294 0.00888368 -1.99061 -2.34828 -7.36366
0 0 295 2.2755 1.24005 -4.61484 -8.59543
0 0 296 4.23902 4.95334 -7.50694 -8.97055
0 0 297 5.04288 6.04193 -8.36376 -8.57763
0 0 298 3.72069 4.9713 -5.49024 -5.95343
0 0 299 4.2566 3.632 -4.34725 -6.34635
0 0 300 6.77359 2.41847 -2.31198 -9.64876
0 0 301 5.18564 3.59689 -0.313007 -8.64926
0 0 302 1.77474 6.82754 -1.02717 -6.00684
0 0 303 1.27617 2.93622 -3.1688 -1.79395
0 0 304 4.75736 -2.45528 -2.40146 1.61569
0 0 305 7.23702 -3.09798 1.24025 1.52626
0 0 306 4.41693 -0.402229 2.4896 1.43724
0 0 307 0.382261 0.669211 0.0617998 -0.955103
0 0 308 -1.09807 -1.99061 -3.34776 -4.40035
0 0 309 -1.47364 -5.72186 -3.82978 -2.88289
0 0 310 -4.47164 -5.97176 -3.7403 -0.794454
0 0 311 -5.00754 -1.75868 -4.36497 -2.49037
0 0 312 -2.31264 -0.366297 -3.75802 -2.91891
0 0 313 -1.33088 -3.97261 -0.277552 -1.02632
0 0 314 0.204357 -5.90071 1.2757 0.580168
0 0 315 1.02579 -2.91913 -1.34795 1.41902
0 0 316 0.437169 -1.38384 -1.49145 1.79414
0 0 317 2.84655 -2.40138 0.34797 -0.562176
0 0 318 4.52455 -3.40096 1.41836 -1.5977
0 0 319 3.09693 -5.0612 1.40064 1.16935
0 0 320 2.4534 -6.54341 3.3287 3.66851
0 0 321 5.2735 -6.20369 3.9711 1.54406
0 0 322 6.38045 -4.77537 1.47239 -1.90119
0 0 323 4.75736 -5.04323 -1.50918 -2.95451
0 0 324 4.50698 -6.18572 -2.04438 -2.43655
0 0 325 5.4536 -5.04323 1.8472 -1.47266
0 0 326 3.18478 -3.24008 4.5426 -1.34762
0 0 327 3.4725 0.508332 4.23955 -1.22299
0 0 328 2.16788 4.95334 -0.277552 0.973094
0 0 329 -3.1165 4.82839 -2.15159 3.50786
0 0 330 -3.27683 1.45482 -2.20477 4.57899
0 0 331 0.935737 1.04405 -3.36549 3.65071
0 0 332 4.18631 1.57977 -3.8475 1.33
0 0 333 1.9175 2.63243 -3.65081 1.07992
0 0 334 -1.82945 3.57892 -0.258981 3.75795
0 0 335 -1.79431 4.54257 4.22182 5.81077
0 0 336 -1.81188 6.4527 8.13112 5.72134
0 0 337 -4.56169 5.64994 9.43366 5.52508
0 0 338 -5.57859 3.15018 5.09637 6.06044
0 0 339 -5.29307 3.07913 0.0263451 5.63232
0 0 340 -5.6335 3.18612 -1.97347 3.47226
0 0 341 -7.04355 2.38254 -1.20528 1.57967
0 0 342 -9.13226 0.687177 -1.09808 1.18715
0 0 343 -10.5599 1.15103 -1.70503 1.57967
0 0 344 -7.36421 3.13222 -0.420215 0.455127
0 0 345 -3.41959 5.59604 -1.43743 -1.16916
0 0 346 -2.02712 6.97046 -5.54342 -1.97241
0 0 347 -3.38445 5.2751 -7.6859 -3.04353
0 0 348 -6.38245 3.6859 -8.34603 -0.562176
0 0 349 -5.86412 1.79373 -8.29285 4.18607
0 0 350 -2.36535 -1.22296 -7.98895 3.75795
0 0 351 -1.86679 -1.08005 -3.31231 3.47226
0 0 352 -2.43783 1.22208 4.16779 3.41843
0 0 353 0.544789 3.38211 6.68508 -0.598198
0 0 354 1.18612 3.95376 1.04356 -1.02632
0 0 355 -1.59883 3.40008 -1.54464 -0.830062
0 0 356 -1.79431 2.13264 0.151281 -3.81117
0 0 357 0.45474 -1.11598 -1.91944 -3.97182
0 0 358 1.81207 -5.24004 -3.00841 -3.40085
0 0 359 1.00822 -7.632 -1.9549 -3.57931
0 0 360 -2.77607 -6.88232 -1.4197 -1.22299
0 0 361 -5.59616 -3.34787 -0.134045 0.937072
0 0 362 -3.07916 -1.63373 1.66824 -0.830062
0 0 363 0.650213 -1.99061 1.47239 -4.79328
0 0 364 -0.294211 -2.79419 2.38239 -7.00675
0 0 365 -3.1165 -2.36545 6.50611 -5.09677
0 0 366 -2.79364 -0.187451 7.96989 -1.72274
0 0 367 -1.09807 1.38296 5.4889 -2.70443
0 0 368 1.75717 -0.259316 0.436607 -5.86441
0 0 369 4.70245 -2.22253 -5.49024 -6.41757
0 0 370 4.32907 -0.205417 -5.18634 -3.9006
0 0 371 3.13207 3.0971 -2.43691 -2.99012
0 0 372 4.27417 2.75738 0.954921 -4.2397
0 0 373 5.50631 -0.50921 5.185 -2.07964
0 0 374 3.56036 -3.1331 4.97143 -0.205271
0 0 375 0.953308 -4.07959 4.97143 -2.32972
0 0 376 -2.72336 -4.06162 8.13112 -6.61382
0 0 377 -7.00841 -2.3483 8.05937 -5.95343
0 0 378 -6.2924 -0.77707 3.68578 -1.91899
0 0 379 -1.79431 -1.15191 0.526088 -2.50818
0 0 380 0.36469 -5.24004 -1.27704 -2.16908
0 0 381 1.50678 -8.2747 -3.86523 0.437323
0 0 382 2.0976 -5.27516 -3.15107 -0.473157
0 0 383 2.54345 -2.11555 -1.13437 -2.40094
0 0 384 4.00621 -2.77622 -2.34828 -2.20468
0 0 385 3.90079 -3.88278 -4.34725 -2.04403
0 0 386 3.27483 -1.33076 -3.66939 -1.47266
0 0 387 4.50698 1.50791 -3.40094 0.0626142
0 0 388 5.93459 0.56223 -4.3827 0.294478
0 0 389 3.50764 -2.47324 -2.88347 -2.24029
0 0 390 -0.937737 -4.00772 0.34797 -3.2402
0 0 391 -2.81341 -0.152335 -0.652359 -2.99012
0 0 392 -3.48988 2.63243 -3.88296 -3.95401
0 0 393 -3.09893 0.383385 -5.40076 -3.47207
0 0 394 -1.50878 -1.43774 -3.49042 -0.883473
0 0 395 -1.15298 -0.402229 0.686478 0.883661
0 0 396 -2.34778 0.312336 2.02532 0.330086
0 0 397 -1.82945 -1.04493 1.06128 -0.348116
0 0 398 1.68688 -1.34791 -0.545151 -2.72224
0 0 399 3.4176 -1.97264 -3.4727 -3.25801
0 0 400 2.06026 -4.43646 -4.72205 -0.00901516
0 0 401 4.2566 -5.63285 -5.18634 0.383911
0 0 402 7.21945 -5.32906 -7.66733 -1.43705
0 0 403 5.9895 -5.5079 -7.14986 -2.29412
0 0 404 2.97174 -5.98972 -3.50815 -4.47198
0 0 405 0.810546 -6.25759 -3.57991 -6.61382
0 0 406 2.40069 -2.74029 -4.88329 -5.70376
0 0 407 5.47117 2.48952 -1.38425 -1.72274
0 0 408 7.6675 7.04232 0.169008 0.490734
0 0 409 7.68507 6.82754 -2.40146 -1.52648
0 0 410 4.20388 2.97215 -1.00944 -2.50818
0 0 411 1.88236 0.544264 4.47169 -1.36583
0 0 412 2.82898 -1.83054 5.45345 0.0804181
0 0 413 2.70379 -2.31237 1.61505 -0.187468
0 0 414 0.36469 -0.937949 -0.652359 -0.330312
0 0 415 0.687551 0.57938 -2.11613 1.09772
0 0 416 1.9175 1.47197 -3.40094 2.99031
0 0 417 0.544789 -0.24135 -2.97295 1.63349
0 0 418 -2.47297 1.59692 0.186735 -2.16908
0 0 419 -4.27617 3.16815 1.36518 0.205459
0 0 420 -4.66931 1.68675 -2.45548 3.45445
0 0 421 -5.18764 2.00769 -6.22213 0.223263
0 0 422 -3.13407 1.88275 -7.39973 -4.2219
0 0 423 0.883025 0.651245 -4.43673 -2.5972
0 0 424 4.50698 -2.04451 -2.07983 0.562364
0 0 425 4.7925 -2.50836 -3.18737 -0.36592
0 0 426 4.07869 -0.384263 -5.18634 0.723012
0 0 427 5.34598 0.901139 -5.57888 1.57967
0 0 428 6.72088 1.38296 -4.90101 0.0626142
0 0 429 8.16607 0.454433 -3.25828 -0.722825
0 0 430 8.71955 0.29437 -0.652359 -0.758846
0 0 431 4.66731 -0.134369 1.95441 0.812446
0 0 432 0.973075 -1.09801 -0.45567 1.72251
0 0 433 -0.259069 -0.813003 -6.56063 0.187241
0 0 434 -2.00955 -0.0625043 -7.29252 -0.205271
0 0 435 -2.68822 -0.402229 -2.6336 0.919268
