0 0 0 0.853467 3.05228 0.852694 0.315946
0 0 1 0.0869974 2.22154 -1.81909 0.120433
0 0 2 -0.482442 1.16274 -0.857861 1.06538
0 0 3 -1.29871 1.21126 -0.141085 2.14061
0 0 4 -1.99806 0.625086 -0.678519 3.11798
0 0 5 -2.38995 1.50483 -1.62317 2.61298
0 0 6 -1.60833 1.97698 -0.141085 2.18954
0 0 7 -0.514919 0.999694 -0.77618 0.82094
0 0 8 2.3994 0.836652 -1.70485 -0.580075
0 0 9 2.48167 -0.368693 -2.06354 0.967726
0 0 10 0.788512 -0.792311 -1.73741 1.91248
0 0 11 -1.00425 0.18497 -1.13486 2.23826
0 0 12 0.411773 1.11373 0.494602 -0.319323
0 0 13 0.868623 2.28656 0.396941 -0.970901
0 0 14 -0.711949 0.983196 -0.124512 -0.580075
0 0 15 0.299184 1.34179 -0.678519 -1.45979
0 0 16 2.13958 2.48211 -0.678519 -1.76927
0 0 17 3.19834 1.56986 -2.4382 1.71696
0 0 18 2.1071 -0.515237 -4.71874 2.71084
0 0 19 1.293 -2.11169 -4.63706 2.18954
0 0 20 0.608803 -0.629269 -2.38907 1.7822
0 0 21 -0.0927115 -0.873832 0.380368 1.52145
0 0 22 0.983377 -0.22215 2.87281 1.40748
0 0 23 2.23701 -1.18342 1.45583 -0.189047
0 0 24 1.34063 -2.9104 -1.39529 0.413804
0 0 25 -1.16663 -5.01102 -2.30739 1.53776
0 0 26 -2.30768 -4.42485 -0.922968 1.35855
0 0 27 -0.547397 -3.39856 0.527156 -0.319323
0 0 28 0.576325 -1.70457 0.315261 -1.19903
0 0 29 1.03101 -3.80567 0.771606 -1.85061
0 0 30 0.429094 -3.05646 -0.841288 -1.62268
0 0 31 -0.582039 -0.17314 1.73283 -2.12767
0 0 32 -1.19911 0.201468 1.03204 -1.93216
0 0 33 -0.841859 -0.417703 0.282707 -0.677731
0 0 34 -1.42862 -0.596758 -1.26508 -1.52482
0 0 35 -2.11281 -1.15091 -3.3503 -3.08873
0 0 36 -0.352532 -1.65556 -3.65986 -2.19291
0 0 37 0.364139 -1.50902 -2.27484 -1.44348
0 0 38 0.885944 0.0549246 -0.418088 -0.661421
0 0 39 1.34063 1.03221 1.96071 0.576699
0 0 40 0.706235 0.119947 3.23149 2.05906
0 0 41 0.656437 1.35829 4.43717 0.80463
0 0 42 1.45538 1.56986 3.37828 0.299637
0 0 43 2.59643 1.27677 1.58604 0.54408
0 0 44 2.48167 0.560063 -0.499177 1.098
0 0 45 0.281863 -1.02038 -0.0268505 1.19566
0 0 46 -0.857016 -1.52551 0.152491 0.495151
0 0 47 -2.69957 -0.613256 0.901821 0.299637
0 0 48 -1.03672 0.282989 2.30282 1.14693
0 0 49 -0.107868 -0.515237 2.25369 1.21197
0 0 50 -0.222622 -0.238648 1.91158 1.39117
0 0 51 0.151952 -0.271159 1.17882 0.21829
0 0 52 -0.2053 1.13022 0.966929 1.50514
0 0 53 1.04833 3.31285 1.81392 1.37486
0 0 54 2.75881 4.97481 2.28625 -0.205357
0 0 55 2.1071 4.84428 0.185045 -0.237976
0 0 56 0.591482 2.8082 -2.03098 -0.205357
0 0 57 -0.614517 1.52085 -3.26862 0.21829
0 0 58 -1.28139 0.511054 -2.30739 0.755903
0 0 59 -1.05405 0.576076 -1.13486 1.29352
0 0 60 -0.060234 -0.694777 0.608245 1.098
0 0 61 -0.499763 -3.57761 1.96071 0.690665
0 0 62 -1.00425 -3.02443 1.42327 -0.922174
0 0 63 -1.4611 -2.51881 0.429495 0.250909
0 0 64 -1.60833 -2.9104 -0.287281 0.772213
0 0 65 -0.352532 -1.13441 0.755033 -1.08507
0 0 66 -0.222622 -0.466712 0.999483 -1.6553
0 0 67 0.346818 -2.29123 1.73283 -0.433288
0 0 68 0.281863 -2.12819 1.03204 1.37486
0 0 69 -0.0104351 -2.40526 3.49192 1.92878
0 0 70 0.201751 -1.24844 2.33537 -2.63267
0 0 71 -0.434808 0.674096 -0.841288 -3.67527
0 0 72 -0.222622 -1.99766 -1.63974 -2.73032
0 0 73 0.0371986 -2.74687 -1.68887 -2.43715
0 0 74 -0.0429126 -1.65556 -1.42785 -2.12767
0 0 75 2.38424 -1.32996 -1.76996 -3.23552
0 0 76 2.33444 -0.401204 -0.922968 -1.57375
0 0 77 0.543848 -0.547748 -0.77618 -0.351942
0 0 78 -1.24891 0.755131 0.462049 -1.03614
0 0 79 -3.17158 1.83043 2.30282 0.674355
0 0 80 -2.89444 0.625086 1.11372 1.098
0 0 81 -1.21643 -1.13441 -0.51575 0.52777
0 0 82 0.576325 -2.8119 0.0222762 -0.107499
0 0 83 2.26949 -1.68856 -0.580857 0.039086
0 0 84 2.35176 0.348012 0.836713 0.413804
0 0 85 2.3994 1.86294 1.24393 -0.221666
0 0 86 2.13958 2.18903 1.08116 -1.18272
0 0 87 1.61777 1.52085 -0.77618 -2.8608
0 0 88 1.37311 0.706607 -0.319835 -1.93216
0 0 89 0.446415 -1.06939 1.56947 -0.840626
0 0 90 1.13061 -1.96515 2.12348 -0.514836
0 0 91 0.18443 -1.88362 3.34513 -0.0911895
0 0 92 -1.67328 -1.06939 1.6186 -0.303013
0 0 93 -3.00919 -0.596758 -0.0919581 -0.335632
0 0 94 -2.50254 -2.24222 -0.808734 -0.433288
0 0 95 -0.906815 -1.55803 -1.9493 -2.63267
0 0 96 0.559004 -1.76959 0.494602 -3.70789
0 0 97 2.87357 -0.466712 1.73283 -2.5187
0 0 98 2.87357 0.00591501 1.14627 -1.94847
0 0 99 2.971 -1.98164 -1.60719 -2.3395
0 0 100 2.25433 -1.41148 0.0873838 -0.221666
0 0 101 -1.37882 -1.02038 1.91158 0.706974
0 0 102 -3.44872 -2.12819 2.5958 0.267219
0 0 103 -0.434808 -0.450214 4.2738 0.935107
0 0 104 0.411773 1.34179 1.99326 1.14693
0 0 105 -0.582039 2.69417 0.250153 -1.81819
0 0 106 -1.72092 2.64516 -1.68887 -2.60005
0 0 107 -1.77072 -1.32996 -3.04074 -1.81819
0 0 108 0.299184 -3.00793 -1.80251 0.609318
0 0 109 -0.0429126 -1.23243 -0.890414 2.4664
0 0 110 1.43806 -1.76959 -0.890414 2.18954
0 0 111 1.11329 -3.48056 1.43925 0.413804
0 0 112 0.0869974 -3.48056 1.48838 -0.400871
0 0 113 -1.34634 -1.68856 0.070811 0.430114
0 0 114 0.983377 0.380523 -0.906395 -0.873245
0 0 115 1.92739 2.15652 -0.238746 -2.25795
0 0 116 1.57014 3.72046 -0.222173 -2.14398
0 0 117 1.61777 4.66523 -0.808734 -1.01983
0 0 118 -0.125189 2.77569 -0.483196 -0.889555
0 0 119 -0.417487 1.50483 -1.36274 -1.91585
0 0 120 -0.629673 1.0487 -1.15085 -1.39455
0 0 121 -0.0753901 0.0384263 1.09714 0.83725
0 0 122 0.836145 -0.271159 1.97669 2.48271
0 0 123 1.03101 1.19525 2.8077 2.28719
0 0 124 2.12226 1.26027 2.35135 2.09168
0 0 125 1.45538 -0.889845 1.29247 1.13062
0 0 126 -0.597196 -0.482725 0.640799 1.66823
0 0 127 -0.060234 0.348012 1.6837 0.674355
0 0 128 1.14576 0.592575 1.87903 -1.15011
0 0 129 2.64406 1.30928 1.1297 -1.16641
0 0 130 1.42291 0.869164 -0.206192 -0.954793
0 0 131 0.364139 0.397021 -1.29763 -1.78558
0 0 132 -3.92073 1.96096 -0.499177 -2.32319
0 0 133 -5.14188 1.60237 -1.16742 -0.938483
0 0 134 -1.42862 0.36451 0.266134 -0.677731
0 0 135 0.331661 -1.76959 1.01606 -0.970901
0 0 136 0.918422 -0.922841 2.69346 -0.954793
0 0 137 2.22185 0.478542 1.76539 -0.72666
0 0 138 2.67654 0.788128 -0.77618 0.446222
0 0 139 0.526526 -1.52551 -1.0372 0.201981
0 0 140 0.461571 -1.493 -0.580857 0.2346
0 0 141 2.08978 -0.140629 -2.07952 -0.645112
0 0 142 3.18319 0.77163 -1.57464 0.495151
0 0 143 1.03101 0.511054 -0.971503 1.47272
0 0 144 -0.482442 -1.15091 0.103365 2.23826
0 0 145 -3.39892 -0.580745 -0.825307 2.10799
0 0 146 -4.81711 1.09723 -2.1612 2.15692
0 0 147 -4.01816 1.34179 -3.23606 1.27721
0 0 148 -1.55853 -0.287172 -1.93273 0.446222
0 0 149 0.346818 -0.0265963 -0.0108695 0.364875
0 0 150 0.868623 -0.417703 -0.51575 -0.547456
0 0 151 0.364139 1.16274 -1.62317 0.52777
0 0 152 0.0869974 2.0585 0.201026 1.40748
0 0 153 -1.03672 2.4661 1.73283 1.27721
0 0 154 -2.63462 3.15029 0.315261 1.11431
0 0 155 -0.679472 2.72668 0.135919 0.80463
0 0 156 1.43806 1.52085 1.06459 -0.303013
0 0 157 2.84109 1.08122 1.34159 0.690665
0 0 158 3.54044 -1.60704 0.282707 0.185671
0 0 159 2.77397 -3.64263 -2.03098 0.00646679
0 0 160 1.08081 -2.19321 -2.61695 -0.824316
0 0 161 0.18443 -1.29745 -1.54208 -1.68772
0 0 162 0.461571 -2.1607 1.14627 -0.482217
0 0 163 2.6289 -2.32325 3.7855 -0.107499
0 0 164 2.69386 -2.53531 5.15394 -0.107499
0 0 165 -1.00425 -1.76959 3.01959 0.136742
0 0 166 -2.42243 -1.68856 1.27649 -0.140118
0 0 167 -1.31387 -2.73037 -0.173639 -0.922174
0 0 168 -1.10168 -2.68185 -0.238746 -0.922174
0 0 169 -0.646994 -1.94913 -1.05318 1.01645
0 0 170 -0.107868 -1.96515 -1.1834 1.39117
0 0 171 -0.449964 -1.06939 -3.10585 0.0227764
0 0 172 0.411773 -0.205651 -3.28519 -0.465908
0 0 173 1.765 -1.15091 -3.10585 -0.140118
0 0 174 0.494049 -3.44708 -2.1612 1.22828
0 0 175 0.688914 -3.54558 -0.401515 0.299637
0 0 176 2.13958 -2.8774 0.869267 0.772213
0 0 177 0.998533 -2.53531 1.43925 2.09168
0 0 178 -1.49357 -3.05646 1.56947 3.08556
0 0 179 -1.13416 -1.63955 0.98291 4.32348
0 0 180 -0.532241 -1.39498 0.787587 4.40503
0 0 181 -0.597196 -1.15091 -0.254727 2.14061
0 0 182 -1.00425 -1.19943 -0.661946 0.136742
0 0 183 -0.744427 -0.727288 0.331241 -1.16641
0 0 184 -0.157667 1.47232 1.76539 -0.41718
0 0 185 1.2432 0.250478 0.80416 -1.15011
0 0 186 1.765 -0.482725 -0.51575 -2.32319
0 0 187 2.9212 -0.547748 -1.05318 -2.53501
0 0 188 0.966056 0.527067 -0.254727 -1.98109
0 0 189 -0.467285 1.7164 0.657372 0.039086
0 0 190 -1.0692 2.30306 -1.50953 1.45641
0 0 191 0.983377 0.152459 -3.87175 0.983835
0 0 192 3.36073 -0.66178 -2.25886 0.576699
0 0 193 4.64901 1.17875 -2.37309 -0.987211
0 0 194 5.90264 2.41709 -2.30739 0.886178
0 0 195 7.87511 1.26027 -0.287281 0.348566
0 0 196 9.03131 3.1338 -2.2263 0.83725
0 0 197 12.37 7.97216 -6.18485 1.55407
0 0 198 19.816 13.2016 -7.30884 0.21829
0 0 199 25.9564 15.7923 -5.90785 -1.44348
0 0 200 27.4396 15.8249 -5.0283 -0.987211
0 0 201 26.4955 12.648 -5.15852 1.94509
0 0 202 25.9564 12.55 -3.17096 1.76589
0 0 203 24.4083 13.9513 -3.05731 1.4401
0 0 204 23.5617 12.9085 -5.19107 2.45009
0 0 205 24.7179 11.4096 -6.38017 2.92246
0 0 206 26.4457 9.92721 -4.89809 2.09168
0 0 207 30.5509 11.7682 -2.27484 2.6456
0 0 208 39.6424 16.1014 0.80416 3.44377
0 0 209 50.7194 19.5879 3.05215 2.4664
0 0 210 64.4358 24.4593 6.21283 3.88372
0 0 211 80.1895 26.7889 9.9435 6.2621
0 0 212 95.3717 24.7684 12.4851 6.6042
0 0 213 104.675 18.4476 10.269 2.59667
0 0 214 106.973 9.17799 1.97669 -1.32931
0 0 215 100.538 2.48211 -10.3553 -3.52869
0 0 216 90.5823 1.58635 -19.4621 -6.03755
0 0 217 84.5718 4.64873 -23.307 -6.37965
0 0 218 82.4543 9.27553 -26.3037 -5.23918
0 0 219 82.8289 11.7682 -25.2129 -3.69158
0 0 220 86.934 13.7068 -22.8015 -1.41086
0 0 221 93.8258 13.1856 -19.8361 -0.205357
0 0 222 104.953 9.03145 -13.9232 0.201981
0 0 223 116.958 5.87057 -9.52487 0.283327
0 0 224 129.633 3.18281 -9.52487 -1.29689
0 0 225 136.588 3.08479 -10.1925 -0.351942
0 0 226 132.208 3.45988 -8.28664 1.45641
0 0 227 120.379 4.30663 -7.17863 -1.4922
0 0 228 104.708 0.967183 -9.19874 -6.02124
0 0 229 85.3708 -0.743301 -13.3692 -6.59127
0 0 230 67.3847 0.201468 -14.7542 -4.71788
0 0 231 51.8756 -0.971366 -15.4384 -3.85448
0 0 232 36.2193 -1.31346 -15.0963 -3.17028
0 0 233 23.8064 -2.01415 -11.1537 -2.1766
0 0 234 16.0031 -0.140629 -9.21531 -0.954793
0 0 235 9.19369 1.43981 -7.70008 -1.75296
0 0 236 4.20948 0.657597 -4.21386 -2.66529
0 0 237 2.02482 1.65138 -0.580857 -1.63899
0 0 238 2.74149 0.478542 0.185045 -0.172737
0 0 239 2.53147 -0.531735 1.45583 -0.808006
0 0 240 0.918422 -0.857334 1.45583 -0.873245
0 0 241 -0.0429126 -0.922841 0.755033 2.20565
0 0 242 -1.02157 0.00591501 0.543137 2.36874
0 0 243 -2.19292 1.58635 1.56947 0.80463
0 0 244 -2.68225 2.62866 1.29247 1.14693
0 0 245 -1.29871 1.84693 0.98291 1.71696
0 0 246 0.31434 0.560063 -0.141085 1.73327
0 0 247 0.379295 -0.987864 -0.922968 2.22195
0 0 248 1.19556 -1.493 0.119938 1.9614
0 0 249 1.40558 -1.11791 2.33537 1.65192
0 0 250 0.0371986 -0.0265963 2.48216 1.24459
0 0 251 -0.889493 0.543565 1.27649 0.83725
0 0 252 -0.646994 0.217967 -0.743626 0.462532
0 0 253 -0.614517 -0.613256 -1.1834 0.918798
0 0 254 -0.2053 -0.547748 -1.50953 2.53164
0 0 255 0.998533 -0.857334 -0.418088 3.24845
0 0 256 1.13061 -1.75358 -0.157066 1.65192
0 0 257 0.576325 -0.17314 1.03204 -0.0261524
0 0 258 0.249385 -0.238648 2.1726 -0.856935
0 0 259 -0.172823 -2.50231 1.1297 0.576699
0 0 260 -1.4611 -4.22929 -0.971503 1.40748
0 0 261 -1.42862 -3.64263 -2.17718 2.07537
0 0 262 0.721392 -1.80259 -0.303854 1.91248
0 0 263 1.53766 1.35829 0.673353 1.21197
0 0 264 -0.857016 2.71018 -0.531731 1.03276
0 0 265 -0.97177 -0.564246 -2.04696 0.250909
0 0 266 -1.16663 -1.4765 -2.56842 -1.81819
0 0 267 -0.499763 -0.564246 -1.1834 -1.62268
0 0 268 0.478893 0.3155 1.71626 -1.57375
0 0 269 0.950899 0.592575 2.15603 -1.76927
0 0 270 -1.0692 1.0487 0.266134 -1.75296
0 0 271 -0.614517 2.64516 -1.83507 -1.91585
0 0 272 0.446415 1.97698 -0.629392 -1.32931
0 0 273 -0.140345 -0.775813 1.81392 -2.04613
0 0 274 -1.54121 -2.20922 2.3188 -2.63267
0 0 275 -0.547397 -1.19943 2.15603 -3.51238
0 0 276 0.0545199 0.608588 0.510583 -2.45346
0 0 277 -0.239943 1.34179 -0.336408 0.120433
0 0 278 -0.482442 0.592575 -1.23253 1.13062
0 0 279 -0.532241 0.820639 -1.23253 0.250909
0 0 280 -2.30768 1.26027 0.380368 -1.29689
0 0 281 -2.25788 1.03221 0.103365 -2.81187
0 0 282 -1.42862 0.152459 -0.385534 -1.80189
0 0 283 -1.119 -0.0430946 -0.857861 -1.55744
0 0 284 -1.21643 0.103934 -0.450642 -1.98109
0 0 285 -1.91578 0.36451 0.510583 -3.52869
0 0 286 -2.14529 1.84693 1.84647 -3.05632
0 0 287 -2.42243 1.96096 2.51471 -3.3821
0 0 288 -1.52605 2.36808 1.48838 -2.63267
0 0 289 -0.614517 2.20504 0.152491 -2.97477
0 0 290 0.591482 1.60237 0.527156 -1.42717
0 0 291 -0.27242 0.494555 0.689925 -0.0587716
0 0 292 -1.34634 0.36451 0.640799 -0.351942
0 0 293 -1.31387 1.58635 1.47181 -0.759279
0 0 294 -1.60833 2.64516 1.50436 -0.156428
0 0 295 -1.08652 1.3743 1.6837 0.52777
0 0 296 -0.482442 -0.841321 0.836713 0.0553956
0 0 297 -0.320054 -0.091619 0.168472 -0.400871
0 0 298 -1.119 -0.482725 0.298688 -0.791697
0 0 299 -1.05405 -1.52551 0.592264 -2.53501
0 0 300 -1.08652 -2.07918 1.17882 -1.62268
0 0 301 -0.449964 -1.23243 1.21138 0.0227764
0 0 302 -0.514919 0.152459 1.45583 -1.00352
0 0 303 -2.17777 0.576076 0.722479 -3.34949
0 0 304 -3.87093 1.24426 -0.792753 -4.48975
0 0 305 -5.30427 0.77163 -0.499177 -2.19291
0 0 306 -3.38377 0.576076 -1.10231 -0.775589
0 0 307 -1.60833 0.950685 -1.52551 -1.54113
0 0 308 -1.34634 -0.694777 -0.645965 -1.76927
0 0 309 -1.00425 -1.50902 -1.57464 -1.134
0 0 310 -1.54121 -0.450214 -1.81909 0.397494
0 0 311 -0.629673 -0.140629 -0.971503 2.56405
0 0 312 0.820989 -0.450214 -0.0108695 3.75345
0 0 313 1.60261 -0.613256 1.30904 3.05294
0 0 314 1.40558 -1.28095 0.950356 2.36874
0 0 315 0.136796 -0.271159 0.298688 1.29352
0 0 316 -0.482442 1.32529 -1.29763 1.11431
0 0 317 -1.42862 0.90216 -1.99784 0.690665
0 0 318 -0.125189 -1.4765 -0.971503 0.0880148
0 0 319 0.820989 -2.82888 -0.629392 -0.563765
0 0 320 0.688914 -2.32325 0.771606 -0.482217
0 0 321 -0.0927115 -1.73708 0.755033 0.2346
0 0 322 -0.679472 -0.792311 -1.6723 -0.0911895
0 0 323 -0.662151 0.869164 -3.31775 0.250909
0 0 324 -1.90063 2.00997 -2.78031 -0.319323
0 0 325 -1.33119 2.87322 -0.841288 -0.954793
0 0 326 1.22804 2.02598 -1.05318 -0.856935
0 0 327 2.57911 0.576076 0.380368 -0.938483
0 0 328 2.74149 0.543565 -1.21595 -1.01983
0 0 329 0.104319 1.16274 -1.33019 -2.30688
0 0 330 -1.91578 0.77163 -0.955522 -1.37824
0 0 331 -1.36366 3.19882 -1.90017 -0.856935
0 0 332 1.01585 4.43716 0.934375 -0.889555
0 0 333 2.35176 3.21532 3.03558 -0.531146
0 0 334 1.66757 -0.205651 2.46559 -0.0750812
0 0 335 0.753869 -2.24222 2.02582 -1.62268
0 0 336 1.82996 -1.05289 3.18236 -1.89954
0 0 337 1.65025 0.885662 2.57982 -1.76927
0 0 338 1.39043 1.83043 2.67748 -0.563765
0 0 339 0.31434 0.72262 2.40048 1.14693
0 0 340 -1.28139 -0.645767 2.40048 -0.189047
0 0 341 -1.52605 0.967183 0.47803 -0.791697
0 0 342 -1.72092 1.45582 -0.711073 0.348566
0 0 343 -2.25788 0.0709377 -1.00406 0.625426
0 0 344 -1.59101 -1.91662 0.771606 0.120433
0 0 345 -1.44378 -0.922841 1.35817 -0.0750812
0 0 346 -0.744427 0.592575 1.6186 0.951417
0 0 347 -0.711949 1.43981 1.14627 2.25457
0 0 348 -1.10168 1.96096 0.608245 1.24459
0 0 349 -1.33119 2.62866 0.55971 0.983835
0 0 350 -1.24891 1.7164 0.0873838 1.40748
0 0 351 -0.172823 0.950685 0.445476 3.60686
0 0 352 2.07462 0.885662 1.03204 3.68821
0 0 353 3.80026 -0.35268 1.4067 2.54795
0 0 354 3.54044 -0.17314 1.14627 1.04907
0 0 355 2.51415 0.608588 -1.31361 -0.41718
0 0 356 1.39043 0.820639 -3.12242 -1.28058
0 0 357 -0.0927115 1.21126 -2.61695 -0.71035
0 0 358 -0.989091 -0.271159 -1.85164 0.381185
0 0 359 -2.04786 -1.96515 -1.85164 1.03276
0 0 360 -3.02435 -1.31346 -1.70485 0.609318
0 0 361 -1.52605 1.11373 -1.0372 0.0553956
0 0 362 0.543848 1.70039 -0.466623 -0.433288
0 0 363 0.788512 1.43981 -0.727645 -0.449598
0 0 364 0.0371986 2.4661 0.575691 -2.6816
0 0 365 -0.857016 2.27055 0.640799 -3.98475
0 0 366 -1.34634 1.76541 1.52094 -3.0237
0 0 367 -1.86815 0.18497 1.32502 -1.4761
0 0 368 0.721392 -1.41148 -0.254727 -0.0911895
0 0 369 1.06349 -0.564246 -1.9493 -0.677731
0 0 370 0.00472108 -1.67206 -1.98186 -2.06244
0 0 371 0.331661 -2.27425 -0.238746 -1.9974
0 0 372 1.91223 -1.65556 1.09714 -2.74663
0 0 373 1.11329 -0.596758 0.80416 -3.12135
0 0 374 -0.597196 -1.54153 -0.319835 -2.82818
0 0 375 -0.924136 -2.33975 -0.857861 -1.34562
0 0 376 -0.222622 -2.09519 -1.47698 0.983835
0 0 377 -0.27242 -0.433716 -1.41187 1.22828
0 0 378 -0.514919 1.21126 -0.955522 -0.237976
0 0 379 -0.0277564 0.560063 0.47803 -0.498527
0 0 380 0.0220424 -0.401204 1.99326 0.593008
0 0 381 -0.125189 -0.873832 0.885248 1.22828
0 0 382 -0.140345 -0.0756059 1.37415 0.250909
0 0 383 -0.369853 -0.17314 2.43303 1.37486
0 0 384 -0.417487 -0.22215 2.40048 1.50514
0 0 385 -0.629673 -0.971366 -0.0919581 1.66823
0 0 386 -0.759583 -1.23243 -1.76996 1.4401
0 0 387 0.201751 -1.91662 -1.4604 0.0717052
0 0 388 1.27567 -2.8609 -0.808734 -0.400871
0 0 389 1.03101 -2.8609 -0.385534 0.120433
0 0 390 -0.27242 -2.53531 -0.890414 0.902488
0 0 391 -1.03672 -2.66584 -0.906395 1.2609
0 0 392 -0.906815 -2.37275 0.0382571 0.381185
0 0 393 -0.597196 -1.91662 -0.319835 -0.0587716
0 0 394 -0.337375 -2.29123 -0.254727 -1.03614
0 0 395 0.136796 -2.32325 -0.629392 0.136742
0 0 396 0.379295 -1.37897 -1.23253 1.89617
0 0 397 0.526526 0.217967 -0.385534 2.43378
0 0 398 0.00472108 1.11373 0.298688 0.83725
0 0 399 -0.956613 1.68389 0.23358 -0.0750812
0 0 400 -1.49357 -0.0265963 0.298688 0.51146
0 0 401 -0.222622 -1.36247 0.624818 -0.107499
0 0 402 -0.906815 -0.873832 0.836713 0.250909
0 0 403 -1.4611 1.16274 -0.743626 0.2346
0 0 404 -0.2053 2.07499 -1.23253 -0.319323
0 0 405 0.788512 0.576076 -0.238746 -0.514836
0 0 406 0.379295 -0.775813 -0.287281 0.267219
0 0 407 -0.547397 -1.39498 0.135919 0.82094
0 0 408 -1.18396 -1.06939 -0.531731 -0.368251
0 0 409 -1.37882 -0.694777 -2.68206 -1.70403
0 0 410 -1.16663 -0.922841 -3.22008 -1.50851
0 0 411 -0.97177 0.788128 -2.1612 -0.286703
0 0 412 -0.0927115 2.22154 -0.0268505 1.34224
0 0 413 1.32547 2.92223 2.09092 2.45009
0 0 414 1.78016 1.89594 1.1297 1.17935
0 0 415 0.950899 0.380523 -0.727645 -1.42717
0 0 416 -0.140345 -0.108117 -1.9493 -3.05632
0 0 417 0.820989 -0.254661 -1.23253 -2.40454
0 0 418 1.79748 1.06472 0.185045 -1.4761
0 0 419 0.998533 0.18497 0.23358 -1.06876
0 0 420 -0.222622 -0.580745 -0.2713 -1.50851
0 0 421 -1.42862 -0.417703 -0.352981 -1.36193
0 0 422 -2.34016 0.543565 -1.16742 0.364875
0 0 423 -2.47007 0.690109 -1.31361 2.45009
0 0 424 -2.99187 -0.091619 -2.32397 4.14427
0 0 425 -2.69957 0.282989 -3.3503 4.95895
0 0 426 -1.86815 1.24426 -2.40565 5.0566
0 0 427 -0.646994 1.84693 -1.75398 2.10799
0 0 428 0.119475 1.09723 -2.45418 -0.351942
0 0 429 1.30815 -0.824822 -0.808734 -1.05245
0 0 430 1.293 -0.743301 1.97669 -0.840626
0 0 431 -0.27242 -1.00388 3.34513 -0.905864
0 0 432 -1.05405 -0.22215 2.33537 -1.08507
0 0 433 0.266706 1.61887 0.527156 0.250909
0 0 434 0.364139 1.83043 -0.841288 1.37486
0 0 435 1.06349 0.820639 -0.77618 1.22828
0 0 436 2.74149 -0.30367 0.820141 0.80463
0 0 437 2.18938 -0.0265963 1.87903 0.348566
0 0 438 1.74768 -0.157127 1.32502 0.0553956
0 0 439 1.35795 -0.580745 1.79794 0.658045
0 0 440 1.92739 -1.16692 1.83049 1.22828
0 0 441 1.2432 -2.40526 1.78137 2.18954
0 0 442 1.293 -0.678279 1.25991 1.06538
0 0 443 1.89491 -0.17314 0.950356 1.83113
0 0 444 1.27567 -0.613256 0.185045 2.72715
0 0 445 0.201751 -0.254661 -0.222173 0.348566
0 0 446 0.51137 -0.124616 -0.922968 -1.60637
0 0 447 0.9011 1.08122 -1.50953 -0.873245
0 0 448 1.60261 3.08479 0.201026 0.364875
0 0 449 2.00967 3.99753 1.84647 2.09168
