0 0 0 -0.0541683
0 0 1 -0.0311207
0 0 2 -0.0210775
0 0 3 -0.0211846
0 0 4 -0.0217733
0 0 5 -0.0177952
0 0 6 -0.00470165
0 0 7 -0.00247182
0 0 8 -0.00914348
0 0 9 -0.0187228
0 0 10 -0.0250377
0 0 11 -0.0327619
0 0 12 -0.038613
0 0 13 -0.0410569
0 0 14 0.010158
0 0 15 0.030387
0 0 16 0.0348288
0 0 17 0.0314395
0 0 18 0.0141181
0 0 19 0.00243382
0 0 20 0.0087487
0 0 21 0.0138862
0 0 22 0.0039501
0 0 23 0.00302249
0 0 24 -0.0126577
0 0 25 -0.0105527
0 0 26 0.0280323
0 0 27 0.034704
0 0 28 0.008053
0 0 29 -0.0148697
0 0 30 -0.0165108
0 0 31 -0.0193115
0 0 32 0.0185778
0 0 33 0.0418394
0 0 34 0.0297983
0 0 35 0.00839193
0 0 36 -0.0297293
0 0 37 -0.0215414
0 0 38 0.0112104
0 0 39 0.0317784
0 0 40 0.0547011
0 0 41 0.0541124
0 0 42 0.0564493
0 0 43 0.0938748
0 0 44 0.0827613
0 0 45 0.0644053
0 0 46 0.0639415
0 0 47 0.0564493
0 0 48 0.0383252
0 0 49 0.0431238
0 0 50 0.0361132
0 0 51 0.0179891
0 0 52 -0.00295346
0 0 53 -0.0156903
0 0 54 -0.0238782
0 0 55 -0.00259669
0 0 56 0.0169367
0 0 57 0.0437125
0 0 58 0.0389139
0 0 59 0.0314395
0 0 60 0.0314395
0 0 61 0.0248749
0 0 62 0.00898061
0 0 63 -0.0103208
0 0 64 -0.0279633
0 0 65 -0.0287839
0 0 66 -0.0434116
0 0 67 -0.0472647
0 0 68 -0.0512427
0 0 69 -0.0424661
0 0 70 -0.0342782
0 0 71 -0.02832
0 0 72 -0.0416455
0 0 73 -0.046569
0 0 74 -0.0626952
0 0 75 -0.0682965
0 0 76 -0.0545072
0 0 77 -0.0639795
0 0 78 -0.0691171
0 0 79 -0.0728632
0 0 80 -0.0826745
0 0 81 -0.0581285
0 0 82 -0.0662986
0 0 83 -0.0506541
0 0 84 -0.0367399
0 0 85 -0.0280881
0 0 86 -0.0291406
0 0 87 -0.0382562
0 0 88 -0.0438754
0 0 89 -0.0688852
0 0 90 -0.0603583
0 0 91 -0.040486
0 0 92 -0.0213095
0 0 93 0.00453878
0 0 94 0.0148317
0 0 95 0.000560756
0 0 96 -0.0227009
0 0 97 -0.032637
0 0 98 -0.0149946
0 0 99 -0.00200801
0 0 100 0.0108537
0 0 101 0.0171686
0 0 102 0.0234834
0 0 103 0.0296735
0 0 104 0.0351678
0 0 105 0.0254635
0 0 106 0.0295664
0 0 107 0.0234834
0 0 108 0.0196303
0 0 109 0.0444082
0 0 110 0.0550579
0 0 111 0.026516
0 0 112 0.00687564
0 0 113 -0.020364
0 0 114 -0.0359193
0 0 115 -0.0512427
0 0 116 -0.0887753
0 0 117 -0.103617
0 0 118 -0.0674938
0 0 119 -0.0363831
0 0 120 -0.0105527
0 0 121 -0.0213095
0 0 122 -0.0375605
0 0 123 -0.046569
0 0 124 -0.0452668
0 0 125 -0.0518136
0 0 126 -0.0340463
0 0 127 0.00641184
0 0 128 0.0343472
0 0 129 0.0565742
0 0 130 0.0501344
0 0 131 0.0458175
0 0 132 0.0209147
0 0 133 -0.000848499
0 0 134 0.00361117
0 0 135 0.0177572
0 0 136 0.022431
0 0 137 0.00990822
0 0 138 -0.0085548
0 0 139 -0.0196683
0 0 140 -0.0284449
0 0 141 -0.0401292
0 0 142 -0.0348668
0 0 143 0.00102456
0 0 144 0.010265
0 0 145 0.0164728
0 0 146 0.0271047
0 0 147 0.044872
0 0 148 0.0188097
0 0 149 0.0151706
0 0 150 0.0369338
0 0 151 0.0499025
0 0 152 0.0388069
0 0 153 0.0122629
0 0 154 -0.024235
0 0 155 -0.03253
0 0 156 -0.0195434
0 0 157 -0.0255194
0 0 158 -0.0394335
0 0 159 -0.0577895
0 0 160 -0.0597696
0 0 161 -0.026447
0 0 162 0.00792813
0 0 163 0.0389139
0 0 164 0.0327239
0 0 165 -0.00223991
0 0 166 -0.0111236
0 0 167 0.00114943
0 0 168 0.0114423
0 0 169 0.0241792
0 0 170 0.0338834
0 0 171 0.0390388
0 0 172 0.0135473
0 0 173 -0.0188477
0 0 174 -0.0578966
0 0 175 -0.0665305
0 0 176 -0.0299612
0 0 177 -0.0193115
0 0 178 -0.042698
0 0 179 -0.0643363
0 0 180 -0.0280881
0 0 181 0.0039501
0 0 182 0.0451039
0 0 183 0.0964436
0 0 184 0.142039
0 0 185 0.193736
0 0 186 0.256528
0 0 187 0.323869
0 0 188 0.423034
0 0 189 0.529424
0 0 190 0.627412
0 0 191 0.711021
0 0 192 0.747858
0 0 193 0.796272
0 0 194 0.84911
0 0 195 0.914471
0 0 196 0.961137
0 0 197 0.98604
0 0 198 0.997029
0 0 199 0.999865
0 0 200 0.97143
0 0 201 0.94114
0 0 202 0.91085
0 0 203 0.888998
0 0 204 0.839638
0 0 205 0.782108
0 0 206 0.707989
0 0 207 0.637241
0 0 208 0.590111
0 0 209 0.556093
0 0 210 0.523002
0 0 211 0.463242
0 0 212 0.431097
0 0 213 0.364095
0 0 214 0.304104
0 0 215 0.274527
0 0 216 0.2419
0 0 217 0.189401
0 0 218 0.164605
0 0 219 0.137365
0 0 220 0.102063
0 0 221 0.0709521
0 0 222 0.0613728
0 0 223 0.0718976
0 0 224 0.071077
0 0 225 0.0443012
0 0 226 0.0234834
0 0 227 0.0419465
0 0 228 0.0807812
0 0 229 0.0777308
0 0 230 0.0682585
0 0 231 0.071077
0 0 232 0.0541124
0 0 233 0.0616047
0 0 234 0.0725933
0 0 235 0.0848663
0 0 236 0.0694358
0 0 237 0.0542373
0 0 238 0.0547011
0 0 239 0.0718976
0 0 240 0.104739
0 0 241 0.117493
0 0 242 0.0889692
0 0 243 0.0576267
0 0 244 0.044872
0 0 245 0.0227699
0 0 246 -0.00983919
0 0 247 -0.0299612
0 0 248 -0.0595377
0 0 249 -0.0741476
0 0 250 -0.0493697
0 0 251 -0.0266789
0 0 252 -0.00480868
0 0 253 0.0188097
0 0 254 -0.00411297
0 0 255 -0.00621794
0 0 256 0.0133154
0 0 257 0.0418394
0 0 258 0.0536486
0 0 259 0.0559855
0 0 260 0.04885
0 0 261 0.0376295
0 0 262 0.008053
0 0 263 -0.0125328
0 0 264 0.00628697
0 0 265 0.0197373
0 0 266 0.00839193
0 0 267 -0.030425
0 0 268 -0.0507611
0 0 269 -0.0414136
0 0 270 -0.0117122
0 0 271 0.00114943
0 0 272 -0.00446975
0 0 273 -0.000598757
0 0 274 0.0232515
0 0 275 0.028282
0 0 276 0.034704
0 0 277 0.0193805
0 0 278 0.00279059
0 0 279 -0.0245739
0 0 280 -0.0363831
0 0 281 -0.0204889
0 0 282 0.00921251
0 0 283 0.0161161
0 0 284 0.0344721
0 0 285 0.0532919
0 0 286 0.0550579
0 0 287 0.0633529
0 0 288 0.0708451
0 0 289 0.0612479
0 0 290 0.0471018
0 0 291 0.0299054
0 0 292 0.0165799
0 0 293 -0.0110165
0 0 294 -0.0236463
0 0 295 -0.000259823
0 0 296 0.0276934
0 0 297 0.0294416
0 0 298 0.0185778
0 0 299 0.0238224
0 0 300 0.0435876
0 0 301 0.0514188
0 0 302 0.0577337
0 0 303 0.0569309
0 0 304 0.0635848
0 0 305 0.0667422
0 0 306 0.0551649
0 0 307 0.0626572
0 0 308 0.0590181
0 0 309 0.0608911
0 0 310 0.0369338
0 0 311 0.00207704
0 0 312 -0.0277314
0 0 313 -0.0253945
0 0 314 -0.00295346
0 0 315 0.0195054
0 0 316 0.0441763
0 0 317 0.0728252
0 0 318 0.0722365
0 0 319 0.0838138
0 0 320 0.0986734
0 0 321 0.112338
0 0 322 0.0976209
0 0 323 0.0532919
0 0 324 -0.00200801
0 0 325 -0.0417704
0 0 326 -0.0505292
0 0 327 -0.0658526
0 0 328 -0.0719356
0 0 329 -0.0810333
0 0 330 -0.103278
0 0 331 -0.105258
0 0 332 -0.0932171
0 0 333 -0.046569
0 0 334 -0.0144059
0 0 335 0.0114423
0 0 336 0.0329558
0 0 337 0.0310827
0 0 338 0.0167047
0 0 339 -0.00691365
0 0 340 -0.0239852
0 0 341 -0.0192045
0 0 342 -0.0293725
0 0 343 -0.0455165
0 0 344 -0.0522952
0 0 345 -0.0434116
0 0 346 -0.0218803
0 0 347 -0.012069
0 0 348 0.0302621
0 0 349 0.0306189
0 0 350 0.0275685
0 0 351 0.0511869
0 0 352 0.0348288
0 0 353 0.0082849
0 0 354 -0.00200801
0 0 355 -0.00470165
0 0 356 -0.0249307
0 0 357 -0.0284449
0 0 358 -0.0271427
0 0 359 -0.0249307
0 0 360 -0.0123009
0 0 361 -0.00668174
0 0 362 0.0108537
0 0 363 0.0112104
0 0 364 0.0279253
0 0 365 0.0529529
0 0 366 0.0537735
0 0 367 0.0364522
0 0 368 0.0295664
0 0 369 0.0316714
0 0 370 0.0267479
0 0 371 0.00184514
0 0 372 0.00407497
0 0 373 0.0235905
0 0 374 0.0438195
0 0 375 0.0214855
0 0 376 0.00384307
0 0 377 0.00453878
0 0 378 0.0127267
0 0 379 0.0278004
0 0 380 0.0439444
0 0 381 0.0435876
0 0 382 0.0279253
0 0 383 -0.00996406
0 0 384 -0.00141934
0 0 385 0.00641184
0 0 386 0.0205579
0 0 387 0.0134224
0 0 388 0.00441391
0 0 389 0.00885574
0 0 390 0.075055
0 0 391 -0.0328867
0 0 392 -0.12324
0 0 393 -0.169192
0 0 394 -0.058949
0 0 395 0.164605
0 0 396 0.19502
0 0 397 0.148122
0 0 398 0.00839193
