0 0 0 4.47236 -5.92113 0.251618 -1.96845
0 0 1 -0.615538 4.23085 0.575789 0.576447
0 0 2 4.28493 0.981889 2.20091 0.955425
0 0 3 -4.75848 -1.42741 -0.587815 0.87435
0 0 4 -4.29772 2.55236 5.69343 -0.696237
0 0 5 -1.3223 -5.21732 -2.83483 -0.831519
0 0 6 -0.752205 -1.75231 -1.72497 -2.02266
0 0 7 3.03931 -3.83672 0.468301 -2.32056
0 0 8 0.251318 -1.29156 -1.9954 -2.40163
0 0 9 -7.33172 3.77092 4.36689 0.657522
0 0 10 2.84798 -0.42572 -0.859095 -3.10538
0 0 11 2.63322 0.684818 0.278064 -0.804179
0 0 12 -1.70106 -0.127831 -1.29161 0.332752
0 0 13 -1.37306 4.06881 3.31077 -1.07521
0 0 14 0.223984 -2.69999 6.50556 3.12135
0 0 15 6.2334 -0.317695 2.57968 1.49702
0 0 16 -6.1681 -2.4021 -1.96895 -2.69954
0 0 17 -0.724871 -1.18354 0.386405 2.14656
0 0 18 -0.861538 0.116045 0.35996 -5.515
0 0 19 2.38722 -2.34809 -2.42877 2.1197
0 0 20 -0.0220153 -4.37848 2.60698 -0.344128
0 0 21 0.872174 0.792844 3.85248 -2.75374
0 0 22 -0.42811 2.74222 2.06527 -0.614691
0 0 23 -1.86116 -1.96836 -0.452175 -0.723105
0 0 24 -3.3762 3.25616 0.494747 3.14821
0 0 25 -1.77916 -1.3734 -0.88554 -3.32221
0 0 26 1.27827 -1.58945 6.20784 2.98606
0 0 27 1.03617 -5.94895 0.874368 4.23141
0 0 28 -5.24658 2.11943 -1.58933 -2.48271
0 0 29 0.981507 6.26124 -0.993882 0.305884
0 0 30 -0.834204 0.494954 -3.94469 0.576447
0 0 31 1.44227 -3.24094 0.0886795 -2.45584
0 0 32 2.82065 -2.80802 1.82129 4.20407
0 0 33 -2.23992 -1.45442 -0.642412 -1.91424
0 0 34 0.735507 -1.40041 1.22584 -1.37265
0 0 35 -4.11029 -2.56414 0.928112 0.413827
0 0 36 -5.62534 0.548967 -2.21208 -1.02101
0 0 37 -3.24344 0.81985 4.63731 -1.69789
0 0 38 -0.236777 3.6899 1.28044 -2.13107
0 0 39 0.817507 1.87556 1.87589 -3.94488
0 0 40 0.0599845 0.521961 -3.21445 -4.51335
0 0 41 -1.67373 -0.317695 -0.39843 0.00798181
0 0 42 -3.97363 -1.77932 -1.53559 -5.46079
0 0 43 2.30912 3.06711 0.0349353 -0.344128
0 0 44 -4.92248 1.09073 -0.154449 -1.91424
0 0 45 -1.50973 1.19876 -4.83872 -1.10208
0 0 46 -0.615538 -2.26625 0.575789 -4.1075
0 0 47 1.65703 3.338 -4.40536 2.25498
0 0 48 -5.19191 -1.12953 0.874368 1.36174
0 0 49 -0.42811 -0.371708 4.28499 -1.34578
0 0 50 0.92684 -1.26456 -5.54252 -0.885725
0 0 51 -2.32192 0.521961 0.603088 1.49702
0 0 52 3.30874 1.90256 4.1502 -1.45419
0 0 53 -2.99744 -1.3464 6.58661 1.22599
0 0 54 -1.61906 -1.56245 -1.07492 -0.587823
0 0 55 5.50321 1.44264 0.522045 -2.32056
0 0 56 2.55122 4.55574 -0.154449 3.71715
0 0 57 -2.05249 -2.48312 -0.425729 -1.04787
0 0 58 -1.53706 2.28147 3.39181 2.33605
0 0 59 -0.615538 -1.83333 -8.1683 -0.316788
0 0 60 -2.34925 -4.64937 0.0886795 -0.64203
0 0 61 1.44227 -2.21224 -4.16138 4.04192
0 0 62 0.223984 7.15491 2.25466 -2.15794
0 0 63 1.8757 1.79454 2.98575 1.98441
0 0 64 2.49655 3.14813 -3.67427 1.36174
0 0 65 5.55788 3.41902 0.549344 -3.59277
0 0 66 -0.51011 3.04011 -1.53559 -2.02266
0 0 67 0.548079 6.04519 -0.371132 -3.2138
0 0 68 -0.834204 1.57767 -1.86061 1.14491
0 0 69 -1.40039 5.42241 4.33959 0.143263
0 0 70 0.657412 1.22577 0.197021 1.55123
0 0 71 0.00531797 2.03841 -2.32042 -3.94488
0 0 72 -2.26725 0.548967 -4.70308 -2.32056
0 0 73 -1.26763 -1.83333 -3.8372 0.847011
0 0 74 0.817507 1.25277 0.0349353 0.413827
0 0 75 4.79645 4.52874 3.33807 2.4176
0 0 76 5.74531 1.30678 0.575789 0.00798181
0 0 77 -0.724871 -2.07721 -5.37958 2.44447
0 0 78 2.98465 5.0435 2.41759 -3.18693
0 0 79 8.66997 1.60467 -0.236345 2.4176
0 0 80 1.36027 1.44264 -4.56744 -0.939461
0 0 81 4.12093 2.63337 -1.83331 -1.37265
0 0 82 2.63322 -1.04851 -2.94317 -3.02431
0 0 83 4.2576 1.57767 4.58272 -1.39998
0 0 84 0.899507 -4.64937 -1.9954 -3.10538
0 0 85 6.09674 3.85194 2.9047 1.79492
0 0 86 1.09084 3.06711 2.44404 3.12135
0 0 87 5.66331 3.20215 -4.05303 1.14491
0 0 88 1.44227 -0.533746 -0.39843 -1.75209
0 0 89 1.60236 3.66289 -2.37502 3.82509
0 0 90 6.90893 1.22577 1.41522 1.3344
0 0 91 -6.76162 -0.127831 2.68802 -0.614691
0 0 92 -3.10677 -1.6983 -0.209046 0.332752
0 0 93 3.30874 4.33969 -4.541 4.44776
0 0 94 1.57503 2.06542 -2.0227 2.57975
0 0 95 -1.61906 -0.50674 -3.2409 4.66459
0 0 96 4.3396 -2.0502 -4.64934 3.68981
0 0 97 0.223984 -1.21054 -3.89095 -3.18693
0 0 98 -0.482776 0.981889 1.87589 -0.858386
0 0 99 -2.10715 5.66628 1.38878 2.63395
0 0 100 1.92646 -0.804629 1.03645 -0.154639
0 0 101 3.39074 0.170058 1.71295 1.38861
0 0 102 0.0326513 -1.15653 -3.02422 4.20407
0 0 103 4.03893 4.25785 -0.723455 0.901218
0 0 104 -0.236777 1.03672 3.52745 4.44776
0 0 105 5.69064 -1.58945 -1.61663 -0.533616
0 0 106 -2.37658 4.79962 4.55627 -0.993668
0 0 107 -1.59173 0.81985 -4.40536 -1.83317
0 0 108 -2.59134 1.33379 2.03797 -0.696237
0 0 109 3.44541 5.99118 4.23125 0.332752
0 0 110 -2.51325 0.981889 6.50556 4.06879
0 0 111 -1.04897 -2.64598 -2.05 1.46968
0 0 112 -0.0493486 6.64097 -1.53559 -3.99909
0 0 113 -3.13411 1.98358 0.22432 -4.0533
0 0 114 3.8515 1.25277 -3.51218 -1.31891
0 0 115 -0.966966 -1.45442 -2.15834 1.6323
0 0 116 -3.4582 2.22746 1.98423 0.0348496
0 0 117 -3.83696 2.20045 3.87892 -0.668898
0 0 118 4.36302 -1.0215 0.0613809 1.6323
0 0 119 4.60902 -0.42572 1.79484 -0.398334
0 0 120 3.41807 7.99457 -0.506772 5.36834
0 0 121 -5.54334 0.413935 -2.94317 2.03862
0 0 122 -5.30124 -1.53544 -0.587815 -1.31891
0 0 123 0.00531797 -5.16331 -3.78261 5.42255
0 0 124 -0.26411 -3.51182 -2.61815 -2.32056
0 0 125 1.3056 -1.26456 2.95845 4.66459
0 0 126 3.36341 2.20045 -1.45455 0.928557
0 0 127 2.71522 -5.16331 0.305362 -3.13272
0 0 128 1.52036 -0.587759 -0.966583 1.11805
0 0 129 2.09046 -2.3751 3.14783 -1.23736
0 0 130 0.520746 2.49834 -2.18564 1.44282
0 0 131 -1.50973 -2.15823 -5.10915 -1.37265
0 0 132 -1.50973 1.17175 -2.56441 4.4209
0 0 133 -3.2161 -1.31939 0.0886795 -3.32221
0 0 134 -1.45506 3.90595 3.6358 -0.696237
0 0 135 3.9335 -5.8131 2.28195 -4.24278
0 0 136 -4.02829 -5.29916 -4.26972 -0.1273
0 0 137 3.39074 3.365 -1.23786 1.876
0 0 138 0.548079 5.3954 -0.560516 0.251677
0 0 139 4.03893 -0.452727 -0.912839 -1.42685
0 0 140 4.87845 -1.3734 -1.88791 3.68981
0 0 141 -2.75534 -3.05189 2.49864 1.0365
0 0 142 -1.13097 -3.48482 1.00916 0.0890565
0 0 143 -3.27077 -2.0502 0.169722 -0.9668
0 0 144 -4.11029 1.38862 2.09257 1.14491
0 0 145 -0.154777 -2.83502 -3.86365 3.55453
0 0 146 1.00884 -1.15653 2.79636 -0.1273
0 0 147 2.28179 -2.727 -3.40384 -1.04787
0 0 148 5.33921 -2.26625 -1.96895 4.63725
0 0 149 4.23026 -0.533746 -2.42877 0.684861
0 0 150 -6.81629 -6.165 -2.83483 3.22976
0 0 151 -2.02515 -1.58945 -0.88554 -3.32221
0 0 152 0.223984 4.63676 -0.615113 -4.70284
0 0 153 1.36027 -4.29746 -5.08185 1.00963
0 0 154 3.03931 -4.18862 -0.804498 2.93186
0 0 155 0.899507 -2.94305 3.5539 2.4718
0 0 156 -0.482776 -0.858642 -1.21056 -3.99909
0 0 157 -0.127444 3.44602 3.50016 4.98936
0 0 158 -1.94315 4.28486 -0.587815 0.982764
0 0 159 5.01512 -3.80971 -0.696156 2.93186
0 0 160 0.954174 -2.88904 0.468301 -0.912593
0 0 161 -2.99744 -0.50674 1.52356 -4.70284
0 0 162 -1.75182 -2.99788 3.68954 2.68816
0 0 163 4.2576 -7.5456 -2.13104 3.79822
0 0 164 -6.98029 -1.26456 -1.3462 -2.15794
0 0 165 -3.27077 -0.371708 -0.290089 -2.13107
0 0 166 -1.67373 -1.83333 1.1175 1.19912
0 0 167 1.52036 -1.04851 2.57968 0.0890565
0 0 168 -0.752205 -5.70507 2.98575 -1.2105
0 0 169 2.82065 -0.28987 -4.62204 0.19747
0 0 170 0.00531797 0.846856 2.49864 -2.07686
0 0 171 2.73865 0.305091 3.77058 8.23848
0 0 172 -2.07982 -3.32278 -0.479473 -1.69789
0 0 173 -1.0763 -2.99788 1.06375 -1.77896
0 0 174 -2.75534 -6.43588 5.66613 0.54958
0 0 175 -4.89515 -0.0198053 1.1448 0.170131
0 0 176 -7.84324 4.31187 2.3357 -2.78061
0 0 177 -4.64915 -0.262863 0.305362 2.20077
0 0 178 -0.994299 -1.04851 1.57816 1.25333
0 0 179 -1.72839 -2.91604 1.19854 -1.10208
0 0 180 -1.70106 1.57767 4.06831 -6.76034
0 0 181 -3.4582 2.20045 -2.99777 5.15198
0 0 182 -6.60153 -2.45612 -6.81446 -1.04787
0 0 183 -2.23992 -1.45442 1.6592 -1.45419
0 0 184 -1.1583 -1.88734 -0.668857 4.82721
0 0 185 -0.127444 4.77261 0.169722 -2.32056
0 0 186 -5.97677 -3.18693 2.9047 -2.26635
0 0 187 -5.65267 -1.56245 0.928112 1.74072
0 0 188 -3.75887 -1.88734 -3.51218 2.63395
0 0 189 -3.05211 -3.51182 -2.26668 1.28019
0 0 190 -3.59487 -1.64428 -1.07492 1.74072
0 0 191 -2.86468 0.0620325 2.98575 -0.208846
0 0 192 -5.35591 1.82154 -1.23786 0.170131
0 0 193 -2.97011 -1.67129 -2.13104 -4.54069
0 0 194 -1.10363 -9.30593 2.28195 -0.1273
0 0 195 -3.73153 3.0131 -0.560516 -1.61634
0 0 196 -0.400777 -5.43419 -2.05 -0.0730929
0 0 197 -4.24306 -0.587759 1.17209 1.09071
0 0 198 0.438746 -0.560753 -2.72649 -0.993668
0 0 199 -4.02829 -1.50843 -5.48792 -1.77896
0 0 200 -4.92248 -1.77932 1.30688 2.71503
0 0 201 -0.834204 -0.50674 1.6592 -3.97175
0 0 202 -4.43439 0.792844 -0.181748 -2.99744
0 0 203 -6.95296 -2.64598 -2.56441 -3.45749
0 0 204 -3.94629 2.28147 -3.97199 -1.48106
0 0 205 -1.99782 -0.966668 3.87892 -0.289921
0 0 206 -4.86782 0.738831 2.22736 -4.9734
0 0 207 -3.67687 -3.13291 -2.97047 3.52766
0 0 208 8.9394 -2.91604 -9.68423 0.0348496
0 0 209 67.6903 4.52874 -0.452175 0.739068
0 0 210 155.001 27.8116 2.932 -5.92131
0 0 211 238.145 31.4673 34.0123 -17.2652
0 0 212 248.051 2.17345 46.2225 -21.976
0 0 213 235.681 -13.9355 12.0284 -22.6524
0 0 214 200.323 -22.1651 3.77058 -3.91754
0 0 215 92.2434 -13.6916 -3.80991 4.09613
0 0 216 24.2929 -1.75231 0.630387 -1.99532
0 0 217 8.58797 -3.7557 0.0349353 -2.7264
0 0 218 -0.752205 0.954882 -1.83331 -3.86381
0 0 219 3.9335 -4.81141 4.7994 -2.15794
0 0 220 -0.0766819 2.87725 -1.75227 -0.154639
0 0 221 0.00531797 -3.0789 -3.51218 -3.86381
0 0 222 -3.7042 2.17345 -0.26279 -6.51665
0 0 223 -1.40039 1.19876 7.61542 -2.56425
0 0 224 -5.05524 -6.30085 1.30688 4.88095
0 0 225 4.82379 -4.91943 -2.75379 -4.1075
0 0 226 1.82103 -3.51182 -1.18327 2.49867
0 0 227 -3.02477 -1.21054 -1.26516 -6.0566
0 0 228 -3.59487 -2.754 -4.70308 3.39191
0 0 229 -1.91582 -1.31939 -1.12952 -2.7264
0 0 230 1.5477 -5.29916 -0.940138 2.25498
0 0 231 -1.94315 2.90426 -6.49029 -5.62341
0 0 232 -1.10363 0.197065 -3.07881 -0.912593
0 0 233 0.00531797 -0.262863 -3.97199 3.01293
0 0 234 2.82065 0.738831 -0.966583 0.603315
0 0 235 3.9335 -0.804629 -3.78261 0.955425
0 0 236 2.60589 -4.91943 -0.506772 -0.777312
0 0 237 -1.02163 -1.29156 -1.3462 1.44282
0 0 238 2.25446 3.93296 -2.94317 -2.83482
0 0 239 1.09084 0.278084 -4.83872 2.36339
0 0 240 -1.10363 -2.3751 -2.32042 1.00963
0 0 241 -2.07982 -0.696603 1.82129 -3.34908
0 0 242 3.66017 -3.72869 0.0613809 -0.181507
0 0 243 0.735507 7.18192 0.575789 -3.70119
0 0 244 1.25093 3.98697 -6.13797 -4.40493
0 0 245 0.762841 -0.939662 1.49712 -2.75374
0 0 246 -1.0763 -2.26625 1.25314 4.82721
0 0 247 -0.888871 5.0705 4.8267 5.96414
0 0 248 7.07293 -5.1363 0.955411 -1.29157
0 0 249 0.954174 -0.533746 2.55238 -4.54069
0 0 250 -3.7042 -3.15992 -7.84328 1.25333
0 0 251 -4.89515 1.60467 1.74025 0.630654
0 0 252 -2.10715 -1.91435 0.22432 -1.07521
0 0 253 5.12445 2.11943 1.92963 1.5781
0 0 254 -2.18525 -2.18523 -2.0227 -2.10373
0 0 255 -5.54334 -3.89073 0.900814 -2.29322
