0 0 0 6.44524 -5.88289 -0.360147 -1.282
0 0 1 10.5892 -10.759 -3.85826 -7.08074
0 0 2 7.46307 -1.00404 -7.99964 -7.633
0 0 3 8.28702 5.71474 -12.048 -8.36844
0 0 4 -0.921886 -1.09501 -12.141 -7.17369
0 0 5 -5.61116 -9.01143 -7.81357 -3.76717
0 0 6 6.08173 -10.85 7.55313 7.6444
0 0 7 14.3576 -14.1646 5.25384 8.56301
0 0 8 3.04037 1.02056 6.26394 -2.84856
0 0 9 3.50081 12.8001 14.9162 -11.4988
0 0 10 13.7154 5.25442 7.64617 -4.22648
0 0 11 8.56571 -6.52652 -6.61741 -7.72596
0 0 12 0.374631 1.9412 -5.60731 -5.331
0 0 13 2.30123 3.87346 -8.27609 -3.76717
0 0 14 12.2372 4.15046 1.75573 1.93861
0 0 15 9.75317 2.12587 18.1352 -3.03174
0 0 16 4.96697 -5.2379 18.6881 -7.44982
0 0 17 5.24566 -13.7966 5.25384 -1.74404
0 0 18 11.0497 -11.1284 -2.6621 6.81601
0 0 19 4.88215 -6.34185 2.399 0.557961
0 0 20 -9.93692 -6.80217 3.6882 -2.84856
0 0 21 -10.6761 -1.00404 8.10603 4.97332
0 0 22 -8.65252 13.9041 2.21559 0.557961
0 0 23 -4.50851 -2.29266 -1.92579 -4.68852
0 0 24 1.56209 -15.1762 -8.09002 -6.98778
0 0 25 1.01683 -4.22492 -0.636594 3.77857
0 0 26 0.0959401 -2.75162 5.16081 2.02884
0 0 27 -5.05378 4.97741 1.11246 1.2934
0 0 28 -14.8079 -11.3117 -9.1958 3.68562
0 0 29 -17.0254 -9.28708 3.13531 -1.83426
0 0 30 -17.7524 -12.2323 10.2219 -4.59556
0 0 31 -12.4209 -8.55111 5.80408 -3.49104
0 0 32 -17.4858 -22.1706 -7.26334 -5.331
0 0 33 -13.8022 -17.5701 -7.44675 -3.67695
0 0 34 -10.4822 1.84886 -4.59456 0.188876
0 0 35 -11.4031 -0.451381 -4.50153 4.79014
0 0 36 -11.8635 -0.819365 10.2219 4.97332
0 0 37 -4.13289 1.57321 1.75573 -0.0872547
0 0 38 6.54217 1.48088 -3.30537 -1.65108
0 0 39 5.62128 0.92958 4.70095 -3.30787
0 0 40 1.56209 8.10732 8.10603 -8.27548
0 0 41 -9.93692 8.4753 6.90986 -2.66265
0 0 42 -11.5969 13.4438 1.47929 2.85723
0 0 43 -9.19779 8.19829 -4.96139 -2.93878
0 0 44 -0.728015 5.6224 1.38891 -0.639516
0 0 45 2.94343 1.48088 8.84233 -2.02017
0 0 46 1.47728 15.1927 10.7748 3.13336
0 0 47 4.70039 24.0271 -0.729629 1.38635
0 0 48 7.26919 19.1496 6.35697 -6.62143
0 0 49 8.00833 -2.662 9.4856 0.648182
0 0 50 3.7795 -10.9437 11.4181 -3.40082
0 0 51 3.86432 -16.7418 -4.31812 -1.92721
0 0 52 5.98479 -9.83974 4.79133 7.82758
0 0 53 -6.25336 -4.22492 6.90986 7.73462
0 0 54 4.14301 6.54304 17.8587 0.00570018
0 0 55 2.57992 -1.00404 11.2347 3.50244
0 0 56 -3.86631 -13.7043 -11.0352 7.27532
0 0 57 9.85011 -7.53814 2.58507 8.47279
0 0 58 7.46307 -6.61886 11.1416 0.281831
0 0 59 -3.49069 -4.22492 -3.12195 1.20044
0 0 60 1.01683 2.67717 -18.6747 6.35397
0 0 61 13.7154 1.11289 -14.5333 9.39141
0 0 62 13.158 -7.44716 -4.13471 1.38635
0 0 63 7.92351 -11.036 10.0385 -1.74404
0 0 64 0.374631 -17.0161 6.54038 -1.282
0 0 65 -5.33247 -10.668 -3.48878 -3.76717
0 0 66 -7.73163 7.09434 -8.27609 -4.77874
0 0 67 -7.91338 4.05677 -12.9677 -6.89756
0 0 68 -6.61687 -0.451381 -3.12195 -3.49104
0 0 69 -0.18275 -2.10935 -2.93854 -2.84856
0 0 70 -1.10364 4.33378 -11.6785 -1.65108
0 0 71 4.05819 12.7078 -14.1639 -7.633
0 0 72 8.56571 5.25442 -6.71044 -6.43552
0 0 73 -2.66673 4.05677 -10.4823 -6.89756
0 0 74 -8.9191 17.034 -9.00973 -6.71165
0 0 75 -6.99249 9.76392 -4.31812 -3.03174
0 0 76 -3.67244 0.192253 -7.53978 -1.19178
0 0 77 -2.20629 -5.60588 -11.5881 -7.81618
0 0 78 -3.30893 7.55466 -9.10277 -10.3943
0 0 79 -13.8871 3.04515 -8.54987 -5.97622
0 0 80 -7.17425 20.4382 -2.29261 1.11022
0 0 81 -3.40587 13.1681 12.7976 1.47657
0 0 82 1.29552 -8.45878 7.18631 5.15923
0 0 83 -1.74584 -22.4463 -1.46593 4.51401
0 0 84 1.01683 -22.8156 -0.453182 4.60697
0 0 85 -6.0716 -6.8945 7.82958 -3.95035
0 0 86 -9.65823 -5.42257 10.0385 -5.79304
0 0 87 -8.73734 4.97741 0.836015 -1.74404
0 0 88 -3.58762 -4.6866 -3.21233 4.60697
0 0 89 -1.64891 -3.76596 8.38247 3.13336
0 0 90 -0.18275 -9.01143 6.26394 8.19666
0 0 91 -4.32676 -13.153 10.0385 1.2934
0 0 92 -10.3974 -17.5701 15.0996 -2.38652
0 0 93 -8.27689 -14.4402 12.4308 -1.83426
0 0 94 0.835076 -0.451381 1.38891 -7.08074
0 0 95 12.5158 16.8493 0.376157 -8.27548
0 0 96 10.0319 10.9602 12.5212 -4.8717
0 0 97 10.1288 -7.44716 9.66901 -0.453606
0 0 98 11.5101 -11.772 1.38891 4.8831
0 0 99 10.5892 4.7941 3.6882 4.33083
0 0 100 1.75597 6.81869 10.3149 1.38635
0 0 101 2.48299 2.95282 7.4601 -1.09882
0 0 102 13.4367 4.88643 -5.8811 1.38635
0 0 103 13.5337 4.70176 -8.54987 -6.80461
0 0 104 6.3483 0.560237 3.87161 -11.1297
0 0 105 6.80875 -4.40959 24.1187 -0.639516
0 0 106 15.5572 0.92958 13.9034 -8.9207
0 0 107 4.50652 -6.80217 -7.53978 -17.2019
0 0 108 0.653321 -17.4778 -15.7295 -10.0252
0 0 109 -2.66673 -24.0119 -10.8518 -13.522
0 0 110 2.57992 -22.9066 -2.47868 -1.65108
0 0 111 0.374631 -15.7288 4.51754 2.30497
0 0 112 0.45945 0.376924 -7.26334 -3.76717
0 0 113 -7.63469 -1.18871 -4.31812 -1.55813
0 0 114 -9.19779 -15.9135 3.50479 -1.55813
0 0 115 -6.7138 -15.8212 -4.50153 6.44692
0 0 116 -10.2156 -14.1646 -5.60731 14.6379
0 0 117 -11.9605 -10.0231 -1.27986 5.3424
0 0 118 -4.87202 -2.29266 -1.46593 -1.65108
0 0 119 -8.19208 -4.77758 0.652604 -4.77874
0 0 120 -12.9783 -10.85 0.559569 0.648182
0 0 121 -13.6205 -3.58129 0.652604 -1.09882
0 0 122 -9.47648 1.9412 -7.26334 -5.14783
0 0 123 -3.30893 -10.2077 -0.269771 -0.27043
0 0 124 8.10527 -14.4402 9.4856 7.18236
0 0 125 3.59775 -6.71119 8.01299 4.23788
0 0 126 -1.84278 -12.2323 4.60792 3.68562
0 0 127 9.57142 -13.6119 5.34422 2.5811
0 0 128 0.556385 -14.5326 1.01943 2.12179
0 0 129 -11.4031 -17.9381 -17.3855 4.69992
0 0 130 -5.97467 -8.9191 -29.2568 7.82758
0 0 131 -5.88985 -15.1762 -10.9449 0.924313
0 0 132 -6.0716 3.59781 8.84233 -8.73752
0 0 133 -8.37383 12.0642 7.18631 -3.76717
0 0 134 -10.9426 -5.79055 0.836015 9.20823
0 0 135 -3.58762 -11.1284 10.2219 17.8585
0 0 136 2.11948 -15.2685 15.9263 11.7836
0 0 137 5.16084 -5.2379 16.8486 15.7424
0 0 138 4.78521 13.5361 -0.820005 7.27532
0 0 139 0.835076 0.837244 -26.9548 6.99919
0 0 140 -3.95113 -4.50193 -35.3306 8.56301
0 0 141 -3.76938 -9.65507 -27.1409 4.69992
0 0 142 5.62128 0.744909 -2.01617 -1.00587
0 0 143 6.90568 6.08272 -6.06717 1.20044
0 0 144 3.50081 6.81869 -14.1639 1.01727
0 0 145 1.38034 8.65861 -0.636594 2.02884
0 0 146 -3.95113 -0.543716 -2.38565 -1.55813
0 0 147 -15.0018 0.744909 -13.2441 1.38635
0 0 148 -21.9085 0.284588 -10.4823 2.30497
0 0 149 -22.3689 5.99039 -7.99964 1.2934
0 0 150 -20.9755 17.402 -7.44675 5.24945
0 0 151 -15.0018 25.04 -8.82632 6.07784
0 0 152 -17.9584 17.9533 -3.02892 9.29845
0 0 153 -15.9227 12.8001 -1.27986 11.3243
0 0 154 -14.4444 8.01498 -16.0963 11.1411
0 0 155 -7.63469 1.29756 -22.4466 12.705
0 0 156 4.14301 -8.45878 -3.94864 14.5449
0 0 157 4.60346 -0.913059 10.4984 12.9811
0 0 158 -0.267569 15.8363 4.79133 9.20823
0 0 159 -10.4822 -9.19475 -2.29261 13.1643
0 0 160 -10.5791 -16.4648 19.241 4.69992
0 0 161 -6.35029 -10.2077 18.595 0.834092
0 0 162 -12.324 -13.5209 -14.5333 -0.453606
0 0 163 -21.0724 -4.13394 -24.1957 -8.64457
0 0 164 -12.2391 -14.8082 -14.1639 -9.01365
0 0 165 -4.04807 -16.0031 -14.3473 -2.47947
0 0 166 -5.05378 -5.88289 -22.3536 3.22631
0 0 167 -6.0716 13.9964 1.20284 2.49088
0 0 168 -4.96896 22.0025 -2.20224 1.47657
0 0 169 5.88786 17.402 -0.0837007 -0.546561
0 0 170 3.68257 0.744909 4.88436 0.924313
0 0 171 2.21641 -4.6866 -4.50153 4.51401
0 0 172 -4.87202 -3.58129 -11.4047 6.07784
0 0 173 -8.65252 0.46926 0.466534 10.0366
0 0 174 -7.17425 -2.20168 1.38891 10.6791
0 0 175 -3.76938 0.192253 -4.87101 6.17079
0 0 176 -1.64891 4.60943 -3.76522 4.60697
0 0 177 2.67686 7.92264 -5.79073 1.01727
0 0 178 -0.824951 -8.55111 0.283122 8.47279
0 0 179 2.67686 -11.8643 -0.176736 12.2457
0 0 180 -0.728015 9.0266 -4.87101 6.81601
0 0 181 -1.56409 13.6284 -10.2086 7.82758
0 0 182 2.57992 16.1134 -13.5206 4.0547
0 0 183 -0.461441 8.4753 -16.9257 -4.8717
0 0 184 4.14301 -5.88289 2.49204 1.20044
0 0 185 11.2314 22.0948 15.19 2.02884
0 0 186 9.20791 34.0577 8.01299 2.85723
0 0 187 -1.2854 10.3152 4.05502 3.96175
0 0 188 3.7795 9.39458 0.006676 11.4173
0 0 189 -3.12718 0.376924 -1.64934 10.403
0 0 190 -12.5178 3.22982 16.1123 8.10371
0 0 191 -14.2627 4.42611 17.2155 6.90623
0 0 192 -15.644 0.46926 2.399 4.42379
0 0 193 -9.65823 1.57321 -9.1958 3.96175
0 0 194 -4.87202 -18.9497 -9.47225 6.26375
0 0 195 -1.18846 -14.7172 -15.36 5.80171
0 0 196 1.38034 -9.65507 -6.52703 6.72305
0 0 197 -9.29472 -2.84532 -0.360147 15.6495
0 0 198 -17.3889 -9.7474 -0.453182 20.803
0 0 199 -18.952 -24.3799 5.16081 17.5824
0 0 200 -11.8635 -28.1521 3.04493 8.19666
0 0 201 -4.32676 -12.6926 1.20284 0.281831
0 0 202 3.86432 -3.58129 3.87161 -2.2963
0 0 203 -4.22982 -5.60588 5.62067 -2.47947
0 0 204 -10.4822 -10.759 -5.1448 -1.37495
0 0 205 -9.83998 -4.50193 -5.79073 2.12179
0 0 206 -7.81645 7.73933 2.95189 3.87153
0 0 207 -8.19208 0.560237 13.9034 6.26375
0 0 208 -5.24765 -18.6741 -7.35371 12.3359
0 0 209 0.556385 -17.0161 -31.5561 7.73462
0 0 210 -0.643196 -7.81515 -20.6072 -2.57243
0 0 211 -2.20629 -4.59426 -6.80348 -1.00587
0 0 212 -7.45294 3.32216 1.29587 5.52558
0 0 213 -7.07731 6.81869 -7.81357 9.39141
0 0 214 -3.12718 -20.882 -4.87101 6.44692
0 0 215 -1.84278 -15.7288 -1.3729 4.97332
0 0 216 -0.728015 -12.876 -10.7588 13.1643
0 0 217 -6.35029 -9.10377 -0.636594 10.5889
0 0 218 -18.952 -18.2138 1.57232 10.5889
0 0 219 -22.5386 -13.7966 6.17356 -1.92721
0 0 220 -27.0461 3.78112 -8.64291 -7.90913
0 0 221 -19.4124 -4.6866 -14.4403 -2.20334
0 0 222 -17.3889 -8.64345 -11.0352 3.77857
0 0 223 -11.9605 3.96579 -1.83276 4.69992
0 0 224 -6.7138 -2.75162 -2.56906 6.99919
0 0 225 -7.81645 -19.3177 -10.2989 5.3424
0 0 226 -15.2684 -15.9135 -14.4403 -7.26392
0 0 227 -14.2627 -3.30564 -5.97414 -8.46139
0 0 228 -18.6733 0.837244 5.25384 -0.453606
0 0 229 -16.468 7.09434 3.78123 -1.09882
0 0 230 -14.5414 20.8985 -1.64934 -0.639516
0 0 231 -9.83998 10.0396 4.05502 -1.74404
0 0 232 -5.33247 -6.71119 -1.00608 0.281831
0 0 233 -4.13289 -13.5209 -13.8874 7.09214
0 0 234 -5.33247 -3.85829 -16.9257 3.96175
0 0 235 6.72393 1.29756 0.006676 3.22631
0 0 236 13.9941 -14.0722 6.81683 7.82758
0 0 237 32.2181 -21.7103 -8.36646 6.17079
0 0 238 88.2591 -27.6008 -8.09002 4.51401
0 0 239 187.073 -12.508 -16.5562 -2.2963
0 0 240 286.663 -5.97386 -33.3051 -4.68852
0 0 241 434.09 3.22982 -45.5432 -34.8715
0 0 242 605.073 33.4141 -36.1573 -91.9266
0 0 243 728.848 46.0219 35.2536 -153.121
0 0 244 767.04 48.0465 104.456 -146.313
0 0 245 724.061 8.19829 128.658 -115.392
0 0 246 681.822 -25.6671 114.301 -73.7977
0 0 247 664.337 -39.1033 66.2635 -44.9954
0 0 248 662.762 -40.9419 21.0804 -13.6149
0 0 249 591.901 -32.8462 21.0804 13.3475
0 0 250 392.589 -17.3855 29.823 22.0907
0 0 251 189.945 -7.63047 24.9453 26.0495
0 0 252 71.9618 -20.0537 10.4984 15.8326
0 0 253 13.8972 -22.8156 9.4856 0.557961
0 0 254 -0.728015 -5.14556 6.72379 2.39792
0 0 255 -3.95113 3.50547 -0.820005 10.0366
0 0 256 -8.45865 0.284588 0.376157 11.4173
0 0 257 -7.53776 -9.19475 5.52763 -0.27043
0 0 258 -6.43511 -10.759 6.35697 -4.31943
0 0 259 -1.84278 -0.175732 10.5887 1.47657
0 0 260 4.88215 -1.8337 17.585 6.99919
0 0 261 11.3284 -3.76596 18.9645 -4.31943
0 0 262 15.3755 -2.84532 14.9162 -6.25235
0 0 263 13.158 -3.02999 13.5339 3.22631
0 0 264 15.2785 0.46926 6.90986 6.26375
0 0 265 12.8915 -4.40959 -0.269771 2.76701
0 0 266 4.78521 -11.2193 -5.33087 2.21474
0 0 267 -4.59333 -4.6866 -5.69769 -2.38652
0 0 268 -7.45294 -2.38364 -3.21233 -1.65108
0 0 269 -7.73163 -15.0852 -6.15755 3.04314
0 0 270 -9.93692 -11.772 -2.38565 -3.21491
0 0 271 -8.09514 0.376924 3.78123 -2.75561
0 0 272 -4.50851 6.72635 16.5722 -2.47947
0 0 273 -11.1365 -0.819365 15.19 -4.68852
0 0 274 -9.29472 -12.3247 2.12256 -6.52848
0 0 275 -5.33247 -2.47733 -9.28618 -7.26392
0 0 276 -2.10935 0.284588 -0.0837007 -5.14783
0 0 277 -10.5791 0.284588 6.81683 -3.86013
0 0 278 -18.3098 -4.04161 2.76848 -1.46791
0 0 279 -17.4858 -10.2077 7.00024 -5.24078
0 0 280 -12.8813 -1.74136 6.63342 0.924313
0 0 281 -10.2156 3.87346 -6.98689 -5.05487
0 0 282 -12.2391 5.34675 -12.6009 -2.2963
0 0 283 -19.788 -5.51354 -14.2569 1.84566
0 0 284 -10.2156 -8.73443 -12.048 6.81601
0 0 285 -5.05378 -12.0476 -5.8811 8.47279
0 0 286 -9.19779 -27.5084 0.283122 7.18236
0 0 287 -13.984 -34.8708 3.32138 4.42379
0 0 288 -13.7053 -33.2142 -5.23783 2.76701
0 0 289 -12.0574 -25.4838 -5.79073 3.31927
0 0 290 -15.1836 -12.9683 -4.50153 7.55145
0 0 291 -8.9191 5.71474 12.0613 0.648182
0 0 292 -6.35029 12.9848 0.0997109 0.648182
0 0 293 -6.15642 -6.80217 -28.8873 -0.729737
0 0 294 -14.1657 -17.1098 -36.6172 -3.21491
0 0 295 -15.9227 -24.5632 -22.9065 -6.80461
0 0 296 -2.48498 -21.618 -13.1511 -4.13626
0 0 297 2.57992 -25.8518 -12.6913 0.834092
0 0 298 -3.86631 -17.8458 -4.13471 -3.584
0 0 299 -4.13289 -21.618 5.34422 -5.60713
0 0 300 -4.50851 -13.9799 1.01943 -5.14783
0 0 301 -4.13289 -8.45878 -10.4823 -3.584
0 0 302 0.0959401 -1.64903 -13.3372 -9.01365
0 0 303 8.83228 -6.61886 -2.56906 -5.97622
0 0 304 9.38967 -0.268067 18.6881 -12.8767
0 0 305 8.46877 -1.09501 23.1059 -15.824
0 0 306 8.28702 -9.93207 20.1607 -13.1529
0 0 307 -2.66673 -20.9743 23.8422 -9.19683
0 0 308 -11.5969 -20.791 26.1415 -6.3453
0 0 309 -18.4188 -14.3492 8.93271 -4.68852
0 0 310 -18.7702 -12.508 -9.93211 -5.331
0 0 311 -16.1893 -7.44716 -16.3728 -3.49104
0 0 312 -14.2627 -16.8328 -11.6785 -7.72596
0 0 313 -5.05378 -22.9066 -4.68494 -8.55161
0 0 314 -0.461441 -10.3001 -11.0352 -13.3388
0 0 315 4.32477 -5.79055 -5.05442 -12.2343
0 0 316 -1.46715 1.84886 2.85886 -8.18526
0 0 317 3.86432 -7.35483 8.93271 -8.18526
0 0 318 1.75597 -18.7664 -4.13471 -10.3014
0 0 319 4.96697 -8.55111 -5.69769 -11.3129
0 0 320 8.28702 5.06975 11.6945 -9.47296
0 0 321 4.4217 20.0702 7.09328 -5.05487
0 0 322 2.76168 27.3403 -16.2797 -6.80461
0 0 323 8.65053 19.7022 -19.5014 -0.822692
0 0 324 28.7163 7.002 0.836015 -4.68852
0 0 325 28.7163 -2.38364 10.7748 -3.30787
0 0 326 18.3199 -1.18871 -4.41115 -9.10387
0 0 327 9.75317 -10.5757 -4.31812 -10.7607
0 0 328 11.6919 -18.0291 -0.729629 0.648182
0 0 329 3.1373 -2.01565 0.190088 0.648182
0 0 330 6.16655 13.6284 3.41175 -1.37495
0 0 331 3.59775 11.6038 9.11878 -4.68852
0 0 332 4.23995 1.84886 17.9518 -8.46139
0 0 333 3.59775 6.54304 10.8652 -7.90913
0 0 334 1.65903 5.89805 -8.27609 -12.1413
0 0 335 -1.9276 1.29756 -12.048 -5.79304
0 0 336 8.92922 4.97741 -1.18949 -4.22648
0 0 337 11.8736 3.50547 5.80408 -6.80461
0 0 338 -4.32676 11.5115 9.66901 -1.46791
0 0 339 -8.65252 18.7816 12.7073 -1.55813
0 0 340 -3.212 14.3644 6.35697 -9.19683
0 0 341 1.56209 -4.22492 -10.8518 -12.2343
0 0 342 5.98479 -4.77758 -23.0899 -7.633
0 0 343 11.9706 -7.07918 -20.7906 -3.40082
0 0 344 10.0319 1.29756 -13.611 1.66248
0 0 345 -0.728015 9.94724 -3.3984 10.5889
0 0 346 -1.74584 7.64699 3.13531 3.5954
0 0 347 5.16084 6.45071 9.85508 -5.97622
0 0 348 -2.30322 -1.37338 4.9774 -4.50261
0 0 349 -5.88985 -9.93207 1.01943 2.85723
0 0 350 -6.53205 -20.2384 -9.47225 3.50244
0 0 351 -8.73734 -28.2444 -5.97414 5.06627
0 0 352 2.57992 -26.5878 3.50479 0.098655
0 0 353 11.1345 -13.9799 -3.85826 -4.50261
0 0 354 7.72964 -4.22492 -2.01617 2.85723
0 0 355 6.3483 0.376924 3.22834 8.37984
0 0 356 6.62699 7.64699 8.01299 2.21474
0 0 357 6.26348 18.8739 13.627 -1.19178
0 0 358 7.54788 25.5004 17.7684 -2.2963
0 0 359 11.2314 14.6401 10.5887 -3.584
0 0 360 12.9763 6.45071 12.8907 -7.26392
0 0 361 7.46307 1.38854 1.6627 1.84566
0 0 362 1.19859 7.46232 -14.7168 1.20044
0 0 363 -3.30893 10.5922 -20.3307 -1.09882
0 0 364 -5.24765 11.0512 -13.8874 2.67405
0 0 365 -5.79291 -0.543716 -16.6492 -2.2963
0 0 366 -6.7138 -3.39797 -14.6237 -6.25235
0 0 367 4.05819 -0.359045 -0.453182 -1.282
0 0 368 3.86432 4.42611 5.89711 1.01727
0 0 369 -9.11297 -0.359045 1.29587 1.01727
0 0 370 -12.6996 -14.6249 4.4245 -3.40082
0 0 371 -5.24765 -16.8328 19.9773 -3.30787
0 0 372 6.26348 -11.4963 13.3505 -2.75561
0 0 373 3.04037 10.4999 2.12256 -0.363385
0 0 374 -8.19208 10.7755 11.0512 0.648182
0 0 375 -14.2627 -1.64903 1.93914 4.42379
0 0 376 -1.74584 -5.69822 7.09328 6.99919
0 0 377 2.48299 -2.29266 11.0512 4.0547
0 0 378 6.72393 6.45071 15.9263 -2.38652
0 0 379 -0.267569 -8.27547 17.1224 0.098655
0 0 380 0.653321 -9.19475 11.6015 -2.20334
0 0 381 -3.67244 -8.18177 4.4245 -1.19178
0 0 382 -10.9426 -1.09501 0.836015 6.53988
0 0 383 -4.13289 17.2173 -1.46593 7.27532
0 0 384 1.10165 29.3649 0.742981 4.51401
0 0 385 -4.04807 27.3403 -3.76522 -9.74909
0 0 386 -8.19208 16.021 -1.74238 -7.90913
0 0 387 -5.33247 7.18667 7.73655 -5.14783
0 0 388 0.919895 -2.662 18.1352 -5.60713
0 0 389 -5.05378 -10.85 17.1224 -2.38652
0 0 390 -13.6205 -25.0235 5.89711 -2.75561
0 0 391 -6.43511 -23.0913 3.22834 2.49088
0 0 392 0.374631 -10.5757 3.87161 3.31927
0 0 393 -1.2854 12.1565 12.8907 6.72305
0 0 394 -0.921886 22.6475 14.9162 3.68562
0 0 395 -0.000995746 10.9602 14.0868 -2.11039
0 0 396 -7.53776 7.37135 7.09328 2.95018
0 0 397 -12.324 10.1319 -8.09002 -0.546561
0 0 398 -10.4822 -2.662 -12.7843 0.374786
0 0 399 -9.11297 -9.7474 1.01943 -4.59556
0 0 400 5.0639 4.15046 5.25384 -4.22648
0 0 401 5.42741 11.8795 8.7493 3.13336
0 0 402 0.45945 6.1737 4.33147 7.18236
0 0 403 12.9763 -8.82676 6.26394 1.84566
0 0 404 14.6363 -10.3001 5.7137 4.33083
0 0 405 7.08744 -2.20168 -0.360147 6.35397
0 0 406 2.11948 5.71474 13.2575 -0.453606
0 0 407 -3.12718 11.2359 16.0193 -5.70009
0 0 408 5.24566 4.7941 3.22834 -1.00587
0 0 409 8.74747 -10.5757 1.11246 7.45849
0 0 410 4.60346 -11.3117 5.62067 0.557961
0 0 411 -7.91338 -0.819365 -1.64934 -6.25235
0 0 412 -11.1365 5.6224 -6.80348 -8.36844
0 0 413 -11.0396 -0.359045 -15.2697 -11.8652
0 0 414 -9.19779 -4.50193 -8.54987 -4.22648
0 0 415 -2.5698 -12.3247 1.29587 0.924313
0 0 416 3.59775 -8.18177 7.4601 2.02884
0 0 417 7.36613 1.29756 2.21559 -3.584
0 0 418 9.66836 1.29756 3.87161 -5.05487
0 0 419 8.83228 0.376924 4.79133 -2.20334
0 0 420 10.3106 9.11893 6.35697 -3.86013
0 0 421 10.6741 16.5737 0.652604 1.56953
0 0 422 19.0469 21.9101 -4.22508 6.26375
0 0 423 12.7945 12.9848 -6.89385 3.04314
0 0 424 15.2785 3.13749 -10.1155 1.20044
0 0 425 13.255 3.96579 2.30862 0.557961
0 0 426 9.29273 13.4438 20.4371 -2.75561
0 0 427 13.5337 25.131 19.7912 -5.70009
0 0 428 10.3106 22.2781 14.2703 3.40949
0 0 429 11.5101 22.1871 12.1544 5.71149
0 0 430 8.37184 21.5421 11.8779 3.31927
0 0 431 11.9706 19.1496 9.4856 3.31927
0 0 432 6.90568 9.8549 1.84877 -2.20334
0 0 433 1.29552 8.29063 2.03218 -3.40082
0 0 434 -0.461441 9.3036 19.7008 -0.822692
0 0 435 3.86432 10.5922 11.6945 0.557961
0 0 436 12.9763 15.7454 9.94546 2.02884
0 0 437 10.5892 10.0396 3.59516 8.19666
0 0 438 5.52435 -5.60588 1.20284 9.02232
0 0 439 6.44524 -23.4592 12.4308 7.6444
0 0 440 7.26919 -22.3553 10.2219 7.36827
0 0 441 11.1345 -11.4963 1.75573 2.5811
0 0 442 9.4866 0.376924 10.4053 0.281831
0 0 443 14.2728 8.4753 10.8652 -0.453606
0 0 444 15.0968 4.42611 6.81683 8.65597
0 0 445 9.4866 -7.90748 -5.1448 8.19666
0 0 446 10.5892 -0.175732 -12.9677 0.00570018
0 0 447 3.86432 11.6038 -19.318 -3.12469
0 0 448 5.24566 0.92958 -18.2122 -7.08074
0 0 449 12.431 -7.44716 -6.89385 -9.01365
0 0 450 11.3284 -22.7233 3.32138 -4.0433
0 0 451 5.7061 -18.3971 16.2027 0.00570018
0 0 452 4.05819 2.30918 19.7008 4.8831
0 0 453 2.67686 9.0266 3.04493 6.44692
0 0 454 2.48299 11.8795 -1.64934 3.87153
0 0 455 -2.02453 18.6892 -5.8811 4.60697
0 0 456 -4.50851 17.402 -17.7524 6.72305
0 0 457 -1.74584 20.8062 -11.3117 -0.0872547
0 0 458 -3.03024 15.653 0.742981 -4.13626
0 0 459 -7.9982 -2.662 6.08052 -7.08074
0 0 460 0.192876 -1.00404 -3.3984 -0.822692
0 0 461 4.60346 3.50547 -10.9449 -8.9207
0 0 462 1.75597 -8.36644 -10.6684 -5.42396
0 0 463 -4.87202 -9.4704 -9.56263 -7.90913
0 0 464 -10.2156 8.19829 -0.91304 0.557961
0 0 465 -2.02453 15.653 -0.636594 7.09214
0 0 466 0.277695 19.7946 -13.704 10.3128
0 0 467 10.3106 19.7022 -13.797 8.56301
0 0 468 18.5865 13.6284 3.87161 2.49088
0 0 469 16.2963 -4.13394 14.0868 -2.2963
0 0 470 9.66836 -12.876 3.13531 -1.282
0 0 471 -3.49069 -10.3001 -10.4823 -0.546561
0 0 472 -3.67244 1.20523 -17.2925 2.85723
0 0 473 4.88215 6.26603 -20.5142 6.53988
0 0 474 -0.18275 7.92264 -14.7168 2.85723
0 0 475 0.192876 16.757 -3.67485 6.44692
0 0 476 -7.27118 23.8437 1.75573 4.42379
0 0 477 -9.47648 7.55466 1.11246 3.77857
0 0 478 -12.7844 -4.3159 -0.543559 1.2934
0 0 479 -7.53776 -2.01565 -7.07727 -1.00587
0 0 480 1.84079 4.24144 -11.2186 -4.22648
0 0 481 -3.67244 -1.92468 -11.7715 -3.67695
0 0 482 -8.09514 -10.1154 -8.4595 -3.21491
0 0 483 -2.48498 -0.0833962 -0.91304 -1.74404
0 0 484 0.653321 15.1927 -2.56906 0.281831
0 0 485 3.40388 21.4512 7.92262 -0.639516
0 0 486 -4.59333 7.92264 7.82958 2.5811
0 0 487 -6.35029 -6.15854 -0.91304 -3.67695
0 0 488 0.835076 -17.9381 -1.64934 -7.35687
0 0 489 8.56571 -17.4778 0.190088 -4.68852
0 0 490 4.88215 -12.876 -7.35371 -3.86013
0 0 491 0.0959401 -10.0231 -12.6009 -1.46791
0 0 492 6.16655 -1.18871 -12.6913 3.87153
0 0 493 8.83228 -4.40959 -3.76522 -0.363385
0 0 494 -2.48498 4.42611 -5.05442 3.22631
0 0 495 -4.41158 7.002 -6.25058 9.85071
0 0 496 -2.20629 9.57925 -7.81357 8.28688
0 0 497 3.50081 13.9964 -3.58181 2.49088
