0 0 0 0.0402795
0 0 1 -0.0522801
0 0 2 0.0120529
0 0 3 0.00656488
0 0 4 0.0416884
0 0 5 0.0349225
0 0 6 -0.0200563
0 0 7 0.0205226
0 0 8 0.00656488
0 0 9 -0.0203839
0 0 10 -0.00428016
0 0 11 0.0312693
0 0 12 0.0153785
0 0 13 0.00486113
0 0 14 -0.0105054
0 0 15 0.0050741
0 0 16 0.0147396
0 0 17 0.0498468
0 0 18 0.0351355
0 0 19 -0.00588562
0 0 20 0.0361021
0 0 21 0.0415737
0 0 22 0.0373799
0 0 23 -0.0234965
0 0 24 -0.00201941
0 0 25 -0.0188931
0 0 26 0.0225703
0 0 27 0.044801
0 0 28 0.0390017
0 0 29 0.00453348
0 0 30 -0.0555893
0 0 31 0.0109717
0 0 32 -0.0194337
0 0 33 -0.0453013
0 0 34 0.00486113
0 0 35 0.0173116
0 0 36 0.0208502
0 0 37 0.0212761
0 0 38 0.0221444
0 0 39 -0.0118979
0 0 40 0.0272884
0 0 41 -0.0293941
0 0 42 0.0733553
0 0 43 -0.00105286
0 0 44 0.0370686
0 0 45 0.00582768
0 0 46 0.0528447
0 0 47 -0.00362487
0 0 48 0.00205977
0 0 49 -0.00812999
0 0 50 0.00227273
0 0 51 -0.00287129
0 0 52 0.0153785
0 0 53 -0.0115703
0 0 54 0.0237499
0 0 55 0.0235369
0 0 56 0.0148379
0 0 57 0.00463178
0 0 58 0.0722904
0 0 59 0.0109717
0 0 60 0.0526318
0 0 61 0.0227833
0 0 62 0.0458659
0 0 63 0.0384611
0 0 64 0.0224557
0 0 65 0.0558591
0 0 66 0.0178522
0 0 67 0.00753143
0 0 68 0.0378222
0 0 69 -0.00932589
0 0 70 0.0152639
0 0 71 -0.00942419
0 0 72 0.0154768
0 0 73 0.00366523
0 0 74 0.0445881
0 0 75 -0.0117832
0 0 76 0.0585457
0 0 77 0.0249294
0 0 78 0.0336283
0 0 79 -0.00727811
0 0 80 -0.00652453
0 0 81 0.0658358
0 0 82 -0.0103907
0 0 83 -0.00781873
0 0 84 0.0670154
0 0 85 0.0441457
0 0 86 0.0104311
0 0 87 0.0495191
0 0 88 -0.00932589
0 0 89 0.036741
0 0 90 0.0210632
0 0 91 0.0498468
0 0 92 -0.00190474
0 0 93 0.00238741
0 0 94 -0.022104
0 0 95 0.0192447
0 0 96 0.00990686
0 0 97 0.0612324
0 0 98 0.00990686
0 0 99 -0.0199416
0 0 100 0.0240775
0 0 101 0.000454306
0 0 102 -0.00975183
0 0 103 0.0177376
0 0 104 0.0243888
0 0 105 0.00345226
0 0 106 -0.016403
0 0 107 0.0189171
0 0 108 -0.00609859
0 0 109 0.0119383
0 0 110 -0.0330474
0 0 111 0.00432052
0 0 112 -0.0122256
0 0 113 0.025257
0 0 114 0.0152639
0 0 115 0.0181635
0 0 116 0.00078195
0 0 117 -0.0183361
0 0 118 0.0372816
0 0 119 0.00528707
0 0 120 0.0379205
0 0 121 0.0270755
0 0 122 0.0640174
0 0 123 0.0952583
0 0 124 0.224006
0 0 125 0.397838
0 0 126 0.622128
0 0 127 0.811752
0 0 128 0.999984
0 0 129 0.963894
0 0 130 0.917614
0 0 131 0.816372
0 0 132 0.768585
0 0 133 0.758706
0 0 134 0.636413
0 0 135 0.539676
0 0 136 0.436926
0 0 137 0.313011
0 0 138 0.238816
0 0 139 0.171288
0 0 140 0.155709
0 0 141 0.126614
0 0 142 0.0895737
0 0 143 0.0494208
0 0 144 0.0451123
0 0 145 0.0500597
0 0 146 0.064771
0 0 147 -0.00105286
0 0 148 0.0443751
0 0 149 -0.0277887
0 0 150 0.0225703
0 0 151 -0.0287552
0 0 152 0.0024857
0 0 153 0.0342673
0 0 154 0.0176393
0 0 155 -0.00770405
0 0 156 0.0484543
0 0 157 -0.0736262
0 0 158 -0.0107184
0 0 159 0.00753143
0 0 160 -0.00115115
0 0 161 0.017197
0 0 162 0.00486113
0 0 163 -0.0109314
0 0 164 0.0237499
0 0 165 0.0267642
0 0 166 0.053713
0 0 167 -0.0130774
0 0 168 -0.000839892
0 0 169 -0.00642624
0 0 170 0.0362004
0 0 171 0.0487655
0 0 172 0.0543519
0 0 173 0.0359874
0 0 174 0.0037799
0 0 175 -0.00760576
0 0 176 -0.0304918
0 0 177 -0.0174843
0 0 178 -0.0447607
0 0 179 0.0131178
0 0 180 -0.0216617
0 0 181 -0.0280017
0 0 182 0.00335396
0 0 183 -0.0228412
0 0 184 -0.0214488
0 0 185 -0.0589477
0 0 186 -0.00619689
0 0 187 0.00323929
0 0 188 0.0149526
0 0 189 -0.00921122
0 0 190 0.0090386
0 0 191 -0.0113573
0 0 192 0.0146249
0 0 193 -0.0289682
0 0 194 0.0497321
0 0 195 -0.0177955
0 0 196 0.0124789
0 0 197 -0.02253
0 0 198 0.0472584
0 0 199 -0.00437846
0 0 200 0.0445881
0 0 201 0.0126918
0 0 202 0.0165581
0 0 203 -0.00449313
0 0 204 0.00196147
0 0 205 -0.0128645
0 0 206 0.0186058
0 0 207 -0.0275757
0 0 208 -0.00211771
0 0 209 0.0352338
0 0 210 0.042442
0 0 211 -0.0186638
0 0 212 0.00571301
0 0 213 -0.00953886
0 0 214 0.00882563
0 0 215 0.0103328
0 0 216 0.00646659
0 0 217 0.016984
0 0 218 -0.00265832
0 0 219 0.0294345
0 0 220 0.0293362
0 0 221 0.0321212
0 0 222 -0.00845763
0 0 223 -0.0476603
0 0 224 -0.047988
0 0 225 -0.0666637
0 0 226 -0.00115115
0 0 227 0.0513539
0 0 228 -0.00491907
0 0 229 0.0406072
0 0 230 0.0296638
0 0 231 0.00731847
0 0 232 0.0188188
0 0 233 0.0214891
0 0 234 0.0374946
0 0 235 0.0267642
0 0 236 0.0212761
0 0 237 0.00389458
0 0 238 0.0240775
0 0 239 -0.0399115
0 0 240 0.0612324
0 0 241 0.031597
0 0 242 0.0216038
0 0 243 -0.00256003
0 0 244 -0.0444494
0 0 245 -0.0448754
0 0 246 -0.0519689
0 0 247 0.00399287
0 0 248 -0.0608808
0 0 249 0.0050741
0 0 250 -0.0259539
0 0 251 0.00474645
0 0 252 -0.0373559
0 0 253 -0.0326214
0 0 254 0.0155915
0 0 255 -0.0346692
