0 0 0 -0.500385
0 0 1 0.813648
0 0 2 -0.0555224
0 0 3 -0.524403
0 0 4 -0.425953
0 0 5 -0.0271775
0 0 6 -0.0821362
0 0 7 0.469831
0 0 8 0.486925
0 0 9 0.402106
0 0 10 -0.0529259
0 0 11 0.601819
0 0 12 0.0738686
0 0 13 -0.155054
0 0 14 2.02058
0 0 15 2.97024
0 0 16 5.29819
0 0 17 10.886
0 0 18 12.9957
0 0 19 12.3468
0 0 20 10.3555
0 0 21 6.63797
0 0 22 5.67035
0 0 23 3.11088
0 0 24 2.61279
0 0 25 1.74016
0 0 26 1.44957
0 0 27 0.53669
0 0 28 0.774268
0 0 29 0.167342
0 0 30 0.565035
0 0 31 -0.786647
0 0 32 -0.0717503
0 0 33 0.169938
0 0 34 -0.620472
0 0 35 0.279639
0 0 36 -0.0048911
0 0 37 0.402972
0 0 38 -0.124978
0 0 39 0.0113369
0 0 40 0.782706
0 0 41 0.0567752
0 0 42 -0.0256629
0 0 43 0.86839
0 0 44 0.309499
0 0 45 0.0113369
0 0 46 -0.427684
0 0 47 0.172535
0 0 48 -0.605759
0 0 49 -0.22451
0 0 50 -0.269948
0 0 51 0.0970206
0 0 52 -0.201358
0 0 53 -0.0555224
0 0 54 -0.534788
0 0 55 0.703081
0 0 56 -0.550151
0 0 57 -0.209796
0 0 58 0.343902
0 0 59 -0.181668
0 0 60 -0.198761
0 0 61 0.123634
0 0 62 0.207587
0 0 63 -0.0641773
0 0 64 -0.0563879
0 0 65 0.433913
0 0 66 -0.135364
0 0 67 0.0816581
0 0 68 -0.104423
0 0 69 0.0481203
0 0 70 -0.0949022
0 0 71 0.611339
0 0 72 -0.363205
0 0 73 -0.467064
0 0 74 -0.0812707
0 0 75 -0.0418909
0 0 76 0.0909621
0 0 77 0.0790616
0 0 78 0.290674
0 0 79 -0.366667
0 0 80 -0.387222
0 0 81 -0.0734813
0 0 82 0.149383
0 0 83 -0.141206
0 0 84 -0.15765
0 0 85 0.264926
0 0 86 0.418334
0 0 87 0.31123
0 0 88 -0.0641773
0 0 89 0.437375
0 0 90 0.236797
0 0 91 0.170804
0 0 92 -0.454081
0 0 93 0.444083
0 0 94 -0.484157
0 0 95 0.347364
0 0 96 -0.311059
0 0 97 0.371381
0 0 98 0.415954
0 0 99 0.393668
0 0 100 0.629298
0 0 101 -0.0529259
0 0 102 0.248698
0 0 103 0.312095
0 0 104 0.0900966
0 0 105 -0.155919
0 0 106 -0.135364
0 0 107 -0.288772
0 0 108 0.440621
0 0 109 0.235066
0 0 110 -0.120651
0 0 111 0.10481
0 0 112 0.639684
0 0 113 -0.232948
0 0 114 0.210184
0 0 115 -0.252638
0 0 116 0.721906
0 0 117 -0.109616
0 0 118 -0.369263
0 0 119 0.099617
0 0 120 -0.502116
0 0 121 0.378089
0 0 122 0.259949
0 0 123 0.476755
0 0 124 0.898466
0 0 125 0.718444
0 0 126 -0.0247974
0 0 127 -0.363205
0 0 128 -0.340053
0 0 129 0.361861
0 0 130 0.909501
0 0 131 0.1734
0 0 132 0.393668
0 0 133 -0.450619
0 0 134 0.0396817
0 0 135 0.213646
0 0 136 -0.11892
0 0 137 -0.163492
0 0 138 -0.160896
0 0 139 0.0900966
0 0 140 0.335247
0 0 141 0.279639
0 0 142 -0.00164551
0 0 143 0.896735
0 0 144 -0.132768
0 0 145 -0.411239
0 0 146 -0.774746
0 0 147 0.217108
0 0 148 -0.317766
0 0 149 0.141593
0 0 150 -0.19703
0 0 151 0.0602372
0 0 152 -0.166954
0 0 153 -0.10875
0 0 154 0.770806
0 0 155 -0.018739
0 0 156 0.0678102
0 0 157 0.0379507
0 0 158 0.285481
0 0 159 0.742461
0 0 160 -0.423356
0 0 161 -0.270813
0 0 162 -0.630642
0 0 163 -0.105288
0 0 164 0.586456
0 0 165 -0.190106
0 0 166 0.0738686
0 0 167 -0.684735
0 0 168 -0.134498
0 0 169 0.0507167
0 0 170 -0.179071
0 0 171 -0.190972
0 0 172 -0.969265
0 0 173 -0.0949022
0 0 174 -0.139475
0 0 175 0.354937
0 0 176 -0.288772
0 0 177 0.828145
0 0 178 -0.388953
0 0 179 -0.181668
0 0 180 0.397779
0 0 181 -0.210662
0 0 182 -0.131037
0 0 183 0.335247
0 0 184 0.54448
0 0 185 -0.227755
0 0 186 -0.11892
0 0 187 0.217108
0 0 188 0.579532
0 0 189 0.321616
0 0 190 -0.462736
0 0 191 1.00471
0 0 192 -0.0537914
0 0 193 0.23247
0 0 194 0.11671
0 0 195 -0.287041
0 0 196 -0.144668
0 0 197 -0.257831
0 0 198 -0.111347
0 0 199 0.0585062
0 0 200 0.615667
0 0 201 0.321616
0 0 202 -0.203089
0 0 203 0.409896
0 0 204 -0.368398
0 0 205 -0.549285
0 0 206 -0.336807
0 0 207 -0.377918
0 0 208 -0.310193
0 0 209 -0.109616
0 0 210 0.596626
0 0 211 -0.109616
0 0 212 -0.302404
0 0 213 -0.234679
0 0 214 -0.235545
0 0 215 -0.209796
0 0 216 0.0113369
0 0 217 0.282236
0 0 218 -0.142937
0 0 219 -0.38138
0 0 220 0.346499
0 0 221 0.718444
0 0 222 0.130342
0 0 223 -0.589531
0 0 224 0.907121
0 0 225 0.00181646
0 0 226 0.615667
0 0 227 -0.0546569
0 0 228 0.23247
0 0 229 0.135535
0 0 230 -1.18434
0 0 231 0.244371
0 0 232 -0.170416
0 0 233 0.473293
0 0 234 0.215377
0 0 235 -0.0873292
0 0 236 0.541883
0 0 237 0.629298
0 0 238 0.168207
0 0 239 0.135535
0 0 240 0.795689
0 0 241 0.542749
0 0 242 0.16388
0 0 243 -0.372725
0 0 244 -0.612683
0 0 245 -0.591262
0 0 246 -0.463602
0 0 247 -0.148995
0 0 248 0.0122024
0 0 249 0.0970206
0 0 250 0.298464
0 0 251 -0.0546569
0 0 252 0.0987515
0 0 253 -0.0572534
0 0 254 -0.188375
0 0 255 0.591649
