0 0 0 0.0463425
0 0 1 0.0529867
0 0 2 0.0742276
0 0 3 0.0671186
0 0 4 0.0401286
0 0 5 0.0152042
0 0 6 0.00222554
0 0 7 0.00571978
0 0 8 0.0372024
0 0 9 0.0989282
0 0 10 0.0806308
0 0 11 0.0461187
0 0 12 0.0838152
0 0 13 0.0625916
0 0 14 0.0201615
0 0 15 -0.0274497
0 0 16 -0.00354081
0 0 17 0.0181304
0 0 18 0.0426245
0 0 19 0.100288
0 0 20 0.0285098
0 0 21 -0.0343349
0 0 22 0.0201615
0 0 23 0.0426245
0 0 24 -0.0267784
0 0 25 0.00435996
0 0 26 0.0551383
0 0 27 -0.0165022
0 0 28 0.0256869
0 0 29 0.0839013
0 0 30 0.0868447
0 0 31 0.0980331
0 0 32 0.0490449
0 0 33 0.0771366
0 0 34 0.108981
0 0 35 0.0967938
0 0 36 0.134129
0 0 37 0.127794
0 0 38 0.12702
0 0 39 0.165732
0 0 40 0.180277
0 0 41 0.264225
0 0 42 0.398366
0 0 43 0.582166
0 0 44 0.764624
0 0 45 0.851154
0 0 46 0.780632
0 0 47 0.656079
0 0 48 0.555865
0 0 49 0.437525
0 0 50 0.393632
0 0 51 0.321303
0 0 52 0.280457
0 0 53 0.360807
0 0 54 0.43064
0 0 55 0.58881
0 0 56 0.846283
0 0 57 0.999082
0 0 58 0.994005
0 0 59 0.794523
0 0 60 0.70357
0 0 61 0.778601
0 0 62 0.83265
0 0 63 0.869882
0 0 64 0.77805
0 0 65 0.734605
0 0 66 0.751972
0 0 67 0.709887
0 0 68 0.69467
0 0 69 0.670727
0 0 70 0.640604
0 0 71 0.559152
0 0 72 0.389811
0 0 73 0.222259
0 0 74 0.0788406
0 0 75 0.0731948
0 0 76 0.0571867
0 0 77 -0.0246267
0 0 78 -0.0752846
0 0 79 -0.0485528
0 0 80 0.000521456
0 0 81 -0.0136793
0 0 82 -0.0986427
0 0 83 -0.128972
0 0 84 -0.0675044
0 0 85 -0.0241792
0 0 86 0.0366343
0 0 87 -0.020685
0 0 88 -0.0379496
0 0 89 0.0294049
0 0 90 0.0300934
0 0 91 -0.0263308
0 0 92 -0.0416676
0 0 93 -0.0609634
0 0 94 -0.0659208
0 0 95 -0.0603954
0 0 96 -0.0816018
0 0 97 -0.0203407
0 0 98 0.031436
0 0 99 0.0194902
0 0 100 -0.00173345
0 0 101 -0.00916947
0 0 102 -0.0682961
0 0 103 -0.0863526
0 0 104 -0.0583642
0 0 105 -0.00522769
0 0 106 0.0520916
0 0 107 0.0869652
0 0 108 0.0745374
0 0 109 0.0678932
0 0 110 0.0740038
0 0 111 0.00492799
0 0 112 -0.0157104
0 0 113 0.0489244
0 0 114 0.0630391
0 0 115 0.0298696
0 0 116 -0.0125604
0 0 117 -0.0259866
0 0 118 0.0189222
0 0 119 0.0519711
0 0 120 0.0923701
0 0 121 0.061576
0 0 122 0.0510761
0 0 123 0.095434
0 0 124 0.0757767
0 0 125 0.065535
0 0 126 0.0100058
0 0 127 0.00403291
