0 0 0 37.6658 -0.976379 1.01815 0.155415
0 0 1 37.9215 -1.1066 1.00705 0.249803
0 0 2 38.2179 -1.25264 0.99948 0.327814
0 0 3 38.5187 -1.3489 1.02611 0.330287
0 0 4 38.8164 -1.39419 1.08237 0.271512
0 0 5 39.0854 -1.39479 1.17052 0.199083
0 0 6 39.28 -1.3602 1.2549 0.172294
0 0 7 39.443 -1.33138 1.31226 0.186332
0 0 8 39.5157 -1.28345 1.32865 0.246327
0 0 9 39.5416 -1.23809 1.30324 0.311988
0 0 10 39.4946 -1.14689 1.24223 0.367905
0 0 11 39.3673 -1.02421 1.17491 0.371097
0 0 12 39.2265 -0.924767 1.12768 0.34862
0 0 13 39.0764 -0.928602 1.11222 0.283394
0 0 14 38.9243 -0.984705 1.11484 0.200169
0 0 15 38.7341 -1.01058 1.08645 0.126253
0 0 16 38.5238 -0.994581 1.03607 0.0527546
0 0 17 38.3044 -0.947828 0.974924 -0.0141259
0 0 18 38.0911 -0.894063 0.913097 -0.0550196
0 0 19 37.9025 -0.844158 0.853308 -0.0947435
0 0 20 37.7525 -0.788869 0.797305 -0.13435
0 0 21 37.629 -0.72985 0.744737 -0.166337
0 0 22 37.5233 -0.671042 0.713309 -0.176481
0 0 23 37.4261 -0.612259 0.703098 -0.170431
0 0 24 37.3379 -0.574516 0.70306 -0.153235
0 0 25 37.2451 -0.549879 0.708708 -0.120881
0 0 26 37.1619 -0.534172 0.720278 -0.0873736
0 0 27 37.0897 -0.537271 0.738253 -0.0645954
0 0 28 37.0332 -0.541132 0.743223 -0.0447084
0 0 29 36.988 -0.546202 0.753045 -0.0298349
0 0 30 36.9526 -0.552348 0.753356 -0.0198413
0 0 31 36.9284 -0.553425 0.757297 -0.0175017
0 0 32 36.9091 -0.561488 0.753802 -0.0109339
0 0 33 36.8987 -0.564351 0.756539 -0.00846059
0 0 34 36.885 -0.569473 0.757529 -0.0069231
0 0 35 36.8766 -0.574227 0.755336 -0.00274517
0 0 36 36.8743 -0.575882 0.755996 -0.00159205
0 0 37 36.8689 -0.578876 0.75718 -0.00374787
0 0 38 36.865 -0.581608 0.752502 -0.000221685
0 0 39 36.8635 -0.584838 0.754268 -0.00199313
0 0 40 36.8576 -0.581476 0.753201 -0.00633819
0 0 41 36.8546 -0.579401 0.755006 -0.00207669
0 0 42 36.8481 -0.579349 0.753958 -0.00291228
0 0 43 36.8397 -0.576775 0.750988 -0.00662229
0 0 44 36.8415 -0.577957 0.752327 -0.00749131
0 0 45 36.8369 -0.571311 0.751395 -0.00658887
0 0 46 36.8339 -0.571469 0.755491 -0.0103323
0 0 47 36.8292 -0.572047 0.756792 -0.00931289
0 0 48 36.8248 -0.570313 0.750677 -0.00658887
0 0 49 36.826 -0.566846 0.755996 -0.0114687
0 0 50 36.8228 -0.568343 0.755841 -0.00540233
0 0 51 36.8228 -0.564692 0.755918 -0.0112347
0 0 52 36.8181 -0.564666 0.757025 -0.00810964
0 0 53 36.817 -0.564561 0.758558 -0.0110175
0 0 54 36.8161 -0.563616 0.758403 -0.0101819
0 0 55 36.8172 -0.563064 0.757549 -0.00770856
0 0 56 36.815 -0.562355 0.757335 -0.0122542
0 0 57 36.8144 -0.560227 0.760189 -0.00939645
0 0 58 36.8116 -0.559781 0.763567 -0.0117528
0 0 59 36.814 -0.56007 0.759257 -0.0117528
0 0 60 36.8125 -0.560569 0.762266 -0.00968055
0 0 61 36.8074 -0.560779 0.759005 -0.0107
0 0 62 36.8117 -0.557102 0.76048 -0.00942987
0 0 63 36.8101 -0.557811 0.758772 -0.00899536
0 0 64 36.8096 -0.559492 0.759781 -0.0109674
0 0 65 36.8055 -0.557522 0.759141 -0.00754144
0 0 66 36.8074 -0.559098 0.760189 -0.011218
0 0 67 36.8094 -0.559991 0.760965 -0.0107501
0 0 68 36.8096 -0.560858 0.759568 -0.0125048
0 0 69 36.8091 -0.558756 0.757957 -0.0127722
0 0 70 36.8077 -0.559229 0.758811 -0.0106331
0 0 71 36.8089 -0.56028 0.762014 -0.0104493
0 0 72 36.8069 -0.558231 0.760092 -0.00787567
0 0 73 36.8086 -0.558546 0.757413 -0.00914577
0 0 74 36.8034 -0.560227 0.760305 -0.0107835
0 0 75 36.8069 -0.559781 0.760538 -0.00968055
0 0 76 36.8059 -0.560753 0.75718 -0.0116358
0 0 77 36.8064 -0.558914 0.758092 -0.0089118
0 0 78 36.8042 -0.556787 0.758325 -0.012204
0 0 79 36.8063 -0.558678 0.760053 -0.00999807
0 0 80 36.8078 -0.560017 0.757005 -0.011686
0 0 81 36.805 -0.559334 0.757898 -0.0102989
0 0 82 36.8043 -0.557023 0.760538 -0.0140423
0 0 83 36.8033 -0.558888 0.757064 -0.0123377
0 0 84 36.8045 -0.559938 0.760034 -0.0134574
0 0 85 36.8075 -0.55873 0.756248 -0.00911235
0 0 86 36.801 -0.559308 0.758209 -0.0102989
0 0 87 36.8039 -0.558152 0.759587 -0.00951343
0 0 88 36.801 -0.559886 0.757821 -0.0113517
0 0 89 36.8026 -0.562066 0.758985 -0.00799266
0 0 90 36.8037 -0.561961 0.755666 -0.00874469
0 0 91 36.8033 -0.559991 0.759315 -0.00889509
0 0 92 36.8015 -0.558152 0.754501 -0.0089118
0 0 93 36.7998 -0.560175 0.758908 -0.0125717
0 0 94 36.7998 -0.561882 0.759024 -0.00931289
0 0 95 36.8036 -0.560306 0.757879 -0.0108838
0 0 96 36.8028 -0.563432 0.760344 -0.0104159
0 0 97 36.8024 -0.56309 0.76048 -0.012321
0 0 98 36.8013 -0.562013 0.759296 -0.00864442
0 0 99 36.8011 -0.561436 0.759742 -0.0102655
0 0 100 36.8014 -0.563169 0.759587 -0.00986437
0 0 101 36.8002 -0.562302 0.758539 -0.00849401
0 0 102 36.8015 -0.561383 0.758481 -0.00820991
0 0 103 36.797 -0.561803 0.755569 -0.0114854
0 0 104 36.7987 -0.561225 0.760092 -0.0136914
0 0 105 36.8032 -0.55915 0.75751 -0.0059204
0 0 106 36.7999 -0.55831 0.75652 -0.0117361
0 0 107 36.8009 -0.563222 0.756908 -0.0101318
0 0 108 36.7968 -0.560569 0.760732 -0.00902878
0 0 109 36.7969 -0.560359 0.759548 -0.010115
0 0 110 36.7979 -0.563852 0.756462 -0.00988109
0 0 111 36.7984 -0.559623 0.756869 -0.013307
0 0 112 36.7956 -0.562013 0.758267 -0.00948001
0 0 113 36.7998 -0.564614 0.758403 -0.0112849
0 0 114 36.7982 -0.561199 0.757724 -0.0103824
0 0 115 36.7981 -0.563012 0.754909 -0.00844388
0 0 116 36.7985 -0.560332 0.759529 -0.00712365
0 0 117 36.7943 -0.561173 0.754094 -0.0115523
0 0 118 36.801 -0.561225 0.757607 -0.0120536
0 0 119 36.7969 -0.560332 0.757859 -0.00642175
0 0 120 36.7957 -0.560963 0.755491 -0.0111178
0 0 121 36.801 -0.563642 0.759296 -0.00887838
0 0 122 36.7968 -0.562933 0.757277 -0.00785896
0 0 123 36.7975 -0.566137 0.758034 -0.00978082
0 0 124 36.7995 -0.559019 0.760616 -0.0125383
0 0 125 36.7937 -0.562276 0.758617 -0.0132234
0 0 126 36.7969 -0.563064 0.760461 -0.00981424
0 0 127 36.798 -0.563064 0.756675 -0.0103156
0 0 128 36.7955 -0.562224 0.757374 -0.0106833
0 0 129 36.7951 -0.565612 0.757316 -0.0147943
0 0 130 36.7965 -0.562145 0.757568 -0.0124714
0 0 131 36.7942 -0.559649 0.753589 -0.0113517
0 0 132 36.7961 -0.561777 0.758131 -0.0104827
0 0 133 36.7951 -0.561514 0.75949 -0.010583
0 0 134 36.7937 -0.560779 0.754773 -0.0124714
0 0 135 36.7947 -0.559361 0.755414 -0.0135577
0 0 136 36.7953 -0.561961 0.759044 -0.0098978
0 0 137 36.7939 -0.56091 0.75652 -0.00999807
0 0 138 36.7953 -0.562801 0.756112 -0.00944658
0 0 139 36.7931 -0.557076 0.757355 -0.0132402
0 0 140 36.7902 -0.563878 0.757064 -0.00986437
0 0 141 36.7962 -0.563537 0.758384 -0.00921262
0 0 142 36.7958 -0.561199 0.757141 -0.0077754
0 0 143 36.7958 -0.56028 0.757646 -0.0138752
0 0 144 36.7908 -0.560648 0.758966 -0.0118364
0 0 145 36.7974 -0.563537 0.760849 -0.00874469
0 0 146 36.7945 -0.561935 0.757102 -0.0111345
0 0 147 36.7917 -0.563458 0.75619 -0.00922933
0 0 148 36.7947 -0.562933 0.757277 -0.0100983
0 0 149 36.7946 -0.562933 0.757801 -0.00879482
0 0 150 36.791 -0.563511 0.755821 -0.0102153
0 0 151 36.793 -0.559282 0.758461 -0.0129895
0 0 152 36.7927 -0.561935 0.758034 -0.00729077
0 0 153 36.7973 -0.56527 0.75751 -0.0118531
0 0 154 36.7917 -0.56112 0.759082 -0.00754144
0 0 155 36.7956 -0.562171 0.757685 -0.0117027
0 0 156 36.7938 -0.55894 0.756617 -0.0128391
0 0 157 36.79 -0.562644 0.758267 -0.00901207
0 0 158 36.7964 -0.561409 0.758791 -0.0118865
0 0 159 36.7949 -0.562355 0.758189 -0.0119701
0 0 160 36.7941 -0.564561 0.755957 -0.0115356
0 0 161 36.7916 -0.563274 0.757316 -0.00749131
0 0 162 36.791 -0.55986 0.757821 -0.00934631
0 0 163 36.7929 -0.56028 0.757646 -0.00907892
0 0 164 36.7944 -0.5607 0.757394 -0.00871126
0 0 165 36.7923 -0.564246 0.75784 -0.0123879
0 0 166 36.7967 -0.562933 0.758752 -0.0107668
0 0 167 36.7911 -0.561252 0.761373 -0.0139253
0 0 168 36.791 -0.561882 0.758151 -0.00871126
0 0 169 36.794 -0.562381 0.757646 -0.00934631
0 0 170 36.7915 -0.55915 0.75487 -0.0103156
0 0 171 36.7937 -0.560122 0.757122 -0.0113016
0 0 172 36.7912 -0.559229 0.757297 -0.010349
0 0 173 36.7928 -0.562539 0.756365 -0.011569
0 0 174 36.7952 -0.558336 0.75817 -0.0112682
0 0 175 36.7933 -0.560359 0.760655 -0.0101819
0 0 176 36.7884 -0.560149 0.757335 -0.0114854
0 0 177 36.7926 -0.559886 0.759374 -0.0128558
0 0 178 36.7947 -0.562906 0.7585 -0.00824334
0 0 179 36.7941 -0.559466 0.75652 -0.0106833
0 0 180 36.797 -0.562066 0.758073 -0.00911235
0 0 181 36.7946 -0.562828 0.758422 -0.0135075
0 0 182 36.794 -0.563379 0.755938 -0.0101986
0 0 183 36.793 -0.5607 0.754094 -0.00953014
0 0 184 36.7917 -0.561015 0.754268 -0.0142094
0 0 185 36.7932 -0.561646 0.757937 -0.00996464
0 0 186 36.7911 -0.55831 0.757646 -0.00747459
0 0 187 36.7925 -0.56267 0.758151 -0.0113684
0 0 188 36.7918 -0.561646 0.756559 -0.0114353
0 0 189 36.7932 -0.561383 0.754851 -0.0105496
0 0 190 36.7962 -0.562224 0.756462 -0.00994793
0 0 191 36.7947 -0.559124 0.756093 -0.0137582
0 0 192 36.7953 -0.562145 0.759354 -0.0118698
0 0 193 36.793 -0.559518 0.758325 -0.00996464
0 0 194 36.7945 -0.564299 0.758714 -0.00941316
0 0 195 36.7946 -0.56183 0.758364 -0.0103824
0 0 196 36.7922 -0.561672 0.754598 -0.0101652
0 0 197 36.7932 -0.56049 0.760247 -0.00814307
0 0 198 36.7934 -0.561672 0.756074 -0.0104827
0 0 199 36.7947 -0.559124 0.755549 -0.0104326
0 0 200 36.7935 -0.560648 0.755705 -0.00789239
0 0 201 36.7949 -0.558704 0.757199 -0.00872798
0 0 202 36.7914 -0.559361 0.758403 -0.00717378
0 0 203 36.7949 -0.561698 0.754715 -0.00638833
0 0 204 36.7942 -0.563169 0.757471 -0.0117528
0 0 205 36.7929 -0.561357 0.759315 -0.00994793
0 0 206 36.7939 -0.560437 0.760034 -0.00996464
0 0 207 36.7977 -0.56007 0.758617 -0.0138752
0 0 208 36.7925 -0.560569 0.759995 -0.00968055
0 0 209 36.7913 -0.559938 0.758228 -0.00742446
0 0 210 36.7946 -0.564456 0.757568 -0.0110676
0 0 211 36.7946 -0.56112 0.758714 -0.0096137
0 0 212 36.791 -0.560648 0.759063 -0.0109506
0 0 213 36.7932 -0.560332 0.757918 -0.011335
0 0 214 36.7921 -0.55831 0.757549 -0.0126385
0 0 215 36.7966 -0.563484 0.756928 -0.00531878
0 0 216 36.7918 -0.560989 0.755472 -0.0138251
0 0 217 36.7942 -0.560227 0.756151 -0.010466
0 0 218 36.7926 -0.563038 0.755161 -0.00831018
0 0 219 36.7948 -0.562276 0.758345 -0.0121038
0 0 220 36.7926 -0.562302 0.760092 -0.00675599
0 0 221 36.7903 -0.559124 0.75718 -0.011686
0 0 222 36.7956 -0.560989 0.756578 -0.00836032
0 0 223 36.794 -0.562329 0.758384 -0.0126887
0 0 224 36.7918 -0.56267 0.760247 -0.00998136
0 0 225 36.7902 -0.560989 0.756501 -0.00815978
0 0 226 36.7947 -0.56049 0.760072 -0.00988109
0 0 227 36.7912 -0.559334 0.756675 -0.0109506
0 0 228 36.7956 -0.562644 0.762538 -0.0084773
0 0 229 36.7904 -0.563773 0.756229 -0.00754144
0 0 230 36.7959 -0.558835 0.759548 -0.0121706
0 0 231 36.7946 -0.562329 0.755996 -0.00976411
0 0 232 36.7932 -0.562828 0.756908 -0.0145437
0 0 233 36.793 -0.561593 0.756578 -0.0129561
0 0 234 36.7931 -0.560674 0.760131 -0.0114186
0 0 235 36.7904 -0.56204 0.75751 -0.00745788
0 0 236 36.7949 -0.56112 0.756384 -0.0108671
0 0 237 36.7977 -0.562224 0.759335 -0.0108337
0 0 238 36.7937 -0.561094 0.754598 -0.0118698
0 0 239 36.7927 -0.561619 0.757859 -0.0120035
0 0 240 36.7903 -0.556918 0.757335 -0.0122542
0 0 241 36.7938 -0.559255 0.756772 -0.00856086
0 0 242 36.7967 -0.560884 0.759315 -0.0111345
0 0 243 36.7948 -0.561436 0.755627 -0.0117528
0 0 244 36.7937 -0.561225 0.75718 -0.0093296
0 0 245 36.791 -0.56267 0.758539 -0.00971397
0 0 246 36.7942 -0.560254 0.758888 -0.0126051
0 0 247 36.7938 -0.560805 0.757607 -0.0110175
0 0 248 36.7929 -0.561252 0.757665 -0.00759158
0 0 249 36.7954 -0.557732 0.757801 -0.0077754
0 0 250 36.7953 -0.56183 0.759704 -0.00979753
0 0 251 36.7935 -0.560858 0.759645 -0.010583
0 0 252 36.7947 -0.5607 0.755084 -0.013073
0 0 253 36.7925 -0.561304 0.758966 -0.00949672
0 0 254 36.7871 -0.561436 0.758752 -0.0094633
0 0 255 36.7964 -0.565454 0.760111 -0.00752473
0 0 256 36.7931 -0.557076 0.758694 -0.011686
0 0 257 36.7954 -0.559019 0.758752 -0.00752473
0 0 258 36.7914 -0.561225 0.757064 -0.00707351
0 0 259 36.7935 -0.561068 0.755006 -0.0116525
0 0 260 36.7947 -0.56548 0.755511 -0.00926276
0 0 261 36.7929 -0.562118 0.756695 -0.00991451
0 0 262 36.7937 -0.560674 0.755336 -0.0117528
0 0 263 36.7929 -0.56091 0.758772 -0.00837703
0 0 264 36.7911 -0.561409 0.757413 -0.00979753
0 0 265 36.7951 -0.562066 0.759179 -0.00929618
0 0 266 36.7952 -0.563222 0.753725 -0.010583
0 0 267 36.7931 -0.56183 0.757219 -0.0109172
0 0 268 36.7907 -0.559413 0.758228 -0.0050681
0 0 269 36.7917 -0.561567 0.756753 -0.00909563
0 0 270 36.7946 -0.559781 0.757219 -0.0113684
0 0 271 36.7918 -0.560543 0.758597 -0.010115
0 0 272 36.7929 -0.562749 0.756675 -0.00956357
0 0 273 36.7936 -0.561015 0.758384 -0.00809293
0 0 274 36.797 -0.563563 0.758286 -0.00882825
0 0 275 36.7931 -0.562723 0.75883 -0.01319
0 0 276 36.7953 -0.563878 0.760538 -0.00912906
0 0 277 36.7946 -0.563694 0.754152 -0.0139086
0 0 278 36.7937 -0.561147 0.755802 -0.0122207
0 0 279 36.7901 -0.562906 0.759218 -0.0117027
0 0 280 36.7931 -0.561803 0.756772 -0.0098978
0 0 281 36.7923 -0.561698 0.758364 -0.00797594
0 0 282 36.7909 -0.560306 0.758034 -0.00862771
0 0 283 36.7938 -0.559702 0.757374 -0.015396
0 0 284 36.7956 -0.559965 0.755316 -0.0117528
0 0 285 36.791 -0.558704 0.757238 -0.0100148
0 0 286 36.7942 -0.563353 0.757374 -0.00846059
0 0 287 36.7923 -0.562013 0.760752 -0.00725734
0 0 288 36.7931 -0.560227 0.758306 -0.00996464
0 0 289 36.7943 -0.561042 0.754132 -0.00854415
0 0 290 36.7888 -0.559439 0.755161 -0.0142763
0 0 291 36.7958 -0.557942 0.757199 -0.0114854
0 0 292 36.7918 -0.557548 0.757898 -0.0106331
0 0 293 36.7912 -0.564903 0.758306 -0.0139588
0 0 294 36.791 -0.558625 0.756792 -0.0093296
0 0 295 36.7954 -0.560122 0.759277 -0.0110676
0 0 296 36.7931 -0.56183 0.756753 -0.00846059
0 0 297 36.7923 -0.561803 0.756792 -0.00851072
0 0 298 36.7914 -0.564299 0.759277 -0.00834361
0 0 299 36.7911 -0.560096 0.757724 -0.0124714
0 0 300 36.7895 -0.563773 0.755511 -0.0110008
0 0 301 36.795 -0.563143 0.757879 -0.0117695
0 0 302 36.7951 -0.561724 0.755549 -0.00800937
0 0 303 36.7908 -0.56309 0.759975 -0.00881153
0 0 304 36.7936 -0.561961 0.756345 -0.00973068
0 0 305 36.7921 -0.562224 0.758985 -0.00697324
0 0 306 36.793 -0.562197 0.757258 -0.0130897
0 0 307 36.795 -0.559387 0.754579 -0.00772527
0 0 308 36.7906 -0.563432 0.754676 -0.0104994
0 0 309 36.7945 -0.561514 0.75817 -0.00991451
0 0 310 36.792 -0.56401 0.7585 -0.0113016
0 0 311 36.7904 -0.564193 0.759529 -0.0108504
0 0 312 36.7903 -0.561593 0.757374 -0.0141092
0 0 313 36.7907 -0.560805 0.758655 -0.013541
0 0 314 36.7942 -0.563143 0.760189 -0.00881153
0 0 315 36.7915 -0.562539 0.757432 -0.0109172
0 0 316 36.7932 -0.562959 0.757724 -0.0108504
0 0 317 36.7919 -0.558756 0.756539 -0.0106665
0 0 318 36.7945 -0.562512 0.759199 -0.0101819
0 0 319 36.7907 -0.556393 0.757762 -0.0102655
0 0 320 36.7921 -0.56288 0.7552 -0.0091792
0 0 321 36.7934 -0.563957 0.759044 -0.0118364
0 0 322 36.7916 -0.563222 0.752288 -0.0100816
0 0 323 36.794 -0.559702 0.757219 -0.0119032
0 0 324 36.793 -0.559492 0.753744 -0.0107668
0 0 325 36.7892 -0.56401 0.754695 -0.0104493
0 0 326 36.7929 -0.559439 0.756908 -0.0083269
0 0 327 36.7916 -0.560726 0.75586 -0.012672
0 0 328 36.7936 -0.559255 0.757879 -0.0117862
0 0 329 36.79 -0.561908 0.757549 -0.0121706
0 0 330 36.7933 -0.563064 0.757316 -0.00754144
0 0 331 36.7931 -0.5633 0.756753 -0.0112347
0 0 332 36.7926 -0.565402 0.757258 -0.0121873
0 0 333 36.7933 -0.561698 0.756442 -0.00958028
0 0 334 36.7947 -0.561935 0.755588 -0.0124881
0 0 335 36.794 -0.563195 0.757976 -0.0103992
0 0 336 36.7921 -0.562145 0.75751 -0.0119199
0 0 337 36.7908 -0.558494 0.757607 -0.00931289
0 0 338 36.793 -0.560464 0.758209 -0.0111512
0 0 339 36.7928 -0.558599 0.757199 -0.0118029
0 0 340 36.7926 -0.563616 0.756074 -0.00767513
0 0 341 36.7888 -0.561935 0.758908 -0.0120035
0 0 342 36.7936 -0.561961 0.75685 -0.00942987
0 0 343 36.7925 -0.560753 0.756734 -0.0109172
0 0 344 36.7939 -0.563852 0.757957 -0.0106498
0 0 345 36.79 -0.563642 0.757724 -0.0118197
0 0 346 36.7927 -0.560254 0.758112 -0.0110676
0 0 347 36.7933 -0.560464 0.758073 -0.00882825
0 0 348 36.795 -0.56422 0.755219 -0.0120369
0 0 349 36.7906 -0.561015 0.757704 -0.0106498
0 0 350 36.7901 -0.561882 0.756695 -0.010349
0 0 351 36.7893 -0.561567 0.755996 -0.0107835
0 0 352 36.7938 -0.561541 0.754443 -0.0119533
0 0 353 36.7918 -0.559334 0.758617 -0.0141927
0 0 354 36.7884 -0.564719 0.7585 -0.0112347
0 0 355 36.7911 -0.563957 0.756481 -0.013073
0 0 356 36.7906 -0.560543 0.761101 -0.0112515
0 0 357 36.7878 -0.561803 0.757821 -0.0077754
0 0 358 36.7936 -0.559571 0.755181 -0.00922933
0 0 359 36.7952 -0.56091 0.757432 -0.00727405
0 0 360 36.7883 -0.561672 0.757199 -0.0120703
0 0 361 36.7892 -0.563406 0.758539 -0.00986437
0 0 362 36.7929 -0.564351 0.758578 -0.0136579
0 0 363 36.7921 -0.563432 0.757161 -0.00887838
0 0 364 36.7873 -0.561619 0.754559 -0.0130062
0 0 365 36.789 -0.563353 0.759296 -0.0129393
0 0 366 36.7909 -0.562486 0.756481 -0.00927947
0 0 367 36.7918 -0.560989 0.753647 -0.00841045
0 0 368 36.7884 -0.562854 0.755258 -0.0108002
0 0 369 36.7917 -0.562171 0.756268 -0.0119701
0 0 370 36.7914 -0.560411 0.755472 -0.00939645
0 0 371 36.7937 -0.563642 0.75751 -0.0073409
0 0 372 36.791 -0.563747 0.757258 -0.0107501
0 0 373 36.7937 -0.559387 0.756074 -0.0115356
0 0 374 36.7906 -0.561698 0.756423 -0.011686
0 0 375 36.7938 -0.562092 0.758131 -0.00744117
0 0 376 36.7905 -0.561987 0.756908 -0.00841045
0 0 377 36.79 -0.563117 0.759393 -0.0127722
0 0 378 36.7915 -0.56007 0.755025 -0.00560287
0 0 379 36.7915 -0.559045 0.756132 -0.00874469
0 0 380 36.79 -0.558441 0.759063 -0.00991451
0 0 381 36.7915 -0.563957 0.757452 -0.0116358
0 0 382 36.79 -0.562854 0.757452 -0.00974739
0 0 383 36.795 -0.564272 0.75553 -0.0107167
0 0 384 36.7933 -0.561383 0.759665 -0.010349
0 0 385 36.7915 -0.561882 0.753783 -0.0128224
0 0 386 36.7915 -0.563721 0.757627 -0.00754144
0 0 387 36.7908 -0.561961 0.757568 -0.0110676
0 0 388 36.7925 -0.561199 0.754229 -0.0106833
0 0 389 36.7933 -0.56091 0.754909 -0.00764171
0 0 390 36.7908 -0.562171 0.757782 -0.00991451
0 0 391 36.7963 -0.561724 0.755996 -0.0105496
0 0 392 36.7926 -0.559597 0.757704 -0.00752473
0 0 393 36.7924 -0.565218 0.758694 -0.0103156
0 0 394 36.7915 -0.558389 0.759432 -0.0123043
0 0 395 36.791 -0.560306 0.757044 -0.00775869
0 0 396 36.793 -0.564692 0.75949 -0.0104326
0 0 397 36.791 -0.56309 0.756209 -0.0102153
0 0 398 36.7907 -0.565454 0.757238 -0.0100315
0 0 399 36.7934 -0.563195 0.757141 -0.00720721
0 0 400 36.7912 -0.560096 0.756015 -0.0102153
0 0 401 36.7938 -0.561882 0.754637 -0.0121372
0 0 402 36.7905 -0.564193 0.754851 -0.00857757
0 0 403 36.7852 -0.560753 0.753375 -0.0091792
0 0 404 36.791 -0.560753 0.755705 -0.00667243
0 0 405 36.7907 -0.560858 0.755025 -0.0121205
0 0 406 36.79 -0.561462 0.755938 -0.0119032
0 0 407 36.7955 -0.55873 0.757801 -0.00866113
0 0 408 36.7904 -0.559886 0.757665 -0.0107167
0 0 409 36.7918 -0.561225 0.759063 -0.0103657
0 0 410 36.7888 -0.563852 0.756501 -0.00630477
0 0 411 36.791 -0.560831 0.759238 -0.0106498
0 0 412 36.7889 -0.562539 0.754928 -0.0100148
0 0 413 36.7958 -0.563616 0.757685 -0.012204
0 0 414 36.7926 -0.561199 0.759024 -0.00864442
0 0 415 36.7922 -0.563721 0.755355 -0.0107668
0 0 416 36.793 -0.563668 0.759024 -0.0128224
0 0 417 36.7921 -0.5607 0.758461 -0.0100649
0 0 418 36.7907 -0.562118 0.754598 -0.0127555
0 0 419 36.7877 -0.563983 0.759995 -0.0083269
0 0 420 36.7921 -0.561856 0.758403 -0.0146105
0 0 421 36.7923 -0.560779 0.757646 -0.0107501
0 0 422 36.79 -0.561068 0.754501 -0.00846059
0 0 423 36.7921 -0.562224 0.756908 -0.00884496
0 0 424 36.7905 -0.563589 0.756772 -0.00927947
0 0 425 36.7921 -0.559492 0.756714 -0.0107668
0 0 426 36.7916 -0.559177 0.757238 -0.0101986
0 0 427 36.7902 -0.561882 0.756462 -0.0112682
0 0 428 36.7918 -0.557023 0.75553 -0.00851072
0 0 429 36.7919 -0.561436 0.754249 -0.014176
0 0 430 36.7932 -0.561094 0.757743 -0.00934631
0 0 431 36.794 -0.563012 0.755336 -0.00871126
0 0 432 36.7924 -0.563983 0.757471 -0.0108504
0 0 433 36.7914 -0.560332 0.756306 -0.0100983
0 0 434 36.791 -0.564614 0.760014 -0.0106331
0 0 435 36.7955 -0.563406 0.756617 -0.0118531
0 0 436 36.7902 -0.562696 0.757297 -0.0131399
0 0 437 36.7921 -0.56246 0.754152 -0.0114019
0 0 438 36.7926 -0.560227 0.758752 -0.00986437
0 0 439 36.7921 -0.562565 0.755705 -0.0142596
0 0 440 36.7908 -0.563563 0.756442 -0.0119868
0 0 441 36.7922 -0.564614 0.755452 -0.00939645
0 0 442 36.7937 -0.562539 0.753686 -0.0107
0 0 443 36.792 -0.563406 0.756675 -0.011218
0 0 444 36.7933 -0.562197 0.756171 -0.0112849
0 0 445 36.7893 -0.564587 0.754171 -0.00993122
0 0 446 36.7917 -0.559361 0.755472 -0.0124714
0 0 447 36.7937 -0.563432 0.761722 -0.0103156
0 0 448 36.7942 -0.562197 0.753589 -0.0106498
0 0 449 36.7927 -0.561304 0.757821 -0.0113684
0 0 450 36.7905 -0.558284 0.759199 -0.0140925
0 0 451 36.7906 -0.559282 0.756035 -0.0114854
0 0 452 36.7937 -0.561908 0.757413 -0.00593711
0 0 453 36.7921 -0.561252 0.755879 -0.0118029
0 0 454 36.7906 -0.561042 0.756404 -0.0109172
0 0 455 36.7923 -0.565323 0.754851 -0.0101652
0 0 456 36.7921 -0.561724 0.760888 -0.00973068
0 0 457 36.7915 -0.562486 0.755161 -0.0108337
0 0 458 36.7897 -0.565533 0.753589 -0.0116525
0 0 459 36.79 -0.565192 0.759393 -0.0102989
0 0 460 36.7883 -0.563878 0.759296 -0.0118865
0 0 461 36.7922 -0.560753 0.755782 -0.0114854
0 0 462 36.7916 -0.55852 0.75883 -0.00986437
0 0 463 36.7907 -0.563222 0.757452 -0.0108838
0 0 464 36.7945 -0.558967 0.757685 -0.013541
0 0 465 36.7945 -0.563826 0.755278 -0.00963041
0 0 466 36.7921 -0.563642 0.755627 -0.00717378
0 0 467 36.7871 -0.562486 0.755239 -0.0100315
0 0 468 36.792 -0.562828 0.758791 -0.0103156
0 0 469 36.7928 -0.563484 0.759742 -0.00817649
0 0 470 36.7945 -0.563537 0.755142 -0.0116191
0 0 471 36.7928 -0.562618 0.757432 -0.00978082
0 0 472 36.7897 -0.560437 0.756229 -0.0114186
0 0 473 36.7931 -0.563458 0.7585 -0.013424
0 0 474 36.7929 -0.564351 0.754812 -0.0132402
0 0 475 36.7917 -0.563511 0.757646 -0.0103323
0 0 476 36.793 -0.560595 0.757937 -0.00379801
0 0 477 36.7915 -0.560096 0.756869 -0.0089118
0 0 478 36.7926 -0.562145 0.755375 -0.00954685
0 0 479 36.7921 -0.563274 0.756093 -0.010583
0 0 480 36.7919 -0.564115 0.756578 -0.00909563
0 0 481 36.794 -0.560359 0.753103 -0.00769185
0 0 482 36.7917 -0.56267 0.757394 -0.00929618
0 0 483 36.7905 -0.561698 0.75454 -0.0117027
0 0 484 36.7903 -0.560726 0.756501 -0.00941316
0 0 485 36.7898 -0.562854 0.754792 -0.0104159
0 0 486 36.7895 -0.56464 0.757821 -0.011218
0 0 487 36.7905 -0.562381 0.755705 -0.00872798
0 0 488 36.7879 -0.559098 0.754152 -0.0117361
0 0 489 36.7918 -0.563143 0.759451 -0.0127889
0 0 490 36.7879 -0.560332 0.759218 -0.00968055
0 0 491 36.7901 -0.565533 0.755491 -0.0123544
0 0 492 36.791 -0.562512 0.758189 -0.00916249
0 0 493 36.7886 -0.560411 0.752754 -0.0128056
0 0 494 36.7896 -0.562565 0.756015 -0.0104159
0 0 495 36.7894 -0.562302 0.757646 -0.0115523
0 0 496 36.7947 -0.564614 0.758112 -0.0121706
0 0 497 36.7916 -0.560779 0.759937 -0.0084773
0 0 498 36.7914 -0.561567 0.757452 -0.0135243
0 0 499 36.7924 -0.561383 0.758054 -0.0118197
0 0 500 36.7908 -0.561252 0.756462 -0.013541
0 0 501 36.7921 -0.559098 0.756714 -0.0111178
0 0 502 36.7916 -0.562906 0.757957 -0.0117695
0 0 503 36.7883 -0.561094 0.757064 -0.00822663
0 0 504 36.79 -0.559518 0.758228 -0.0119366
0 0 505 36.7897 -0.563327 0.759218 -0.00854415
0 0 506 36.7922 -0.561225 0.757335 -0.0118531
0 0 507 36.7913 -0.562092 0.753259 -0.00912906
0 0 508 36.7893 -0.563668 0.755472 -0.00984766
0 0 509 36.7922 -0.562618 0.754695 -0.00658887
0 0 510 36.7893 -0.561882 0.75487 -0.00770856
0 0 511 36.7914 -0.561908 0.753977 -0.0117361
0 0 512 36.7878 -0.562985 0.756229 -0.012555
0 0 513 36.7901 -0.558835 0.757588 -0.0102822
0 0 514 36.7904 -0.562644 0.759005 -0.0106164
0 0 515 36.7883 -0.56422 0.754152 -0.00765842
0 0 516 36.7915 -0.563983 0.758286 -0.00971397
0 0 517 36.7888 -0.560621 0.756112 -0.0118364
0 0 518 36.7915 -0.562276 0.755297 -0.0110342
0 0 519 36.7859 -0.562355 0.757859 -0.0107668
0 0 520 36.791 -0.562302 0.753434 -0.0106665
0 0 521 36.7905 -0.564955 0.756986 -0.0087614
0 0 522 36.7884 -0.565349 0.757568 -0.0100148
0 0 523 36.7885 -0.56133 0.757297 -0.0100816
0 0 524 36.7898 -0.56703 0.7585 -0.0105161
0 0 525 36.7925 -0.560648 0.758112 -0.0107501
0 0 526 36.7926 -0.561147 0.756792 -0.0102488
0 0 527 36.792 -0.562854 0.759626 -0.0154461
0 0 528 36.7901 -0.561436 0.755957 -0.00839374
0 0 529 36.7908 -0.564036 0.758267 -0.0134741
0 0 530 36.7924 -0.561042 0.756462 -0.0138752
0 0 531 36.792 -0.565743 0.757277 -0.0118029
0 0 532 36.7917 -0.560621 0.757627 -0.0119868
0 0 533 36.7907 -0.564404 0.755433 -0.0118865
0 0 534 36.7881 -0.561252 0.756637 -0.0102822
0 0 535 36.7913 -0.560359 0.757568 -0.0126887
0 0 536 36.7928 -0.561147 0.75619 -0.0093296
0 0 537 36.7868 -0.561961 0.75454 -0.0106833
0 0 538 36.7916 -0.561015 0.754268 -0.0101485
0 0 539 36.7938 -0.562854 0.755394 -0.0107835
0 0 540 36.7881 -0.559702 0.758947 -0.0105997
0 0 541 36.7902 -0.562539 0.757199 -0.0125216
0 0 542 36.7903 -0.561908 0.755316 -0.0104827
0 0 543 36.7913 -0.559912 0.759141 -0.011686
0 0 544 36.7914 -0.560805 0.757044 -0.0128056
0 0 545 36.791 -0.558389 0.754288 -0.00894523
0 0 546 36.7925 -0.560753 0.758772 -0.012204
0 0 547 36.79 -0.562723 0.759238 -0.0073409
0 0 548 36.7914 -0.561698 0.754191 -0.00944658
0 0 549 36.7921 -0.561225 0.751473 -0.0114854
0 0 550 36.7917 -0.561935 0.755802 -0.00953014
0 0 551 36.788 -0.561199 0.754889 -0.0110843
0 0 552 36.7903 -0.560831 0.755355 -0.0130563
0 0 553 36.7901 -0.562276 0.754928 -0.0098978
0 0 554 36.7889 -0.563353 0.757141 -0.0109506
0 0 555 36.7928 -0.563747 0.756772 -0.00942987
0 0 556 36.791 -0.561961 0.755841 -0.0119032
0 0 557 36.7913 -0.564377 0.758384 -0.0101819
0 0 558 36.7905 -0.562723 0.75652 -0.01319
0 0 559 36.791 -0.558021 0.754676 -0.00926276
0 0 560 36.79 -0.563826 0.753919 -0.00824334
0 0 561 36.7901 -0.563064 0.754948 -0.0101652
0 0 562 36.7899 -0.560595 0.756151 -0.0105496
0 0 563 36.7888 -0.562276 0.758112 -0.010115
0 0 564 36.7914 -0.56309 0.7552 -0.00871126
0 0 565 36.7875 -0.562171 0.755452 -0.0112347
0 0 566 36.7876 -0.564745 0.75685 -0.00809293
0 0 567 36.7905 -0.559781 0.756792 -0.0116358
0 0 568 36.7913 -0.563852 0.753938 -0.011452
0 0 569 36.7916 -0.562434 0.755996 -0.00851072
0 0 570 36.7902 -0.564929 0.758306 -0.0112849
0 0 571 36.7884 -0.564246 0.754909 -0.00690639
0 0 572 36.7908 -0.564272 0.757529 -0.011335
0 0 573 36.7906 -0.561199 0.753764 -0.0120202
0 0 574 36.7911 -0.561094 0.758578 -0.00971397
0 0 575 36.7915 -0.563747 0.756889 -0.0109506
0 0 576 36.7866 -0.562407 0.756268 -0.0106498
0 0 577 36.7904 -0.562224 0.751745 -0.00979753
0 0 578 36.7905 -0.558809 0.753958 -0.00902878
0 0 579 36.7905 -0.563064 0.756248 -0.00921262
0 0 580 36.7875 -0.560516 0.754501 -0.00964712
0 0 581 36.791 -0.564509 0.757529 -0.0129393
0 0 582 36.7889 -0.558835 0.754812 -0.00687297
0 0 583 36.7908 -0.562539 0.755025 -0.0119032
0 0 584 36.7896 -0.564088 0.757937 -0.00894523
0 0 585 36.7905 -0.559361 0.754501 -0.0127221
0 0 586 36.7925 -0.561304 0.757374 -0.00807622
0 0 587 36.7897 -0.565034 0.753084 -0.0150617
0 0 588 36.787 -0.563983 0.757083 -0.0112515
0 0 589 36.7897 -0.565454 0.75355 -0.0108671
0 0 590 36.7898 -0.562618 0.755802 -0.0105663
0 0 591 36.7891 -0.563064 0.756501 -0.0102488
0 0 592 36.791 -0.564115 0.756578 -0.0100315
0 0 593 36.788 -0.561567 0.754812 -0.012087
0 0 594 36.7907 -0.562276 0.755297 -0.0112849
0 0 595 36.7919 -0.563143 0.755181 -0.00755815
0 0 596 36.7903 -0.562591 0.756889 -0.00836032
0 0 597 36.7938 -0.561383 0.756966 -0.0125383
0 0 598 36.7889 -0.563038 0.75883 -0.0120202
0 0 599 36.7935 -0.563117 0.756986 -0.0108671
0 0 600 36.789 -0.565139 0.756617 -0.00861099
0 0 601 36.791 -0.563931 0.753647 -0.00899536
0 0 602 36.7875 -0.562591 0.75487 -0.010232
0 0 603 36.7931 -0.561225 0.756753 -0.0148612
0 0 604 36.7888 -0.559938 0.755258 -0.00613765
0 0 605 36.7913 -0.564666 0.758733 -0.00787567
0 0 606 36.7901 -0.562723 0.754016 -0.0113852
0 0 607 36.7908 -0.564535 0.753045 -0.0123879
0 0 608 36.7931 -0.564193 0.754443 -0.00862771
0 0 609 36.7893 -0.563983 0.757199 -0.00951343
0 0 610 36.7905 -0.56183 0.755433 -0.00780883
0 0 611 36.7871 -0.567871 0.75322 -0.00815978
0 0 612 36.7897 -0.565901 0.756869 -0.00996464
0 0 613 36.7915 -0.562118 0.756772 -0.0103657
0 0 614 36.7886 -0.562775 0.7585 -0.00963041
0 0 615 36.7892 -0.563169 0.754792 -0.0125383
0 0 616 36.7921 -0.560753 0.755666 -0.0107167
0 0 617 36.7913 -0.560753 0.757258 -0.0107167
0 0 618 36.789 -0.560332 0.756054 -0.00637162
0 0 619 36.7889 -0.563195 0.751376 -0.0124046
0 0 620 36.7933 -0.559649 0.755122 -0.010583
0 0 621 36.7909 -0.563458 0.757801 -0.0120202
0 0 622 36.7921 -0.562591 0.756908 -0.00991451
0 0 623 36.7889 -0.561541 0.756054 -0.0112347
0 0 624 36.7905 -0.565769 0.755239 -0.00745788
0 0 625 36.7911 -0.563353 0.756345 -0.01441
0 0 626 36.79 -0.561068 0.756695 -0.0102989
0 0 627 36.7896 -0.561935 0.757607 -0.0117528
0 0 628 36.7911 -0.561567 0.758578 -0.00959699
0 0 629 36.7898 -0.560332 0.758228 -0.0117194
0 0 630 36.7914 -0.566137 0.754637 -0.00968055
0 0 631 36.7901 -0.563379 0.759393 -0.00949672
0 0 632 36.791 -0.562933 0.759665 -0.0089118
0 0 633 36.7909 -0.563563 0.759179 -0.00937974
0 0 634 36.7914 -0.560726 0.757491 -0.0110843
0 0 635 36.7903 -0.561304 0.755142 -0.0118698
0 0 636 36.7906 -0.563773 0.757452 -0.0101819
0 0 637 36.7912 -0.56225 0.752113 -0.0115188
0 0 638 36.7931 -0.565113 0.754715 -0.00981424
0 0 639 36.7921 -0.560621 0.754598 -0.0134407
0 0 640 36.7909 -0.562749 0.757782 -0.0109506
0 0 641 36.7918 -0.562906 0.756248 -0.0087614
0 0 642 36.7903 -0.55915 0.758248 -0.00937974
0 0 643 36.7879 -0.56527 0.754967 -0.0112682
0 0 644 36.7931 -0.55986 0.757044 -0.00948001
0 0 645 36.7909 -0.563248 0.759937 -0.0117695
0 0 646 36.7926 -0.561777 0.753919 -0.00899536
0 0 647 36.7915 -0.561961 0.758112 -0.0114854
0 0 648 36.7926 -0.560989 0.753492 -0.0110175
0 0 649 36.7917 -0.565113 0.755841 -0.00927947
0 0 650 36.7882 -0.566321 0.755316 -0.00856086
0 0 651 36.7882 -0.561304 0.756947 -0.0128391
0 0 652 36.79 -0.562486 0.755414 -0.00896194
0 0 653 36.7918 -0.563484 0.754423 -0.00810964
0 0 654 36.7914 -0.562355 0.754307 -0.0121038
0 0 655 36.7924 -0.56183 0.755646 -0.0104326
0 0 656 36.7898 -0.561567 0.755316 -0.0113684
0 0 657 36.7905 -0.558573 0.757355 -0.0112013
0 0 658 36.7913 -0.563852 0.754268 -0.00916249
0 0 659 36.7878 -0.565612 0.759548 -0.00959699
0 0 660 36.7896 -0.561724 0.756481 -0.0103156
0 0 661 36.7896 -0.563117 0.756248 -0.0120369
0 0 662 36.7893 -0.564692 0.759704 -0.00942987
0 0 663 36.7922 -0.562828 0.757549 -0.0118029
0 0 664 36.7895 -0.562618 0.755976 -0.0133404
0 0 665 36.7909 -0.564088 0.757141 -0.0122374
0 0 666 36.7894 -0.56401 0.755899 -0.0087614
0 0 667 36.79 -0.559912 0.754016 -0.0110175
0 0 668 36.7901 -0.56309 0.754598 -0.00851072
0 0 669 36.79 -0.565559 0.754404 -0.0124881
0 0 670 36.7912 -0.561619 0.755375 -0.00640504
0 0 671 36.7905 -0.561514 0.758733 -0.0118698
0 0 672 36.7874 -0.565953 0.755899 -0.0135577
0 0 673 36.7918 -0.561383 0.754695 -0.0104493
0 0 674 36.7912 -0.563353 0.756287 -0.0116358
0 0 675 36.787 -0.565585 0.757432 -0.0106498
0 0 676 36.79 -0.560332 0.753026 -0.010349
0 0 677 36.7932 -0.561751 0.753142 -0.00948001
0 0 678 36.7902 -0.564088 0.753705 -0.00922933
0 0 679 36.7932 -0.561961 0.755666 -0.00924604
0 0 680 36.7884 -0.5633 0.755472 -0.00769185
0 0 681 36.7878 -0.562933 0.756559 -0.0110676
0 0 682 36.7901 -0.562828 0.7585 -0.0108337
0 0 683 36.7905 -0.562618 0.753841 -0.0117862
0 0 684 36.7903 -0.562066 0.757491 -0.0135243
0 0 685 36.7905 -0.564325 0.757529 -0.0102488
0 0 686 36.791 -0.5633 0.752832 -0.0104827
0 0 687 36.7896 -0.562302 0.75685 -0.0132736
0 0 688 36.7944 -0.564771 0.757704 -0.00797594
0 0 689 36.7886 -0.56225 0.754385 -0.0124881
0 0 690 36.7936 -0.562224 0.753434 -0.0105161
0 0 691 36.7874 -0.562539 0.756501 -0.0109005
0 0 692 36.7926 -0.562801 0.756714 -0.010232
0 0 693 36.7912 -0.561068 0.753259 -0.0124213
0 0 694 36.7913 -0.562512 0.756404 -0.0108002
0 0 695 36.7886 -0.562171 0.756986 -0.0107167
0 0 696 36.7891 -0.565612 0.756772 -0.00709023
0 0 697 36.7926 -0.56401 0.756928 -0.0106833
0 0 698 36.7908 -0.561015 0.75718 -0.0136747
0 0 699 36.7894 -0.562723 0.756326 -0.0105161
0 0 700 36.7928 -0.563327 0.756306 -0.0117528
0 0 701 36.7922 -0.563721 0.754734 -0.00861099
0 0 702 36.7953 -0.560805 0.758752 -0.0109005
0 0 703 36.7926 -0.562749 0.754637 -0.00869455
0 0 704 36.7878 -0.564351 0.759199 -0.0101485
0 0 705 36.7926 -0.561619 0.757588 -0.00926276
0 0 706 36.7889 -0.566873 0.759956 -0.00948001
0 0 707 36.7939 -0.565559 0.757432 -0.0124714
0 0 708 36.7894 -0.561593 0.757432 -0.0108838
0 0 709 36.788 -0.561252 0.757355 -0.0124046
0 0 710 36.7902 -0.566111 0.757529 -0.0111178
0 0 711 36.7934 -0.562066 0.757646 -0.00814307
0 0 712 36.7896 -0.564771 0.757044 -0.00927947
0 0 713 36.7936 -0.563327 0.757976 -0.0109506
0 0 714 36.7925 -0.561751 0.757394 -0.0113517
0 0 715 36.7894 -0.565349 0.758558 -0.00998136
0 0 716 36.7929 -0.564482 0.757801 -0.0103156
0 0 717 36.7905 -0.565244 0.757568 -0.00729077
0 0 718 36.7932 -0.563589 0.754754 -0.0119032
0 0 719 36.7888 -0.561724 0.757976 -0.00805951
0 0 720 36.7899 -0.562512 0.758558 -0.0137415
0 0 721 36.7929 -0.560043 0.759509 -0.010232
0 0 722 36.7931 -0.560149 0.757743 -0.0124881
0 0 723 36.7922 -0.560306 0.757995 -0.00871126
0 0 724 36.7878 -0.561777 0.758131 -0.0102488
0 0 725 36.7907 -0.561278 0.759471 -0.00973068
0 0 726 36.79 -0.565139 0.757685 -0.0140925
0 0 727 36.7921 -0.563694 0.757491 -0.0117027
0 0 728 36.7933 -0.564535 0.756442 -0.00901207
0 0 729 36.7926 -0.562618 0.757025 -0.0112849
0 0 730 36.7933 -0.563563 0.756229 -0.00926276
0 0 731 36.7913 -0.562302 0.757898 -0.0113016
0 0 732 36.7918 -0.560043 0.753686 -0.0113684
0 0 733 36.7926 -0.561252 0.757258 -0.0118531
0 0 734 36.7928 -0.562434 0.758597 -0.00857757
0 0 735 36.7922 -0.564115 0.754346 -0.0115857
0 0 736 36.7942 -0.563721 0.759801 -0.0121706
0 0 737 36.7921 -0.563563 0.757122 -0.012438
0 0 738 36.7911 -0.567056 0.758888 -0.0101318
0 0 739 36.7939 -0.563668 0.755938 -0.00899536
0 0 740 36.7852 -0.559912 0.757355 -0.0109674
0 0 741 36.7915 -0.561436 0.75586 -0.00897865
0 0 742 36.7933 -0.561357 0.75685 -0.00968055
0 0 743 36.7934 -0.564351 0.760402 -0.0107668
0 0 744 36.7908 -0.562013 0.75817 -0.00998136
0 0 745 36.7934 -0.56267 0.754676 -0.011218
0 0 746 36.7944 -0.561173 0.757743 -0.0108504
0 0 747 36.7923 -0.561147 0.756462 -0.0107835
0 0 748 36.7905 -0.561436 0.757529 -0.00747459
0 0 749 36.7895 -0.560516 0.754676 -0.011452
0 0 750 36.7905 -0.563773 0.757083 -0.0103992
0 0 751 36.7929 -0.562407 0.757199 -0.0104994
0 0 752 36.7909 -0.562224 0.758131 -0.0128224
0 0 753 36.7914 -0.562197 0.758209 -0.010583
0 0 754 36.7948 -0.565664 0.758054 -0.0103323
0 0 755 36.791 -0.563773 0.757704 -0.0130897
0 0 756 36.7906 -0.56309 0.753589 -0.0108337
0 0 757 36.7907 -0.567897 0.755355 -0.0108169
0 0 758 36.7906 -0.563143 0.755666 -0.00856086
0 0 759 36.7942 -0.564272 0.755025 -0.00924604
0 0 760 36.7942 -0.562933 0.759412 -0.00897865
0 0 761 36.7912 -0.564903 0.759432 -0.00730748
0 0 762 36.7916 -0.560884 0.760577 -0.0148278
0 0 763 36.7924 -0.562381 0.758849 -0.00897865
0 0 764 36.7937 -0.561908 0.762402 -0.0108337
0 0 765 36.7926 -0.563222 0.756753 -0.0122709
0 0 766 36.7921 -0.560464 0.756248 -0.00922933
0 0 767 36.7936 -0.562512 0.757044 -0.0109005
0 0 768 36.7929 -0.562828 0.760247 -0.014293
0 0 769 36.791 -0.561436 0.758849 -0.0119533
0 0 770 36.7907 -0.560464 0.759199 -0.0118029
0 0 771 36.7905 -0.562749 0.756598 -0.00867784
0 0 772 36.7919 -0.560569 0.756928 -0.0139922
0 0 773 36.7915 -0.564929 0.754132 -0.0147943
0 0 774 36.794 -0.564719 0.755006 -0.00571986
0 0 775 36.793 -0.563248 0.7552 -0.00568643
0 0 776 36.7921 -0.564115 0.759742 -0.0111512
0 0 777 36.7942 -0.561541 0.759315 -0.00988109
0 0 778 36.7937 -0.564193 0.755763 -0.0104994
0 0 779 36.7911 -0.562854 0.752987 -0.012204
0 0 780 36.7934 -0.558967 0.757957 -0.0150784
0 0 781 36.7925 -0.560227 0.758189 -0.00981424
0 0 782 36.7932 -0.561882 0.761528 -0.00839374
0 0 783 36.79 -0.56619 0.755744 -0.0107
0 0 784 36.7944 -0.56007 0.754365 -0.011335
0 0 785 36.7926 -0.564587 0.754598 -0.0110676
0 0 786 36.7939 -0.564745 0.758578 -0.00842717
0 0 787 36.7912 -0.56288 0.759412 -0.00968055
0 0 788 36.7929 -0.561593 0.758054 -0.0130396
0 0 789 36.7932 -0.56422 0.756753 -0.0098978
0 0 790 36.7944 -0.56133 0.762441 -0.0114186
0 0 791 36.7908 -0.561514 0.759917 -0.00871126
0 0 792 36.7907 -0.562591 0.759878 -0.00983095
0 0 793 36.7953 -0.560306 0.756132 -0.0133738
0 0 794 36.7945 -0.564299 0.757141 -0.00867784
0 0 795 36.7917 -0.561514 0.758752 -0.0124881
0 0 796 36.7925 -0.560963 0.75685 -0.00725734
0 0 797 36.7918 -0.563983 0.758442 -0.00906221
0 0 798 36.7921 -0.562696 0.758849 -0.00954685
0 0 799 36.7945 -0.561514 0.757025 -0.0113016
0 0 800 36.7978 -0.561724 0.756287 -0.00981424
0 0 801 36.7933 -0.562565 0.758209 -0.0107835
0 0 802 36.7921 -0.562906 0.758325 -0.0103323
0 0 803 36.794 -0.564771 0.761489 -0.00926276
0 0 804 36.7926 -0.559649 0.758539 -0.00971397
0 0 805 36.793 -0.561908 0.757724 -0.00911235
0 0 806 36.7924 -0.561068 0.759238 -0.00949672
0 0 807 36.7953 -0.56267 0.757413 -0.00958028
0 0 808 36.7919 -0.559833 0.760771 -0.00851072
0 0 809 36.7963 -0.563248 0.759199 -0.0119366
0 0 810 36.7921 -0.560753 0.75784 -0.0107
0 0 811 36.7924 -0.562486 0.757937 -0.012087
0 0 812 36.7927 -0.560017 0.760694 -0.0101318
0 0 813 36.7947 -0.563222 0.754288 -0.0111679
0 0 814 36.7939 -0.56007 0.756966 -0.0110509
0 0 815 36.7989 -0.562985 0.758364 -0.00871126
0 0 816 36.7935 -0.560989 0.759102 -0.00954685
0 0 817 36.7949 -0.563537 0.757859 -0.0132569
0 0 818 36.7917 -0.562407 0.756617 -0.0108169
0 0 819 36.7951 -0.560595 0.761159 -0.0109841
0 0 820 36.7948 -0.563668 0.757937 -0.0100315
0 0 821 36.792 -0.564456 0.758267 -0.0101819
0 0 822 36.7937 -0.559308 0.757607 -0.00927947
0 0 823 36.7967 -0.561646 0.759645 -0.012204
0 0 824 36.7924 -0.561199 0.758578 -0.00971397
0 0 825 36.7916 -0.562013 0.757665 -0.0110676
0 0 826 36.7967 -0.56204 0.760364 -0.00912906
0 0 827 36.7947 -0.56204 0.757995 -0.0103992
0 0 828 36.7909 -0.560437 0.761354 -0.0101986
0 0 829 36.79 -0.561436 0.760577 -0.0112013
0 0 830 36.7953 -0.564587 0.757879 -0.0113183
0 0 831 36.7937 -0.56288 0.760169 -0.00826005
0 0 832 36.7915 -0.562565 0.757724 -0.00829347
0 0 833 36.7921 -0.563721 0.759121 -0.013307
0 0 834 36.7941 -0.560569 0.759102 -0.00735761
0 0 835 36.7931 -0.561199 0.757588 -0.00911235
0 0 836 36.7941 -0.561488 0.758306 -0.00892852
0 0 837 36.7922 -0.562696 0.757529 -0.0105997
0 0 838 36.7947 -0.559597 0.756501 -0.0111178
0 0 839 36.7933 -0.560516 0.759606 -0.0119533
0 0 840 36.7932 -0.562118 0.75916 -0.0135577
0 0 841 36.7966 -0.563432 0.760305 -0.00862771
0 0 842 36.7953 -0.563747 0.756345 -0.00907892
0 0 843 36.7936 -0.560201 0.755297 -0.0121539
0 0 844 36.7978 -0.558625 0.760111 -0.00887838
0 0 845 36.794 -0.563642 0.758384 -0.010232
0 0 846 36.7927 -0.561436 0.756287 -0.0138585
0 0 847 36.7942 -0.560884 0.758209 -0.0120035
0 0 848 36.7937 -0.562801 0.761237 -0.0106331
0 0 849 36.7902 -0.560175 0.758189 -0.00824334
0 0 850 36.7926 -0.566426 0.759587 -0.0111846
0 0 851 36.7958 -0.559361 0.760441 -0.0101652
0 0 852 36.7945 -0.562013 0.760985 -0.00919591
0 0 853 36.7909 -0.561672 0.758325 -0.0112013
0 0 854 36.7923 -0.559728 0.756986 -0.00901207
0 0 855 36.7933 -0.562434 0.757937 -0.0096137
0 0 856 36.7946 -0.559807 0.756501 -0.00964712
0 0 857 36.7942 -0.560437 0.757335 -0.0113016
0 0 858 36.7927 -0.55852 0.757355 -0.0090455
0 0 859 36.7936 -0.561147 0.759568 -0.0113684
0 0 860 36.7949 -0.563353 0.758073 -0.00941316
0 0 861 36.7918 -0.560411 0.760849 -0.0115021
0 0 862 36.7924 -0.560175 0.758869 -0.0123711
0 0 863 36.7939 -0.560437 0.757957 -0.0098978
0 0 864 36.7935 -0.562749 0.759859 -0.0112347
0 0 865 36.7958 -0.563248 0.75652 -0.0114854
0 0 866 36.7944 -0.561803 0.756481 -0.011569
0 0 867 36.7953 -0.560411 0.755705 -0.00892852
0 0 868 36.7918 -0.5607 0.756229 -0.00809293
0 0 869 36.7927 -0.557785 0.757937 -0.00757486
0 0 870 36.7931 -0.560884 0.757627 -0.0114019
0 0 871 36.7957 -0.559702 0.756171 -0.00922933
0 0 872 36.7946 -0.562933 0.754152 -0.0106665
0 0 873 36.7936 -0.562486 0.757238 -0.011686
0 0 874 36.795 -0.559676 0.758481 -0.0125884
0 0 875 36.7951 -0.563642 0.758558 -0.00842717
0 0 876 36.7936 -0.561199 0.760946 -0.0122542
0 0 877 36.7934 -0.562618 0.756035 -0.0105328
0 0 878 36.7913 -0.560726 0.762188 -0.0111345
0 0 879 36.7937 -0.563905 0.75685 -0.00836032
0 0 880 36.793 -0.563511 0.756365 -0.0130229
0 0 881 36.7953 -0.564351 0.757044 -0.0107167
0 0 882 36.7933 -0.560516 0.760053 -0.00846059
0 0 883 36.7942 -0.563064 0.75751 -0.00942987
0 0 884 36.7933 -0.56204 0.757355 -0.0114687
0 0 885 36.794 -0.557732 0.757529 -0.007625
0 0 886 36.7919 -0.562276 0.758927 -0.0126051
0 0 887 36.791 -0.561068 0.76081 -0.0104493
0 0 888 36.794 -0.563038 0.756792 -0.0115188
0 0 889 36.7931 -0.562434 0.759568 -0.0100315
0 0 890 36.7926 -0.564036 0.760092 -0.00622121
0 0 891 36.7948 -0.558993 0.761121 -0.00902878
0 0 892 36.7949 -0.561225 0.756151 -0.00836032
0 0 893 36.7954 -0.562486 0.759684 -0.00939645
0 0 894 36.7907 -0.561646 0.758772 -0.0112347
0 0 895 36.7936 -0.56267 0.757704 -0.0114854
0 0 896 36.7931 -0.564955 0.75487 -0.00914577
0 0 897 36.794 -0.56225 0.759956 -0.00976411
0 0 898 36.7952 -0.560674 0.757957 -0.00867784
0 0 899 36.795 -0.560989 0.759296 -0.00867784
0 0 900 36.7936 -0.563957 0.755394 -0.00812636
0 0 901 36.7955 -0.56443 0.758403 -0.00984766
0 0 902 36.7943 -0.562959 0.759684 -0.00678941
0 0 903 36.7951 -0.562696 0.754909 -0.00882825
0 0 904 36.7915 -0.559728 0.759898 -0.0077754
0 0 905 36.7935 -0.559124 0.756365 -0.0084773
0 0 906 36.7949 -0.564088 0.753977 -0.0120369
0 0 907 36.7919 -0.560385 0.758694 -0.0128892
0 0 908 36.7931 -0.561042 0.758054 -0.0101652
0 0 909 36.7915 -0.558888 0.756617 -0.0117361
0 0 910 36.7937 -0.564876 0.757277 -0.0105496
0 0 911 36.7947 -0.564062 0.754249 -0.0070568
0 0 912 36.7936 -0.561383 0.759044 -0.0115021
0 0 913 36.7937 -0.562276 0.7585 -0.0108337
0 0 914 36.795 -0.563012 0.758325 -0.0119032
0 0 915 36.7949 -0.564745 0.757724 -0.0110509
0 0 916 36.7943 -0.562985 0.754754 -0.0104326
0 0 917 36.7912 -0.560227 0.757335 -0.012321
0 0 918 36.7932 -0.564272 0.753938 -0.00892852
0 0 919 36.7937 -0.561882 0.754656 -0.0100482
0 0 920 36.7933 -0.56288 0.758869 -0.0106164
0 0 921 36.7963 -0.559492 0.758947 -0.00764171
0 0 922 36.7942 -0.563195 0.757161 -0.0122207
0 0 923 36.7951 -0.559912 0.756132 -0.0101819
0 0 924 36.7913 -0.560858 0.758733 -0.00973068
0 0 925 36.7942 -0.562723 0.760247 -0.00994793
0 0 926 36.795 -0.562013 0.756928 -0.0119533
0 0 927 36.7961 -0.562801 0.756675 -0.0113183
0 0 928 36.7952 -0.562407 0.758908 -0.00912906
0 0 929 36.7956 -0.561935 0.756792 -0.00941316
0 0 930 36.7957 -0.560805 0.758733 -0.00994793
0 0 931 36.7935 -0.559124 0.757199 -0.00837703
0 0 932 36.7945 -0.560201 0.758442 -0.0156467
0 0 933 36.7946 -0.560621 0.755821 -0.0111679
0 0 934 36.7956 -0.564036 0.758752 -0.0133571
0 0 935 36.7923 -0.559781 0.753899 -0.012087
0 0 936 36.7954 -0.561961 0.756772 -0.0098978
0 0 937 36.7937 -0.563143 0.760014 -0.0117695
0 0 938 36.7958 -0.56506 0.758481 -0.00757486
0 0 939 36.7939 -0.561042 0.758364 -0.00727405
0 0 940 36.7946 -0.563143 0.754559 -0.0118531
0 0 941 36.7943 -0.559702 0.75916 -0.00785896
0 0 942 36.7968 -0.558599 0.759548 -0.00822663
0 0 943 36.7961 -0.562434 0.755181 -0.0108838
0 0 944 36.7953 -0.561698 0.756132 -0.0127388
0 0 945 36.7945 -0.558284 0.758384 -0.00906221
0 0 946 36.7953 -0.560937 0.760228 -0.00752473
0 0 947 36.7967 -0.561094 0.755006 -0.0136579
0 0 948 36.7925 -0.560595 0.758908 -0.0124547
0 0 949 36.7942 -0.560149 0.756054 -0.00772527
0 0 950 36.7974 -0.559807 0.760402 -0.00765842
0 0 951 36.7962 -0.563327 0.755976 -0.00857757
0 0 952 36.7952 -0.55894 0.760868 -0.00979753
0 0 953 36.7976 -0.56112 0.759548 -0.0102822
0 0 954 36.7984 -0.559019 0.756539 -0.0115523
0 0 955 36.7978 -0.560254 0.756734 -0.0114687
0 0 956 36.796 -0.559255 0.760849 -0.00485085
0 0 957 36.7971 -0.560989 0.758733 -0.0117027
0 0 958 36.8002 -0.558704 0.758209 -0.0106331
0 0 959 36.7972 -0.559702 0.758384 -0.0114186
0 0 960 36.7964 -0.562066 0.757665 -0.0118029
0 0 961 36.7985 -0.561199 0.756268 -0.00742446
0 0 962 36.7998 -0.561462 0.759044 -0.0091792
0 0 963 36.7971 -0.562145 0.760868 -0.0108838
0 0 964 36.802 -0.564798 0.757161 -0.00809293
0 0 965 36.8001 -0.559676 0.758384 -0.00800937
0 0 966 36.7958 -0.559255 0.758267 -0.0121205
0 0 967 36.801 -0.560516 0.75817 -0.00914577
0 0 968 36.7991 -0.560359 0.757083 -0.00886167
0 0 969 36.8008 -0.560779 0.757083 -0.0102989
0 0 970 36.7993 -0.560306 0.755841 -0.0119701
0 0 971 36.7987 -0.560937 0.759063 -0.0127722
0 0 972 36.8 -0.559019 0.759102 -0.00774198
0 0 973 36.8005 -0.563458 0.758752 -0.00994793
0 0 974 36.799 -0.561409 0.760072 -0.0106498
0 0 975 36.8 -0.560753 0.760499 -0.00887838
0 0 976 36.7996 -0.561672 0.756928 -0.00934631
0 0 977 36.8021 -0.559203 0.763683 -0.0125383
0 0 978 36.803 -0.560411 0.757432 -0.0109841
0 0 979 36.8011 -0.56267 0.757568 -0.00974739
0 0 980 36.8016 -0.559492 0.760247 -0.00953014
0 0 981 36.8042 -0.558835 0.757801 -0.00769185
0 0 982 36.8059 -0.562644 0.756384 -0.00859428
0 0 983 36.8029 -0.560122 0.758151 -0.0109005
0 0 984 36.8056 -0.558047 0.758655 -0.00573657
0 0 985 36.8035 -0.563038 0.757743 -0.0084773
0 0 986 36.807 -0.563773 0.758752 -0.00976411
0 0 987 36.8048 -0.560227 0.756714 -0.0105663
0 0 988 36.8059 -0.563616 0.756986 -0.0109506
0 0 989 36.8083 -0.561436 0.753977 -0.0114019
0 0 990 36.8096 -0.562854 0.75157 -0.00981424
0 0 991 36.8115 -0.563957 0.754326 -0.00871126
0 0 992 36.8113 -0.562118 0.752288 -0.00944658
0 0 993 36.8111 -0.561935 0.750502 -0.00942987
0 0 994 36.8197 -0.561357 0.749008 -0.0093296
0 0 995 36.82 -0.566689 0.749357 -0.0138585
0 0 996 36.8255 -0.562775 0.744601 -0.0139253
0 0 997 36.8261 -0.566032 0.740952 -0.0111846
0 0 998 36.8329 -0.565717 0.735633 -0.0138752
0 0 999 36.8392 -0.568291 0.729906 -0.00909563
0 0 1000 36.852 -0.571469 0.71723 -0.0104159
0 0 1001 36.8712 -0.569841 0.707466 -0.0144434
0 0 1002 36.8872 -0.570655 0.692596 -0.0107668
0 0 1003 36.8895 -0.572625 0.694402 -0.0108671
0 0 1004 36.8928 -0.566899 0.696304 -0.0116358
0 0 1005 36.8947 -0.569026 0.702516 -0.011101
0 0 1006 36.8896 -0.564272 0.713736 -0.00981424
0 0 1007 36.8834 -0.559886 0.724801 -0.0128391
0 0 1008 36.8802 -0.563773 0.73573 -0.0123711
0 0 1009 36.8832 -0.561147 0.748542 -0.0121873
0 0 1010 36.8838 -0.55831 0.765178 -0.0138418
0 0 1011 36.889 -0.560043 0.78327 -0.0138084
0 0 1012 36.892 -0.561646 0.796547 -0.00787567
0 0 1013 36.8998 -0.563931 0.811766 -0.0107
0 0 1014 36.9116 -0.569893 0.829994 -0.00937974
0 0 1015 36.9224 -0.577641 0.844553 -0.0100983
0 0 1016 36.9456 -0.585863 0.861616 -0.0138251
0 0 1017 36.9745 -0.599153 0.881708 -0.0157469
0 0 1018 37.0058 -0.612417 0.905196 -0.00879482
0 0 1019 37.0553 -0.63905 0.931169 -0.00518508
0 0 1020 37.1188 -0.66613 0.959879 -0.0008066
0 0 1021 37.199 -0.712568 0.991579 0.0129639
0 0 1022 37.313 -0.775579 1.01817 0.036327
0 0 1023 37.4645 -0.862807 1.03005 0.0789921
