0 0 0 0.56606
0 0 1 0.694224
0 0 2 1.1394
0 0 3 1.9691
0 0 4 1.98686
0 0 5 2.1178
0 0 6 1.97869
0 0 7 1.7278
0 0 8 1.17269
0 0 9 0.922737
0 0 10 0.813743
0 0 11 0.783619
0 0 12 0.462973
0 0 13 0.181527
0 0 14 -0.0802789
0 0 15 -0.107665
0 0 16 0.0944019
0 0 17 -0.0154925
0 0 18 -0.0561014
0 0 19 0.242675
0 0 20 0.181997
0 0 21 -0.181097
0 0 22 0.465711
0 0 23 0.0287157
0 0 24 0.00684632
0 0 25 -0.237629
0 0 26 -0.255899
0 0 27 -0.148704
0 0 28 -0.250852
0 0 29 0.0387701
0 0 30 -0.115841
0 0 31 -0.0118541
0 0 32 0.107625
0 0 33 -0.181097
0 0 34 -0.00594665
0 0 35 -0.288722
0 0 36 0.388171
0 0 37 -0.0114238
0 0 38 -0.0145927
0 0 39 0.457965
0 0 40 0.390909
0 0 41 -0.0624783
0 0 42 0.149603
0 0 43 0.11678
0 0 44 -0.142757
0 0 45 -0.111733
0 0 46 -0.125426
0 0 47 -0.0871253
0 0 48 -0.0697942
0 0 49 -0.156919
0 0 50 -0.109464
0 0 51 0.0789095
0 0 52 -0.153711
0 0 53 -0.0985099
0 0 54 -0.0579401
0 0 55 0.224875
0 0 56 0.181097
0 0 57 0.221667
0 0 58 -0.177419
0 0 59 0.441064
0 0 60 0.140957
0 0 61 0.023708
0 0 62 -0.335239
0 0 63 -0.00684646
0 0 64 0.355308
0 0 65 0.156919
0 0 66 0.0611089
0 0 67 0.121318
0 0 68 -0.0647865
0 0 69 0.246314
0 0 70 0.258168
0 0 71 0.478935
0 0 72 0.161457
0 0 73 0.198858
0 0 74 0.131372
0 0 75 0.0132233
0 0 76 0.231721
0 0 77 0.158719
0 0 78 0.3138
0 0 79 -0.0200698
0 0 80 -0.0510937
0 0 81 -0.305623
0 0 82 -0.0465164
0 0 83 -0.0123236
0 0 84 0.201167
0 0 85 -0.439695
0 0 86 -0.0369315
0 0 87 0.290561
0 0 88 -0.0159619
0 0 89 0.355308
0 0 90 -0.0889641
0 0 91 0.0424085
0 0 92 0.105356
0 0 93 0.0821175
0 0 94 0.100349
0 0 95 -0.446072
0 0 96 0.0702244
0 0 97 0.119518
0 0 98 0.0232777
0 0 99 0.0944019
0 0 100 -0.3138
0 0 101 0.0898637
0 0 102 -0.359886
0 0 103 -0.162827
0 0 104 0.210712
0 0 105 0.0748017
0 0 106 -0.0392397
0 0 107 -0.119049
0 0 108 -0.288722
0 0 109 0.112203
0 0 110 0.320216
0 0 111 0.0196002
0 0 112 0.0310239
0 0 113 -0.0798095
0 0 114 -0.0907637
0 0 115 0.212551
0 0 116 -0.0497245
0 0 117 -0.141388
0 0 118 0.0173311
0 0 119 0.0839172
0 0 120 0.329331
0 0 121 -0.0269162
0 0 122 0.107195
0 0 123 0.0360315
0 0 124 0.0104847
0 0 125 0.0319237
0 0 126 0.0980794
0 0 127 0.338916
0 0 128 0.171942
0 0 129 -0.0871253
0 0 130 -0.0118541
0 0 131 0.0478856
0 0 132 -0.0424086
0 0 133 0.0866557
0 0 134 -0.132742
0 0 135 -0.0994488
0 0 136 0.0798093
0 0 137 -0.0159619
0 0 138 0.011854
0 0 139 -0.018231
0 0 140 0.00457723
0 0 141 -0.0328236
0 0 142 -0.0387702
0 0 143 -0.235829
0 0 144 0.0611089
0 0 145 0.3512
0 0 146 -0.323385
0 0 147 -0.127265
0 0 148 0.341655
0 0 149 0.439265
0 0 150 -0.0916635
0 0 151 -0.0291853
0 0 152 -0.0597397
0 0 153 0.21529
0 0 154 0.236259
0 0 155 -0.161458
0 0 156 -0.156919
0 0 157 -0.0428781
0 0 158 -0.0862255
0 0 159 -0.134541
0 0 160 -0.0506243
0 0 161 -0.229882
0 0 162 -0.131373
0 0 163 0.0341928
0 0 164 -0.256329
0 0 165 0.300576
0 0 166 0.0606785
0 0 167 -0.162397
0 0 168 -0.0241776
0 0 169 -0.0383008
0 0 170 0.215759
0 0 171 -0.00273863
0 0 172 -0.0200698
0 0 173 -0.0447168
0 0 174 -0.0433475
0 0 175 -0.25316
0 0 176 0.373578
0 0 177 -0.129534
0 0 178 -0.0154925
0 0 179 0.15645
0 0 180 0.249052
0 0 181 -0.120888
0 0 182 -0.167874
0 0 183 0.0620478
0 0 184 -0.362624
0 0 185 -0.130903
0 0 186 -0.0967103
0 0 187 0.190643
0 0 188 0.0967101
0 0 189 -0.0378704
0 0 190 0.181997
0 0 191 0.361724
0 0 192 -0.0798095
0 0 193 0.170143
0 0 194 0.0807483
0 0 195 0.324284
0 0 196 0.172412
0 0 197 0.111733
0 0 198 0.0715936
0 0 199 0.19612
0 0 200 -0.0219085
0 0 201 -0.210282
0 0 202 -0.194751
0 0 203 0.0533627
0 0 204 0.201167
0 0 205 0.206605
0 0 206 -0.0228083
0 0 207 -0.0164314
0 0 208 0.17605
0 0 209 0.0893943
0 0 210 -0.147804
0 0 211 0.0538322
0 0 212 0.0104847
0 0 213 -0.0260164
0 0 214 0.0802788
0 0 215 -0.129534
0 0 216 0.138219
0 0 217 -0.27366
0 0 218 -0.158289
0 0 219 0.106725
0 0 220 0.470719
0 0 221 0.0889248
0 0 222 0.00958488
0 0 223 0.133642
0 0 224 0.157819
0 0 225 0.0770708
0 0 226 0.154181
0 0 227 -0.114941
0 0 228 0.328392
0 0 229 0.0693246
0 0 230 0.171942
0 0 231 -0.138649
0 0 232 0.159188
0 0 233 0.164665
0 0 234 0.103987
0 0 235 0.17605
0 0 236 0.0957712
0 0 237 0.00183868
0 0 238 -0.312
0 0 239 0.151442
0 0 240 0.274599
0 0 241 0.170143
0 0 242 -0.409141
0 0 243 0.202966
0 0 244 0.483473
0 0 245 0.19612
0 0 246 0.187474
0 0 247 -0.0104848
0 0 248 -0.00911555
0 0 249 0.0748017
0 0 250 0.13728
0 0 251 -0.202966
0 0 252 0.307423
0 0 253 0.279137
0 0 254 0.393179
0 0 255 0.389071
