0 0 0 0.0512134
0 0 1 -0.0305551
0 0 2 -0.000681996
0 0 3 0.014687
0 0 4 0.0444437
0 0 5 0.0209078
0 0 6 0.0129405
0 0 7 0.0110943
0 0 8 -0.0439614
0 0 9 0.0190449
0 0 10 -0.0265132
0 0 11 0.0426972
0 0 12 -0.0151861
0 0 13 0.0287586
0 0 14 0.0371417
0 0 15 0.0161008
0 0 16 -0.0115933
0 0 17 0.0552386
0 0 18 0.0625405
0 0 19 -0.0445103
0 0 20 -0.0184462
0 0 21 -0.00384229
0 0 22 -0.024667
0 0 23 -0.00199601
0 0 24 0.00269453
0 0 25 -0.0203091
0 0 26 -0.0498495
0 0 27 -0.0182299
0 0 28 -0.0363268
0 0 29 0.0436785
0 0 30 0.0382395
0 0 31 0.0226376
0 0 32 0.00400854
0 0 33 -0.000349333
0 0 34 0.0757306
0 0 35 0.0076013
0 0 36 0.0748656
0 0 37 -0.0290248
0 0 38 0.0785748
0 0 39 0.0920809
0 0 40 0.0533923
0 0 41 0.072354
0 0 42 -0.00984685
0 0 43 0.0830325
0 0 44 -0.0635885
0 0 45 -0.00177978
0 0 46 0.10725
0 0 47 -0.0455914
0 0 48 0.0315863
0 0 49 0.0251492
0 0 50 0.00324342
0 0 51 -0.00896529
0 0 52 -0.0851783
0 0 53 -0.00951418
0 0 54 -0.0196604
0 0 55 -0.0653349
0 0 56 0.0510969
0 0 57 -0.000898227
0 0 58 -0.00417495
0 0 59 0.0588313
0 0 60 0.0660335
0 0 61 0.5952
0 0 62 0.999967
0 0 63 0.703132
0 0 64 0.702683
0 0 65 0.86948
0 0 66 0.801234
0 0 67 0.380765
0 0 68 0.148567
0 0 69 0.0230867
0 0 70 0.0854443
0 0 71 0.0825003
0 0 72 0.0439114
0 0 73 0.055355
0 0 74 0.0292909
0 0 75 0.0392209
0 0 76 0.0494669
0 0 77 0.0541574
0 0 78 0.0756308
0 0 79 0.0326674
0 0 80 0.0685451
0 0 81 -0.0333827
0 0 82 0.02974
0 0 83 0.0629896
0 0 84 0.055671
0 0 85 -0.000898227
0 0 86 -0.0900684
0 0 87 0.0478368
0 0 88 0.0207914
0 0 89 0.0648359
0 0 90 0.0525107
0 0 91 0.00683618
0 0 92 0.00824999
0 0 93 -3.33041e-05
0 0 94 -0.0271786
0 0 95 -0.00460741
0 0 96 0.0839141
0 0 97 0.0344139
0 0 98 -0.0148534
0 0 99 0.0501156
0 0 100 -0.00721881
0 0 101 -0.0026447
0 0 102 0.0487017
0 0 103 0.00705241
0 0 104 -0.0164835
0 0 105 -0.0435289
0 0 106 -0.0210742
0 0 107 0.0358443
0 0 108 -0.0805875
0 0 109 -0.0124582
0 0 110 -0.0536585
0 0 111 -0.0185626
0 0 112 -0.0431963
0 0 113 -0.0465728
0 0 114 -0.0755809
0 0 115 -0.0165999
0 0 116 -0.0382895
0 0 117 -0.0498495
0 0 118 0.0225378
0 0 119 0.0148034
0 0 120 -0.0200929
0 0 121 0.0221054
0 0 122 -0.0113605
0 0 123 0.0148034
0 0 124 0.00956401
0 0 125 -0.00156355
0 0 126 0.0205751
0 0 127 0.0675637
