0 0 0 -1.57693 1.03707 14.4431 3.5027
0 0 1 2.04842 -7.95402 25.833 4.38871
0 0 2 7.09364 -10.5313 13.1536 3.8411
0 0 3 11.4912 3.24461 0.715385 3.2289
0 0 4 3.85331 23.3692 -4.95633 -1.73389
0 0 5 -1.51239 19.9847 -1.9436 0.135302
0 0 6 5.49795 13.7171 12.7347 5.0335
0 0 7 6.96456 9.44834 27.0582 13.0087
0 0 8 2.25984 -1.13856 33.5669 13.7175
0 0 9 -1.60809 -5.92334 21.8865 5.2267
0 0 10 0.486115 0.681999 0.81222 -0.235678
0 0 11 -3.55763 -2.31414 -4.50575 -2.78109
0 0 12 -6.36177 -8.58171 -6.85744 2.51952
0 0 13 -0.673374 5.3072 -20.1178 -0.267689
0 0 14 5.1263 10.9457 -14.1892 -3.60308
0 0 15 5.19083 -11.885 -9.74171 -4.90808
0 0 16 11.9742 -21.1328 -4.55318 -2.8777
0 0 17 12.5395 -0.283469 -0.444648 1.5049
0 0 18 1.54991 9.0454 8.10936 -3.94148
0 0 19 -4.18522 1.85891 18.3244 2.3749
0 0 20 5.28876 -3.45781 16.7138 3.0677
0 0 21 3.43491 -3.7158 5.91972 -8.01769
0 0 22 3.98239 -17.5249 2.90601 6.20932
0 0 23 13.3273 -12.2069 15.9253 14.1531
0 0 24 16.2115 1.48789 16.5201 7.7241
0 0 25 4.93268 4.56515 5.19446 2.1977
0 0 26 4.28951 0.731203 -17.8619 -9.54848
0 0 27 -0.495333 -8.51787 -14.5913 -11.5789
0 0 28 -4.47676 -3.63601 -14.9461 -9.62908
0 0 29 -4.13849 8.6265 -0.574089 -2.50729
0 0 30 -4.44338 8.15839 14.1526 -6.71268
0 0 31 1.43641 1.40809 9.96206 -2.66848
0 0 32 2.37112 -20.682 -1.29936 2.1977
0 0 33 2.04842 -24.1954 1.89123 7.5469
0 0 34 -0.368479 -10.5472 13.7821 9.41609
0 0 35 -5.08878 12.2184 3.22813 2.42292
0 0 36 -1.30097 2.80975 7.32086 -4.79548
0 0 37 -3.47751 3.47069 16.1179 -0.396303
0 0 38 -7.98861 13.7823 -11.9817 3.19632
0 0 39 0.937893 13.4272 -13.1418 -2.42669
0 0 40 -0.0279769 -4.63472 -0.670923 -7.43749
0 0 41 -5.29798 8.36851 -6.42267 -14.7845
0 0 42 -4.21861 6.30592 -8.91961 -7.77589
0 0 43 -4.68596 -10.2254 1.71436 -4.58569
0 0 44 -5.21786 -9.82245 1.69756 -2.86169
0 0 45 -6.65108 -7.88886 0.940673 -1.39549
0 0 46 -4.7505 -2.34606 -0.686733 0.231905
0 0 47 -10.5657 1.44001 2.77756 2.48751
0 0 48 -8.58282 -1.33139 11.0589 1.55291
0 0 49 0.535076 0.360176 18.1149 -6.0679
0 0 50 2.88744 13.1852 6.85348 -0.187091
0 0 51 1.18047 20.4369 -12.0134 5.59711
0 0 52 1.42083 3.13157 -14.1239 5.5491
0 0 53 -0.17486 7.09584 -12.5618 3.69591
0 0 54 1.35629 14.168 -23.421 -3.0709
0 0 55 1.69456 -3.23307 -20.2472 -6.3417
0 0 56 3.04767 4.92022 -2.65207 -0.299699
0 0 57 4.78802 9.07731 12.2999 14.4589
0 0 58 -5.52275 -3.63601 19.7275 12.0741
0 0 59 -8.84098 1.48789 11.0747 1.39172
0 0 60 4.9171 6.96685 5.3071 2.8905
0 0 61 4.56324 3.93746 -1.00885 2.06851
0 0 62 2.25984 -8.33967 -2.73309 -10.0001
0 0 63 1.16267 -8.03381 -9.00063 -14.286
0 0 64 5.19083 -5.44061 -1.70152 -8.34008
0 0 65 -0.528716 -2.47505 7.80404 -7.87249
0 0 66 5.78727 10.3021 3.51863 -7.08309
0 0 67 11.2487 20.1456 -10.4828 -3.61909
0 0 68 7.28504 8.57729 -7.5669 -5.79409
0 0 69 5.11072 0.102186 9.30299 -12.8839
0 0 70 0.793235 -13.0128 6.29026 -13.8019
0 0 71 -2.07544 -13.0128 0.424883 -6.40629
0 0 72 -6.74678 -17.1539 2.53547 -3.11949
0 0 73 -14.4982 -24.5332 -4.48895 -2.8937
0 0 74 -9.21264 -14.9783 -17.1861 0.151307
0 0 75 4.88594 -6.89014 -6.34165 -3.0549
0 0 76 19.2093 -8.51787 5.24287 2.32631
0 0 77 11.6359 -9.50063 8.04612 3.19632
0 0 78 -1.09177 -6.93802 5.32291 -3.7477
0 0 79 -2.94562 5.78994 -14.0765 -6.97048
0 0 80 -3.13923 -8.90486 -26.4337 -4.82749
0 0 81 0.584037 -11.0313 -6.29422 -13.4321
0 0 82 7.28504 -17.1858 10.9936 -6.71268
0 0 83 2.03284 -1.60534 -10.7249 5.5491
0 0 84 -0.350675 10.995 -23.0989 -3.87688
0 0 85 7.47866 10.1891 -16.7503 -8.64589
0 0 86 7.47866 -6.18133 -5.29525 -7.08309
0 0 87 3.32141 -3.03891 4.95237 0.167313
0 0 88 2.69382 8.41638 -3.05522 5.66171
0 0 89 7.46308 9.59329 -10.8533 5.33931
0 0 90 1.82364 5.42024 -7.71215 -7.75989
0 0 91 -8.45597 -1.94312 -7.11533 -13.2543
0 0 92 -2.52722 -1.3633 1.37544 -7.58268
0 0 93 1.92157 -6.58428 9.51247 -2.39468
0 0 94 -0.076938 -12.2228 12.96 -1.54068
0 0 95 -4.02499 -7.22792 14.5063 5.50051
0 0 96 -8.80982 -0.525501 3.29335 8.2237
0 0 97 0.212378 7.43363 7.4335 8.78731
0 0 98 1.35629 11.2689 13.1052 2.24572
0 0 99 1.26059 9.23823 7.64298 2.14911
0 0 100 5.60923 5.87106 5.3071 -4.6017
0 0 101 8.60699 10.608 -2.23311 -2.05628
0 0 102 -7.18298 20.4369 -5.58476 5.0335
0 0 103 -8.84098 31.3762 -1.50884 12.8155
0 0 104 1.80807 30.0064 -8.14691 1.71411
0 0 105 4.93268 14.8941 -8.88799 -1.00908
0 0 106 0.808813 4.06646 -1.9436 -1.7659
0 0 107 1.88818 -3.39398 0.876446 -7.59869
0 0 108 -1.93078 -1.62129 8.93245 -4.94009
0 0 109 -15.9648 11.1067 8.4799 1.90732
0 0 110 -17.8298 22.7082 2.31018 3.42211
0 0 111 -9.77792 9.36722 14.8621 -0.299699
0 0 112 -6.05465 -6.89014 23.5465 -4.07009
0 0 113 -1.12515 -10.0326 12.7673 -4.4405
0 0 114 -1.72159 -16.4132 4.40496 -3.2321
0 0 115 -3.86475 -14.9463 8.28821 3.2289
0 0 116 -7.31206 1.66608 7.32086 0.183318
0 0 117 -2.0109 5.21012 0.779612 1.18251
0 0 118 -0.430793 -0.0906413 -11.7555 5.32331
0 0 119 1.98388 -10.7573 -7.34062 1.9399
0 0 120 9.3325 2.14882 -10.4512 1.18251
0 0 121 2.54916 16.7944 -9.33856 -2.50729
0 0 122 -1.78613 6.35379 0.328049 -0.0904871
0 0 123 -0.706756 -6.58428 0.924863 -4.55368
0 0 124 7.78578 9.81804 8.5461 -6.74469
0 0 125 5.01502 13.4592 10.6083 -3.61909
0 0 126 0.147838 -2.63597 6.54816 3.3095
0 0 127 2.13076 -0.686412 6.85348 0.231905
0 0 128 6.51279 -3.58681 13.4916 0.167313
0 0 129 2.88744 -12.546 21.0486 2.7133
0 0 130 -6.18373 2.43872 1.87542 0.393102
0 0 131 -12.4997 20.0339 -10.1607 2.43949
0 0 132 -8.85878 19.486 -3.94155 -2.16889
0 0 133 -4.86178 10.5268 5.53239 -9.1775
0 0 134 -0.544294 -0.574705 10.7693 -9.30668
0 0 135 6.99572 -3.97379 15.7632 0.666907
0 0 136 3.74203 -6.40741 9.80198 5.1301
0 0 137 -1.63924 -3.765 -2.1847 -0.493478
0 0 138 -4.12068 -1.63725 -3.2805 -3.5865
0 0 139 -4.58804 -13.3186 0.779612 0.0386985
0 0 140 -1.54355 -17.6526 4.42077 5.51651
0 0 141 3.70865 -9.43547 10.0283 3.0677
0 0 142 6.60848 -6.37416 5.99976 -2.99088
0 0 143 1.88818 -0.461668 -1.79835 -0.928479
0 0 144 -0.544294 -0.493585 -14.7366 0.0221216
0 0 145 -0.915954 -1.79816 -24.8874 2.08452
0 0 146 0.470537 2.88954 -21.7294 5.77431
0 0 147 4.04692 -3.78096 -1.16992 8.3203
0 0 148 2.64486 -13.5287 5.46816 10.9789
0 0 149 -0.528716 -0.864611 2.63231 6.03211
0 0 150 -4.45896 6.8219 -0.75096 0.312504
0 0 151 4.67674 6.07984 5.67764 -1.97568
0 0 152 8.01055 6.03197 6.98292 1.29511
0 0 153 3.33921 -2.52426 1.89123 6.96671
0 0 154 -2.17114 -17.0568 -3.2805 5.87092
0 0 155 -5.65183 -20.8921 -11.8523 3.29292
0 0 156 -12.6933 -10.6124 -10.4828 6.53171
0 0 157 -4.15407 -10.4993 -0.170943 9.85109
0 0 158 6.62629 -14.1405 -0.461446 5.11409
0 0 159 11.4601 4.93617 2.16493 -0.606087
0 0 160 11.9586 18.2453 25.3498 0.441118
0 0 161 6.73756 9.834 37.9511 3.64789
0 0 162 5.2398 9.97895 25.4792 7.86929
0 0 163 -6.53758 3.48664 3.9702 8.7553
0 0 164 -11.4181 -15.0753 -9.75752 4.40472
0 0 165 -3.15481 -12.7867 -5.74582 5.9195
0 0 166 6.38371 7.3525 7.25663 7.49831
0 0 167 6.5929 11.9125 19.6781 2.34232
0 0 168 6.64186 5.7261 24.4318 -1.63729
0 0 169 3.80657 -2.49101 16.4559 -5.52029
0 0 170 3.01652 -19.0383 6.6608 -4.74689
0 0 171 6.14113 -22.8895 2.14912 1.39172
0 0 172 7.55877 -12.3518 -1.95941 1.11791
0 0 173 6.28801 -12.7867 -6.18059 -2.3621
0 0 174 2.1953 -22.4547 -10.4996 -4.15069
0 0 175 -4.78166 -21.4719 -3.57101 -4.23129
0 0 176 -9.55092 -5.14937 -1.21833 -5.27849
0 0 177 -6.02349 9.89916 2.50385 -4.5211
0 0 178 -4.94412 11.4777 7.99771 -6.5835
0 0 179 -10.6147 5.87106 14.7 -8.8391
0 0 180 -7.47229 4.45344 18.4696 -3.63509
0 0 181 0.470537 6.56391 12.5894 -4.39248
0 0 182 4.75686 0.731203 3.09968 -6.74469
0 0 183 10.3139 -10.0485 0.4733 -5.93928
0 0 184 8.44675 -5.76243 -3.5384 -0.235678
0 0 185 -0.415215 13.0895 -6.34165 6.83809
0 0 186 -2.02648 19.615 1.15015 4.3567
0 0 187 -1.10957 0.376134 12.6052 0.231905
0 0 188 11.6515 -13.4476 16.5053 -6.87388
0 0 189 39.0942 2.08499 11.4778 -4.07009
0 0 190 71.462 22.5633 0.344847 4.03431
0 0 191 86.5131 28.638 5.98395 5.85491
0 0 192 80.0502 12.8793 5.96814 -0.847881
0 0 193 73.9434 -4.44057 7.40188 -5.48828
0 0 194 75.4923 -7.68007 14.0241 1.39172
0 0 195 85.1733 0.360176 19.2275 5.09752
0 0 196 95.1146 4.24333 31.5383 9.39952
0 0 197 83.6911 -3.3461 38.1596 16.2955
0 0 198 71.689 -12.1271 32.4226 22.6765
0 0 199 72.4768 -0.461668 27.9762 22.3701
0 0 200 78.0361 25.3826 25.3992 14.8779
0 0 201 90.3476 43.5097 26.2529 8.17511
0 0 202 112.999 54.0633 21.7096 9.73791
0 0 203 125.07 46.8609 5.38714 7.56291
0 0 204 128.017 32.7459 -7.5669 0.135302
0 0 205 108.748 21.0326 -4.55318 2.6327
0 0 206 74.3618 13.0895 0.843839 10.0923
0 0 207 42.25 7.01472 9.39983 9.83452
0 0 208 21.3191 3.77655 9.19035 9.80251
0 0 209 15.6974 3.88959 5.14604 7.4663
0 0 210 13.6989 3.0837 10.0283 6.28991
0 0 211 1.74353 -6.21325 9.04411 5.32331
0 0 212 -1.86624 -11.53 -1.412 3.95371
0 0 213 3.11221 -1.21835 -2.36256 1.69811
0 0 214 1.21163 8.43234 -1.52464 -4.50509
0 0 215 -0.206017 6.91764 1.40805 -10.2733
0 0 216 0.728695 -0.412464 3.9534 -4.79548
0 0 217 -2.28464 7.22484 -2.44259 -2.4427
0 0 218 0.648577 17.7772 6.78926 -8.88769
0 0 219 8.88072 15.3608 21.7738 -0.476901
0 0 220 13.5854 10.3979 19.1801 9.64131
0 0 221 12.0543 11.3487 11.1073 19.2605
0 0 222 15.2123 12.8315 6.48294 13.0893
0 0 223 14.2331 11.2689 7.99771 -2.29808
0 0 224 5.93193 7.15968 12.8799 0.586309
0 0 225 3.00094 -1.15452 12.6704 5.61312
0 0 226 3.75761 2.1169 16.3432 5.43592
0 0 227 1.6456 6.90169 21.5001 5.67771
0 0 228 0.937893 9.12519 26.1403 -2.52329
0 0 229 -1.52797 12.1865 27.2519 -6.29369
0 0 230 -0.722335 14.652 20.9359 -2.65248
0 0 231 -1.23643 17.4234 13.5568 -0.734701
0 0 232 3.91785 10.6239 9.52828 -1.20228
0 0 233 10.5721 3.51856 9.28718 0.4737
0 0 234 6.27021 9.35126 11.4778 0.0221216
0 0 235 -1.14073 12.7836 7.15979 -2.1849
0 0 236 -7.4901 4.64627 7.22402 -7.98568
0 0 237 -4.60584 -11.4502 13.121 -5.79409
0 0 238 2.85405 -11.514 9.72195 0.747505
0 0 239 7.36738 -2.13727 5.72606 5.09752
0 0 240 5.44899 0.810994 -1.63729 4.9689
0 0 241 5.36888 1.21394 2.00387 5.43592
0 0 242 9.25238 -5.61748 6.88609 5.2913
0 0 243 3.78877 -7.50187 8.62515 5.87092
0 0 244 -5.00866 -5.34353 7.15979 -1.36348
0 0 245 -8.00419 -2.4591 0.199595 -1.12169
0 0 246 -7.39218 -4.23178 -5.35947 -1.20228
0 0 247 -7.81057 -7.00318 -2.44259 -6.45488
0 0 248 -0.544294 -6.68136 7.88407 -9.80628
0 0 249 -1.70378 -0.251553 11.5746 -10.4505
0 0 250 -1.10957 7.03068 9.8504 -8.61388
0 0 251 3.40375 10.592 6.69242 -2.00769
0 0 252 5.78727 10.1571 7.59456 1.73012
0 0 253 -4.50792 7.80465 4.06604 -1.28288
0 0 254 -8.4849 6.6437 -4.82787 -2.5553
0 0 255 -2.55838 10.6878 -10.0638 0.618319
0 0 256 4.44974 8.12647 -5.06897 -0.267689
0 0 257 6.33474 8.38446 -9.01644 9.9637
0 0 258 6.99572 3.35765 -13.0449 15.4415
0 0 259 5.41784 -8.59766 -5.90688 10.0283
0 0 260 -5.90999 -3.26498 11.2367 4.7757
0 0 261 -3.67113 4.61435 15.1842 7.49831
0 0 262 7.93043 -6.93802 8.98087 2.42292
0 0 263 13.1982 -16.4451 13.7821 -7.56668
0 0 264 7.39854 -3.39398 13.4115 -7.13168
0 0 265 -3.17039 8.98024 -4.03838 -6.13249
0 0 266 -0.286136 2.82571 -5.68159 -5.48828
0 0 267 6.99572 -6.51911 2.51966 -5.18189
0 0 268 2.6137 -8.2918 4.27552 -7.26029
0 0 269 0.615194 -7.10026 2.79337 -9.54848
0 0 270 -2.88108 3.06774 1.48808 -10.8695
0 0 271 -8.74306 13.6533 -5.66579 -3.10349
0 0 272 -8.32689 7.57858 -5.97111 0.263916
0 0 273 -3.62217 -1.42847 -3.03941 -0.44489
0 0 274 3.14559 -0.412464 0.650171 -4.0055
0 0 275 4.24054 5.96681 9.36623 -5.0367
0 0 276 2.37112 2.58368 12.6704 4.63051
0 0 277 0.3103 -7.42208 9.78518 11.0269
0 0 278 -1.72159 -11.8199 3.09968 9.1903
0 0 279 0.212378 -10.0804 -1.76574 0.521716
0 0 280 -0.0613595 -12.2401 -0.251968 -4.48909
0 0 281 1.09813 -13.0128 -6.34165 -6.5835
0 0 282 2.04842 -2.3301 -8.79116 -7.58268
0 0 283 2.83847 7.1118 -4.34469 -7.98568
0 0 284 8.55803 3.88959 -0.654126 -4.58569
0 0 285 5.09514 -0.396506 -4.63421 2.32631
0 0 286 -0.593255 -0.380548 -7.88902 9.48011
0 0 287 3.75761 -4.73047 -10.9502 9.48011
0 0 288 -2.60734 -19.6833 -13.4481 6.46711
0 0 289 -1.55913 -33.0881 -13.5123 1.61751
0 0 290 8.88072 -20.0051 -12.4965 4.1795
0 0 291 10.4764 2.93875 -10.3701 8.25571
0 0 292 11.8139 6.11309 0.98909 13.3151
0 0 293 2.03284 -5.03767 2.72914 11.6391
0 0 294 -2.1244 -2.749 0.29643 7.94932
0 0 295 1.22721 9.0454 1.71436 -1.13769
0 0 296 -1.34993 16.1348 -0.155134 -8.45269
0 0 297 -9.69558 12.7836 -8.40481 -11.0953
0 0 298 -6.81132 13.4113 -9.16169 -10.7889
0 0 299 -0.577677 13.9911 5.16185 -0.734701
0 0 300 3.69307 5.04921 11.5262 2.18169
0 0 301 1.67899 4.01725 13.8621 2.85792
0 0 302 -6.24827 5.69419 9.15774 -1.95968
0 0 303 -10.5991 0.280386 9.6093 -3.9249
0 0 304 -6.15257 -4.36078 16.2622 0.135302
0 0 305 -1.65705 -1.20239 12.3483 4.30811
0 0 306 -2.1244 -3.1679 -1.52464 3.19632
0 0 307 0.0187588 -7.50187 -3.74788 3.2289
0 0 308 -4.79724 -8.00189 -4.68262 6.72491
0 0 309 -12.2905 -8.79182 -2.62045 9.57672
0 0 310 -8.85878 0.0383537 -1.86258 10.2375
0 0 311 -5.97453 6.145 0.424883 9.4321
0 0 312 -9.19706 6.96685 14.7652 2.6327
0 0 313 -8.35805 2.77784 8.94727 -9.6931
0 0 314 -2.1066 4.58244 -2.73309 -12.5129
0 0 315 1.13151 12.4445 2.14912 -10.5317
0 0 316 3.35479 20.9515 -0.380421 -13.0771
0 0 317 0.873353 23.7389 -5.73001 -7.51809
0 0 318 -2.97677 21.0167 -3.31311 -0.476901
0 0 319 -1.6882 12.3647 7.46611 1.71411
0 0 320 1.67899 -2.12132 15.6338 11.0109
0 0 321 7.25388 -2.90991 16.7138 18.9541
0 0 322 6.60848 3.56643 12.3483 14.3623
0 0 323 0.759852 13.2823 9.51247 8.88392
0 0 324 -7.32764 19.3889 8.96407 4.2601
0 0 325 -13.2898 10.6239 1.10173 -5.00469
0 0 326 -3.9916 1.63284 1.21438 -9.80628
0 0 327 1.35629 -3.94187 4.06604 -5.6329
0 0 328 4.95048 -6.95397 3.51863 -0.525488
0 0 329 2.59812 -0.944402 -6.66476 -0.606087
0 0 330 -1.12515 13.9113 -6.31003 -1.57269
0 0 331 -3.02573 19.1802 -1.63729 -1.4275
0 0 332 -0.673374 8.46426 -6.5037 3.0517
0 0 333 1.32513 -7.11622 -6.97008 4.0989
0 0 334 -2.20452 -21.8589 4.14707 0.328509
0 0 335 -2.47826 -26.4349 17.6011 -2.4427
0 0 336 -3.36401 -16.09 15.618 -0.541494
0 0 337 -1.25423 -5.19858 2.31018 5.77431
0 0 338 -1.17411 -4.84351 -11.2723 4.9529
0 0 339 -6.28165 1.55305 -10.5638 5.5491
0 0 340 -11.0665 12.6546 -2.41097 2.8745
0 0 341 -8.77867 10.721 4.88815 0.924706
0 0 342 -4.71712 1.47193 5.06502 1.79471
0 0 343 -6.53758 -12.5619 1.58492 4.46931
0 0 344 -6.78016 -10.6603 -3.95735 3.47012
0 0 345 -5.24901 -5.9393 -10.4186 -0.686685
0 0 346 -9.39068 6.43491 -5.13419 -1.62128
0 0 347 -3.52647 24.4809 3.59867 -2.82968
0 0 348 3.72423 26.0914 2.10071 -4.66629
0 0 349 5.20641 13.3474 0.763802 -0.315705
0 0 350 8.46455 10.592 7.85246 8.59411
0 0 351 5.94751 19.6948 10.9936 8.6747
0 0 352 1.83922 4.77526 -1.50884 -5.60088
0 0 353 1.22721 -15.6552 -10.2901 -13.9311
0 0 354 9.1233 -7.454 8.06094 -10.3859
0 0 355 9.57286 -4.58552 9.80198 -3.47389
0 0 356 -1.54355 -19.0223 -7.63112 6.0001
0 0 357 -8.00419 -11.6749 -11.9165 8.33631
0 0 358 -6.66666 11.1399 -9.48382 11.1235
0 0 359 -3.34843 11.4458 -10.7891 10.1249
0 0 360 -3.20377 6.62774 -13.2702 7.22451
0 0 361 -5.60287 6.04793 -15.9292 6.53171
0 0 362 -5.21786 7.46554 -15.6387 8.8359
0 0 363 -4.18522 7.22484 -16.6061 8.9971
0 0 364 -5.79649 -3.65197 -18.5556 3.67991
0 0 365 2.1775 -10.0326 -5.19841 4.74311
0 0 366 3.54841 -11.5792 -1.25094 3.85711
0 0 367 -2.25348 -5.90739 -0.0909069 1.03732
0 0 368 1.30733 0.828282 9.8672 1.89131
0 0 369 6.90002 -4.5536 7.9819 5.24271
0 0 370 15.4704 -14.3825 4.05023 3.1323
0 0 371 11.104 -15.1392 2.34279 -0.44489
0 0 372 1.58329 -15.7203 0.279632 10.1249
0 0 373 7.34958 -21.0051 7.20821 10.3341
0 0 374 7.14038 -21.9387 12.6704 2.1171
0 0 375 -0.802453 -14.0766 -4.16683 -2.34609
0 0 376 -5.95895 -2.81417 -23.0505 -3.86088
0 0 377 -4.15407 8.80337 -19.6988 -6.92189
0 0 378 7.38296 13.4592 -18.5072 -7.85649
0 0 379 15.0209 5.83914 -12.9965 -7.95309
0 0 380 7.38296 8.54538 -1.47623 -2.1203
0 0 381 -1.62366 7.2408 -0.55828 6.72491
0 0 382 -3.58879 -1.79816 -1.78254 1.9399
0 0 383 -8.77867 -7.30904 5.37133 -6.39029
0 0 384 -8.80982 -15.9291 9.12612 -6.61608
0 0 385 -3.10585 -14.6564 -1.20252 -2.58789
0 0 386 0.937893 -9.03252 -12.207 -2.0237
0 0 387 7.78578 -3.02295 -9.69329 -1.0891
0 0 388 10.4608 -3.19982 -4.74685 -0.315705
0 0 389 0.759852 -10.3225 -2.00783 3.85711
0 0 390 -5.84545 -13.2056 -5.7142 9.2549
0 0 391 -6.05465 -4.50573 -6.66476 9.36751
0 0 392 3.29025 1.76183 3.08387 9.97971
0 0 393 7.0291 -3.50701 -3.07103 1.79471
0 0 394 0.292496 -16.719 -22.0999 -1.89509
0 0 395 -4.08953 -17.8308 -26.5948 -1.3309
0 0 396 -1.34993 -2.81417 -18.3777 -3.4093
0 0 397 -1.38331 9.97895 -16.6713 -2.76509
0 0 398 0.227956 4.45344 -12.5618 -3.24868
0 0 399 -3.83137 2.72863 -18.8451 -10.1121
0 0 400 -6.9582 1.11819 -18.2651 -11.6749
0 0 401 -8.19781 -0.928444 -13.9313 -13.1577
0 0 402 -8.06873 1.19798 -11.1112 -9.24266
0 0 403 -6.60212 3.72735 -8.08269 -3.47389
0 0 404 -2.44488 1.29506 -12.3839 -1.55669
0 0 405 1.69456 -0.0268087 -12.8681 0.393102
0 0 406 4.12704 6.65966 4.42077 -4.3599
0 0 407 6.49721 7.36979 12.5894 -7.7919
0 0 408 8.33325 7.09584 9.12612 -5.79409
