0 0 0 0.0154741
0 0 1 0.0327515
0 0 2 0.0230391
0 0 3 0.0261464
0 0 4 0.015588
0 0 5 0.0206964
0 0 6 -0.00105488
0 0 7 -0.0128985
0 0 8 -0.00660251
0 0 9 -0.00574027
0 0 10 0.00917813
0 0 11 0.0242267
0 0 12 0.00716081
0 0 13 -0.00765998
0 0 14 0.00533872
0 0 15 0.016011
0 0 16 0.000116462
0 0 17 -0.0105395
0 0 18 -0.0184299
0 0 19 -0.000306524
0 0 20 0.0075838
0 0 21 0.0145143
0 0 22 0.0280661
0 0 23 0.0295466
0 0 24 0.0425615
0 0 25 0.0242267
0 0 26 0.00842977
0 0 27 0.00193856
0 0 28 0.0123831
0 0 29 0.0117486
0 0 30 0.000653329
0 0 31 -0.00393445
0 0 32 -0.00691162
0 0 33 -0.0106534
0 0 34 0.00950351
0 0 35 0.00608708
0 0 36 0.0281637
0 0 37 0.0298719
0 0 38 0.0215586
0 0 39 0.0033214
0 0 40 -0.010751
0 0 41 0.00385826
0 0 42 0.025821
0 0 43 0.0234783
0 0 44 0.00140169
0 0 45 1.88496e-05
0 0 46 0.0191997
0 0 47 0.0337113
0 0 48 0.0374369
0 0 49 0.0337113
0 0 50 0.0134405
0 0 51 -0.00990506
0 0 52 -0.0365695
0 0 53 -0.0219602
0 0 54 0.0017108
0 0 55 0.00982888
0 0 56 0.00629857
0 0 57 -0.00468281
0 0 58 -0.0219602
0 0 59 -0.00264922
0 0 60 0.0176053
0 0 61 0.00257304
0 0 62 0.00865753
0 0 63 0.00257304
0 0 64 -0.00831073
0 0 65 0.00203617
0 0 66 0.00704693
0 0 67 -0.000843392
0 0 68 -0.0150297
0 0 69 -0.00585415
0 0 70 0.0144004
0 0 71 0.0259186
0 0 72 -0.00297459
0 0 73 -0.023766
0 0 74 -0.0266456
0 0 75 -0.0257996
0 0 76 -0.0263202
0 0 77 -0.0294275
0 0 78 -0.0189667
0 0 79 -0.00861983
0 0 80 0.0161086
0 0 81 0.032117
0 0 82 0.0293351
0 0 83 0.00459036
0 0 84 -0.0136306
0 0 85 -0.0144928
0 0 86 -0.013533
0 0 87 -0.00552878
0 0 88 0.00193856
0 0 89 0.0123831
0 0 90 0.0170685
0 0 91 0.0189882
0 0 92 0.00800679
0 0 93 0.00182468
0 0 94 0.0225185
0 0 95 0.0405279
0 0 96 0.0314663
0 0 97 0.00779529
0 0 98 -0.00798535
0 0 99 -0.0212118
0 0 100 -0.0254742
0 0 101 -0.0186414
0 0 102 -0.0158757
0 0 103 -0.0129961
0 0 104 -0.00713938
0 0 105 -0.0100189
0 0 106 0.00917813
0 0 107 0.0151487
0 0 108 0.0134405
0 0 109 0.00257304
0 0 110 -0.00809924
0 0 111 -0.00447131
0 0 112 0.0017108
0 0 113 0.0146281
0 0 114 0.00737231
0 0 115 -0.00840834
0 0 116 -0.0152412
0 0 117 -0.0111903
0 0 118 -0.00435743
0 0 119 0.0107887
0 0 120 0.0137659
0 0 121 0.0115371
0 0 122 0.00533872
0 0 123 -0.0118248
0 0 124 -0.0171609
0 0 125 -0.0303874
0 0 126 -0.0325186
0 0 127 -0.0462656
0 0 128 -0.0289883
0 0 129 -0.0128985
0 0 130 -0.0125731
0 0 131 -0.0239775
0 0 132 -0.0027631
0 0 133 0.0169708
0 0 134 0.0247473
0 0 135 0.0103495
0 0 136 -0.00927058
0 0 137 -0.013533
0 0 138 -0.00425982
0 0 139 0.00193856
0 0 140 0.00790917
0 0 141 0.0011902
0 0 142 -0.0138584
0 0 143 0.0036305
0 0 144 0.0298719
0 0 145 0.0485321
0 0 146 0.0453272
0 0 147 0.0186791
0 0 148 0.00961739
0 0 149 0.00203617
0 0 150 -0.00948208
0 0 151 -0.00852222
0 0 152 0.00854365
0 0 153 0.0118462
0 0 154 0.0203873
0 0 155 0.0245358
0 0 156 0.0324261
0 0 157 0.043196
0 0 158 0.0376484
0 0 159 0.0257071
0 0 160 0.0107887
0 0 161 0.019102
0 0 162 0.016011
0 0 163 0.0127084
0 0 164 0.00245916
0 0 165 0.016011
0 0 166 0.00961739
0 0 167 0.0054526
0 0 168 0.038836
0 0 169 0.0567478
0 0 170 0.0414878
0 0 171 0.0548281
0 0 172 0.0621816
0 0 173 0.0285867
0 0 174 0.0257071
0 0 175 0.0537544
0 0 176 0.0789221
0 0 177 0.0832984
0 0 178 0.0743343
0 0 179 0.0839328
0 0 180 0.0757334
0 0 181 0.0669808
0 0 182 0.0887321
0 0 183 0.0862755
0 0 184 0.0866009
0 0 185 0.0925715
0 0 186 0.113151
0 0 187 0.133943
0 0 188 0.160184
0 0 189 0.221924
0 0 190 0.301364
0 0 191 0.392648
0 0 192 0.493319
0 0 193 0.608387
0 0 194 0.725798
0 0 195 0.799366
0 0 196 0.884467
0 0 197 0.947281
0 0 198 0.983641
0 0 199 0.999877
0 0 200 0.994102
0 0 201 0.998364
0 0 202 0.985463
0 0 203 0.956977
0 0 204 0.917525
0 0 205 0.868686
0 0 206 0.81814
0 0 207 0.761947
0 0 208 0.71864
0 0 209 0.669802
0 0 210 0.598366
0 0 211 0.53129
0 0 212 0.456535
0 0 213 0.38562
0 0 214 0.333902
0 0 215 0.28612
0 0 216 0.236436
0 0 217 0.191648
0 0 218 0.148878
0 0 219 0.109003
0 0 220 0.0663464
0 0 221 0.0406418
0 0 222 0.0501265
0 0 223 0.0564225
0 0 224 0.0285867
0 0 225 0.0100404
0 0 226 0.019948
0 0 227 0.0308318
0 0 228 0.0309294
0 0 229 0.036054
0 0 230 0.0448066
0 0 231 0.0354196
0 0 232 0.0200619
0 0 233 0.0115371
0 0 234 0.0017108
0 0 235 0.00406976
0 0 236 0.0247473
0 0 237 0.0349966
0 0 238 0.0424476
0 0 239 0.0328491
0 0 240 0.0241128
0 0 241 0.0357287
0 0 242 0.0389336
0 0 243 0.0235759
0 0 244 0.0143028
0 0 245 0.00673783
0 0 246 0.0108863
0 0 247 0.0120577
0 0 248 0.0317916
0 0 249 0.0404303
0 0 250 0.0121716
0 0 251 0.0189882
0 0 252 0.0398935
0 0 253 0.0563248
0 0 254 0.0424476
0 0 255 0.0235759
0 0 256 0.016857
0 0 257 0.0171823
0 0 258 0.000230343
0 0 259 -0.0134191
0 0 260 -0.0176978
0 0 261 -0.013956
0 0 262 0.0210217
0 0 263 0.0519486
0 0 264 0.0473608
0 0 265 0.0187767
0 0 266 -0.00318609
0 0 267 0.00587558
0 0 268 -0.0106534
0 0 269 -0.0238799
0 0 270 -0.0147043
0 0 271 0.00406976
0 0 272 -0.00873371
0 0 273 -0.00852222
0 0 274 -0.0048943
0 0 275 -0.010751
0 0 276 0.0033214
0 0 277 0.0261464
0 0 278 0.0204849
0 0 279 0.00416737
0 0 280 -0.00765998
0 0 281 -0.00531729
0 0 282 -0.00222623
0 0 283 -0.00574027
0 0 284 -0.00222623
0 0 285 0.00875515
0 0 286 0.0358425
0 0 287 0.0424476
0 0 288 0.0387221
0 0 289 0.0228276
0 0 290 0.0225185
0 0 291 0.00961739
0 0 292 -0.00147787
0 0 293 -0.00297459
0 0 294 0.00938962
0 0 295 0.0229415
0 0 296 0.00704693
0 0 297 -0.0169494
0 0 298 -0.0173724
0 0 299 -0.0030722
0 0 300 0.0377623
0 0 301 0.0440582
0 0 302 0.0295466
0 0 303 0.0247473
0 0 304 0.0394705
0 0 305 0.0318892
0 0 306 0.0184676
0 0 307 -0.00159175
0 0 308 -0.00297459
0 0 309 0.00140169
0 0 310 0.00961739
0 0 311 0.0184676
0 0 312 0.0312548
0 0 313 0.0294489
0 0 314 0.0245358
0 0 315 0.00193856
0 0 316 -0.023343
0 0 317 -0.024189
0 0 318 -0.0354957
0 0 319 -0.0343244
0 0 320 -0.0308104
0 0 321 -0.0457288
0 0 322 -0.0576863
0 0 323 -0.0553273
0 0 324 -0.0349589
0 0 325 -0.0212118
0 0 326 -0.00787147
0 0 327 -0.00905909
0 0 328 -0.0197151
0 0 329 -0.0291997
0 0 330 -0.0273939
0 0 331 -0.0179093
0 0 332 -0.0167379
0 0 333 -0.0256857
0 0 334 -0.0270685
0 0 335 -0.0263202
0 0 336 -0.0162987
0 0 337 0.00267065
0 0 338 0.00533872
0 0 339 -0.0122478
0 0 340 -0.0342268
0 0 341 -0.0320793
0 0 342 -0.0191782
0 0 343 -0.00979118
0 0 344 -0.0149158
0 0 345 -0.00936819
0 0 346 -0.00360907
0 0 347 -0.0232291
0 0 348 -0.0376269
0 0 349 -0.0380499
0 0 350 -0.0221717
0 0 351 -0.00735087
0 0 352 -0.013533
0 0 353 -0.0278169
0 0 354 -0.0339014
0 0 355 -0.0377408
0 0 356 -0.0258972
0 0 357 -0.0210979
0 0 358 -0.0312333
0 0 359 -0.0400835
0 0 360 -0.0337875
0 0 361 -0.00670013
0 0 362 -0.00403206
0 0 363 -0.000208912
0 0 364 -0.00159175
0 0 365 -0.0164125
0 0 366 -0.0155503
0 0 367 -0.0285653
0 0 368 -0.0339014
0 0 369 -0.0201381
0 0 370 -0.02292
0 0 371 -0.0369925
0 0 372 -0.0273939
0 0 373 -0.00531729
0 0 374 -0.00660251
0 0 375 -0.0197151
0 0 376 0.00459036
0 0 377 0.0141889
0 0 378 -0.0171609
0 0 379 -0.020252
0 0 380 -0.00927058
0 0 381 0.000441836
0 0 382 -0.00147787
0 0 383 0.000750941
0 0 384 -0.00756237
0 0 385 0.0184676
0 0 386 0.0226161
0 0 387 -0.00126638
0 0 388 0.00577797
0 0 389 0.00128781
0 0 390 -0.0546928
0 0 391 -0.0662924
0 0 392 -0.0204635
0 0 393 -0.00116877
0 0 394 0.00374438
0 0 395 -0.00510579
0 0 396 -0.00969357
0 0 397 0.00608708
0 0 398 -0.0155503
