0 0 0 -0.0194275
0 0 1 -0.0332371
0 0 2 -0.157577
0 0 3 0.0217869
0 0 4 0.0446183
0 0 5 0.00129584
0 0 6 0.0195717
0 0 7 -0.0551395
0 0 8 0.136301
0 0 9 0.0355965
0 0 10 0.044261
0 0 11 0.0414562
0 0 12 0.0495311
0 0 13 0.0721303
0 0 14 -0.11965
0 0 15 -0.0194275
0 0 16 0.00808451
0 0 17 0.139928
0 0 18 -0.170797
0 0 19 -0.0017412
0 0 20 -0.0115848
0 0 21 -0.0020985
0 0 22 -0.000347733
0 0 23 0.00586926
0 0 24 -0.0798467
0 0 25 0.0297547
0 0 26 0.0874762
0 0 27 0.000599108
0 0 28 0.0302192
0 0 29 -0.0721111
0 0 30 0.00586926
0 0 31 0.0335063
0 0 32 -0.0449565
0 0 33 0.0539795
0 0 34 0.108557
0 0 35 -0.0476541
0 0 36 -0.0779708
0 0 37 -0.0870998
0 0 38 -0.0402758
0 0 39 0.0589102
0 0 40 0.0434571
0 0 41 0.0500135
0 0 42 0.0192144
0 0 43 0.0333812
0 0 44 0.00715554
0 0 45 -0.0848667
0 0 46 -0.00772595
0 0 47 0.0327917
0 0 48 0.0315054
0 0 49 0.0367756
0 0 50 0.0768287
0 0 51 0.0709691
0 0 52 0.0062087
0 0 53 -0.0229469
0 0 54 9.56572e-06
0 0 55 0.0302192
0 0 56 -0.103839
0 0 57 0.0798658
0 0 58 -0.0412048
0 0 59 0.0183926
0 0 60 -0.0167299
0 0 61 0.0680392
0 0 62 -0.100695
0 0 63 0.0181603
0 0 64 0.0406344
0 0 65 -0.0467072
0 0 66 -0.0324153
0 0 67 -0.00935166
0 0 68 -0.0286815
0 0 69 -0.0277347
0 0 70 -0.100195
0 0 71 0.0436893
0 0 72 -0.0507983
0 0 73 0.0529255
0 0 74 0.0638231
0 0 75 -0.0306645
0 0 76 0.00749497
0 0 77 -0.00338477
0 0 78 0.0247168
0 0 79 -0.0255194
0 0 80 0.0563377
0 0 81 0.0416884
0 0 82 0.120848
0 0 83 0.113005
0 0 84 -0.102785
0 0 85 -0.030075
0 0 86 -0.0277347
0 0 87 0.0909956
0 0 88 0.043332
0 0 89 0.0995351
0 0 90 0.0660562
0 0 91 0.0404022
0 0 92 0.0446183
0 0 93 -0.00819044
0 0 94 -0.028092
0 0 95 0.033149
0 0 96 0.043207
0 0 97 0.117686
0 0 98 -0.0470645
0 0 99 0.0121934
0 0 100 -0.0482257
0 0 101 -0.0507983
0 0 102 -0.0258588
0 0 103 0.0407595
0 0 104 0.0426353
0 0 105 -0.0120493
0 0 106 0.0244845
0 0 107 0.0836174
0 0 108 0.0819739
0 0 109 0.025878
0 0 110 0.036186
0 0 111 -0.0506911
0 0 112 -0.00701135
0 0 113 0.0749529
0 0 114 -0.000222678
0 0 115 0.0323272
0 0 116 0.00176033
0 0 117 0.016749
0 0 118 0.00247493
0 0 119 0.0231982
0 0 120 0.0221442
0 0 121 -0.0211782
0 0 122 -0.062875
0 0 123 0.0299869
0 0 124 -0.0467072
0 0 125 0.059732
0 0 126 0.13514
0 0 127 0.43979
0 0 128 0.999963
0 0 129 0.585926
0 0 130 0.266268
0 0 131 0.185251
0 0 132 0.194487
0 0 133 0.141571
0 0 134 0.235237
0 0 135 0.447294
0 0 136 0.648685
0 0 137 0.779939
0 0 138 0.530902
0 0 139 0.140517
0 0 140 0.0756497
0 0 141 -0.00724359
0 0 142 0.0853682
0 0 143 -0.00642181
0 0 144 -0.0283242
0 0 145 -0.0020985
0 0 146 0.0679142
0 0 147 0.0922819
0 0 148 0.0245917
0 0 149 -0.095407
0 0 150 0.0512998
0 0 151 -0.0595878
0 0 152 -0.00595732
0 0 153 0.043332
0 0 154 0.0138192
0 0 155 -0.0609992
0 0 156 0.00234987
0 0 157 0.0981237
0 0 158 0.135837
0 0 159 0.0276466
0 0 160 0.157614
0 0 161 -0.0344161
0 0 162 0.0764715
0 0 163 -0.0215355
0 0 164 -0.00104446
0 0 165 -0.0166227
0 0 166 -0.00526059
0 0 167 -0.0257517
0 0 168 -0.0183734
0 0 169 0.0106571
0 0 170 -0.0124066
0 0 171 0.0663956
0 0 172 -0.0320758
0 0 173 -0.056658
0 0 174 0.0467263
0 0 175 -0.0716467
0 0 176 -0.0686096
0 0 177 -0.0932989
0 0 178 0.0556231
0 0 179 -0.0124066
0 0 180 -0.0881538
0 0 181 -0.0540854
0 0 182 -0.0308968
0 0 183 -0.0250549
0 0 184 -0.153593
0 0 185 0.0849037
0 0 186 -0.0559613
0 0 187 -0.0422589
0 0 188 -0.0968183
0 0 189 0.0946222
0 0 190 0.0794013
0 0 191 0.06159
0 0 192 -0.0430806
0 0 193 0.0838497
0 0 194 -0.0498693
0 0 195 -0.0626249
0 0 196 -0.0394541
0 0 197 0.008549
0 0 198 0.0319699
0 0 199 0.00234987
0 0 200 0.0712013
0 0 201 0.0217869
0 0 202 0.135604
0 0 203 0.0010636
0 0 204 0.143554
0 0 205 0.0418135
0 0 206 0.0110144
0 0 207 0.117221
0 0 208 0.0836174
0 0 209 0.0475481
0 0 210 -0.0174445
0 0 211 0.0348998
0 0 212 0.0468514
0 0 213 0.0344353
0 0 214 0.0941577
0 0 215 0.0694505
0 0 216 -0.0576048
0 0 217 0.0644126
0 0 218 -0.0999626
0 0 219 -0.0276275
0 0 220 0.0135869
0 0 221 -0.0456532
0 0 222 -0.0230541
0 0 223 0.1082
0 0 224 0.0536401
0 0 225 0.0201433
0 0 226 0.121545
0 0 227 0.158311
0 0 228 0.0498884
0 0 229 -0.0184985
0 0 230 0.0323272
0 0 231 0.0448505
0 0 232 0.046369
0 0 233 -0.000454922
0 0 234 0.0374723
0 0 235 0.0628941
0 0 236 0.0439216
0 0 237 0.0749529
0 0 238 0.0550335
0 0 239 0.100464
0 0 240 0.00445793
0 0 241 -0.0420266
0 0 242 -0.0207138
0 0 243 0.040295
0 0 244 -0.00772595
0 0 245 -0.00315253
0 0 246 0.00913854
0 0 247 0.0405272
0 0 248 0.0469586
0 0 249 0.0303442
0 0 250 0.0276466
0 0 251 -0.074112
0 0 252 -0.0099412
0 0 253 0.0623046
0 0 254 0.00540477
0 0 255 -0.0190702
