0 0 0 -11.6663 -22.6473 3.8662 10.7173
0 0 1 6.76211 2.74613 18.0692 16.7459
0 0 2 -1.82531 8.68328 -16.6631 0.190049
0 0 3 0.118709 -9.85945 2.6322 -4.83367
0 0 4 -0.842165 12.0175 8.5695 3.43306
0 0 5 -2.76073 -5.72578 13.3659 -11.707
0 0 6 -7.62556 7.7251 -6.82094 -6.59194
0 0 7 -2.46483 0.531156 1.44474 7.99998
0 0 8 -1.09352 14.5064 -0.427749 -9.24138
0 0 9 -5.59245 8.18127 6.44639 -5.95297
0 0 10 8.18115 9.75667 -0.061367 -4.99341
0 0 11 13.1096 8.40935 16.0594 5.46541
0 0 12 8.42932 0.303075 12.4971 -1.1344
0 0 13 10.4147 2.19826 -14.2202 -11.3651
0 0 14 0.0932557 31.4961 1.01152 -0.0610552
0 0 15 2.9727 3.79718 -7.48329 -10.3377
0 0 16 -13.2413 -2.73369 2.90669 2.19997
0 0 17 -8.10281 -19.1532 5.48688 -3.1208
0 0 18 6.46621 11.1957 9.02658 -5.31344
0 0 19 -0.0658295 17.8641 17.6586 -13.4434
0 0 20 -3.1489 10.8077 -11.8906 -8.64727
0 0 21 -6.27652 -9.4703 37.5029 -0.563263
0 0 22 13.1351 7.19958 2.49615 -14.1737
0 0 23 -2.30257 19.1879 -5.7934 -7.61933
0 0 24 -2.853 -16.9605 -5.10837 -3.23514
0 0 25 -2.62392 1.44465 6.2638 -10.3377
0 0 26 14.185 2.03837 2.67874 -1.43091
0 0 27 2.17091 4.25334 12.7035 9.98692
0 0 28 0.185525 8.15893 -7.43794 1.92589
0 0 29 5.36852 -4.90398 -14.9732 -8.0537
0 0 30 11.3979 -6.91321 6.33182 8.34244
0 0 31 2.08182 28.939 -2.55086 -15.3384
0 0 32 -1.9844 -22.2134 -3.76099 -10.0861
0 0 33 -10.0182 -26.1414 -18.0332 9.00494
0 0 34 -9.17823 5.57832 3.27187 17.6141
0 0 35 -9.22277 -20.6145 3.36377 4.82589
0 0 36 5.91896 -13.2842 6.7889 -14.5386
0 0 37 12.8137 14.6898 10.4647 7.01799
0 0 38 17.8822 10.0541 1.42206 -8.0537
0 0 39 -15.1376 -9.562 11.5161 0.350339
0 0 40 5.87123 6.76575 -10.6805 7.04097
0 0 41 5.68987 18.6177 31.9762 -6.4322
0 0 42 4.729 25.4907 -11.6853 8.95898
0 0 43 14.9836 16.6767 17.4534 -2.39047
0 0 44 -7.53329 2.24411 -0.770263 6.6985
0 0 45 0.551421 3.77366 -20.7506 0.00732821
0 0 46 -2.09894 -5.24611 -1.63788 6.12737
0 0 47 0.004168 3.59144 10.1221 -4.81069
0 0 48 9.09111 -5.86216 9.00391 9.30145
0 0 49 -12.0545 -3.99049 -9.76751 -4.26253
0 0 50 1.42003 -0.450532 11.5841 -12.8033
0 0 51 -1.68532 -6.25131 22.5219 2.13104
0 0 52 -1.38942 -21.4822 -9.24121 10.3748
0 0 53 17.7231 19.4619 31.2685 -8.73863
0 0 54 2.74362 -5.17792 -3.25856 4.66615
0 0 55 -2.87527 9.73433 -13.9003 -2.96106
0 0 56 0.64369 -3.69304 5.78404 -0.700576
0 0 57 -15.2266 -33.8138 -16.0235 11.4027
0 0 58 -5.68154 -8.92244 -0.0852356 -6.86602
0 0 59 6.10031 -5.77163 0.486416 4.57479
0 0 60 1.60138 -7.30118 -14.5854 -4.83367
0 0 61 10.7361 -1.45573 -5.67883 -1.95609
0 0 62 9.80063 25.399 10.442 4.00365
0 0 63 -3.10118 17.8406 3.97958 6.67553
0 0 64 -8.58325 -10.3156 -10.6805 -11.4565
0 0 65 4.729 7.60989 -18.6502 0.464129
0 0 66 -15.7294 -2.36923 -10.7032 17.4768
0 0 67 -0.797621 -13.6722 -7.16345 -12.8263
0 0 68 -0.361728 -6.82151 -9.12783 -5.29047
0 0 69 -9.84002 -18.8334 6.99417 10.1237
0 0 70 7.69753 5.07514 -15.8182 -0.6776
0 0 71 0.0709838 -30.777 7.38204 -2.04746
0 0 72 -3.37798 -9.21988 -1.54599 0.806593
0 0 73 -0.819893 -9.58552 -2.16299 3.38711
0 0 74 19.0498 7.31362 0.531766 0.510083
0 0 75 -20.2506 0.0973323 -4.92578 -10.2463
0 0 76 -12.3949 7.40532 -15.0878 -12.119
0 0 77 7.51617 -5.74812 20.8093 14.3941
0 0 78 5.77896 18.3203 -4.49137 -9.92577
0 0 79 -9.88139 -2.82539 18.2064 2.74759
0 0 80 14.2073 -3.62485 -2.39094 -5.60995
0 0 81 -0.613083 -2.32338 -11.2736 -3.1208
0 0 82 -13.5372 -9.44796 2.51882 10.238
0 0 83 -10.7309 34.2365 29.7612 1.28637
0 0 84 4.77672 -0.564572 -14.3574 -4.30848
0 0 85 0.665962 -9.4703 9.82618 -11.5024
0 0 86 -5.2711 -1.34169 -0.815613 -14.7673
0 0 87 5.34625 -15.2029 12.589 -8.92135
0 0 88 13.5455 15.26 7.35936 -5.86106
0 0 89 8.66158 17.1328 -18.6502 -6.61546
0 0 90 -7.25966 7.83914 -8.76264 7.88564
0 0 91 9.57155 -4.67473 2.38158 -7.73367
0 0 92 4.08948 -3.71655 6.03466 2.72516
0 0 93 -12.6495 -2.96295 -14.1056 11.9963
0 0 94 -4.58703 6.76575 10.3966 0.623873
0 0 95 -2.66846 0.554669 7.79377 4.94023
0 0 96 -3.67388 11.8117 -8.69343 1.44611
0 0 97 14.9423 18.138 5.62412 -4.42282
0 0 98 -3.65161 5.0528 -15.4076 16.7005
0 0 99 23.5456 3.04357 -14.8587 -11.9127
0 0 100 -2.76073 19.8498 -3.3958 5.55677
0 0 101 10.9651 -4.69824 -11.4109 1.08067
0 0 102 4.95808 -2.45976 4.96177 -7.04929
0 0 103 -2.43938 4.98461 -0.26783 6.76689
0 0 104 -10.7532 -15.6826 0.349172 13.4121
0 0 105 10.3033 -14.655 -4.08083 -11.5024
0 0 106 -7.16739 -11.1374 11.1736 -1.33955
0 0 107 2.94724 3.40803 -0.381205 -1.20278
0 0 108 5.39079 35.2876 18.2291 7.74887
0 0 109 -2.94209 2.51804 -19.8603 -6.52356
0 0 110 -7.39648 -20.0208 -7.18613 0.966884
0 0 111 -1.84758 -2.25519 -5.7934 3.15898
0 0 112 0.961861 -13.1478 -9.40113 5.71652
0 0 113 12.7501 10.1905 -8.05375 -1.20278
0 0 114 -7.89918 -28.9265 16.8364 -1.27117
0 0 115 6.96892 1.19306 3.72896 -7.68881
0 0 116 19.9407 -3.94463 24.1437 -9.69764
0 0 117 -12.4872 17.2246 0.91963 1.35475
0 0 118 1.92274 -18.262 10.6019 9.07332
0 0 119 -10.5941 16.1735 -8.51083 -9.15002
0 0 120 -2.14348 10.4186 8.77596 6.4474
0 0 121 -0.727624 -0.770315 -38.5398 -6.11216
0 0 122 -2.14348 21.2665 6.62899 5.21431
0 0 123 12.5846 9.23114 -4.94845 4.23233
0 0 124 1.53457 8.22712 -8.53351 5.9906
0 0 125 5.77896 1.53636 -2.27637 1.65181
0 0 126 1.98955 -7.66682 -8.21367 6.72148
0 0 127 5.77896 11.1957 -4.9031 -9.92577
0 0 128 -2.32484 3.29399 8.75209 2.93031
0 0 129 14.6877 -22.1441 -18.8781 6.35604
0 0 130 -11.4563 16.6767 3.34109 2.97626
0 0 131 3.74903 -3.69304 5.60144 1.05824
0 0 132 3.2686 -11.9827 5.09901 -8.78404
0 0 133 1.35003 -8.53447 0.417197 -11.8897
0 0 134 15.4386 -2.68901 23.1162 4.23233
0 0 135 -9.7923 14.3924 -12.1186 -4.90205
0 0 136 4.59219 10.8301 -5.40553 -12.7574
0 0 137 -5.34109 -7.9866 18.617 -6.08973
0 0 138 -13.9699 3.93356 -2.71078 -12.735
0 0 139 4.22629 18.7541 1.76458 5.03159
0 0 140 0.84732 20.5811 4.80185 -0.106462
0 0 141 -20.8869 -18.9474 1.85647 11.2654
0 0 142 -1.07125 -0.268302 -5.63348 13.2753
0 0 143 7.4239 -2.68901 16.2194 -0.586239
0 0 144 -14.6349 -5.67993 -21.9381 14.8963
0 0 145 7.40163 -3.41911 -6.02134 -2.93808
0 0 146 -3.42253 1.7421 1.07955 4.07204
0 0 147 -1.29715 -7.11895 -3.64762 -1.04304
0 0 148 6.19258 -37.5113 0.281147 -12.096
0 0 149 -1.04898 -0.1766 6.67434 -2.43587
0 0 150 5.77896 12.1774 5.85206 2.45108
0 0 151 -0.727624 4.34504 10.9217 -1.20278
0 0 152 -5.54472 14.9861 5.23626 -3.16675
0 0 153 -7.09739 -6.9814 0.714361 -0.289182
0 0 154 -12.4172 -10.5214 -6.59299 -8.07668
0 0 155 0.140981 -16.047 -0.495775 -10.4061
0 0 156 6.23713 1.58221 3.68361 3.95825
0 0 157 -7.44102 0.713385 -15.9328 15.9013
0 0 158 4.00039 8.27297 -9.56105 -2.55021
0 0 159 5.55306 -15.9565 5.05366 1.85696
0 0 160 -11.0713 2.47219 -12.0959 4.1634
0 0 161 -2.57619 -2.13998 -0.678369 -1.40848
0 0 162 -8.37644 12.8393 -19.6551 4.09501
0 0 163 -1.23033 7.35947 27.6834 16.1524
0 0 164 -6.77922 -7.87256 -11.2283 -2.96106
0 0 165 8.86203 2.72379 -2.39094 -0.586239
0 0 166 11.0797 11.5613 9.75696 -0.723006
0 0 167 -2.69074 -9.83594 -18.97 5.05402
0 0 168 5.05035 0.759237 -2.7788 8.95898
0 0 169 7.35709 5.30439 15.1011 5.7395
0 0 170 -1.82531 -15.8648 -10.5206 9.32442
0 0 171 7.01346 6.19438 6.37717 -13.3975
0 0 172 -9.99911 2.86017 -11.6161 2.54244
0 0 173 0.140981 -23.3315 2.26701 -5.15315
0 0 174 10.5579 6.37778 -4.05815 -1.17981
0 0 175 -3.28571 -4.03634 -15.9101 10.0323
0 0 176 -4.81293 -20.7286 12.361 9.30145
0 0 177 -2.62392 6.24023 -1.40875 -1.40848
0 0 178 11.2388 0.371264 3.97958 5.25972
0 0 179 18.614 -3.73889 -0.51845 2.08564
0 0 180 4.93581 9.82486 12.4064 -5.95297
0 0 181 7.4939 16.6073 -2.50551 11.1057
0 0 182 8.58841 -9.94998 -9.88089 10.6948
0 0 183 7.58299 -10.4532 13.0234 -3.69194
0 0 184 0.939589 -3.14518 -17.5534 -3.71492
0 0 185 2.42226 -12.3707 -15.9781 2.03968
0 0 186 -0.294912 -14.8373 13.0234 2.47405
0 0 187 -17.5811 -17.7141 -20.0429 11.882
0 0 188 -0.842165 4.36738 -3.37313 0.761186
0 0 189 -10.3427 0.143184 8.04439 -5.42723
0 0 190 3.31314 12.7488 2.95204 3.41008
0 0 191 4.91354 2.63209 -0.678369 1.42314
0 0 192 -2.53165 2.2206 13.4339 -10.794
0 0 193 5.6676 7.67925 -12.6437 -11.1594
0 0 194 10.1188 11.4238 -8.55618 0.532512
0 0 195 16.9022 1.28476 -11.8453 9.73582
0 0 196 4.34083 5.76055 -0.153261 6.85825
0 0 197 -1.52623 -10.1792 -40.7083 5.5338
0 0 198 -6.32106 -4.03634 -2.23102 -7.43716
0 0 199 2.0341 -23.9029 12.2691 12.4761
0 0 200 6.92119 -2.43742 -16.2979 3.54685
0 0 201 -14.8162 -13.4441 16.4712 8.20567
0 0 202 -6.34651 9.91656 3.70628 -5.26749
0 0 203 10.5579 12.8628 -6.06789 -10.132
0 0 204 2.9027 18.4802 -0.31318 -4.90205
0 0 205 -4.01751 -13.9014 3.70628 7.36045
0 0 206 -4.42795 22.568 4.55123 -2.02503
0 0 207 -8.56098 -15.2487 -7.39259 -2.18477
0 0 208 -4.17659 15.6715 7.35936 -18.2379
0 0 209 21.9484 2.86017 -11.7987 -9.92577
0 0 210 3.54222 14.6898 17.3388 -6.15812
0 0 211 -11.7586 -9.17403 -2.50551 0.82957
0 0 212 6.73984 24.3715 0.66901 7.90862
0 0 213 2.99497 -13.216 -1.31805 12.5215
0 0 214 22.4988 -8.74021 -3.3051 -3.3265
0 0 215 72.2575 17.3151 -0.815613 2.31376
0 0 216 104.316 -35.0471 -15.0651 2.31376
0 0 217 187.623 -18.262 -9.99545 2.29133
0 0 218 163.054 -32.008 1.01152 13.4575
0 0 219 139.757 -13.5816 19.0967 -8.35076
0 0 220 95.5698 -17.6918 7.51928 -10.0861
0 0 221 51.5446 15.0096 25.7883 11.197
0 0 222 33.4789 -2.5738 14.0509 -3.18973
0 0 223 16.1259 -24.5883 -3.85288 -8.69268
0 0 224 14.8245 -2.64316 1.28482 -6.11216
0 0 225 21.242 -10.0417 -1.08891 8.04593
0 0 226 -1.52623 -8.42043 -8.89869 3.88986
0 0 227 14.9136 -12.1426 7.8618 3.45549
0 0 228 -2.57619 3.81952 -0.746394 14.6452
0 0 229 -13.5626 -12.3484 -9.53837 3.56983
0 0 230 10.2143 7.08554 -2.46016 2.08564
0 0 231 -0.247187 10.5561 6.53709 7.08637
0 0 232 6.03032 -8.00894 4.71115 1.35475
0 0 233 10.6692 39.5353 -14.8587 -3.69194
0 0 234 16.4218 4.48142 -5.36018 4.39207
0 0 235 3.06179 -10.4755 13.5019 3.136
0 0 236 -2.48711 -3.16869 -3.51037 -15.932
0 0 237 -7.84828 9.55093 -3.94359 9.48417
0 0 238 5.98577 -17.2121 -0.5638 -10.2234
0 0 239 5.73442 -14.3799 -15.4757 -0.6776
0 0 240 3.63449 -10.0875 -21.3211 -13.968
0 0 241 2.39999 16.585 -1.66056 -13.055
0 0 242 3.97493 -0.0390459 4.25407 -0.654623
0 0 243 -7.07512 -23.857 -2.23102 12.8185
0 0 244 -6.06971 -1.77552 7.01685 10.923
0 0 245 -2.55392 -1.34169 -14.5162 -3.28054
0 0 246 -5.75153 -7.78086 21.7688 -5.58698
0 0 247 17.2426 9.3687 20.3534 -6.56896
0 0 248 -1.20806 7.99904 -25.3859 -11.2967
0 0 249 11.6301 17.0647 24.3717 -4.28551
0 0 250 -3.35253 12.4748 -6.25048 0.030305
0 0 251 3.17633 9.4604 -2.41361 1.08067
0 0 252 -3.21572 9.27699 14.9866 6.85825
0 0 253 -11.1859 -18.9709 -4.60594 -9.24138
0 0 254 -4.9752 -19.701 8.06707 9.59851
0 0 255 4.4331 -12.4624 -7.52864 7.45181
0 0 256 14.8245 5.41843 6.0812 -4.55959
0 0 257 5.91896 -1.40988 -6.4104 0.258979
0 0 258 1.83047 -19.2213 13.7084 13.5719
0 0 259 -2.66846 12.6794 -3.00794 4.6202
0 0 260 -0.864437 -1.95775 17.2934 7.45181
0 0 261 -1.89213 1.49051 16.4258 2.97626
0 0 262 3.06179 13.1591 5.00712 -0.517856
0 0 263 14.5255 25.9927 0.371847 -1.72797
0 0 264 16.2849 17.5667 10.8764 -0.997087
0 0 265 3.54222 1.53636 -5.63348 2.58784
0 0 266 -6.84922 -5.54355 -4.65129 4.36909
0 0 267 4.4331 10.8301 -11.2509 1.90292
0 0 268 0.84732 -4.35612 6.19458 0.236002
0 0 269 -6.2097 -11.4349 12.3837 -1.75094
0 0 270 -2.25802 -6.50173 0.988849 8.8906
0 0 271 3.93039 -11.8452 6.46907 7.01799
0 0 272 11.0542 15.26 6.76623 -12.7804
0 0 273 4.56991 -3.6707 9.50634 -3.53219
0 0 274 1.78274 -11.777 -0.31318 3.136
0 0 275 7.81207 -14.1977 -3.69297 -7.18551
0 0 276 5.75669 -19.1755 -0.245155 -6.82061
0 0 277 -3.58161 -14.929 0.303822 5.46541
0 0 278 -3.69615 -6.95906 -0.746394 5.39703
0 0 279 -0.590811 -5.4977 7.19944 8.59354
0 0 280 4.45537 -1.72966 2.88401 2.49648
0 0 281 0.255523 13.2731 -9.53837 0.73821
0 0 282 -0.749896 17.2704 6.40104 -0.266752
0 0 283 -2.35029 12.0633 -3.32778 6.12737
0 0 284 4.82127 10.8301 -9.72097 3.88986
0 0 285 1.89728 12.0633 1.71923 -4.46823
0 0 286 -0.0435576 8.43286 1.67388 -3.00701
0 0 287 7.35709 5.0528 3.11196 -4.17117
0 0 288 -6.27652 3.04357 4.91642 -9.53844
0 0 289 -6.84922 -6.61577 -7.9177 -5.15315
0 0 290 -5.22655 12.6794 -10.2926 1.58343
0 0 291 1.16867 6.8798 9.87153 6.6985
0 0 292 -4.29113 7.6334 8.40958 5.94465
0 0 293 -3.1489 -0.1766 5.39617 3.5928
0 0 294 -2.14348 -7.09544 7.33669 7.88564
0 0 295 2.92497 -2.52912 -0.381205 0.281409
0 0 296 10.2143 7.45 9.66626 -5.10775
0 0 297 9.22793 4.71068 -3.94359 6.53876
0 0 298 -1.38942 2.63209 -8.76264 -2.70995
0 0 299 0.895045 9.20881 9.07193 0.304386
0 0 300 -0.453997 11.104 6.81158 7.36045
0 0 301 0.277795 4.91524 0.211928 3.15898
0 0 302 5.61988 -0.314154 -6.29583 -3.92007
0 0 303 7.37936 -0.358829 -5.7934 -10.155
0 0 304 -0.202643 1.99252 4.45933 -6.31786
0 0 305 6.35167 8.02137 5.32696 1.74317
0 0 306 8.0857 9.02658 1.8338 2.95328
0 0 307 -2.62392 -5.04036 0.87428 3.91229
0 0 308 -8.46553 -3.80708 7.51928 -1.56822
0 0 309 -0.0658295 -13.1701 8.27353 -12.9636
0 0 310 5.55306 -25.2279 -7.32337 -0.380542
0 0 311 0.595965 -5.06388 -8.92256 3.70714
0 0 312 -10.2027 -2.52912 -3.89824 -2.16179
0 0 313 -4.6793 -7.50693 0.349172 -0.540286
0 0 314 -3.55934 6.92565 7.03952 6.51578
0 0 315 -3.83297 8.79732 0.942305 8.47975
0 0 316 -3.46707 -5.74812 -6.5011 3.66119
0 0 317 -15.1598 9.3687 3.72896 4.57479
0 0 318 -7.71465 -12.279 -4.30877 6.4474
0 0 319 0.595965 -18.4454 -3.55572 3.11303
0 0 320 2.67362 -16.2528 -0.403881 -4.53661
0 0 321 -3.69615 -26.4376 -7.23267 -3.87466
0 0 322 -2.73846 8.31882 5.00712 2.47405
0 0 323 6.39621 22.4081 -4.2861 -0.335136
0 0 324 -2.2803 5.23503 -24.8154 -6.29488
0 0 325 -7.98827 6.01215 -12.553 1.14906
0 0 326 -2.46483 7.90733 0.66901 9.21009
0 0 327 4.38856 13.9127 -2.20834 9.25604
0 0 328 -2.41711 4.231 6.42372 -3.16675
0 0 329 -3.78842 8.04371 2.90669 -8.55646
0 0 330 1.92274 -7.09544 -4.92578 -5.24451
0 0 331 -5.01974 -18.5371 -5.97599 -10.2693
0 0 332 1.46457 -10.5437 -10.4979 -3.50922
0 0 333 -2.18803 -11.2068 -12.3704 8.54814
0 0 334 -7.57783 -3.44262 -14.5854 12.179
0 0 335 -4.03978 0.759237 -9.74364 4.8713
0 0 336 -8.05827 1.94667 3.18117 -0.631646
0 0 337 -5.63699 4.59546 11.2189 -7.3912
0 0 338 -3.83297 1.97018 -4.24075 4.14097
0 0 339 4.22629 -0.244789 -7.16345 10.8775
0 0 340 5.11717 2.06071 -2.66542 -4.81069
0 0 341 -2.66846 0.143184 -6.25048 -7.11712
0 0 342 -2.89755 2.08422 -11.708 -7.8026
0 0 343 0.185525 -3.89878 2.51882 -3.21216
0 0 344 1.7382 -2.32338 2.10709 -1.8423
0 0 345 2.33318 6.058 -6.36505 -2.59562
0 0 346 -0.908981 7.10788 -4.1035 -3.16675
0 0 347 3.90812 6.24023 6.92615 6.81284
0 0 348 -2.00667 1.19306 7.10874 9.27902
0 0 349 -10.2727 -12.8739 3.61439 13.138
0 0 350 2.72134 -6.43354 -3.78367 5.35108
0 0 351 3.33859 -20.2265 0.349172 3.84391
0 0 352 3.22405 -33.0602 2.99858 3.70714
0 0 353 4.3631 -5.97737 -3.80634 2.29133
0 0 354 3.33859 7.81563 -6.45575 -6.52356
0 0 355 -4.70157 2.65442 -15.6356 4.84887
0 0 356 -0.590811 -1.38637 -6.57032 6.15034
0 0 357 10.2333 4.84705 -7.07275 -0.243776
0 0 358 6.14486 2.3123 -11.1137 -4.12631
0 0 359 -1.59623 4.9611 4.23139 1.76615
0 0 360 -8.69779 0.439453 -15.385 2.15402
0 0 361 -11.415 -9.51615 -15.1785 0.0532818
0 0 362 -3.83297 -2.43742 2.47228 -1.79635
0 0 363 -4.6093 5.98863 -8.44281 -2.84672
0 0 364 -2.96436 10.4186 -0.335855 -3.02944
0 0 365 7.72298 5.76055 7.03952 -8.57943
0 0 366 -2.783 -4.31027 -1.20348 -3.53219
0 0 367 -2.43938 -2.84891 4.73382 -4.4912
0 0 368 3.70131 -7.68916 -3.85288 -4.99341
0 0 369 -1.11579 0.988493 -8.6254 -0.0610552
0 0 370 0.0709838 7.88382 0.91963 6.2417
0 0 371 6.53302 0.348926 -2.80267 1.42314
0 0 372 6.44394 -17.4179 -2.0711 -5.54157
0 0 373 2.37772 -0.244789 -4.53791 -1.75094
0 0 374 -2.76073 13.1367 -1.02088 0.0986884
0 0 375 -2.43938 3.36335 6.49174 2.19997
0 0 376 2.05955 -1.84371 -4.76586 -0.426496
0 0 377 2.62907 -5.406 -5.15372 -3.62355
0 0 378 8.15569 -0.268302 9.84885 -9.28734
0 0 379 4.3631 5.57832 3.38644 -3.05242
0 0 380 4.18175 8.66094 0.966174 -2.50426
0 0 381 -0.749896 5.94278 -1.47796 -2.96106
0 0 382 -5.06747 -5.47419 3.72896 0.281409
0 0 383 9.14202 -9.53967 -3.99013 -5.58698
0 0 384 7.28709 -11.1151 -7.1181 -7.84801
0 0 385 -3.92524 -1.36403 -7.02621 6.94961
0 0 386 -6.75695 -13.216 -8.60273 5.67056
0 0 387 -7.39648 -7.3247 -8.67075 4.6202
0 0 388 -10.7754 -7.75852 -7.46062 8.02295
0 0 389 -7.82919 1.19306 4.80185 10.1237
0 0 390 10.0297 6.56001 0.166578 9.27902
0 0 391 7.01346 1.69625 5.34963 -2.91565
0 0 392 4.95808 6.6282 5.18971 -3.44083
0 0 393 -1.16034 8.31882 -5.42821 -2.664
0 0 394 -5.8438 4.93876 1.97104 -5.9754
0 0 395 -10.0182 12.7711 -2.50551 -2.664
0 0 396 -0.886709 -9.33392 -6.70756 4.00365
0 0 397 17.6085 -10.4297 3.61439 3.22736
0 0 398 6.8321 1.46699 4.8472 5.16836
0 0 399 -2.43938 7.88382 3.02126 6.26468
0 0 400 -1.77759 -5.04036 10.8072 6.49281
0 0 401 -10.1773 -1.20414 5.89861 -4.44525
0 0 402 2.14864 -3.09932 -0.701044 -10.6118
0 0 403 3.79358 -14.929 -0.175936 -1.1344
0 0 404 2.35545 -32.6487 13.1594 3.63821
0 0 405 1.05413 -4.19623 8.06707 -0.0380783
0 0 406 0.961861 7.38181 -3.87556 -2.23018
0 0 407 -10.6164 -5.95386 0.691685 -2.11639
0 0 408 -15.0898 -1.38637 1.33136 -0.494879
0 0 409 -13.1935 0.0291432 -0.975532 0.350339
0 0 410 4.25174 5.16684 -2.57353 -0.76896
0 0 411 -3.5148 -12.3248 4.89374 7.68049
0 0 412 -6.41333 -7.59863 5.57877 4.66615
0 0 413 -9.33731 11.6072 -1.68323 -4.44525
0 0 414 2.39999 -4.01282 0.189253 -8.67079
0 0 415 2.62907 -0.198938 -10.5206 -8.07668
0 0 416 -4.56476 8.13542 0.691685 -2.91565
0 0 417 -5.43336 11.0581 12.8861 -0.243776
0 0 418 2.69907 -2.36923 11.1509 2.97626
0 0 419 -4.58703 -13.718 17.9558 -5.38183
0 0 420 -3.65161 5.76055 -0.427749 -3.50922
0 0 421 0.277795 21.243 -12.2105 9.94097
0 0 422 -7.53329 5.28088 -13.0327 8.50218
0 0 423 -4.95293 -0.268302 4.0488 9.43876
0 0 424 6.19258 -3.51081 2.86134 7.38343
0 0 425 0.34461 -7.14129 -9.58372 6.74391
0 0 426 -6.2097 5.57832 -2.96139 3.86689
0 0 427 -7.00513 6.74224 12.1319 10.923
0 0 428 -1.38942 -15.0653 13.3193 6.63012
0 0 429 6.35167 -7.68916 11.5614 1.14906
0 0 430 -1.79986 -7.11895 12.7489 -0.76896
0 0 431 -1.48169 -6.63928 8.91201 -4.44525
0 0 432 1.35003 -1.06776 -0.770263 -7.20848
0 0 433 1.64593 1.69625 5.87474 -8.44212
0 0 434 -6.25424 0.0749945 -3.60107 -1.65958
