0 0 0 3.9253 1.91668 0.202243 5.78248
0 0 1 -3.05816 -2.51209 3.43767 -2.7556
0 0 2 -2.25177 2.63093 0.22715 -3.20106
0 0 3 6.85751 6.53862 1.98366 1.80746
0 0 4 9.32858 4.572 0.151706 0.0763059
0 0 5 1.09329 -0.982542 -3.33604 -2.01613
0 0 6 -4.91599 -1.21792 0.647686 0.479678
0 0 7 -4.97514 -0.0414283 2.13491 -0.931986
0 0 8 -3.79815 -4.43652 0.285989 -3.6969
0 0 9 -7.12631 -5.92387 1.77357 0.799164
0 0 10 -4.53815 2.95883 -1.63837 0.446179
0 0 11 -5.15984 1.74866 -2.77292 2.68147
0 0 12 -1.05909 1.79899 -0.403114 -0.310178
0 0 13 -1.36088 -1.23456 -5.10013 -0.957179
0 0 14 4.21864 0.277954 -7.34395 -2.00783
0 0 15 2.31132 1.84119 0.588847 -3.51196
0 0 16 1.81517 6.80768 -0.772753 -0.100048
0 0 17 -3.46256 -0.831174 1.80714 3.33706
0 0 18 -3.5374 1.05957 6.44604 1.06799
0 0 19 -3.47101 -4.73074 1.46277 1.0176
0 0 20 -4.50434 -5.16781 2.13491 0.799164
0 0 21 1.35283 2.7823 2.63089 2.51343
0 0 22 4.70634 5.89173 -2.63827 0.193968
0 0 23 2.56362 6.34545 -3.8822 3.34536
0 0 24 4.21019 2.27787 -4.80629 4.56379
0 0 25 2.05057 7.3876 -6.89021 2.23602
0 0 26 2.49602 2.63945 -7.5544 0.0007256
0 0 27 -2.51252 2.42924 -0.041777 7.07649
0 0 28 -4.99928 -4.57085 4.42096 7.17726
0 0 29 -0.999939 3.47991 3.02579 1.0511
0 0 30 2.75676 -0.200926 6.65613 -0.763937
0 0 31 0.874791 -1.23456 1.7483 -1.57068
0 0 32 4.08465 5.63932 -2.04158 0.731889
0 0 33 7.28605 1.54697 4.4123 1.6981
0 0 34 0.311044 -1.73048 1.33679 0.0680004
0 0 35 -1.73028 -4.43652 0.487774 -0.822906
0 0 36 4.66409 1.25275 -4.62148 -4.35248
0 0 37 3.18531 3.24453 -2.11739 -3.15067
0 0 38 0.378645 -6.13408 2.47097 -10.3862
0 0 39 -3.31891 -5.57933 1.46277 -5.51221
0 0 40 -3.9913 -4.79771 -1.54596 -0.570695
0 0 41 -6.44547 -3.11718 4.42927 0.589034
0 0 42 -7.31946 -2.14238 4.08454 -2.99951
0 0 43 -3.8066 2.83263 -0.554362 -3.25144
0 0 44 -7.39551 1.92519 2.33669 0.605645
0 0 45 -4.3112 1.82415 3.37883 3.33706
0 0 46 -1.70613 -4.67189 2.10964 0.832663
0 0 47 -2.31937 -5.99123 -0.621504 2.77394
0 0 48 -2.20952 -0.965895 -3.98291 2.32849
0 0 49 1.88277 4.2863 -5.97477 0.790582
0 0 50 5.65638 7.51342 -3.46202 1.56383
0 0 51 0.974985 0.69799 0.269384 -1.71354
0 0 52 -5.84913 -5.25181 -0.890431 -0.14213
0 0 53 -3.908 -6.22661 1.37866 4.45471
0 0 54 -1.11703 -7.01635 -2.94944 -2.22626
0 0 55 0.815639 -2.37776 -0.142489 -4.9491
0 0 56 -1.36933 -6.59632 -1.57123 0.042807
0 0 57 -4.26895 -3.83995 -5.06656 2.63109
0 0 58 -2.93261 -1.62982 3.15177 2.69836
0 0 59 2.37047 -4.10049 6.85791 1.50486
0 0 60 1.42043 2.85779 -0.159094 -0.990955
0 0 61 1.01724 6.94201 -6.38592 -0.369147
0 0 62 0.597142 7.14371 0.185277 1.6311
0 0 63 -2.82276 -0.974025 1.06786 -1.75562
0 0 64 -5.18519 -1.4951 -0.839894 -2.12549
0 0 65 1.26108 2.99212 -1.96614 0.025919
0 0 66 3.7901 3.31151 -7.41146 -1.08342
0 0 67 1.74033 5.27813 5.16024 -3.24314
0 0 68 6.50502 6.13523 6.00059 -6.37765
0 0 69 5.26888 0.235757 3.0341 -1.4951
0 0 70 -1.42848 -0.705357 3.92498 1.46305
0 0 71 -1.52023 3.60573 -1.01641 4.42951
0 0 72 1.21038 -0.562506 -5.11709 3.11004
0 0 73 -1.63853 -6.4283 -5.24307 2.38746
0 0 74 0.671987 -1.90701 -6.62128 1.63941
0 0 75 5.46202 -0.192796 -0.94927 -0.553807
0 0 76 0.958085 3.39551 5.22738 0.202273
0 0 77 1.83207 5.8747 -2.87363 1.3872
0 0 78 5.95817 4.13532 -1.54596 1.64771
0 0 79 4.03395 -3.90692 1.98366 1.22773
0 0 80 1.73188 -4.55421 1.41223 0.530065
0 0 81 -2.52942 -0.629479 -2.14266 -2.36081
0 0 82 0.302594 2.68978 0.101169 0.487984
0 0 83 3.94099 5.64784 2.45437 2.01759
0 0 84 -0.503794 3.44623 -2.43649 -1.56238
0 0 85 -6.10867 -4.72222 -5.92424 -1.36083
0 0 86 -5.61373 -5.17594 4.31989 -5.73065
0 0 87 -5.08378 -4.99941 1.59705 -0.150435
0 0 88 -3.8573 -1.20127 1.58045 2.44615
0 0 89 5.35338 12.1857 2.06776 5.22767
0 0 90 4.06775 10.2698 -1.18463 3.18562
0 0 91 -4.72284 -4.37767 4.75703 0.17708
0 0 92 -4.38604 -1.29341 0.277686 -2.1086
0 0 93 0.883241 4.25301 4.28632 -4.17585
0 0 94 3.81545 -2.78115 -0.369182 -3.63821
0 0 95 6.00887 -0.915568 -8.02475 1.07629
0 0 96 0.529541 -0.629479 -2.07515 3.39575
0 0 97 1.68963 5.44614 -1.02471 0.0007256
0 0 98 0.48729 9.65657 -7.20967 -1.92367
0 0 99 1.00034 -0.125436 -2.23506 -2.29354
0 0 100 6.17667 -4.62157 2.59732 -3.77248
0 0 101 7.77375 9.45488 -10.4617 -0.0161623
0 0 102 -0.176652 4.86622 -1.14239 -1.59587
0 0 103 1.88277 -4.94056 3.57195 -3.82286
0 0 104 4.15225 -0.923698 -1.33587 2.60589
0 0 105 3.76475 1.53845 4.00043 6.28663
0 0 106 2.31977 -0.579152 3.57195 1.47136
0 0 107 1.07639 0.370478 -0.772753 1.16045
0 0 108 -6.72312 -7.78132 -2.8906 -4.82285
0 0 109 -4.45364 -1.61279 -3.42845 -3.0247
0 0 110 -0.554495 -0.831174 0.277686 -0.209404
0 0 111 4.15949 -1.58763 6.42077 2.37888
0 0 112 7.17741 -0.461465 7.22755 3.01757
0 0 113 2.93301 4.84958 3.96686 2.96719
0 0 114 -2.34472 7.32876 5.68979 -0.587583
0 0 115 -3.04971 2.37891 5.47971 -2.37743
0 0 116 -3.09196 -1.00771 4.51337 -2.22626
0 0 117 -1.62163 -3.45321 1.83241 -1.91536
0 0 118 -0.403599 -8.60475 1.63929 -2.66314
0 0 119 -3.9575 -9.29384 1.41223 -4.6465
0 0 120 -4.99928 -5.87355 1.67286 -4.6465
0 0 121 -2.10933 -1.42813 4.63105 0.504871
0 0 122 0.202399 3.7149 5.20248 3.16043
0 0 123 1.21883 1.61394 1.35339 3.2194
0 0 124 -1.15929 0.286471 0.731433 0.950325
0 0 125 -3.41186 0.765351 4.54695 -1.25978
0 0 126 -3.9913 -3.17602 7.05103 -2.57094
0 0 127 -3.88265 -3.54573 5.4714 -3.0499
0 0 128 1.70653 -5.70553 2.55508 0.513454
0 0 129 6.67281 -5.8569 0.13474 1.60591
0 0 130 2.05057 -3.74743 -0.520792 -1.14212
0 0 131 0.605592 0.65618 0.647686 -5.98258
0 0 132 0.563342 4.62272 3.46294 -7.96594
0 0 133 -0.579845 2.16018 4.21918 -5.16753
0 0 134 -0.923888 -0.789364 1.46277 -1.50368
0 0 135 -5.01618 -1.01622 -3.2772 3.15212
0 0 136 -8.26829 -3.89879 1.33679 5.23626
0 0 137 -7.8325 -7.53743 6.00059 4.87469
0 0 138 -2.22642 2.08469 3.17704 2.53862
0 0 139 2.35357 7.5049 -1.65498 0.757083
0 0 140 -0.739191 4.97539 -2.12569 0.757083
0 0 141 -2.34472 -0.427784 -3.68041 1.30331
0 0 142 0.874791 0.463002 -2.41988 2.86641
0 0 143 -0.503794 3.15201 -1.57123 3.2277
0 0 144 0.697337 1.59729 -0.260167 0.454485
0 0 145 4.1438 -1.08358 4.08454 -2.72211
0 0 146 4.87413 -0.125436 6.32006 -5.73065
0 0 147 6.15132 1.16022 4.75703 -2.84807
0 0 148 6.26962 -5.25181 3.12651 0.513454
0 0 149 7.25225 -9.42005 -0.201328 2.57212
0 0 150 12.6809 -6.05008 -3.56273 3.01757
0 0 151 21.9845 -6.55412 0.790272 4.03445
0 0 152 31.0262 -12.9158 2.77383 1.58902
0 0 153 39.3713 -13.1845 9.00066 -2.76419
0 0 154 46.4972 -12.2604 9.63959 -2.05822
0 0 155 52.6743 -9.57103 5.58042 0.151886
0 0 156 56.8173 -4.85655 6.3789 -2.11691
0 0 157 57.8337 -2.85664 11.295 -1.90706
0 0 158 66.1535 1.91668 8.82451 -1.806
0 0 159 70.8434 9.54701 9.06817 -4.39429
0 0 160 69.6579 10.6817 13.1945 -5.61298
0 0 161 66.8513 9.29499 9.29486 -6.2179
0 0 162 68.6162 8.22767 2.53848 -10.9659
0 0 163 68.3047 7.76544 5.43747 -10.6132
0 0 164 59.758 5.30329 6.37059 -8.10049
0 0 165 54.7156 0.765351 8.45451 -6.36076
0 0 166 55.5655 -2.4366 11.2698 -2.21796
0 0 167 60.1865 3.80742 6.43774 -0.604471
0 0 168 61.6991 9.8664 6.96729 -1.34394
0 0 169 60.2372 10.7742 9.90852 -0.343954
0 0 170 52.556 5.2278 9.06817 0.404098
0 0 171 43.9429 -1.68015 3.46294 -0.654858
0 0 172 35.279 -3.13382 -0.974538 0.412403
0 0 173 27.6485 2.42072 5.27792 1.9755
0 0 174 20.9174 -0.108789 10.463 4.74872
0 0 175 15.0505 -0.25164 4.56355 5.81598
0 0 176 10.9836 1.32824 -2.47872 2.01759
0 0 177 8.26989 1.47109 -6.78119 -0.453033
0 0 178 4.69789 0.277954 -2.53756 0.689808
0 0 179 3.42071 -2.38589 -1.75605 -1.02445
0 0 180 2.20992 1.34527 -2.95774 -0.98265
0 0 181 2.91611 3.27821 2.86624 -2.4112
0 0 182 3.07546 1.71498 1.77357 0.925131
0 0 183 -0.881637 -2.99949 -0.159094 0.975518
0 0 184 -5.54613 -3.02465 0.933218 -1.88159
0 0 185 -4.72284 -0.486628 4.16864 -1.159
0 0 186 -2.78172 -1.59614 3.79034 0.0846115
0 0 187 -4.52124 -1.11726 -1.15106 -1.20108
0 0 188 -4.99928 1.46296 -2.63827 -1.68834
0 0 189 -4.66369 4.10164 1.0592 0.336823
0 0 190 -4.15064 4.42102 -2.36105 0.446179
0 0 191 -1.84013 5.57235 -2.8906 -1.27667
0 0 192 -0.864737 7.09338 2.0508 -5.16753
0 0 193 -0.378248 1.87448 2.13491 -6.93218
0 0 194 -0.412049 0.874522 3.7232 -1.38602
0 0 195 -0.579845 3.01767 4.81587 4.47132
0 0 196 -2.75637 3.07652 6.01756 1.83265
0 0 197 -3.28511 2.99212 5.0931 0.27813
0 0 198 -3.35271 1.67278 -0.0500795 -0.680051
0 0 199 -2.97486 -1.44478 -2.74765 -4.32729
0 0 200 -3.69675 3.98395 -0.814626 -3.54574
0 0 201 -4.78924 3.24453 1.14331 -2.00783
0 0 202 -2.86501 -5.98272 0.471169 -1.25147
0 0 203 -1.65543 -1.2094 -1.16766 -1.10031
0 0 204 -1.50453 4.50503 -3.78979 -0.512003
0 0 205 0.412446 4.0428 -6.81476 0.328517
0 0 206 1.56288 2.86631 -2.38631 0.731889
0 0 207 0.168598 -4.21818 4.65596 0.261242
0 0 208 -2.68032 -6.3443 2.94999 0.353711
0 0 209 -1.66388 -3.75594 -2.96604 -0.545502
0 0 210 -0.302197 -2.29375 -1.84846 -0.0161623
0 0 211 -1.59628 -0.621349 1.59705 -1.10031
0 0 212 -1.76408 -0.520308 0.740096 -1.33536
0 0 213 -0.991489 -2.52874 0.244116 -0.276679
0 0 214 1.43733 0.765351 -2.15926 -2.54547
0 0 215 2.37892 0.420805 -1.49543 -5.30208
0 0 216 -2.20952 -2.86516 0.269384 -4.9574
0 0 217 -3.01711 1.01737 4.76534 -1.93225
0 0 218 3.2855 5.28665 6.50488 5.87495
0 0 219 3.9253 3.38738 2.4374 4.42093
0 0 220 2.90766 0.21911 -2.85703 1.74876
0 0 221 1.67273 -2.14238 -2.66354 2.08486
0 0 222 -0.486893 -3.04982 -1.57123 0.353711
0 0 223 0.160148 0.463002 1.06786 0.00903113
0 0 224 1.39508 3.2275 0.664291 -1.36083
0 0 225 3.10926 -2.45325 -2.94077 -2.41951
0 0 226 5.39563 -3.60457 -5.27665 -2.53717
0 0 227 5.55498 -1.26824 -3.84863 -0.394341
0 0 228 2.38737 -1.77267 -1.54596 -0.469921
0 0 229 0.00925211 0.370478 1.18518 -2.7556
0 0 230 1.04259 -0.932215 1.30286 -6.81452
0 0 231 -0.873187 -4.57937 -1.59614 -5.06676
0 0 232 -3.30201 -5.01644 1.21911 -0.898487
0 0 233 -4.79769 -2.34408 2.17714 0.429291
0 0 234 -1.32708 -1.60466 1.0592 1.37889
0 0 235 4.11845 -0.00774795 0.075901 3.26978
0 0 236 3.49676 3.2275 -0.814626 3.77393
0 0 237 0.0925466 0.21911 -4.73085 4.66484
0 0 238 -1.48763 -1.95734 -1.44489 3.39575
0 0 239 2.18577 -1.28528 1.50464 -0.293567
0 0 240 3.2855 2.69829 0.109833 0.908243
0 0 241 1.10174 4.99243 -1.2348 3.79082
0 0 242 0.219299 5.27813 -2.48703 0.866162
0 0 243 -1.78943 1.25275 -0.680343 0.345128
0 0 244 -3.08351 -1.01622 -0.915699 -0.394341
0 0 245 -3.15956 -3.31036 -2.68881 -2.90704
0 0 246 -5.14294 -7.26025 1.21911 -0.948874
0 0 247 -5.33608 -5.28511 4.84944 -3.00782
0 0 248 -0.0245486 3.49656 1.31152 -3.23483
0 0 249 3.52935 5.64784 -1.96614 0.630839
0 0 250 2.91611 0.672827 -2.15926 3.21081
0 0 251 3.6392 -3.82292 1.39527 2.43785
0 0 252 3.81545 -2.04986 2.40383 2.02589
0 0 253 -0.915438 2.07617 0.487774 -0.654858
0 0 254 -1.42848 5.03424 0.975091 -1.74731
0 0 255 -0.168201 2.05953 -0.713914 0.025919
0 0 256 -1.38623 -0.915568 -3.62987 0.731889
0 0 257 -1.47073 -0.234606 0.454204 -0.436422
0 0 258 -0.562945 2.17722 2.33669 -0.545502
0 0 259 -0.1006 3.12685 -1.41132 -0.100048
0 0 260 0.285693 0.983693 1.01733 -0.133824
0 0 261 3.8408 -0.596186 3.97552 -2.57925
0 0 262 5.78192 4.7737 2.81571 -1.66315
0 0 263 -0.168201 3.74006 3.64776 1.28642
0 0 264 -4.05045 -5.83135 4.05927 1.6646
0 0 265 -1.96567 -6.63 -1.67194 -1.2177
0 0 266 1.26953 -2.52874 -2.08382 -2.1421
0 0 267 1.67273 -2.80631 1.26929 2.15214
0 0 268 1.44578 -5.98272 0.672594 3.85809
0 0 269 -0.151301 -5.82322 -0.722216 0.757083
0 0 270 -1.07599 -5.36098 -1.77266 -0.587583
0 0 271 -0.251496 -3.67194 -0.100255 0.698114
0 0 272 5.04193 -0.848208 2.20205 0.88305
0 0 273 4.24399 0.135103 -0.184362 0.362016
0 0 274 4.05085 2.43775 -4.08362 -4.35248
0 0 275 4.21019 0.277954 -4.47853 -4.52053
0 0 276 1.44578 -6.85686 -1.36114 -0.839794
0 0 277 4.87413 -4.39432 -1.20123 -0.436422
0 0 278 4.24399 0.874522 -0.848197 -1.39433
0 0 279 2.48757 3.88291 0.840808 -1.26836
0 0 280 2.15197 5.06792 0.647686 -0.839794
0 0 281 2.84851 3.21937 1.62232 -1.00784
0 0 282 1.00879 -1.12539 1.03393 -0.98265
0 0 283 1.16813 -0.974025 0.554916 -1.53718
0 0 284 0.664744 1.87448 1.33679 0.0931939
0 0 285 -2.99176 0.731671 1.37036 4.33704
0 0 286 -4.37759 -2.65494 1.83241 3.1942
0 0 287 -2.38577 -0.562506 4.55525 -2.65483
0 0 288 0.277243 2.97548 6.21068 -3.6969
0 0 289 0.580242 4.82441 2.91642 -0.553807
0 0 290 1.05104 4.62272 0.613755 1.27812
0 0 291 -0.537594 4.84958 -3.08372 0.80747
0 0 292 -1.94877 0.731671 -2.12569 0.336823
0 0 293 -2.49562 -4.81474 2.31142 -1.94886
0 0 294 -1.64698 -3.81479 1.95839 -1.40263
0 0 295 -0.806793 -2.52874 4.54695 -0.612776
0 0 296 -2.42802 -3.34404 4.80721 -2.03302
0 0 297 -1.66388 -1.06655 -0.319006 -3.3943
0 0 298 0.0756463 4.09312 -0.696948 -3.80625
0 0 299 -0.999939 2.50473 0.59715 0.487984
0 0 300 -4.98359 -4.25999 3.13517 3.99236
0 0 301 -6.36942 -5.29362 1.68116 4.65625
0 0 302 -3.88265 1.59729 -1.99141 5.16898
0 0 303 -1.48763 2.51324 1.04259 1.64771
0 0 304 -3.54585 -1.87333 2.54678 -1.66315
0 0 305 -7.67195 -3.86511 1.47937 0.740195
0 0 306 -5.48698 -0.814527 -0.117221 4.41262
0 0 307 0.521091 4.0006 -5.27665 5.55547
0 0 308 1.86587 0.681344 -4.29407 5.7991
0 0 309 -0.403599 -3.61309 7.48817 4.54717
0 0 310 -2.73947 -1.52878 4.85775 4.19419
0 0 311 -1.34398 2.9418 -3.36961 3.48822
0 0 312 -1.59628 -1.4111 -4.22657 0.404098
0 0 313 -2.58012 -3.43656 -1.37775 -1.95744
0 0 314 -1.92463 1.967 2.53848 -5.97427
0 0 315 0.958085 7.06822 2.09303 -4.81455
0 0 316 5.16868 6.70664 -0.974538 1.07629
