0 0 0 -0.0104128
0 0 1 -0.0104128
0 0 2 -0.0104128
0 0 3 -0.0104128
0 0 4 -0.0104128
0 0 5 -0.0104128
0 0 6 -0.0104128
0 0 7 -0.0104128
0 0 8 -0.0104128
0 0 9 -0.0104128
0 0 10 -0.0104128
0 0 11 -0.0104128
0 0 12 -0.0104128
0 0 13 -0.0104128
0 0 14 -0.0104128
0 0 15 -0.0104128
0 0 16 -0.0104128
0 0 17 -0.0104128
0 0 18 -0.0104128
0 0 19 -0.0104128
0 0 20 -0.0104128
0 0 21 -0.0104128
0 0 22 -0.0104128
0 0 23 -0.0104128
0 0 24 -0.0104128
0 0 25 -0.0104128
0 0 26 -0.0104128
0 0 27 -0.0104128
0 0 28 -0.0104128
0 0 29 -0.0104128
0 0 30 -0.0104128
0 0 31 -0.0104128
0 0 32 -0.0104128
0 0 33 -0.0104128
0 0 34 -0.0104128
0 0 35 -0.0104128
0 0 36 -0.0104128
0 0 37 -0.0104128
0 0 38 -0.0104128
0 0 39 -0.0104128
0 0 40 -0.0104128
0 0 41 -0.0104128
0 0 42 -0.0104128
0 0 43 -0.0104128
0 0 44 -0.0104128
0 0 45 -0.0104128
0 0 46 -0.0104128
0 0 47 -0.0104128
0 0 48 -0.0104128
0 0 49 -0.0104128
0 0 50 -0.0104128
0 0 51 -0.0104128
0 0 52 -0.0104128
0 0 53 -0.0104128
0 0 54 -0.0104128
0 0 55 -0.0104128
0 0 56 -0.0104128
0 0 57 -0.0104128
0 0 58 -0.0104128
0 0 59 -0.0104128
0 0 60 -0.0104128
0 0 61 -0.0104128
0 0 62 -0.0104128
0 0 63 -0.0104128
0 0 64 -0.0104128
0 0 65 -0.0104128
0 0 66 -0.0104128
0 0 67 -0.0104128
0 0 68 -0.0104128
0 0 69 -0.0104128
0 0 70 -0.0104128
0 0 71 -0.0104128
0 0 72 -0.0104128
0 0 73 -0.0104128
0 0 74 -0.0104128
0 0 75 -0.0104128
0 0 76 -0.0104128
0 0 77 -0.0104128
0 0 78 -0.0104128
0 0 79 -0.0104128
0 0 80 -0.0104128
0 0 81 -0.0104128
0 0 82 -0.0104128
0 0 83 -0.0104128
0 0 84 -0.0104128
0 0 85 -0.0104128
0 0 86 -0.0104128
0 0 87 -0.0104128
0 0 88 -0.0104128
0 0 89 -0.0104128
0 0 90 -0.0104128
0 0 91 -0.0104128
0 0 92 -0.0104128
0 0 93 -0.0104128
0 0 94 -0.0104128
0 0 95 -0.0104128
0 0 96 -0.0104128
0 0 97 -0.0104128
0 0 98 -0.0104128
0 0 99 -0.0104128
0 0 100 -0.0104128
0 0 101 -0.0104128
0 0 102 -0.0104128
0 0 103 -0.0104128
0 0 104 -0.0104128
0 0 105 -0.0104128
0 0 106 -0.0104128
0 0 107 -0.0104128
0 0 108 -0.0104128
0 0 109 -0.0104128
0 0 110 -0.0104128
0 0 111 -0.0104128
0 0 112 -0.0104128
0 0 113 -0.0104128
0 0 114 -0.0104128
0 0 115 -0.0104128
0 0 116 -0.0104128
0 0 117 -0.0104128
0 0 118 -0.0104128
0 0 119 -0.0104128
0 0 120 -0.0104128
0 0 121 -0.0104128
0 0 122 -0.0104128
0 0 123 -0.0104128
0 0 124 -0.0104128
0 0 125 -0.0104128
0 0 126 -0.0104128
0 0 127 -0.0104128
0 0 128 -0.0104128
0 0 129 -0.0104128
0 0 130 -0.0104128
0 0 131 -0.0104128
0 0 132 -0.0104128
0 0 133 -0.0104128
0 0 134 -0.0104128
0 0 135 -0.0104128
0 0 136 -0.543312
0 0 137 1.21456
0 0 138 3.02954
0 0 139 4.07284
0 0 140 3.87906
0 0 141 2.47415
0 0 142 0.19375
0 0 143 -2.55034
0 0 144 -5.29442
0 0 145 -7.61807
0 0 146 -9.08182
0 0 147 -9.42267
0 0 148 -8.82056
0 0 149 -7.82224
0 0 150 -6.9606
0 0 151 -6.26852
0 0 152 -5.44149
0 0 153 -4.14904
0 0 154 -2.34617
0 0 155 -0.372023
0 0 156 1.37374
0 0 157 2.71118
0 0 158 3.72161
0 0 159 4.60574
0 0 160 5.41028
0 0 161 6.06776
0 0 162 6.49858
0 0 163 6.78233
0 0 164 7.03321
0 0 165 7.27024
0 0 166 7.41731
0 0 167 7.24775
0 0 168 6.61277
0 0 169 5.37741
0 0 170 3.49496
0 0 171 1.08999
0 0 172 -1.48454
0 0 173 -3.8203
0 0 174 -5.419
0 0 175 -6.03149
0 0 176 -5.63354
0 0 177 -4.3532
0 0 178 -2.42576
0 0 179 -0.179972
0 0 180 1.90664
0 0 181 3.27869
0 0 182 3.732
0 0 183 3.43786
0 0 184 2.85998
0 0 185 2.28036
0 0 186 1.67999
0 0 187 0.828731
0 0 188 -0.349531
0 0 189 -1.58662
0 0 190 -2.40327
0 0 191 -2.48113
0 0 192 -1.84615
0 0 193 -0.747475
0 0 194 0.477502
0 0 195 1.5779
0 0 196 2.42916
0 0 197 3.10913
0 0 198 3.69912
0 0 199 4.20953
0 0 200 4.54865
0 0 201 4.62824
0 0 202 4.2649
0 0 203 3.38077
0 0 204 2.06582
0 0 205 0.579583
0 0 206 -0.655775
0 0 207 -1.41533
0 0 208 -1.80116
0 0 209 -2.11952
0 0 210 -2.52784
0 0 211 -2.85658
0 0 212 -2.7545
0 0 213 -2.0728
0 0 214 -1.05372
0 0 215 -0.224957
0 0 216 0.00169853
0 0 217 -0.418739
0 0 218 -1.0987
0 0 219 -1.597
0 0 220 -1.67659
0 0 221 -1.43782
0 0 222 -1.04161
0 0 223 -0.576186
0 0 224 -0.134987
0 0 225 0.138384
0 0 226 -0.0329053
0 0 227 -0.780349
0 0 228 -1.90324
0 0 229 -2.82198
0 0 230 -2.95866
0 0 231 -2.14201
0 0 232 -0.79246
0 0 233 0.477502
0 0 234 1.0675
0 0 235 0.783746
0 0 236 -0.16786
0 0 237 -1.38246
0 0 238 -2.45864
0 0 239 -3.2528
0 0 240 -3.80819
0 0 241 -4.18364
0 0 242 -4.27361
0 0 243 -3.93276
0 0 244 -3.1957
0 0 245 -2.31157
0 0 246 -1.56413
0 0 247 -0.996623
0 0 248 -0.451612
0 0 249 0.148765
0 0 250 0.828731
0 0 251 1.36163
0 0 252 1.5779
0 0 253 1.5433
0 0 254 1.56579
0 0 255 2.02083
0 0 256 3.06414
0 0 257 4.34448
0 0 258 5.27533
0 0 259 5.3082
0 0 260 4.34448
0 0 261 2.72329
0 0 262 1.05539
0 0 263 -0.112494
0 0 264 -0.496597
0 0 265 -0.122875
0 0 266 0.783746
0 0 267 1.96374
0 0 268 3.2683
0 0 269 4.53827
0 0 270 5.50198
0 0 271 5.70615
0 0 272 4.7753
0 0 273 2.63332
0 0 274 -0.282053
0 0 275 -3.24241
0 0 276 -5.49859
0 0 277 -6.43981
0 0 278 -5.86193
0 0 279 -4.14904
0 0 280 -2.00533
0 0 281 -0.237068
0 0 282 0.750872
0 0 283 1.08999
0 0 284 1.23706
0 0 285 1.64538
0 0 286 2.55373
0 0 287 3.92578
0 0 288 5.56946
0 0 289 7.15778
0 0 290 8.23396
0 0 291 8.40525
0 0 292 7.4969
0 0 293 5.67154
0 0 294 3.52783
0 0 295 1.75958
0 0 296 0.81835
0 0 297 0.602076
0 0 298 0.761254
0 0 299 0.920431
0 0 300 0.977528
0 0 301 0.885827
0 0 302 0.602076
0 0 303 0.00169853
0 0 304 -0.939527
0 0 305 -2.03993
0 0 306 -2.92406
0 0 307 -3.30989
0 0 308 -3.07113
0 0 309 -2.35656
0 0 310 -1.46205
0 0 311 -0.690379
0 0 312 -0.247449
0 0 313 -0.190353
0 0 314 -0.384135
0 0 315 -0.576186
0 0 316 -0.588297
0 0 317 -0.394516
0 0 318 -0.0778904
0 0 319 0.307943
0 0 320 0.602076
0 0 321 0.659172
0 0 322 0.444628
0 0 323 0.0916686
0 0 324 -0.065779
0 0 325 0.148765
0 0 326 0.693776
0 0 327 1.23706
0 0 328 1.55541
0 0 329 1.56579
0 0 330 1.47582
0 0 331 1.55541
0 0 332 1.92913
0 0 333 2.47415
0 0 334 2.88247
0 0 335 2.88247
0 0 336 2.50702
0 0 337 2.09869
0 0 338 2.06582
0 0 339 2.55373
0 0 340 3.2908
0 0 341 3.69912
0 0 342 3.25619
0 0 343 1.91875
0 0 344 0.148765
0 0 345 -1.41533
0 0 346 -2.36867
0 0 347 -2.65242
0 0 348 -2.45864
0 0 349 -2.05031
0 0 350 -1.77867
0 0 351 -2.00533
0 0 352 -2.87907
0 0 353 -4.06945
0 0 354 -4.93108
0 0 355 -4.93108
0 0 356 -4.10405
0 0 357 -2.85658
0 0 358 -1.61949
0 0 359 -0.463724
0 0 360 0.806239
0 0 361 2.35995
0 0 362 4.10745
0 0 363 5.70615
0 0 364 7.00898
0 0 365 8.099
0 0 366 9.15269
0 0 367 10.1164
0 0 368 10.7064
0 0 369 10.6389
0 0 370 9.96934
0 0 371 9.01774
0 0 372 8.34815
0 0 373 8.46062
0 0 374 9.78767
0 0 375 12.4522
0 0 376 16.2638
0 0 377 20.7087
0 0 378 25.1431
0 0 379 28.9859
0 0 380 31.8321
0 0 381 33.5571
0 0 382 34.3495
0 0 383 34.6557
0 0 384 34.962
0 0 385 35.6091
0 0 386 36.6974
0 0 387 38.194
0 0 388 40.1785
0 0 389 42.7081
0 0 390 45.6909
0 0 391 48.7741
0 0 392 51.4853
0 0 393 53.4803
0 0 394 54.7744
0 0 395 55.6015
0 0 396 56.3264
0 0 397 57.2676
0 0 398 58.6968
0 0 399 60.773
0 0 400 63.4946
0 0 401 66.4429
0 0 402 69.1299
0 0 403 71.194
0 0 404 72.5781
0 0 405 73.4173
0 0 406 73.9502
0 0 407 74.4139
0 0 408 74.9243
0 0 409 75.4572
0 0 410 75.843
0 0 411 75.843
0 0 412 75.5714
0 0 413 75.5592
0 0 414 76.4451
0 0 415 78.5075
0 0 416 81.5821
0 0 417 85.1878
0 0 418 88.861
0 0 419 92.3093
0 0 420 95.28
0 0 421 97.4912
0 0 422 98.6816
0 0 423 98.7836
0 0 424 97.9116
0 0 425 96.3458
0 0 426 94.4287
0 0 427 92.5238
0 0 428 90.9147
0 0 429 89.8247
0 0 430 89.406
0 0 431 89.7001
0 0 432 90.6638
0 0 433 92.0601
0 0 434 93.6017
0 0 435 94.8942
0 0 436 95.6987
0 0 437 96.0171
0 0 438 96.0845
0 0 439 96.2091
0 0 440 96.55
0 0 441 97.0154
0 0 442 97.4791
0 0 443 97.9791
0 0 444 98.6487
0 0 445 99.4411
0 0 446 99.9965
0 0 447 99.7699
0 0 448 98.467
0 0 449 96.3233
0 0 450 94.0325
0 0 451 92.3664
0 0 452 91.6743
0 0 453 91.7539
0 0 454 92.2401
0 0 455 92.8646
0 0 456 93.5342
0 0 457 94.2246
0 0 458 94.8042
0 0 459 95.0309
0 0 460 94.7471
0 0 461 93.9183
0 0 462 92.8422
0 0 463 91.8663
0 0 464 91.4476
0 0 465 91.7539
0 0 466 92.6259
0 0 467 93.6138
0 0 468 94.0671
0 0 469 93.5792
0 0 470 92.2747
0 0 471 90.5964
0 0 472 89.0997
0 0 473 87.989
0 0 474 87.0702
0 0 475 85.9577
0 0 476 84.4836
0 0 477 82.8053
0 0 478 81.3779
0 0 479 80.6166
0 0 480 80.6166
0 0 481 81.0146
0 0 482 81.2983
0 0 483 81.127
0 0 484 80.7083
0 0 485 80.6737
0 0 486 81.5578
0 0 487 83.3503
0 0 488 85.3919
0 0 489 86.8211
0 0 490 87.1498
0 0 491 86.5373
0 0 492 85.584
0 0 493 84.8365
0 0 494 84.4282
0 0 495 84.1099
0 0 496 83.5199
0 0 497 82.5683
0 0 498 81.5128
0 0 499 80.5266
0 0 500 79.5975
0 0 501 78.5767
0 0 502 77.5213
0 0 503 76.7617
0 0 504 76.4901
0 0 505 76.523
0 0 506 76.5472
0 0 507 76.4676
0 0 508 76.4451
0 0 509 76.5472
0 0 510 76.4451
0 0 511 75.651
0 0 512 73.9035
0 0 513 71.2961
0 0 514 68.0519
0 0 515 64.3113
0 0 516 60.1034
0 0 517 55.6465
0 0 518 51.3487
0 0 519 47.5838
0 0 520 44.4763
0 0 521 42.0506
0 0 522 40.3602
0 0 523 39.4882
0 0 524 39.3515
0 0 525 39.7252
0 0 526 40.1906
0 0 527 40.4519
0 0 528 40.3031
0 0 529 39.5781
0 0 530 38.2286
0 0 531 36.3237
0 0 532 34.0329
0 0 533 31.4808
0 0 534 28.6018
0 0 535 25.2781
0 0 536 21.6378
0 0 537 18.1341
0 0 538 15.2309
0 0 539 13.2013
0 0 540 12.056
0 0 541 11.5802
0 0 542 11.4435
0 0 543 11.2047
0 0 544 10.5818
0 0 545 9.49354
0 0 546 8.17859
0 0 547 6.97611
0 0 548 6.09198
0 0 549 5.58157
0 0 550 5.37741
0 0 551 5.25284
0 0 552 4.87738
0 0 553 3.91367
0 0 554 2.30286
0 0 555 0.420405
0 0 556 -1.17829
0 0 557 -2.2216
0 0 558 -2.85658
0 0 559 -3.42235
0 0 560 -3.97948
0 0 561 -4.30821
0 0 562 -4.20613
0 0 563 -3.7286
0 0 564 -3.09362
0 0 565 -2.50535
0 0 566 -1.99494
0 0 567 -1.60911
0 0 568 -1.46205
0 0 569 -1.69908
0 0 570 -2.1645
0 0 571 -2.6057
0 0 572 -2.82198
0 0 573 -2.99154
0 0 574 -3.36699
0 0 575 -4.01235
0 0 576 -4.59024
0 0 577 -4.56774
0 0 578 -3.59364
0 0 579 -1.76656
0 0 580 0.410024
0 0 581 2.33746
0 0 582 3.48285
0 0 583 3.62991
0 0 584 2.85998
0 0 585 1.5433
0 0 586 0.160876
0 0 587 -1.0295
0 0 588 -1.98283
0 0 589 -2.77699
0 0 590 -3.24241
0 0 591 -3.15071
0 0 592 -2.23198
0 0 593 -0.496597
0 0 594 1.76996
0 0 595 3.94827
0 0 596 5.32031
0 0 597 5.32031
0 0 598 3.87906
0 0 599 1.35125
0 0 600 -1.6316
0 0 601 -4.42068
0 0 602 -6.36022
0 0 603 -7.13189
0 0 604 -6.79104
0 0 605 -5.82732
0 0 606 -4.73903
0 0 607 -3.75109
0 0 608 -2.62993
0 0 609 -1.0987
0 0 610 0.761254
0 0 611 2.28036
0 0 612 2.67831
0 0 613 1.71459
0 0 614 0.00169853
0 0 615 -1.5399
0 0 616 -2.40327
0 0 617 -2.91195
0 0 618 -3.66112
0 0 619 -5.01067
0 0 620 -6.74606
0 0 621 -8.42434
0 0 622 -9.60261
0 0 623 -9.97806
0 0 624 -9.38806
0 0 625 -7.94854
0 0 626 -5.93979
0 0 627 -3.83068
0 0 628 -1.93785
0 0 629 -0.418739
0 0 630 0.783746
0 0 631 1.6921
0 0 632 2.15579
0 0 633 1.94125
0 0 634 1.08999
0 0 635 0.0466836
0 0 636 -0.576186
0 0 637 -0.418739
0 0 638 0.432517
0 0 639 1.62289
0 0 640 2.76828
0 0 641 3.43786
0 0 642 3.18872
0 0 643 1.75958
0 0 644 -0.496597
0 0 645 -2.68529
0 0 646 -3.8774
0 0 647 -3.86528
0 0 648 -3.35488
0 0 649 -3.41197
0 0 650 -4.57985
0 0 651 -6.54189
0 0 652 -8.46933
0 0 653 -9.56973
0 0 654 -9.54724
0 0 655 -8.58352
0 0 656 -7.0523
0 0 657 -5.42938
0 0 658 -4.14904
0 0 659 -3.66112
0 0 660 -4.05734
0 0 661 -5.11275
0 0 662 -6.33773
0 0 663 -7.40353
0 0 664 -8.14059
0 0 665 -8.25306
0 0 666 -7.38104
0 0 667 -5.33941
0 0 668 -2.55034
0 0 669 0.183369
0 0 670 2.25787
0 0 671 3.53994
0 0 672 4.3341
0 0 673 4.8895
0 0 674 5.33069
0 0 675 5.56946
0 0 676 5.58157
0 0 677 5.38779
0 0 678 5.13864
0 0 679 4.94659
0 0 680 4.8324
0 0 681 4.53827
0 0 682 3.72161
0 0 683 2.24749
0 0 684 0.455009
0 0 685 -1.01912
0 0 686 -1.60911
0 0 687 -1.25788
0 0 688 -0.269942
0 0 689 0.828731
0 0 690 1.55541
0 0 691 1.5779
0 0 692 0.977528
0 0 693 0.10378
0 0 694 -0.543312
0 0 695 -0.802841
0 0 696 -0.88243
0 0 697 -1.31325
0 0 698 -2.56072
0 0 699 -4.69232
0 0 700 -7.14227
0 0 701 -8.91226
0 0 702 -9.19428
0 0 703 -7.93643
0 0 704 -5.80483
0 0 705 -3.70611
0 0 706 -2.23198
0 0 707 -1.52952
0 0 708 -1.20079
0 0 709 -0.780349
0 0 710 0.0138099
0 0 711 1.12459
0 0 712 2.31497
0 0 713 3.27869
0 0 714 3.69912
0 0 715 3.40326
0 0 716 2.42916
0 0 717 1.11248
0 0 718 -0.0329053
0 0 719 -0.633283
0 0 720 -0.531201
0 0 721 0.0138099
0 0 722 0.512106
0 0 723 0.397913
0 0 724 -0.622901
0 0 725 -2.37905
0 0 726 -4.23901
0 0 727 -5.62316
0 0 728 -6.23565
0 0 729 -6.11108
0 0 730 -5.38439
0 0 731 -4.28572
0 0 732 -3.07113
0 0 733 -2.1299
0 0 734 -1.72157
0 0 735 -1.89286
0 0 736 -2.37905
0 0 737 -2.83409
0 0 738 -3.15071
0 0 739 -3.43447
0 0 740 -3.86528
0 0 741 -4.39818
0 0 742 -4.65944
0 0 743 -4.33071
0 0 744 -3.43447
0 0 745 -2.43614
0 0 746 -1.71119
0 0 747 -1.21117
0 0 748 -0.531201
0 0 749 0.671283
0 0 750 2.32708
0 0 751 3.92578
0 0 752 4.96908
0 0 753 5.12653
0 0 754 4.3341
0 0 755 2.85998
0 0 756 1.21456
0 0 757 -0.112494
0 0 758 -0.825334
0 0 759 -1.04161
0 0 760 -0.996623
0 0 761 -0.837445
0 0 762 -0.441231
0 0 763 0.365039
0 0 764 1.47582
0 0 765 2.56412
0 0 766 3.16622
0 0 767 2.78039
0 0 768 1.19207
0 0 769 -1.38246
0 0 770 -4.14904
0 0 771 -6.13357
0 0 772 -6.64398
0 0 773 -5.60067
0 0 774 -3.54693
0 0 775 -1.44993
0 0 776 -0.190353
0 0 777 -0.237068
0 0 778 -1.33574
0 0 779 -2.82198
0 0 780 -4.00197
0 0 781 -4.47777
0 0 782 -4.17153
0 0 783 -3.14033
0 0 784 -1.67659
0 0 785 -0.16786
0 0 786 1.05539
0 0 787 1.78207
0 0 788 2.0762
0 0 789 2.04333
0 0 790 1.75958
0 0 791 1.19207
0 0 792 0.318324
0 0 793 -0.655775
0 0 794 -1.38246
0 0 795 -1.56413
0 0 796 -1.13158
0 0 797 -0.304546
0 0 798 0.681665
0 0 799 1.62289
0 0 800 2.48453
0 0 801 3.18872
0 0 802 3.66452
0 0 803 3.83408
0 0 804 3.55033
0 0 805 2.53124
0 0 806 0.569202
0 0 807 -2.14201
0 0 808 -4.84111
0 0 809 -6.54189
0 0 810 -6.67685
0 0 811 -5.419
0 0 812 -3.51405
0 0 813 -1.89286
0 0 814 -1.18867
0 0 815 -1.50703
0 0 816 -2.55034
0 0 817 -3.83068
0 0 818 -4.90859
0 0 819 -5.44149
0 0 820 -5.19234
0 0 821 -4.2615
0 0 822 -3.00365
0 0 823 -1.90324
0 0 824 -1.22328
0 0 825 -0.962019
0 0 826 -1.08659
0 0 827 -1.61949
0 0 828 -2.52784
0 0 829 -3.59364
0 0 830 -4.50027
0 0 831 -5.02278
0 0 832 -5.16985
0 0 833 -4.99856
0 0 834 -4.51238
0 0 835 -3.75109
0 0 836 -2.95866
0 0 837 -2.57283
0 0 838 -2.90157
0 0 839 -3.93276
0 0 840 -5.20272
0 0 841 -6.06609
0 0 842 -5.92941
0 0 843 -4.62484
0 0 844 -2.53823
0 0 845 -0.361642
0 0 846 1.24917
0 0 847 1.92913
0 0 848 1.79418
0 0 849 1.14709
0 0 850 0.387532
0 0 851 -0.282053
0 0 852 -0.872049
0 0 853 -1.51741
0 0 854 -2.40327
0 0 855 -3.61614
0 0 856 -5.05566
0 0 857 -6.58688
0 0 858 -8.0835
0 0 859 -9.61472
0 0 860 -11.203
0 0 861 -12.6304
0 0 862 -13.39
0 0 863 -13.1184
0 0 864 -11.7584
0 0 865 -9.76178
0 0 866 -7.65268
0 0 867 -5.80483
0 0 868 -4.23901
0 0 869 -2.84447
0 0 870 -1.55202
0 0 871 -0.349531
0 0 872 0.716268
0 0 873 1.6004
0 0 874 2.33746
0 0 875 2.79077
0 0 876 2.78039
0 0 877 2.1679
0 0 878 1.08999
0 0 879 -0.0882715
0 0 880 -1.01912
0 0 881 -1.597
0 0 882 -1.97072
0 0 883 -2.32368
0 0 884 -2.68529
0 0 885 -3.04863
0 0 886 -3.43447
0 0 887 -3.89989
0 0 888 -4.23901
0 0 889 -4.10405
0 0 890 -3.18532
0 0 891 -1.60911
0 0 892 -0.0104128
0 0 893 0.773365
0 0 894 0.19375
0 0 895 -1.64199
0 0 896 -4.02446
0 0 897 -6.06609
0 0 898 -7.08517
0 0 899 -6.81353
0 0 900 -5.35152
0 0 901 -3.07113
0 0 902 -0.588297
0 0 903 1.47582
0 0 904 2.79077
0 0 905 3.39288
0 0 906 3.53994
0 0 907 3.58493
0 0 908 3.74411
0 0 909 3.97076
0 0 910 4.02786
0 0 911 3.68701
0 0 912 2.89285
0 0 913 1.88415
0 0 914 1.02251
0 0 915 0.522487
0 0 916 0.148765
0 0 917 -0.690379
0 0 918 -2.45864
0 0 919 -4.93108
0 0 920 -7.23397
0 0 921 -8.34476
0 0 922 -7.81186
0 0 923 -5.9865
0 0 924 -3.8774
0 0 925 -2.48113
0 0 926 -2.32368
0 0 927 -3.24241
0 0 928 -4.60235
0 0 929 -5.75985
0 0 930 -6.30313
0 0 931 -6.23565
0 0 932 -5.69064
0 0 933 -4.81862
0 0 934 -3.59364
0 0 935 -1.98283
0 0 936 -0.134987
0 0 937 1.40835
0 0 938 2.02083
0 0 939 1.51043
0 0 940 0.342547
0 0 941 -0.655775
0 0 942 -0.825334
0 0 943 -0.112494
0 0 944 1.00002
0 0 945 1.79418
0 0 946 1.91875
0 0 947 1.61251
0 0 948 1.55541
0 0 949 2.12292
0 0 950 3.09701
0 0 951 3.8012
0 0 952 3.75449
0 0 953 2.83576
0 0 954 1.30626
0 0 955 -0.463724
0 0 956 -2.06242
0 0 957 -3.07113
0 0 958 -3.24241
0 0 959 -2.7199
0 0 960 -1.97072
0 0 961 -1.43782
0 0 962 -1.22328
0 0 963 -1.16618
0 0 964 -1.04161
0 0 965 -0.814953
0 0 966 -0.622901
0 0 967 -0.451612
0 0 968 -0.122875
0 0 969 0.671283
0 0 970 1.98623
0 0 971 3.43786
0 0 972 4.51577
0 0 973 4.7978
0 0 974 4.2995
0 0 975 3.2337
0 0 976 1.95163
0 0 977 0.942924
0 0 978 0.81835
0 0 979 1.96374
0 0 980 4.23202
0 0 981 6.78233
0 0 982 8.60941
0 0 983 9.08521
0 0 984 8.31355
0 0 985 6.65775
0 0 986 4.46906
0 0 987 1.97412
0 0 988 -0.451612
0 0 989 -2.20949
0 0 990 -2.78737
0 0 991 -2.14201
0 0 992 -0.724983
0 0 993 0.773365
0 0 994 1.66787
0 0 995 1.45333
0 0 996 -0.112494
0 0 997 -2.7199
0 0 998 -5.44149
0 0 999 -7.22186
0 0 1000 -7.31183
0 0 1001 -5.80483
0 0 1002 -3.46907
0 0 1003 -1.40495
0 0 1004 -0.508709
0 0 1005 -1.01912
0 0 1006 -2.51573
0 0 1007 -4.18364
0 0 1008 -5.27193
0 0 1009 -5.3273
0 0 1010 -4.36358
0 0 1011 -2.73201
0 0 1012 -0.962019
0 0 1013 0.387532
0 0 1014 0.90832
0 0 1015 0.602076
0 0 1016 -0.145368
0 0 1017 -0.872049
0 0 1018 -1.32536
0 0 1019 -1.55202
0 0 1020 -0.0104128
0 0 1021 -0.0104128
0 0 1022 -0.0104128
0 0 1023 -0.0104128
