0 0 0 -0.0104128
0 0 1 -0.0104128
0 0 2 -0.0104128
0 0 3 -0.0104128
0 0 4 -0.0104128
0 0 5 -0.0104128
0 0 6 -0.0104128
0 0 7 -0.0104128
0 0 8 -0.0104128
0 0 9 -0.0104128
0 0 10 -0.0104128
0 0 11 -0.0104128
0 0 12 -0.0104128
0 0 13 -0.0104128
0 0 14 -0.0104128
0 0 15 -0.0104128
0 0 16 -0.0104128
0 0 17 -0.0104128
0 0 18 -0.0104128
0 0 19 -0.0104128
0 0 20 -0.0104128
0 0 21 -0.0104128
0 0 22 -0.0104128
0 0 23 -0.0104128
0 0 24 -0.0104128
0 0 25 -0.0104128
0 0 26 -0.0104128
0 0 27 -0.0104128
0 0 28 -0.0104128
0 0 29 -0.0104128
0 0 30 -0.0104128
0 0 31 -0.0104128
0 0 32 -0.0104128
0 0 33 -0.0104128
0 0 34 -0.0104128
0 0 35 -0.0104128
0 0 36 -0.0104128
0 0 37 -0.0104128
0 0 38 -0.0104128
0 0 39 -0.0104128
0 0 40 -0.0104128
0 0 41 -0.0104128
0 0 42 -0.0104128
0 0 43 -0.0104128
0 0 44 -0.0104128
0 0 45 -0.0104128
0 0 46 -0.0104128
0 0 47 -0.0104128
0 0 48 -0.0104128
0 0 49 -0.0104128
0 0 50 -0.0104128
0 0 51 -0.0104128
0 0 52 -3.17321
0 0 53 -5.8948
0 0 54 -2.06242
0 0 55 -4.22862
0 0 56 -6.05398
0 0 57 -3.42235
0 0 58 0.54671
0 0 59 -0.622901
0 0 60 -0.849557
0 0 61 2.23538
0 0 62 2.54162
0 0 63 0.295831
0 0 64 3.2683
0 0 65 3.87906
0 0 66 2.1108
0 0 67 -3.55904
0 0 68 -2.24409
0 0 69 2.6662
0 0 70 2.25787
0 0 71 -5.03316
0 0 72 -7.26684
0 0 73 -1.58662
0 0 74 3.87906
0 0 75 2.49664
0 0 76 -1.97072
0 0 77 -6.33773
0 0 78 -0.112494
0 0 79 2.04333
0 0 80 -2.10741
0 0 81 -3.03825
0 0 82 -2.99154
0 0 83 -3.59364
0 0 84 -1.58662
0 0 85 -6.09896
0 0 86 -7.39142
0 0 87 -2.90157
0 0 88 -2.78737
0 0 89 -2.2216
0 0 90 0.955035
0 0 91 -3.14033
0 0 92 -5.27193
0 0 93 -4.45528
0 0 94 -2.34617
0 0 95 0.648791
0 0 96 4.48117
0 0 97 2.67831
0 0 98 -0.292434
0 0 99 -5.87231
0 0 100 -3.33238
0 0 101 1.95163
0 0 102 0.499994
0 0 103 -0.633283
0 0 104 3.22159
0 0 105 4.23202
0 0 106 5.03656
0 0 107 3.30118
0 0 108 4.52615
0 0 109 4.94659
0 0 110 0.387532
0 0 111 -4.74941
0 0 112 -3.61614
0 0 113 -3.21819
0 0 114 0.522487
0 0 115 3.77698
0 0 116 2.7008
0 0 117 -0.394516
0 0 118 6.24943
0 0 119 13.4055
0 0 120 12.7359
0 0 121 3.95865
0 0 122 2.33746
0 0 123 1.88415
0 0 124 -1.91536
0 0 125 -4.30821
0 0 126 -2.42576
0 0 127 -2.32368
0 0 128 -1.46205
0 0 129 -0.814953
0 0 130 -0.508709
0 0 131 1.5433
0 0 132 3.81158
0 0 133 -0.282053
0 0 134 -2.79948
0 0 135 -3.20781
0 0 136 0.977528
0 0 137 4.41369
0 0 138 2.24749
0 0 139 -3.98986
0 0 140 -3.88778
0 0 141 -3.42235
0 0 142 -0.33915
0 0 143 2.47415
0 0 144 0.28545
0 0 145 -3.00365
0 0 146 -2.53823
0 0 147 0.432517
0 0 148 1.83916
0 0 149 1.92913
0 0 150 2.92746
0 0 151 0.0691761
0 0 152 1.48793
0 0 153 1.94125
0 0 154 -0.214576
0 0 155 -4.09194
0 0 156 -5.14736
0 0 157 -3.21819
0 0 158 -0.79246
0 0 159 -4.99856
0 0 160 -7.51599
0 0 161 -5.23733
0 0 162 -5.01067
0 0 163 -6.45019
0 0 164 -3.27529
0 0 165 -1.90324
0 0 166 -0.451612
0 0 167 -0.88243
0 0 168 3.42575
0 0 169 6.97611
0 0 170 2.94995
0 0 171 -2.27697
0 0 172 1.43084
0 0 173 8.71149
0 0 174 14.5284
0 0 175 16.3538
0 0 176 22.9077
0 0 177 29.4409
0 0 178 35.0087
0 0 179 43.6597
0 0 180 59.3889
0 0 181 76.9659
0 0 182 92.1951
0 0 183 99.5778
0 0 184 99.9965
0 0 185 93.0463
0 0 186 84.6549
0 0 187 72.3965
0 0 188 58.6968
0 0 189 46.6425
0 0 190 47.7083
0 0 191 48.3779
0 0 192 48.0838
0 0 193 50.2154
0 0 194 53.5823
0 0 195 57.3818
0 0 196 61.2038
0 0 197 63.6642
0 0 198 68.5295
0 0 199 69.2769
0 0 200 69.1645
0 0 201 67.5658
0 0 202 59.6605
0 0 203 49.4558
0 0 204 47.4246
0 0 205 46.7221
0 0 206 46.3484
0 0 207 43.2635
0 0 208 40.5073
0 0 209 35.3824
0 0 210 31.8788
0 0 211 27.1381
0 0 212 22.7382
0 0 213 19.6878
0 0 214 19.9941
0 0 215 15.1184
0 0 216 10.8535
0 0 217 10.0368
0 0 218 7.64396
0 0 219 6.9986
0 0 220 6.73734
0 0 221 1.33914
0 0 222 -2.44826
0 0 223 -5.9519
0 0 224 -5.93979
0 0 225 -4.14904
0 0 226 1.83916
0 0 227 4.66284
0 0 228 3.13162
0 0 229 3.69912
0 0 230 5.47949
0 0 231 0.773365
0 0 232 -3.41197
0 0 233 -4.44317
0 0 234 1.72497
0 0 235 3.99326
0 0 236 2.68869
0 0 237 -0.145368
0 0 238 -3.10573
0 0 239 -5.58856
0 0 240 -2.02782
0 0 241 -1.41533
0 0 242 -2.10741
0 0 243 -1.33574
0 0 244 2.88247
0 0 245 3.39288
0 0 246 -0.951638
0 0 247 -3.89989
0 0 248 -1.83577
0 0 249 -4.62484
0 0 250 -3.91027
0 0 251 -0.112494
0 0 252 3.34616
0 0 253 -0.0104128
0 0 254 0.614187
0 0 255 6.964
0 0 256 7.83775
0 0 257 1.18169
0 0 258 -2.50535
0 0 259 -3.79781
0 0 260 0.0138099
0 0 261 5.11615
0 0 262 4.87738
0 0 263 2.80288
0 0 264 6.82904
0 0 265 5.48987
0 0 266 1.86166
0 0 267 -1.67659
0 0 268 0.0812874
0 0 269 3.8237
0 0 270 4.62824
0 0 271 3.91367
0 0 272 5.24072
0 0 273 0.81835
0 0 274 -0.79246
0 0 275 1.36163
0 0 276 5.3653
0 0 277 -0.0432865
0 0 278 -6.06609
0 0 279 -6.12146
0 0 280 -1.29076
0 0 281 -2.49324
0 0 282 -3.44658
0 0 283 -2.02782
0 0 284 -2.98116
0 0 285 -4.02446
0 0 286 -0.962019
0 0 287 -1.007
0 0 288 -0.0882715
0 0 289 -0.237068
0 0 290 -1.84615
0 0 291 -0.474105
0 0 292 4.16281
0 0 293 0.0916686
0 0 294 -6.14395
0 0 295 -7.66479
0 0 296 -5.96401
0 0 297 -6.4623
0 0 298 -4.94319
0 0 299 0.579583
0 0 300 5.78574
0 0 301 1.96374
0 0 302 -1.96034
0 0 303 -3.35488
0 0 304 -4.71654
0 0 305 -4.59024
0 0 306 1.99661
0 0 307 4.36698
0 0 308 -0.872049
0 0 309 -3.84279
0 0 310 -0.384135
0 0 311 -0.52082
0 0 312 -1.76656
0 0 313 0.955035
0 0 314 5.56946
0 0 315 0.410024
0 0 316 -1.6887
0 0 317 0.930812
0 0 318 -0.33915
0 0 319 -5.10064
0 0 320 -2.14201
0 0 321 -0.531201
0 0 322 -2.55034
0 0 323 -7.22186
0 0 324 -6.05398
0 0 325 -4.06945
0 0 326 -0.70076
0 0 327 0.00169853
0 0 328 -0.384135
0 0 329 -0.065779
0 0 330 -0.927415
0 0 331 -3.47945
0 0 332 -2.92406
0 0 333 0.750872
0 0 334 2.28036
0 0 335 0.63668
0 0 336 0.987909
0 0 337 -1.71119
0 0 338 -3.49156
0 0 339 -1.71119
0 0 340 -1.77867
0 0 341 -2.51573
0 0 342 -2.1299
0 0 343 0.0916686
0 0 344 3.00704
0 0 345 3.25619
0 0 346 7.16816
0 0 347 4.09534
0 0 348 -0.441231
0 0 349 -0.951638
0 0 350 -0.224957
0 0 351 -0.690379
0 0 352 2.50702
0 0 353 4.42407
0 0 354 5.05905
0 0 355 0.681665
0 0 356 -1.76656
0 0 357 -3.32027
0 0 358 -1.42744
0 0 359 2.94995
0 0 360 5.73902
0 0 361 2.43954
0 0 362 -0.52082
0 0 363 -1.44993
0 0 364 1.14709
0 0 365 1.32876
0 0 366 2.33746
0 0 367 -0.16786
0 0 368 -2.94655
0 0 369 -1.80116
0 0 370 -2.57283
0 0 371 -6.98309
0 0 372 -1.80116
0 0 373 1.98623
0 0 374 -2.80987
0 0 375 -4.4103
0 0 376 0.671283
0 0 377 1.5779
0 0 378 2.1333
0 0 379 -0.349531
0 0 380 -0.88243
0 0 381 4.48117
0 0 382 7.32734
0 0 383 3.89117
0 0 384 -0.16786
0 0 385 -3.33238
0 0 386 -1.85826
0 0 387 -4.96569
0 0 388 -3.66112
0 0 389 -0.622901
0 0 390 -0.904923
0 0 391 -3.69573
0 0 392 -2.45864
0 0 393 -1.6887
0 0 394 0.420405
0 0 395 2.1108
0 0 396 1.22668
0 0 397 -0.282053
0 0 398 -0.316657
0 0 399 1.43084
0 0 400 5.24072
0 0 401 3.25619
0 0 402 1.49832
0 0 403 0.228354
0 0 404 3.16622
0 0 405 1.78207
0 0 406 2.1679
0 0 407 1.90664
0 0 408 -1.46205
0 0 409 -2.14201
0 0 410 -0.282053
0 0 411 -1.52952
0 0 412 -1.44993
0 0 413 -1.61949
0 0 414 2.15579
0 0 415 1.03289
0 0 416 -3.57115
0 0 417 -3.20781
0 0 418 1.23706
0 0 419 0.569202
0 0 420 -1.30287
0 0 421 -2.53823
0 0 422 -0.349531
0 0 423 -3.45696
0 0 424 -4.59024
0 0 425 -0.622901
0 0 426 1.0675
0 0 427 -1.51741
0 0 428 -2.26659
0 0 429 -4.98818
0 0 430 -5.10064
0 0 431 -3.58153
0 0 432 -0.202464
0 0 433 0.410024
0 0 434 1.38585
0 0 435 2.94995
0 0 436 2.68869
0 0 437 -0.996623
0 0 438 -2.09703
0 0 439 -4.17153
0 0 440 -0.394516
0 0 441 3.68701
0 0 442 6.06776
0 0 443 5.27533
0 0 444 4.16281
0 0 445 3.47247
0 0 446 2.20077
0 0 447 -0.962019
0 0 448 0.63668
0 0 449 2.82537
0 0 450 4.15243
0 0 451 3.52783
0 0 452 5.04867
0 0 453 4.57114
0 0 454 5.25284
0 0 455 6.22693
0 0 456 4.11783
0 0 457 -1.6887
0 0 458 -2.86696
0 0 459 -0.996623
0 0 460 0.693776
0 0 461 -0.372023
0 0 462 1.23706
0 0 463 1.59002
0 0 464 2.09869
0 0 465 4.12994
0 0 466 0.875446
0 0 467 -4.2615
0 0 468 -3.46907
0 0 469 -1.98283
0 0 470 -0.531201
0 0 471 3.37039
0 0 472 7.78065
0 0 473 4.94659
0 0 474 -0.917034
0 0 475 -4.43279
0 0 476 -4.74941
0 0 477 -4.2615
0 0 478 -2.10741
0 0 479 -4.33071
0 0 480 -6.14395
0 0 481 -1.38246
0 0 482 5.34281
0 0 483 3.78909
0 0 484 -0.282053
0 0 485 -4.17153
0 0 486 -6.45019
0 0 487 -5.56606
0 0 488 -1.57451
0 0 489 -1.55202
0 0 490 -4.48815
0 0 491 -7.51599
0 0 492 -6.60937
0 0 493 -4.15942
0 0 494 -1.50703
0 0 495 -1.6541
0 0 496 1.72497
0 0 497 5.41028
0 0 498 5.83072
0 0 499 -0.190353
0 0 500 -2.93617
0 0 501 -1.97072
0 0 502 1.18169
0 0 503 3.10913
0 0 504 3.72161
0 0 505 1.0675
0 0 506 -3.96737
0 0 507 -7.84646
0 0 508 -5.50897
0 0 509 -7.19937
0 0 510 -7.97103
0 0 511 -5.02278
0 0 512 -0.16786
0 0 513 0.648791
0 0 514 2.6091
0 0 515 -0.724983
0 0 516 -3.71822
0 0 517 -4.55736
0 0 518 -4.02446
0 0 519 -3.33238
0 0 520 -0.712871
0 0 521 1.36163
0 0 522 2.46203
0 0 523 3.52783
0 0 524 3.66452
0 0 525 1.39623
0 0 526 2.48453
0 0 527 -0.0104128
0 0 528 -0.16786
0 0 529 4.8324
0 0 530 5.11615
0 0 531 1.73708
0 0 532 2.46203
0 0 533 -0.79246
0 0 534 -2.82198
0 0 535 -3.88778
0 0 536 -0.633283
0 0 537 4.93448
0 0 538 5.41028
0 0 539 3.48285
0 0 540 5.67154
0 0 541 -1.08659
0 0 542 -8.51431
0 0 543 -10.7705
0 0 544 -8.50393
0 0 545 -6.54189
0 0 546 -1.74407
0 0 547 0.579583
0 0 548 -1.55202
0 0 549 -7.82224
0 0 550 -9.1268
0 0 551 -5.23733
0 0 552 -0.553694
0 0 553 -6.71145
0 0 554 -9.98844
0 0 555 -6.72356
0 0 556 -3.37737
0 0 557 -2.17489
0 0 558 -1.79078
0 0 559 -1.85826
0 0 560 1.6921
0 0 561 0.397913
0 0 562 -0.837445
0 0 563 0.930812
0 0 564 0.840842
0 0 565 -0.927415
0 0 566 0.262958
0 0 567 0.591695
0 0 568 -0.622901
0 0 569 -2.27697
0 0 570 0.477502
0 0 571 1.40835
0 0 572 1.55541
0 0 573 1.44122
0 0 574 2.20077
0 0 575 0.738761
0 0 576 1.92913
0 0 577 3.34616
0 0 578 1.88415
0 0 579 -1.81327
0 0 580 -4.78402
0 0 581 -4.54525
0 0 582 0.569202
0 0 583 1.83916
0 0 584 3.59704
0 0 585 1.72497
0 0 586 0.81835
0 0 587 -0.859938
0 0 588 -1.1558
0 0 589 1.15747
0 0 590 2.40494
0 0 591 0.410024
0 0 592 -0.361642
0 0 593 -3.2303
0 0 594 -3.41197
0 0 595 -1.76656
0 0 596 1.33914
0 0 597 -1.007
0 0 598 -0.112494
0 0 599 3.10913
0 0 600 3.81158
0 0 601 1.78207
0 0 602 -0.16786
0 0 603 -1.91536
0 0 604 1.30626
0 0 605 2.76828
0 0 606 2.6662
0 0 607 0.0466836
0 0 608 -3.08324
0 0 609 -4.31859
0 0 610 3.2683
0 0 611 8.0644
0 0 612 8.29106
0 0 613 6.02277
0 0 614 3.2683
0 0 615 -1.94823
0 0 616 -5.4536
0 0 617 -4.03484
0 0 618 0.806239
0 0 619 -0.0104128
0 0 620 -2.32368
0 0 621 -4.68194
0 0 622 -2.99154
0 0 623 -1.96034
0 0 624 -4.64733
0 0 625 -4.93108
0 0 626 -0.496597
0 0 627 0.138384
0 0 628 0.90832
0 0 629 0.240465
0 0 630 -2.11952
0 0 631 -4.18364
0 0 632 -3.3445
0 0 633 1.03289
0 0 634 4.18531
0 0 635 3.42575
0 0 636 1.28377
0 0 637 -2.44826
0 0 638 0.0916686
0 0 639 -0.100383
0 0 640 -0.553694
0 0 641 -3.49156
0 0 642 -3.27529
0 0 643 -2.82198
0 0 644 -4.829
0 0 645 -6.79104
0 0 646 -6.54189
0 0 647 -6.4848
0 0 648 -5.24944
0 0 649 -3.75109
0 0 650 -3.27529
0 0 651 -5.77023
0 0 652 -1.85826
0 0 653 3.08663
0 0 654 4.44657
0 0 655 -3.80819
0 0 656 -7.66479
0 0 657 -2.10741
0 0 658 3.74411
0 0 659 6.9415
0 0 660 8.04191
0 0 661 3.11951
0 0 662 1.14709
0 0 663 1.44122
0 0 664 -2.53823
0 0 665 -6.85852
0 0 666 0.806239
0 0 667 4.51577
0 0 668 4.16281
0 0 669 1.96374
0 0 670 -4.76152
0 0 671 -13.39
0 0 672 -9.41055
0 0 673 -4.37569
0 0 674 -2.06242
0 0 675 -0.814953
0 0 676 0.840842
0 0 677 1.44122
0 0 678 0.602076
0 0 679 1.27166
0 0 680 3.98114
0 0 681 1.24917
0 0 682 -1.55202
0 0 683 0.750872
0 0 684 4.62824
0 0 685 1.66787
0 0 686 1.45333
0 0 687 4.59363
0 0 688 5.12653
0 0 689 5.12653
0 0 690 8.89143
0 0 691 8.0073
0 0 692 3.35827
0 0 693 -3.55904
0 0 694 2.05371
0 0 695 6.47608
0 0 696 1.78207
0 0 697 -1.35996
0 0 698 -0.122875
0 0 699 1.15747
0 0 700 3.52783
0 0 701 5.32031
0 0 702 7.0557
0 0 703 4.50366
0 0 704 1.49832
0 0 705 -1.56413
0 0 706 -1.46205
0 0 707 0.81835
0 0 708 3.62991
0 0 709 -0.531201
0 0 710 -0.894542
0 0 711 4.69571
0 0 712 8.85856
0 0 713 5.58157
0 0 714 2.82537
0 0 715 2.24749
0 0 716 1.635
0 0 717 -0.384135
0 0 718 1.64538
0 0 719 1.38585
0 0 720 0.614187
0 0 721 0.579583
0 0 722 0.477502
0 0 723 -1.56413
0 0 724 -2.31157
0 0 725 -3.35488
0 0 726 1.23706
0 0 727 3.16622
0 0 728 -3.3445
0 0 729 -8.31015
0 0 730 -2.70778
0 0 731 3.53994
0 0 732 7.00898
0 0 733 12.4522
0 0 734 13.0993
0 0 735 6.53318
0 0 736 2.00872
0 0 737 -2.94655
0 0 738 -5.49859
0 0 739 -3.66112
0 0 740 3.2683
0 0 741 5.8411
0 0 742 5.43278
0 0 743 -0.474105
0 0 744 -4.13692
0 0 745 -2.42576
0 0 746 0.897939
0 0 747 -0.020794
0 0 748 -1.75618
0 0 749 -6.72356
0 0 750 -8.5593
0 0 751 -3.53655
0 0 752 1.03289
0 0 753 1.46371
0 0 754 -1.91536
0 0 755 -4.23901
0 0 756 -2.59532
0 0 757 -2.47075
0 0 758 -0.406627
0 0 759 0.648791
0 0 760 -4.66982
0 0 761 -10.2151
0 0 762 -4.13692
0 0 763 -0.872049
0 0 764 -2.74239
0 0 765 -5.71313
0 0 766 -2.39116
0 0 767 -1.007
0 0 768 1.53292
0 0 769 6.35151
0 0 770 5.58157
0 0 771 -1.90324
0 0 772 -8.83267
0 0 773 -6.15606
0 0 774 3.33578
0 0 775 3.2683
0 0 776 0.897939
0 0 777 4.867
0 0 778 5.13864
0 0 779 -0.157479
0 0 780 -3.30989
0 0 781 -3.29778
0 0 782 -0.70076
0 0 783 -1.0987
0 0 784 -0.70076
0 0 785 -2.48113
0 0 786 -1.13158
0 0 787 3.25619
0 0 788 5.35492
0 0 789 1.81667
0 0 790 0.477502
0 0 791 -0.849557
0 0 792 -4.08156
0 0 793 -7.07479
0 0 794 -6.38272
0 0 795 -6.3706
0 0 796 -8.81018
0 0 797 -5.05566
0 0 798 2.38244
0 0 799 1.14709
0 0 800 -0.112494
0 0 801 0.681665
0 0 802 1.11248
0 0 803 0.648791
0 0 804 0.420405
0 0 805 0.352928
0 0 806 4.02786
0 0 807 4.00537
0 0 808 5.91031
0 0 809 5.63694
0 0 810 2.02083
0 0 811 -0.565805
0 0 812 0.579583
0 0 813 -0.202464
0 0 814 1.0675
0 0 815 2.21289
0 0 816 4.14032
0 0 817 3.52783
0 0 818 1.21456
0 0 819 -2.1645
0 0 820 -3.74071
0 0 821 -2.09703
0 0 822 3.01743
0 0 823 4.00537
0 0 824 2.1108
0 0 825 -0.769968
0 0 826 -0.974131
0 0 827 -2.47075
0 0 828 -3.30989
0 0 829 -4.22862
0 0 830 -0.927415
0 0 831 0.024191
0 0 832 -1.60911
0 0 833 -6.34811
0 0 834 -6.87063
0 0 835 -4.06945
0 0 836 -1.32536
0 0 837 -1.71119
0 0 838 -5.10064
0 0 839 -8.7081
0 0 840 -7.57309
0 0 841 -3.53655
0 0 842 3.42575
0 0 843 2.54162
0 0 844 0.659172
0 0 845 0.648791
0 0 846 3.60742
0 0 847 4.43618
0 0 848 1.03289
0 0 849 -1.79078
0 0 850 -1.44993
0 0 851 -2.20949
0 0 852 -5.57818
0 0 853 -7.98141
0 0 854 -4.2615
0 0 855 -5.25982
0 0 856 -6.87063
0 0 857 -3.89989
0 0 858 2.17828
0 0 859 1.5433
0 0 860 -2.82198
0 0 861 -5.33941
0 0 862 -0.0104128
0 0 863 4.36698
0 0 864 4.67322
0 0 865 2.00872
0 0 866 2.56412
0 0 867 3.16622
0 0 868 4.91199
0 0 869 4.12994
0 0 870 4.10745
0 0 871 3.13162
0 0 872 3.1766
0 0 873 2.37206
0 0 874 -1.21117
0 0 875 -5.11275
0 0 876 -2.93617
0 0 877 -0.16786
0 0 878 0.397913
0 0 879 0.522487
0 0 880 1.89626
0 0 881 1.0104
0 0 882 -0.122875
0 0 883 0.90832
0 0 884 5.72864
0 0 885 6.44321
0 0 886 3.44824
0 0 887 -0.849557
0 0 888 1.89626
0 0 889 7.07819
0 0 890 8.60941
0 0 891 1.38585
0 0 892 -5.30481
0 0 893 -8.1181
0 0 894 -5.63354
0 0 895 -4.97607
0 0 896 -4.76152
0 0 897 -6.50729
0 0 898 -4.70443
0 0 899 -2.56072
0 0 900 -2.15239
0 0 901 -4.84111
0 0 902 -4.15942
0 0 903 -2.86696
0 0 904 -3.1957
0 0 905 -5.50897
0 0 906 -3.8203
0 0 907 -4.43279
0 0 908 -3.7286
0 0 909 -0.269942
0 0 910 0.648791
0 0 911 -0.224957
0 0 912 3.2908
0 0 913 4.44657
0 0 914 6.24943
0 0 915 4.01575
0 0 916 -1.99494
0 0 917 -4.96569
0 0 918 -1.04161
0 0 919 1.16958
0 0 920 2.1679
0 0 921 3.94827
0 0 922 4.75281
0 0 923 2.79077
0 0 924 3.11951
0 0 925 2.31497
0 0 926 -1.07621
0 0 927 -4.60235
0 0 928 0.602076
0 0 929 1.6921
0 0 930 0.262958
0 0 931 -2.44826
0 0 932 -3.7857
0 0 933 0.648791
0 0 934 3.38077
0 0 935 -0.474105
0 0 936 -2.28908
0 0 937 -0.327038
0 0 938 6.80482
0 0 939 5.28571
0 0 940 -0.757856
0 0 941 -5.79272
0 0 942 -2.14201
0 0 943 1.02251
0 0 944 -1.57451
0 0 945 -2.55034
0 0 946 -2.17489
0 0 947 -3.69573
0 0 948 -0.16786
0 0 949 4.67322
0 0 950 2.55373
0 0 951 -4.08156
0 0 952 -3.44658
0 0 953 -4.76152
0 0 954 -3.10573
0 0 955 0.00169853
0 0 956 3.46036
0 0 957 1.83916
0 0 958 -1.49492
0 0 959 -5.60067
0 0 960 -4.55736
0 0 961 1.0104
0 0 962 6.16984
0 0 963 4.59363
0 0 964 -0.531201
0 0 965 -0.984512
0 0 966 0.569202
0 0 967 -1.73369
0 0 968 1.27166
0 0 969 2.83576
0 0 970 0.397913
0 0 971 -4.81862
0 0 972 -6.81353
0 0 973 -5.50897
0 0 974 1.48793
0 0 975 8.90354
0 0 976 6.51069
0 0 977 -1.13158
0 0 978 -2.14201
0 0 979 -2.05031
0 0 980 -2.14201
0 0 981 -3.44658
0 0 982 2.20077
0 0 983 8.27894
0 0 984 6.01239
0 0 985 0.148765
0 0 986 -1.97072
0 0 987 -0.622901
0 0 988 3.732
0 0 989 2.72329
0 0 990 1.92913
0 0 991 1.40835
0 0 992 3.46036
0 0 993 3.2908
0 0 994 2.04333
0 0 995 -0.79246
0 0 996 -1.72157
0 0 997 -1.37034
0 0 998 1.29415
0 0 999 2.37206
0 0 1000 1.19207
0 0 1001 -1.21117
0 0 1002 -1.79078
0 0 1003 -5.39651
0 0 1004 -4.2615
0 0 1005 -1.51741
0 0 1006 -1.50703
0 0 1007 -4.55736
0 0 1008 -3.8774
0 0 1009 -0.825334
0 0 1010 1.20418
0 0 1011 0.205861
0 0 1012 2.04333
0 0 1013 2.05371
0 0 1014 0.920431
0 0 1015 1.80456
0 0 1016 1.84955
0 0 1017 -5.40689
0 0 1018 -6.14395
0 0 1019 -1.82366
0 0 1020 -0.0104128
0 0 1021 -0.0104128
0 0 1022 -0.0104128
0 0 1023 -0.0104128
