0 0 0 6.13177 -13.4029 13.032 -6.43976
0 0 1 -0.763932 -9.94508 11.8878 -0.702666
0 0 2 6.13177 1.51317 14.1762 1.5896
0 0 3 7.31697 0.360567 15.3204 -1.8488
0 0 4 7.31697 -4.24985 9.59944 1.5896
0 0 5 2.68392 0.360567 5.02263 5.02799
0 0 6 -0.763932 2.66578 7.31103 -0.702666
0 0 7 3.86912 4.90319 3.87843 -5.29363
0 0 8 6.13177 2.66578 3.87843 0.443466
0 0 9 4.94657 4.90319 7.31103 9.61252
0 0 10 -1.94913 10.734 10.7436 13.0574
0 0 11 -16.818 16.497 5.02263 11.9112
0 0 12 -12.1849 17.5818 -5.31463 3.88186
0 0 13 1.49872 11.8866 -4.17043 -3.00137
0 0 14 -0.763932 8.361 -5.31463 5.02799
0 0 15 -12.1849 6.05579 -0.737827 24.5251
0 0 16 -13.3701 7.2084 6.16683 21.0803
0 0 17 -8.73709 2.66578 -4.17043 15.3496
0 0 18 -4.21178 4.90319 0.406374 14.2035
0 0 19 -0.763932 6.05579 8.45524 3.88186
0 0 20 2.68392 4.90319 -0.737827 -1.8488
0 0 21 4.94657 4.90319 -3.02623 1.5896
0 0 22 -9.92229 2.66578 -1.88203 9.61252
0 0 23 -7.65964 -4.24985 0.406374 5.02799
0 0 24 4.94657 -13.4029 8.45524 -0.702666
0 0 25 0.421268 -11.0977 11.8878 1.5896
0 0 26 -4.21178 -0.792038 9.59944 5.02799
0 0 27 -9.92229 4.90319 3.87843 0.443466
0 0 28 -11.1075 3.81838 -5.31463 5.02799
0 0 29 -3.02658 -0.792038 -7.60303 13.0574
0 0 30 3.86912 -1.94464 -3.02623 1.5896
0 0 31 1.49872 -3.09725 -5.31463 -11.0243
0 0 32 3.86912 -0.792038 -8.74723 -1.8488
0 0 33 -3.02658 3.81838 -8.74723 2.73573
0 0 34 -4.21178 6.05579 -5.31463 -0.702666
0 0 35 -0.763932 4.90319 -9.89143 8.46639
0 0 36 -1.94913 2.66578 -3.02623 10.7587
0 0 37 -5.39698 2.66578 3.87843 1.5896
0 0 38 -4.21178 4.90319 3.87843 -5.29363
0 0 39 3.86912 7.2084 7.31103 -9.87816
0 0 40 3.86912 2.66578 3.87843 -7.5859
0 0 41 7.31697 -7.70767 -6.45883 -3.00137
0 0 42 11.8423 -4.24985 -13.324 2.73573
0 0 43 7.31697 8.361 -12.1798 11.9112
0 0 44 6.13177 10.734 -11.0356 5.02799
0 0 45 6.13177 8.361 -6.45883 -1.8488
0 0 46 2.68392 0.360567 -3.02623 -3.00137
0 0 47 3.86912 -3.09725 -9.89143 3.88186
0 0 48 7.31697 0.360567 -14.4682 17.6419
0 0 49 2.68392 1.51317 -12.1798 11.9112
0 0 50 -11.1075 0.360567 -8.74723 2.73573
0 0 51 -21.3433 1.51317 3.87843 3.88186
0 0 52 -8.73709 3.81838 13.032 5.02799
0 0 53 8.39443 10.734 7.31103 -3.00137
0 0 54 1.49872 9.58141 3.87843 -14.4627
0 0 55 -12.1849 -6.55506 10.7436 -11.0243
0 0 56 -12.1849 -9.94508 6.16683 -4.1475
0 0 57 -13.3701 -6.55506 2.69478 2.73573
0 0 58 -11.1075 -3.09725 1.55058 3.88186
0 0 59 -1.94913 0.360567 -5.31463 -7.5859
0 0 60 2.68392 -1.94464 -9.89143 -14.4627
0 0 61 -3.02658 -4.24985 -7.60303 -8.73203
0 0 62 -8.73709 -4.24985 1.55058 0.443466
0 0 63 -9.92229 -5.40246 9.59944 8.46639
0 0 64 -1.94913 -14.5555 6.16683 8.46639
0 0 65 1.49872 -24.8611 -1.88203 -4.1475
0 0 66 -1.94913 -28.319 -9.89143 -14.4627
0 0 67 30.159 -36.3194 -21.3729 -12.1704
0 0 68 139.09 -84.5254 -39.7196 -19.0537
0 0 69 556.495 -347.116 -103.913 -50.0121
0 0 70 2024.2 -1330.9 -218.57 -99.3215
0 0 71 4736.05 -3141.5 -147.511 -180.736
0 0 72 6824.15 -4425.71 407.466 -265.594
0 0 73 7039.75 -4144.81 1407.38 -332.102
0 0 74 6391.88 -2917.9 2367.09 -397.451
0 0 75 4885.17 -1463.92 2349.92 -373.382
0 0 76 2639.97 -423.934 1317.93 -228.899
0 0 77 1117.2 -62.6937 453.352 -94.7305
0 0 78 503.808 -20.3185 124.256 -28.2227
0 0 79 238.862 -15.7081 40.5718 -3.00137
0 0 80 100.193 -13.4029 13.032 6.17412
0 0 81 42.7652 -14.5555 3.87843 -0.702666
0 0 82 19.9232 -7.70767 -5.31463 -8.73203
0 0 83 3.86912 -4.24985 -9.89143 -8.73203
0 0 84 -0.763932 -1.94464 -0.737827 -9.87816
0 0 85 -4.21178 4.90319 6.16683 -12.1704
0 0 86 -3.02658 0.360567 8.45524 -13.3166
0 0 87 3.86912 -4.24985 6.16683 -4.1475
0 0 88 3.86912 -5.40246 2.69478 8.46639
0 0 89 4.94657 -8.79247 6.16683 15.3496
0 0 90 13.0275 -4.24985 6.16683 9.61252
0 0 91 26.7111 4.90319 -6.45883 1.5896
0 0 92 17.5528 2.66578 -8.74723 2.73573
0 0 93 -7.65964 -7.70767 -1.88203 3.88186
0 0 94 -13.3701 -9.94508 -1.88203 1.5896
0 0 95 -5.39698 -7.70767 0.406374 2.73573
0 0 96 1.49872 -4.24985 5.02263 3.88186
0 0 97 4.94657 0.360567 0.406374 6.17412
0 0 98 3.86912 8.361 -4.17043 -3.00137
0 0 99 -3.02658 7.2084 -4.17043 -12.1704
0 0 100 -8.73709 -3.09725 2.69478 -11.0243
0 0 101 -4.21178 -0.792038 15.3204 -5.29363
0 0 102 -6.47444 4.90319 16.4646 -0.702666
0 0 103 -9.92229 4.90319 3.87843 5.02799
0 0 104 -4.21178 -3.09725 -15.6519 1.5896
0 0 105 -4.21178 -4.24985 -21.3729 -4.1475
0 0 106 -7.65964 1.51317 -5.31463 -11.0243
0 0 107 -7.65964 -0.792038 6.16683 -7.5859
0 0 108 -4.21178 -3.09725 3.87843 0.443466
0 0 109 1.49872 -0.792038 -1.88203 0.443466
0 0 110 2.68392 -1.94464 -0.737827 6.17412
0 0 111 -8.73709 -0.792038 -7.60303 3.88186
0 0 112 -13.3701 -0.792038 -11.0356 -4.1475
0 0 113 -4.21178 -3.09725 -5.31463 -6.43976
0 0 114 3.86912 -0.792038 -0.737827 -6.43976
0 0 115 1.49872 8.361 -1.88203 5.02799
0 0 116 2.68392 15.3444 -1.88203 7.32026
0 0 117 8.39443 10.734 -6.45883 -0.702666
0 0 118 8.39443 3.81838 -14.4682 -7.5859
0 0 119 8.39443 -1.94464 -7.60303 -15.6088
0 0 120 6.13177 1.51317 2.69478 -12.1704
0 0 121 -1.94913 2.66578 -4.17043 -1.8488
0 0 122 -9.92229 -0.792038 -7.60303 -0.702666
0 0 123 -5.39698 -6.55506 1.55058 -7.5859
0 0 124 -7.65964 2.66578 6.16683 -5.29363
0 0 125 -12.1849 7.2084 10.7436 1.5896
0 0 126 1.49872 0.360567 9.59944 0.443466
0 0 127 4.94657 6.05579 8.45524 -1.8488
0 0 128 0.421268 9.58141 17.6088 -6.43976
0 0 129 -3.02658 -4.24985 6.16683 -8.73203
0 0 130 -4.21178 -9.94508 -5.31463 -13.3166
0 0 131 -1.94913 -3.09725 -1.88203 -17.9075
0 0 132 3.86912 -1.94464 -3.02623 -15.6088
0 0 133 11.8423 -8.79247 -6.45883 -6.43976
0 0 134 6.13177 -11.0977 -4.17043 -4.1475
0 0 135 -1.94913 -6.55506 1.55058 -3.00137
0 0 136 3.86912 4.90319 0.406374 -6.43976
0 0 137 8.39443 4.90319 2.69478 -8.73203
0 0 138 11.8423 -0.792038 -1.88203 2.73573
0 0 139 16.4753 -3.09725 -5.31463 9.61252
0 0 140 13.0275 -6.55506 -4.17043 0.443466
0 0 141 9.57963 -12.2503 -0.737827 -14.4627
0 0 142 9.57963 -15.7081 0.406374 -15.6088
0 0 143 7.31697 -14.5555 -5.31463 -17.9075
0 0 144 8.39443 -21.4711 -1.88203 -9.87816
0 0 145 3.86912 -19.1659 -8.74723 0.443466
0 0 146 -4.21178 -11.0977 -6.45883 2.73573
0 0 147 2.68392 -13.4029 13.032 -5.29363
