0 0 0 15.5293 -14.034 -18.9726 58.2865
0 0 1 84.3956 -16.6459 53.743 88.1156
0 0 2 7.69106 -74.1095 -50.3198 45.0889
0 0 3 -37.9504 51.1217 -42.3497 4.12238
0 0 4 -46.8866 28.5725 -2.2102 -93.3409
0 0 5 -36.9897 33.1135 -5.22834 -3.84994
0 0 6 11.5339 43.2858 22.5404 -56.9169
0 0 7 -5.36243 -17.4727 -35.473 -98.8425
0 0 8 -96.2337 -27.2376 -20.2106 -20.6194
0 0 9 -15.8235 10.5642 -14.4364 -43.0286
0 0 10 79.8665 32.4305 29.5526 -12.7852
0 0 11 -21.9995 -33.2883 25.5585 -70.7974
0 0 12 1.63705 33.6646 28.8568 -103.792
0 0 13 -20.6271 43.6932 -32.3103 -25.9829
0 0 14 -48.5335 69.9568 -52.109 11.408
0 0 15 -37.9504 -1.39342 -73.4167 47.0148
0 0 16 83.7094 25.5531 4.80202 39.8635
0 0 17 38.0679 79.3024 -24.6113 -63.9224
0 0 18 -77.4007 9.88123 -39.0424 -54.3003
0 0 19 -74.3813 -6.74918 18.2752 81.6549
0 0 20 -75.6165 -43.5925 19.9289 118.635
0 0 21 -41.7933 -39.327 31.0617 -19.1078
0 0 22 80.5527 96.7595 83.9877 -39.5911
0 0 23 55.5285 19.095 68.8608 -14.573
0 0 24 -3.85274 44.9393 -59.1122 -11.4117
0 0 25 33.2643 46.3052 34.9112 -51.0048
0 0 26 -44.2789 -31.3593 -66.1244 15.8085
0 0 27 17.039 14.554 14.8414 -105.856
0 0 28 -6.61288 47.9586 -16.2256 -63.7843
0 0 29 -27.3673 15.5126 -28.0452 -8.79907
0 0 30 -101.739 -46.48 -25.9849 28.5918
0 0 31 14.843 -32.7372 -35.8887 35.605
0 0 32 -52.5136 -18.4312 -43.7232 -16.2228
0 0 33 -51.6901 26.3798 -57.332 93.341
0 0 34 31.8766 -24.3501 -5.0928 19.6565
0 0 35 50.5724 62.3964 15.3926 134.994
0 0 36 41.499 5.89137 -15.6744 97.3271
0 0 37 -41.5188 54.4167 -67.2268 -7.8361
0 0 38 40.2638 25.9605 21.8536 -4.39856
0 0 39 44.1219 48.378 68.9963 51.6877
0 0 40 -5.63692 -7.98328 -5.22834 -74.7874
0 0 41 -50.4549 -46.8874 -24.6113 -46.4623
0 0 42 -35.48 4.80105 -101.176 -17.4581
0 0 43 -14.8476 -18.4312 -39.7382 9.0715
0 0 44 13.1961 -104.902 -14.8521 -69.0096
0 0 45 -18.1567 1.36234 -69.7028 26.3934
0 0 46 27.7593 22.5338 21.1669 -23.6465
0 0 47 45.3571 35.7254 -18.566 3.57375
0 0 48 -4.9507 61.7015 -20.2106 84.6781
0 0 49 35.1858 53.3264 -83.0314 49.8999
0 0 50 23.093 37.9301 -7.01754 -19.6565
0 0 51 60.332 74.4858 -44.2745 -62.4108
0 0 52 -20.9016 -10.1879 -32.9971 -12.0985
0 0 53 -76.5772 32.9817 -83.4471 81.2444
0 0 54 -8.94604 30.3697 -92.3841 10.3107
0 0 55 45.2199 16.8904 30.3749 -50.4523
0 0 56 -31.7592 -16.3704 6.72676 -3.43559
0 0 57 -25.3087 -14.7289 -31.7591 3.71187
0 0 58 21.019 21.1559 46.044 -56.4987
0 0 59 40.6755 40.3983 44.806 -31.4806
0 0 60 -6.61288 65.284 46.3151 10.5831
0 0 61 12.7691 -30.9519 56.0834 7.1494
0 0 62 -10.044 21.2877 2.74173 -35.1944
0 0 63 -12.9261 -2.07637 81.7828 -36.0154
0 0 64 -21.1761 -29.574 74.9152 4.94723
0 0 65 -3.44101 -35.0736 21.438 -61.9964
0 0 66 -29.0143 1.91349 -49.2174 -58.697
0 0 67 -68.0528 -69.8441 -80.2844 -61.1716
0 0 68 -51.4157 19.6462 -40.5605 -59.3914
0 0 69 -31.2102 -85.3841 61.9932 -14.8454
0 0 70 23.2302 41.5006 38.2094 2.7489
0 0 71 -11.2792 -21.5943 16.6306 -16.4952
0 0 72 24.4654 11.6665 44.1192 -11.8223
0 0 73 34.4995 0.667408 -2.48129 28.5918
0 0 74 46.8668 84.3945 42.8813 26.2553
0 0 75 45.3571 35.8572 68.8608 -47.9777
0 0 76 -15.6863 -13.2072 10.4407 -24.057
0 0 77 17.4507 -19.8091 -99.6674 -77.262
0 0 78 -36.7152 -9.36116 8.24487 -116.433
0 0 79 9.47524 -81.3943 1.3682 -77.5344
0 0 80 -7.02462 -81.6699 -11.8249 3.84998
0 0 81 35.4602 -45.9289 16.3505 -5.63776
0 0 82 27.2103 18.1245 -37.6689 -72.3129
0 0 83 7.55382 21.0121 20.4711 -25.158
0 0 84 -35.7545 4.65727 -13.7496 33.5409
0 0 85 -49.0825 9.88123 54.1586 50.038
0 0 86 12.7691 3.97432 33.122 -15.6703
0 0 87 6.59311 -22.0137 12.9167 -23.5083
0 0 88 -1.51958 -28.0644 -18.2859 -0.550521
0 0 89 47.8275 42.4591 15.5282 -24.7437
0 0 90 -24.7444 -100.637 -26.1294 -87.705
0 0 91 -27.2301 -23.116 -6.60187 -65.5759
0 0 92 71.2049 -43.1851 3.70862 -51.1429
0 0 93 29.9552 -30.5326 -43.8588 -15.1217
0 0 94 44.2592 16.6149 19.5132 80.2814
0 0 95 11.2594 -53.633 -32.4459 62.1346
0 0 96 13.0589 -25.5842 -3.85482 1.37542
0 0 97 0.539089 -33.0128 6.04 -107.778
0 0 98 126.453 35.8572 -24.4758 -14.8454
0 0 99 38.6169 27.2066 50.4447 -6.3245
0 0 100 -47.1611 -22.5648 9.75395 -26.6696
0 0 101 5.3579 17.0342 18.0041 -10.0344
0 0 102 -42.205 -37.2662 -35.473 -60.7649
0 0 103 -49.0825 -45.5215 21.1669 -16.9095
0 0 104 -41.9305 -82.4966 -5.77956 15.6703
0 0 105 -79.8711 12.4932 -37.3978 -19.7946
0 0 106 -14.8476 -42.2146 76.6953 24.4675
0 0 107 -43.8519 -87.8523 -34.7863 23.094
0 0 108 -40.9698 51.2535 -17.7437 -26.1172
0 0 109 82.3369 38.613 11.9498 15.6703
0 0 110 -52.1019 -41.3879 51.1315 -40.6922
0 0 111 -8.94604 -15.963 97.4518 -31.4806
0 0 112 -8.94604 -1.52522 30.3749 -15.2598
0 0 113 -28.4653 -10.1879 -18.7016 -38.7701
0 0 114 -57.7442 -24.6257 -8.6712 -90.5901
0 0 115 -27.6418 22.5338 6.72676 -11.546
0 0 116 -20.9016 -22.1455 7.55811 13.8825
0 0 117 -28.0536 -54.8671 5.63337 -28.0431
0 0 118 10.1615 -12.6681 -14.4364 -45.0888
0 0 119 45.2199 32.0112 -8.11998 -41.6513
0 0 120 8.37729 12.3614 -24.2047 39.0387
0 0 121 16.7645 32.5623 -41.7985 50.7247
0 0 122 52.3718 50.4388 23.3627 40.0016
0 0 123 -2.61754 61.5697 9.48286 34.3658
0 0 124 -28.877 2.59644 -70.6606 12.3709
0 0 125 -23.0975 -4.0054 -37.5333 10.3107
0 0 126 -9.76951 -30.257 -41.934 -29.2823
0 0 127 12.9064 -29.7058 25.2875 -88.5299
0 0 128 20.7446 -3.31047 7.69366 -56.0882
0 0 129 56.4892 -34.9298 -5.22834 12.7853
0 0 130 0.539089 -36.7151 -22.6866 43.1629
0 0 131 43.1612 8.64713 -15.819 46.3242
0 0 132 39.1658 -6.89295 -13.4785 60.0744
0 0 133 -17.3332 -5.79065 -37.8135 32.3055
0 0 134 6.45586 23.0729 -39.5936 24.3294
0 0 135 15.5293 12.9006 -44.1299 20.3432
0 0 136 16.0782 22.6655 32.1641 -23.094
0 0 137 22.9557 4.38169 36.8359 -30.5177
0 0 138 1.08807 -50.6017 -13.0629 -6.73501
0 0 139 -6.20115 -2.75932 -36.2954 -32.8541
0 0 140 -65.8568 -45.3777 -21.5842 -16.7714
0 0 141 -40.2836 -19.4017 -37.2622 -7.28747
0 0 142 54.0188 0.667408 -35.0574 43.1629
0 0 143 81.1017 -44.8266 -34.5062 58.5589
0 0 144 78.4788 10.8398 20.4711 50.3142
0 0 145 91.2731 39.4397 -2.2102 29.2785
0 0 146 81.5135 7.54482 -2.61683 18.6935
0 0 147 -31.3474 -2.9031 3.29295 23.2321
0 0 148 21.568 7.54482 17.5885 -42.2038
0 0 149 72.7146 -46.48 3.29295 -15.2598
0 0 150 56.2147 9.88123 27.4833 -6.04827
0 0 151 -13.4751 -14.7289 -10.3158 15.8085
0 0 152 24.0537 -3.31047 -35.7441 58.9733
0 0 153 -24.0582 -16.7897 -46.7414 11.9604
0 0 154 17.7252 21.4314 -75.7481 17.0438
0 0 155 57.8616 32.4305 -110.394 47.4253
0 0 156 26.1124 19.3706 -38.3556 12.6472
0 0 157 5.76964 -14.3095 19.7843 -14.9836
0 0 158 34.9113 -17.6164 -17.8792 12.509
0 0 159 92.371 -1.11784 -35.0574 -12.3709
0 0 160 73.9498 12.2176 -22.28 -20.4813
0 0 161 -0.558868 60.8867 21.7091 42.2038
0 0 162 -5.49968 1.76971 17.8596 -20.0708
0 0 163 -22.6858 -11.1464 20.6157 -10.7212
0 0 164 -72.8716 -11.2902 16.486 -26.1172
0 0 165 -61.4498 -42.2146 45.0861 -34.0972
0 0 166 -31.3474 14.4222 49.4778 24.4675
0 0 167 12.7691 39.7153 -25.027 83.7189
0 0 168 28.3083 27.8895 -30.8012 65.0197
0 0 169 83.8466 23.6241 11.263 76.8439
0 0 170 79.8665 7.26925 -5.77956 59.3838
0 0 171 73.4008 72.2932 -0.692089 62.2727
0 0 172 25.1516 38.3374 17.4529 53.0612
0 0 173 -0.147134 3.69874 35.1823 -3.1632
0 0 174 -51.1412 22.6655 -7.43321 15.3941
0 0 175 -54.5875 -14.3095 5.48878 -29.2823
0 0 176 -49.906 -41.2561 -40.425 -18.0067
0 0 177 -5.77417 -30.257 -68.4648 -3.71182
0 0 178 33.1271 10.5642 -53.347 14.7074
0 0 179 51.8229 -0.566692 -35.7441 42.7524
0 0 180 25.2889 2.32086 -70.6606 48.7988
0 0 181 20.8818 11.3909 -39.5936 67.2218
0 0 182 36.421 39.5715 -57.6031 -7.42175
0 0 183 0.401845 28.4407 -54.0337 -52.3744
0 0 184 -7.98533 74.4858 8.65151 -25.7067
0 0 185 -17.4705 49.7439 23.4983 -45.7756
0 0 186 35.872 13.5955 -14.1653 -37.1165
0 0 187 26.3868 17.4416 1.50375 18.5592
0 0 188 -35.2055 8.22777 -10.7315 70.7936
0 0 189 -8.8088 11.1153 -12.3761 37.5271
0 0 190 -30.524 12.7688 29.8237 1.2373
0 0 191 24.6027 19.9218 37.9293 0.412449
0 0 192 59.0968 12.9006 -13.7496 -3.98805
0 0 193 13.0589 -12.6681 -27.503 25.1543
0 0 194 -39.3229 -13.9022 -19.2528 51.4115
0 0 195 9.74973 -13.2072 -18.566 -28.3193
0 0 196 -8.12258 -45.3777 74.9152 35.4669
0 0 197 -9.90676 -26.1353 -12.5117 -14.0206
0 0 198 32.1664 -37.9611 -14.0298 -15.1217
0 0 199 42.0632 -60.4984 0.816984 25.5686
0 0 200 -41.656 -43.9998 -17.8792 -22.8216
0 0 201 -86.0623 -57.6109 -22.1354 -24.1951
0 0 202 -67.641 -38.7759 17.724 -60.4887
0 0 203 9.88698 1.49414 7.96475 -2.20023
0 0 204 6.18137 14.8296 21.7091 48.1121
0 0 205 -8.25982 -6.3418 15.7993 -23.094
0 0 206 25.4261 -9.36116 -34.7863 -0.412405
0 0 207 18.1369 29.9503 -40.8316 47.7016
0 0 208 47.4158 89.0673 16.7662 -18.283
0 0 209 121.375 50.0194 -37.8135 -61.4478
0 0 210 232.864 5.48399 -72.5854 36.2917
0 0 211 467.781 -137.756 -157.13 22.2692
0 0 212 756.33 -297.769 -234.517 -34.9182
0 0 213 879.088 -443.345 -220.221 -9.20958
0 0 214 800.859 -463.139 -174.723 -18.4211
0 0 215 761.546 -464.517 -108.875 28.5918
0 0 216 768.423 -495.429 -21.9998 115.336
0 0 217 844.579 -456.956 68.4542 98.5625
0 0 218 739.693 -408.287 109.967 63.0976
0 0 219 666.283 -302.31 205.5 113.272
0 0 220 628.205 -217.073 323.451 96.226
0 0 221 546.56 -65.4468 357.672 120.009
0 0 222 480.164 109.688 300.354 44.4021
0 0 223 426.821 231.061 254.169 13.472
0 0 224 434.659 279.047 98.1386 30.9282
0 0 225 440.973 289.782 -45.648 -15.1217
0 0 226 479.325 257.324 -110.665 -2.47646
0 0 227 519.339 277.945 -220.086 8.79911
0 0 228 532.393 197.381 -234.517 -27.7669
0 0 229 480.164 186.537 -219.815 4.12238
0 0 230 462.84 110.227 -208.266 -8.11233
0 0 231 469.428 60.6111 -224.071 -11.6841
0 0 232 456.512 23.8996 -156.443 -15.8084
0 0 233 264.064 32.9817 -89.0858 40.0016
0 0 234 124.532 -7.98328 -11.9695 -19.6565
0 0 235 68.033 -43.5925 37.5227 -14.9836
0 0 236 50.5724 -77.8238 3.42849 -37.3927
0 0 237 51.2739 -48.9482 8.24487 -36.4336
0 0 238 2.46052 -66.8247 -54.4404 -40.4159
0 0 239 8.51453 -37.1344 -8.39107 -30.6558
0 0 240 4.94617 -17.1971 6.45567 18.0068
0 0 241 13.3333 -0.698489 -5.36389 -15.1217
0 0 242 -28.0536 -12.2487 12.9167 11.8223
0 0 243 0.539089 3.83054 -33.964 -2.74885
0 0 244 -22.1368 39.0204 6.32013 9.89636
0 0 245 -25.1714 -5.3713 20.2 33.679
0 0 246 -51.0039 6.86187 29.1369 -42.48
0 0 247 -16.9215 6.86187 57.5924 -63.3737
0 0 248 -67.9155 -42.2146 -16.3611 -11.8223
0 0 249 -15.6863 -12.3925 -11.4183 46.19
0 0 250 7.00484 -30.257 0.545893 38.9044
0 0 251 9.47524 -25.5842 -9.7646 -0.826751
0 0 252 25.4261 -12.2487 -3.03251 -13.0615
0 0 253 114.635 -30.4008 0.952529 17.5963
0 0 254 129.9 -22.5648 29.6882 21.5824
0 0 255 22.117 21.9826 87.2859 24.6056
0 0 256 36.421 47.8268 36.2847 15.8085
0 0 257 64.7391 35.7254 4.2508 -9.34769
0 0 258 -11.8282 -27.9206 -18.4305 -54.0241
0 0 259 -20.9016 -3.72982 23.7784 -97.4652
0 0 260 -57.3324 -40.5731 -33.1326 -67.0875
0 0 261 -49.357 -66.2736 -72.1787 -35.743
0 0 262 -9.90676 12.2176 -19.1172 -0.27429
0 0 263 -34.6566 39.7153 -18.8371 33.2685
0 0 264 -2.34305 -28.7473 -8.94229 45.6375
0 0 265 61.1707 25.1457 87.4215 30.2415
0 0 266 85.4936 15.1052 73.397 36.2917
0 0 267 -5.91141 -7.44411 9.6184 41.9276
0 0 268 -47.1611 9.74943 -27.2228 31.6188
0 0 269 4.67168 22.2582 21.7091 19.9327
0 0 270 -10.593 -12.2487 18.962 15.9466
0 0 271 -51.4157 0.811187 9.88949 44.4021
0 0 272 -41.2443 26.7872 -50.3198 55.1252
0 0 273 -0.696113 56.7531 -27.7741 6.45883
0 0 274 -107.915 11.5347 -20.7618 1.2373
0 0 275 -71.3466 -15.4118 -23.5089 46.0518
0 0 276 11.3967 -14.4533 36.4202 101.313
0 0 277 18.5486 -15.6874 29.6882 73.5444
0 0 278 19.2349 14.2785 -1.24331 59.9363
0 0 279 -55.411 -54.0404 17.3174 -2.20023
0 0 280 -10.593 -33.5519 14.5613 53.1993
0 0 281 25.7006 12.7688 59.6527 2.7489
0 0 282 -17.6077 -9.91231 -14.9876 -47.7015
0 0 283 -17.6077 -42.6339 17.1728 12.509
0 0 284 -60.9008 -74.5288 -16.7768 -12.6471
0 0 285 -50.7294 -24.6257 -35.202 -31.0663
0 0 286 -37.6759 -1.669 7.27798 7.28368
0 0 287 3.28398 10.1568 64.4601 35.605
0 0 288 29.9552 16.2075 14.977 24.057
0 0 289 29.1317 -0.974065 22.6759 5.63397
0 0 290 40.1266 4.24989 36.8359 -1.09914
0 0 291 54.705 56.8969 -0.692089 17.7344
0 0 292 -12.3772 72.2932 48.1043 36.5641
0 0 293 -45.5141 57.3042 5.63337 98.4244
0 0 294 -16.647 18.1245 9.6184 44.264
0 0 295 -1.38234 1.91349 34.9112 41.6513
0 0 296 33.9506 11.2591 -2.34574 80.9681
0 0 297 26.5241 -39.8782 -7.70431 22.6835
0 0 298 -19.2546 -33.0128 -15.819 -12.6471
0 0 299 -5.08794 1.36234 36.7004 -17.8725
0 0 300 -21.4506 -13.9022 21.8536 15.3941
0 0 301 -54.862 10.8398 10.3052 -11.2736
0 0 302 5.49515 -11.422 -22.9667 22.9559
0 0 303 17.5879 20.8803 -0.14087 1.64781
0 0 304 69.6799 -35.0736 18.5554 33.679
0 0 305 21.8425 -5.1077 -27.9096 3.84998
0 0 306 4.80892 16.3393 -87.8478 15.5322
0 0 307 13.7451 -12.2487 -44.1299 -28.1812
0 0 308 -13.7496 -23.3796 23.4983 -42.3419
0 0 309 28.171 -23.7989 6.17555 -51.5496
0 0 310 34.9113 -35.9003 22.1247 16.0847
0 0 311 -7.02462 19.778 52.6405 12.7853
0 0 312 -40.6953 -56.7842 38.2094 53.6137
0 0 313 48.102 -10.3317 51.4025 -8.93718
0 0 314 13.1961 15.3808 20.6157 -7.69798
0 0 315 36.2837 4.93284 53.0562 5.9102
0 0 316 -19.5291 5.48399 38.7607 9.75824
0 0 317 20.3328 -31.6349 29.1369 -14.4349
0 0 318 42.3377 -34.798 32.9864 13.1958
0 0 319 -3.98999 20.4609 33.9443 20.6195
0 0 320 -66.4058 17.9927 9.20273 29.6929
0 0 321 -24.4699 27.8895 8.78706 28.1813
0 0 322 -11.6909 6.16694 14.1547 -0.412405
0 0 323 -38.7739 -14.7289 30.5105 54.7109
0 0 324 -78.9103 -32.3178 39.9986 64.7473
0 0 325 41.6515 15.9319 3.84417 12.0985
0 0 326 83.7094 52.3559 23.4983 10.1726
0 0 327 -4.12723 25.8287 -13.4785 59.66
0 0 328 42.0632 11.9421 -14.9876 3.57375
0 0 329 18.5486 27.6139 34.6311 17.32
0 0 330 25.8379 19.6462 -6.882 -19.2459
0 0 331 -53.7641 17.0342 1.23266 -35.743
0 0 332 -69.288 -24.6257 20.7512 2.47267
0 0 333 2.18603 1.36234 24.3206 1.64781
0 0 334 32.3036 -3.86162 47.6976 -35.4668
0 0 335 17.4507 27.0628 30.5105 18.0068
0 0 336 47.9648 55.2434 46.3151 14.7074
0 0 337 56.3519 11.1153 47.282 -6.3245
0 0 338 -31.3474 51.5291 20.3355 26.1172
0 0 339 -13.2006 3.27939 -0.692089 9.75824
0 0 340 -26.5439 -15.4118 9.20273 -7.28747
0 0 341 -54.5875 -14.034 30.3749 -8.66095
0 0 342 6.18137 4.52547 40.9565 6.87317
0 0 343 11.5339 34.7669 4.80202 28.5918
0 0 344 -23.7837 11.1153 -22.6866 -22.8216
0 0 345 -17.745 13.1762 24.8718 -41.1065
0 0 346 -30.6612 -35.6247 35.869 -71.8985
0 0 347 -9.35778 -71.9169 12.2299 1.09919
0 0 348 -8.25982 -101.188 24.185 51.5496
0 0 349 -2.75478 -57.4791 -16.3611 40.5541
0 0 350 32.8526 -15.8192 -45.2323 0.822958
0 0 351 32.1664 -9.78051 23.4983 -21.7205
0 0 352 5.49515 32.8379 39.583 -46.3319
0 0 353 35.1858 35.4499 29.5526 -0.826751
0 0 354 24.6027 14.554 36.1492 31.8912
0 0 355 6.18137 6.7181 29.1369 -4.95102
0 0 356 -52.2391 13.3199 42.7457 -37.8033
0 0 357 -80.5573 9.74943 -1.93007 -37.5309
0 0 358 13.7451 -17.6164 -4.13494 -46.3319
0 0 359 -24.7444 -18.1556 26.9321 -18.9697
0 0 360 -100.626 37.9301 42.6102 23.3703
0 0 361 -74.793 18.5439 -13.343 27.6288
0 0 362 30.9159 42.8784 42.0589 7.1494
0 0 363 17.3134 -3.17867 -8.6712 -28.0431
0 0 364 -12.2399 -2.75932 -15.6744 2.20027
0 0 365 -6.04866 38.8886 -7.56876 67.4942
0 0 366 11.3967 -6.06623 -7.9754 37.2547
0 0 367 -19.1174 -36.9906 22.1247 20.7576
0 0 368 -54.0386 -39.4708 -64.7509 -2.88697
0 0 369 -83.4547 -26.2671 4.2508 -47.5634
0 0 370 -57.4697 -53.4892 42.0589 -0.96103
0 0 371 -84.4154 -33.0128 5.90446 32.9923
0 0 372 -39.1856 43.5614 46.5952 -2.33835
0 0 373 24.8771 9.0545 32.9864 41.7895
0 0 374 50.4352 -16.2386 -18.2859 21.9929
0 0 375 10.8477 14.4222 -26.265 -27.0801
0 0 376 41.2245 31.6038 -33.964 29.9691
0 0 377 38.6169 -21.187 -19.3883 9.75824
0 0 378 18.1369 29.1236 -6.882 -7.42175
0 0 379 28.8572 12.0858 1.78387 -8.38472
0 0 380 -16.647 3.69874 -16.5057 -22.9559
0 0 381 -31.8964 31.8794 12.501 -25.5686
0 0 382 2.59776 -11.5658 -11.1381 -45.6413
0 0 383 -11.4164 6.31072 -53.6181 -21.4443
0 0 384 57.3126 -0.159319 -33.6838 -7.8361
0 0 385 79.8665 -28.1962 11.5431 15.5322
0 0 386 44.8081 -2.22015 25.5585 30.9282
0 0 387 25.8379 24.8702 2.05497 3.84998
0 0 388 21.9798 35.3181 -2.89696 -36.5717
0 0 389 -13.6124 -4.41277 -64.8864 -34.7801
0 0 390 -21.8623 -3.45425 -71.492 -6.18639
0 0 391 30.6414 -0.159319 -41.5184 -4.95102
0 0 392 23.6419 23.7679 -38.5002 -25.158
0 0 393 37.5189 -13.7584 -20.8974 -43.0286
0 0 394 24.0537 -3.72982 43.2969 -84.82
0 0 395 -46.8866 -18.4312 7.55811 -6.46262
0 0 396 -77.5379 3.83054 -29.9699 20.0708
0 0 397 -46.8866 -17.4727 -8.11998 13.472
0 0 398 7.00484 -17.1971 13.739 -11.6841
0 0 399 -29.5632 20.4609 -4.54158 -1.09914
0 0 400 -31.6219 35.7254 0.952529 -21.5824
0 0 401 -15.5338 27.4821 -19.2528 -15.6703
0 0 402 -47.9845 -56.3768 -14.7165 -23.2321
0 0 403 12.3574 17.0342 21.7091 -13.6101
0 0 404 -16.2353 -17.4727 3.29295 27.0802
0 0 405 5.22066 -32.3178 29.1369 -0.00189646
0 0 406 -22.9603 -39.327 0.681439 -18.9697
0 0 407 -29.8377 -130.471 -14.3008 -5.63776
0 0 408 3.14674 -84.4256 -40.5605 -26.1172
0 0 409 9.88698 -45.6533 -41.3828 22.6835
0 0 410 11.6712 -56.1012 -20.0751 27.905
0 0 411 36.421 38.4692 2.05497 29.5548
0 0 412 18.9604 69.13 19.5132 40.5541
0 0 413 84.2584 -37.9611 -36.1598 104.751
0 0 414 103.091 -1.52522 12.7811 32.5779
0 0 415 55.3912 -31.6349 50.029 19.9327
0 0 416 1.63705 -32.7372 21.438 -44.264
0 0 417 -44.8279 -26.4109 -11.8249 -32.8541
0 0 418 -34.931 -21.4625 -51.9644 41.5132
0 0 419 -12.9261 -15.5556 -75.6126 18.5592
0 0 420 -28.0536 -23.6552 -26.5361 0.136219
0 0 421 -23.2347 -10.5953 -44.1299 -0.412405
0 0 422 13.3333 67.8959 14.4257 -37.3927
0 0 423 -3.7155 32.7061 35.7335 2.47267
0 0 424 58.6851 21.2877 -12.6562 -24.6056
0 0 425 67.3468 -20.504 36.5558 15.5322
0 0 426 51.4111 21.0121 26.661 53.1993
0 0 427 46.8668 52.4996 -5.91511 2.20027
0 0 428 -24.3327 5.75957 -26.265 -33.1304
0 0 429 -39.4601 22.1144 -29.9699 -6.3245
0 0 430 -91.6894 -7.16853 38.7607 -41.9275
0 0 431 -120.282 -26.9621 44.3903 -46.4623
0 0 432 -39.5974 -38.5123 5.63337 -54.849
0 0 433 2.32327 -1.52522 -5.22834 -19.5222
0 0 434 47.004 37.7863 5.21769 -12.0985
0 0 435 11.6712 -0.159319 -2.61683 14.8455
0 0 436 52.0974 2.32086 28.7213 -22.2691
0 0 437 -3.30376 -29.4303 63.0866 -36.5717
0 0 438 -24.7444 -15.1363 6.04 -53.3412
0 0 439 11.3967 6.03515 -7.28863 -44.264
0 0 440 10.8477 33.6646 8.51596 -19.6565
0 0 441 -20.9016 -11.9731 21.5735 32.8542
0 0 442 -4.12723 0.116257 31.3328 20.7576
0 0 443 -11.6909 19.6462 -15.4033 36.1536
0 0 444 -19.3919 22.9411 32.2997 6.59694
0 0 445 -16.098 42.4591 58.2792 -16.0846
0 0 446 29.269 62.1208 -5.22834 25.1543
0 0 447 30.9159 5.48399 -27.2228 55.2595
