0 0 0 0.126152
0 0 1 -0.175482
0 0 2 0.169427
0 0 3 0.330346
0 0 4 0.365023
0 0 5 0.0315778
0 0 6 0.404716
0 0 7 1.58073
0 0 8 7.26364
0 0 9 8.85535
0 0 10 6.13835
0 0 11 6.71797
0 0 12 7.78723
0 0 13 5.95264
0 0 14 2.54797
0 0 15 2.04214
0 0 16 2.94418
0 0 17 1.85356
0 0 18 0.535114
0 0 19 0.0367364
0 0 20 -0.216464
0 0 21 -0.285102
0 0 22 -0.283956
0 0 23 -0.272922
0 0 24 -0.208297
0 0 25 -0.0278893
0 0 26 -0.0162824
0 0 27 -0.367496
0 0 28 0.0656818
0 0 29 0.157963
0 0 30 -0.0589841
0 0 31 0.278474
0 0 32 -0.242401
0 0 33 -0.132781
0 0 34 0.0956303
0 0 35 -0.230794
0 0 36 -0.262605
0 0 37 -0.535294
0 0 38 0.0984962
0 0 39 0.253111
0 0 40 0.0748527
0 0 41 -0.340414
0 0 42 0.0489164
0 0 43 -0.213025
0 0 44 -0.338121
0 0 45 0.235772
0 0 46 -0.399308
0 0 47 0.164841
0 0 48 -0.101113
0 0 49 0.00850745
0 0 50 -0.132207
0 0 51 -0.278081
0 0 52 0.138332
0 0 53 0.42492
0 0 54 0.183326
0 0 55 0.0148124
0 0 56 -0.409625
0 0 57 -0.375664
0 0 58 -0.394579
0 0 59 0.0401755
0 0 60 -0.267764
0 0 61 -0.0208679
0 0 62 0.280193
0 0 63 0.0454774
0 0 64 -0.125329
0 0 65 -0.188092
0 0 66 0.108813
0 0 67 -0.0797618
0 0 68 -0.166885
0 0 69 0.241504
0 0 70 0.41403
0 0 71 0.165988
0 0 72 0.207543
0 0 73 -0.0410723
0 0 74 0.00850745
0 0 75 -0.158717
0 0 76 -0.243547
0 0 77 -0.15929
0 0 78 0.0863162
0 0 79 -0.185799
0 0 80 -0.0763227
0 0 81 0.303264
0 0 82 -0.24412
0 0 83 0.282486
0 0 84 0.38924
0 0 85 0.0921913
0 0 86 0.00850745
0 0 87 0.0828771
0 0 88 -0.0780422
0 0 89 0.398411
0 0 90 0.174012
0 0 91 -0.128768
0 0 92 -0.0652891
0 0 93 0.0609531
0 0 94 -0.112003
0 0 95 0.152661
0 0 96 0.40013
0 0 97 0.251964
0 0 98 0.586986
0 0 99 -0.108564
0 0 100 0.332066
0 0 101 0.134893
0 0 102 -0.0647159
0 0 103 -0.360045
0 0 104 -0.365777
0 0 105 0.1839
0 0 106 -0.0900789
0 0 107 0.228894
0 0 108 0.319456
0 0 109 0.199375
0 0 110 0.1839
0 0 111 0.245516
0 0 112 0.0523555
0 0 113 -0.0509596
0 0 114 -0.0704476
0 0 115 0.225312
0 0 116 -0.0923717
0 0 117 0.25655
0 0 118 0.186765
0 0 119 0.00277568
0 0 120 0.0466237
0 0 121 0.420335
0 0 122 0.085743
0 0 123 0.490692
0 0 124 -0.0105507
0 0 125 -0.204858
0 0 126 -0.0515328
0 0 127 -0.104552
0 0 128 0.075999
0 0 129 -0.140232
0 0 130 0.218433
0 0 131 -0.0872131
0 0 132 0.117554
0 0 133 0.162549
0 0 134 0.163695
0 0 135 -0.234806
0 0 136 0.0691209
0 0 137 -0.454619
0 0 138 -0.0923717
0 0 139 -0.275215
0 0 140 -0.165595
0 0 141 -0.133927
0 0 142 -0.229647
0 0 143 0.110533
0 0 144 -0.00596526
0 0 145 -0.20887
0 0 146 0.0281388
0 0 147 0.450283
0 0 148 0.0512091
0 0 149 0.112969
0 0 150 0.325761
0 0 151 -0.186946
0 0 152 0.21958
0 0 153 -0.118308
0 0 154 -0.385408
0 0 155 -0.0485236
0 0 156 0.094484
0 0 157 -0.246413
0 0 158 0.0264192
0 0 159 -0.039926
0 0 160 0.491839
0 0 161 -0.141951
0 0 162 -0.0555451
0 0 163 0.0512091
0 0 164 0.420335
0 0 165 -0.462644
0 0 166 0.27962
0 0 167 -0.226208
0 0 168 0.0996426
0 0 169 0.07256
0 0 170 -0.123037
0 0 171 0.296959
0 0 172 0.281913
0 0 173 -0.27063
0 0 174 -0.106271
0 0 175 0.00564157
0 0 176 0.010227
0 0 177 0.41231
0 0 178 -0.245267
0 0 179 -0.226208
0 0 180 -0.114296
0 0 181 0.243223
0 0 182 0.0939108
0 0 183 0.146356
0 0 184 0.150369
0 0 185 0.299825
0 0 186 0.116408
0 0 187 0.0580872
0 0 188 0.354563
0 0 189 -0.0589841
0 0 190 0.0851698
0 0 191 -0.117162
0 0 192 0.404143
0 0 193 -0.145534
0 0 194 0.0874626
0 0 195 0.181034
0 0 196 0.150369
0 0 197 -0.190528
0 0 198 0.389813
0 0 199 0.348258
0 0 200 0.346538
0 0 201 -0.104552
0 0 202 0.0264192
0 0 203 -0.00825797
0 0 204 0.0817308
0 0 205 -0.124183
0 0 206 0.334932
0 0 207 -0.20715
0 0 208 0.20697
0 0 209 0.0494896
0 0 210 0.066255
0 0 211 -0.0826277
0 0 212 0.616361
0 0 213 0.668377
0 0 214 -0.00768479
0 0 215 0.205824
0 0 216 -0.193394
0 0 217 0.296959
0 0 218 -0.0595573
0 0 219 0.232906
0 0 220 -0.157571
0 0 221 0.217287
0 0 222 -0.200845
0 0 223 -0.469092
0 0 224 -0.152412
0 0 225 -0.276361
0 0 226 0.127298
0 0 227 0.197656
0 0 228 0.0592336
0 0 229 0.00793428
0 0 230 0.415176
0 0 231 0.0674014
0 0 232 0.441686
0 0 233 0.227748
0 0 234 0.198802
0 0 235 -0.178921
0 0 236 -0.0422187
0 0 237 0.414603
0 0 238 -0.232513
0 0 239 0.154381
0 0 240 -0.0157093
0 0 241 -0.38025
0 0 242 -0.00711162
0 0 243 -0.0243069
0 0 244 0.169427
0 0 245 -0.232513
0 0 246 -0.0572646
0 0 247 -0.018002
0 0 248 0.164841
0 0 249 0.140625
0 0 250 0.475073
0 0 251 -0.351448
0 0 252 0.187339
0 0 253 -0.443156
0 0 254 0.371902
0 0 255 -0.030182
