0 0 0 -0.101885
0 0 1 0.0104354
0 0 2 0.0736283
0 0 3 0.0822372
0 0 4 0.0832881
0 0 5 0.0635643
0 0 6 0.0380002
0 0 7 0.0191858
0 0 8 0.00182641
0 0 9 -0.0157755
0 0 10 -0.0167051
0 0 11 0.00633297
0 0 12 0.0419611
0 0 13 0.0674039
0 0 14 0.0834295
0 0 15 0.0974544
0 0 16 0.108852
0 0 17 0.108589
0 0 18 0.0987882
0 0 19 0.0881988
0 0 20 0.0794484
0 0 21 0.0801153
0 0 22 0.0946858
0 0 23 0.11641
0 0 24 0.12607
0 0 25 0.125282
0 0 26 0.129789
0 0 27 0.145147
0 0 28 0.170044
0 0 29 0.201712
0 0 30 0.22966
0 0 31 0.239724
0 0 32 0.23057
0 0 33 0.209128
0 0 34 0.177461
0 0 35 0.12514
0 0 36 0.0436788
0 0 37 -0.0567185
0 0 38 -0.151538
0 0 39 -0.212609
0 0 40 -0.223461
0 0 41 -0.188763
0 0 42 -0.126904
0 0 43 -0.0654487
0 0 44 -0.0205447
0 0 45 0.00752529
0 0 46 0.0232881
0 0 47 0.0313717
0 0 48 0.0301793
0 0 49 0.017852
0 0 50 -0.0115518
0 0 51 -0.0475639
0 0 52 -0.0814743
0 0 53 -0.100289
0 0 54 -0.109564
0 0 55 -0.115243
0 0 56 -0.125853
0 0 57 -0.134987
0 0 58 -0.133795
0 0 59 -0.120679
0 0 60 -0.104391
0 0 61 -0.0851927
0 0 62 -0.045442
0 0 63 0.0222373
0 0 64 0.0802365
0 0 65 0.111641
0 0 66 0.109923
0 0 67 0.108185
0 0 68 0.106468
0 0 69 0.104608
0 0 70 0.103032
0 0 71 0.0928266
0 0 72 0.0742952
0 0 73 0.0614424
0 0 74 0.0655447
0 0 75 0.075346
0 0 76 0.0601086
0 0 77 -0.0126027
0 0 78 -0.0824039
0 0 79 -0.132865
0 0 80 -0.133795
0 0 81 -0.134724
0 0 82 -0.135775
0 0 83 -0.136705
0 0 84 -0.107301
0 0 85 -0.0675706
0 0 86 -0.0573652
0 0 87 -0.0816157
0 0 88 -0.113
0 0 89 -0.101481
0 0 90 -0.0589617
0 0 91 0.0034229
0 0 92 0.0374545
0 0 93 0.0132242
0 0 94 -0.0602954
0 0 95 -0.118173
0 0 96 -0.132744
0 0 97 -0.103603
0 0 98 -0.041481
0 0 99 0.0365451
0 0 100 0.102365
0 0 101 0.134416
0 0 102 0.145551
0 0 103 0.137468
0 0 104 0.11441
0 0 105 0.0848846
0 0 106 0.0775892
0 0 107 0.0970705
0 0 108 0.125807
0 0 109 0.142096
0 0 110 0.140519
0 0 111 0.147795
0 0 112 0.170974
0 0 113 0.214686
0 0 114 0.259852
0 0 115 0.303423
0 0 116 0.327127
0 0 117 0.323166
0 0 118 0.28766
0 0 119 0.225679
0 0 120 0.137589
0 0 121 0.0354741
0 0 122 -0.0478266
0 0 123 -0.099359
0 0 124 -0.0790896
0 0 125 0.00673714
0 0 126 0.10964
0 0 127 0.165275
0 0 128 0.1735
0 0 129 0.149654
0 0 130 0.112571
0 0 131 0.0801153
0 0 132 0.0938977
0 0 133 0.143692
0 0 134 0.181826
0 0 135 0.18898
0 0 136 0.188455
0 0 137 0.176794
0 0 138 0.152038
0 0 139 0.102365
0 0 140 0.05734
0 0 141 0.0277947
0 0 142 0.00699986
0 0 143 -0.033539
0 0 144 -0.0633268
0 0 145 -0.0478266
0 0 146 -0.010218
0 0 147 0.0272693
0 0 148 0.0667371
0 0 149 0.100385
0 0 150 0.0748206
0 0 151 -0.0103595
0 0 152 -0.116435
0 0 153 -0.193269
0 0 154 -0.217378
0 0 155 -0.171808
0 0 156 -0.105846
0 0 157 -0.0695511
0 0 158 -0.0600125
0 0 159 -0.0751287
0 0 160 -0.115789
0 0 161 -0.161077
0 0 162 -0.170615
0 0 163 -0.162936
0 0 164 -0.154994
0 0 165 -0.174859
0 0 166 -0.19141
0 0 167 -0.206385
0 0 168 -0.213923
0 0 169 -0.215378
0 0 170 -0.195775
0 0 171 -0.160814
0 0 172 -0.108756
0 0 173 -0.0593658
0 0 174 0.0093845
0 0 175 0.0540257
0 0 176 0.0554808
0 0 177 0.00528211
0 0 178 -0.0434615
0 0 179 -0.0861223
0 0 180 -0.101744
0 0 181 -0.0723399
0 0 182 -0.00664108
0 0 183 0.0472558
0 0 184 0.044083
0 0 185 0.0220958
0 0 186 0.0353528
0 0 187 0.0765383
0 0 188 0.105154
0 0 189 0.103557
0 0 190 0.0860769
0 0 191 0.0409102
0 0 192 -0.0254555
0 0 193 -0.0720772
0 0 194 -0.0528586
0 0 195 0.017852
0 0 196 0.0850058
0 0 197 0.123301
0 0 198 0.131244
0 0 199 0.0917758
0 0 200 -0.00597419
0 0 201 -0.135391
0 0 202 -0.223987
0 0 203 -0.222936
0 0 204 -0.14691
0 0 205 -0.0356407
0 0 206 0.0679294
0 0 207 0.136276
0 0 208 0.1425
0 0 209 0.123301
0 0 210 0.124352
0 0 211 0.16091
0 0 212 0.188192
0 0 213 0.207936
0 0 214 0.226993
0 0 215 0.24316
0 0 216 0.247141
0 0 217 0.283153
0 0 218 0.345821
0 0 219 0.397333
0 0 220 0.42514
0 0 221 0.441449
0 0 222 0.460647
0 0 223 0.48223
0 0 224 0.541179
0 0 225 0.636807
0 0 226 0.7523
0 0 227 0.871775
0 0 228 0.965685
0 0 229 1
0 0 230 0.973364
0 0 231 0.945941
0 0 232 0.922499
0 0 233 0.879858
0 0 234 0.807794
0 0 235 0.74648
0 0 236 0.690583
0 0 237 0.60223
0 0 238 0.489121
0 0 239 0.392705
0 0 240 0.337858
0 0 241 0.307262
0 0 242 0.309788
0 0 243 0.358916
0 0 244 0.410448
0 0 245 0.389128
0 0 246 0.322358
0 0 247 0.242897
0 0 248 0.174147
0 0 249 0.0994551
0 0 250 0.0707182
0 0 251 0.09509
0 0 252 0.143692
0 0 253 0.173763
0 0 254 0.190455
0 0 255 0.171237
0 0 256 0.0982628
0 0 257 -0.000154056
0 0 258 -0.0808074
0 0 259 -0.109423
0 0 260 -0.073128
0 0 261 0.0195899
0 0 262 0.132173
0 0 263 0.214948
0 0 264 0.231499
0 0 265 0.172429
0 0 266 0.0576027
0 0 267 -0.060154
0 0 268 -0.13141
0 0 269 -0.140686
0 0 270 -0.120942
0 0 271 -0.0941856
0 0 272 -0.0714103
0 0 273 -0.0439869
0 0 274 -0.00227598
0 0 275 0.0391925
0 0 276 0.0544097
0 0 277 0.0303208
0 0 278 -0.0185643
0 0 279 -0.0475639
0 0 280 -0.0287697
0 0 281 0.026077
0 0 282 0.0834295
0 0 283 0.106993
0 0 284 0.0860769
0 0 285 0.0220958
0 0 286 -0.0490189
0 0 287 -0.081737
0 0 288 -0.0586989
0 0 289 -0.0140577
0 0 290 0.0495192
0 0 291 0.113217
0 0 292 0.138519
0 0 293 0.0956154
0 0 294 0.011365
0 0 295 -0.0718145
0 0 296 -0.118962
0 0 297 -0.118436
0 0 298 -0.0623972
0 0 299 0.00275601
0 0 300 0.0446084
0 0 301 0.0581281
0 0 302 0.0639483
0 0 303 0.0744164
0 0 304 0.0995764
0 0 305 0.136942
0 0 306 0.18223
0 0 307 0.202237
0 0 308 0.188596
0 0 309 0.155999
0 0 310 0.129789
0 0 311 0.0863396
0 0 312 0.0276532
0 0 313 -0.0326094
0 0 314 -0.0841216
0 0 315 -0.146648
0 0 316 -0.196442
0 0 317 -0.186782
0 0 318 -0.113141
0 0 319 -0.0243844
0 0 320 0.0585323
0 0 321 0.123019
0 0 322 0.142237
0 0 323 0.098384
0 0 324 0.0473972
0 0 325 0.0121733
0 0 326 -0.0206862
0 0 327 -0.0439869
0 0 328 -0.035378
0 0 329 -0.00373101
0 0 330 0.0166597
0 0 331 0.0413144
0 0 332 0.052308
0 0 333 0.0301793
0 0 334 -0.0290324
0 0 335 -0.0728653
0 0 336 -0.114071
0 0 337 -0.174596
0 0 338 -0.247712
0 0 339 -0.298577
0 0 340 -0.324384
0 0 341 -0.31525
0 0 342 -0.263596
0 0 343 -0.170757
0 0 344 -0.0743203
0 0 345 0.00647443
0 0 346 0.0538843
0 0 347 0.0681921
0 0 348 0.0709809
0 0 349 0.080378
0 0 350 0.0842177
0 0 351 0.0566731
0 0 352 0.0244805
0 0 353 -0.00134638
0 0 354 -0.0384295
0 0 355 -0.0739364
0 0 356 -0.0703594
0 0 357 -0.0412183
0 0 358 -0.041481
0 0 359 -0.055122
0 0 360 -0.0596285
0 0 361 -0.0427946
0 0 362 -0.028891
0 0 363 -0.0128654
0 0 364 -0.00651983
0 0 365 -0.0132696
0 0 366 -0.0128654
0 0 367 0.0172053
0 0 368 0.0852887
0 0 369 0.157475
0 0 370 0.201833
0 0 371 0.215999
0 0 372 0.206481
0 0 373 0.17734
0 0 374 0.127141
0 0 375 0.0711022
0 0 376 -0.00134638
0 0 377 -0.0639936
0 0 378 -0.104532
0 0 379 -0.0936602
0 0 380 -0.0710061
0 0 381 -0.0654487
0 0 382 -0.0743203
0 0 383 -0.0586989
0 0 384 -0.0259809
0 0 385 0.0246219
0 0 386 0.0674039
0 0 387 0.100243
0 0 388 0.0899165
0 0 389 0.04766
0 0 390 -0.00916718
0 0 391 -0.0269105
0 0 392 -0.0136535
0 0 393 0.0256728
0 0 394 0.0817118
0 0 395 0.139186
0 0 396 0.163416
0 0 397 0.13282
0 0 398 0.0567943
0 0 399 -0.0320637
0 0 400 -0.113788
0 0 401 -0.157904
0 0 402 -0.149962
0 0 403 -0.114596
0 0 404 -0.0704807
0 0 405 -0.01525
0 0 406 0.0511157
0 0 407 0.112833
0 0 408 0.173621
0 0 409 0.213089
0 0 410 0.220647
0 0 411 0.183564
0 0 412 0.12025
0 0 413 0.040506
0 0 414 -0.0430573
0 0 415 -0.110211
0 0 416 -0.163461
0 0 417 -0.197109
0 0 418 -0.198039
0 0 419 -0.171686
0 0 420 -0.147032
0 0 421 -0.128237
0 0 422 -0.117365
0 0 423 -0.133007
0 0 424 -0.168109
0 0 425 -0.203475
0 0 426 -0.194199
0 0 427 -0.148628
0 0 428 -0.0929933
0 0 429 -0.0695511
0 0 430 -0.0835962
0 0 431 -0.110494
0 0 432 -0.13816
0 0 433 -0.150346
0 0 434 -0.128359
0 0 435 -0.061609
0 0 436 -0.000154056
0 0 437 0.0371918
0 0 438 0.0712436
0 0 439 0.100243
0 0 440 0.106609
0 0 441 0.0797111
0 0 442 0.0565316
0 0 443 0.042628
0 0 444 0.0293912
0 0 445 0.0105768
0 0 446 -0.0121985
0 0 447 -0.0496858
0 0 448 -0.101077
0 0 449 -0.144122
0 0 450 -1.25946e-05
0 0 451 -1.25946e-05
0 0 452 -1.25946e-05
0 0 453 -1.25946e-05
0 0 454 -1.25946e-05
0 0 455 -1.25946e-05
0 0 456 -1.25946e-05
0 0 457 -1.25946e-05
