0 0 0 0.00736449
0 0 1 0.00639927
0 0 2 0.0163787
0 0 3 -0.0111874
0 0 4 0.0563781
0 0 5 0.0808194
0 0 6 0.0714944
0 0 7 0.061515
0 0 8 0.040182
0 0 9 0.0138102
0 0 10 -0.0282342
0 0 11 0.0290247
0 0 12 0.02217
0 0 13 0.0171312
0 0 14 0.00286558
0 0 15 -0.0154736
0 0 16 -0.00485619
0 0 17 0.0207794
0 0 18 0.0179819
0 0 19 -0.0294121
0 0 20 -0.0101076
0 0 21 -0.0226555
0 0 22 -0.0164388
0 0 23 0.0625948
0 0 24 0.0772857
0 0 25 0.0184073
0 0 26 -0.00400549
0 0 27 0.04082
0 0 28 0.0737521
0 0 29 0.0736375
0 0 30 0.0283867
0 0 31 -0.0153591
0 0 32 0.0204522
0 0 33 0.0292374
0 0 34 -0.0136413
0 0 35 0.00437067
0 0 36 0.0283867
0 0 37 0.0172294
0 0 38 0.03354
0 0 39 0.0118798
0 0 40 0.0136957
0 0 41 0.0816865
0 0 42 0.0873633
0 0 43 0.0680589
0 0 44 0.0577687
0 0 45 0.0544476
0 0 46 0.0496215
0 0 47 -0.0133305
0 0 48 -0.046786
0 0 49 -0.00871708
0 0 50 0.0290247
0 0 51 0.0830771
0 0 52 0.0701038
0 0 53 0.00500869
0 0 54 -0.0036783
0 0 55 -0.00807905
0 0 56 -0.0191218
0 0 57 0.0193725
0 0 58 0.075568
0 0 59 0.227631
0 0 60 0.526915
0 0 61 0.832759
0 0 62 0.99971
0 0 63 0.879074
0 0 64 0.576141
0 0 65 0.295295
0 0 66 0.096263
0 0 67 0.0440429
0 0 68 0.0895064
0 0 69 0.0903735
0 0 70 0.0727868
0 0 71 0.0233479
0 0 72 -0.0266309
0 0 73 -0.0117109
0 0 74 0.0310697
0 0 75 0.0244113
0 0 76 -0.0186965
0 0 77 0.000820616
0 0 78 0.0113399
0 0 79 0.000820616
0 0 80 0.00587576
0 0 81 -0.0273671
0 0 82 -0.0267291
0 0 83 -0.0280215
0 0 84 -0.0154736
0 0 85 -0.0212649
0 0 86 -0.0533299
0 0 87 -0.0237353
0 0 88 0.0100475
0 0 89 0.026129
0 0 90 -0.00153518
0 0 91 0.0269961
0 0 92 0.0218428
0 0 93 -0.0093551
0 0 94 0.00554856
0 0 95 0.00832971
0 0 96 0.00651378
0 0 97 0.00157316
0 0 98 0.0509139
0 0 99 0.0707419
0 0 100 0.0746028
0 0 101 0.03354
0 0 102 -0.0405694
0 0 103 -0.0177313
0 0 104 0.00298009
0 0 105 -0.0191218
0 0 106 -0.0141812
0 0 107 0.0398548
0 0 108 0.0475766
0 0 109 0.0190617
0 0 110 -0.0117109
0 0 111 -0.000668115
0 0 112 -0.0124634
0 0 113 -0.0724053
0 0 114 -0.0376737
0 0 115 0.00114781
0 0 116 -0.0169787
0 0 117 -0.0686589
0 0 118 -0.024586
0 0 119 0.0406074
0 0 120 0.0406074
0 0 121 0.019487
0 0 122 -0.025224
0 0 123 0.0304316
0 0 124 0.0366483
0 0 125 0.00178584
0 0 126 0.0584067
0 0 127 0.0593719
