0 0 0 3.61207 -5.57598 -3.96462 -2.58343
0 0 1 3.7693 -5.84288 6.98235 3.42842
0 0 2 1.37561 0.408521 9.0538 -2.39
0 0 3 -3.47685 -2.86909 4.7084 -12.4167
0 0 4 9.10836 5.16879 -0.272783 -3.12683
0 0 5 -4.77535 0.270332 -3.70675 1.48594
0 0 6 -2.40876 0.482354 -10.9801 -9.98575
0 0 7 -6.51573 -5.29961 -7.65645 -0.788073
0 0 8 -1.5074 -2.49144 -11.9655 0.997861
0 0 9 -6.78275 -1.79202 0.123319 -2.39943
0 0 10 0.0486378 -0.751364 3.90731 2.03836
0 0 11 2.90318 -3.30161 2.03835 3.95338
0 0 12 3.87909 -9.99502 3.87052 -0.327861
0 0 13 -8.28322 -1.96662 0.371893 1.32038
0 0 14 -1.71885 -4.1487 -1.35923 -5.08776
0 0 15 -2.2068 4.79114 6.84452 5.27009
0 0 16 -4.66421 -4.53533 0.970492 -6.40446
0 0 17 -0.742936 2.97723 2.42516 3.99928
0 0 18 -1.65379 4.3217 0.215473 0.427002
0 0 19 -5.31888 -4.16716 -1.10136 2.77478
0 0 20 7.73666 2.72879 3.99016 -6.57002
0 0 21 2.09263 7.27703 -9.45184 2.94075
0 0 22 0.841567 2.83006 -0.37383 -1.68104
0 0 23 0.150295 6.65992 -7.92362 -0.880279
0 0 24 -1.27698 -5.8339 1.72511 -3.66081
0 0 25 -5.74178 9.50501 -5.24427 -4.48001
0 0 26 -5.06135 -1.92073 -6.74501 -10.1333
0 0 27 0.941869 -1.21183 6.74307 -0.143858
0 0 28 4.21118 -4.683 0.537609 0.381103
0 0 29 -3.55953 2.64598 -4.01069 2.42521
0 0 30 4.76284 2.53522 3.29981 -4.2038
0 0 31 -1.04655 2.5906 6.0895 -0.300404
0 0 32 -3.27489 -1.58947 3.9166 -0.502848
0 0 33 -0.531488 11.3743 -1.21171 -5.12464
0 0 34 0.55557 -1.39591 7.74667 7.90309
0 0 35 -2.65816 0.832066 -1.0274 7.82932
0 0 36 1.20889 3.14285 1.40297 -1.4786
0 0 37 -1.36915 -0.300381 2.80267 3.42842
0 0 38 -2.9794 2.94031 -0.613108 2.94075
0 0 39 -3.46736 -3.23726 1.01616 9.75377
0 0 40 0.951357 -0.106817 6.51269 0.960979
0 0 41 3.16071 1.19126 -6.14681 3.15221
0 0 42 6.33785 1.28305 -4.91284 -2.37156
0 0 43 -1.07366 -3.44928 0.878338 3.29031
0 0 44 2.04655 -1.01826 6.59554 0.40856
0 0 45 -2.04957 -9.10203 -3.50425 -7.92361
0 0 46 0.417316 10.61 -3.14533 3.37351
0 0 47 -1.21192 -1.85637 -1.09207 4.0087
0 0 48 7.48862 -0.613175 7.0931 9.75377
0 0 49 6.24568 7.85722 -1.30386 -5.51149
0 0 50 4.16509 0.408521 5.96057 2.02934
0 0 51 2.16718 19.3194 -0.816009 6.85358
0 0 52 -0.908299 -4.61814 0.592982 0.417986
0 0 53 -3.51344 6.63249 -2.03099 -4.02882
0 0 54 5.80381 -1.99456 3.9259 7.35067
0 0 55 -0.862214 -0.539841 -7.96969 1.92771
0 0 56 9.46755 6.14459 -1.13815 -1.80111
0 0 57 -7.06739 1.27407 4.85553 6.96422
0 0 58 -2.04957 0.767711 1.96479 -8.31948
0 0 59 3.00484 1.80787 -0.650293 0.104894
0 0 60 -1.70936 0.758232 0.104726 -7.13187
0 0 61 1.27395 4.42297 8.05951 1.45848
0 0 62 1.45829 -4.59071 1.91871 -0.631527
0 0 63 -2.00349 2.67341 6.87201 2.76576
0 0 64 5.97866 -4.95888 -6.84646 -4.63656
0 0 65 -2.09566 -6.93841 3.26303 2.68298
0 0 66 6.22671 3.53896 -1.31316 -0.696276
0 0 67 -4.42565 2.87596 3.08802 0.335205
0 0 68 2.60905 3.11542 -1.82849 4.80947
0 0 69 6.31888 -8.02496 -5.20749 3.66816
0 0 70 0.0581259 6.62351 6.47591 -5.45617
0 0 71 -0.466427 -4.13972 -0.318456 4.68079
0 0 72 -5.14403 -2.15071 -0.778824 -4.89433
0 0 73 -4.78484 8.87892 -5.96251 -0.447524
0 0 74 -0.99098 6.74274 -4.08426 -6.29381
0 0 75 0.66536 -13.3739 12.801 5.94217
0 0 76 -1.9303 0.89642 7.91238 2.34202
0 0 77 -4.45276 -3.9741 4.28482 -0.594644
0 0 78 5.96917 -1.92073 -4.65497 -1.6167
0 0 79 -2.13226 4.12813 3.21696 1.13597
0 0 80 -4.2874 -3.78951 -6.47825 -4.00136
0 0 81 7.36798 2.39754 4.22944 4.16525
0 0 82 4.1556 -1.92073 -7.9418 1.79903
0 0 83 4.40365 4.08224 -5.09714 4.23902
0 0 84 4.21931 -9.49814 -2.0128 -1.25771
0 0 85 -5.6225 2.21295 -0.907759 2.00148
0 0 86 3.27186 4.64397 -5.07855 3.71405
0 0 87 -1.31357 -3.53209 -9.27683 3.85216
0 0 88 -2.17021 -1.3131 -7.38039 -4.76565
0 0 89 -5.40156 0.602084 -1.68137 0.519208
0 0 90 1.70633 3.35488 -1.84709 -1.58924
0 0 91 2.61854 1.78941 1.89082 -5.25373
0 0 92 3.92518 0.316728 5.7027 0.40856
0 0 93 -0.301064 -3.50416 -1.31316 11.8159
0 0 94 8.52823 0.675419 3.40086 -3.4305
0 0 95 7.30428 2.43395 2.80267 8.61205
0 0 96 2.27697 1.70659 -1.35923 6.11716
0 0 97 -0.889323 6.59557 -0.180629 -3.33829
0 0 98 5.23317 9.65218 -11.229 -2.72154
0 0 99 9.6058 11.291 1.81726 11.411
0 0 100 -1.40574 -1.98508 -3.83568 -4.10258
0 0 101 -5.19011 8.91584 -0.843494 -3.59647
0 0 102 1.43931 1.9276 6.95487 3.51161
0 0 103 3.71373 0.150602 -1.92994 -1.4786
0 0 104 2.14821 9.72601 -2.25208 -7.5093
0 0 105 0.832079 -4.4156 -2.85068 0.62043
0 0 106 0.75753 -5.76905 -2.36242 -0.732749
0 0 107 4.45922 6.9363 -6.04536 -1.73636
0 0 108 -3.64221 -5.20781 0.933307 4.46892
0 0 109 7.83832 0.666439 1.16369 -2.46377
0 0 110 2.42471 -3.08061 -3.92784 0.454868
0 0 111 0.444425 6.67838 -5.29964 -7.54618
0 0 112 5.6005 -1.00928 -0.364534 4.6439
0 0 113 2.09263 2.71931 -3.03458 4.45048
0 0 114 -3.90923 3.40077 -3.64248 -4.26855
0 0 115 3.11463 6.41148 -11.864 2.48013
0 0 116 4.5785 -4.45252 -6.55181 8.94359
0 0 117 -0.935407 -10.2255 2.36978 -1.05527
0 0 118 -3.10817 3.72305 6.44842 -5.08776
0 0 119 1.12621 -0.346277 -0.0149129 -3.22806
0 0 120 -1.55349 1.93707 -4.23178 -4.72877
0 0 121 -2.06855 -6.39514 0.233661 -3.00717
0 0 122 0.380719 -5.96261 -0.53025 2.67356
0 0 123 -0.36477 -4.36072 -1.31316 1.83591
0 0 124 -0.254979 -2.56527 1.5505 4.62546
0 0 125 0.232977 5.97896 0.546905 -1.81914
0 0 126 6.55879 -7.64731 3.06013 5.52785
0 0 127 3.71373 0.00343411 -4.34213 0.740093
0 0 128 3.12412 4.95676 8.90668 5.35287
0 0 129 16.7693 14.1455 7.45201 -3.65139
0 0 130 31.0488 0.859504 3.56658 -6.06391
0 0 131 35.5054 10.7572 1.16369 -8.47603
0 0 132 38.7829 3.3454 6.61414 -13.1253
0 0 133 45.0992 -3.05317 4.1098 2.60922
0 0 134 41.0844 0.767711 1.1544 -7.80395
0 0 135 49.6101 -0.91699 -12.0851 -5.6955
0 0 136 47.1974 9.38528 -12.2601 -13.9264
0 0 137 62.6561 -0.79726 -8.26434 -15.0403
0 0 138 65.676 -2.47298 1.81726 -9.67266
0 0 139 77.0197 4.01788 -7.45395 -13.015
0 0 140 59.9859 10.2324 -3.78031 -9.72799
0 0 141 52.0228 -2.17865 -0.659185 -10.5935
0 0 142 39.3264 -2.464 5.84093 1.70683
0 0 143 26.0404 -4.39764 5.38945 -7.37119
0 0 144 19.5222 1.52251 8.09629 -3.90014
0 0 145 8.85083 5.46312 -4.11174 6.09871
0 0 146 8.71257 -6.92943 -2.0128 5.10412
0 0 147 0.436292 -4.32381 -1.26708 -3.53172
0 0 148 3.01433 -4.61814 -2.07707 -4.72877
0 0 149 -3.71676 -9.71914 -8.46684 -0.300404
0 0 150 10.1954 -4.79325 7.30449 -0.723733
0 0 151 2.37863 -4.55379 6.86271 0.445443
0 0 152 -6.26633 0.0403509 5.94198 -0.0516516
0 0 153 4.36705 2.07526 -2.70315 5.49097
0 0 154 0.186892 -8.52234 -7.7579 -1.51548
0 0 155 -1.36915 -6.12824 2.32371 8.06906
0 0 156 0.499997 -6.60716 7.79274 -3.71614
0 0 157 -1.96689 -10.4465 -0.723855 -8.64159
0 0 158 -0.927275 2.67341 0.63906 -3.69769
0 0 159 1.23735 -8.89051 -13.6869 0.55609
0 0 160 1.21838 7.21268 -6.33072 8.07808
0 0 161 -4.12203 -12.8032 -4.01069 0.565106
0 0 162 -0.282088 0.850524 4.41375 -10.7959
0 0 163 5.11254 0.472876 -1.70886 8.57517
0 0 164 0.113699 2.48035 4.22944 0.417986
0 0 165 -1.47894 -0.742384 1.7344 0.26144
0 0 166 -4.5639 -7.86832 -3.4028 2.60922
0 0 167 -1.00047 -6.16516 2.21336 -1.27615
0 0 168 -1.24851 -0.355756 -5.47465 0.279881
0 0 169 1.60468 -1.58 -6.66215 -8.62315
0 0 170 6.25517 -3.22828 -4.29605 1.49496
0 0 171 0.186892 4.14659 6.66021 -4.54476
0 0 172 -1.45183 0.00343411 -7.01218 6.06183
0 0 173 6.79734 7.1573 -5.81538 -1.3868
0 0 174 -11.8087 2.49881 0.592982 -10.3542
0 0 175 10.9409 -5.79699 -10.3912 -1.41426
0 0 176 3.59445 -6.68997 10.4074 0.482325
0 0 177 2.40574 -5.77853 0.657248 -5.40986
0 0 178 -1.98587 -1.20285 0.620467 -14.1658
0 0 179 3.04144 -4.08435 -0.797417 -5.60329
0 0 180 1.15332 6.57711 -6.73571 1.35685
0 0 181 -0.88119 2.38806 2.49872 5.66596
0 0 182 0.841567 10.1311 8.52917 -6.3766
0 0 183 4.99326 -7.66577 1.42156 7.96743
0 0 184 -5.35548 2.95877 -8.60507 3.88904
0 0 185 2.32306 -5.50215 -0.097771 4.13738
0 0 186 1.77953 6.13511 2.36978 -2.69408
0 0 187 0.0581259 3.20771 2.10262 -2.46377
0 0 188 6.08845 4.73576 1.91871 -4.6091
0 0 189 -4.52731 0.77669 3.45623 -0.981501
0 0 190 -3.12714 -3.95564 2.01087 -3.13585
0 0 191 6.06134 -5.88878 -1.24849 -1.91135
0 0 192 -9.83925 3.00517 10.4349 1.88181
0 0 193 -0.549109 -3.08061 -10.3633 5.17788
0 0 194 -3.2288 2.17653 -0.337049 7.92153
0 0 195 -6.29479 -2.03098 -7.46325 -9.37842
0 0 196 3.21629 5.57387 -6.11893 -5.13365
0 0 197 -6.11046 -11.3485 2.46194 0.740093
0 0 198 1.81748 -0.834177 4.16518 -3.86326
0 0 199 -6.34088 5.81283 -8.77079 2.71044
0 0 200 5.13152 7.45214 6.65092 -0.96306
0 0 201 2.42471 5.33441 0.749402 -5.37339
0 0 202 7.2853 -2.27992 -2.17852 -8.02483
0 0 203 -1.80153 3.21669 -3.13604 -0.659394
0 0 204 -4.24131 -1.55256 1.60547 -2.58343
0 0 205 7.29479 -0.383194 -4.89465 0.786401
0 0 206 4.4782 -7.02123 0.362597 -2.67564
0 0 207 5.77535 1.47661 -7.21467 0.684769
0 0 208 1.57757 13.2705 3.49302 2.46169
0 0 209 -6.37748 -8.63259 -10.4094 0.960979
0 0 210 0.205868 2.12116 -8.64185 5.80406
0 0 211 -1.68225 -3.10855 -4.82998 -7.6015
0 0 212 -5.36497 -3.37545 0.169396 5.30697
0 0 213 -6.7082 -6.68049 -10.2069 -9.89396
0 0 214 2.63616 4.02686 -1.63529 -8.0986
0 0 215 6.33785 2.44343 -0.0884747 0.55609
0 0 216 -2.53753 2.47087 -1.76423 4.39515
0 0 217 -0.36477 4.92933 -7.02147 8.70426
0 0 218 1.66025 -2.98882 7.52558 9.78123
0 0 219 -0.126213 -3.95564 -3.8082 3.79683
0 0 220 -1.86524 -1.10157 -4.47106 -6.38602
0 0 221 6.64147 -2.96088 4.13769 1.4675
0 0 222 -8.2927 2.91287 -1.48777 5.39877
0 0 223 -5.57641 2.49881 4.45053 -5.37339
0 0 224 4.88212 -2.61117 1.28333 -2.19699
0 0 225 -0.383746 -2.80473 -7.73041 -3.56861
0 0 226 -6.22973 7.4701 1.39367 -0.474981
0 0 227 -2.75033 -2.91498 3.09732 5.89586
0 0 228 -3.9011 1.6607 5.39875 3.92592
0 0 229 -1.32306 11.3094 -3.72534 -6.06391
0 0 230 -0.806641 -0.751364 2.22266 -0.125417
0 0 231 -3.78995 -5.19834 2.89442 -1.94823
0 0 232 1.4488 0.979234 8.59384 4.76357
0 0 233 2.14821 -7.44477 -1.21171 4.23902
0 0 234 -2.04144 -3.04419 -1.73634 0.933522
0 0 235 -4.47174 -4.31433 0.786183 9.10013
0 0 236 1.31055 1.68814 -0.953836 -0.53973
0 0 237 -7.52824 -0.410632 -2.9978 -3.80793
0 0 238 0.177404 -2.42709 -1.70886 -2.97029
0 0 239 0.380719 -0.300381 5.79485 -4.94965
0 0 240 4.67067 2.5447 -1.49706 2.7379
0 0 241 2.93978 -5.22627 2.14869 5.01232
0 0 242 -0.706339 -1.87483 -0.383126 -3.71614
0 0 243 -2.61208 -0.143734 10.4628 -2.26132
0 0 244 -10.8057 -8.94539 4.93838 8.7686
0 0 245 0.730421 -0.153213 -8.16289 -2.16912
0 0 246 2.67276 6.31969 6.06162 2.42521
0 0 247 -7.14194 2.8575 1.7437 -4.53534
0 0 248 -0.770044 -3.56901 -0.604216 -2.16912
0 0 249 -6.13756 -4.67352 7.33238 3.06041
0 0 250 -2.15123 -5.13398 4.48731 0.896639
0 0 251 2.27697 -3.6608 8.4649 -0.686851
0 0 252 -2.29897 -9.45224 0.841557 3.60341
0 0 253 -1.86524 -6.55178 0.41797 -3.82637
0 0 254 10.6644 -5.56651 -0.687074 -1.37737
0 0 255 -3.40365 2.71033 -2.0128 0.335205
