0 0 0 0.263065
0 0 1 -0.611667
0 0 2 -0.0444369
0 0 3 -0.606224
0 0 4 0.0783219
0 0 5 0.667927
0 0 6 1.05737
0 0 7 1.17166
0 0 8 0.18687
0 0 9 1.59073
0 0 10 0.0275252
0 0 11 0.129119
0 0 12 0.614409
0 0 13 0.377357
0 0 14 0.526724
0 0 15 0.856903
0 0 16 -0.057136
0 0 17 0.121862
0 0 18 0.00908112
0 0 19 0.0837644
0 0 20 0.474718
0 0 21 0.347726
0 0 22 -0.475
0 0 23 0.662182
0 0 24 0.412431
0 0 25 0.0275252
0 0 26 -0.532751
0 0 27 0.236155
0 0 28 0.693325
0 0 29 1.05586
0 0 30 -0.249136
0 0 31 -0.264556
0 0 32 0.333515
0 0 33 0.33926
0 0 34 0.94882
0 0 35 0.646761
0 0 36 0.831504
0 0 37 1.51605
0 0 38 0.0245016
0 0 39 0.0937423
0 0 40 -0.790967
0 0 41 0.305395
0 0 42 1.48914
0 0 43 0.920399
0 0 44 1.12933
0 0 45 1.00506
0 0 46 3.33899
0 0 47 2.94229
0 0 48 5.08694
0 0 49 6.44726
0 0 50 9.28039
0 0 51 11.8199
0 0 52 14.7138
0 0 53 14.8732
0 0 54 16.6737
0 0 55 18.2992
0 0 56 16.7272
0 0 57 16.0445
0 0 58 15.7917
0 0 59 13.4835
0 0 60 12.0739
0 0 61 10.1213
0 0 62 8.8586
0 0 63 6.98607
0 0 64 5.56407
0 0 65 3.69456
0 0 66 3.70847
0 0 67 1.77971
0 0 68 3.28396
0 0 69 1.52573
0 0 70 1.02502
0 0 71 0.133352
0 0 72 0.862647
0 0 73 -0.0952336
0 0 74 1.29019
0 0 75 0.119141
0 0 76 -0.0290164
0 0 77 1.08005
0 0 78 -0.0698352
0 0 79 0.210756
0 0 80 -0.373406
0 0 81 0.996594
0 0 82 0.286951
0 0 83 0.0625991
0 0 84 0.494371
0 0 85 -0.833298
0 0 86 -0.0982572
0 0 87 -0.0755801
0 0 88 0.775265
0 0 89 -0.129098
0 0 90 -0.081325
0 0 91 -0.917959
0 0 92 -0.551195
0 0 93 -0.0516935
0 0 94 0.51977
0 0 95 -0.448089
0 0 96 -0.530029
0 0 97 -0.196827
0 0 98 -0.541217
0 0 99 -0.0332495
0 0 100 -0.165986
0 0 101 -0.297211
0 0 102 0.744122
0 0 103 0.515537
0 0 104 -0.0840462
0 0 105 0.019059
0 0 106 -0.107933
0 0 107 0.508582
0 0 108 -0.270301
0 0 109 -0.289954
0 0 110 0.0698558
0 0 111 -0.187151
0 0 112 0.205314
0 0 113 -0.127889
0 0 114 0.418176
0 0 115 0.134561
0 0 116 0.892279
0 0 117 1.00929
0 0 118 -0.112166
0 0 119 -0.469255
0 0 120 -1.21851
0 0 121 0.058366
0 0 122 -0.944869
0 0 123 -0.263347
0 0 124 1.57229
0 0 125 -0.699352
0 0 126 -0.329564
0 0 127 1.40599
0 0 128 0.883813
0 0 129 0.150284
0 0 130 0.0498999
0 0 131 -0.0205503
0 0 132 0.662182
0 0 133 0.165704
0 0 134 0.406989
0 0 135 0.447808
0 0 136 -1.05191
0 0 137 0.391266
0 0 138 0.403965
0 0 139 0.817596
0 0 140 0.176892
0 0 141 -0.354962
0 0 142 -0.357683
0 0 143 0.584777
0 0 144 1.35792
0 0 145 0.641017
0 0 146 -0.0262952
0 0 147 -1.00413
0 0 148 0.261553
0 0 149 -1.13112
0 0 150 0.725678
0 0 151 1.22246
0 0 152 0.332003
0 0 153 -1.1789
0 0 154 0.677905
0 0 155 -0.662464
0 0 156 0.28423
0 0 157 -0.771314
0 0 158 -0.219504
0 0 159 -0.0163172
0 0 160 -0.0347613
0 0 161 0.399732
0 0 162 -0.00361806
0 0 163 -0.369173
0 0 164 -0.998387
0 0 165 1.18164
0 0 166 0.412431
0 0 167 -0.426924
0 0 168 -0.0952336
0 0 169 0.205314
0 0 170 -0.260323
0 0 171 -0.916447
0 0 172 -0.0867675
0 0 173 0.241899
0 0 174 0.154517
0 0 175 0.233433
0 0 176 0.212268
0 0 177 -0.604713
0 0 178 0.495883
0 0 179 -0.90526
0 0 180 0.117629
0 0 181 -0.277255
0 0 182 -0.772523
0 0 183 -0.785222
0 0 184 0.463228
0 0 185 0.835737
0 0 186 -0.0417156
0 0 187 1.07007
0 0 188 1.02078
0 0 189 1.0108
0 0 190 -0.496165
0 0 191 0.275764
0 0 192 -0.38036
0 0 193 0.856903
0 0 194 -0.455044
0 0 195 -0.251857
0 0 196 0.357401
0 0 197 -0.339542
0 0 198 -0.378849
0 0 199 -0.211038
0 0 200 0.119141
0 0 201 0.0922305
0 0 202 1.37485
0 0 203 -1.04767
0 0 204 0.244621
0 0 205 0.0372007
0 0 206 0.399732
0 0 207 0.542447
0 0 208 -0.187151
0 0 209 0.94882
0 0 210 -0.658231
0 0 211 0.223455
0 0 212 -0.336518
0 0 213 -0.391548
0 0 214 1.08549
0 0 215 0.140306
0 0 216 0.530957
0 0 217 -0.411504
0 0 218 0.0302464
0 0 219 -1.28472
0 0 220 0.00756931
0 0 221 0.223455
0 0 222 -0.206805
0 0 223 0.181125
0 0 224 -0.623157
0 0 225 0.49165
0 0 226 -0.39306
0 0 227 -0.188361
0 0 228 0.0202685
0 0 229 -0.477721
0 0 230 -0.30991
0 0 231 0.157238
0 0 232 1.08549
0 0 233 -0.161753
0 0 234 0.302372
0 0 235 1.09274
0 0 236 0.260343
0 0 237 0.42513
0 0 238 0.0021268
0 0 239 0.124886
0 0 240 -0.653998
0 0 241 -0.941846
0 0 242 -0.350729
0 0 243 0.820317
0 0 244 1.32133
0 0 245 -0.606224
0 0 246 0.0402243
0 0 247 -1.51603
0 0 248 -0.568127
0 0 249 0.387033
0 0 250 0.597476
0 0 251 -0.429645
0 0 252 -0.383082
0 0 253 0.540935
0 0 254 0.985406
0 0 255 0.859926
