0 0 0 0.0681608
0 0 1 -0.0589012
0 0 2 0.0470011
0 0 3 -0.00818742
0 0 4 0.0448158
0 0 5 0.0121397
0 0 6 -0.0321741
0 0 7 -0.0377416
0 0 8 0.0295531
0 0 9 -0.0426499
0 0 10 -0.0487897
0 0 11 0.004439
0 0 12 0.0904478
0 0 13 -0.00820476
0 0 14 0.180463
0 0 15 0.0373232
0 0 16 -0.0457371
0 0 17 0.0218177
0 0 18 -0.0103034
0 0 19 0.00390134
0 0 20 -0.0550508
0 0 21 0.0585522
0 0 22 0.0445383
0 0 23 -0.0192702
0 0 24 -0.0279595
0 0 25 0.0253038
0 0 26 -0.0427366
0 0 27 -0.0244214
0 0 28 -0.0113961
0 0 29 0.0748556
0 0 30 -0.0993821
0 0 31 -0.0460493
0 0 32 -0.0691862
0 0 33 -0.0125234
0 0 34 -0.0808587
0 0 35 -0.0247683
0 0 36 0.0385893
0 0 37 0.0567658
0 0 38 0.0318945
0 0 39 0.0551181
0 0 40 0.04185
0 0 41 -0.0133906
0 0 42 0.112492
0 0 43 0.038676
0 0 44 -0.0737823
0 0 45 0.032727
0 0 46 -0.0346717
0 0 47 0.0206903
0 0 48 0.030455
0 0 49 0.0112899
0 0 50 -0.0256181
0 0 51 0.0237949
0 0 52 -0.0192182
0 0 53 -0.00993916
0 0 54 -0.0383312
0 0 55 0.0944889
0 0 56 0.0739363
0 0 57 -0.0807373
0 0 58 -0.00940149
0 0 59 0.0531582
0 0 60 -0.0188713
0 0 61 -0.0190968
0 0 62 -0.0583635
0 0 63 -0.0121592
0 0 64 -0.0647114
0 0 65 0.0466022
0 0 66 -0.00598473
0 0 67 0.0227022
0 0 68 -0.0359551
0 0 69 -0.0419388
0 0 70 -0.0117429
0 0 71 -0.0218545
0 0 72 0.0241418
0 0 73 0.0950439
0 0 74 0.00549698
0 0 75 -0.00867305
0 0 76 0.00986767
0 0 77 0.0114807
0 0 78 0.0564362
0 0 79 -0.0712154
0 0 80 -0.00031325
0 0 81 -0.0663418
0 0 82 0.013059
0 0 83 0.0952694
0 0 84 0.0569566
0 0 85 0.00795983
0 0 86 0.0218003
0 0 87 -0.03625
0 0 88 -0.127809
0 0 89 -0.0204149
0 0 90 0.031669
0 0 91 0.0411562
0 0 92 8.56618e-05
0 0 93 -0.0855762
0 0 94 -0.0213342
0 0 95 -0.0226696
0 0 96 -0.00201296
0 0 97 0.0604774
0 0 98 0.0322934
0 0 99 0.0927372
0 0 100 -0.0859752
0 0 101 -0.0811709
0 0 102 -0.00518691
0 0 103 -0.00574191
0 0 104 0.044677
0 0 105 -0.00130186
0 0 106 0.0620557
0 0 107 0.0100238
0 0 108 0.00844546
0 0 109 0.026726
0 0 110 -0.0263292
0 0 111 -0.0168421
0 0 112 0.0314956
0 0 113 -0.00962697
0 0 114 0.0686638
0 0 115 -0.0167033
0 0 116 -0.0698279
0 0 117 0.0366988
0 0 118 -0.00107638
0 0 119 0.0257201
0 0 120 -0.0337524
0 0 121 0.0459952
0 0 122 -0.0134426
0 0 123 -0.0500905
0 0 124 -0.00484003
0 0 125 0.0145159
0 0 126 -0.0110318
0 0 127 -0.0481306
0 0 128 -0.0123673
0 0 129 0.0252518
0 0 130 -0.00879445
0 0 131 0.000918173
0 0 132 0.0719765
0 0 133 -0.0199119
0 0 134 0.0301948
0 0 135 -0.0203109
0 0 136 -0.0305438
0 0 137 -0.0140323
0 0 138 -0.0812749
0 0 139 0.0508515
0 0 140 -0.104637
0 0 141 -0.0144486
0 0 142 -0.0853508
0 0 143 -0.0751178
0 0 144 0.0619516
0 0 145 0.0159901
0 0 146 -0.133515
0 0 147 0.0228756
0 0 148 0.043064
0 0 149 -0.0797834
0 0 150 -0.00777116
0 0 151 -0.0636535
0 0 152 0.0182101
0 0 153 0.0176898
0 0 154 0.114816
0 0 155 0.0556384
0 0 156 -0.0508189
0 0 157 -0.0183857
0 0 158 0.0257721
0 0 159 -0.0452342
0 0 160 0.0708838
0 0 161 -0.0110839
0 0 162 0.0773357
0 0 163 -0.0102687
0 0 164 0.0180367
0 0 165 -0.0396147
0 0 166 0.0212973
0 0 167 -0.00539504
0 0 168 0.118857
0 0 169 0.0566791
0 0 170 -0.105452
0 0 171 0.0221472
0 0 172 -0.0344289
0 0 173 0.0122091
0 0 174 -0.0810148
0 0 175 -0.0243693
0 0 176 0.0424223
0 0 177 0.00284335
0 0 178 -0.0223748
0 0 179 0.0148454
0 0 180 0.0183836
0 0 181 -0.0185591
0 0 182 -0.0163391
0 0 183 0.120141
0 0 184 0.016441
0 0 185 0.0122438
0 0 186 -0.119692
0 0 187 0.0178459
0 0 188 -0.0323649
0 0 189 -0.0358857
0 0 190 -0.00648771
0 0 191 0.0924077
0 0 192 -0.00501347
0 0 193 -0.0227043
0 0 194 0.098877
0 0 195 0.0608936
0 0 196 0.00780373
0 0 197 -0.034741
0 0 198 0.0426478
0 0 199 -0.0642778
0 0 200 0.0408787
0 0 201 -0.0999891
0 0 202 0.0303336
0 0 203 -0.0840673
0 0 204 0.0868402
0 0 205 0.019667
0 0 206 0.056072
0 0 207 -0.000486689
0 0 208 -0.0859578
0 0 209 0.00653762
0 0 210 0.0257721
0 0 211 0.0347042
0 0 212 0.014221
0 0 213 -0.085108
0 0 214 0.0501924
0 0 215 0.0223727
0 0 216 0.0347216
0 0 217 0.0239683
0 0 218 0.104999
0 0 219 0.0379996
0 0 220 0.0238122
0 0 221 -0.0154025
0 0 222 -0.0245081
0 0 223 -0.00825679
0 0 224 0.0278534
0 0 225 0.00995439
0 0 226 0.0454055
0 0 227 0.0460819
0 0 228 -0.111297
0 0 229 -0.00756303
0 0 230 0.0427345
0 0 231 0.00797717
0 0 232 -0.00385142
0 0 233 -0.0126101
0 0 234 -0.0193049
0 0 235 0.0176551
0 0 236 0.00266991
0 0 237 -0.0120898
0 0 238 -0.0893572
0 0 239 -0.0399789
0 0 240 -0.0383486
0 0 241 0.0520135
0 0 242 -0.0433957
0 0 243 0.0480764
0 0 244 0.0703982
0 0 245 0.0353113
0 0 246 0.0162329
0 0 247 0.121979
0 0 248 0.217579
0 0 249 0.328719
0 0 250 0.418318
0 0 251 1.00312
0 0 252 0.743813
0 0 253 0.316284
0 0 254 0.420348
0 0 255 0.200079
0 0 256 0.396361
0 0 257 0.898608
0 0 258 0.794405
0 0 259 0.121441
0 0 260 0.0112725
0 0 261 0.0256333
0 0 262 0.0789314
0 0 263 0.0841519
0 0 264 0.0645012
0 0 265 0.146989
0 0 266 0.156355
0 0 267 -0.0162524
0 0 268 0.0575983
0 0 269 0.0101452
0 0 270 -0.0627516
0 0 271 -0.113275
0 0 272 -0.0277861
0 0 273 0.0223553
0 0 274 -0.00156202
0 0 275 0.0161462
0 0 276 0.0272637
0 0 277 -0.0343768
0 0 278 0.00738748
0 0 279 -0.00872508
0 0 280 0.00190678
0 0 281 0.0499149
0 0 282 -0.00744162
0 0 283 0.0127815
0 0 284 -0.0169461
0 0 285 -0.00562051
0 0 286 0.057182
0 0 287 0.00964219
0 0 288 -0.0184551
0 0 289 -0.0544091
0 0 290 0.0537479
0 0 291 0.00792514
0 0 292 -0.0258956
0 0 293 -0.017241
0 0 294 -0.0457545
0 0 295 -0.0404646
0 0 296 0.00875765
0 0 297 -0.00627958
0 0 298 -0.0180908
0 0 299 0.0377221
0 0 300 -0.0360592
0 0 301 -0.0367529
0 0 302 0.0294664
0 0 303 -0.0591961
0 0 304 0.0100931
0 0 305 0.00169865
0 0 306 -0.0300929
0 0 307 0.0318598
0 0 308 -0.0213515
0 0 309 0.0300561
0 0 310 0.0270729
0 0 311 0.0183142
0 0 312 -0.0585717
0 0 313 -0.0270403
0 0 314 0.018002
0 0 315 -0.0434651
0 0 316 -0.01346
0 0 317 -0.00858633
0 0 318 -0.0608958
0 0 319 0.0585522
0 0 320 0.0443128
0 0 321 0.0469144
0 0 322 -0.0212301
0 0 323 -0.0254794
0 0 324 0.00665903
0 0 325 0.00178537
0 0 326 0.000484573
0 0 327 0.0411215
0 0 328 -0.00232515
0 0 329 0.0037279
0 0 330 -0.0443323
0 0 331 -0.0718572
0 0 332 -0.0413318
0 0 333 -0.0157841
0 0 334 0.040237
0 0 335 -0.0330066
0 0 336 -0.0656133
0 0 337 0.0102666
0 0 338 0.0139782
0 0 339 -0.0701054
0 0 340 -0.0196691
0 0 341 -0.049813
0 0 342 -0.0411063
0 0 343 -0.0972141
0 0 344 -0.0431182
0 0 345 0.0248355
0 0 346 0.0168573
0 0 347 -0.00790991
0 0 348 -0.00397283
0 0 349 0.0489957
0 0 350 0.0433069
0 0 351 -0.081934
0 0 352 -0.0922537
0 0 353 0.0246274
0 0 354 0.0327444
0 0 355 0.0114113
0 0 356 0.0361958
0 0 357 0.00903515
0 0 358 0.0382077
0 0 359 -0.00208234
0 0 360 -0.0537674
0 0 361 -0.0227043
0 0 362 0.0195629
0 0 363 -0.0514086
0 0 364 -0.112095
0 0 365 -0.0338045
0 0 366 -0.0588318
0 0 367 -0.0228431
0 0 368 0.0207944
0 0 369 -0.00948821
0 0 370 0.042457
0 0 371 -0.0562823
0 0 372 0.0176378
0 0 373 -0.0535939
0 0 374 -0.00725084
0 0 375 0.0224074
0 0 376 0.0351899
0 0 377 0.0462727
0 0 378 -0.0277688
0 0 379 0.0431334
0 0 380 -0.00248125
0 0 381 -0.0358511
0 0 382 0.037618
0 0 383 0.0383118
0 0 384 -0.0716143
0 0 385 0.0524645
0 0 386 -0.0511311
0 0 387 0.0339238
0 0 388 0.0416939
0 0 389 -0.019409
0 0 390 -0.0377936
0 0 391 0.0655071
0 0 392 0.117053
0 0 393 0.00209756
0 0 394 0.00662434
0 0 395 0.0270382
0 0 396 -0.000243874
0 0 397 -8.77779e-05
0 0 398 0.0186264
0 0 399 -0.040031
0 0 400 -0.0875014
0 0 401 -0.0190794
0 0 402 0.04629
0 0 403 -0.00721615
0 0 404 -0.0120204
0 0 405 -0.0367356
0 0 406 0.0766593
0 0 407 -0.00114576
0 0 408 0.0544937
0 0 409 0.00801186
0 0 410 0.0077517
0 0 411 0.0699646
0 0 412 0.000397853
0 0 413 0.0604774
0 0 414 0.0773531
0 0 415 0.0159901
0 0 416 -0.0160963
0 0 417 -0.0662724
0 0 418 0.0708491
0 0 419 0.0135966
0 0 420 0.0150882
0 0 421 -0.0602887
0 0 422 0.0334208
0 0 423 -0.0383833
0 0 424 -0.0994688
0 0 425 -0.0565251
0 0 426 0.0401849
0 0 427 -0.0397535
0 0 428 -0.0803037
0 0 429 0.0546845
0 0 430 0.0758095
0 0 431 0.0182621
0 0 432 0.0657326
0 0 433 -0.0741813
0 0 434 -0.0357123
0 0 435 -0.108123
0 0 436 -0.0362673
0 0 437 -0.024855
0 0 438 -0.0241439
0 0 439 0.0327097
0 0 440 -0.0350012
0 0 441 -0.123091
0 0 442 0.0229277
0 0 443 0.0323455
0 0 444 -0.0238317
0 0 445 -0.00039997
0 0 446 -0.0615548
0 0 447 -0.0124367
0 0 448 -0.0765574
0 0 449 -0.0250978
0 0 450 0.0100758
0 0 451 -0.0241959
0 0 452 0.0224074
0 0 453 -0.0341513
0 0 454 0.0419714
0 0 455 -0.0732447
0 0 456 -0.00523894
0 0 457 -0.00615817
0 0 458 -0.0113614
0 0 459 0.0443995
0 0 460 0.00723138
0 0 461 -0.0448699
0 0 462 -0.105799
0 0 463 0.0377568
0 0 464 0.0394565
0 0 465 -0.0487723
0 0 466 0.0431681
0 0 467 -0.000330594
0 0 468 0.0330392
0 0 469 0.0204475
0 0 470 -0.0708339
0 0 471 0.012001
0 0 472 0.00272195
0 0 473 -0.0466217
0 0 474 -0.0280116
0 0 475 -0.10214
0 0 476 -0.0261384
0 0 477 -0.0335963
0 0 478 0.0464808
0 0 479 -0.0774246
0 0 480 -0.055866
0 0 481 0.0484233
0 0 482 -0.0412797
0 0 483 -0.039077
0 0 484 -0.0757942
0 0 485 -0.0249764
0 0 486 -0.0908315
0 0 487 0.000987549
0 0 488 0.000415197
0 0 489 0.0529848
0 0 490 0.0460125
0 0 491 -0.055259
0 0 492 0.0420234
0 0 493 0.00404009
0 0 494 0.0338891
0 0 495 -0.0180561
0 0 496 -0.0515474
0 0 497 0.0339411
0 0 498 -0.0344462
0 0 499 -0.0355389
0 0 500 -0.0607744
0 0 501 -0.0136508
0 0 502 -0.0470726
0 0 503 -0.107152
0 0 504 -0.0697239
0 0 505 0.0776479
0 0 506 0.0368549
0 0 507 0.0197537
0 0 508 0.0851752
0 0 509 -0.00386877
0 0 510 -0.0397361
0 0 511 0.0239857
