0 0 0 7.75527 -2.40345 -6.95461 -4.24262
0 0 1 12.9784 0.889678 -0.370884 -3.66167
0 0 2 13.668 0.501103 11.0549 -7.43721
0 0 3 7.85797 6.11682 8.73173 -7.82409
0 0 4 5.73057 6.69879 3.79323 -7.72706
0 0 5 8.34214 6.11682 0.599229 -8.30801
0 0 6 11.5259 4.08345 1.75939 -3.4676
0 0 7 7.18307 2.82546 1.37362 3.98772
0 0 8 -1.04778 8.05437 -0.17516 6.21448
0 0 9 -4.64236 7.76338 -0.563772 3.01989
0 0 10 -7.34196 -0.563488 2.72951 -0.0789337
0 0 11 -7.63539 -1.04788 -1.91966 -1.33787
0 0 12 -8.60373 2.63206 -3.17911 -4.91934
0 0 13 -4.53965 5.8276 5.82706 -3.66167
0 0 14 2.42943 9.60335 6.01995 -3.08072
0 0 15 2.62016 7.8592 3.79323 -1.62771
0 0 16 -0.475579 0.114302 -0.853105 3.60084
0 0 17 0.199321 -4.04825 0.114173 4.3746
0 0 18 2.72286 -2.11247 0.403505 -2.3057
0 0 19 3.39776 3.11645 2.53378 -2.98368
0 0 20 2.53213 9.99015 2.63023 -1.72475
0 0 21 4.27807 11.9259 2.3409 1.27704
0 0 22 7.85797 9.11896 7.18295 5.63353
0 0 23 8.53287 3.40566 7.95734 5.43946
0 0 24 10.1761 5.43903 0.403505 0.696086
0 0 25 10.763 8.34359 -6.85816 -2.20866
0 0 26 9.50121 5.43903 -7.53327 -4.53246
0 0 27 10.1761 0.985491 -6.75888 -7.05033
0 0 28 11.3352 -0.4659 -13.4419 -3.85448
0 0 29 16.661 2.34107 -17.5067 0.212171
0 0 30 13.1838 7.37658 -16.1508 3.11566
0 0 31 6.88964 1.95427 -10.6337 4.3746
0 0 32 2.23869 -4.72604 -12.6675 0.404981
0 0 33 1.27036 -0.659301 -9.56711 3.01989
0 0 34 4.55683 2.53447 -4.72789 3.89068
0 0 35 3.88193 2.34107 0.403505 -0.175969
0 0 36 0.786191 -1.82148 7.95734 -0.659884
0 0 37 3.6912 -5.79063 9.21395 1.66392
0 0 38 9.31048 -3.56386 2.63023 0.307946
0 0 39 12.3035 -0.950289 2.63023 -0.659884
0 0 40 10.763 -2.30587 1.17789 -4.72653
0 0 41 7.56454 0.307702 -1.53105 -3.56463
0 0 42 5.43714 4.47203 -4.14639 -0.175969
0 0 43 3.7939 7.76338 -3.07983 -0.659884
0 0 44 -3.18985 4.66543 -2.50116 -1.24083
0 0 45 -7.54736 1.17889 -9.95572 -2.3057
0 0 46 -7.15123 0.696278 -11.4081 -2.88665
0 0 47 -4.92112 0.501103 -9.56711 -2.69258
0 0 48 -0.372877 0.59869 -6.95461 -4.24262
0 0 49 6.69891 -1.43468 -7.92189 -6.27531
0 0 50 6.30277 -2.98366 -4.43572 -1.91882
0 0 51 1.65182 -0.176686 6.6979 -2.3057
0 0 52 -6.57903 0.889678 9.60256 -2.11163
0 0 53 -7.92883 3.60084 5.14912 -0.273004
0 0 54 -0.666312 2.72787 -2.50116 -6.08124
0 0 55 2.72286 -7.72818 -8.01833 -5.40452
0 0 56 4.95297 -14.0217 -12.9568 -0.756919
0 0 57 5.9213 -8.79277 -11.2152 -0.175969
0 0 58 2.13599 -5.11284 -4.82433 2.14783
0 0 59 -1.15048 -4.91944 -3.85422 3.40677
0 0 60 -1.34121 -6.7594 -6.46955 -1.4349
0 0 61 -0.0794421 -4.82362 -9.76283 -9.18006
0 0 62 0.00858841 2.92305 -8.88916 -7.72706
0 0 63 -0.857045 5.53662 -3.07983 -2.5968
0 0 64 0.595458 2.53447 -6.08094 -1.33787
0 0 65 1.85723 6.79461 -8.01833 -1.72475
0 0 66 1.94526 12.7013 -6.27666 -3.75744
0 0 67 0.888893 10.5704 -5.40583 -4.24262
0 0 68 -2.01611 1.27648 -6.27666 -2.49977
0 0 69 -0.666312 -5.01702 -8.3105 -1.4349
0 0 70 1.37306 -2.40345 -11.3116 -2.78961
0 0 71 1.07963 2.63206 -5.40583 -2.49977
0 0 72 -1.34121 5.53662 4.56762 -0.659884
0 0 73 -0.666312 5.63243 5.5349 -1.24083
0 0 74 0.199321 0.59869 2.53378 -1.24083
0 0 75 -1.34121 0.59869 -3.07983 -1.91882
0 0 76 -0.769014 3.69665 -5.69516 -4.14558
0 0 77 4.65953 7.56998 -5.9845 -3.85448
0 0 78 9.50121 9.60335 -7.05105 -3.75744
0 0 79 5.52517 9.21478 -7.82544 -2.88665
0 0 80 2.3414 13.5725 -5.40583 -1.1438
0 0 81 2.13599 16.3795 -4.53216 0.696086
0 0 82 0.00858841 11.1523 -2.30544 4.3746
0 0 83 -2.41225 2.43866 0.502785 4.56867
0 0 84 -2.79372 -6.85699 2.05156 0.888896
0 0 85 -5.31726 -6.95281 -9.56711 1.37281
0 0 86 -8.79446 0.211889 -15.8615 2.63175
0 0 87 -8.03153 -0.659301 -18.474 -1.4349
0 0 88 -2.01611 0.211889 -15.5722 -2.78961
0 0 89 -2.11882 -2.59686 -9.18133 2.0508
0 0 90 -9.0879 -6.08161 -1.72677 3.01989
0 0 91 -9.48403 -1.72567 0.403505 0.307946
0 0 92 -2.98445 7.95678 0.695673 1.76095
0 0 93 5.9213 15.5083 7.2794 7.08527
0 0 94 12.3035 11.8301 6.89079 5.43946
0 0 95 13.4626 10.7638 9.02106 -1.24083
0 0 96 6.97767 4.95464 12.0222 -4.6295
0 0 97 0.595458 -1.04788 14.5411 -7.05033
0 0 98 -1.92808 -0.4659 14.8304 -8.98599
0 0 99 2.3414 -0.2725 8.05379 -8.50208
0 0 100 6.88964 2.34107 1.75939 -5.40452
0 0 101 8.53287 -0.756888 2.43734 -2.69258
0 0 102 6.30277 -0.370087 3.01884 -0.175969
0 0 103 1.27036 0.59869 1.95512 -0.949728
0 0 104 -0.372877 -3.66145 -1.53105 -6.37235
0 0 105 1.16766 -5.88821 -4.14639 -6.46938
0 0 106 6.4935 -3.17706 -4.63144 -1.04676
0 0 107 5.52517 -0.659301 0.114173 2.72878
0 0 108 -0.182144 1.85668 7.18295 5.92338
0 0 109 -2.98445 2.72787 9.40968 2.72878
0 0 110 -3.27788 3.01886 6.40857 -1.72475
0 0 111 -1.53195 1.46988 0.210617 -2.11163
0 0 112 0.199321 4.27862 3.88967 -0.368779
0 0 113 -0.182144 4.27862 7.47229 4.3746
0 0 114 -4.53965 2.92305 2.9224 6.02041
0 0 115 -5.61069 2.63206 2.05156 2.82582
0 0 116 -3.95278 1.76087 2.82595 1.76095
0 0 117 1.56379 0.40529 -0.17516 -2.20866
0 0 118 5.62787 -0.176686 -3.07983 -6.46938
0 0 119 5.33443 -1.72567 -1.72677 -6.75923
0 0 120 7.18307 -5.9858 -1.24172 -5.11341
0 0 121 3.7939 -10.3418 5.34201 -2.5968
0 0 122 -0.0794421 -3.56386 7.18295 -0.562849
0 0 123 -0.475579 2.53447 3.60034 2.72878
0 0 124 0.111291 1.85668 1.85584 3.11566
0 0 125 -0.959747 -2.49927 -3.07983 3.40677
0 0 126 -0.769014 -4.24165 -2.50116 1.76095
0 0 127 -3.57132 -4.72604 0.888562 0.985931
0 0 128 -3.95278 -8.59937 -1.14527 -5.30748
0 0 129 -4.83309 -9.08376 -2.88694 -5.30748
0 0 130 -6.96049 -4.24165 0.695673 -2.88665
0 0 131 -5.99216 -3.75903 1.08145 -1.24083
0 0 132 -5.40529 -7.05039 2.53378 -2.20866
0 0 133 -0.475579 -2.40345 -1.43461 -1.62771
0 0 134 4.76224 4.47203 -4.82433 -0.949728
0 0 135 4.4688 3.60084 2.53378 3.2127
0 0 136 -0.182144 -3.27464 7.2794 6.79543
0 0 137 -2.79372 -1.91907 3.5039 7.95733
0 0 138 -4.92112 1.27648 4.47117 8.05437
0 0 139 -5.88945 0.889678 0.210617 6.31151
0 0 140 -0.857045 -0.854476 -6.95461 2.53471
0 0 141 2.72286 -4.82362 -12.1824 0.696086
0 0 142 4.4688 -4.43682 -13.1497 3.69661
0 0 143 4.4688 -0.176686 -10.4379 2.82582
0 0 144 4.65953 0.59869 -5.88805 0.0181013
0 0 145 0.00858841 -2.30587 -4.24283 3.2127
0 0 146 -2.50028 -5.69481 -6.566 7.57045
0 0 147 -5.31726 -4.04825 -6.566 10.4739
0 0 148 -1.73735 1.66328 -7.729 7.86029
0 0 149 2.91359 -1.43468 -12.6675 1.08297
0 0 150 5.2464 -6.7594 -8.69627 -5.01638
0 0 151 -1.15048 -4.72604 -2.01611 -2.11163
0 0 152 -7.34196 -2.20828 1.56651 3.69661
0 0 153 -4.73039 -3.08124 4.47117 1.95376
0 0 154 -7.06319 -3.75903 6.40857 -2.20866
0 0 155 -8.413 -4.24165 2.3409 -1.72475
0 0 156 -4.24622 -7.43719 0.0177285 -2.49977
0 0 157 -2.89642 -11.1171 2.14801 -4.04855
0 0 158 0.00858841 -10.7286 1.37362 -3.95151
0 0 159 0.111291 -6.1792 2.05156 -1.62771
0 0 160 -7.82613 -2.01488 -0.660216 1.95376
0 0 161 -5.80142 3.11645 -0.467328 1.85799
0 0 162 -2.98445 3.89005 2.53378 1.76095
0 0 163 -2.30955 2.24526 1.27717 0.985931
0 0 164 0.302023 -0.563488 2.24445 1.95376
0 0 165 1.94526 -5.88821 3.88967 4.47163
0 0 166 -0.857045 -10.0508 1.47006 7.47341
0 0 167 -4.24622 -12.6661 -2.7905 5.43946
0 0 168 -6.76976 -9.37297 2.82595 3.60084
0 0 169 -2.30955 1.85668 8.73173 7.86029
0 0 170 2.23869 8.63457 5.73062 7.95733
0 0 171 2.04796 13.3791 0.792117 4.47163
0 0 172 0.786191 10.5704 1.37362 3.98772
0 0 173 1.07963 1.08308 6.40857 5.05258
0 0 174 -3.57132 -5.11284 3.69679 6.02041
0 0 175 -6.37362 0.40529 1.47006 4.6657
0 0 176 -4.73039 6.89219 1.37362 2.14783
0 0 177 3.7939 5.73002 0.502785 -0.368779
0 0 178 9.39851 0.0184884 0.0177285 -2.3057
0 0 179 8.34214 -4.14583 -0.370884 -2.98368
0 0 180 5.2464 -2.40345 -2.98338 1.18
0 0 181 3.5885 -0.563488 -2.98338 1.95376
0 0 182 4.17536 -0.854476 6.89079 1.85799
0 0 183 2.53213 2.34107 16.0898 3.11566
0 0 184 -0.0794421 1.37229 12.7001 1.56688
0 0 185 -0.0794421 -0.854476 4.95623 2.92285
0 0 186 5.73057 -3.37046 3.79323 0.599051
0 0 187 3.6912 -2.01488 8.82818 -2.98368
0 0 188 -0.769014 0.792091 9.99118 -5.98547
0 0 189 -2.70569 -1.24128 6.31212 -9.95508
0 0 190 -2.11882 -8.79277 0.210617 -12.1818
0 0 191 0.111291 -13.4397 -4.04994 -9.66398
0 0 192 -1.82538 -13.5373 -2.98338 -8.79318
0 0 193 -2.60298 -13.7307 0.403505 -6.17828
0 0 194 -0.959747 -11.5039 4.47117 -2.69258
0 0 195 1.56379 -6.85699 7.76162 -0.465814
0 0 196 0.492756 -2.59686 8.82818 0.115136
0 0 197 -3.08715 1.46988 11.9257 0.404981
0 0 198 -3.27788 1.27648 9.50612 -1.82178
0 0 199 -1.04778 -2.01488 -1.14527 -7.63128
0 0 200 -2.89642 -1.82148 -5.11366 -8.01816
0 0 201 -4.64236 2.05008 -2.50116 -4.82357
0 0 202 -4.83309 1.56747 -1.43461 -3.85448
0 0 203 -3.95278 1.37229 1.17789 -2.49977
0 0 204 -3.08715 2.82546 3.60034 -0.0789337
0 0 205 -0.284847 1.76087 4.08256 4.3746
0 0 206 -0.769014 2.43866 5.34201 3.60084
0 0 207 -2.60298 5.34321 7.56873 1.46985
0 0 208 -0.769014 2.14767 8.82818 3.98772
0 0 209 3.5885 -2.98366 7.37584 4.27756
0 0 210 4.85027 0.40529 14.4446 0.502016
0 0 211 0.595458 4.76124 19.3803 2.92285
0 0 212 -1.15048 1.66328 12.9923 3.01989
0 0 213 0.683489 -4.04825 7.18295 0.115136
0 0 214 0.786191 -4.24165 8.82818 -1.4349
0 0 215 3.20703 -2.40345 10.1841 -2.11163
0 0 216 5.43714 -2.11247 6.31212 -0.0789337
0 0 217 4.65953 -3.66145 4.08256 2.63175
0 0 218 7.56454 -2.69267 6.40857 2.53471
0 0 219 9.10507 -2.88607 6.50501 -1.82178
0 0 220 12.6997 -4.91944 8.15023 -3.37056
0 0 221 22.2803 -3.85485 14.6375 -4.14558
0 0 222 52.0053 -2.79026 20.9319 -4.14558
0 0 223 137.586 6.11682 25.7711 -4.24262
0 0 224 327.643 20.5438 53.8505 4.47163
0 0 225 620.139 37.3892 117.072 20.6399
0 0 226 876.807 52.9783 167.422 30.225
0 0 227 949.623 78.1506 154.833 27.7084
0 0 228 859.568 101.774 108.651 45.8136
0 0 229 720.245 95.4821 76.2142 65.2735
0 0 230 583.548 62.1764 58.4004 64.2087
0 0 231 459.997 26.1595 42.1354 48.6213
0 0 232 351.852 3.01886 15.897 25.0947
0 0 233 257.351 -1.14369 1.75939 -1.91882
0 0 234 176.7 -1.43468 2.82595 -17.3121
0 0 235 113.48 1.08308 10.377 -13.9234
0 0 236 68.3643 2.43866 12.8958 -4.04855
0 0 237 38.4486 4.66543 8.15023 4.27756
0 0 238 18.8911 6.21441 2.72951 2.82582
0 0 239 9.20778 2.72787 3.88967 -0.465814
0 0 240 4.27807 -3.37046 3.79323 -0.756919
0 0 241 4.17536 -3.37046 3.40745 0.696086
0 0 242 6.40547 -0.2725 6.50501 -0.659884
0 0 243 6.00933 -4.43682 14.2489 -3.85448
0 0 244 7.46184 -6.66359 13.2816 -3.66167
0 0 245 6.21474 -1.43468 4.08256 -0.853954
0 0 246 3.30973 -2.40345 1.47006 -1.82178
0 0 247 4.07266 -6.08161 5.43845 -3.85448
0 0 248 0.888893 -6.66359 7.95734 -4.53246
0 0 249 -1.44391 1.08308 5.63418 -3.75744
0 0 250 0.199321 11.6367 -1.91966 -3.66167
0 0 251 1.56379 9.60335 -5.50227 -2.40273
0 0 252 2.42943 5.43903 -1.43461 1.27704
0 0 253 2.82556 6.40781 5.82706 1.56688
0 0 254 2.53213 6.98801 7.66517 2.0508
0 0 255 2.13599 1.56747 6.89079 3.40677
0 0 256 -3.08715 -5.88821 5.73062 5.14962
0 0 257 -4.83309 -4.91944 6.21284 7.95733
0 0 258 -3.57132 -1.33709 5.92351 1.66392
0 0 259 -4.92112 2.53447 2.14801 -3.17649
0 0 260 -7.73809 3.98764 0.502785 -2.69258
0 0 261 -7.63539 -0.370087 0.695673 4.47163
0 0 262 -5.61069 -2.30587 1.27717 7.57045
0 0 263 -1.25318 1.66328 1.37362 7.47341
0 0 264 2.04796 2.53447 -1.14527 5.05258
0 0 265 -1.04778 3.11645 -2.50116 0.791861
0 0 266 -6.18289 2.72787 3.30817 -3.17649
0 0 267 -6.18289 2.24526 8.34312 -3.4676
0 0 268 -4.34892 1.46988 7.56873 3.89068
0 0 269 -3.18985 -0.079099 3.60034 8.73109
0 0 270 1.94526 -1.62808 -3.46844 10.1841
0 0 271 5.2464 -9.08376 -6.75888 7.86029
0 0 272 2.04796 -7.05039 -8.40694 1.95376
0 0 273 -5.40529 -0.2725 -4.63144 1.46985
0 0 274 -6.96049 1.95427 4.76051 2.43894
0 0 275 -3.57132 1.66328 3.30817 0.212171
0 0 276 0.492756 3.50325 -1.33816 -1.72475
0 0 277 0.492756 0.211889 -3.27555 -3.85448
0 0 278 -2.98445 -4.63022 -5.21011 -3.08072
0 0 279 -3.46862 -7.14621 -4.82433 0.791861
0 0 280 -1.34121 -4.04825 1.27717 -2.20866
0 0 281 -1.44391 -0.854476 8.05379 -6.17828
0 0 282 0.683489 3.11645 9.79545 -5.11341
0 0 283 1.94526 0.59869 11.6364 -3.95151
0 0 284 -0.182144 -4.82362 11.8293 -1.1438
0 0 285 -3.57132 -8.11498 11.8293 2.14783
0 0 286 -3.57132 -8.98617 9.99118 -1.1438
0 0 287 -6.37362 -7.05039 5.82706 -4.24262
0 0 288 -7.15123 -2.11247 0.403505 -2.20866
0 0 289 -3.08715 -1.24128 -6.37311 0.404981
0 0 290 -1.04778 -1.53227 -11.4081 4.47163
0 0 291 -1.63465 0.889678 -4.63144 3.5038
0 0 292 -2.89642 -2.01488 4.66406 0.599051
0 0 293 -3.95278 -4.24165 5.92351 1.27704
0 0 294 -5.40529 -5.01702 3.11528 1.85799
0 0 295 -5.02382 -5.9858 -0.17516 -1.1438
0 0 296 -1.82538 -1.82148 0.210617 -5.11341
0 0 297 0.00858841 -0.4659 2.14801 -5.40452
0 0 298 1.37306 -1.33709 0.695673 -3.66167
0 0 299 -0.769014 -2.11247 -2.69405 -3.66167
0 0 300 -4.83309 -3.37046 -4.04994 -4.82357
0 0 301 -6.85779 -4.72604 -3.07983 -4.43543
0 0 302 -9.67477 -11.1171 -2.20899 -3.56463
0 0 303 -10.1589 -7.24379 -0.467328 -2.78961
0 0 304 -7.73809 -3.66145 2.9224 -4.91934
0 0 305 1.07963 -2.79026 5.14912 -5.01638
0 0 306 10.0734 -4.53264 5.82706 -1.62771
0 0 307 12.5969 -2.20828 8.15023 2.63175
0 0 308 4.27807 -6.66359 6.50501 3.89068
0 0 309 -1.15048 -11.2129 10.862 0.888896
0 0 310 -4.15819 -7.53478 9.69901 0.0181013
0 0 311 -6.85779 3.98764 4.95623 0.791861
0 0 312 -10.4524 6.98801 3.69679 2.43894
0 0 313 -10.8338 0.985491 6.98723 1.08297
0 0 314 -9.38133 -1.72567 3.88967 -2.5968
0 0 315 -5.69872 -2.88607 -2.20899 -2.88665
0 0 316 -1.15048 -0.2725 -2.50116 -2.78961
0 0 317 -3.27788 -1.82148 -2.01611 -3.27353
0 0 318 -5.21455 -3.56386 -3.46844 -5.69436
0 0 319 -3.38059 1.27648 -2.40188 -5.7914
0 0 320 -3.18985 4.47203 3.88967 -3.27353
0 0 321 -6.47632 9.02138 6.40857 2.14783
0 0 322 -6.47632 9.31236 4.27829 4.56867
0 0 323 -3.76205 8.82797 3.60034 1.37281
0 0 324 -3.95278 4.18104 4.27829 -3.37056
0 0 325 -3.38059 1.56747 2.43734 -5.7914
0 0 326 -0.56361 1.46988 3.98612 -4.91934
0 0 327 -0.372877 -1.72567 6.01995 3.40677
0 0 328 -2.41225 0.0184884 2.63023 7.66622
0 0 329 -2.79372 3.69665 -3.27555 4.56867
0 0 330 1.16766 -0.370087 -3.372 -0.562849
0 0 331 4.4688 -4.63022 -3.17911 -1.82178
0 0 332 5.52517 -4.82362 -1.24172 1.37281
0 0 333 0.492756 -4.53264 0.210617 7.66622
0 0 334 -4.92112 -4.33924 -2.40188 8.82812
0 0 335 -5.31726 -2.98366 -3.75777 4.08475
0 0 336 -3.46862 -4.53264 -3.9535 2.0508
0 0 337 -6.66706 -8.01917 2.05156 2.92285
0 0 338 -6.09486 -5.59723 6.40857 -1.33787
0 0 339 -1.15048 -4.43682 5.05268 -0.949728
0 0 340 -3.46862 -8.59937 -0.853105 -0.368779
0 0 341 -7.82613 -3.66145 -2.7905 3.01989
0 0 342 -5.88945 3.60084 -0.949549 7.66622
0 0 343 -3.46862 6.21441 3.01884 8.53828
0 0 344 -7.34196 3.60084 2.63023 7.08527
0 0 345 -4.64236 6.40781 -0.563772 7.08527
0 0 346 -0.475579 9.21478 -2.50116 6.21448
0 0 347 3.20703 12.7013 -3.17911 4.18179
0 0 348 3.88193 12.0235 2.53378 2.82582
0 0 349 -1.15048 5.14981 7.95734 -0.659884
0 0 350 -6.66706 3.40566 8.82818 -1.24083
0 0 351 -11.1273 1.56747 7.47229 -0.175969
0 0 352 -10.4524 -0.659301 7.66517 3.5038
0 0 353 -1.92808 1.46988 3.11528 4.95555
0 0 354 2.53213 1.95427 -1.62749 6.31151
0 0 355 -3.86475 2.24526 -1.24172 3.89068
0 0 356 -11.1273 0.40529 -2.69405 -5.30748
0 0 357 -9.38133 -2.69267 -6.27666 -8.79318
0 0 358 -4.83309 -8.30838 -4.92077 -1.24083
0 0 359 -5.61069 -10.1484 -3.46844 4.27756
0 0 360 -3.76205 -6.27502 -2.98338 3.01989
0 0 361 -5.69872 -6.46842 0.403505 4.85851
0 0 362 -9.57206 -3.66145 2.14801 7.66622
0 0 363 -11.8902 -0.4659 1.37362 3.40677
0 0 364 -5.02382 -5.01702 2.3409 0.212171
0 0 365 0.976924 -7.53478 -1.82322 -1.82178
0 0 366 1.56379 -7.43719 -4.53216 -2.40273
0 0 367 0.111291 -2.30587 -0.27444 -1.24083
0 0 368 -4.15819 -4.91944 1.47006 0.985931
0 0 369 -3.76205 -3.56386 1.56651 0.212171
0 0 370 7.946 4.37444 -2.98338 0.599051
0 0 371 13.3746 2.24526 -4.72789 -2.20866
0 0 372 12.2155 2.34107 -0.949549 -3.56463
0 0 373 4.4688 5.8276 -0.0787155 -0.175969
0 0 374 0.595458 2.72787 -5.11366 3.01989
0 0 375 -1.34121 -5.9858 -0.853105 1.66392
0 0 376 0.199321 -12.9553 7.56873 -5.50029
0 0 377 0.302023 -14.5043 10.1841 -7.63128
0 0 378 0.111291 -11.2129 8.43956 -5.21045
0 0 379 0.404726 -7.72818 1.47006 -7.43721
0 0 380 -1.92808 -8.50178 -2.50116 -8.21223
0 0 381 -3.08715 -11.8907 -3.372 -6.85626
0 0 382 -2.89642 -8.11498 -6.46955 -2.11163
0 0 383 -0.284847 0.0184884 -4.04994 -2.40273
0 0 384 0.111291 1.08308 1.75939 -1.1438
0 0 385 -4.53965 -3.66145 3.98612 0.696086
0 0 386 -5.80142 -3.56386 1.95512 2.92285
0 0 387 -2.41225 4.66543 0.210617 4.18179
0 0 388 -1.15048 11.4415 2.63023 1.37281
0 0 389 0.492756 12.6037 0.695673 3.89068
0 0 390 2.04796 3.69665 0.0177285 6.69839
0 0 391 0.683489 -0.854476 -4.43572 2.43894
0 0 392 2.04796 -1.91907 -5.69516 1.85799
0 0 393 -0.182144 3.30985 -0.756661 2.43894
0 0 394 0.492756 8.53699 -2.50116 1.08297
0 0 395 3.20703 7.76338 -4.53216 0.696086
0 0 396 5.2464 2.24526 -2.59761 -2.69258
0 0 397 6.78694 -4.14583 1.85584 -3.85448
0 0 398 8.43017 -4.63022 3.21173 3.5038
0 0 399 4.27807 -0.2725 0.114173 6.60136
0 0 400 4.4688 3.21226 -6.18022 0.888896
0 0 401 3.50046 6.021 -5.88805 -0.756919
0 0 402 0.302023 4.85883 2.82595 -0.756919
0 0 403 2.53213 0.0184884 10.862 -1.4349
0 0 404 2.3414 -0.4659 12.7966 0.985931
0 0 405 2.62016 -5.59723 0.792117 1.46985
0 0 406 3.50046 -3.95243 -7.63255 2.0508
0 0 407 4.4688 -3.37046 -6.85816 -1.62771
0 0 408 -0.0794421 -0.563488 0.403505 -2.01585
0 0 409 -5.40529 -1.82148 9.40968 1.18
0 0 410 -0.182144 4.08345 8.15023 3.2127
0 0 411 6.00933 10.5704 6.21284 3.89068
0 0 412 3.98463 5.43903 -2.20899 5.5365
0 0 413 -1.53195 2.53447 -5.40583 1.85799
0 0 414 0.199321 -0.4659 -3.372 -2.40273
0 0 415 -2.98445 -3.95243 2.24445 0.0181013
0 0 416 -6.85779 -7.43719 -0.17516 0.212171
0 0 417 -3.67402 -10.4393 1.37362 0.404981
0 0 418 -2.01611 -10.9237 2.43734 -0.0789337
0 0 419 -2.50028 -9.08376 4.37473 -1.1438
0 0 420 -4.24622 -3.08124 10.6663 0.212171
0 0 421 -2.50028 -1.62808 9.31323 6.11744
0 0 422 3.20703 -1.72567 -1.62749 5.92338
0 0 423 3.39776 0.307702 -1.82322 2.82582
0 0 424 2.91359 3.01886 -0.467328 1.37281
0 0 425 -1.25318 1.08308 -3.85422 6.50432
0 0 426 -3.67402 0.40529 -4.24283 10.668
0 0 427 1.27036 -1.72567 -1.53105 4.76148
0 0 428 3.10433 -0.950289 0.307061 2.3419
0 0 429 2.62016 5.05223 3.01884 1.66392
0 0 430 0.976924 6.21441 8.43956 -3.17649
0 0 431 -0.0794421 2.63206 6.31212 -6.37235
0 0 432 3.0163 5.24563 6.6979 -10.6318
0 0 433 3.0163 2.82546 6.79434 -9.37413
0 0 434 0.492756 0.0184884 6.89079 -6.66219
0 0 435 -0.182144 1.76087 4.76051 -2.40273
0 0 436 1.27036 0.307702 1.37362 -0.659884
0 0 437 2.23869 -0.370087 -0.0787155 1.46985
0 0 438 -0.0794421 4.08345 0.0177285 3.40677
0 0 439 0.302023 8.82797 -0.27444 4.18179
0 0 440 3.39776 8.82797 -1.04883 4.3746
0 0 441 6.21474 4.37444 2.53378 2.24487
0 0 442 5.8186 0.696278 6.01995 2.63175
0 0 443 6.88964 3.69665 3.30817 2.92285
0 0 444 7.2711 3.30985 -2.20899 -0.949728
0 0 445 12.3035 1.27648 -5.40583 0.791861
0 0 446 10.763 4.76124 -2.01611 3.89068
0 0 447 8.43017 8.34359 -4.04994 3.69661
0 0 448 2.42943 8.15019 0.792117 1.85799
0 0 449 -7.15123 6.69879 0.985006 -2.88665
0 0 450 -7.73809 2.53447 -7.63255 -4.82357
0 0 451 -4.43695 6.40781 -9.27778 -1.53068
0 0 452 -4.53965 5.05223 -4.72789 0.888896
0 0 453 -6.76976 1.37229 2.63023 1.85799
0 0 454 -6.85779 1.27648 5.92351 0.888896
0 0 455 -2.01611 -0.4659 5.14912 -0.273004
