0 0 0 -0.860762 -2.22106 -7.53103 -4.61536
0 0 1 -4.16853 -11.9976 2.24574 3.02337
0 0 2 9.04437 -6.81827 8.78348 4.12485
0 0 3 3.08312 -7.20637 -1.89855 5.87169
0 0 4 0.175188 9.81942 0.950525 -0.0841275
0 0 5 3.47387 11.1147 6.45369 -2.15494
0 0 6 -2.22385 -9.27622 6.06373 -5.19764
0 0 7 7.8085 7.81267 4.77051 -5.06806
0 0 8 1.21114 7.61862 -4.22834 -6.36306
0 0 9 -0.415485 5.41783 0.691881 1.34046
0 0 10 2.82867 1.33965 -0.732655 8.33212
0 0 11 -0.997071 -3.19288 4.31689 -0.0841275
0 0 12 -0.73354 4.25196 -5.33056 -0.472884
0 0 13 -1.12429 -2.02701 -1.57424 -4.55142
0 0 14 -1.89671 2.43926 -8.76059 -5.06806
0 0 15 -11.6746 -0.537726 2.37506 -2.86766
0 0 16 -3.00536 5.41783 -3.96969 -6.36306
0 0 17 -1.96941 -7.4651 5.22214 4.70798
0 0 18 -1.25151 0.94998 5.80509 -2.86766
0 0 19 2.17439 2.76268 -4.48897 0.110251
0 0 20 1.21114 -10.573 5.80509 2.57067
0 0 21 6.06374 1.98648 0.431246 -3.19077
0 0 22 -2.28746 1.72775 -6.56012 -3.38515
0 0 23 4.57343 -3.12819 -6.4308 -6.0391
0 0 24 4.18268 -7.65915 -0.861977 -3.57953
0 0 25 7.68128 3.15235 10.1424 3.6713
0 0 26 -0.997071 -6.17144 -1.25193 -6.36306
0 0 27 -6.55848 -8.56629 -2.48149 -5.1337
0 0 28 3.0195 0.238469 8.78348 -1.5718
0 0 29 0.238798 -4.29406 0.238258 -5.45681
0 0 30 -3.00536 4.18728 -1.12062 1.85795
0 0 31 -6.7584 10.3385 1.01419 -1.44307
0 0 32 -3.51425 3.60513 -13.5515 -2.5437
0 0 33 8.65361 12.0218 -1.89855 5.15983
0 0 34 -0.479096 8.33171 6.51735 1.08129
0 0 35 -3.84139 3.66981 1.40415 -4.03223
0 0 36 6.31818 0.561883 -2.93511 -7.13972
0 0 37 -1.8331 16.4881 -6.68944 1.85795
0 0 38 -5.14087 11.7615 4.77051 3.34733
0 0 39 0.493242 3.7345 -3.06444 -3.38515
0 0 40 4.05545 -12.127 4.89983 -0.66641
0 0 41 3.14673 8.07298 -9.34353 0.0454581
0 0 42 3.0195 0.755931 0.0432793 0.627741
0 0 43 2.69236 1.33965 5.35146 7.81463
0 0 44 5.15501 1.98648 -0.732655 2.70026
0 0 45 -4.94095 -6.36549 -2.67448 -4.2914
0 0 46 0.302409 0.238469 -2.99878 -4.74495
0 0 47 -1.89671 10.2091 -7.46538 0.434215
0 0 48 -0.669929 -4.87621 3.53896 -4.03223
0 0 49 5.67299 10.8559 2.37506 -3.12598
0 0 50 -0.151954 -8.75876 1.01419 -3.96743
0 0 51 -2.16024 -2.35042 -4.03535 0.0454581
0 0 52 -4.29575 4.38133 -9.08489 0.369422
0 0 53 8.45369 2.18053 -0.603332 5.3542
0 0 54 -3.65055 10.0135 9.17145 5.419
0 0 55 7.49044 -0.862718 -6.62379 -8.6291
0 0 56 -0.860762 9.496 -0.215365 4.12485
0 0 57 0.756773 -7.79009 4.31689 0.304629
0 0 58 -5.52253 4.44601 5.93441 -0.795996
0 0 59 -7.73074 -0.278994 2.76303 -4.74495
0 0 60 5.67299 3.7345 -1.6399 -0.601617
0 0 61 -1.8331 -10.9611 1.79212 5.87169
0 0 62 -1.70588 5.02973 5.15848 1.34046
0 0 63 3.0195 7.16584 -3.4524 2.50588
0 0 64 -2.55099 -9.98931 2.43873 0.692533
0 0 65 0.102489 3.86386 3.60462 4.44796
0 0 66 1.01122 5.74124 -4.48897 3.6713
0 0 67 1.65641 0.691248 -3.84037 -1.76618
0 0 68 2.11078 11.4381 -2.86946 1.34046
0 0 69 -2.09663 4.57537 1.9851 8.00815
0 0 70 -4.5502 0.94998 -3.1281 1.72837
0 0 71 -2.80544 0.820614 10.5323 10.663
0 0 72 -5.58614 0.885297 2.82669 4.70798
0 0 73 -0.797151 -5.6524 -0.927633 1.47005
0 0 74 -0.997071 -2.54605 -6.75311 0.757326
0 0 75 1.72911 4.70474 -4.42332 4.31922
0 0 76 4.50982 -14.3925 14.5453 -3.57953
0 0 77 -1.96941 -14.4572 12.0862 1.27567
0 0 78 -5.20448 5.99998 -0.603332 -0.14892
0 0 79 -3.51425 11.8262 3.60462 4.38316
0 0 80 10.5983 2.11585 5.22214 -3.51474
0 0 81 10.98 0.691248 13.833 -5.00326
0 0 82 7.41775 7.74799 -1.38126 -4.2914
0 0 83 4.57343 -4.5528 3.08733 0.886912
0 0 84 3.80101 -0.278994 3.7996 -6.16868
0 0 85 1.13844 -0.992083 5.22214 0.951705
0 0 86 -8.17602 6.5837 4.44621 -0.535972
0 0 87 -12.3925 -2.93415 13.3157 -0.66641
0 0 88 -5.72245 2.56863 -0.603332 1.21088
0 0 89 2.89228 5.99998 3.7996 -4.93932
0 0 90 7.29052 0.885297 2.3094 -3.64347
0 0 91 3.0195 8.84918 -4.16467 -9.98805
0 0 92 6.77255 6.71306 13.3794 -3.51474
0 0 93 5.60938 9.496 4.89983 -3.12598
0 0 94 1.40197 -7.79009 11.3083 -8.75954
0 0 95 -1.37874 2.05117 -0.344688 -7.39889
0 0 96 6.70894 -1.50955 -8.69692 4.90065
0 0 97 2.37431 0.691248 -3.96969 6.26045
0 0 98 8.65361 -1.3155 2.18008 4.0592
0 0 99 2.43792 -0.537726 -1.3156 7.75069
0 0 100 5.28224 3.02299 0.496902 -1.31434
0 0 101 3.28304 3.47577 3.21665 -0.860788
0 0 102 -0.93346 7.74799 -4.61829 -0.66641
0 0 103 -7.14007 -3.96907 -6.56012 0.110251
0 0 104 1.33836 0.238469 -5.84785 4.70798
0 0 105 -3.71417 -18.406 9.17145 -0.408091
0 0 106 -0.215565 -10.6377 0.562558 0.886912
0 0 107 12.2794 -0.992083 12.2792 7.36193
0 0 108 2.3107 -10.1849 -0.0860431 2.82899
0 0 109 0.102489 -4.42343 2.89235 9.95108
0 0 110 6.31818 18.3654 -5.45988 -4.03223
0 0 111 2.04717 -2.15637 3.7996 2.57067
0 0 112 0.238798 -0.992083 -9.40919 2.70026
0 0 113 2.24709 4.96505 -2.41583 -6.36306
0 0 114 -1.96941 6.77775 3.08733 -0.860788
0 0 115 3.21034 0.367834 -4.42332 2.57067
0 0 116 0.947606 -6.81827 1.01419 -1.24869
0 0 117 -6.55848 -8.43692 9.10778 0.239836
0 0 118 -0.93346 -6.17144 -0.279032 -0.924729
0 0 119 2.43792 -2.7401 -2.15719 3.21775
0 0 120 3.0195 -5.19962 -0.9913 5.54858
0 0 121 -0.215565 5.67656 2.43873 -5.71684
0 0 122 -5.58614 -8.17661 0.301924 -3.19077
0 0 123 2.11078 1.21029 0.0432793 3.6065
0 0 124 -9.02113 3.54045 -3.58173 -5.26244
0 0 125 -0.997071 -2.09169 -6.04283 0.0454581
0 0 126 2.82867 -0.0849457 -8.17764 -4.87368
0 0 127 -3.84139 8.52576 6.25871 -2.02621
0 0 128 -1.06068 0.626566 5.54644 -2.02621
0 0 129 0.429631 -17.5635 15.7748 7.94421
0 0 130 8.39008 1.72775 0.431246 -2.80201
0 0 131 -3.77778 9.36664 -9.40919 -0.66641
0 0 132 -2.16024 15.9706 -5.13558 5.15983
0 0 133 -4.62289 -8.69565 8.9128 -0.924729
0 0 134 2.56514 -7.91946 1.59714 -2.5437
0 0 135 -4.16853 6.25871 8.00755 1.92274
0 0 136 -2.93266 -1.63891 1.85578 0.369422
0 0 137 2.17439 -1.83296 5.02915 -1.31434
0 0 138 3.86462 -0.0202629 5.02915 -9.08265
0 0 139 -5.58614 -2.67542 -3.90603 -2.15494
0 0 140 6.3818 12.8627 -4.94061 0.369422
0 0 141 14.6694 -2.02701 -6.49446 3.15295
0 0 142 11.1799 0.94998 -2.86946 -0.0841275
0 0 143 -5.39531 -1.18613 -3.25743 0.886912
0 0 144 -1.57866 -2.41668 -13.7465 2.3115
0 0 145 -7.53082 2.05117 -11.8683 -0.472884
0 0 146 4.44621 2.50395 -1.70357 4.77192
0 0 147 -9.34828 -3.06351 -4.29399 4.77192
0 0 148 -6.7584 -3.45161 2.24574 3.92962
0 0 149 -4.6865 -2.15637 6.00007 2.05233
0 0 150 -3.84139 -1.63891 4.38055 -5.32808
0 0 151 -1.8331 4.90037 -6.17215 1.27567
0 0 152 2.69236 -0.798035 -1.76922 2.7642
0 0 153 1.01122 -4.09844 -9.60218 -2.41496
0 0 154 -1.12429 0.755931 -0.47401 -1.44307
0 0 155 -4.23214 -6.81827 6.45369 3.34733
0 0 156 -4.29575 -6.62422 11.1153 8.59129
0 0 157 -3.58694 3.7345 5.41712 2.24671
0 0 158 -2.28746 -2.86946 3.53896 -4.35704
0 0 159 1.21114 -14.1337 7.4246 2.63546
0 0 160 5.67299 -1.50955 -0.9913 -4.03223
0 0 161 3.86462 5.54719 -0.668988 -5.71684
0 0 162 1.40197 -5.84645 -7.78968 -2.02621
0 0 163 -1.70588 -2.86946 -3.4524 -5.26244
0 0 164 4.50982 6.06466 0.172602 1.92274
0 0 165 -3.06897 3.79918 2.56805 2.89464
0 0 166 3.6647 4.12259 5.22214 5.09503
0 0 167 -3.2598 1.01466 3.99258 3.47692
0 0 168 -10.6387 -7.98414 2.11443 5.67817
0 0 169 1.65641 3.02299 -2.02787 3.99441
0 0 170 0.820384 -2.93415 -5.33056 2.37629
0 0 171 -9.02113 -2.41668 -3.38675 -0.0841275
0 0 172 -6.49487 -5.71709 -2.09352 -1.63745
0 0 173 2.82867 0.4972 -7.01374 0.304629
0 0 174 0.102489 -2.22106 -5.71853 0.951705
0 0 175 -5.14087 1.14403 -5.26491 -0.990374
0 0 176 -3.32341 1.85712 -5.19925 -3.64347
0 0 177 -3.84139 3.15235 -6.23582 -2.60764
0 0 178 6.89977 -2.99883 3.08733 -2.67328
0 0 179 1.85633 -2.02701 1.85578 3.08901
0 0 180 1.07483 -5.39367 -1.70357 0.886912
0 0 181 4.05545 1.33965 0.821203 -2.09015
0 0 182 1.33836 2.3099 -0.0203871 -1.63745
0 0 183 -0.279176 -11.802 3.08733 -2.60764
0 0 184 -5.3317 -9.34248 0.755547 1.0165
0 0 185 -5.84968 12.6039 -4.22834 -0.66641
0 0 186 -6.17682 3.60513 -2.28651 1.34046
0 0 187 3.6647 -0.278994 1.79212 0.886912
0 0 188 6.12735 11.05 -3.1281 3.6065
0 0 189 0.756773 -4.16312 1.53347 -0.73035
0 0 190 -9.08474 7.10116 0.755547 -7.26931
0 0 191 -3.32341 -10.3143 0.172602 -1.31434
0 0 192 -4.23214 -2.09169 8.26619 0.886912
0 0 193 -4.16853 2.3099 5.67577 -3.83785
0 0 194 2.69236 -9.60279 -2.41583 -1.18475
0 0 195 -2.61461 6.19402 -3.4524 4.57754
0 0 196 -4.62289 -0.214311 -4.55264 3.73609
0 0 197 -8.95752 0.820614 -5.33056 5.80775
0 0 198 -6.10412 -1.50955 -4.94061 -4.74495
0 0 199 -3.84139 5.09442 0.172602 -0.343299
0 0 200 -0.279176 -7.20637 -6.75311 4.12485
0 0 201 -3.45063 6.51744 -5.06993 1.72837
0 0 202 -4.16853 -4.42343 2.05076 2.37629
0 0 203 1.21114 -9.60279 2.37506 3.6713
0 0 204 0.175188 2.05117 2.05076 3.86482
0 0 205 -4.5502 -4.29406 0.431246 2.95858
0 0 206 -2.03302 5.35315 -1.51058 -1.31434
0 0 207 4.24629 -3.71034 -5.58921 -4.42098
0 0 208 -2.03302 -10.3143 -0.0203871 0.5638
0 0 209 0.493242 2.63331 5.67577 2.3115
0 0 210 -0.669929 -7.27105 5.41712 -3.77305
0 0 211 -5.58614 5.41783 -1.3156 -2.73722
0 0 212 1.40197 -1.57423 -13.0342 1.66357
0 0 213 3.47387 -7.85478 -0.668988 1.47005
0 0 214 -10.1843 6.84243 -4.55264 -1.31434
0 0 215 -3.2598 -9.60279 2.95801 -5.5864
0 0 216 -5.65884 -7.72383 -4.03535 -2.22058
0 0 217 2.56514 -5.58772 3.21665 -0.343299
0 0 218 1.79272 -9.27622 -2.61081 1.59963
0 0 219 8.26286 -10.8318 -1.05696 2.89464
0 0 220 2.04717 -8.63097 -6.49446 5.67817
0 0 221 2.82867 1.59839 -2.99878 -5.1337
0 0 222 -2.55099 -1.12145 -0.279032 -6.81576
0 0 223 3.41026 -0.862718 0.108935 -4.16266
0 0 224 1.91994 -2.09169 -3.64738 -6.36306
0 0 225 -0.73354 -3.45161 2.89235 -0.860788
0 0 226 -1.25151 5.80593 8.39551 -1.11996
0 0 227 -2.35107 9.10791 5.48278 2.82899
0 0 228 -8.17602 0.94998 -2.93511 9.49753
0 0 229 -3.32341 -0.473043 -10.1215 -0.472884
0 0 230 -5.65884 -5.07026 2.3094 0.499008
0 0 231 -2.93266 -1.18613 1.14351 2.05233
0 0 232 2.50153 -0.733352 -0.0203871 -5.77993
0 0 233 -3.51425 -0.40836 -4.29399 -2.86766
0 0 234 -0.0247325 3.47577 -3.51607 -3.06204
0 0 235 2.89228 -4.09844 2.05076 -9.27618
0 0 236 3.80101 3.7345 -3.38675 1.34046
0 0 237 -4.03222 4.70474 -5.26491 0.0454581
0 0 238 3.72831 -2.93415 -2.15719 -1.44307
0 0 239 11.3707 6.19402 4.50987 5.15983
0 0 240 11.1163 3.79918 5.6121 10.4038
0 0 241 22.121 6.45275 3.7996 10.5342
0 0 242 59.9876 8.33171 -0.0860431 7.16755
0 0 243 126.543 9.17259 6.84166 8.20253
0 0 244 244.241 22.5746 18.2996 15.3886
0 0 245 445.124 49.896 45.5568 21.6044
0 0 246 582.624 79.6122 65.6913 4.83586
0 0 247 561.46 56.0456 -22.9383 25.8125
0 0 248 434.311 18.9476 -62.3657 40.6381
0 0 249 330.207 19.2742 -64.6935 37.3363
0 0 250 257.509 23.3523 -50.2591 34.6815
0 0 251 195.751 11.5028 -27.9242 32.6107
0 0 252 148.361 -0.214311 -23.0676 21.9932
0 0 253 106.733 -23.7778 -16.0126 8.00815
0 0 254 69.1839 -8.04882 -15.171 2.24671
0 0 255 49.0465 -8.17661 -8.50194 -3.12598
0 0 256 38.887 -0.668669 4.57553 -4.42098
0 0 257 18.686 -3.45161 1.59714 -4.68015
0 0 258 15.9689 0.432517 5.87074 -0.343299
0 0 259 5.0914 7.68331 8.84914 -4.61536
0 0 260 1.27475 -4.61748 -0.0860431 2.57067
0 0 261 0.0388784 -0.602409 -2.99878 0.5638
0 0 262 4.63704 -10.8964 -2.48149 -0.472884
0 0 263 1.98356 -2.48137 0.431246 3.6065
0 0 264 4.18268 -0.40836 0.301924 9.36795
0 0 265 -3.96861 1.14403 1.46781 -0.343299
0 0 266 -2.35107 1.5337 3.34597 -2.34932
0 0 267 -1.31513 4.05791 1.33849 0.175044
0 0 268 -6.49487 0.4972 0.884869 -6.23347
0 0 269 0.883995 -2.35042 -6.88442 -1.44307
0 0 270 1.79272 4.57537 -2.41583 -0.213713
0 0 271 3.28304 3.41108 1.53347 1.34046
0 0 272 -5.26809 -12.0623 2.18008 2.95858
0 0 273 2.50153 1.98648 -0.47401 3.80003
0 0 274 3.80101 7.16584 0.496902 -2.09015
0 0 275 -4.5502 -3.32224 10.5323 0.175044
0 0 276 1.07483 -10.2496 3.66828 -6.4935
0 0 277 0.620464 -10.573 -2.93511 -7.20451
0 0 278 1.98356 -1.57423 -2.41583 -7.13972
0 0 279 2.04717 2.9583 -0.279032 -3.70826
0 0 280 -2.55099 3.7345 6.51735 -6.16868
0 0 281 -1.76949 -3.64566 5.48278 -2.34932
0 0 282 6.31818 0.04442 -0.47401 2.05233
0 0 283 6.45449 -1.89764 6.58301 -0.73035
0 0 284 -1.70588 4.05791 6.06373 0.499008
0 0 285 -0.151954 2.11585 -1.25193 4.0592
0 0 286 -3.00536 2.11585 -9.92648 4.12485
0 0 287 -5.26809 0.691248 -3.1281 3.92962
0 0 288 2.50153 6.90711 -7.46538 4.12485
0 0 289 1.91994 1.01466 2.11443 -0.601617
0 0 290 -3.96861 2.63331 4.64119 0.886912
0 0 291 -5.65884 -1.83296 -8.5676 2.70026
0 0 292 -4.16853 -1.96233 -1.38126 3.28339
0 0 293 -1.31513 -4.16312 1.01419 -6.68788
0 0 294 2.11078 -4.09844 -0.798311 0.434215
0 0 295 -1.1879 7.94204 -6.62379 -5.5864
0 0 296 -4.42297 -4.09844 -7.01374 -4.09702
0 0 297 -2.61461 -7.4651 10.3373 -2.4789
0 0 298 3.41026 -2.93415 3.15099 -7.52848
0 0 299 -2.09663 -7.65915 8.07121 -2.9316
0 0 300 -3.71417 -3.90439 9.49575 7.36193
0 0 301 -2.41469 6.84243 4.44621 4.83586
0 0 302 -0.0247325 -1.63891 6.97098 5.61338
0 0 303 0.556853 2.24521 3.92892 1.98754
0 0 304 -7.65804 0.820614 7.29528 -3.12598
0 0 305 -5.14087 -0.0849457 -0.668988 2.57067
0 0 306 6.19096 1.33965 6.45369 -1.83183
0 0 307 2.17439 5.09442 0.562558 -3.25642
0 0 308 4.63704 3.79918 6.38803 -2.41496
0 0 309 6.70894 -11.4155 3.08733 7.49066
0 0 310 1.79272 -12.9016 1.46781 1.85795
0 0 311 2.11078 -2.7401 -6.94809 2.57067
0 0 312 4.63704 -5.71709 4.70485 5.03024
0 0 313 -3.19619 6.19402 -3.64738 -2.09015
0 0 314 -3.96861 17.4599 -1.44492 -5.26244
0 0 315 -4.62289 -2.22106 1.01419 1.40525
0 0 316 -8.63038 -11.4155 -0.668988 -2.73722
0 0 317 -5.78606 -5.07026 -8.17764 4.0592
0 0 318 -1.25151 5.28846 2.18008 1.27567
0 0 319 -4.75011 5.87061 -6.81876 -2.09015
0 0 320 -8.11241 6.51744 -6.36514 -0.343299
0 0 321 -12.9014 -0.473043 -11.0924 -4.93932
0 0 322 -5.00456 0.238469 -5.7822 2.50588
0 0 323 5.41854 2.18053 2.11443 1.53484
0 0 324 -0.279176 -8.95438 3.28032 -0.535972
0 0 325 -0.997071 -1.25081 3.53896 -6.4935
0 0 326 -0.73354 -7.27105 -1.38126 -6.36306
0 0 327 -2.28746 -5.58772 -2.86946 3.34733
0 0 328 3.60109 -4.48811 0.172602 -3.90264
0 0 329 -2.74183 7.68331 -5.26491 -4.2266
0 0 330 1.65641 6.84243 -0.344688 1.14694
0 0 331 -1.25151 9.43132 -6.1065 6.06607
0 0 332 -1.57866 6.32339 -0.47401 -2.9316
0 0 333 -0.279176 -0.214311 -2.35217 -1.31434
0 0 334 -3.84139 -3.25756 -10.4438 0.239836
0 0 335 2.69236 -7.14169 1.40415 3.34733
0 0 336 -1.25151 -0.0202629 5.48278 1.59963
0 0 337 3.72831 -11.4802 5.93441 -2.41496
0 0 338 -1.12429 8.20077 -4.29399 4.64234
0 0 339 -5.3317 -3.83971 3.53896 -3.90264
0 0 340 -0.860762 6.51744 -4.68196 2.3115
0 0 341 1.72911 5.22378 0.172602 -3.38515
0 0 342 6.70894 10.1444 -4.81128 -2.02621
0 0 343 -3.13258 2.18053 -12.3856 -2.86766
0 0 344 0.693162 -0.473043 -10.4438 0.110251
0 0 345 2.3107 -1.38018 -3.71105 5.48379
0 0 346 -0.73354 10.0135 -3.71105 0.692533
0 0 347 4.05545 4.12259 3.60462 1.79316
0 0 348 -1.25151 -1.70359 -3.4524 -1.37828
0 0 349 -4.81373 2.24521 -0.927633 2.95858
0 0 350 -4.03222 6.51744 6.776 6.00128
0 0 351 -11.093 -1.50955 6.06373 0.434215
0 0 352 -1.64227 0.885297 -11.8046 -2.9316
0 0 353 1.5928 10.3385 -0.149709 -2.22058
0 0 354 2.3107 1.14403 -1.44492 -3.38515
0 0 355 -5.00456 -8.43692 1.46781 -0.0841275
0 0 356 -8.43955 4.70474 -5.58921 4.44796
0 0 357 1.27475 3.08767 -3.38675 5.22462
0 0 358 1.5928 14.6754 -2.93511 -2.15494
0 0 359 7.93572 5.61188 -5.91152 -5.00326
0 0 360 -1.76949 4.70474 3.28032 -3.19077
0 0 361 -6.7584 -2.54605 3.28032 2.18192
0 0 362 -3.00536 0.885297 -0.798311 1.59963
0 0 363 0.556853 -1.76828 -2.61081 -4.42098
0 0 364 8.65361 -3.64566 -1.3156 -0.924729
0 0 365 4.24629 -11.9976 0.238258 -6.81576
0 0 366 0.556853 -5.6524 -1.89855 -0.213713
0 0 367 2.76506 1.21029 -5.84785 0.369422
0 0 368 -1.25151 -0.537726 1.79212 4.77192
0 0 369 -5.14087 1.79243 -7.07741 0.757326
0 0 370 -4.94095 1.59839 -5.26491 1.14694
0 0 371 -2.03302 -4.29406 2.56805 -5.26244
0 0 372 0.556853 -16.7242 11.6326 -0.0841275
0 0 373 2.69236 -2.99883 -0.9913 7.03711
0 0 374 0.883995 -2.86946 2.82669 8.26818
0 0 375 -0.997071 2.3099 -4.55264 1.79316
0 0 376 5.80021 -13.4222 -0.215365 0.434215
0 0 377 3.47387 -6.30081 -4.22834 -2.67328
0 0 378 -5.84968 -14.6512 0.431246 -2.99639
0 0 379 -3.38702 -10.1203 1.72646 -1.31434
0 0 380 -4.29575 -4.09844 11.2446 0.110251
0 0 381 -5.06817 13.3801 -2.74014 6.58441
0 0 382 2.95589 -5.9774 -3.19376 2.3115
0 0 383 2.50153 -0.537726 0.626225 -1.37828
0 0 384 -1.89671 0.173786 12.5378 -3.90264
0 0 385 1.65641 -9.53811 -3.25743 1.98754
0 0 386 -9.14836 -6.49486 0.884869 3.92962
0 0 387 -7.4036 -3.38693 1.14351 -2.34932
0 0 388 -7.14007 -0.214311 -1.25193 0.175044
0 0 389 -3.32341 3.79918 -1.89855 1.0165
0 0 390 -9.66633 12.2158 -6.75311 -5.1337
0 0 391 -3.58694 3.79918 3.08733 -2.9316
0 0 392 -0.542707 5.87061 -2.54516 2.95858
0 0 393 -5.45892 10.4031 -8.2433 0.239836
0 0 394 -2.16024 2.3099 -2.86946 4.70798
0 0 395 -1.89671 -11.7389 -11.0924 -2.22058
0 0 396 -4.35936 -4.81153 -2.22285 -3.19077
0 0 397 -1.8331 6.45275 -8.69692 1.72837
0 0 398 -7.79435 -5.9774 1.33849 -4.55142
0 0 399 -3.19619 -6.17144 3.53896 5.48379
0 0 400 -3.96861 -10.2496 2.82669 11.8284
0 0 401 3.41026 2.24521 -3.1281 1.59963
0 0 402 3.92823 8.07298 0.950525 -5.19764
0 0 403 1.91994 -2.28574 6.45369 3.08901
0 0 404 -3.2598 -9.21312 4.50987 5.28941
0 0 405 1.65641 -0.668669 0.36758 2.63546
0 0 406 0.493242 2.43926 0.0432793 -6.10474
0 0 407 1.98356 8.91386 -3.1281 -5.06806
0 0 408 -0.669929 5.74124 -2.54516 -1.11996
0 0 409 -0.797151 3.47577 3.15099 1.21088
0 0 410 2.82867 -12.0623 6.32437 -1.05431
0 0 411 1.79272 -2.67542 4.12191 -3.90264
0 0 412 5.02779 1.72775 0.301924 -3.06204
0 0 413 1.07483 -11.6095 3.60462 -2.9316
0 0 414 1.27475 -8.24287 3.66828 2.3115
0 0 415 2.11078 2.69799 -2.41583 -0.408091
0 0 416 2.43792 -6.10676 1.40415 -4.09702
0 0 417 5.41854 -4.42343 5.22214 1.66357
0 0 418 4.44621 -7.40042 -1.18628 -0.278506
0 0 419 3.80101 -2.7401 -2.09352 0.757326
0 0 420 -1.31513 0.885297 3.60462 -1.24869
0 0 421 -0.0247325 8.46108 4.89983 1.47005
0 0 422 -0.0247325 -0.343677 -2.48149 2.50588
0 0 423 4.50982 -8.11351 -2.22285 2.7642
0 0 424 -0.215565 -10.8318 8.45918 6.51962
0 0 425 -3.00536 -2.15637 4.31689 3.54171
0 0 426 0.883995 10.7266 -4.48897 -2.41496
0 0 427 1.46558 4.83568 -2.86946 -0.924729
0 0 428 -4.35936 0.755931 -4.68196 -1.63745
0 0 429 -2.28746 2.69799 -4.42332 3.41213
0 0 430 4.11906 -0.214311 -0.215365 -3.57953
0 0 431 7.41775 1.46902 -3.19376 -0.924729
0 0 432 0.429631 9.94878 -4.42332 1.92274
0 0 433 1.52919 6.06466 -1.18628 0.5638
0 0 434 -2.67822 14.8047 -8.63127 -0.795996
0 0 435 3.92823 7.35989 0.950525 2.63546
0 0 436 2.82867 3.54045 3.08733 -3.77305
0 0 437 5.48216 -1.50955 2.69737 -0.73035
0 0 438 8.52639 -5.00558 -2.54516 -8.24035
0 0 439 5.67299 -13.3576 0.36758 0.757326
0 0 440 4.3826 -10.7671 -1.18628 5.93649
0 0 441 1.01122 -5.26431 1.66279 4.25358
0 0 442 -4.29575 0.626566 7.4246 -1.31434
0 0 443 -5.91329 8.78607 -6.17215 -3.57953
0 0 444 -2.22385 1.14403 -6.75311 -9.01701
0 0 445 -5.14087 4.18728 2.24574 -5.71684
0 0 446 -3.38702 2.63331 -8.04832 -1.05431
0 0 447 -0.797151 2.3099 -4.35766 -2.86766
0 0 448 3.41026 -4.74684 1.92144 1.21088
0 0 449 17.3956 0.626566 -4.68196 3.54171
0 0 450 16.8776 3.79918 2.76303 -1.50872
0 0 451 1.21114 4.771 2.50438 -5.00326
0 0 452 1.01122 -1.50955 6.25871 1.27567
0 0 453 5.54577 -3.06351 3.34597 4.44796
0 0 454 1.27475 -5.91114 1.46781 -2.80201
0 0 455 -1.70588 8.3964 4.18756 6.06607
0 0 456 -5.84968 -8.69565 10.2717 1.40525
0 0 457 -5.00456 -0.40836 4.38055 2.3115
0 0 458 -1.89671 5.28846 1.53347 4.31922
0 0 459 -4.29575 2.43926 0.431246 0.175044
0 0 460 -2.16024 5.67656 5.02915 -1.5718
0 0 461 -0.542707 -3.06351 -1.83289 -1.11996
0 0 462 -1.64227 8.59044 -0.668988 5.15983
0 0 463 -10.9022 -2.54605 -2.99878 5.74296
0 0 464 -5.52253 5.02973 -4.29399 0.822119
0 0 465 -0.93346 0.173786 0.431246 -1.63745
0 0 466 -3.58694 -10.6377 0.496902 -2.73722
0 0 467 -5.58614 -11.933 -6.23582 -0.601617
0 0 468 1.79272 -6.23613 4.77051 0.499008
0 0 469 2.69236 12.1512 -0.668988 7.94421
0 0 470 9.36242 4.18728 -0.279032 4.5136
0 0 471 -0.542707 -3.90439 -2.54516 -1.37828
0 0 472 -2.74183 -5.07026 1.72646 1.98754
0 0 473 0.175188 1.33965 3.40964 0.369422
0 0 474 -3.65055 1.98648 -3.90603 2.95858
0 0 475 5.48216 1.79243 6.58301 2.3115
0 0 476 -0.542707 -11.2199 -1.83289 3.41213
0 0 477 1.27475 -8.24287 0.238258 8.13774
0 0 478 1.46558 1.79243 -4.09902 -0.795996
0 0 479 1.72911 -4.94089 -3.4524 -1.5718
0 0 480 2.37431 6.5837 -2.22285 0.369422
0 0 481 6.25457 1.59839 -0.0860431 -1.05431
0 0 482 1.5928 -1.96233 -12.0633 1.34046
0 0 483 3.6647 -2.67542 -3.51607 -3.70826
0 0 484 1.91994 0.885297 -0.798311 -2.4789
0 0 485 2.76506 6.51744 -9.34353 1.53484
0 0 486 -2.61461 -7.72383 -4.29399 4.57754
0 0 487 -1.76949 -3.58097 -0.215365 -4.48577
0 0 488 -1.70588 -8.04882 -2.93511 -1.70139
0 0 489 -8.11241 -13.7456 12.6035 -1.89577
0 0 490 -1.45143 -6.36549 9.43009 -0.278506
0 0 491 1.07483 -9.66747 2.69737 -3.96743
0 0 492 8.52639 2.11585 -1.25193 0.886912
0 0 493 24.3837 24.321 -10.3144 -5.5864
0 0 494 39.0778 38.3714 4.31689 -15.232
