0 0 0 8.1976 3.92652 1.82333 -11.7334
0 0 1 3.1927 10.7417 3.41839 7.11632
0 0 2 7.33036 -3.46827 16.7568 2.3314
0 0 3 -0.934507 1.46176 -20.2893 -9.26849
0 0 4 6.89152 -3.75833 -3.25081 -1.29317
0 0 5 0.517853 3.78174 -9.70469 1.5338
0 0 6 2.10605 -7.16592 3.70737 3.20183
0 0 7 0.298432 3.12898 10.6684 3.12901
0 0 8 -9.85764 12.2641 10.8129 6.97136
0 0 9 -5.86626 -2.16325 3.48922 3.99944
0 0 10 5.43916 0.664216 -8.39861 -2.74342
0 0 11 -0.641945 -2.45331 -11.1553 -1.22104
0 0 12 2.0329 -7.52812 8.34804 -2.59846
0 0 13 6.89152 -7.45548 -5.7893 6.89924
0 0 14 -2.02116 -12.0955 -10.7926 6.75428
0 0 15 9.21112 -1.29307 4.57714 -4.2658
0 0 16 -1.37335 -0.496029 19.3689 -1.07609
0 0 17 9.3574 -6.15096 9.9431 -5.78817
0 0 18 3.63155 1.75182 -18.2579 7.26127
0 0 19 2.17919 0.156735 16.686 0.301335
0 0 20 3.99725 14.1488 -7.96514 -1.07609
0 0 21 1.75079 -0.640807 -9.26838 -0.568394
0 0 22 -7.17234 -1.72841 -6.15194 0.519118
0 0 23 4.14353 4.50665 -3.8316 -3.32324
0 0 24 0.0790104 -1.22093 -3.8316 8.92931
0 0 25 -5.50056 4.07181 -1.58493 -3.32324
0 0 26 6.2437 4.79671 -9.99367 -8.03603
0 0 27 6.53627 -0.133326 -1.65575 5.88385
0 0 28 8.49016 -1.07565 3.2739 12.4818
0 0 29 -2.96154 3.7091 3.85186 -9.48557
0 0 30 2.76431 -7.6734 1.89416 7.40623
0 0 31 4.64506 -4.12053 4.57714 -3.90306
0 0 32 -5.35428 -5.93304 1.02439 -4.70066
0 0 33 11.677 -4.12053 -4.33873 14.5111
0 0 34 3.70469 3.63646 -17.2437 -6.87568
0 0 35 2.83745 -1.51099 7.5491 -20.2157
0 0 36 -2.75257 0.446797 -22.1733 6.24659
0 0 37 -3.83923 -3.3235 0.0101287 -10.718
0 0 38 0.371572 5.44897 -7.45801 -8.32593
0 0 39 6.31684 6.31915 -1.22228 -5.49826
0 0 40 -0.641945 5.88381 -1.72942 4.79634
0 0 41 -2.96154 -0.930868 -4.12058 3.27396
0 0 42 17.6223 -0.713448 4.2145 7.18915
0 0 43 0.444713 -3.97575 -5.7893 9.07426
0 0 44 1.16567 -0.568166 -8.10963 2.25928
0 0 45 10.8829 -2.38067 -11.1553 9.79904
0 0 46 3.1927 -1.29307 0.953562 -5.71605
0 0 47 8.99169 -4.26582 -4.70137 6.68145
0 0 48 4.57192 8.78391 -7.1662 3.20183
0 0 49 2.10605 5.30419 -7.74699 -17.678
0 0 50 10.956 1.02641 13.204 6.5365
0 0 51 -1.87488 -2.81601 -3.03549 1.38885
0 0 52 2.69117 -6.5858 -7.45801 3.20183
0 0 53 8.78272 5.1589 5.80955 9.94399
0 0 54 5.01077 -1.14829 3.20024 1.75158
0 0 55 -0.788226 14.1488 -2.31021 7.11632
0 0 56 -3.91237 -1.22093 3.92552 0.664073
0 0 57 4.07039 0.664216 25.0947 1.67946
0 0 58 9.94252 -2.09061 -2.38104 13.8592
0 0 59 5.58544 2.2593 -15.0706 -13.2558
0 0 60 7.47664 -3.75833 -2.09206 -0.350612
0 0 61 7.54978 -8.68837 -2.52553 5.08625
0 0 62 -4.34076 1.8966 -3.46896 7.55188
0 0 63 1.16567 -1.51099 18.7881 -1.43812
0 0 64 -1.30021 -8.18089 -16.2294 5.2319
0 0 65 -0.641945 3.12898 9.65412 -1.51095
0 0 66 -0.715086 6.75399 1.53435 -3.17828
0 0 67 0.799966 -0.785585 15.4535 2.47636
0 0 68 0.517853 -0.713448 -0.352512 -9.99327
0 0 69 -1.44649 -3.75833 -0.497002 4.14439
0 0 70 12.4815 11.0313 5.52057 3.70883
0 0 71 77.8691 -16.1553 -10.1382 8.63869
0 0 72 273.259 -2.09061 -12.7503 16.4691
0 0 73 611.167 -12.6029 -58.3496 13.6414
0 0 74 666.566 -9.84811 83.6754 19.4417
0 0 75 485.606 -6.87586 127.32 23.936
0 0 76 292.108 5.23155 83.8907 20.6742
0 0 77 161.531 13.9314 33.1436 -3.17828
0 0 78 74.9748 4.28923 7.76725 8.92931
0 0 79 24.1527 7.11669 3.12658 8.42161
0 0 80 -0.286692 5.95645 10.5947 -12.8209
0 0 81 -1.30021 5.73903 -4.55688 -21.9552
0 0 82 5.37647 -15.1403 -0.208023 -5.78817
0 0 83 -9.19938 -2.30853 -2.96183 -10.501
0 0 84 -1.44649 -8.97843 -9.19756 5.44899
0 0 85 -8.83367 6.39179 -2.81734 -14.1255
0 0 86 -1.66591 -1.51099 -4.70137 9.79904
0 0 87 -18.1852 -0.205967 -4.04975 -11.5156
0 0 88 0.152151 0.301514 1.3162 11.6113
0 0 89 -5.86626 6.89927 -7.82065 -1.366
0 0 90 -4.4139 -1.22093 -7.96514 -4.2658
0 0 91 -4.99903 -7.3107 -11.0816 -11.5885
0 0 92 1.88662 4.434 11.9716 14.7289
0 0 93 -5.35428 -9.34063 20.5277 -3.46819
0 0 94 -2.53315 9.50881 -4.84586 8.49374
0 0 95 -4.85274 -15.3583 -2.74368 1.46168
0 0 96 7.25722 -2.59809 7.76725 -1.87299
0 0 97 -10.0666 -5.42556 3.63654 -5.49826
0 0 98 -11.3727 -3.39563 7.91174 -3.25111
0 0 99 -4.63332 -1.51099 1.67884 -7.9632
0 0 100 -6.80664 -3.39563 -8.25412 -1.07609
0 0 101 -4.99903 1.82396 -13.9827 -7.67329
0 0 102 -6.44094 2.54936 -0.933305 4.4343
0 0 103 -3.18096 7.33411 5.08427 17.4116
0 0 104 6.6721 -2.88815 -11.0079 -6.07808
0 0 105 4.86448 -5.06336 1.02439 17.6287
0 0 106 10.5172 11.394 -2.74368 1.09894
0 0 107 -8.259 -0.713448 -9.1239 -8.90575
0 0 108 -17.318 5.52161 -4.48322 2.8391
0 0 109 -0.788226 -6.80322 -7.74699 -2.01864
0 0 110 -6.66036 -1.22093 -13.5464 -0.640522
0 0 111 -9.4188 8.85655 -7.82065 11.1765
0 0 112 -12.8251 12.7716 0.154619 4.14439
0 0 113 3.48526 -2.38067 4.57714 -2.30855
0 0 114 -2.53315 -10.2108 4.93978 -7.60046
0 0 115 -6.58722 6.31915 7.76725 -4.04801
0 0 116 -10.798 -7.6734 -7.02171 -10.2832
0 0 117 1.23881 -3.54092 12.9887 14.7289
0 0 118 -4.4139 -1.29307 4.50631 9.50912
0 0 119 -7.02606 -0.496029 -16.6629 12.4089
0 0 120 1.16567 -3.61305 12.8442 9.29134
0 0 121 -4.70646 1.09906 -0.641492 8.63869
0 0 122 -5.86626 4.14394 6.75299 -16.8804
0 0 123 -0.286692 12.1915 7.40461 17.5566
0 0 124 7.62292 -3.17821 20.165 19.0061
0 0 125 2.83745 3.41904 7.33378 6.10163
0 0 126 9.94252 -5.71562 -16.6629 0.7369
0 0 127 -7.31862 4.79671 0.446431 -6.00596
0 0 128 -7.53804 -5.78826 -10.7926 -3.61315
0 0 129 2.61803 -0.0606845 12.3343 2.47636
0 0 130 -1.80174 0.808995 -1.36677 7.04419
0 0 131 -7.74702 0.736858 -3.54262 -7.02064
0 0 132 -2.24059 -13.0383 -0.208023 -15.358
0 0 133 -6.44094 -0.930868 -10.5008 -5.13553
0 0 134 2.61803 2.83892 10.5947 3.05688
0 0 135 -12.3131 0.808995 0.66175 -20.3607
0 0 136 -2.60629 -2.38067 12.7706 -3.7581
0 0 137 3.11956 1.67918 -3.68711 -11.9505
0 0 138 -7.17234 2.47672 -12.1695 8.05888
0 0 139 4.07039 2.11402 -12.1695 -0.423439
0 0 140 -10.8712 -0.568166 17.0486 -9.77548
0 0 141 3.63155 0.0114524 -20.2156 -3.68598
0 0 142 1.53137 2.40408 14.9464 10.5238
0 0 143 4.64506 2.04138 -12.8948 2.3314
0 0 144 -2.96154 -1.00351 7.9854 6.68145
0 0 145 -3.10782 3.63646 6.31669 10.0168
0 0 146 -2.31373 5.59425 2.61945 -6.22304
0 0 147 -4.85274 1.75182 1.24254 -6.07808
0 0 148 -4.85274 2.11402 2.76677 -9.92044
0 0 149 2.98373 7.04405 0.37277 -4.04801
0 0 150 -4.70646 -6.51316 -17.5355 0.15638
0 0 151 3.70469 2.76678 10.3766 2.91192
0 0 152 -0.286692 5.23155 17.1931 2.25928
0 0 153 -3.69295 -6.65844 -6.37009 -19.708
0 0 154 1.82393 -11.3706 -10.719 14.0041
0 0 155 -11.2264 0.374155 -2.09206 2.54919
0 0 156 12.7637 -3.17821 -1.22228 -3.32324
0 0 157 -3.54667 1.96924 17.8447 2.11432
0 0 158 -4.63332 -7.60076 -1.80308 -1.65591
0 0 159 -9.85764 3.49168 -0.423341 -7.31055
0 0 160 -6.7335 -4.12053 -8.90574 -3.97589
0 0 161 1.88662 0.881636 4.50631 4.72421
0 0 162 0.152151 13.8587 6.97114 -4.55571
0 0 163 -1.22707 -3.3235 1.38703 2.11432
0 0 164 -1.00765 2.9842 -4.41239 2.8391
0 0 165 2.47175 -4.19317 3.99918 13.7863
0 0 166 -12.8982 -4.91808 -11.8805 -3.10546
0 0 167 -3.98551 0.881636 -15.8668 -14.8503
0 0 168 -11.0174 -2.38067 5.15793 -3.10546
0 0 169 -9.05309 11.3213 -0.859643 -0.495567
0 0 170 2.76431 -9.70333 6.46401 13.4964
0 0 171 -4.48704 8.05901 7.91174 -12.676
0 0 172 -1.59277 -0.858227 9.65412 5.95668
0 0 173 -1.7286 11.5387 5.15793 6.68145
0 0 174 3.26584 2.83892 -3.61345 0.0114254
0 0 175 4.79134 5.01413 8.78151 -10.9358
0 0 176 8.70958 1.1717 1.60518 -9.63053
0 0 177 0.371572 5.66639 -8.39861 1.5338
0 0 178 8.05132 -2.52595 -3.25081 2.8391
0 0 179 6.17056 -8.97843 -3.68711 -13.1108
0 0 180 23.275 3.7091 3.63654 20.6742
0 0 181 -12.6056 4.36136 -2.16572 9.50912
0 0 182 1.16567 -3.17821 6.02771 -8.61584
0 0 183 3.48526 2.40408 0.590921 -6.15091
0 0 184 -1.08079 -4.0484 -0.208023 -4.12084
0 0 185 -3.47352 3.85388 -8.83492 -12.2404
0 0 186 0.0790104 -2.96079 -5.13768 3.27396
0 0 187 11.0292 2.04138 17.7002 -3.39607
0 0 188 -9.34566 1.67918 -2.67285 0.0114254
0 0 189 -4.48704 1.24434 -11.2261 -1.87299
0 0 190 9.06483 7.26147 -4.48322 -9.77548
0 0 191 2.54489 2.2593 -6.73273 -7.89107
0 0 192 2.61803 1.5339 -3.97609 9.87186
0 0 193 -5.5737 -0.930868 12.9887 6.60933
0 0 194 -0.715086 -9.48591 -10.9371 -1.51095
0 0 195 1.53137 -0.858227 -21.5954 2.18645
0 0 196 2.17919 -6.51316 3.41839 8.34879
0 0 197 9.13797 -1.14829 -8.18046 -13.1108
0 0 198 -3.69295 2.04138 8.99966 -2.9605
0 0 199 -3.47352 2.2593 3.78103 11.1765
0 0 200 -1.66591 -7.81818 -5.42666 14.2212
0 0 201 9.06483 -8.25302 15.6689 14.1491
0 0 202 6.46313 12.6263 17.3376 6.97136
0 0 203 0.946247 3.99916 2.2568 5.30403
0 0 204 1.95976 3.3464 -11.8069 -8.03603
0 0 205 -12.2504 -6.00568 -4.48322 -12.7481
0 0 206 0.298432 -3.46827 10.5239 8.71152
0 0 207 -3.98551 -5.64348 -9.5602 -1.366
0 0 208 4.14353 -11.0084 -3.8316 -14.7054
0 0 209 -3.76609 1.24434 -5.71564 -3.03333
0 0 210 -6.15882 -1.58313 3.85186 -9.5584
0 0 211 6.53627 6.02909 5.80955 -1.87299
0 0 212 -8.55156 2.04138 2.61945 0.953983
0 0 213 0.152151 1.02641 13.0595 -9.84831
0 0 214 -6.01254 -0.423387 -12.0959 -12.3854
0 0 215 9.57682 -9.63069 -3.10632 -1.14821
0 0 216 2.32547 -3.39563 1.3162 -0.205657
0 0 217 2.91059 10.7417 8.20355 2.54919
0 0 218 4.42564 -1.80105 10.2321 -3.90306
0 0 219 -2.46001 0.954278 2.2568 5.2319
0 0 220 2.76431 1.60654 -17.3881 -2.74342
0 0 221 1.09253 4.07181 23.6441 8.05888
0 0 222 5.01077 -6.07832 12.4079 -7.60046
0 0 223 -3.40038 10.9591 1.02439 0.301335
0 0 224 -0.359832 7.62417 4.86895 -1.72803
0 0 225 -2.60629 -3.46827 2.11231 -5.64322
0 0 226 0.0790104 6.75399 -10.8634 -0.278485
0 0 227 -9.93078 -6.36838 9.65412 0.229208
0 0 228 -1.94802 -6.80322 1.24254 -0.350612
0 0 229 6.59896 -5.93304 -14.2717 1.89654
0 0 230 11.3844 16.9041 -3.76077 10.7416
0 0 231 -12.8982 7.04405 1.24254 -4.19297
0 0 232 -6.80664 -0.858227 22.7744 -1.07609
0 0 233 -4.92588 3.49168 -11.6624 6.02881
0 0 234 -4.92588 2.18666 -1.22228 -3.7581
0 0 235 4.07039 -0.858227 -0.208023 -4.04801
0 0 236 -1.59277 -1.51099 2.2568 -3.39607
0 0 237 -7.39176 -8.0356 2.54862 -1.65591
0 0 238 -4.19448 8.63913 -6.29643 10.5238
0 0 239 -1.08079 -3.90311 -15.2151 -3.17828
0 0 240 5.30333 4.28923 -0.497002 -5.93313
0 0 241 2.10605 2.47672 6.24586 5.30403
0 0 242 -0.641945 -1.14829 -1.65575 -7.89107
0 0 243 2.39861 -6.51316 18.4255 -4.33862
0 0 244 6.6721 -3.90311 -6.80356 -12.5303
0 0 245 9.21112 1.09906 21.6156 -11.2257
0 0 246 4.27936 -4.48324 11.2492 4.57926
0 0 247 3.70469 -8.47044 5.37608 1.82441
0 0 248 6.46313 -1.58313 7.62276 14.439
0 0 249 10.4441 -6.87586 -15.3596 1.17177
0 0 250 -5.208 4.94148 2.69311 11.8291
0 0 251 -8.76053 1.09906 3.56288 -5.78817
0 0 252 8.5633 -7.09328 -2.52553 -14.5604
0 0 253 8.12446 -11.8054 -7.02171 2.40423
0 0 254 -1.87488 -4.99072 -3.10632 3.85378
0 0 255 -1.15393 0.446797 3.99918 8.85648
