0 0 0 -0.17218 1.95408 0.82015 1.61765
0 0 1 1.77717 0.110909 1.58233 1.22759
0 0 2 -0.916476 -1.82091 1.10399 0.873348
0 0 3 1.6354 -2.45881 2.23789 0.855591
0 0 4 2.61007 -0.438345 5.3392 2.04292
0 0 5 -0.455721 2.06046 -0.225145 1.35159
0 0 6 -1.32407 5.6755 0.678592 3.37202
0 0 7 -1.0228 4.24012 -1.28881 1.83014
0 0 8 2.50374 2.29057 -10.7166 -1.90914
0 0 9 1.724 -5.25865 -7.8102 -3.14944
0 0 10 -0.384836 -1.12944 2.13163 1.17462
0 0 11 -0.898755 -0.296504 2.64563 0.625046
0 0 12 0.35946 -7.27912 -5.84315 -4.05326
0 0 13 2.69868 -8.78542 -3.22019 -4.60283
0 0 14 2.09615 -1.92691 -8.60767 -4.47883
0 0 15 1.86577 -0.0132011 -4.93942 0.253045
0 0 16 2.80501 0.802003 -1.32411 0.182016
0 0 17 -0.526607 0.997033 1.2812 -4.01805
0 0 18 1.03287 0.128639 -1.00497 -3.52174
0 0 19 2.55691 -0.934785 -3.7875 -1.83811
0 0 20 3.86829 3.12351 0.217899 0.589531
0 0 21 6.24295 -5.48914 2.11398 0.341531
0 0 22 5.17966 -5.89693 4.09867 2.60996
0 0 23 3.95689 3.12351 0.0936307 2.87571
0 0 24 6.82775 -0.881595 -0.632889 -2.08641
0 0 25 12.4809 0.270479 -5.80786 -6.21544
0 0 26 24.9212 5.25035 -4.2129 -1.92689
0 0 27 37.4679 7.69597 2.52173 -1.02308
0 0 28 51.4678 9.21999 5.49876 2.57444
0 0 29 75.622 5.72869 7.64338 6.86299
0 0 30 96.0901 4.39969 4.75459 2.85796
0 0 31 115.371 11.2405 2.85815 1.84789
0 0 32 133.447 13.757 1.05068 4.94911
0 0 33 148.404 12.339 -1.85576 2.89347
0 0 34 157.246 9.59232 -0.898715 2.0959
0 0 35 161.234 9.39729 -4.26621 0.73159
0 0 36 161.077 12.4099 -5.89646 -0.934289
0 0 37 158.717 10.2125 -5.01038 -0.721803
0 0 38 152.639 2.50333 -7.43811 0.607289
0 0 39 143.282 0.48324 -12.0991 -2.65344
0 0 40 138.55 5.60458 -10.6104 -9.47617
0 0 41 131.781 8.88312 -15.9622 -12.8609
0 0 42 110.941 6.01237 -14.0661 -8.35987
0 0 43 93.6269 -0.651105 -10.5041 -7.33205
0 0 44 75.5157 6.43751 -13.2153 -9.86623
0 0 45 59.5133 11.9847 -9.01542 -7.08375
0 0 46 39.5945 7.55413 -11.5141 -7.82805
0 0 47 20.9871 6.70346 -7.42046 -1.30659
0 0 48 8.97203 4.31104 -3.61029 -0.828046
0 0 49 6.63281 3.58449 -3.55698 -2.61793
0 0 50 5.79991 4.41742 -1.58994 -0.721803
0 0 51 6.50877 3.47811 -5.68359 2.7162
0 0 52 2.99994 2.025 -7.26089 0.00474316
0 0 53 3.65563 3.21216 1.54703 -0.137015
0 0 54 2.61007 1.68813 -0.934375 0.53656
0 0 55 -0.668377 3.72633 -4.07098 0.111287
0 0 56 -2.05064 -2.42335 -0.792457 -1.57235
0 0 57 -0.597492 -2.99034 -2.05063 -3.43326
0 0 58 -1.90887 1.90089 3.15964 -1.25332
0 0 59 1.35186 1.82997 3.3545 0.873348
0 0 60 3.17715 -0.544725 1.83051 -0.119257
0 0 61 0.572116 2.52106 -0.54428 -0.349501
0 0 62 -0.668377 2.2023 -1.66089 -1.92689
0 0 63 -0.31395 -0.420614 0.554324 -0.278772
0 0 64 -3.29114 1.95408 2.39746 1.19208
0 0 65 0.607559 3.58449 -1.2708 0.766804
0 0 66 3.2126 -2.28151 -1.2355 1.10359
0 0 67 4.0455 -5.79055 4.01006 -2.81296
0 0 68 -1.44812 -5.3473 1.63564 -5.01035
0 0 69 0.518952 -1.67907 1.21024 -0.438287
0 0 70 -1.99748 1.24525 -2.22785 2.3442
0 0 71 -0.774705 5.39219 1.70624 3.40753
0 0 72 0.270854 -0.580185 0.519025 1.65286
0 0 73 -4.6734 2.73382 -2.58228 -4.14205
0 0 74 -4.05315 2.45014 1.59998 -6.09144
0 0 75 -3.48607 -1.39539 -1.7848 4.11632
0 0 76 -0.934197 3.26535 1.3165 -5.45338
0 0 77 1.70628 2.43241 -1.96202 -3.71677
0 0 78 1.28097 4.75391 -4.83316 -0.633016
0 0 79 0.111362 0.695623 -4.53203 -0.0482279
0 0 80 0.306296 -3.25629 -3.3088 -1.34211
0 0 81 1.84805 -0.0309311 -0.827756 -0.987561
0 0 82 2.59235 2.14911 2.09633 0.359288
0 0 83 2.27337 0.5187 2.18494 2.36195
0 0 84 0.908822 -1.28901 1.56468 3.49602
0 0 85 -0.739263 -2.72439 1.44041 2.23765
0 0 86 -0.792427 -2.52973 1.08598 -0.402773
0 0 87 -0.792427 -3.50451 -0.420372 -1.60786
0 0 88 -1.60761 -2.28151 -1.7848 -1.99762
0 0 89 0.288575 3.86817 -1.00497 -3.50399
0 0 90 2.84045 3.0175 0.288498 -4.19502
0 0 91 1.56451 -2.06875 -0.632889 -2.77744
0 0 92 1.21008 -1.21809 -2.3341 -1.94465
0 0 93 1.91894 1.4931 -0.367063 -1.76738
0 0 94 2.84045 -0.385154 0.607633 -1.66084
0 0 95 4.27588 -1.0589 -0.827756 -1.80289
0 0 96 6.13662 1.43991 0.625283 -1.30659
0 0 97 7.62521 0.855193 1.58233 -1.78514
0 0 98 7.55432 0.731083 -1.28881 -1.78514
0 0 99 9.41506 0.270479 -2.91907 -1.80289
0 0 100 12.7467 -2.52973 -3.2382 -2.05089
0 0 101 14.9441 -1.67907 -2.84811 -0.969804
0 0 102 16.3087 0.164099 -1.83811 0.873348
0 0 103 18.8074 -2.75985 -0.349413 1.61765
0 0 104 22.582 -3.71689 0.926769 0.660561
0 0 105 24.5136 -3.92965 -0.225145 -1.51908
0 0 106 25.1693 -5.59552 0.377107 -2.35217
0 0 107 26.6048 -8.41346 2.07868 -0.526773
0 0 108 25.5238 -10.9647 2.64563 -2.05089
0 0 109 26.4098 -8.98045 4.40016 -4.60283
0 0 110 31.2655 -9.05099 5.02042 -5.8609
0 0 111 34.6857 -10.4513 5.23294 -5.91417
0 0 112 37.6806 -7.82837 4.48877 -2.56465
0 0 113 39.5591 -3.92965 2.75189 0.00474316
0 0 114 38.7262 -0.314234 3.40781 -0.580045
0 0 115 37.7515 3.5313 4.52407 -2.51168
0 0 116 38.6907 4.71845 6.33154 -3.73453
0 0 117 36.7591 4.77164 5.67598 -4.39005
0 0 118 30.6452 5.49857 3.69129 -3.18496
0 0 119 26.8174 1.82997 2.43312 -2.56465
0 0 120 21.5542 -0.473805 1.7772 -3.11423
0 0 121 15.7593 3.03523 2.07868 -2.06865
0 0 122 12.534 4.45288 2.3265 -2.36992
0 0 123 9.98215 3.05258 2.71659 -4.08877
0 0 124 6.17206 1.61721 1.45842 -2.24592
0 0 125 2.20248 0.695623 -0.384712 1.47589
0 0 126 1.40502 -0.0132011 -1.67854 2.23765
0 0 127 0.465788 -0.757485 -2.97238 0.0580152
0 0 128 -0.136737 -1.6968 -2.15689 -0.189986
0 0 129 0.678445 -2.86623 2.14928 -0.172228
0 0 130 -0.668377 -0.314234 3.8152 -1.76738
0 0 131 -3.62784 1.74132 3.7799 -1.02308
0 0 132 -3.64556 -0.562455 3.7799 -0.774774
0 0 133 -1.39495 -0.225961 0.589984 -1.57235
0 0 134 -1.07597 1.01476 -0.668548 0.199773
0 0 135 -3.14936 0.48324 0.908759 -0.526773
0 0 136 -2.67089 3.19443 0.731542 -1.59011
