0 0 0 -0.0070921
0 0 1 -0.0119098
0 0 2 -0.014569
0 0 3 -0.00832782
0 0 4 0.00090094
0 0 5 -0.0115031
0 0 6 -0.011597
0 0 7 0.010771
0 0 8 0.00995764
0 0 9 -0.0034006
0 0 10 -0.0165242
0 0 11 -0.0148818
0 0 12 -0.0105803
0 0 13 -0.0123165
0 0 14 0.00152662
0 0 15 0.00779905
0 0 16 0.00831523
0 0 17 0.0148849
0 0 18 0.00975429
0 0 19 -0.0140684
0 0 20 -0.0238916
0 0 21 -0.00668541
0 0 22 0.0159016
0 0 23 0.021955
0 0 24 0.0188579
0 0 25 0.0103643
0 0 26 0.00410754
0 0 27 -0.0216548
0 0 28 -0.00862501
0 0 29 0.0144625
0 0 30 0.0139463
0 0 31 -0.00463631
0 0 32 -0.00144535
0 0 33 0.0235974
0 0 34 0.0317
0 0 35 0.0204221
0 0 36 0.0130391
0 0 37 0.0225651
0 0 38 0.00182382
0 0 39 -0.0054497
0 0 40 -0.00166434
0 0 41 0.000807089
0 0 42 0.00326288
0 0 43 -0.00299391
0 0 44 -0.00821832
0 0 45 -0.0126294
0 0 46 -0.00995458
0 0 47 0.0096448
0 0 48 0.0205003
0 0 49 0.0116939
0 0 50 0.00141713
0 0 51 0.0160111
0 0 52 0.0210321
0 0 53 0.0189674
0 0 54 0.00984814
0 0 55 -0.00247772
0 0 56 0.000494249
0 0 57 0.0191864
0 0 58 0.0186702
0 0 59 0.0121162
0 0 60 0.0160111
0 0 61 0.00861243
0 0 62 0.00890963
0 0 63 0.0140558
0 0 64 0.0270699
0 0 65 0.031481
0 0 66 0.0364082
0 0 67 0.0305581
0 0 68 0.0196869
0 0 69 0.0354697
0 0 70 0.0422583
0 0 71 0.0350473
0 0 72 0.0183574
0 0 73 0.00684489
0 0 74 0.0172155
0 0 75 0.0343591
0 0 76 0.031872
0 0 77 0.0161049
0 0 78 0.0137586
0 0 79 0.0245047
0 0 80 0.0257404
0 0 81 0.0144625
0 0 82 0.0161049
0 0 83 0.0212198
0 0 84 0.0258499
0 0 85 0.0221427
0 0 86 0.0130391
0 0 87 0.0164021
0 0 88 0.0176535
0 0 89 0.00975429
0 0 90 0.00285619
0 0 91 0.0133363
0 0 92 0.0245047
0 0 93 0.0185764
0 0 94 0.00462373
0 0 95 -0.00166434
0 0 96 0.00664154
0 0 97 0.0275861
0 0 98 0.0317
0 0 99 0.01099
0 0 100 -0.0034006
0 0 101 -0.00605973
0 0 102 -0.00288441
0 0 103 0.0075957
0 0 104 0.00831523
0 0 105 0.0093476
0 0 106 0.0093476
0 0 107 0.00348186
0 0 108 -0.00596588
0 0 109 -0.015398
0 0 110 0.0182635
0 0 111 0.0312776
0 0 112 0.0147754
0 0 113 -0.00473017
0 0 114 -0.0072016
0 0 115 0.00510863
0 0 116 -0.00175819
0 0 117 -0.0146785
0 0 118 -0.0127232
0 0 119 0.0154792
0 0 120 0.0265694
0 0 121 0.027899
0 0 122 0.0377378
0 0 123 0.038426
0 0 124 0.0245047
0 0 125 0.0206098
0 0 126 0.0245047
0 0 127 0.0197964
0 0 128 0.0106615
0 0 129 0.00675103
0 0 130 0.0129296
0 0 131 0.0136491
0 0 132 0.0161049
0 0 133 0.0227528
0 0 134 0.029338
0 0 135 0.0267727
0 0 136 0.0309804
0 0 137 0.0194992
0 0 138 0.0153698
0 0 139 0.0116939
0 0 140 0.0141653
0 0 141 0.00223051
0 0 142 -0.00155485
0 0 143 0.0104738
0 0 144 0.0118034
0 0 145 0.0101453
0 0 146 -0.00114816
0 0 147 -0.010987
0 0 148 -0.00371344
0 0 149 0.00381035
0 0 150 0.0170278
0 0 151 0.0291347
0 0 152 0.0350473
0 0 153 0.0331234
0 0 154 0.016934
0 0 155 0.0167306
0 0 156 0.0137586
0 0 157 0.00664154
0 0 158 0.0132424
0 0 159 0.014572
0 0 160 0.00442038
0 0 161 0.00842472
0 0 162 0.00381035
0 0 163 -0.00535584
0 0 164 -0.016008
0 0 165 -0.00605973
0 0 166 0.0191864
0 0 167 0.0394897
0 0 168 0.0354697
0 0 169 0.0192802
0 0 170 0.0227528
0 0 171 0.0326072
0 0 172 0.0410226
0 0 173 0.0532077
0 0 174 0.0527071
0 0 175 0.0501418
0 0 176 0.0608097
0 0 177 0.0681927
0 0 178 0.0750595
0 0 179 0.0935952
0 0 180 0.116886
0 0 181 0.1299
0 0 182 0.133795
0 0 183 0.135641
0 0 184 0.145495
0 0 185 0.169474
0 0 186 0.17961
0 0 187 0.218981
0 0 188 0.27426
0 0 189 0.332182
0 0 190 0.383957
0 0 191 0.441457
0 0 192 0.513316
0 0 193 0.576791
0 0 194 0.6545
0 0 195 0.723904
0 0 196 0.784501
0 0 197 0.851026
0 0 198 0.905976
0 0 199 0.95079
0 0 200 0.980307
0 0 201 1
0 0 202 0.997529
0 0 203 0.974676
0 0 204 0.913265
0 0 205 0.842517
0 0 206 0.748415
0 0 207 0.675523
0 0 208 0.640657
0 0 209 0.621793
0 0 210 0.591651
0 0 211 0.500318
0 0 212 0.366109
0 0 213 0.228226
0 0 214 0.11637
0 0 215 0.0619359
0 0 216 0.0286029
0 0 217 0.00574995
0 0 218 -0.00729545
0 0 219 -0.00463631
0 0 220 0.00779905
0 0 221 0.0234879
0 0 222 0.0312776
0 0 223 0.0234879
0 0 224 0.0180445
0 0 225 0.0263661
0 0 226 0.025318
0 0 227 0.0331234
0 0 228 0.0381445
0 0 229 0.0310743
0 0 230 0.0291347
0 0 231 0.0212198
0 0 232 0.0231907
0 0 233 0.0216422
0 0 234 0.021955
0 0 235 0.0247236
0 0 236 0.0292285
0 0 237 0.0153698
0 0 238 0.00359136
0 0 239 0.00274669
0 0 240 0.017544
0 0 241 0.0260532
0 0 242 0.0202031
0 0 243 0.00110429
0 0 244 -0.00781163
0 0 245 -0.00401064
0 0 246 -0.00124201
0 0 247 0.0161049
0 0 248 0.0250208
0 0 249 0.0168245
0 0 250 0.00531197
0 0 251 0.0121162
0 0 252 0.0136491
0 0 253 0.00399805
0 0 254 -0.00893785
0 0 255 -0.00873451
0 0 256 0.00675103
0 0 257 0.00521812
0 0 258 -0.00524635
0 0 259 0.00274669
0 0 260 0.0111777
0 0 261 0.00223051
0 0 262 0.0096448
0 0 263 0.0159016
0 0 264 -0.00166434
0 0 265 -0.0143656
0 0 266 -0.00576254
0 0 267 0.00205845
0 0 268 0.00205845
0 0 269 0.0075957
0 0 270 -0.00421398
0 0 271 -0.00535584
0 0 272 0.0194992
0 0 273 0.0331234
0 0 274 0.0315905
0 0 275 0.0283057
0 0 276 0.0177473
0 0 277 0.0193897
0 0 278 0.031872
0 0 279 0.0288218
0 0 280 0.0205003
0 0 281 0.00684489
0 0 282 -0.0070921
0 0 283 -0.00483966
0 0 284 0.00381035
0 0 285 0.0128201
0 0 286 0.0217517
0 0 287 0.016934
0 0 288 0.0144625
0 0 289 0.0216422
0 0 290 0.0237851
0 0 291 0.0147754
0 0 292 0.00309082
0 0 293 0.00359136
0 0 294 0.00872192
0 0 295 -0.00380729
0 0 296 -0.0118003
0 0 297 -0.00862501
0 0 298 0.00462373
0 0 299 0.0116939
0 0 300 0.017544
0 0 301 0.024317
0 0 302 0.00452988
0 0 303 -0.0070921
0 0 304 -0.00401064
0 0 305 0.00850293
0 0 306 0.0214388
0 0 307 0.00883142
0 0 308 -0.0119098
0 0 309 -0.012426
0 0 310 -0.00124201
0 0 311 0.00162047
0 0 312 -0.00186769
0 0 313 -0.0126294
0 0 314 0.00822138
0 0 315 0.0213293
0 0 316 0.0134458
0 0 317 0.0144625
0 0 318 0.024927
0 0 319 0.0160111
0 0 320 0.0110682
0 0 321 0.00606279
0 0 322 0.00684489
0 0 323 0.0114905
0 0 324 0.010552
0 0 325 0.00626613
0 0 326 0.00110429
0 0 327 0.00531197
0 0 328 0.0243952
0 0 329 0.0250208
0 0 330 0.00664154
0 0 331 -0.00207103
0 0 332 -0.00842167
0 0 333 -0.0139589
0 0 334 -0.0108775
0 0 335 -0.00862501
0 0 336 -0.000225281
0 0 337 0.00162047
0 0 338 -0.00493351
0 0 339 -0.00657592
0 0 340 0.00479579
0 0 341 0.0226746
0 0 342 0.0193897
0 0 343 0.00499913
0 0 344 0.00462373
0 0 345 0.0164021
0 0 346 0.0209227
0 0 347 0.0160111
0 0 348 0.00942581
0 0 349 0.0120067
0 0 350 0.00800239
0 0 351 8.75584e-05
0 0 352 0.00182382
0 0 353 0.000603743
0 0 354 -0.000835317
0 0 355 -0.00995458
0 0 356 -0.0120193
0 0 357 -0.00319725
0 0 358 0.00244949
0 0 359 -0.0156013
0 0 360 -0.025096
0 0 361 -0.0215453
0 0 362 -0.00882836
0 0 363 -0.00391678
0 0 364 -0.00247772
0 0 365 -0.00391678
0 0 366 -0.00677926
0 0 367 -0.00483966
0 0 368 -0.00236823
0 0 369 -0.00931326
0 0 370 -0.00862501
0 0 371 0.00162047
0 0 372 0.00739235
0 0 373 -0.00247772
0 0 374 -0.00995458
0 0 375 -0.00616923
0 0 376 -0.000835317
0 0 377 -0.00319725
0 0 378 -0.0101736
0 0 379 -0.00565304
0 0 380 -0.00401064
0 0 381 0.00657897
0 0 382 0.0174345
0 0 383 0.0205003
0 0 384 0.0252398
0 0 385 0.0194992
0 0 386 0.0118034
0 0 387 0.00574995
0 0 388 0.0121944
0 0 389 0.0110682
0 0 390 -0.000115787
0 0 391 -0.000115787
0 0 392 -0.000115787
0 0 393 -0.000115787
0 0 394 -0.000115787
0 0 395 -0.000115787
0 0 396 -0.000115787
