0 0 0 4.68606 3.41056 -5.92718 1.39878
0 0 1 7.34803 4.89303 -9.09906 5.42719
0 0 2 10.3833 -3.9452 -4.8941 4.92313
0 0 3 3.41063 -4.9443 -1.68204 4.56516
0 0 4 -2.90665 1.96852 -5.00968 -0.829674
0 0 5 -3.99114 6.28987 6.08724 1.62075
0 0 6 6.02736 14.846 -2.45368 2.88106
0 0 7 10.3833 6.24943 0.465578 -5.75538
0 0 8 4.11122 -2.67967 4.91767 -4.80738
0 0 9 4.82711 -10.5659 7.21168 0.355409
0 0 10 13.4644 -0.153852 3.28412 -0.118759
0 0 11 3.14849 -6.76933 8.19468 5.00877
0 0 12 2.82048 -3.15401 4.48396 9.78839
0 0 13 2.45788 4.53526 1.66047 12.0524
0 0 14 3.90962 1.33861 -4.5358 10.8069
0 0 15 1.72668 1.57031 1.88228 8.47771
0 0 16 3.39532 6.88981 1.47884 -0.622814
0 0 17 4.46916 3.84921 1.97309 -2.17561
0 0 18 -1.44959 0.214388 6.62167 5.64412
0 0 19 -2.48816 3.9201 2.05895 3.33004
0 0 20 -4.72699 0.688247 -0.729314 -5.29666
0 0 21 -0.637888 -3.9 -4.83356 0.536748
0 0 22 9.07788 -3.63263 -6.60801 5.58871
0 0 23 3.38069 -0.759021 4.47405 1.95858
0 0 24 -0.174155 -6.94012 5.57318 -5.24628
0 0 25 2.00878 -7.19275 -0.834989 -6.15365
0 0 26 1.9988 -8.36265 2.63356 -0.708446
0 0 27 4.09658 -14.1156 2.09913 4.51982
0 0 28 3.44589 -2.26148 4.76136 7.56497
0 0 29 -2.29655 0.783876 1.6302 4.03592
0 0 30 -5.82079 4.58569 -0.461825 0.420892
0 0 31 -2.40766 9.93992 1.31758 3.6729
0 0 32 0.657504 2.06463 -2.32269 3.96002
0 0 33 0.113266 -6.27501 2.87573 -2.59403
0 0 34 2.09993 -8.82081 8.4374 -5.83093
0 0 35 7.72128 -4.16215 7.25737 -3.51685
0 0 36 7.53965 -0.693366 1.45903 -2.87142
0 0 37 7.48443 -2.90185 -2.49386 -6.09824
0 0 38 2.1352 7.4593 1.65056 -0.410916
0 0 39 -8.47278 11.3567 6.39491 3.75854
0 0 40 -5.55399 0.844297 6.85889 -5.02431
0 0 41 5.25625 -5.74549 8.03837 -1.89857
0 0 42 5.17042 -3.10834 4.07062 1.14692
0 0 43 0.793896 -1.43936 3.77836 -4.35369
0 0 44 0.0473988 0.950392 4.60009 -7.36862
0 0 45 0.360103 3.55186 -0.0336236 -7.31321
0 0 46 -1.41965 2.67979 -2.93747 -3.77408
0 0 47 -1.20275 6.80893 -1.95448 -0.622814
0 0 48 -1.17215 3.44624 -3.34586 -3.91008
0 0 49 1.85243 -2.34712 -2.21646 -7.23765
0 0 50 2.02941 -0.360808 2.35616 -9.24951
0 0 51 1.06601 4.86259 4.77126 -8.74008
0 0 52 2.8258 5.66425 7.4489 -5.23117
0 0 53 5.42723 3.29495 3.14267 -4.76708
0 0 54 5.94153 4.36351 0.178276 -4.89838
0 0 55 4.91826 2.18547 -2.93252 -4.84801
0 0 56 1.66614 1.99374 -6.01304 -5.77552
0 0 57 -1.85344 3.06278 -1.10248 -1.79749
0 0 58 -3.18942 4.54525 1.62525 0.350372
0 0 59 -1.58066 6.00204 -0.00335222 -4.67137
0 0 60 -0.678473 4.41918 5.66895 -8.35188
0 0 61 -2.08032 1.86814 6.92438 -5.24628
0 0 62 2.42727 3.13842 2.30112 -4.63107
0 0 63 8.30145 2.22591 -0.573004 -2.65482
0 0 64 4.32346 3.14841 -1.75249 3.4056
0 0 65 2.12987 1.33861 0.324679 6.53638
0 0 66 1.83247 3.01235 2.87573 4.30289
0 0 67 -1.67181 0.874746 -3.66343 -6.21913
0 0 68 0.501152 -2.51363 -4.59139 -4.74189
0 0 69 2.80585 0.279568 5.28588 -0.789377
0 0 70 -2.67512 4.70654 4.43883 -0.925381
0 0 71 -3.62787 0.476533 1.19649 -2.74045
0 0 72 -0.562706 11.1702 -3.1191 -4.84297
0 0 73 2.80052 9.03264 -1.81303 -1.5557
0 0 74 0.950248 2.0142 0.939462 4.25755
0 0 75 -0.26464 4.26265 3.6116 8.65401
0 0 76 -3.20406 7.33322 0.0874618 1.9485
0 0 77 -3.47684 8.51834 6.23364 -1.30351
0 0 78 2.12987 10.7116 4.99857 -0.577479
0 0 79 0.183791 2.39243 2.02868 -0.648
0 0 80 0.803876 2.95192 -2.4889 3.84417
0 0 81 1.12656 3.87443 -3.14937 2.62416
0 0 82 2.35209 1.25298 1.06055 -5.85612
0 0 83 5.37201 3.78403 -5.32726 -7.67622
0 0 84 -3.09827 7.37889 -1.93411 0.839315
0 0 85 -4.0111 6.87934 -2.86207 3.1534
0 0 86 -6.30514 6.63242 -0.144252 -3.3251
0 0 87 -1.89868 12.5871 -3.78452 -6.02772
0 0 88 1.75662 10.7164 -7.75282 -5.90145
0 0 89 -1.41965 11.1046 -1.38483 -8.43248
0 0 90 2.91629 -3.44137 -8.34778 -3.72875
0 0 91 3.16845 -7.22273 -1.92916 -0.320246
0 0 92 -0.79424 -7.70705 -1.62149 -2.34721
0 0 93 4.18174 -7.24319 8.45226 -2.41773
0 0 94 -1.60594 3.52665 2.82014 -3.95542
0 0 95 6.63214 -1.00071 0.157911 -0.4314
0 0 96 7.88296 0.819082 3.73268 7.49445
0 0 97 4.54501 -5.59419 13.8675 4.9181
0 0 98 3.93025 -4.12171 7.10106 0.607268
0 0 99 2.22568 -7.74702 -0.235066 4.02584
0 0 100 1.21239 -6.04331 -6.70873 7.19692
0 0 101 -1.42963 4.22269 0.122687 7.74161
0 0 102 1.78723 -0.849892 -5.75601 9.64231
0 0 103 -1.49017 0.95515 -7.31416 2.78535
0 0 104 -1.59596 5.09999 0.299361 7.70635
0 0 105 3.74861 8.16533 7.05537 3.92476
0 0 106 -3.28522 1.16686 8.52271 9.68261
0 0 107 0.0174591 -4.30345 8.87551 -2.55374
0 0 108 -5.47349 0.7991 -2.01997 2.31152
0 0 109 -1.73235 7.57538 -4.29913 1.41389
0 0 110 -5.10489 -0.315135 -1.85871 3.33508
0 0 111 1.75662 -2.11542 3.44538 1.01058
0 0 112 0.954905 -3.70827 2.81023 -0.501921
0 0 113 -2.6851 -6.99626 -11.4685 -2.63467
0 0 114 -4.74229 -2.40754 -10.1476 -6.9099
0 0 115 -11.0197 -1.86802 -7.95426 -1.90864
0 0 116 -5.63982 2.86105 -10.0419 -8.2864
0 0 117 2.91163 -1.42461 -8.78094 -1.78238
0 0 118 1.76727 -1.82758 -6.7445 -4.42925
0 0 119 2.75994 4.48959 0.778199 -2.01442
0 0 120 -0.698433 -2.11542 -0.70895 3.84417
0 0 121 6.43587 -4.5204 -0.900485 4.38886
0 0 122 4.97348 -11.4232 -2.57476 0.62238
0 0 123 5.00409 -11.8562 -8.37255 3.64268
0 0 124 2.73532 -4.93907 -12.2952 -1.25313
0 0 125 -1.74233 -4.02085 -10.7326 -2.09502
0 0 126 2.73998 -3.537 -7.88381 -3.91008
0 0 127 1.19708 7.51496 -2.81143 1.24263
0 0 128 1.37872 3.22929 2.08427 1.66609
0 0 129 3.03738 4.15703 -1.91925 0.466227
0 0 130 0.496495 1.61598 -5.45329 0.239218
0 0 131 -3.34577 4.07139 -3.15432 -0.2598
0 0 132 -3.50678 5.53341 -3.64362 -5.97735
0 0 133 -10.7376 2.30631 3.49106 -4.37384
0 0 134 -5.55865 -5.13556 5.54291 -2.74045
0 0 135 -1.3285 -5.08465 6.71744 -0.834711
0 0 136 1.01079 -0.173834 8.51776 -3.24954
0 0 137 0.944925 -3.50179 0.728113 1.08647
0 0 138 4.16178 -7.72228 -3.88524 4.84758
0 0 139 1.48451 -2.29145 -2.68539 4.11651
0 0 140 2.16048 2.51851 -2.16142 -0.405879
0 0 141 3.058 6.57723 0.228912 -0.663111
0 0 142 3.42061 9.50127 1.9885 -1.56578
0 0 143 4.64614 2.07462 -1.29401 -5.83093
0 0 144 2.97683 -7.58573 1.36821 -4.94875
0 0 145 1.24233 -10.2686 8.97183 -4.94875
0 0 146 -0.13357 -10.6768 12.7728 -6.39073
0 0 147 1.76195 -9.25471 8.75938 -3.88994
0 0 148 1.07599 -9.89461 -0.159662 1.48475
0 0 149 -1.59596 -10.3889 -5.10545 6.59716
0 0 150 -4.42426 -8.26607 -1.82349 4.64072
0 0 151 0.567019 -3.41092 3.38484 3.92476
0 0 152 5.39729 3.67794 1.16127 3.97513
0 0 153 4.42392 6.59722 2.05895 0.617343
0 0 154 -0.723715 3.5923 5.41192 -1.39418
0 0 155 -1.21805 2.06463 5.43723 -2.29684
0 0 156 -3.81948 2.65933 0.274043 1.13181
0 0 157 -3.81416 -3.83958 -6.02845 7.88265
0 0 158 1.94358 -8.53916 -4.49067 4.37878
0 0 159 -0.496839 -3.45612 1.94282 -1.51003
0 0 160 -2.97252 -3.91999 8.0791 -2.06479
0 0 161 -0.446274 -4.83773 6.60681 0.299664
0 0 162 -6.77886 -0.143861 0.919649 4.62057
0 0 163 -12.834 3.02757 1.18659 5.7902
0 0 164 -8.83605 4.23268 1.11614 0.566971
0 0 165 -5.19604 9.19393 0.752881 -0.108684
0 0 166 -5.27655 7.34844 1.38308 4.04599
0 0 167 -2.24133 -0.00779278 0.757834 7.54482
0 0 168 -0.864765 4.61091 7.21168 4.52486
0 0 169 7.45449 6.62766 6.79339 -3.2848
0 0 170 7.28815 3.24928 -2.11079 -1.17758
0 0 171 1.09662 -4.32867 -4.54075 4.70116
0 0 172 -3.46619 -0.784237 -2.90225 -0.55733
0 0 173 -5.71034 3.7336 -4.9596 -5.92698
0 0 174 -6.76888 9.18346 -5.49898 -7.02609
0 0 175 2.60891 9.45607 -6.20953 -1.8126
0 0 176 5.34673 1.44947 -5.03995 1.6812
0 0 177 -3.03307 -3.22442 1.56966 1.47467
0 0 178 0.153851 -10.5003 -0.376515 4.00569
0 0 179 10.0559 -0.264704 0.546485 1.72653
0 0 180 9.89424 5.79032 2.49761 -0.305135
0 0 181 6.53633 0.582152 2.1949 -5.45281
0 0 182 4.74195 -1.41938 -2.15592 -3.03798
0 0 183 -0.537424 -2.76055 -4.73779 2.52845
0 0 184 -3.90531 -5.91676 -2.87197 2.42234
0 0 185 -5.74028 -0.804219 -3.13946 -2.11013
0 0 186 0.586979 -7.11188 -5.52429 2.29641
0 0 187 -0.189458 -12.517 4.35792 8.80043
0 0 188 -4.26326 -3.18922 0.697842 7.5952
0 0 189 -0.864765 4.35875 -3.12901 2.31152
0 0 190 -1.80753 1.69163 6.44004 -3.03294
0 0 191 -5.70502 -7.23795 3.13771 3.04258
0 0 192 -2.26661 -2.2767 -2.72557 6.01217
0 0 193 7.16174 3.43577 -6.86009 -3.87986
0 0 194 6.41591 -6.16891 -4.83851 -7.55533
0 0 195 5.43721 -3.58743 -0.925803 -3.50677
0 0 196 5.49776 -5.59943 -4.183 -2.63467
0 0 197 10.0459 3.85968 -3.0437 -2.58396
0 0 198 2.30618 12.0423 -6.0235 -2.90164
0 0 199 -2.47353 2.59891 2.94122 -7.4697
0 0 200 -4.82812 0.950392 8.28604 -1.83275
0 0 201 -4.75693 0.698238 5.23029 0.16366
0 0 202 -7.77219 2.83584 -0.689136 -7.61578
0 0 203 -7.12217 3.7788 -3.4064 -2.18065
0 0 204 -4.60124 1.73683 -9.24492 -1.43447
0 0 205 -4.58594 -8.12572 -4.21327 -3.18406
0 0 206 -5.84141 -5.13556 -9.31041 -2.26158
0 0 207 4.80249 -3.46135 -1.2786 -1.70682
0 0 208 1.9988 0.113527 -5.47366 -2.70519
0 0 209 3.07264 -2.87664 -3.30073 1.3887
0 0 210 -2.403 -2.78054 3.0469 8.38167
0 0 211 7.57491 -3.33052 2.56311 11.0087
0 0 212 1.45457 -3.57744 6.25401 1.95858
0 0 213 -5.85605 -2.99748 4.24179 7.41386
0 0 214 -10.0217 3.65272 0.440261 10.6356
0 0 215 -7.06628 6.7937 -1.00671 6.24422
0 0 216 0.0627013 -5.09036 3.64737 2.2813
0 0 217 -1.73701 -6.82499 -2.87197 -1.596
0 0 218 0.813856 6.72853 -4.93923 2.15537
0 0 219 -0.693776 6.20376 -0.0231662 -2.40262
0 0 220 12.9148 2.33676 -4.14777 0.456153
0 0 221 17.0438 -7.26364 8.24036 0.0881019
0 0 222 22.4337 -0.153852 12.1074 0.975319
0 0 223 24.4656 2.01895 7.27718 -0.547256
0 0 224 25.1968 4.83737 7.54467 2.66446
0 0 225 26.1748 0.329998 5.99643 5.402
0 0 226 21.1882 4.91825 11.896 6.35504
0 0 227 30.7682 1.12167 15.9392 -0.466661
0 0 228 29.8201 7.8223 6.75266 -5.7453
0 0 229 27.4402 4.39872 3.11239 -8.02413
0 0 230 25.4689 4.41918 12.3292 -8.594
0 0 231 24.2387 7.99881 16.4241 -2.53359
0 0 232 22.62 8.64442 9.76328 -0.642962
0 0 233 17.5329 10.9181 2.57797 4.78209
0 0 234 10.5143 5.26127 1.6302 6.64753
0 0 235 6.23893 -1.83805 0.505757 2.9368
0 0 236 2.99214 -10.0564 5.06407 2.85083
0 0 237 -6.96049 -4.47472 -0.421647 1.98376
0 0 238 -7.75689 1.92333 0.944416 2.15033
0 0 239 -1.15219 3.95007 3.79322 1.00554
0 0 240 7.07591 -0.425988 10.2063 -1.65645
0 0 241 3.37004 -1.7272 4.42837 0.294627
0 0 242 0.476535 1.98375 -2.01997 -0.0176791
0 0 243 -0.627908 3.68793 -2.37773 1.0408
0 0 244 4.20702 3.48145 -6.02845 2.48278
0 0 245 2.01876 6.67286 4.83676 -0.22454
0 0 246 2.7952 8.3818 14.326 5.71968
0 0 247 1.66614 7.76711 3.67709 9.73802
0 0 248 1.44924 9.56692 -5.86719 4.5299
0 0 249 -0.128913 11.528 -5.95745 0.16366
0 0 250 2.38203 8.13012 -3.57262 0.582083
0 0 251 4.68606 -1.46458 -4.14282 -2.46307
0 0 252 -1.17747 -2.48842 -5.20672 -2.73037
0 0 253 -6.18406 -0.713348 -5.55457 4.88787
0 0 254 -2.1861 1.75681 -0.199841 6.77346
0 0 255 -1.54539 6.14334 4.9628 0.960208
0 0 256 -1.02644 4.67609 -0.754632 -2.08998
0 0 257 1.16182 5.34168 -5.91727 0.108251
0 0 258 -0.698433 7.51972 -8.20138 2.35685
0 0 259 -0.411012 3.51665 -5.67015 -0.22454
0 0 260 3.52639 -0.784237 -0.779399 -2.84119
0 0 261 6.15311 1.24774 0.19864 -1.17758
0 0 262 5.37667 -2.90661 -0.0132592 0.829241
0 0 263 4.87767 -7.42968 2.68419 -0.68326
0 0 264 2.03939 -2.43799 -0.915896 -3.95038
0 0 265 -4.9186 0.0830778 -2.57476 -8.12521
0 0 266 -6.61785 0.178706 3.44538 -8.09465
0 0 267 -1.07168 4.16702 3.78332 -2.72534
0 0 268 1.55503 4.23268 -2.56431 -2.05472
0 0 269 -0.572686 0.0174226 -8.42319 -1.93886
0 0 270 1.44924 -7.26793 -10.8636 2.74505
0 0 271 0.365425 -9.31513 -12.1592 -0.471698
0 0 272 -3.69307 -8.82081 -6.2398 -4.25295
0 0 273 -5.82079 -4.51041 -0.497601 -5.05453
0 0 274 -7.44485 -0.829434 2.67924 -0.13387
0 0 275 -5.055 -2.86665 -0.522368 1.10158
0 0 276 -2.07499 -5.51331 -1.29897 -0.38573
0 0 277 -6.29517 -1.59065 4.6755 -0.985827
0 0 278 -0.733695 0.203921 2.47229 -2.70015
0 0 279 2.20572 -6.49671 -2.8417 -7.23765
0 0 280 -1.51545 -5.73597 -2.34745 -4.86816
0 0 281 1.19243 -1.03116 -2.52908 -1.51507
0 0 282 5.51306 -0.875107 -5.63988 -1.21787
0 0 283 3.55168 0.426102 -5.11591 -3.14376
0 0 284 -0.289922 6.08292 1.80192 -1.30854
0 0 285 -4.33378 7.10152 2.88563 2.02406
0 0 286 -6.73894 12.804 1.14145 0.864501
0 0 287 -7.91324 13.7213 4.83676 1.02065
0 0 288 -4.16213 2.83108 13.1768 2.0694
0 0 289 -2.34711 -5.26639 13.1157 5.29118
0 0 290 -1.49483 -5.3977 6.29914 -3.37077
0 0 291 -5.47814 -0.895089 3.02213 -6.1738
0 0 292 -3.79952 -6.66276 -3.65353 -2.95705
0 0 293 -2.4529 -5.1603 -5.29203 -1.80252
0 0 294 -4.4043 0.0930688 -3.6937 -2.9772
0 0 295 -12.5725 -1.73719 0.995052 -6.07305
0 0 296 -12.3004 -5.26639 8.94596 -3.81942
0 0 297 -5.98246 -11.3523 11.7045 -3.05813
0 0 298 -8.7602 -9.033 14.7542 -3.64781
0 0 299 -3.35575 -0.572523 11.4728 -1.06139
0 0 300 -0.950592 4.3283 5.56823 -0.290023
0 0 301 0.723371 1.71685 3.81359 5.38689
0 0 302 3.94023 -2.21105 -0.431554 -0.279949
0 0 303 5.4931 -5.64462 3.0524 6.24926
0 0 304 -3.22934 -6.45675 -2.07556 3.67794
0 0 305 -6.23928 0.612601 -3.81974 -2.69511
0 0 306 -1.48019 6.52157 -1.06175 2.87098
0 0 307 5.2762 2.77018 -9.39627 2.69468
0 0 308 0.400687 -0.00779278 -7.79299 -9.95505
0 0 309 3.89432 -0.0177838 -6.43188 -5.80575
0 0 310 7.13646 -4.05177 -7.1628 -3.81942
0 0 311 3.56698 4.65087 -7.53101 -6.26951
0 0 312 3.62752 1.40903 -2.30232 -6.00253
0 0 313 2.79054 -0.400772 2.04354 -0.824637
0 0 314 -0.11361 -4.39432 5.14443 7.78694
0 0 315 -4.56531 -5.0699 -2.22692 -2.09502
0 0 316 -4.47017 -0.0230172 -5.08013 1.25774
0 0 317 -2.68976 5.12473 -1.69745 3.20377
0 0 318 -5.33177 1.91334 -1.53618 -3.31502
0 0 319 -3.39101 -6.80453 0.11278 -6.2141
0 0 320 0.688109 -11.075 -5.71088 -0.29506
0 0 321 3.1079 -0.980727 1.61534 10.4489
0 0 322 2.62421 3.17363 4.55441 3.01236
0 0 323 2.57365 1.85767 5.37669 -6.26447
0 0 324 3.89964 7.10628 5.70417 -3.42618
0 0 325 3.14317 11.4628 12.0826 -3.8446
0 0 326 1.08132 13.9787 5.58309 0.0729904
0 0 327 0.0933064 6.70331 -2.55935 0.879613
0 0 328 0.178468 10.5399 -3.03324 6.88428
0 0 329 -1.49483 9.52173 -1.10743 0.566971
0 0 330 0.00215654 -4.36435 2.2758 -0.773929
0 0 331 0.113266 -0.940287 0.0825083 -2.87142
0 0 332 2.45788 -2.5084 -3.75425 -2.24613
0 0 333 1.88304 -6.58235 -0.885624 -0.935455
0 0 334 -3.41097 -5.26639 3.37988 -2.42277
0 0 335 -4.35906 0.546946 7.80665 -3.6327
0 0 336 -3.40099 8.60874 0.349447 3.35019
0 0 337 -5.58925 4.76696 -6.00809 2.9368
0 0 338 -3.53738 -8.52394 -3.41631 -6.80916
0 0 339 -7.0869 -12.0531 -1.48555 -3.03294
0 0 340 -5.9319 -3.81437 -6.61296 2.96702
0 0 341 -2.35244 9.34522 -2.27205 -0.673186
0 0 342 0.0473988 10.3381 4.5445 -3.34021
0 0 343 -2.1555 7.00542 -5.36798 -3.05309
0 0 344 -2.48816 4.48959 -11.796 -0.673186
0 0 345 -3.68841 0.355214 -4.0366 -1.02612
0 0 346 -4.31382 -1.04638 3.76295 -0.13387
0 0 347 -3.01776 0.375672 1.7667 1.27285
0 0 348 -0.154195 1.55509 -0.134345 -2.48825
0 0 349 -1.57068 2.7502 -0.038577 -6.20906
0 0 350 -1.9386 -0.632944 0.657113 -4.44436
0 0 351 -0.637888 -2.36234 4.34306 3.98017
0 0 352 -0.789583 3.6375 6.5914 9.41026
0 0 353 1.15716 8.09444 1.96318 6.15825
0 0 354 3.08262 13.8726 -2.36287 3.46101
0 0 355 -1.70175 10.1516 -6.48197 0.536748
0 0 356 -7.93387 7.19715 -8.34228 3.12318
0 0 357 -10.3596 7.71668 -5.06527 5.06921
0 0 358 -5.48347 -0.864641 -3.85001 2.17551
0 0 359 0.0826611 -7.99394 -2.93747 -0.249726
0 0 360 0.390708 -0.65816 0.919649 0.950133
0 0 361 -0.471556 -1.13725 3.76791 2.02406
0 0 362 -0.79424 -12.0988 4.28252 0.486376
0 0 363 -1.57068 -14.1912 1.72597 1.20233
0 0 364 1.48451 -5.98717 -4.50553 5.78517
0 0 365 -0.219397 3.2193 3.51583 11.1044
0 0 366 -3.40099 5.22083 12.0975 8.10462
0 0 367 -2.48351 0.355214 5.25065 1.8125
0 0 368 -6.63781 -3.62787 -5.05536 2.40722
0 0 369 -12.8247 -5.39247 -5.77637 5.77509
0 0 370 -10.7223 -5.44813 -0.920849 2.09962
0 0 371 -1.09164 -8.58436 -2.65017 -2.16554
0 0 372 4.95818 -10.3737 -7.0263 1.05625
0 0 373 7.58556 -4.96904 -6.7445 2.66949
0 0 374 5.13516 2.47283 2.02868 4.84758
0 0 375 4.22233 6.61244 0.440261 5.96684
0 0 376 -0.643211 8.41748 -9.49204 3.71824
0 0 377 -3.03307 7.50973 -6.52215 1.79235
0 0 378 1.57033 4.30309 -0.643453 0.37052
0 0 379 5.84572 1.27296 -0.850399 2.55364
0 0 380 5.34673 3.6375 -2.93252 0.0528416
0 0 381 1.71138 6.87934 5.8203 -0.365581
0 0 382 1.3235 5.45776 10.05 2.98717
0 0 383 -0.582666 -0.199049 3.15312 5.11488
0 0 384 -4.5407 1.69639 -0.830035 5.43223
0 0 385 1.03607 -0.496876 -7.77263 1.80243
0 0 386 1.82249 -0.693366 -9.07375 1.43438
0 0 387 1.69608 -5.70505 0.783152 -0.345432
0 0 388 -0.466899 -4.91861 3.38484 2.94688
0 0 389 -1.3438 -0.406006 3.4707 3.4056
0 0 390 3.56698 -4.89387 5.58804 -3.0279
0 0 391 3.36539 -9.01302 -0.104073 -7.8579
0 0 392 0.748654 -3.80438 0.500803 -7.32329
0 0 393 -1.14221 0.642574 -1.31933 -5.91153
0 0 394 -2.13554 -5.53425 -5.49402 -4.35873
0 0 395 -1.83282 -8.73565 -3.29577 -8.32166
0 0 396 -4.30318 -6.36112 2.32589 -5.75034
0 0 397 -6.87999 -3.97042 3.32925 -6.15365
0 0 398 -4.49013 -6.17938 -3.58308 1.24263
0 0 399 0.0726812 -0.375557 1.4893 -1.32869
0 0 400 -7.23261 4.95869 4.64027 -3.24954
0 0 401 -0.416334 4.32307 0.0825083 -2.40262
0 0 402 5.7599 2.49805 -1.38978 1.57542
0 0 403 6.52635 8.36705 3.71287 -2.92683
0 0 404 3.36006 5.85122 10.252 0.269441
0 0 405 -2.06501 5.58384 6.57654 0.466227
0 0 406 -4.20271 -5.74025 6.22869 2.57882
0 0 407 -2.83613 -5.68554 0.616935 2.65942
0 0 408 0.395365 0.950392 -5.21167 -2.70519
0 0 409 4.09658 -0.390781 -7.13748 1.41926
0 0 410 1.50979 -0.506867 -4.41967 3.05769
0 0 411 -1.58066 -1.55545 -11.534 -2.70519
0 0 412 -0.305225 -8.91739 -19.6456 -1.62622
0 0 413 4.03071 -3.02793 -9.1442 5.37178
0 0 414 4.49445 -0.648169 0.385222 6.99543
0 0 415 0.491172 -1.41415 4.16143 -0.703409
0 0 416 -0.587323 -2.90661 -2.91766 -1.52044
0 0 417 0.768613 -6.88018 -5.83141 -0.0277535
0 0 418 -0.542081 1.85767 -1.9897 6.35504
0 0 419 2.27092 5.5434 -0.6385 6.45578
0 0 420 8.98673 -8.24086 6.13788 -5.04446
0 0 421 10.6913 -11.5541 3.53124 -7.31321
0 0 422 0.0879837 -1.27332 3.99522 -1.84786
0 0 423 2.52308 5.05955 5.6084 2.34678
0 0 424 6.22895 0.440851 -1.03698 -0.22454
0 0 425 3.68275 0.420869 -4.58148 -1.37906
0 0 426 3.06798 -1.50026 -13.102 0.677789
0 0 427 0.31486 6.11336 -4.72238 1.5049
0 0 428 1.48451 6.51158 -0.774446 1.71646
0 0 429 0.269618 2.47807 0.379718 -8.01909
0 0 430 -1.79755 0.133509 -2.70576 -0.461624
0 0 431 -0.0730254 1.69163 0.586664 3.42071
0 0 432 4.29817 -1.20767 3.1179 2.66949
0 0 433 -0.420992 -4.79301 0.062144 6.76842
0 0 434 -0.739018 -7.1271 -9.34068 5.91143
0 0 435 2.1352 5.41732 -10.4904 4.52486
0 0 436 -0.26464 2.80063 -6.21999 -2.08494
0 0 437 -5.18606 -4.02608 1.74633 -6.81419
0 0 438 -4.47483 -11.4128 1.54984 -3.72371
0 0 439 -4.18275 -8.38787 1.95823 -0.471698
0 0 440 -2.31185 -7.55576 2.77996 3.53656
0 0 441 -4.1069 -11.6297 3.6826 8.37663
0 0 442 -1.13223 -16.3331 4.9683 10.6306
0 0 443 -2.13554 -9.85512 5.27542 8.44749
0 0 444 -0.0730254 1.41426 5.57318 8.92132
0 0 445 2.62421 5.75512 -1.29401 3.03251
0 0 446 1.69608 4.59045 -5.55952 1.15196
0 0 447 -3.22468 2.58892 -1.7024 -1.23802
0 0 448 -2.50347 1.60552 2.70951 0.16366
0 0 449 1.41398 0.677781 1.89769 -3.17398
0 0 450 2.36673 -1.97412 -2.45863 -5.96224
0 0 451 3.80916 -1.28854 0.677478 -6.96027
0 0 452 2.8105 -6.10897 2.15967 -0.174168
0 0 453 1.6362 -8.81653 2.89059 7.01558
