0 0 0 -0.000424017 -0.00918272 -0.00142037 0.0385971
0 0 1 0.0937401 -0.0410461 -0.0163552 -0.0154776
0 0 2 0.0529575 -0.0102022 -0.00790622 0.0183112
0 0 3 0.000715065 -0.00476748 -0.0446717 0.079489
0 0 4 -0.0129539 -0.00278337 0.00325142 0.0457722
0 0 5 -0.0501294 -0.0248203 -0.0656078 0.0232734
0 0 6 0.100022 0.00378067 0.0154776 -0.0185198
0 0 7 0.0279322 0.000282984 0.00410874 -0.0330999
0 0 8 0.0471413 0.0161872 0.028996 0.0279426
0 0 9 0.115814 -0.00511254 -0.00420357 0.0626193
0 0 10 0.00035263 -0.0111904 0.00989879 0.055611
0 0 11 -0.0909638 -0.0217305 0.0428871 0.113584
0 0 12 -0.000717417 -0.0224833 -0.0487471 0.0339685
0 0 13 0.048591 -0.0370858 -0.0557921 -0.00325921
0 0 14 0.0652113 0.00142797 -0.00655189 -0.0191734
0 0 15 0.0987797 0.0815374 -0.0433671 -0.0401308
0 0 16 0.0788802 0.0724952 -0.113419 -0.035421
0 0 17 0.091203 -0.0200914 0.020547 -0.0111509
0 0 18 0.0324885 -0.0242949 0.0374574 -0.0161672
0 0 19 0.0436377 -0.00675159 0.000368824 -0.0138326
0 0 20 0.144999 -0.0911822 0.0245727 -0.133781
0 0 21 0.125634 -0.00158349 -0.00902446 -0.0520653
0 0 22 0.0722356 -0.0214873 -0.0440008 0.107311
0 0 23 -0.0676126 0.00797632 -0.0340981 0.0984453
0 0 24 0.00133638 0.0146109 0.0267222 0.00788656
0 0 25 0.0955177 -0.0278789 0.0222989 -0.0216116
0 0 26 0.0873371 -0.0351879 0.0113774 -0.0220578
0 0 27 0.129103 -0.0611853 0.0223113 0.0146831
0 0 28 0.0315221 0.0279664 -0.0361731 0.0622948
0 0 29 0.0680762 -0.000140502 -0.0004885 -0.00511608
0 0 30 0.0139698 -0.0140685 -0.0230895 0.00534913
0 0 31 -0.07191 0.00672939 0.00499092 -0.0671772
0 0 32 0.0104318 -0.0014737 -0.0320728 -0.0669924
0 0 33 0.0329718 -0.0630596 0.0301515 -0.0402841
0 0 34 0.00584093 -0.0660083 -0.0156843 0.00670122
0 0 35 -0.00494583 0.0802042 0.0300894 0.0182661
0 0 36 -0.0489213 0.077828 -0.00578154 0.0531051
0 0 37 -0.0101062 -0.00900234 -0.0741438 0.0322783
0 0 38 -0.00359964 -0.0493904 0.0266725 0.012398
0 0 39 0.116815 -0.00871218 -0.017461 0.155053
0 0 40 0.453621 -0.00774757 -0.036434 0.0420765
0 0 41 0.896741 0.0543088 0.093432 0.0303178
0 0 42 1 0.0134346 0.0333199 0.0546104
0 0 43 0.655946 0.000204561 0.152612 0.028808
0 0 44 0.342923 0.0136542 -0.0399503 0.00743586
0 0 45 0.207424 0.0216298 -0.0353903 0.0518567
0 0 46 0.132624 -0.0034735 0.00510274 -0.0387472
0 0 47 0.112224 0.0231356 0.0163225 -0.00832505
0 0 48 0.0843513 -0.0353291 -0.0796108 0.00299198
0 0 49 0.112569 -0.0170486 -0.0363594 -0.102904
0 0 50 0.0390814 -0.0401443 -0.0343466 0.0784839
0 0 51 0.00609982 -0.0643144 0.0450863 0.0443255
0 0 52 0.0403413 -0.0124059 0.000406099 0.0396292
0 0 53 -0.013558 0.0565988 0.0114643 0.0236069
0 0 54 0.0120196 -0.0138175 0.0298409 -0.0364757
0 0 55 0.0288124 0.0343736 0.00866871 0.0224712
0 0 56 0.0603615 0.0431021 0.0171426 0.0204701
0 0 57 0.0124338 0.00567851 -0.00041395 -0.000852477
0 0 58 0.0662813 0.0363421 -0.00952146 0.143317
0 0 59 0.0795361 0.019779 -0.0121431 0.0163687
0 0 60 -0.00565344 0.00994474 0.0287102 0.0501846
0 0 61 -0.0616583 0.00610984 0.00188467 0.0421712
0 0 62 -0.0833354 0.00247884 -0.0830277 0.109109
0 0 63 0.00898204 -0.0867591 0.0188199 0.0717009
0 0 64 0.00566835 -0.0183112 -0.0256367 0.0664548
0 0 65 0.0231688 -0.0484728 -0.00171857 0.0360282
0 0 66 -0.0133854 -0.00153644 0.0225723 0.0271945
0 0 67 -0.0480238 0.0685192 0.00241895 -0.0300397
0 0 68 0.0296754 0.00802337 0.0032887 -0.0607232
0 0 69 0.0116226 0.0768948 0.0330341 -0.0613272
0 0 70 -0.0421904 -0.00891608 0.010781 0.0185771
0 0 71 0.0310906 -0.0316667 -0.0524622 0.00716995
0 0 72 0.0161272 0.00875271 0.0137754 -0.00884335
0 0 73 0.0560123 -0.00959836 -0.00496149 0.0851407
0 0 74 0.0438448 -0.0671768 -0.043218 0.0445238
0 0 75 -0.0195295 0.000165349 -0.0119071 -0.0205254
0 0 76 -0.0021499 -0.0125157 -0.0107888 -0.0369849
0 0 77 0.0479524 -0.0107041 -0.0865315 -0.0978337
0 0 78 -0.00582603 0.0545598 0.036774 0.0793763
0 0 79 -0.0267782 0.00083979 0.000965223 0.00351028
0 0 80 -0.00139051 -0.00372445 0.00338809 0.0058494
0 0 81 0.0135211 0.00196124 0.067091 0.00972992
0 0 82 0.0939472 -0.0910332 -0.0292151 0.0150346
0 0 83 0.0420499 -0.0522058 -0.0175853 0.0636199
0 0 84 0.0215637 0.000330038 0.000306699 0.042072
0 0 85 0.0412215 -0.0258712 0.0123838 0.0398861
0 0 86 -0.10698 -0.0138489 -0.00545849 -0.0155272
0 0 87 -0.101267 0.0200535 0.00553762 -0.0340599
0 0 88 -0.0529944 -0.0394385 0.0461052 -0.0662803
0 0 89 -0.0671639 0.0096781 0.0136139 -0.0683535
0 0 90 -0.0388939 0.0242962 0.00712802 0.0295651
0 0 91 0.0623808 -0.0664161 -0.0444854 0.00707981
0 0 92 0.000231818 0.000588835 0.00668072 -0.0438356
0 0 93 0.0537514 -0.00226578 0.0354073 0.0210334
0 0 94 -0.0617446 0.0836549 -0.0186041 -0.126007
0 0 95 0.0385119 -0.00361466 -0.00568214 -0.004093
0 0 96 0.00387343 -0.0150488 0.00833324 0.0299392
0 0 97 -0.114401 0.0356049 -0.0266804 0.0275685
0 0 98 -0.0894795 0.109354 -0.0892899 -0.00598593
0 0 99 -0.0338026 -0.00392051 0.00231955 -0.110755
0 0 100 0.0100693 0.0153638 0.00310232 -0.140312
0 0 101 -0.0539954 -0.0470847 0.0191554 -0.0419516
0 0 102 0.0207871 0.012917 -0.00935994 0.00400605
0 0 103 0.00587545 0.00673723 0.00377327 0.097909
0 0 104 0.0668163 -0.0111198 -0.0111119 -0.0162528
0 0 105 -0.0705121 0.100524 0.0783853 0.0413554
0 0 106 -0.0196849 0.111895 0.0763227 0.0463942
0 0 107 0.0211495 0.0463018 -0.00375627 0.0816523
0 0 108 0.0315911 -0.00759857 -0.00911144 -0.00992954
0 0 109 0.00237191 -0.0567073 0.00884266 0.0297139
0 0 110 -0.056239 -0.0127588 -0.0257236 -0.0772007
0 0 111 -0.0626938 0.00414141 -0.0386083 -0.0448586
0 0 112 -0.0144727 -0.0323098 0.032475 -0.0781833
0 0 113 0.0459332 -0.00073652 0.0556227 -0.025393
0 0 114 -0.0311102 -0.0113158 0.0295427 -0.0307428
0 0 115 -0.024362 -0.0241537 -0.0208531 0.0248734
0 0 116 0.013245 0.0612572 0.0752418 -0.031216
0 0 117 -0.0124362 0.0157794 0.0147445 0.0377093
0 0 118 0.0587047 0.0135522 0.0254549 0.00605222
0 0 119 0.00133638 -0.00915135 -0.00532182 -0.0378503
0 0 120 -0.0129367 -0.0234715 -0.0208655 0.0551648
0 0 121 -0.0482482 0.0140228 -0.0229901 -0.0699986
0 0 122 0.0326094 0.00105938 0.0113152 -0.112197
0 0 123 0.0535098 -0.00903371 0.0145457 -0.0135081
0 0 124 0.0662468 0.0516032 -0.0853387 -0.0361286
0 0 125 -0.000717417 0.0681427 -0.0352288 0.029128
0 0 126 -0.0397396 -0.0189621 0.091767 0.0147913
0 0 127 0.0359921 0.00970947 -0.0117331 -0.00389469
0 0 128 -0.0433294 -0.0243733 -0.0394781 0.0424506
0 0 129 0.0107424 -0.013747 0.0214167 0.0211596
0 0 130 -0.131056 -0.00566151 -0.0029735 0.0329093
0 0 131 -0.0205823 0.0972927 0.117139 0.117357
0 0 132 -0.0812988 0.114209 0.0644817 -0.00810421
0 0 133 -0.0288665 -0.00888471 -0.0137708 -0.0151216
0 0 134 0.0316946 -0.044285 -0.0336259 -0.0851375
0 0 135 0.155924 0.00586673 -0.000202725 -0.0838576
0 0 136 0.246843 0.0599945 0.0674389 -0.0713011
0 0 137 0.337901 0.135948 0.134472 -0.0439978
0 0 138 0.413563 0.179512 0.221596 -0.0684797
0 0 139 0.583425 0.153154 0.297661 -0.0351416
0 0 140 0.606948 0.155201 0.441605 0.0751172
0 0 141 0.45961 0.135179 0.460739 -0.00123557
0 0 142 0.42133 0.134912 0.230082 -0.0251045
0 0 143 0.205146 0.0776555 0.136485 -0.0537149
0 0 144 0.163863 0.0130503 -0.0721061 -0.0282684
0 0 145 0.0216155 -0.0348899 -0.00343322 0.00157228
0 0 146 0.0850244 -0.0122726 0.0774534 0.0242469
0 0 147 0.0411525 -0.00610068 0.0230444 0.00899978
0 0 148 0.00288968 -0.0417049 -0.0861836 -0.0393151
0 0 149 0.0421707 -0.0759681 0.0383023 -0.00134825
0 0 150 0.0312287 -0.0550839 0.00612159 -0.0288363
0 0 151 0.0205627 0.0371498 -0.0859351 -0.059957
0 0 152 0.0614834 -0.0199738 -0.0424849 0.0429734
0 0 153 0.0240662 -0.062887 -0.0244687 -0.118156
0 0 154 0.0823838 0.027441 -0.00441479 -0.0452553
0 0 155 0.0140389 -0.0122412 -0.0267052 -0.0105921
0 0 156 0.0213394 -0.0281612 -0.014566 -0.10294
0 0 157 -0.0216178 -0.0376347 -0.0290287 -0.0108039
0 0 158 -0.0454695 0.000251615 -0.000476075 -0.0587311
0 0 159 0.0847137 0.0234963 0.123935 -0.0425736
0 0 160 -0.0690451 -0.000673781 -0.0405466 0.0290874
0 0 161 0.0448459 -0.0349605 -0.0390432 0.0625788
0 0 162 -0.036098 0.00145149 0.0206215 -0.048009
0 0 163 0.0250673 -0.00528508 0.00153677 0.0313409
0 0 164 -0.0321112 0.0105172 0.000704298 0.0140386
0 0 165 -0.0137651 0.000518254 -0.00024 0.023314
0 0 166 -0.0251559 -0.00670454 0.00567429 -0.0523763
0 0 167 -0.0148179 -0.0504726 0.0162604 -0.0260781
0 0 168 -0.0501639 0.00454137 0.0140239 0.0357758
0 0 169 -0.0559456 -0.0141861 0.000468224 0.0544211
0 0 170 0.0386845 -0.048214 -0.0639802 -0.0332802
0 0 171 0.0183363 0.0150266 0.00709074 -0.111625
0 0 172 0.0236175 -0.0694197 0.0368237 0.033991
0 0 173 0.0565991 -0.0189935 0.0335311 -0.00610311
0 0 174 0.0196307 -0.0565583 -0.0282708 0.0308181
0 0 175 0.0900985 -0.0630439 -0.0530586 0.0344687
0 0 176 -0.0254493 -0.013645 0.0134772 0.0263066
0 0 177 0.0885107 -0.00845338 0.00492879 0.0667973
0 0 178 0.14405 0.00996827 0.0364758 0.043974
0 0 179 0.14959 0.00540403 0.0288593 -0.0274707
0 0 180 0.10608 -0.0318314 -0.0025759 0.104142
0 0 181 0.199865 -0.0356977 0.0700606 0.000589757
0 0 182 0.284571 0.0290252 -0.0236735 -0.0558692
0 0 183 0.310856 0.0260843 -0.111928 -0.0797111
0 0 184 0.24113 0.149938 -0.152931 -0.0126563
0 0 185 0.30038 0.095983 -0.120166 -0.0286741
0 0 186 0.320521 0.11715 -0.189684 -0.108984
0 0 187 0.390471 0.193785 -0.188565 -0.075114
0 0 188 0.388055 0.203258 -0.281877 0.0165535
0 0 189 0.371918 0.242407 -0.178315 0.017198
0 0 190 0.465133 0.275063 -0.220262 -0.0455843
0 0 191 0.438053 0.305052 -0.292215 0.09886
0 0 192 0.306058 0.229867 -0.309995 0.0425543
0 0 193 0.300156 0.272592 -0.265749 0.00951809
0 0 194 0.351777 0.308369 -0.287717 -0.0777551
0 0 195 0.348791 0.222668 -0.295756 -0.00269583
0 0 196 0.181898 0.2006 -0.353532 0.0422343
0 0 197 0.28017 0.152895 -0.21185 0.02431
0 0 198 0.240802 0.135305 -0.1042 -0.0183441
0 0 199 0.234779 0.258845 -0.102634 0.0167428
0 0 200 0.218193 0.237082 -0.105368 0.0450376
0 0 201 0.126549 0.0243197 -0.0309546 -0.00979433
0 0 202 0.0860081 0.140324 -0.0889668 -0.0642973
0 0 203 0.0777412 0.0103604 -0.0119816 -0.0627514
0 0 204 0.0804335 0.179676 0.0162107 -0.0282099
0 0 205 0.145896 0.213108 -0.0116586 0.0183247
0 0 206 0.17244 0.0725501 0.0519449 -0.0268803
0 0 207 0.16961 0.0630923 -0.0150754 -0.0752898
0 0 208 0.13542 0.16498 -0.00492422 0.0160938
0 0 209 0.172164 0.0905091 0.00123857 -0.00729295
0 0 210 0.0377525 0.0350245 0.0131914 -0.0342627
0 0 211 0.0208561 -0.0141155 0.0345624 0.0315347
0 0 212 -0.0859932 0.0071764 -0.0025262 -0.0120388
0 0 213 -0.0157498 0.0379419 0.0106319 -0.0325546
0 0 214 0.138958 0.00120054 -0.00109732 -0.065397
0 0 215 0.047659 -0.0707529 -0.0121307 -0.0819646
0 0 216 -0.0900145 -0.0462456 0.0160989 -0.0874045
0 0 217 -0.031628 -0.0251811 -0.0859351 -0.0597677
0 0 218 0.0413251 -0.0253066 0.0501682 -0.0825009
0 0 219 0.00708357 -0.0425283 0.0279523 -0.0646172
0 0 220 -0.00658541 -0.00291669 0.00499092 0.0734181
0 0 221 0.0229272 -0.0382935 0.015254 -0.0542422
0 0 222 0.0830741 0.0470076 0.0028414 0.02623
0 0 223 0.16212 -0.000336561 0.000567624 -0.00996109
0 0 224 0.119577 0.0732873 -0.0518907 0.0564448
0 0 225 0.19807 0.125447 0.0479814 0.0242649
0 0 226 0.347082 0.246925 -0.116389 -0.0669383
0 0 227 0.394078 0.304072 -0.0403976 0.0230796
0 0 228 0.494662 0.284332 -0.115494 0.0610013
0 0 229 0.57942 0.304542 -0.191411 -0.0130574
0 0 230 0.574674 0.323489 -0.277093 -0.102417
0 0 231 0.558313 0.338782 -0.344685 -0.062206
0 0 232 0.520982 0.349173 -0.315151 0.0176442
0 0 233 0.580836 0.422758 -0.27139 0.0375155
0 0 234 0.550443 0.144668 -0.237644 -0.0474411
0 0 235 0.292268 0.235388 -0.10963 -0.016041
0 0 236 0.314739 0.135069 -0.192616 -0.0529847
0 0 237 0.228859 0.0611631 -0.0136838 -0.108209
0 0 238 0.185126 0.009733 -0.00863929 -0.0190021
0 0 239 0.078466 -0.00600657 -0.0217973 -0.100299
0 0 240 0.164708 0.0434472 -0.0149015 -0.128882
0 0 241 0.0995045 0.00131817 0.00331355 -0.0703096
0 0 242 0.0257576 0.0447098 -0.00378112 -0.0369399
0 0 243 0.107823 0.000157507 -3.92575e-06 -0.0371878
0 0 244 -0.00758643 -0.00358329 -0.0161937 -0.0238967
0 0 245 -0.0055844 0.0471253 -0.0134478 0.035938
0 0 246 -0.00133873 -0.00446947 0.0102964 -0.0832536
0 0 247 0.10413 0.00522366 -0.0352909 -0.0227609
0 0 248 0.0979685 -0.0147429 -0.0140193 0.0116769
0 0 249 -0.0226706 -0.0132999 -0.00248892 -0.093525
0 0 250 0.0527331 0.000141822 -0.000277275 0.0066877
0 0 251 -0.00408289 0.0436197 0.0683335 -0.0906315
0 0 252 -0.00770724 -0.0085867 0.0194287 0.00748995
0 0 253 0.00287242 0.00285527 -0.0336259 0.0642599
0 0 254 -0.0790207 -0.0317059 0.0403151 -0.0235902
0 0 255 -0.0137478 0.0629589 -0.024916 0.0985625
