0 0 0 0.0313113
0 0 1 0.0162626
0 0 2 0.00576862
0 0 3 -0.00248447
0 0 4 -0.00463429
0 0 5 -0.0458269
0 0 6 -0.0661226
0 0 7 -0.0661226
0 0 8 -0.076398
0 0 9 -0.0615861
0 0 10 -0.0378289
0 0 11 -0.0442783
0 0 12 -0.0337661
0 0 13 -0.0412904
0 0 14 -0.00558166
0 0 15 -0.00117272
0 0 16 0.0142403
0 0 17 0.0352466
0 0 18 0.0599694
0 0 19 0.0445746
0 0 20 0.0422972
0 0 21 0.068933
0 0 22 0.0513702
0 0 23 0.0451576
0 0 24 0.0255906
0 0 25 0.043609
0 0 26 0.0388357
0 0 27 0.0162626
0 0 28 0.0280866
0 0 29 0.0103051
0 0 30 -0.00534482
0 0 31 0.000740246
0 0 32 0.00181515
0 0 33 -0.0101181
0 0 34 -0.0274259
0 0 35 -0.0156202
0 0 36 -0.0101181
0 0 37 0.0040925
0 0 38 0.0249894
0 0 39 0.0135298
0 0 40 0.0458863
0 0 41 0.0322769
0 0 42 0.0458863
0 0 43 0.0210542
0 0 44 0.0373964
0 0 45 0.0353741
0 0 46 0.0239145
0 0 47 0.0303639
0 0 48 0.0031269
0 0 49 -0.0201567
0 0 50 -0.0225433
0 0 51 -0.0773453
0 0 52 -0.0392499
0 0 53 -0.0523856
0 0 54 -0.0836672
0 0 55 -0.104692
0 0 56 -0.104455
0 0 57 -0.113163
0 0 58 -0.0859446
0 0 59 -0.0655214
0 0 60 -0.0884588
0 0 61 -0.0712603
0 0 62 -0.0368633
0 0 63 -0.021104
0 0 64 0.0150784
0 0 65 -0.0234907
0 0 66 -0.0318531
0 0 67 0.00349128
0 0 68 0.0291615
0 0 69 0.0403843
0 0 70 -0.0373369
0 0 71 -0.0277903
0 0 72 -0.0421285
0 0 73 -0.0313794
0 0 74 -0.0105918
0 0 75 -0.0585982
0 0 76 -0.0335292
0 0 77 -0.0632622
0 0 78 -0.077819
0 0 79 -0.094307
0 0 80 -0.133714
0 0 81 -0.122965
0 0 82 -0.08057
0 0 83 -0.0989528
0 0 84 -0.0625335
0 0 85 -0.0716064
0 0 86 -0.0913191
0 0 87 -0.116042
0 0 88 -0.0851065
0 0 89 -0.0719708
0 0 90 -0.0443876
0 0 91 -0.0067841
0 0 92 0.0261736
0 0 93 0.0672569
0 0 94 0.0605706
0 0 95 0.0464875
0 0 96 0.0191412
0 0 97 0.0227121
0 0 98 0.0116168
0 0 99 0.0313113
0 0 100 0.0162626
0 0 101 0.00576862
0 0 102 -0.00248447
0 0 103 -0.00463429
0 0 104 -0.0458269
0 0 105 -0.0661226
0 0 106 -0.0661226
0 0 107 -0.076398
0 0 108 -0.0615861
0 0 109 -0.0378289
0 0 110 -0.0442783
0 0 111 -0.0337661
0 0 112 -0.0412904
0 0 113 -0.00558166
0 0 114 -0.00117272
0 0 115 0.0142403
0 0 116 0.0352466
0 0 117 0.0599694
0 0 118 0.0445746
0 0 119 0.0422972
0 0 120 0.068933
0 0 121 0.0513702
0 0 122 0.0451576
0 0 123 0.0255906
0 0 124 0.043609
0 0 125 0.0388357
0 0 126 0.0162626
0 0 127 0.0280866
0 0 128 0.0103051
0 0 129 -0.00534482
0 0 130 0.000740246
0 0 131 0.00181515
0 0 132 -0.0101181
0 0 133 -0.0274259
0 0 134 -0.0156202
0 0 135 -0.0101181
0 0 136 0.0040925
0 0 137 0.0249894
0 0 138 0.0135298
0 0 139 0.0458863
0 0 140 0.0322769
0 0 141 0.0458863
0 0 142 0.0210542
0 0 143 0.0373964
0 0 144 0.0353741
0 0 145 0.0239145
0 0 146 0.0303639
0 0 147 0.0031269
0 0 148 -0.0201567
0 0 149 -0.0225433
0 0 150 -0.0773453
0 0 151 -0.0392499
0 0 152 -0.0523856
0 0 153 -0.0836672
0 0 154 -0.104692
0 0 155 -0.104455
0 0 156 -0.113163
0 0 157 -0.0859446
0 0 158 -0.0655214
0 0 159 -0.0884588
0 0 160 -0.0712603
0 0 161 -0.0368633
0 0 162 -0.021104
0 0 163 0.0150784
0 0 164 -0.0234907
0 0 165 -0.0318531
0 0 166 0.00349128
0 0 167 0.0291615
0 0 168 0.0403843
0 0 169 0.0333518
0 0 170 0.00265322
0 0 171 -0.0162032
0 0 172 0.0142403
0 0 173 0.0390725
0 0 174 0.044447
0 0 175 0.0360846
0 0 176 0.00217953
0 0 177 0.0333518
0 0 178 0.0385988
0 0 179 0.043609
0 0 180 0.0299996
0 0 181 0.01138
0 0 182 -0.0132335
0 0 183 0.0536475
0 0 184 0.0575828
0 0 185 0.0320401
0 0 186 0.0221291
0 0 187 0.0191412
0 0 188 -0.0138165
0 0 189 0.0241513
0 0 190 0.0143679
0 0 191 0.0169914
0 0 192 0.0134023
0 0 193 0.0163902
0 0 194 0.0333518
0 0 195 0.0439733
0 0 196 -0.0398511
0 0 197 -0.0446244
0 0 198 -0.0340029
0 0 199 -0.0501265
0 0 200 -0.0439139
0 0 201 -0.0172781
0 0 202 -0.0212316
0 0 203 -0.0392499
0 0 204 -0.0413997
0 0 205 -0.0392499
0 0 206 -0.050837
0 0 207 -0.0440232
0 0 208 -0.0588351
0 0 209 -0.0415273
0 0 210 -0.0201567
0 0 211 -0.0237275
0 0 212 -0.015019
0 0 213 -0.0434402
0 0 214 -0.0602744
0 0 215 -0.0556104
0 0 216 -0.0734101
0 0 217 -0.0749587
0 0 218 -0.11484
0 0 219 -0.125224
0 0 220 -0.121052
0 0 221 -0.0870195
0 0 222 -0.0806976
0 0 223 -0.10624
0 0 224 -0.0947807
0 0 225 -0.0882219
0 0 226 -0.0671975
0 0 227 -0.0558472
0 0 228 -0.0445151
0 0 229 -0.032928
0 0 230 -0.036262
0 0 231 0.0197242
0 0 232 0.041696
0 0 233 0.0264105
0 0 234 0.00742653
0 0 235 0.0224752
0 0 236 0.0253356
0 0 237 -0.00272132
0 0 238 0.00815528
0 0 239 -0.00652904
0 0 240 -0.00091766
0 0 241 -0.0109562
0 0 242 -0.01644
0 0 243 -0.0181162
0 0 244 -0.0334017
0 0 245 -0.0313794
0 0 246 -0.0393774
0 0 247 -0.0144178
0 0 248 -0.0243288
0 0 249 -0.0217053
0 0 250 0.016627
0 0 251 0.0313113
0 0 252 0.0486373
0 0 253 0.0335887
0 0 254 0.0599694
0 0 255 0.0843279
0 0 256 0.103549
0 0 257 0.0757286
0 0 258 0.041113
0 0 259 0.0551961
0 0 260 0.0123274
0 0 261 0.0274854
0 0 262 0.0051674
0 0 263 -0.0176425
0 0 264 -0.0501265
0 0 265 -0.0911916
0 0 266 -0.084396
0 0 267 -0.136574
0 0 268 -0.157471
0 0 269 -0.194
0 0 270 -0.165105
0 0 271 -0.119012
0 0 272 -0.139326
0 0 273 -0.136939
0 0 274 -0.129415
0 0 275 -0.109101
0 0 276 -0.112453
0 0 277 -0.111615
0 0 278 -0.0903535
0 0 279 -0.071734
0 0 280 -0.0558472
0 0 281 -0.0450981
0 0 282 -0.0134704
0 0 283 -0.0122679
0 0 284 -0.0144178
0 0 285 0.0181756
0 0 286 0.0450483
0 0 287 0.00708037
0 0 288 -0.0283915
0 0 289 0.0093395
0 0 290 0.0077909
0 0 291 -0.00702094
0 0 292 -0.0176425
0 0 293 -0.0113206
0 0 294 0.00480303
0 0 295 -0.0058185
0 0 296 0.00432934
0 0 297 -0.0107193
0 0 298 -0.015857
0 0 299 -0.0355515
0 0 300 0.00265322
0 0 301 0.0489835
0 0 302 0.0179387
0 0 303 0.00647915
0 0 304 0.0335887
0 0 305 -0.000808348
0 0 306 0.00791843
0 0 307 -0.0137072
0 0 308 0.0040925
0 0 309 -0.0144178
0 0 310 -0.0193186
0 0 311 -0.0415273
0 0 312 -0.0433127
0 0 313 -0.0559747
0 0 314 -0.0469018
0 0 315 -0.056084
0 0 316 -0.0397418
0 0 317 -0.0538249
0 0 318 -0.069821
0 0 319 -0.0827199
0 0 320 -0.0751955
0 0 321 -0.136447
0 0 322 -0.102414
0 0 323 -0.0922665
0 0 324 -0.0851065
0 0 325 -0.0600375
0 0 326 -0.0532237
0 0 327 -0.0631347
0 0 328 -0.0556104
0 0 329 -0.094307
0 0 330 -0.0682724
0 0 331 -0.0182437
0 0 332 0.0168638
0 0 333 0.0377608
0 0 334 0.0735788
0 0 335 0.0465968
0 0 336 -0.00629219
0 0 337 0.0296352
0 0 338 0.0203254
0 0 339 0.0269024
0 0 340 0.0200886
0 0 341 0.0123274
0 0 342 0.0588945
0 0 343 0.0390725
0 0 344 0.0431353
0 0 345 -0.00487113
0 0 346 0.00624231
0 0 347 0.0104144
0 0 348 0.00325443
0 0 349 0.0498216
0 0 350 0.028451
0 0 351 0.0297627
0 0 352 0.00527672
0 0 353 0.0105419
0 0 354 0.0263012
0 0 355 0.00396497
0 0 356 -0.00521729
0 0 357 -0.0193186
0 0 358 0.000630934
0 0 359 -0.0361527
0 0 360 -0.0367539
0 0 361 -0.0539342
0 0 362 -0.0634991
0 0 363 -0.0612217
0 0 364 -0.040926
0 0 365 -0.040088
0 0 366 -0.067325
0 0 367 -0.0781834
0 0 368 -0.0470111
0 0 369 -0.0146546
0 0 370 -0.000571504
0 0 371 -0.0182437
0 0 372 -0.0021201
0 0 373 0.00755406
0 0 374 0.0270117
0 0 375 0.0580564
0 0 376 0.0215278
0 0 377 0.00695284
0 0 378 0.00635162
0 0 379 0.0396737
0 0 380 0.0690423
0 0 381 0.112877
0 0 382 0.0930547
0 0 383 0.102838
0 0 384 0.101654
0 0 385 0.0739432
0 0 386 0.0437365
0 0 387 0.0497123
0 0 388 0.0395462
0 0 389 0.0707185
0 0 390 0.090668
0 0 391 0.0892287
0 0 392 0.0934008
0 0 393 0.0925628
0 0 394 0.0531738
0 0 395 0.0415867
0 0 396 0.00110462
0 0 397 0.0314388
0 0 398 0.0528094
0 0 399 0.115136
0 0 400 0.120273
0 0 401 0.11131
0 0 402 0.0900668
0 0 403 0.0242607
0 0 404 0.0297627
0 0 405 0.011963
0 0 406 0.0117262
0 0 407 -0.00893391
0 0 408 0.0230764
0 0 409 -0.00235694
0 0 410 0.00420181
0 0 411 0.033698
0 0 412 -0.00140957
0 0 413 -0.0153651
0 0 414 -0.0175149
0 0 415 0.0216372
0 0 416 0.0563985
0 0 417 0.0518621
0 0 418 0.066182
0 0 419 0.0439733
0 0 420 0.0456495
0 0 421 0.0279773
0 0 422 0.0678581
0 0 423 0.0259368
0 0 424 0.00957634
0 0 425 -0.0157295
0 0 426 -0.00403307
0 0 427 -0.0101181
0 0 428 -0.0141809
0 0 429 0.00265322
0 0 430 0.0358478
0 0 431 0.0470705
0 0 432 0.0462325
0 0 433 0.0402749
0 0 434 0.0555605
0 0 435 0.0526819
0 0 436 0.0863684
0 0 437 0.0599694
0 0 438 0.0618824
0 0 439 0.0734695
0 0 440 0.0753825
0 0 441 0.0310745
0 0 442 0.0107788
0 0 443 -0.0246931
0 0 444 -0.0402155
0 0 445 -0.0286284
0 0 446 -0.0556104
0 0 447 -0.0261142
0 0 448 -0.00033466
0 0 449 -0.0233814
0 0 450 -0.020266
0 0 451 -0.000443973
0 0 452 0.0100682
0 0 453 -0.0228895
0 0 454 0.00946703
0 0 455 0.00361881
0 0 456 -0.0193186
0 0 457 -0.0224158
0 0 458 -0.00833269
0 0 459 0.0123274
0 0 460 -0.0429483
0 0 461 -0.0435495
0 0 462 -0.056576
0 0 463 -0.0322175
0 0 464 -0.0264786
0 0 465 -0.0569221
0 0 466 -0.0120311
0 0 467 -0.0113206
0 0 468 0.0104144
0 0 469 0.0507872
0 0 470 0.0765667
0 0 471 0.0852935
0 0 472 0.103549
0 0 473 0.119435
0 0 474 0.113952
0 0 475 0.117759
0 0 476 0.125885
0 0 477 0.120984
0 0 478 0.139021
0 0 479 0.149168
0 0 480 0.116939
0 0 481 0.113114
0 0 482 0.103312
0 0 483 0.0731051
0 0 484 0.0497123
0 0 485 0.0461232
0 0 486 0.0611718
0 0 487 0.0398013
0 0 488 0.0415867
0 0 489 0.00839212
0 0 490 0.0175744
0 0 491 -0.0350778
0 0 492 -0.026351
0 0 493 0.00742653
0 0 494 -0.00570919
0 0 495 0.00587793
0 0 496 0.00527672
0 0 497 -0.0379382
0 0 498 -0.075323
0 0 499 -0.0909547
0 0 500 -0.0956187
0 0 501 -0.0822462
0 0 502 -0.0722076
0 0 503 -0.0568128
0 0 504 -0.0335292
0 0 505 -0.0551367
0 0 506 -0.0593088
0 0 507 -0.0498897
0 0 508 -0.0643371
0 0 509 -0.0523856
0 0 510 0.00110462
0 0 511 0.0263012
0 0 512 -0.00605535
0 0 513 0.000740246
0 0 514 -0.00856954
0 0 515 0.00123215
0 0 516 -0.0261142
0 0 517 0.00684353
0 0 518 -0.00641972
0 0 519 -0.0117943
0 0 520 0.00527672
0 0 521 0.0293983
0 0 522 -0.0123955
0 0 523 -0.00652904
0 0 524 0.00278075
0 0 525 0.0700079
0 0 526 0.0904129
0 0 527 0.0870789
0 0 528 0.0795546
0 0 529 0.0918522
0 0 530 0.063431
0 0 531 0.0555605
0 0 532 0.0885182
0 0 533 0.0439733
0 0 534 0.0279773
0 0 535 0.0517345
0 0 536 0.0422972
0 0 537 0.0617731
0 0 538 0.0175744
0 0 539 0.00850143
0 0 540 0.0421879
0 0 541 0.0319125
0 0 542 0.0295259
0 0 543 0.0347729
0 0 544 0.0353741
0 0 545 0.000630934
0 0 546 0.00181515
0 0 547 0.0168638
0 0 548 0.0159165
0 0 549 0.0226027
0 0 550 0.0123274
0 0 551 0.0226027
0 0 552 0.0329874
0 0 553 0.033698
0 0 554 0.0445746
0 0 555 0.0280866
0 0 556 0.0415867
0 0 557 0.0565078
0 0 558 0.0637954
0 0 559 0.0968624
0 0 560 0.080757
0 0 561 0.102601
0 0 562 0.0820688
0 0 563 0.0582933
0 0 564 0.0905405
0 0 565 0.0948401
0 0 566 0.0808663
0 0 567 0.0808663
0 0 568 0.100816
0 0 569 0.0867145
0 0 570 0.068095
0 0 571 0.0775323
0 0 572 0.0654715
0 0 573 0.0618824
0 0 574 0.0349004
0 0 575 0.0591313
0 0 576 0.0579471
0 0 577 0.0355016
0 0 578 -0.0421285
0 0 579 -0.0837948
0 0 580 -0.0974042
0 0 581 -0.124149
0 0 582 -0.136702
0 0 583 -0.131801
0 0 584 -0.12189
0 0 585 -0.106714
0 0 586 -0.0984791
0 0 587 -0.0914284
0 0 588 -0.112325
0 0 589 -0.0994447
0 0 590 -0.106841
0 0 591 -0.0664869
0 0 592 -0.0371001
0 0 593 -0.0501265
0 0 594 -0.0535881
0 0 595 -0.0372276
0 0 596 -0.00725779
0 0 597 -0.0312519
0 0 598 -0.048086
0 0 599 -0.0172781
0 0 600 -0.028264
0 0 601 -0.0350778
0 0 602 -0.0360252
0 0 603 -0.028264
0 0 604 0.00445687
0 0 605 -0.0144178
0 0 606 -0.00332254
0 0 607 0.0117262
0 0 608 0.0168638
0 0 609 -0.0073671
0 0 610 2.97148e-05
0 0 611 0.013876
0 0 612 0.00957634
0 0 613 0.0384713
0 0 614 0.0551961
0 0 615 0.0512608
0 0 616 0.0470705
0 0 617 0.0477993
0 0 618 0.0561435
0 0 619 0.0641597
0 0 620 0.0735788
0 0 621 0.0731051
0 0 622 0.0667832
0 0 623 0.0717934
0 0 624 0.0753825
0 0 625 0.0454126
0 0 626 0.00647915
0 0 627 0.0142403
0 0 628 0.0199792
0 0 629 0.00469372
0 0 630 -0.0224158
0 0 631 0.0421879
0 0 632 0.0440827
0 0 633 0.0375239
0 0 634 -0.0126323
0 0 635 0.0184124
0 0 636 -0.0107193
0 0 637 -0.0312519
0 0 638 -0.0437864
0 0 639 -0.0244563
0 0 640 -0.0107193
0 0 641 -0.0184805
0 0 642 -0.0132335
0 0 643 -0.00713025
0 0 644 -0.0483229
0 0 645 -0.0643371
0 0 646 -0.0542986
0 0 647 0.00564109
0 0 648 -0.00856954
0 0 649 0.0172282
0 0 650 0.0406211
0 0 651 0.0649796
0 0 652 0.0944757
0 0 653 0.0591313
0 0 654 0.0711922
0 0 655 0.0748906
0 0 656 0.0827793
0 0 657 0.0625929
0 0 658 0.0618824
0 0 659 0.0673844
0 0 660 0.0359753
0 0 661 0.0349004
0 0 662 0.0385988
0 0 663 0.0400381
0 0 664 0.0306008
0 0 665 0.0093395
0 0 666 -0.0140534
0 0 667 -0.0142902
0 0 668 -0.0191911
0 0 669 -0.0349503
0 0 670 -0.0115574
0 0 671 0.0258275
0 0 672 -0.00534482
0 0 673 0.00551356
0 0 674 -0.00283063
0 0 675 -0.00893391
0 0 676 -0.0285009
0 0 677 -0.0267154
0 0 678 -0.0298308
0 0 679 -0.04559
0 0 680 -0.0667238
0 0 681 -0.0707866
0 0 682 -0.0547723
0 0 683 -0.0767441
0 0 684 -0.119613
0 0 685 -0.0996815
0 0 686 -0.0879669
0 0 687 -0.092394
0 0 688 -0.0925033
0 0 689 -0.0798595
0 0 690 -0.0874932
0 0 691 -0.0668331
0 0 692 -0.0383025
0 0 693 -0.00545413
0 0 694 -0.037592
0 0 695 -0.0154927
0 0 696 -0.0312519
0 0 697 -0.0119036
0 0 698 -0.015857
0 0 699 -0.00893391
0 0 700 0.00718968
0 0 701 -0.0021201
0 0 702 0.00527672
0 0 703 -0.00487113
0 0 704 0.0172282
0 0 705 0.00981318
0 0 706 -0.00332254
0 0 707 0.043609
0 0 708 -0.00605535
0 0 709 0.0125642
0 0 710 0.036449
0 0 711 0.0216372
0 0 712 0.00718968
0 0 713 -0.0335292
0 0 714 -0.0233814
0 0 715 -0.025768
0 0 716 -0.0175149
0 0 717 -0.0774729
0 0 718 -0.0490516
0 0 719 -0.0821186
0 0 720 -0.0997908
0 0 721 -0.0583614
0 0 722 -0.0878575
0 0 723 -0.118665
0 0 724 -0.10409
0 0 725 -0.0884588
0 0 726 -0.057997
0 0 727 -0.0572865
0 0 728 -0.0890418
0 0 729 -0.0897705
0 0 730 -0.0701854
0 0 731 -0.0700578
0 0 732 -0.0453532
0 0 733 -0.0532237
0 0 734 -0.0651752
0 0 735 -0.0314887
0 0 736 -0.020266
0 0 737 -0.0199198
0 0 738 -0.0238551
0 0 739 -0.02493
0 0 740 -0.0440232
0 0 741 -0.0248024
0 0 742 -0.0341122
0 0 743 -0.0316163
0 0 744 -0.0200291
0 0 745 -0.0483229
0 0 746 -0.0544261
0 0 747 -0.0823555
0 0 748 -0.0842685
0 0 749 -0.0982422
0 0 750 -0.0969305
0 0 751 -0.0975317
0 0 752 -0.0941795
0 0 753 -0.044752
0 0 754 -0.0299401
0 0 755 0.0105419
0 0 756 -0.00833269
0 0 757 -0.0175149
0 0 758 0.00731722
0 0 759 0.0418235
0 0 760 0.0790809
0 0 761 0.0898299
0 0 762 0.149059
0 0 763 0.168881
0 0 764 0.158132
0 0 765 0.163507
0 0 766 0.133282
0 0 767 0.103439
0 0 768 0.0726314
0 0 769 0.0999778
0 0 770 0.0836174
0 0 771 0.0851659
0 0 772 0.0488742
0 0 773 0.0351373
0 0 774 0.0402749
0 0 775 0.0334611
0 0 776 -0.00951691
0 0 777 0.0273761
0 0 778 0.0334611
0 0 779 0.0341717
0 0 780 0.0342992
0 0 781 0.048273
0 0 782 0.0409855
0 0 783 0.0400381
0 0 784 0.0407486
0 0 785 0.0350097
0 0 786 0.0347729
0 0 787 0.029289
0 0 788 -0.00856954
0 0 789 0.0297627
0 0 790 -0.0021201
0 0 791 -0.0347134
0 0 792 -0.0410536
0 0 793 -0.0021201
0 0 794 -0.0205028
0 0 795 -0.00403307
0 0 796 0.0144772
0 0 797 0.0210542
0 0 798 0.0548317
0 0 799 0.0633217
0 0 800 0.0458863
0 0 801 0.0432628
0 0 802 0.0454126
0 0 803 0.0401474
0 0 804 0.0371595
0 0 805 0.0545949
0 0 806 0.0198517
0 0 807 0.0319125
0 0 808 0.0247526
0 0 809 0.0314388
0 0 810 0.0143679
0 0 811 -0.000571504
0 0 812 -9.78165e-05
0 0 813 -0.0207397
0 0 814 0.0242607
0 0 815 0.0149509
0 0 816 0.00839212
0 0 817 0.0686962
0 0 818 0.0272485
0 0 819 0.0409855
0 0 820 -0.00652904
0 0 821 -0.0208672
0 0 822 -0.057414
0 0 823 -0.0496528
0 0 824 -0.0445151
0 0 825 -0.02493
0 0 826 0.0230764
0 0 827 -0.0165676
0 0 828 -0.0267154
0 0 829 -0.0218146
0 0 830 -0.0713696
0 0 831 -0.0390131
0 0 832 -0.0471386
0 0 833 0.0319125
0 0 834 0.0379976
0 0 835 0.0872064
0 0 836 0.0734695
0 0 837 0.0707185
0 0 838 0.0253356
0 0 839 0.014714
0 0 840 0.0114893
0 0 841 -0.0067841
0 0 842 -0.0115574
0 0 843 -0.000680817
0 0 844 -0.0338754
0 0 845 -0.0240919
0 0 846 -0.0393774
0 0 847 -0.0317256
0 0 848 -0.0608756
0 0 849 -0.0464281
0 0 850 -0.0437864
0 0 851 -0.0180069
0 0 852 -0.0208672
0 0 853 -0.0169319
0 0 854 0.00170584
0 0 855 0.00097709
0 0 856 -0.0330373
0 0 857 -0.00773147
0 0 858 -0.0129785
0 0 859 -0.0433127
0 0 860 -0.0502358
0 0 861 -0.0172781
0 0 862 0.00503987
0 0 863 -0.00283063
0 0 864 0.0168638
0 0 865 0.0279773
0 0 866 0.0140035
0 0 867 0.00684353
0 0 868 0.0322769
0 0 869 0.0762205
0 0 870 0.0795546
0 0 871 0.109761
0 0 872 0.120273
0 0 873 0.105352
0 0 874 0.0941296
0 0 875 0.0776416
0 0 876 0.0875526
0 0 877 0.0357385
0 0 878 0.00587793
0 0 879 0.0255906
0 0 880 0.0359753
0 0 881 0.0215278
0 0 882 0.029289
0 0 883 0.0270117
0 0 884 0.0077909
0 0 885 0.0267748
0 0 886 0.071429
0 0 887 0.0563985
0 0 888 0.0544856
0 0 889 0.0378883
0 0 890 0.120638
0 0 891 0.14046
0 0 892 0.166367
0 0 893 0.217471
0 0 894 0.238258
0 0 895 0.258791
0 0 896 0.285171
0 0 897 0.29807
0 0 898 0.299145
0 0 899 0.29807
0 0 900 0.309657
0 0 901 0.307271
0 0 902 0.350139
0 0 903 0.310368
0 0 904 0.314668
0 0 905 0.307271
0 0 906 0.298672
0 0 907 0.313247
0 0 908 0.325653
0 0 909 0.336767
0 0 910 0.358247
0 0 911 0.403265
0 0 912 0.382259
0 0 913 0.401844
0 0 914 0.449359
0 0 915 0.462148
0 0 916 0.469782
0 0 917 0.516003
0 0 918 0.53056
0 0 919 0.557196
0 0 920 0.580352
0 0 921 0.591939
0 0 922 0.612362
0 0 923 0.638506
0 0 924 0.657381
0 0 925 0.698919
0 0 926 0.750515
0 0 927 0.795643
0 0 928 0.852613
0 0 929 0.903479
0 0 930 0.949336
0 0 931 0.963656
0 0 932 0.988142
0 0 933 0.98468
0 0 934 0.983241
0 0 935 0.999948
0 0 936 0.97047
0 0 937 0.93201
0 0 938 0.880305
0 0 939 0.8286
0 0 940 0.738563
0 0 941 0.630872
0 0 942 0.539159
0 0 943 0.413067
0 0 944 0.361472
0 0 945 0.271325
0 0 946 0.206958
0 0 947 0.14261
0 0 948 0.0904129
0 0 949 0.0698804
0 0 950 0.00766337
0 0 951 0.0143679
0 0 952 -0.0132335
0 0 953 -0.0304138
0 0 954 -0.0426022
0 0 955 -0.081645
0 0 956 -0.0796227
0 0 957 -0.0784202
0 0 958 -0.0938333
0 0 959 -0.086892
0 0 960 -0.0950175
0 0 961 -0.143971
0 0 962 -0.151149
0 0 963 -0.131437
0 0 964 -0.123912
0 0 965 -0.132985
0 0 966 -0.142423
0 0 967 -0.0975317
0 0 968 -0.0550091
0 0 969 -0.0288652
0 0 970 -0.0303045
0 0 971 -0.0223065
0 0 972 -0.0294664
0 0 973 -0.0250393
0 0 974 0.0118537
0 0 975 -0.0107193
0 0 976 -0.0175149
0 0 977 -0.0405617
0 0 978 -0.0489241
0 0 979 -0.0175149
0 0 980 -0.0231445
0 0 981 -0.02493
0 0 982 -0.0266061
0 0 983 -0.0489241
0 0 984 -0.103016
0 0 985 -0.075906
0 0 986 -0.0735194
0 0 987 -0.0749587
0 0 988 -0.0785478
0 0 989 -0.0525132
0 0 990 -0.0612217
0 0 991 -0.0349503
0 0 992 -0.0669606
0 0 993 -0.0978779
0 0 994 -0.0944163
0 0 995 -0.0815174
0 0 996 -0.0907179
0 0 997 2.97148e-05
0 0 998 -0.00917075
0 0 999 -0.0195554
0 0 1000 -0.0515476
0 0 1001 -0.0811713
0 0 1002 -0.122838
0 0 1003 -0.127374
0 0 1004 -0.13191
0 0 1005 -0.0913191
0 0 1006 -0.0820093
0 0 1007 -0.077236
0 0 1008 -0.0901167
0 0 1009 -0.0620598
0 0 1010 -0.0913191
0 0 1011 -0.065412
0 0 1012 -0.0750862
0 0 1013 -0.0309057
0 0 1014 0.0390725
0 0 1015 0.0446839
0 0 1016 0.0545949
0 0 1017 0.0479086
0 0 1018 -0.0354422
0 0 1019 0.029289
0 0 1020 0.087917
0 0 1021 -0.0163307
0 0 1022 -0.0172781
0 0 1023 -0.0280272
