0 0 0 -5.32009 -2.00645 -2.31727 1.64819
0 0 1 -3.42166 10.37 -8.97177 -5.69492
0 0 2 5.71455 0.30315 -1.14431 -11.8661
0 0 3 7.88826 6.81899 1.33789 -11.6941
0 0 4 3.92053 16.2648 2.88927 -7.45333
0 0 5 3.16116 5.5434 0.407067 8.12888
0 0 6 6.33629 -7.59136 1.33789 13.4734
0 0 7 2.95708 -12.2801 -0.0419201 -3.86834
0 0 8 1.81802 -19.3468 5.74867 -6.76403
0 0 9 7.88826 -6.8331 -0.73061 -5.28156
0 0 10 9.50668 2.37181 -1.42052 -1.35138
0 0 11 5.74778 5.23353 -0.627185 -5.35081
0 0 12 3.12794 0.50995 -2.73098 -1.35138
0 0 13 4.50905 6.26753 -12.9007 7.2329
0 0 14 1.81802 0.131145 -5.17789 11.9909
0 0 15 2.54417 -3.93724 -3.3856 -2.62717
0 0 16 7.19533 -6.5915 -2.007 -8.38393
0 0 17 -0.80182 -3.00631 -5.52224 -9.21174
0 0 18 -4.00543 11.0252 -10.6254 -11.5556
0 0 19 1.23425 7.57726 -3.76523 -7.62538
0 0 20 7.02447 -0.972446 8.61051 -1.93788
0 0 21 17.2618 6.64699 -4.10957 -5.41899
0 0 22 15.9186 15.955 -14.0031 -6.31605
0 0 23 4.7511 4.23366 -14.7964 2.23361
0 0 24 1.02542 -9.07376 -13.3826 1.71745
0 0 25 2.33534 -2.21325 -6.0053 -2.7646
0 0 26 0.199604 10.3353 0.717342 4.81982
0 0 27 -6.69646 15.5066 1.71631 3.23347
0 0 28 -2.4582 13.0591 11.0586 0.820389
0 0 29 5.98983 6.61219 12.4725 -4.62689
0 0 30 6.29832 4.61247 6.12831 -6.66015
0 0 31 -2.21615 5.09566 2.23465 -5.48824
0 0 32 -4.45631 10.7836 -2.79911 -0.903393
0 0 33 -0.31772 9.95645 -0.420335 1.54431
0 0 34 6.19865 9.12859 3.88824 -4.76432
0 0 35 4.43786 7.47419 7.02506 -8.14263
0 0 36 5.26842 -1.07552 0.544562 -1.97142
0 0 37 1.92243 -6.5915 -1.28181 -0.214096
0 0 38 -5.59537 -3.48884 -7.14297 1.8895
0 0 39 -7.76433 -3.55778 -4.69605 0.16572
0 0 40 -4.73158 -4.52284 -7.90102 -2.28199
0 0 41 -2.90434 -2.28218 -5.14382 0.613708
0 0 42 7.81707 -1.04138 -1.35116 -4.2817
0 0 43 18.23 -1.38605 0.234286 -10.0049
0 0 44 16.3648 8.92179 0.751412 -2.28199
0 0 45 12.0601 -3.90244 1.23447 6.33692
0 0 46 4.57549 -4.66071 -4.90169 1.85487
0 0 47 -6.11269 7.16366 -5.90187 -4.35096
0 0 48 -5.52417 8.02566 -8.24658 -4.10965
0 0 49 -1.42356 2.8202 -4.4892 4.88908
0 0 50 0.0239985 2.1998 7.64683 9.88729
0 0 51 -3.66371 6.30167 -2.45477 10.0604
0 0 52 -9.28307 5.44033 -3.55716 9.85266
0 0 53 -1.90291 5.02607 -8.83306 1.61357
0 0 54 5.57692 10.5079 -12.487 -9.28099
0 0 55 11.5048 6.75006 0.200217 -1.86862
0 0 56 6.29832 0.578883 5.50897 5.92248
0 0 57 -1.9741 2.1998 -1.52394 0.682963
0 0 58 -6.86732 12.1971 5.88739 -3.48852
0 0 59 -9.17866 13.9211 17.4722 -4.79894
0 0 60 -9.62479 -0.799784 12.6782 -0.903393
0 0 61 -7.35142 -3.8683 5.02591 6.43972
0 0 62 -7.04292 5.1298 -2.24792 7.9222
0 0 63 -6.80087 -7.4535 -6.419 2.30286
0 0 64 -1.90291 -6.28097 -1.62737 3.64791
0 0 65 2.9903 -1.31711 7.50812 6.85417
0 0 66 0.9922 -2.52377 1.16511 3.54403
0 0 67 -3.31725 1.16515 -2.90254 0.992443
0 0 68 -4.14781 -0.558189 -6.86677 -0.971565
0 0 69 -2.00733 3.78527 -5.28132 0.544454
0 0 70 0.232826 -7.38456 -3.35153 -0.730257
0 0 71 -3.07519 -9.07376 -2.73098 -0.730257
0 0 72 -3.80135 -7.0399 -0.179415 0.131093
0 0 73 -3.9722 -1.48912 3.40518 -1.2475
0 0 74 -4.38511 1.16515 3.06084 -2.6618
0 0 75 3.44118 -5.1439 3.50861 -2.79923
0 0 76 2.2689 -10.0388 1.13104 7.30215
0 0 77 0.887786 -11.3144 0.476423 15.8518
0 0 78 9.95281 -6.00524 -0.868105 9.4393
0 0 79 12.9191 -0.903512 5.1987 -3.52315
0 0 80 2.06007 1.75141 11.7473 -4.52301
0 0 81 -8.17724 7.40526 10.4381 -5.62675
0 0 82 -2.97553 22.7807 -0.179415 -10.9355
0 0 83 -1.21473 23.6775 -1.83422 -18.4507
0 0 84 -1.86969 8.50819 -2.24792 -13.486
0 0 85 0.161635 -5.28177 -1.11024 -2.48867
0 0 86 3.26557 2.44074 -3.45495 2.20006
0 0 87 -7.56024 3.6474 -9.83203 1.92413
0 0 88 -11.9029 9.09445 -7.17826 11.8177
0 0 89 -8.55692 8.19832 1.26854 15.9557
0 0 90 -11.3856 5.1298 6.64665 12.2322
0 0 91 -14.1098 -3.55778 -5.90187 9.71523
0 0 92 -14.0386 2.6134 -19.1062 2.78548
0 0 93 -6.07472 12.1971 -11.763 -5.83343
0 0 94 2.54417 13.6454 -4.14364 -7.10814
0 0 95 -0.388911 10.439 3.71667 0.476282
0 0 96 7.02447 8.50819 7.36941 4.06127
0 0 97 11.2627 5.44033 2.92334 1.44151
0 0 98 7.78385 -7.6603 -3.7993 7.09547
0 0 99 -4.97363 -16.6925 -7.69538 16.5757
0 0 100 -9.90481 6.12966 0.924193 17.6795
0 0 101 -14.3139 -0.903512 0.268355 3.78534
0 0 102 -3.49285 -1.83378 9.92097 3.02679
0 0 103 -2.24938 1.23408 3.30297 -2.72997
0 0 104 -4.7648 0.924207 -13.4872 -7.76389
0 0 105 -1.56119 -2.17911 -24.2422 -11.4528
0 0 106 0.783372 -4.14404 -10.6254 -9.83178
0 0 107 5.9566 -6.6263 -14.693 2.78548
0 0 108 5.02637 -8.24656 5.88739 8.8528
0 0 109 -0.00922411 -3.93724 10.7131 2.40674
0 0 110 6.09424 -0.11045 5.23277 1.02707
0 0 111 6.16069 1.71661 -1.52394 5.06113
0 0 112 3.92053 -0.0415171 -0.868105 -0.247641
0 0 113 -0.113638 -16.21 5.12934 -9.07323
0 0 114 -5.79945 -7.0051 8.54237 -0.351523
0 0 115 -6.21236 -1.93751 12.0235 1.64819
0 0 116 0.161635 7.74992 17.4017 5.47449
0 0 117 -1.76528 15.955 13.2306 3.78534
0 0 118 -1.9741 14.231 11.9895 -6.31605
0 0 119 1.98888 5.37139 14.5751 -0.868765
0 0 120 -5.17771 7.02579 7.43876 9.71523
0 0 121 -0.592992 5.71606 10.8518 8.92205
0 0 122 3.57882 2.78541 8.43773 1.37226
0 0 123 2.74825 -5.1439 4.26665 -3.48852
0 0 124 2.57739 -8.24656 2.33686 1.85487
0 0 125 10.7454 -2.59271 7.71375 1.16558
0 0 126 7.50857 5.85393 5.16463 -1.76474
0 0 127 0.645736 3.71634 6.68072 -0.282269
0 0 128 -3.00875 3.57847 2.61185 1.68282
0 0 129 -7.04292 0.578883 -1.42052 3.92385
0 0 130 -0.768598 1.16515 -1.93764 -2.55792
0 0 131 -4.62716 3.13007 -2.79911 -8.62524
0 0 132 -6.63001 13.7143 -8.45343 -5.28156
0 0 133 6.29832 15.7823 -11.0731 -1.2475
0 0 134 9.06054 3.47474 -16.0035 -0.247641
0 0 135 2.74825 -6.14311 -16.9014 -5.04025
0 0 136 -9.42071 0.30315 -6.04058 -2.59255
0 0 137 -9.8004 6.68113 -0.386265 3.19992
0 0 138 -7.69788 1.71661 3.81888 3.88922
0 0 139 -6.55882 2.13021 10.2653 0.544454
0 0 140 -2.90434 -1.24818 11.7133 0.92427
0 0 141 2.71503 1.78555 13.2306 -4.55764
0 0 142 3.67848 2.1998 7.43876 -8.17725
0 0 143 -0.768598 -0.420322 14.6432 -5.72955
0 0 144 -3.38844 -6.52257 6.99099 -3.55778
0 0 145 1.7848 -10.5214 -1.86829 7.12902
0 0 146 -3.63049 -8.17762 5.12934 5.68117
0 0 147 -13.1084 -4.55764 4.95656 2.20006
0 0 148 -17.6599 3.57847 9.64476 1.26838
0 0 149 -4.59394 17.9199 6.61136 -1.73012
0 0 150 10.1616 19.1607 -3.24688 -2.48867
0 0 151 9.88636 1.88927 -6.17808 -0.971565
0 0 152 2.54417 -10.763 -9.45361 -2.6618
0 0 153 -12.0073 -6.6263 -8.21129 -4.76432
0 0 154 -19.5536 -2.66164 -15.6579 0.579081
0 0 155 -11.0059 3.889 -10.9697 0.234974
0 0 156 1.37189 12.5418 6.37044 -2.48867
0 0 157 4.92196 12.5076 6.09424 -0.592831
0 0 158 11.1251 9.54285 -1.21367 0.372401
0 0 159 8.2632 -1.24818 -3.52309 -0.214096
0 0 160 -6.34999 5.81913 -12.4529 -5.38544
0 0 161 -9.83362 10.8526 -10.4538 -16.2443
0 0 162 -6.45441 -2.48898 -8.28065 -6.55735
0 0 163 -2.21615 -7.48763 -3.83337 -9.03969
0 0 164 -6.11269 -7.34977 0.820768 -7.66001
0 0 165 -2.49143 -2.35111 -3.90272 1.37226
0 0 166 5.92338 1.23408 -1.24774 2.30286
0 0 167 7.19533 -2.24804 -5.21196 -4.45375
0 0 168 -4.35189 -11.0387 -6.86677 -2.93665
0 0 169 -13.9342 -13.6936 -0.937461 5.23318
0 0 170 -6.55882 3.57847 3.47454 0.509827
0 0 171 -5.07804 14.8514 4.88842 2.37212
0 0 172 -8.59489 7.54312 7.88653 6.71566
0 0 173 -3.73015 1.88927 7.43876 12.1976
0 0 174 -0.180083 9.43912 0.854837 6.75028
0 0 175 -2.11174 8.57712 3.88824 12.4389
0 0 176 -8.55692 1.06207 9.74819 9.47392
0 0 177 -12.9043 -3.28204 3.09491 3.44123
0 0 178 -8.59489 0.613678 -8.76371 -5.24693
0 0 179 -7.45583 -4.14404 -4.73012 -3.4539
0 0 180 -6.38796 -6.66043 -3.41967 4.26795
0 0 181 -1.35237 1.61354 1.99251 7.61272
0 0 182 -3.07519 5.44033 0.130861 4.99188
0 0 183 -1.04387 -1.24818 5.88739 0.751135
0 0 184 5.05959 -5.3507 12.3338 -1.86862
0 0 185 4.61346 0.682612 9.36856 -2.24736
0 0 186 5.50573 8.47405 0.407067 -0.971565
0 0 187 4.19581 5.68127 1.16511 3.81996
0 0 188 -3.83457 -0.799784 -5.0404 4.47463
0 0 189 -5.21568 -1.38605 -4.76419 -0.110215
0 0 190 -1.07709 7.16366 5.12934 2.50954
0 0 191 1.40511 8.74979 6.99099 -0.93802
0 0 192 -2.69551 1.09621 5.74867 -4.45375
0 0 193 -4.69836 -0.489256 6.88757 3.88922
0 0 194 0.508099 0.820478 -4.66077 8.19813
0 0 195 5.50573 2.44074 -5.21196 1.9923
0 0 196 5.64336 -2.14431 4.71564 -0.971565
0 0 197 0.57929 -7.0399 9.3357 -4.83357
0 0 198 1.64716 2.64754 7.43876 -8.79838
0 0 199 2.16448 -6.00524 4.06102 -3.93651
0 0 200 -6.28355 -1.69592 5.12934 1.0617
0 0 201 7.88826 3.82006 4.16323 7.61272
0 0 202 9.85314 5.16459 1.64817 6.6464
0 0 203 3.85409 3.19901 0.820768 1.33763
0 0 204 0.612513 9.74965 -3.90272 -1.04082
0 0 205 11.1963 3.95793 -14.0725 -2.59255
0 0 206 4.88874 1.75141 -8.66028 5.30244
0 0 207 -7.62669 1.88927 -2.4207 -1.55806
0 0 208 -8.90339 -0.489256 3.02555 -5.9016
0 0 209 14.3334 -1.04138 4.19973 -4.10965
0 0 210 66.6685 -5.86737 2.95619 -13.2447
0 0 211 157.817 -10.3146 14.1614 -40.1013
0 0 212 242.074 -16.3479 33.261 -53.2358
0 0 213 287.585 -0.144589 36.4672 -44.1007
0 0 214 291.481 7.50833 37.2252 -28.6213
0 0 215 267.001 -0.592984 40.4667 -31.6544
0 0 216 233.251 -3.90244 48.602 -37.8256
0 0 217 201.566 6.75006 55.2553 -28.7934
0 0 218 170.575 8.06045 55.4986 -19.7611
0 0 219 132.34 7.68099 49.5328 -17.4162
0 0 220 101.177 -0.455117 39.604 -5.38544
0 0 221 80.8688 -6.6263 22.9185 -1.52343
0 0 222 70.1806 -7.2467 11.4395 0.92427
0 0 223 52.6011 3.47474 11.8508 8.37018
0 0 224 39.4307 8.09459 0.613917 3.75071
0 0 225 33.1896 5.957 1.75159 6.85417
0 0 226 23.7449 1.85448 11.8873 5.78505
0 0 227 16.436 -3.48884 6.78293 0.889643
0 0 228 15.8522 -9.86682 3.40518 -3.66166
0 0 229 11.3671 -10.5562 3.95759 -4.31633
0 0 230 0.750149 -11.9348 -1.35116 -9.86641
0 0 231 2.5062 -10.2804 -6.38493 -14.7618
0 0 232 6.50715 -9.28056 -1.69672 -15.0031
0 0 233 8.54322 -4.59178 1.30261 -8.52244
0 0 234 5.33487 -1.35125 -3.14346 -3.55778
0 0 235 2.23093 1.57875 -4.55734 7.37141
0 0 236 -1.01065 -1.86858 -8.28065 4.16515
0 0 237 -5.38654 -7.55657 -7.97037 -0.592831
0 0 238 -6.42118 -5.93631 -5.14382 4.13053
0 0 239 -2.59584 6.19859 -6.10872 -1.31675
0 0 240 0.854563 10.4042 -1.86829 -6.10936
0 0 241 1.19628 1.85448 -2.4207 -6.76403
0 0 242 -0.972679 3.027 4.33722 -7.86669
0 0 243 -0.868265 7.37046 4.68157 -3.90297
0 0 244 -3.76812 3.19901 -7.48853 -1.00619
0 0 245 -2.07852 3.57847 -9.17741 -6.59198
0 0 246 -0.0424467 12.7834 -7.9363 -7.17739
0 0 247 5.40606 8.09459 -2.35134 2.06156
0 0 248 0.304017 -1.62698 1.75159 5.47449
0 0 249 0.854563 -4.0751 1.23447 3.26809
0 0 250 3.74967 -5.38484 1.02762 -3.21259
0 0 251 2.06007 -0.420322 1.33789 -8.52244
0 0 252 -10.0757 5.50926 7.57626 1.40689
0 0 253 -11.248 -1.93751 12.6782 10.0258
0 0 254 -4.10984 -6.34991 14.2989 9.09411
0 0 255 -3.63049 -6.69523 13.9193 7.33678
0 0 256 2.92386 -4.45391 12.8509 3.81996
0 0 257 9.85314 -2.97151 3.47454 -4.14428
0 0 258 13.6073 -8.6943 1.23447 -4.38558
0 0 259 11.5427 -6.1779 3.13019 -6.28142
0 0 260 7.75062 -0.661917 9.47198 -5.28156
0 0 261 9.19818 6.64699 4.88842 -1.07545
0 0 262 7.64621 5.09566 -3.04125 -3.10979
0 0 263 17.2618 -3.38511 2.40622 6.09561
0 0 264 19.5399 -9.90096 12.3338 5.40632
0 0 265 13.2276 -3.76458 17.2982 3.16529
0 0 266 13.09 -3.00631 12.1963 4.0959
0 0 267 16.5736 -4.76444 13.0237 5.57837
0 0 268 16.1275 5.30246 11.8167 -0.903393
0 0 269 9.7155 8.64606 9.3357 -3.28184
0 0 270 0.0951898 -3.04045 12.6441 -10.1077
0 0 271 -4.52275 -10.4183 12.1623 -8.59061
0 0 272 -6.66323 -5.83323 4.51001 -4.79894
0 0 273 -2.24938 -9.31535 1.57881 -9.48767
0 0 274 5.57692 -15.176 -4.45392 -0.93802
0 0 275 7.33297 -7.6255 -11.1766 9.16336
0 0 276 5.30164 1.99235 -7.17826 6.33692
0 0 277 -3.76812 4.3026 -11.763 0.0272114
0 0 278 -6.42118 2.8202 -5.76438 -1.76474
0 0 279 6.54037 3.92314 2.78585 -5.21231
0 0 280 14.3334 -4.14404 0.166147 -9.79823
0 0 281 3.71645 -7.4187 -2.04107 -7.83315
0 0 282 2.5062 -3.90244 0.992332 -4.24707
0 0 283 4.92196 -0.455117 6.95571 -0.764884
0 0 284 3.06149 -11.8659 12.5066 -1.69657
0 0 285 0.128412 -14.3481 3.33583 -0.110215
0 0 286 2.19771 -10.3494 4.57814 -3.55778
0 0 287 8.95613 -6.3847 6.26702 0.992443
0 0 288 6.23188 -12.2112 -3.00596 8.50869
0 0 289 -3.14639 -5.79844 -5.4541 5.95711
0 0 290 -1.14828 1.71661 -4.79948 -2.14456
0 0 291 2.19771 -0.765646 -3.69587 7.78477
0 0 292 1.95565 -4.62657 -7.6601 13.5415
0 0 293 -0.630961 3.50954 4.74971 11.3698
0 0 294 -0.55977 3.6822 8.40366 13.1628
0 0 295 -0.868265 -6.21204 1.02762 11.267
0 0 296 -3.04197 -17.5887 -1.00682 8.75
0 0 297 2.40653 -14.1072 -2.28199 10.3353
0 0 298 8.50525 -0.386184 -3.3856 16.3691
0 0 299 14.3002 2.54447 -1.73079 11.5429
0 0 300 11.7136 0.751545 -7.34982 1.26838
0 0 301 6.2651 -11.2803 -16.9014 2.54417
0 0 302 -3.28402 -5.90217 -11.1425 0.613708
0 0 303 -4.24748 -2.42005 0.613917 0.648335
0 0 304 -1.56119 -4.17818 0.371781 -8.86655
0 0 305 -1.62764 -2.28218 -6.62585 -3.4539
0 0 306 -1.38559 -2.76471 0.0627218 -2.04068
0 0 307 -0.972679 -5.93631 6.78293 -5.17768
0 0 308 3.71645 -6.52257 12.0929 -1.76474
0 0 309 6.50715 -7.07403 -1.00682 6.3023
0 0 310 10.5745 -2.21325 -2.9719 3.68254
0 0 311 12.5062 -2.90258 7.95711 -1.07545
0 0 312 12.1597 -5.00603 -5.07447 -3.00591
0 0 313 4.61346 -6.5915 -10.7981 -1.00619
0 0 314 6.06102 0.372083 -6.97019 -1.76474
0 0 315 6.71598 8.68085 -1.35116 -6.07474
0 0 316 12.473 0.475811 7.78311 -9.6251
0 0 317 10.3325 -10.1767 9.3357 -8.55707
0 0 318 10.1284 -9.28056 4.74971 -1.04082
0 0 319 7.0577 3.33687 2.50964 11.9563
0 0 320 2.68181 -1.24818 3.2689 0.613708
0 0 321 -4.45631 -8.14283 4.74971 -5.69492
0 0 322 -6.66323 -15.6585 4.88842 1.09632
0 0 323 -3.9722 -19.2437 8.81858 2.68268
0 0 324 -2.66229 -10.2456 14.782 1.09632
0 0 325 -9.21188 -0.730851 8.67987 -8.108
0 0 326 -13.659 0.50995 4.99063 -10.3836
0 0 327 -3.52607 -2.59271 6.16481 -0.662085
0 0 328 6.16069 -0.248317 4.33722 8.37018
0 0 329 10.6457 -0.0756555 6.12831 4.23333
0 0 330 8.64289 -7.59136 6.61136 2.82011
0 0 331 5.40606 -10.4183 3.81888 8.0607
0 0 332 2.40653 4.44046 3.33583 5.57837
0 0 333 -2.55787 13.5068 3.19955 0.234974
0 0 334 -5.32009 3.6474 2.71649 -5.35081
0 0 335 -11.3524 -6.52257 1.54474 -0.971565
0 0 336 -9.17866 -10.2456 -3.04125 5.37169
0 0 337 1.26747 -4.97124 -4.04022 9.30187
0 0 338 2.43976 2.99221 -5.55753 9.09411
0 0 339 0.370463 3.6822 -6.93612 7.99145
0 0 340 0.33724 -0.627122 -2.9719 8.78463
0 0 341 -5.28212 -6.7983 1.78566 5.0265
0 0 342 -9.97126 -1.69592 -0.799966 0.0964657
0 0 343 -13.901 3.8542 -9.86731 1.82025
0 0 344 -13.9722 3.82006 -16.5559 4.75057
0 0 345 -10.5218 7.95672 -10.5901 6.75028
0 0 346 -8.55692 7.81886 1.30261 1.95876
0 0 347 -6.83409 7.78406 5.71582 -9.34916
0 0 348 -8.11079 8.16352 12.4044 -15.107
0 0 349 -10.8683 5.71606 14.2308 -10.9009
0 0 350 -8.31487 6.61219 5.92146 -3.3511
0 0 351 -0.180083 2.23394 -3.28217 3.54403
0 0 352 4.33344 -0.661917 -4.14364 4.95725
0 0 353 -0.146861 -0.00672214 -6.0053 3.75071
0 0 354 -5.69503 2.26874 -10.9697 0.407028
0 0 355 -9.3163 3.40581 -6.419 -3.79909
0 0 356 -8.8322 4.061 -0.28284 1.33763
0 0 357 -3.80135 3.6822 1.26854 8.81925
0 0 358 -0.972679 -0.489256 1.23447 8.88743
0 0 359 2.47298 -6.04003 -0.834036 7.2329
0 0 360 10.3705 -9.90096 -7.76352 7.19827
0 0 361 10.0572 -12.6248 -9.45361 7.8194
0 0 362 2.02685 -10.2804 -1.55801 5.37169
0 0 363 -0.180083 -11.6591 5.61118 3.19992
0 0 364 2.19771 -8.9011 7.05913 3.85459
0 0 365 1.43833 -0.351389 5.99203 2.26824
0 0 366 0.0239985 7.19846 7.47405 -1.90325
0 0 367 0.612513 9.68071 8.81858 -4.00577
0 0 368 -2.87111 4.2678 3.78603 -2.35124
0 0 369 0.0951898 2.68234 0.510492 1.68282
0 0 370 7.78385 0.958345 0.751412 3.95739
0 0 371 5.02637 -1.90272 -3.45495 5.95711
0 0 372 -1.59442 1.85448 -10.9697 1.71745
0 0 373 -5.04007 1.57875 -7.41918 -4.14428
0 0 374 -4.7648 2.30287 -6.62585 -0.38615
0 0 375 -2.93756 7.78406 -4.35049 1.8895
0 0 376 -1.83647 10.9215 -0.868105 1.47614
0 0 377 -6.55882 6.40539 -3.6618 4.06127
0 0 378 -8.87016 4.3026 -8.625 12.7494
0 0 379 -2.69551 6.99166 -9.00463 10.4392
0 0 380 -2.38701 5.99179 -4.10957 1.95876
0 0 381 -4.42308 -0.765646 3.50861 -0.247641
0 0 382 -2.90434 -3.38511 7.30249 -3.48852
0 0 383 3.2988 0.200078 1.99251 -6.45347
0 0 384 5.57692 -1.59285 -4.17771 -7.48796
0 0 385 1.05864 -4.24711 0.0627218 -5.62675
0 0 386 3.64526 -3.31618 -2.14449 -2.38587
0 0 387 5.05959 -7.48763 -6.86677 -1.35138
0 0 388 2.16448 -10.8319 -7.14297 -2.86848
0 0 389 -2.32057 -10.3835 -3.76523 -6.24679
0 0 390 -2.49143 -8.66016 1.23447 -7.90132
0 0 391 -5.90386 -8.79803 -2.69569 -8.45319
0 0 392 -4.00543 -4.93644 1.71631 -6.45347
0 0 393 -0.592992 6.40539 6.74886 -0.868765
0 0 394 -0.526547 9.85272 1.78566 0.509827
0 0 395 -3.83457 5.957 -5.31539 -0.696712
0 0 396 -8.49048 10.4731 -5.28132 1.78562
0 0 397 -10.2133 16.4027 0.371781 0.579081
0 0 398 -4.0434 8.23246 4.64628 -3.17796
0 0 399 2.2689 1.92341 6.61136 -4.52301
0 0 400 2.54417 1.64768 6.50915 -4.93637
0 0 401 -5.76622 -2.17911 2.37215 -2.69535
0 0 402 -6.69646 -3.45405 -0.52376 -6.31605
0 0 403 -2.93756 -6.10897 -4.52327 -7.97057
0 0 404 -0.868265 -10.694 -4.10957 -5.97086
0 0 405 -7.04292 -5.66057 3.23362 1.02707
0 0 406 -11.5564 2.75127 7.40348 4.02664
0 0 407 -10.6594 4.81927 1.82095 1.57894
0 0 408 -6.42118 1.82034 1.51067 0.0272114
0 0 409 -8.79897 -1.31711 2.37215 3.37198
0 0 410 -8.45725 -6.31577 -0.593116 3.44123
0 0 411 -1.86969 -7.0399 -4.86762 1.50969
0 0 412 -1.28592 -5.3507 -4.90169 -2.42049
0 0 413 -6.31677 -5.79844 -7.83288 -2.62717
0 0 414 -6.42118 -2.07538 -8.35001 -2.86848
0 0 415 -3.73015 2.1998 -2.11042 -4.35096
0 0 416 -4.21425 5.957 3.88824 -2.24736
0 0 417 -8.17724 1.95821 3.06084 -4.52301
0 0 418 -8.07757 -3.31618 -1.83422 -3.76446
0 0 419 -5.28212 -6.31577 -5.62566 -2.24736
0 0 420 1.37189 -4.45391 -3.17875 4.0959
0 0 421 5.54369 -2.48898 -0.627185 6.23304
0 0 422 5.74778 5.85393 -0.593116 6.50898
0 0 423 1.98888 10.0254 -0.903391 3.06141
