0 0 0 -0.00644007
0 0 1 -0.00644007
0 0 2 -0.00644007
0 0 3 -0.00644007
0 0 4 -0.00644007
0 0 5 -0.00644007
0 0 6 -0.00644007
0 0 7 -0.00644007
0 0 8 -0.00644007
0 0 9 -0.00644007
0 0 10 -0.00644007
0 0 11 -0.00644007
0 0 12 -0.00644007
0 0 13 -0.00644007
0 0 14 -0.00644007
0 0 15 -0.00644007
0 0 16 -0.00644007
0 0 17 -0.00644007
0 0 18 -0.00644007
0 0 19 -0.00644007
0 0 20 -0.00644007
0 0 21 -0.00644007
0 0 22 -0.00644007
0 0 23 -0.00644007
0 0 24 -0.00644007
0 0 25 -0.00644007
0 0 26 -0.00644007
0 0 27 -0.00644007
0 0 28 -0.00644007
0 0 29 -0.00644007
0 0 30 -0.00644007
0 0 31 -0.00644007
0 0 32 -0.00644007
0 0 33 -0.00644007
0 0 34 -0.00644007
0 0 35 -0.00644007
0 0 36 -0.00644007
0 0 37 -0.00644007
0 0 38 -0.00644007
0 0 39 -0.00644007
0 0 40 -0.00644007
0 0 41 -0.00644007
0 0 42 -0.00644007
0 0 43 -0.00644007
0 0 44 -0.00644007
0 0 45 -0.00644007
0 0 46 -0.00644007
0 0 47 -0.00644007
0 0 48 -0.00644007
0 0 49 -0.00644007
0 0 50 -0.00644007
0 0 51 -0.00644007
0 0 52 -0.00644007
0 0 53 -0.00644007
0 0 54 -0.00644007
0 0 55 -0.00644007
0 0 56 -0.00644007
0 0 57 -0.00644007
0 0 58 -0.00644007
0 0 59 -0.00644007
0 0 60 -0.00644007
0 0 61 -0.00644007
0 0 62 -0.00644007
0 0 63 -0.00644007
0 0 64 -0.00644007
0 0 65 -0.00644007
0 0 66 -0.00644007
0 0 67 -0.00644007
0 0 68 -0.00644007
0 0 69 -0.00644007
0 0 70 -0.00644007
0 0 71 -0.00644007
0 0 72 -0.00644007
0 0 73 -0.00644007
0 0 74 -0.00644007
0 0 75 -0.00644007
0 0 76 -0.00644007
0 0 77 -0.00644007
0 0 78 -0.00644007
0 0 79 -0.00644007
0 0 80 -0.00644007
0 0 81 -0.00644007
0 0 82 -0.00644007
0 0 83 -0.00644007
0 0 84 -0.00644007
0 0 85 -0.00644007
0 0 86 -0.00644007
0 0 87 -0.00644007
0 0 88 -0.00644007
0 0 89 -0.00644007
0 0 90 -0.00644007
0 0 91 -0.00644007
0 0 92 -0.00644007
0 0 93 -0.00644007
0 0 94 -0.00644007
0 0 95 -0.00644007
0 0 96 -0.00644007
0 0 97 -0.00644007
0 0 98 -0.00644007
0 0 99 7.6077
0 0 100 4.68569
0 0 101 3.70782
0 0 102 3.42606
0 0 103 3.23048
0 0 104 3.19733
0 0 105 2.32885
0 0 106 -0.354496
0 0 107 -3.90633
0 0 108 -5.45932
0 0 109 -3.60136
0 0 110 0.558737
0 0 111 4.68569
0 0 112 6.84861
0 0 113 5.97847
0 0 114 3.52384
0 0 115 1.65594
0 0 116 1.11231
0 0 117 0.95983
0 0 118 0.46095
0 0 119 -0.951164
0 0 120 -3.34115
0 0 121 -5.93831
0 0 122 -7.44821
0 0 123 -7.45816
0 0 124 -5.9698
0 0 125 -3.24336
0 0 126 0.13444
0 0 127 2.78464
0 0 128 3.54539
0 0 129 2.10013
0 0 130 -0.516922
0 0 131 -2.64669
0 0 132 -2.60194
0 0 133 -0.550071
0 0 134 1.34103
0 0 135 1.17695
0 0 136 -0.137375
0 0 137 -0.941219
0 0 138 -0.528524
0 0 139 0.644922
0 0 140 1.81837
0 0 141 1.89461
0 0 142 0.711218
0 0 143 -0.679349
0 0 144 -0.994256
0 0 145 -0.538469
0 0 146 -0.266653
0 0 147 -0.235163
0 0 148 0.580283
0 0 149 2.06864
0 0 150 2.77469
0 0 151 1.31949
0 0 152 -1.0274
0 0 153 -1.96218
0 0 154 -1.24453
0 0 155 -0.354496
0 0 156 0.515644
0 0 157 1.68743
0 0 158 2.79624
0 0 159 2.88243
0 0 160 1.66589
0 0 161 -0.440681
0 0 162 -2.46106
0 0 163 -3.62457
0 0 164 -3.20027
0 0 165 -1.62573
0 0 166 -0.158922
0 0 167 0.308468
0 0 168 0.32007
0 0 169 0.928339
0 0 170 2.92718
0 0 171 5.51108
0 0 172 6.71767
0 0 173 5.39174
0 0 174 3.1443
0 0 175 2.06864
0 0 176 2.61061
0 0 177 3.18739
0 0 178 2.39349
0 0 179 0.515644
0 0 180 -0.657802
0 0 181 -0.409191
0 0 182 0.308468
0 0 183 0.482496
0 0 184 0.53719
0 0 185 0.699617
0 0 186 0.613431
0 0 187 0.155986
0 0 188 0.0913471
0 0 189 0.308468
0 0 190 -0.158922
0 0 191 -1.70197
0 0 192 -3.0163
0 0 193 -3.04779
0 0 194 -2.33179
0 0 195 -2.1677
0 0 196 -2.42957
0 0 197 -2.50581
0 0 198 -2.32018
0 0 199 -2.42957
0 0 200 -3.00469
0 0 201 -3.69915
0 0 202 -3.71075
0 0 203 -3.17872
0 0 204 -2.49421
0 0 205 -1.76661
0 0 206 -0.908071
0 0 207 -0.321348
0 0 208 0.296866
0 0 209 1.13386
0 0 210 1.6344
0 0 211 1.31949
0 0 212 1.52501
0 0 213 2.79624
0 0 214 3.25203
0 0 215 1.18855
0 0 216 -1.60418
0 0 217 -2.20085
0 0 218 -0.0495327
0 0 219 2.45979
0 0 220 3.55699
0 0 221 3.5023
0 0 222 3.31832
0 0 223 3.17579
0 0 224 2.95867
0 0 225 2.09018
0 0 226 0.384709
0 0 227 -1.71192
0 0 228 -3.34115
0 0 229 -3.7439
0 0 230 -2.73288
0 0 231 -1.70197
0 0 232 -1.78816
0 0 233 -2.63509
0 0 234 -3.35275
0 0 235 -3.92787
0 0 236 -4.19969
0 0 237 -4.01572
0 0 238 -3.77539
0 0 239 -4.30908
0 0 240 -5.10132
0 0 241 -5.05823
0 0 242 -3.51518
0 0 243 -0.734043
0 0 244 2.94872
0 0 245 6.20719
0 0 246 7.22815
0 0 247 5.60887
0 0 248 3.33987
0 0 249 2.32885
0 0 250 2.92718
0 0 251 3.57854
0 0 252 3.20894
0 0 253 2.01394
0 0 254 0.67807
0 0 255 -0.47383
0 0 256 -0.571617
0 0 257 0.568681
0 0 258 2.04709
0 0 259 2.90397
0 0 260 2.72
0 0 261 1.11231
0 0 262 -1.0705
0 0 263 -2.77597
0 0 264 -3.56987
0 0 265 -3.59142
0 0 266 -2.5804
0 0 267 -0.853377
0 0 268 0.895191
0 0 269 1.9493
0 0 270 2.06864
0 0 271 1.17695
0 0 272 -0.376043
0 0 273 -2.11467
0 0 274 -3.34115
0 0 275 -3.34115
0 0 276 -1.58098
0 0 277 1.30789
0 0 278 3.73102
0 0 279 4.21996
0 0 280 3.13269
0 0 281 1.9493
0 0 282 1.72058
0 0 283 1.64434
0 0 284 0.547135
0 0 285 -1.5064
0 0 286 -3.09088
0 0 287 -3.28645
0 0 288 -1.89589
0 0 289 0.232227
0 0 290 2.01394
0 0 291 2.7316
0 0 292 2.64376
0 0 293 1.86146
0 0 294 1.01452
0 0 295 0.949886
0 0 296 1.82997
0 0 297 2.60067
0 0 298 2.32885
0 0 299 0.373107
0 0 300 -2.62515
0 0 301 -5.13447
0 0 302 -5.55711
0 0 303 -3.68921
0 0 304 -0.647858
0 0 305 1.9493
0 0 306 3.13269
0 0 307 2.16642
0 0 308 -0.702552
0 0 309 -4.19969
0 0 310 -7.01231
0 0 311 -8.62
0 0 312 -8.57691
0 0 313 -6.3394
0 0 314 -1.98373
0 0 315 2.55757
0 0 316 5.19617
0 0 317 4.88126
0 0 318 2.3504
0 0 319 -0.810284
0 0 320 -2.99309
0 0 321 -3.68921
0 0 322 -3.35275
0 0 323 -3.12403
0 0 324 -2.95
0 0 325 -1.92904
0 0 326 -0.266653
0 0 327 0.427801
0 0 328 -0.299802
0 0 329 -1.26607
0 0 330 -1.20143
0 0 331 -0.506978
0 0 332 -0.354496
0 0 333 -1.57104
0 0 334 -3.22182
0 0 335 -3.46048
0 0 336 -1.06055
0 0 337 2.24267
0 0 338 3.60008
0 0 339 2.42664
0 0 340 0.81895
0 0 341 0.0267081
0 0 342 -0.125774
0 0 343 0.0482545
0 0 344 0.775857
0 0 345 1.5681
0 0 346 1.67749
0 0 347 0.971432
0 0 348 0.384709
0 0 349 0.613431
0 0 350 1.49186
0 0 351 1.51506
0 0 352 -0.2882
0 0 353 -3.12403
0 0 354 -5.28529
0 0 355 -6.06759
0 0 356 -5.80737
0 0 357 -5.13447
0 0 358 -3.71075
0 0 359 -1.24453
0 0 360 0.971432
0 0 361 0.785802
0 0 362 -1.66882
0 0 363 -3.7439
0 0 364 -3.03784
0 0 365 -0.364441
0 0 366 1.95925
0 0 367 3.078
0 0 368 3.8719
0 0 369 4.79508
0 0 370 5.50113
0 0 371 5.30556
0 0 372 4.2299
0 0 373 2.82939
0 0 374 1.67749
0 0 375 0.341616
0 0 376 -1.4401
0 0 377 -2.86382
0 0 378 -2.94006
0 0 379 -2.31024
0 0 380 -1.8644
0 0 381 -1.61413
0 0 382 -1.21303
0 0 383 -1.12519
0 0 384 -1.48319
0 0 385 -1.83125
0 0 386 -1.63567
0 0 387 -1.25613
0 0 388 -0.984312
0 0 389 -0.919673
0 0 390 -0.745645
0 0 391 -0.158922
0 0 392 1.16701
0 0 393 3.03491
0 0 394 4.9691
0 0 395 5.90223
0 0 396 5.7398
0 0 397 5.50113
0 0 398 5.96852
0 0 399 6.34807
0 0 400 5.84919
0 0 401 4.79508
0 0 402 4.51166
0 0 403 5.32711
0 0 404 5.90223
0 0 405 4.55641
0 0 406 1.69903
0 0 407 -0.874923
0 0 408 -1.73346
0 0 409 -0.821886
0 0 410 1.40567
0 0 411 3.53545
0 0 412 4.25145
0 0 413 3.64318
0 0 414 2.85093
0 0 415 1.98079
0 0 416 0.634978
0 0 417 -0.853377
0 0 418 -1.61413
0 0 419 -1.61413
0 0 420 -1.49479
0 0 421 -2.01688
0 0 422 -3.03784
0 0 423 -4.21129
0 0 424 -5.2422
0 0 425 -6.10074
0 0 426 -5.93831
0 0 427 -4.21129
0 0 428 -1.65722
0 0 429 0.210681
0 0 430 0.905135
0 0 431 0.852098
0 0 432 1.03607
0 0 433 1.67749
0 0 434 2.67691
0 0 435 3.97963
0 0 436 5.44644
0 0 437 5.3818
0 0 438 2.62221
0 0 439 -1.84285
0 0 440 -5.57865
0 0 441 -7.14325
0 0 442 -6.83994
0 0 443 -6.06759
0 0 444 -5.41623
0 0 445 -4.74332
0 0 446 -4.41681
0 0 447 -5.42783
0 0 448 -7.05706
0 0 449 -7.93715
0 0 450 -7.87085
0 0 451 -7.58909
0 0 452 -6.90458
0 0 453 -5.6002
0 0 454 -3.84169
0 0 455 -2.29864
0 0 456 -1.5064
0 0 457 -1.84285
0 0 458 -2.67818
0 0 459 -2.83067
0 0 460 -1.17989
0 0 461 2.02554
0 0 462 5.48953
0 0 463 7.72869
0 0 464 8.23917
0 0 465 7.09722
0 0 466 4.77353
0 0 467 2.09018
0 0 468 0.53719
0 0 469 0.809006
0 0 470 1.9493
0 0 471 1.92776
0 0 472 0.232227
0 0 473 -1.72352
0 0 474 -2.38482
0 0 475 -1.84285
0 0 476 -1.51634
0 0 477 -2.9616
0 0 478 -5.37313
0 0 479 -6.66591
0 0 480 -6.61122
0 0 481 -6.84989
0 0 482 -7.4913
0 0 483 -7.5344
0 0 484 -6.61122
0 0 485 -5.33004
0 0 486 -4.21129
0 0 487 -3.56987
0 0 488 -3.00469
0 0 489 -2.38482
0 0 490 -1.77655
0 0 491 -1.95058
0 0 492 -3.21187
0 0 493 -4.67702
0 0 494 -4.78641
0 0 495 -3.48203
0 0 496 -1.74506
0 0 497 -0.669404
0 0 498 -0.777136
0 0 499 -1.88594
0 0 500 -2.46106
0 0 501 -1.5064
0 0 502 0.101292
0 0 503 0.754311
0 0 504 0.547135
0 0 505 0.384709
0 0 506 0.525589
0 0 507 0.330014
0 0 508 0.0151063
0 0 509 0.286922
0 0 510 1.55816
0 0 511 2.87248
0 0 512 2.57912
0 0 513 -0.0395883
0 0 514 -3.04779
0 0 515 -4.26433
0 0 516 -3.80854
0 0 517 -3.72235
0 0 518 -4.72177
0 0 519 -5.9814
0 0 520 -6.72061
0 0 521 -6.96922
0 0 522 -6.67586
0 0 523 -5.73113
0 0 524 -3.97096
0 0 525 -2.00528
0 0 526 -0.702552
0 0 527 -1.04895
0 0 528 -2.61355
0 0 529 -4.17814
0 0 530 -4.98199
0 0 531 -5.45932
0 0 532 -5.55711
0 0 533 -5.04662
0 0 534 -4.01572
0 0 535 -2.9616
0 0 536 -1.8213
0 0 537 -0.908071
0 0 538 -1.16828
0 0 539 -3.13563
0 0 540 -5.6234
0 0 541 -6.91453
0 0 542 -5.88362
0 0 543 -3.20027
0 0 544 -0.734043
0 0 545 0.243829
0 0 546 0.688015
0 0 547 1.55816
0 0 548 2.49128
0 0 549 2.6653
0 0 550 2.32885
0 0 551 1.86146
0 0 552 1.31949
0 0 553 0.296866
0 0 554 -1.31082
0 0 555 -2.89531
0 0 556 -2.9616
0 0 557 -1.0274
0 0 558 1.85152
0 0 559 3.57854
0 0 560 2.94872
0 0 561 0.427801
0 0 562 -2.35333
0 0 563 -4.31902
0 0 564 -4.65548
0 0 565 -3.17872
0 0 566 -0.896469
0 0 567 0.666468
0 0 568 1.29628
0 0 569 1.1985
0 0 570 0.862043
0 0 571 0.883589
0 0 572 1.54655
0 0 573 1.81837
0 0 574 0.797404
0 0 575 -1.4517
0 0 576 -3.48203
0 0 577 -3.91793
0 0 578 -2.43952
0 0 579 -0.397589
0 0 580 0.971432
0 0 581 1.36258
0 0 582 0.916737
0 0 583 -0.190413
0 0 584 -0.810284
0 0 585 -0.33295
0 0 586 0.67807
0 0 587 1.36258
0 0 588 2.43824
0 0 589 5.19617
0 0 590 9.86841
0 0 591 14.7992
0 0 592 19.1118
0 0 593 23.7078
0 0 594 29.7142
0 0 595 36.6339
0 0 596 43.4674
0 0 597 49.5385
0 0 598 54.7428
0 0 599 58.7719
0 0 600 61.9011
0 0 601 64.6607
0 0 602 67.485
0 0 603 70.049
0 0 604 72.5367
0 0 605 75.7074
0 0 606 80.1177
0 0 607 84.8662
0 0 608 88.9169
0 0 609 92.1323
0 0 610 95.2946
0 0 611 98.336
0 0 612 99.9967
0 0 613 98.5531
0 0 614 93.7731
0 0 615 87.0275
0 0 616 80.5089
0 0 617 75.8598
0 0 618 73.5793
0 0 619 72.5251
0 0 620 71.0152
0 0 621 68.1264
0 0 622 64.8447
0 0 623 62.5426
0 0 624 61.7271
0 0 625 61.9011
0 0 626 62.7481
0 0 627 64.0839
0 0 628 65.8872
0 0 629 67.9308
0 0 630 70.2876
0 0 631 72.6776
0 0 632 74.3615
0 0 633 74.5671
0 0 634 74.1875
0 0 635 74.3831
0 0 636 74.9267
0 0 637 74.6002
0 0 638 73.3174
0 0 639 71.6782
0 0 640 70.1136
0 0 641 68.2772
0 0 642 66.2038
0 0 643 64.5513
0 0 644 63.8569
0 0 645 63.2486
0 0 646 61.5
0 0 647 58.2084
0 0 648 54.8505
0 0 649 53.1136
0 0 650 53.7102
0 0 651 56.0024
0 0 652 58.5449
0 0 653 59.478
0 0 654 58.5449
0 0 655 56.8394
0 0 656 55.535
0 0 657 54.471
0 0 658 53.2113
0 0 659 51.8755
0 0 660 51.2887
0 0 661 51.907
0 0 662 53.5262
0 0 663 55.1008
0 0 664 56.4367
0 0 665 58.0559
0 0 666 59.9139
0 0 667 60.5006
0 0 668 58.457
0 0 669 53.3638
0 0 670 46.5519
0 0 671 40.4907
0 0 672 37.0035
0 0 673 35.5268
0 0 674 34.8522
0 0 675 33.8097
0 0 676 31.6053
0 0 677 28.1496
0 0 678 24.5763
0 0 679 21.8498
0 0 680 20.2521
0 0 681 18.9494
0 0 682 17.5472
0 0 683 16.3853
0 0 684 15.9511
0 0 685 15.8102
0 0 686 15.3544
0 0 687 13.8976
0 0 688 11.486
0 0 689 8.87893
0 0 690 7.65245
0 0 691 8.59718
0 0 692 10.2148
0 0 693 9.63969
0 0 694 6.84861
0 0 695 4.08902
0 0 696 2.91557
0 0 697 3.51224
0 0 698 5.84919
0 0 699 8.65187
0 0 700 10.5082
0 0 701 10.7916
0 0 702 9.62808
0 0 703 7.2497
0 0 704 4.41387
0 0 705 1.9924
0 0 706 0.515644
0 0 707 -0.516922
0 0 708 -1.34231
0 0 709 -1.29922
0 0 710 0.46095
0 0 711 2.79624
0 0 712 4.06747
0 0 713 4.21996
0 0 714 4.62105
0 0 715 5.39174
0 0 716 5.85913
0 0 717 5.56577
0 0 718 4.78347
0 0 719 3.94814
0 0 720 3.42606
0 0 721 2.74155
0 0 722 1.29628
0 0 723 -1.20143
0 0 724 -3.80854
0 0 725 -5.35159
0 0 726 -5.42783
0 0 727 -4.65548
0 0 728 -3.39584
0 0 729 -2.1677
0 0 730 -1.41855
0 0 731 -0.853377
0 0 732 0.00350439
0 0 733 0.0482545
0 0 734 -1.52794
0 0 735 -3.50358
0 0 736 -4.29747
0 0 737 -3.99251
0 0 738 -2.95
0 0 739 -1.29922
0 0 740 0.470894
0 0 741 1.31949
0 0 742 0.809006
0 0 743 -1.12519
0 0 744 -4.05881
0 0 745 -6.80679
0 0 746 -7.83936
0 0 747 -6.86149
0 0 748 -4.35217
0 0 749 -1.32077
0 0 750 1.40567
0 0 751 3.17579
0 0 752 3.70782
0 0 753 3.02496
0 0 754 1.73218
0 0 755 0.0267081
0 0 756 -1.70197
0 0 757 -2.88536
0 0 758 -3.06933
0 0 759 -2.49421
0 0 760 -1.65722
0 0 761 -0.843432
0 0 762 0.210681
0 0 763 1.06922
0 0 764 0.938284
0 0 765 -0.235163
0 0 766 -1.38541
0 0 767 -1.83125
0 0 768 -1.4401
0 0 769 -0.788738
0 0 770 -0.364441
0 0 771 -0.440681
0 0 772 -0.702552
0 0 773 -0.874923
0 0 774 -0.397589
0 0 775 1.11231
0 0 776 3.20894
0 0 777 4.25145
0 0 778 3.64318
0 0 779 2.24267
0 0 780 1.31949
0 0 781 1.02613
0 0 782 0.797404
0 0 783 -0.419135
0 0 784 -2.31024
0 0 785 -3.28645
0 0 786 -2.38482
0 0 787 -0.636256
0 0 788 1.16701
0 0 789 2.79624
0 0 790 4.14371
0 0 791 5.14313
0 0 792 6.34807
0 0 793 7.59776
0 0 794 7.80328
0 0 795 6.11935
0 0 796 3.26363
0 0 797 0.590228
0 0 798 -0.755589
0 0 799 -1.01746
0 0 800 -1.25613
0 0 801 -1.72352
0 0 802 -1.48319
0 0 803 -0.47383
0 0 804 0.286922
0 0 805 -0.137375
0 0 806 -1.26607
0 0 807 -2.03842
0 0 808 -1.58098
0 0 809 -0.440681
0 0 810 0.568681
0 0 811 1.07916
0 0 812 0.809006
0 0 813 -0.376043
0 0 814 -1.0705
0 0 815 -0.266653
0 0 816 1.37253
0 0 817 2.38355
0 0 818 2.07858
0 0 819 0.482496
0 0 820 -1.31082
0 0 821 -1.8644
0 0 822 -0.712497
0 0 823 0.809006
0 0 824 1.24325
0 0 825 0.222283
0 0 826 -1.26607
0 0 827 -1.95058
0 0 828 -0.984312
0 0 829 0.688015
0 0 830 1.61285
0 0 831 1.35098
0 0 832 0.688015
0 0 833 -0.266653
0 0 834 -1.8097
0 0 835 -3.18867
0 0 836 -2.97155
0 0 837 -1.43016
0 0 838 0.101292
0 0 839 0.785802
0 0 840 1.07916
0 0 841 1.26479
0 0 842 1.24325
0 0 843 0.905135
0 0 844 0.590228
0 0 845 -0.0180419
0 0 846 -1.03901
0 0 847 -1.77655
0 0 848 -1.7981
0 0 849 -1.74506
0 0 850 -1.59258
0 0 851 -1.03901
0 0 852 -0.593163
0 0 853 -1.14674
0 0 854 -2.47267
0 0 855 -4.1135
0 0 856 -5.33004
0 0 857 -5.2422
0 0 858 -3.91793
0 0 859 -2.71133
0 0 860 -1.92904
0 0 861 -0.702552
0 0 862 1.07916
0 0 863 2.07858
0 0 864 1.91616
0 0 865 1.31949
0 0 866 1.00292
0 0 867 0.938284
0 0 868 0.938284
0 0 869 0.308468
0 0 870 -1.23458
0 0 871 -2.83067
0 0 872 -3.00469
0 0 873 -1.8097
0 0 874 -0.397589
0 0 875 0.0366526
0 0 876 -0.69095
0 0 877 -1.90749
0 0 878 -2.34173
0 0 879 -1.84285
0 0 880 -1.0705
0 0 881 -0.440681
0 0 882 0.189134
0 0 883 0.308468
0 0 884 -0.0180419
0 0 885 -0.256709
0 0 886 -0.0826809
0 0 887 0.155986
0 0 888 0.27532
0 0 889 -0.235163
0 0 890 -1.15834
0 0 891 -1.71192
0 0 892 -1.95058
0 0 893 -3.04779
0 0 894 -4.85105
0 0 895 -5.95986
0 0 896 -5.56871
0 0 897 -4.23284
0 0 898 -2.43952
0 0 899 -0.180468
0 0 900 2.49128
0 0 901 4.71884
0 0 902 5.93537
0 0 903 5.81604
0 0 904 4.54481
0 0 905 2.50288
0 0 906 0.634978
0 0 907 -0.440681
0 0 908 -0.385987
0 0 909 0.232227
0 0 910 0.417857
0 0 911 -0.0279864
0 0 912 0.27532
0 0 913 1.83991
0 0 914 3.39291
0 0 915 2.76309
0 0 916 -0.190413
0 0 917 -3.59142
0 0 918 -5.79577
0 0 919 -6.86149
0 0 920 -6.86149
0 0 921 -5.30684
0 0 922 -1.95058
0 0 923 1.9924
0 0 924 4.9575
0 0 925 5.60887
0 0 926 3.8719
0 0 927 1.14546
0 0 928 -0.440681
0 0 929 -0.364441
0 0 930 0.53719
0 0 931 1.02613
0 0 932 0.656524
0 0 933 -0.190413
0 0 934 -0.571617
0 0 935 -0.430737
0 0 936 0.189134
0 0 937 0.938284
0 0 938 1.16701
0 0 939 0.394653
0 0 940 -0.419135
0 0 941 -0.462228
0 0 942 -0.0495327
0 0 943 0.308468
0 0 944 1.06922
0 0 945 2.45979
0 0 946 3.8719
0 0 947 4.29454
0 0 948 3.76251
0 0 949 2.93712
0 0 950 1.9924
0 0 951 0.417857
0 0 952 -0.984312
0 0 953 -1.18983
0 0 954 -0.626311
0 0 955 -0.581561
0 0 956 -1.0705
0 0 957 -1.58098
0 0 958 -1.84285
0 0 959 -2.234
0 0 960 -2.9616
0 0 961 -4.14499
0 0 962 -5.12286
0 0 963 -5.03668
0 0 964 -3.45054
0 0 965 -1.24453
0 0 966 0.308468
0 0 967 0.547135
0 0 968 0.27532
0 0 969 0.00350439
0 0 970 -0.2882
0 0 971 -0.256709
0 0 972 0.830552
0 0 973 2.60067
0 0 974 4.02438
0 0 975 4.08902
0 0 976 2.98021
0 0 977 1.75373
0 0 978 1.6344
0 0 979 2.50288
0 0 980 3.15424
0 0 981 2.60067
0 0 982 1.35098
0 0 983 0.0581989
0 0 984 -0.874923
0 0 985 -1.23458
0 0 986 -1.01746
0 0 987 -1.41855
0 0 988 -2.80912
0 0 989 -4.00411
0 0 990 -3.84169
0 0 991 -2.75443
0 0 992 -1.83125
0 0 993 -1.95058
0 0 994 -2.48261
0 0 995 -2.72294
0 0 996 -2.86382
0 0 997 -3.50358
0 0 998 -4.14499
0 0 999 -3.89472
0 0 1000 -2.78757
0 0 1001 -2.45112
0 0 1002 -3.56987
0 0 1003 -4.99193
0 0 1004 -5.52562
0 0 1005 -5.75268
0 0 1006 -6.14383
0 0 1007 -6.32946
0 0 1008 -5.81898
0 0 1009 -5.04662
0 0 1010 -4.38366
0 0 1011 -3.85163
0 0 1012 -2.99309
0 0 1013 -1.83125
0 0 1014 -0.299802
0 0 1015 1.50346
0 0 1016 2.99181
0 0 1017 3.20894
0 0 1018 2.25261
0 0 1019 1.16701
0 0 1020 -0.00644007
0 0 1021 -0.00644007
0 0 1022 -0.00644007
0 0 1023 -0.00644007
