0 0 0 5.32216 6.85329 -1.47067 -1.95332
0 0 1 1.13037 -0.120931 -6.95198 2.71404
0 0 2 0.881642 -3.17443 -4.72786 0.648078
0 0 3 -3.18974 4.07082 -2.83553 2.08047
0 0 4 0.911252 3.70917 -2.08868 0.467115
0 0 5 0.904343 -2.99361 1.29612 1.31148
0 0 6 1.99004 3.24173 1.67349 -5.88897
0 0 7 2.35918 6.8455 -0.912812 -4.05657
0 0 8 -3.56677 1.58275 2.05026 0.338753
0 0 9 0.972446 3.14374 -2.78266 1.02492
0 0 10 -4.01191 -0.354648 5.23939 0.5574
0 0 11 1.56761 0.534709 0.542593 3.90502
0 0 12 -0.852519 -4.73542 6.43106 -0.400016
0 0 13 -0.815013 -9.27405 6.83031 1.89951
0 0 14 -1.10914 -7.12549 3.73901 0.851417
0 0 15 1.21327 -1.28214 -1.04103 6.48365
0 0 16 -2.49588 -1.98329 -1.05623 7.74293
0 0 17 2.26147 9.95927 -4.38877 -8.89704
0 0 18 2.66811 -0.845045 6.49122 -2.79768
0 0 19 -3.32594 5.96352 0.368795 0.791357
0 0 20 4.40228 1.90708 -0.505663 2.62336
0 0 21 6.66448 -4.41888 7.07156 -4.06442
0 0 22 3.10536 -1.07876 -0.528148 6.0389
0 0 23 0.421699 -0.204167 3.03835 -4.01889
0 0 24 2.90993 -4.56936 1.00261 -2.69954
0 0 25 3.664 -2.84272 2.70656 2.57076
0 0 26 4.87801 6.09145 6.92875 -7.72844
0 0 27 4.7645 3.81455 0.949742 3.88265
0 0 28 -0.943323 -10.0433 2.78191 -2.45067
0 0 29 -2.85811 -3.49139 1.40186 3.40021
0 0 30 -4.13232 3.33973 -3.61944 3.15134
0 0 31 1.25868 5.41326 0.489724 -5.54196
0 0 32 2.70661 -1.94557 0.46724 -3.10661
0 0 33 1.91405 -4.24543 -1.39531 1.20588
0 0 34 -0.196163 -1.95336 -0.573724 -6.16768
0 0 35 0.18778 -2.26252 3.95778 3.86734
0 0 36 5.15634 5.48091 -6.49987 -3.71741
0 0 37 5.7821 -2.47328 -0.00796955 -1.89286
0 0 38 0.753332 -9.37984 0.866489 -9.24405
0 0 39 -4.20043 -3.46883 4.10119 1.86929
0 0 40 -3.47597 -3.15967 -7.7438 -2.45067
0 0 41 4.95302 1.44703 -3.67231 -2.41299
0 0 42 -1.69739 4.50094 -7.81915 -2.07383
0 0 43 3.30177 1.77874 -2.69941 -3.97374
0 0 44 -6.0856 7.9616 -3.58906 6.77767
0 0 45 7.11653 -2.69962 -4.8184 -3.63459
0 0 46 4.51578 -0.0983789 0.610046 -1.01082
0 0 47 3.23367 -3.23512 1.75614 0.459657
0 0 48 2.26147 -4.13964 2.34438 3.72406
0 0 49 0.632918 2.50286 -1.67424 5.05871
0 0 50 2.75892 2.63858 -0.105807 -1.84772
0 0 51 2.41939 1.52247 -0.317281 -13.3379
0 0 52 6.05353 0.557671 -1.47796 7.09445
0 0 53 4.6737 0.519948 1.26635 6.89072
0 0 54 1.86173 -6.47682 4.80976 -0.392558
0 0 55 0.911252 -2.69223 1.1758 4.10875
0 0 56 2.34438 5.63918 -1.74959 0.881642
0 0 57 -0.822909 2.57051 -1.23671 -0.686574
0 0 58 -1.7576 -3.13712 3.50566 7.42615
0 0 59 1.21327 -1.1538 0.399179 3.20394
0 0 60 3.03824 -4.26019 5.85801 0.806274
0 0 61 -1.37267 1.73364 -5.33129 0.512258
0 0 62 1.5528 -0.151273 3.64118 2.3898
0 0 63 -0.467589 2.16335 1.67349 0.29361
0 0 64 1.77883 -4.59191 -0.497763 -7.15571
0 0 65 1.4393 -7.05004 -0.241928 -2.11897
0 0 66 0.753332 -0.467817 -5.50448 3.95802
0 0 67 1.5528 -0.626089 0.957034 3.0532
0 0 68 -0.528783 -1.44041 -8.64074 -2.72231
0 0 69 2.07295 -2.82016 -1.46337 5.72211
0 0 70 3.04515 -4.29792 -3.91356 -8.21126
0 0 71 3.33237 0.376437 -3.37819 -2.11897
0 0 72 3.27117 2.37452 -4.04178 0.874184
0 0 73 6.55098 -1.96074 -4.96182 3.12111
0 0 74 -3.69508 -3.32532 -0.822267 0.112647
0 0 75 -1.38056 5.36036 -0.920104 2.82709
0 0 76 3.33237 -2.4659 -5.81379 1.04769
0 0 77 0.96455 1.5602 -5.3082 -0.17391
0 0 78 9.80117 -3.76283 -5.00678 -4.90133
0 0 79 0.368401 2.65334 -3.9962 -5.5871
0 0 80 0.519413 -9.4475 2.01258 -3.32526
0 0 81 6.30225 6.25751 -2.7146 -7.69075
0 0 82 6.48386 1.32648 -1.71921 -6.16768
0 0 83 12.3417 -6.34889 -1.23671 5.58668
0 0 84 14.5506 -4.5017 -3.18981 0.535025
0 0 85 24.0515 -4.27536 -0.739622 -3.9286
0 0 86 31.1086 -1.47813 -2.92607 -5.39868
0 0 87 26.0344 -11.5587 6.96643 4.62142
0 0 88 27.2178 -8.98006 6.24268 1.68832
0 0 89 33.4527 -12.7273 -5.05965 7.8709
0 0 90 37.2003 -11.5965 -5.15749 -4.61477
0 0 91 36.386 -6.30379 -8.91237 -1.34252
0 0 92 38.3689 -13.5794 0.655622 -2.63163
0 0 93 39.2888 -8.89723 -5.45161 -5.98671
0 0 94 33.3925 -14.9366 -6.7557 0.361521
0 0 95 31.4471 -15.0268 -5.76092 7.49406
0 0 96 29.7583 3.13595 -14.5748 -1.54585
0 0 97 20.3039 -0.0684467 -20.1618 -0.957822
0 0 98 23.6212 -2.82016 -20.5307 6.40828
0 0 99 20.5072 -5.05196 -10.8503 -4.16217
0 0 100 15.6817 -0.51333 -14.9291 0.0298203
0 0 101 11.332 -3.21215 -11.1365 5.02849
0 0 102 13.9703 4.28977 -4.11713 2.07302
0 0 103 12.6891 9.85389 -6.34855 -1.33506
0 0 104 12.4394 7.75781 -2.99352 1.06261
0 0 105 8.12722 4.2295 -3.8455 -12.7047
0 0 106 12.4098 -6.06966 15.6065 8.3082
0 0 107 9.29583 2.92478 1.43954 -5.67032
0 0 108 10.6984 6.29523 -1.82495 -1.06342
0 0 109 12.1532 1.72626 7.07946 5.96353
0 0 110 11.5126 -3.94365 11.4147 5.3225
0 0 111 18.1621 -0.50554 16.1795 3.79943
0 0 112 11.9351 -8.32442 19.2939 -5.71547
0 0 113 21.3747 -6.8315 14.1365 3.76174
0 0 114 21.5781 -12.5994 17.5444 3.61101
0 0 115 22.3923 -5.12741 9.48467 -1.51602
0 0 116 27.5948 -8.33918 11.3618 -0.520528
0 0 117 29.1701 -5.94173 8.06695 -5.95688
0 0 118 33.5129 -16.9117 11.4748 -2.56372
0 0 119 32.6917 -13.3006 6.83821 2.92484
0 0 120 40.7141 -12.5842 9.08482 3.79943
0 0 121 49.4076 -12.5842 3.41512 5.23967
0 0 122 54.8588 -15.7206 0.481824 1.33425
0 0 123 51.119 -12.0791 4.4178 -4.17002
0 0 124 39.8169 -8.52042 7.56925 -4.72036
0 0 125 21.3747 -2.57128 2.17119 -5.36846
0 0 126 17.4692 -5.88884 1.41705 -0.731717
0 0 127 3.588 -2.17929 -4.75034 -0.0530067
0 0 128 4.7043 -4.98431 4.53083 -1.93801
0 0 129 -0.777507 0.791388 1.02509 -0.0306316
0 0 130 -2.90351 3.51317 4.51564 0.512258
0 0 131 -3.929 3.66366 5.42838 -6.26581
0 0 132 -7.92438 0.0221702 4.06352 -1.74213
0 0 133 -4.18562 -5.20285 1.39457 -7.82657
0 0 134 -9.51543 -1.35758 2.34438 -1.87795
0 0 135 -5.9948 3.76206 1.35689 -0.467927
0 0 136 -2.41297 2.32162 0.979518 -3.89092
0 0 137 -1.09433 1.49254 -0.671561 1.71855
0 0 138 -1.6895 5.11147 -4.9764 2.24652
0 0 139 0.112768 3.71655 -4.0114 0.693221
0 0 140 -3.56677 1.57537 -5.68557 1.22119
0 0 141 -4.47876 -9.47005 5.07349 -0.226511
0 0 142 -1.44077 -5.02203 4.53083 -1.23692
0 0 143 -6.52284 1.3191 -2.97104 7.90859
0 0 144 -2.13463 -0.611328 -3.5368 -5.15766
0 0 145 2.72141 1.82426 -1.93068 2.61591
0 0 146 -4.10962 7.36583 -0.158675 -0.995507
0 0 147 -2.866 5.81263 0.270958 6.42359
0 0 148 0.722735 2.44258 -1.04103 3.89011
0 0 149 1.13037 4.66659 -1.63656 0.776048
0 0 150 -6.055 2.68368 -2.73708 -4.81811
0 0 151 -0.777507 1.40931 -1.10119 -6.02479
0 0 152 0.730631 7.185 -4.22287 -4.3129
0 0 153 -9.82436 -3.64228 -3.1971 -7.5777
0 0 154 -4.59227 -1.19152 -0.204252 2.63867
0 0 155 2.13316 -5.22541 3.61079 -4.89348
0 0 156 1.09977 -1.5913 3.62599 -1.59885
0 0 157 -0.452784 -2.14935 2.23864 -0.799627
0 0 158 1.4847 -1.07097 -0.045646 -3.43831
0 0 159 -3.24995 0.436712 5.82763 -4.2077
0 0 160 -1.52368 -3.58159 5.94856 1.01
0 0 161 -3.00122 -0.271822 -5.82837 0.617852
0 0 162 1.75612 1.86936 9.32607 4.17666
0 0 163 -2.8433 3.82972 0.700591 3.16625
0 0 164 -5.42924 -1.22924 -2.02123 4.8173
0 0 165 -5.88919 -4.43364 -1.30477 1.77154
0 0 166 -5.88919 -1.36496 -1.2598 1.74877
0 0 167 -5.41444 0.504777 -1.16926 -3.73272
0 0 168 -5.81417 0.467054 0.625238 0.467115
0 0 169 0.368401 -6.58999 -1.82495 -4.22262
0 0 170 -3.08413 3.48283 -2.97833 0.354062
0 0 171 -0.498186 -0.452646 0.233281 2.05025
0 0 172 -0.686703 -3.88338 1.41705 2.50285
0 0 173 -4.9772 2.10308 0.142736 -0.188827
0 0 174 1.16787 -2.77506 4.51564 -7.38928
0 0 175 4.6283 0.806149 4.64386 -6.43932
0 0 176 -7.50984 -0.837255 -1.52354 0.459657
0 0 177 -3.8984 -7.37438 4.5685 1.83945
0 0 178 2.01275 -1.24442 1.84668 -0.241821
0 0 179 -5.51215 5.69946 4.00336 3.664
0 0 180 -5.72337 5.94097 -3.28035 1.58312
0 0 181 4.42498 -4.00392 2.05816 -0.000405692
0 0 182 -1.21475 2.47252 -3.87588 -10.8574
0 0 183 -0.754806 2.35935 2.47989 0.783899
0 0 184 -2.64689 -10.5107 6.57447 -1.4858
0 0 185 1.80153 0.731114 -6.07753 2.29912
0 0 186 2.60791 -1.53841 -8.20381 -0.211595
0 0 187 1.4995 -5.70022 5.64654 7.38101
0 0 188 1.92984 -0.724086 5.5566 -4.55432
0 0 189 0.0367689 -3.65704 1.74885 -4.30544
0 0 190 -3.15223 -1.07876 4.04103 -5.51173
0 0 191 -1.59178 -0.0983789 -2.90298 2.98529
0 0 192 -0.498186 0.94187 1.38667 -1.90778
0 0 193 1.35639 -1.07876 0.406471 -0.822394
0 0 194 -4.80348 -8.64834 4.31206 1.74877
0 0 195 2.32168 7.51672 -1.01065 6.73252
0 0 196 1.65052 -2.75251 1.19099 1.75623
0 0 197 -3.18283 -5.29347 8.27842 -2.79768
0 0 198 -0.0757492 7.81809 -3.58176 8.94922
0 0 199 -3.14434 3.74689 0.775944 0.474573
0 0 200 -2.88081 -1.12387 0.323826 7.16982
0 0 201 -4.33565 -4.65997 0.157928 1.14583
0 0 202 -0.369876 2.05018 2.50298 8.30074
0 0 203 -1.92342 2.27652 -2.40589 4.29717
0 0 204 2.18547 -3.67959 -5.73844 -7.33668
0 0 205 -3.42366 -6.22834 -3.65712 0.421973
0 0 206 0.70793 -2.76768 1.64311 -0.708949
0 0 207 -5.27132 4.5157 -8.46755 4.38785
0 0 208 1.32678 0.964831 2.8044 3.73937
0 0 209 -1.87012 2.38969 3.64847 -3.08424
0 0 210 -0.920622 6.58185 -2.14155 -3.7025
0 0 211 -0.686703 -7.23087 1.47721 -1.89286
0 0 212 0.564815 3.43773 2.02777 3.31699
0 0 213 -1.03314 2.50286 -4.34319 -0.580979
0 0 214 -1.6895 0.580222 -0.528148 -3.50622
0 0 215 1.43239 2.65334 -9.50791 6.83812
0 0 216 -3.00912 3.58862 1.66559 -1.68168
0 0 217 -1.84742 9.34135 -5.3082 4.14644
0 0 218 5.40507 6.6044 -4.5018 -2.13428
0 0 219 -3.24995 6.32517 0.828812 1.66595
0 0 220 0.949745 7.69754 -4.90105 5.96353
0 0 221 0.904343 -3.91372 -2.42838 2.45771
0 0 222 -2.64689 3.09822 -6.80857 -0.400016
0 0 223 1.76402 -1.41048 4.83224 -3.89092
0 0 224 -0.520887 2.0957 -11.3249 0.648078
0 0 225 2.07295 -4.47136 9.16017 6.71761
0 0 226 -1.32036 0.580222 -2.26248 1.46967
0 0 227 -0.211955 2.31424 5.34513 -2.76745
0 0 228 2.97803 5.23202 0.904165 -1.16155
0 0 229 0.0219639 -0.50554 -2.56389 12.3875
0 0 230 0.225286 -1.26697 -0.528148 -3.74018
0 0 231 0.798734 0.994764 -4.10194 -5.41399
0 0 232 -0.423174 4.02571 -2.66173 1.03238
0 0 233 4.27396 0.693391 -4.54677 -3.35549
0 0 234 4.31246 1.93743 -10.4504 -3.08424
0 0 235 -3.48386 -1.53841 0.210797 0.286152
0 0 236 -5.37595 8.14242 -2.91817 -3.61182
0 0 237 -1.15454 -1.6893 3.69405 -1.86264
0 0 238 1.07707 -2.413 1.68869 0.896952
0 0 239 1.00995 4.2295 1.46992 4.93074
0 0 240 0.353596 -3.46104 4.41051 -0.339564
0 0 241 -0.966024 3.36228 -1.06352 2.90992
0 0 242 0.0140679 -5.61002 -0.762106 6.89072
0 0 243 4.16145 -1.22924 0.180413 1.70363
0 0 244 -0.22676 1.52247 -2.42838 3.47558
0 0 245 4.42498 6.34813 -3.10655 -4.95393
0 0 246 -3.31015 1.39454 -0.309381 5.52623
0 0 247 -5.10452 2.06535 2.22406 -8.33178
0 0 248 2.72832 3.53573 -5.67767 -0.897763
0 0 249 0.949745 -2.33018 9.43181 -3.11446
0 0 250 6.01602 -1.22186 5.93336 2.75173
0 0 251 8.22493 -5.87367 8.61751 -1.6593
0 0 252 6.20454 -9.44011 1.54527 0.0600462
0 0 253 4.31246 -5.27051 2.62331 -9.31942
0 0 254 1.59031 1.16821 -1.66695 -1.8701
0 0 255 2.07986 7.37321 -8.79145 -9.1836
