0 0 0 0.364334
0 0 1 0.28905
0 0 2 4.83949
0 0 3 20.4737
0 0 4 33.1861
0 0 5 23.0439
0 0 6 9.90738
0 0 7 12.1357
0 0 8 19.4425
0 0 9 10.7906
0 0 10 1.82018
0 0 11 0.340476
0 0 12 -0.171137
0 0 13 0.0547151
0 0 14 0.347899
0 0 15 0.0764521
0 0 16 0.596548
0 0 17 -0.127663
0 0 18 -1.39848
0 0 19 -0.237408
0 0 20 -0.477045
0 0 21 0.460825
0 0 22 -0.585199
0 0 23 0.107202
0 0 24 -0.974343
0 0 25 0.906167
0 0 26 0.698341
0 0 27 0.292761
0 0 28 0.609272
0 0 29 -0.875202
0 0 30 -0.769168
0 0 31 0.0329782
0 0 32 -0.238468
0 0 33 -0.00678451
0 0 34 -0.224154
0 0 35 0.496346
0 0 36 -0.918145
0 0 37 -0.601104
0 0 38 -0.00201299
0 0 39 -1.24844
0 0 40 0.32139
0 0 41 -0.703427
0 0 42 -0.361998
0 0 43 -1.40484
0 0 44 0.380239
0 0 45 0.388722
0 0 46 -0.251723
0 0 47 -0.738948
0 0 48 -0.111228
0 0 49 1.10922
0 0 50 1.39869
0 0 51 0.0377497
0 0 52 -0.386386
0 0 53 -0.727285
0 0 54 0.0859951
0 0 55 -0.43145
0 0 56 0.0642582
0 0 57 -0.71403
0 0 58 -1.34811
0 0 59 -0.716681
0 0 60 -0.27346
0 0 61 0.0631978
0 0 62 -0.112288
0 0 63 0.544592
0 0 64 0.25671
0 0 65 0.128939
0 0 66 -0.351395
0 0 67 0.166581
0 0 68 0.743935
0 0 69 0.416291
0 0 70 -0.55657
0 0 71 0.704703
0 0 72 -0.717741
0 0 73 0.438028
0 0 74 -0.130314
0 0 75 -0.728345
0 0 76 0.530277
0 0 77 0.306015
0 0 78 0.370696
0 0 79 0.855801
0 0 80 0.746586
0 0 81 0.621466
0 0 82 0.0499436
0 0 83 -0.373131
0 0 84 0.179835
0 0 85 -0.00678451
0 0 86 0.831943
0 0 87 0.879659
0 0 88 0.692509
0 0 89 0.542471
0 0 90 0.524445
0 0 91 -0.252783
0 0 92 -0.160534
0 0 93 -0.410243
0 0 94 -0.106456
0 0 95 0.627828
0 0 96 0.395614
0 0 97 0.127878
0 0 98 0.0859951
0 0 99 -0.234757
0 0 100 0.720078
0 0 101 -0.0136767
0 0 102 0.41523
0 0 103 -0.387446
0 0 104 -0.119711
0 0 105 -0.531122
0 0 106 -0.445235
0 0 107 0.370696
0 0 108 -0.479695
0 0 109 0.129469
0 0 110 -0.342912
0 0 111 1.27729
0 0 112 0.677664
0 0 113 -0.0873702
0 0 114 -0.15046
0 0 115 0.931615
0 0 116 1.49253
0 0 117 -0.122892
0 0 118 0.869055
0 0 119 -0.297317
0 0 120 0.369636
0 0 121 -0.143568
0 0 122 -0.0438964
0 0 123 0.0955382
0 0 124 0.657518
0 0 125 1.04931
0 0 126 0.530277
0 0 127 -0.720923
0 0 128 -0.000422477
0 0 129 1.32659
0 0 130 -0.567173
0 0 131 -0.0831289
0 0 132 0.07009
0 0 133 -0.0423058
0 0 134 0.297533
0 0 135 0.690918
0 0 136 -0.380024
0 0 137 -0.457959
0 0 138 0.761961
0 0 139 -0.321175
0 0 140 0.674483
0 0 141 -0.145689
0 0 142 -0.64882
0 0 143 0.403036
0 0 144 1.38809
0 0 145 -0.523169
0 0 146 -0.724634
0 0 147 0.243455
0 0 148 -0.693354
0 0 149 -0.0136767
0 0 150 1.24335
0 0 151 -0.363588
0 0 152 0.266253
0 0 153 0.410459
0 0 154 1.03129
0 0 155 -0.250132
0 0 156 -0.0688143
0 0 157 -0.52635
0 0 158 -0.122892
0 0 159 0.562617
0 0 160 -0.601104
0 0 161 -0.68169
0 0 162 -0.27452
0 0 163 -1.22458
0 0 164 -1.55859
0 0 165 0.699401
0 0 166 -0.733116
0 0 167 0.369106
0 0 168 -1.24473
0 0 169 -0.851874
0 0 170 1.08642
0 0 171 -0.737888
0 0 172 0.421062
0 0 173 0.301774
0 0 174 -0.668436
0 0 175 -0.0799479
0 0 176 -0.680099
0 0 177 0.651686
0 0 178 0.976149
0 0 179 -0.434101
0 0 180 0.0536548
0 0 181 0.546182
0 0 182 -0.145689
0 0 183 -0.428269
0 0 184 0.268373
0 0 185 0.16499
0 0 186 -0.113349
0 0 187 -0.565053
0 0 188 -0.58891
0 0 189 -0.654121
0 0 190 0.392433
0 0 191 0.178245
0 0 192 -0.563992
0 0 193 -0.005194
0 0 194 -0.474924
0 0 195 0.496876
0 0 196 0.582234
0 0 197 0.724849
0 0 198 -0.113349
0 0 199 0.310787
0 0 200 -0.577247
0 0 201 -0.420847
0 0 202 -0.602165
0 0 203 -0.347683
0 0 204 0.0859951
0 0 205 -0.769168
0 0 206 0.403036
0 0 207 0.867465
0 0 208 0.849969
0 0 209 0.16287
0 0 210 -0.196585
0 0 211 0.517023
0 0 212 -0.506204
0 0 213 0.472489
0 0 214 -0.189163
0 0 215 0.156508
0 0 216 0.406748
0 0 217 -0.351395
0 0 218 0.474079
0 0 219 0.614044
0 0 220 1.31122
0 0 221 -0.789845
0 0 222 -0.508325
0 0 223 -0.219382
0 0 224 0.747646
0 0 225 0.451282
0 0 226 0.341537
0 0 227 0.385011
0 0 228 0.25777
0 0 229 0.75878
0 0 230 -0.229986
0 0 231 0.461885
0 0 232 -0.860357
0 0 233 -0.550738
0 0 234 0.525505
0 0 235 0.154387
0 0 236 -0.552859
0 0 237 1.23646
0 0 238 0.520734
0 0 239 -0.0343533
0 0 240 1.035
0 0 241 0.364864
0 0 242 0.447571
0 0 243 0.229141
0 0 244 0.530277
0 0 245 0.0223748
0 0 246 -0.389567
0 0 247 -0.390627
0 0 248 2.48819
0 0 249 0.604501
0 0 250 0.269434
0 0 251 0.0117714
0 0 252 0.566328
0 0 253 0.0536548
0 0 254 0.942218
0 0 255 0.0207843
