0 0 0 0.96393
0 0 1 0.98218
0 0 2 0.871165
0 0 3 0.913347
0 0 4 0.917901
0 0 5 0.98691
0 0 6 0.95027
0 0 7 0.99983
0 0 8 0.995788
0 0 9 0.962766
0 0 10 0.929108
0 0 11 0.901186
0 0 12 0.876212
0 0 13 0.865799
0 0 14 0.96626
0 0 15 0.940192
0 0 16 0.819928
0 0 17 0.842325
0 0 18 0.797866
0 0 19 0.844073
0 0 20 0.777005
0 0 21 0.756708
0 0 22 0.913453
0 0 23 0.887543
0 0 24 0.808297
0 0 25 0.780499
0 0 26 0.771604
0 0 27 0.851397
0 0 28 0.887526
0 0 29 0.785247
0 0 30 0.738758
0 0 31 0.701623
0 0 32 0.600562
0 0 33 0.678397
0 0 34 0.651905
0 0 35 0.594191
0 0 36 0.507055
0 0 37 0.510709
0 0 38 0.417378
0 0 39 0.499095
0 0 40 0.443482
0 0 41 0.321753
0 0 42 0.282818
0 0 43 0.255709
0 0 44 0.315699
0 0 45 0.201825
0 0 46 0.13518
0 0 47 0.243654
0 0 48 0.119878
0 0 49 0.107329
0 0 50 0.0665941
0 0 51 0.184016
0 0 52 0.145364
0 0 53 0.0359369
0 0 54 0.0572575
0 0 55 -0.00246839
0 0 56 0.00213813
0 0 57 0.0752424
0 0 58 0.086944
0 0 59 -0.0254304
0 0 60 -0.00534526
0 0 61 0.0906328
0 0 62 0.00856255
0 0 63 -0.0778671
0 0 64 0.0472326
0 0 65 0.0398375
0 0 66 0.0415495
0 0 67 -0.0217417
0 0 68 0.0115277
0 0 69 -0.0398501
0 0 70 0.130062
0 0 71 0.0231587
0 0 72 -0.1422
0 0 73 0.162855
0 0 74 0.025259
0 0 75 0.044744
0 0 76 0.0447087
0 0 77 -0.0171704
0 0 78 0.0185875
0 0 79 -0.139852
0 0 80 -0.0493278
0 0 81 -0.094793
0 0 82 0.0264768
0 0 83 -0.0425857
0 0 84 -0.0561405
0 0 85 -0.00102113
0 0 86 -0.128627
0 0 87 0.0160106
0 0 88 -0.0497338
0 0 89 0.0747482
0 0 90 -0.135652
0 0 91 0.0627818
0 0 92 -0.026913
0 0 93 0.0320187
0 0 94 -0.000579897
0 0 95 0.0227528
0 0 96 0.0408082
0 0 97 -0.114843
0 0 98 -0.0854564
0 0 99 -0.0317842
0 0 100 0.0084743
0 0 101 0.033819
0 0 102 0.0264415
0 0 103 -0.00996944
0 0 104 0.0639997
0 0 105 0.0178991
0 0 106 0.00559743
0 0 107 0.0619523
0 0 108 -0.00188596
0 0 109 -0.0688482
0 0 110 -0.0057159
0 0 111 -0.00335087
0 0 112 -0.0482512
0 0 113 0.118872
0 0 114 -0.0609412
0 0 115 0.0574517
0 0 116 -0.00370386
0 0 117 -0.0492572
0 0 118 0.115342
0 0 119 0.0799725
0 0 120 0.0542571
0 0 121 -0.0267894
0 0 122 -0.0513575
0 0 123 -0.0226065
0 0 124 0.105917
0 0 125 -0.00772795
0 0 126 -0.0637298
0 0 127 0.108018
0 0 128 0.0788605
0 0 129 0.0938979
0 0 130 -0.00172712
0 0 131 -0.0253598
0 0 132 0.0264944
0 0 133 0.0538688
0 0 134 0.0254708
0 0 135 0.0708653
0 0 136 -0.0776906
0 0 137 -0.0219182
0 0 138 -0.076561
0 0 139 -0.0056806
0 0 140 0.0163636
0 0 141 0.0392197
0 0 142 0.0624289
0 0 143 0.115095
0 0 144 0.0333778
0 0 145 -0.0551875
0 0 146 -0.0365143
0 0 147 -0.00610419
0 0 148 -0.0131816
0 0 149 -0.113537
0 0 150 -0.0538108
0 0 151 0.0769367
0 0 152 -0.0133052
0 0 153 0.0563221
0 0 154 0.00612692
0 0 155 0.0112806
0 0 156 -0.0187412
0 0 157 0.0425908
0 0 158 0.0328483
0 0 159 0.12069
0 0 160 -0.00488638
0 0 161 -0.037891
0 0 162 -0.0919867
0 0 163 -0.0362319
0 0 164 -0.0399913
0 0 165 0.00603867
0 0 166 0.0340308
0 0 167 0.0471973
0 0 168 -0.115761
0 0 169 -0.0174352
0 0 170 0.0673884
0 0 171 0.0399963
0 0 172 0.0853026
0 0 173 -0.00432159
0 0 174 -0.00428629
0 0 175 0.0486975
0 0 176 -0.0867801
0 0 177 0.0308362
0 0 178 0.0219585
0 0 179 -0.156831
0 0 180 0.0662411
0 0 181 0.00946267
0 0 182 0.113912
0 0 183 0.0706182
0 0 184 -0.0342022
0 0 185 0.0109099
0 0 186 -0.0435565
0 0 187 -0.0363908
0 0 188 0.0627818
0 0 189 0.00213813
0 0 190 0.0120572
0 0 191 -0.0692188
0 0 192 0.0083684
0 0 193 -0.0158114
0 0 194 0.220727
0 0 195 0.0460148
0 0 196 -0.0314665
0 0 197 0.0154812
0 0 198 0.24616
0 0 199 -0.0513222
0 0 200 -0.038897
0 0 201 0.117231
0 0 202 -0.0107107
0 0 203 -0.00470988
0 0 204 0.0862027
0 0 205 -0.00979294
0 0 206 -0.0564759
0 0 207 -0.0794908
0 0 208 0.0255237
0 0 209 -0.0257304
0 0 210 -0.0375556
0 0 211 -0.00663368
0 0 212 0.0987868
0 0 213 0.108106
0 0 214 0.0875088
0 0 215 0.109165
0 0 216 0.156889
0 0 217 0.0646174
0 0 218 0.0719066
0 0 219 -0.0176117
0 0 220 0.0411082
0 0 221 0.0168578
0 0 222 0.00254407
0 0 223 0.0410553
0 0 224 0.139645
0 0 225 0.108176
0 0 226 -0.00333322
0 0 227 0.120478
0 0 228 0.2346
0 0 229 0.115024
0 0 230 0.1493
0 0 231 0.0253472
0 0 232 0.126602
0 0 233 0.131103
0 0 234 0.245895
0 0 235 0.193565
0 0 236 0.130874
0 0 237 0.210191
0 0 238 0.32793
0 0 239 0.433298
0 0 240 0.381303
0 0 241 0.426326
0 0 242 0.538365
0 0 243 0.552185
0 0 244 0.556456
0 0 245 0.72448
0 0 246 0.831489
0 0 247 0.768974
0 0 248 0.840313
0 0 249 0.840225
0 0 250 0.856816
0 0 251 0.834189
0 0 252 0.95357
0 0 253 0.792695
0 0 254 0.9556
0 0 255 0.948522
