0 0 0 -0.00238535 -0.00179436 -0.00280326 -0.00306247
0 0 1 -0.000714892 0.000834702 0.000381865 0.0046424
0 0 2 -0.00905173 0.00285131 0.000113957 0.00940699
0 0 3 0.00185267 0.0057866 0.000699385 0.00749447
0 0 4 0.00927694 -0.00782926 -0.000292865 0.00113812
0 0 5 0.000800897 0.00542809 -0.00697071 -0.000651439
0 0 6 -0.0044889 -0.00281014 0.0134895 0.00141344
0 0 7 0.000135806 0.00561482 -0.0049366 -0.00411696
0 0 8 -0.00311231 0.00459157 -0.00324977 0.00179701
0 0 9 0.00643097 0.00559241 0.00336854 -0.00271097
0 0 10 -0.00301951 -0.00355703 -0.0055121 -0.00298495
0 0 11 0.00638457 -0.00210806 0.00337846 -0.00272567
0 0 12 0.000816364 -0.00773963 0.00126497 0.00691711
0 0 13 -0.00456623 -0.00140598 -0.00503582 -0.00346342
0 0 14 0.00321379 -0.000913027 0.00292203 0.00434837
0 0 15 0.00984923 -0.00232465 -0.00125535 -0.00251718
0 0 16 -0.00430329 -0.00568567 -0.00179116 -0.00573946
0 0 17 0.00700326 -0.0118102 0.00152295 0.000767914
0 0 18 0.00678672 -0.0099579 0.00683149 0.00112208
0 0 19 0.00763741 0.00568951 -0.00161256 -0.00374943
0 0 20 0.00711153 0.000730137 0.00522405 -0.00621124
0 0 21 -0.00226162 -0.00497612 0.00226714 -0.00746353
0 0 22 0.00756008 0.00607042 0.00385474 -0.0036532
0 0 23 -0.00399395 0.00185795 0.00250528 0.00194536
0 0 24 -4.98011e-05 -0.00454293 -0.0066135 -0.000108824
0 0 25 0.00316738 -0.00404998 0.00499583 0.00133058
0 0 26 -0.00479824 0.00214923 -0.000779068 -0.00514472
0 0 27 -0.00388568 -0.00177195 -0.00387489 -0.00210421
0 0 28 -0.00923734 0.00675009 -0.00203923 -0.00235547
0 0 29 -0.00697912 0.00789284 0.00694064 0.00245724
0 0 30 -0.00342166 0.00315007 0.00529351 0.00177162
0 0 31 -0.00232348 -0.00204084 -0.0012355 -0.000736975
0 0 32 -0.00513852 0.00441979 -0.00412295 -0.00256129
0 0 33 -0.0102118 -0.000554519 -0.00235675 -0.000993581
0 0 34 0.00344579 -0.00454293 -0.000263098 0.00241714
0 0 35 0.00380154 -0.00337031 0.000907758 -0.000520463
0 0 36 -0.00209148 0.0023733 -0.00327954 0.00192799
0 0 37 -0.00600469 0.000969143 -0.00218806 -0.00353559
0 0 38 -0.00162746 0.00193263 0.00095737 -0.00426932
0 0 39 0.000708093 0.00137247 -0.00323985 -0.00556973
0 0 40 -0.00110157 -0.00437861 0.00288234 -0.00457003
0 0 41 0.00698779 0.00605548 0.00699025 0.00303059
0 0 42 -0.00914454 -0.000240824 -0.0047183 -9.27862e-05
0 0 43 -0.00527773 -0.000674021 -0.00324977 -0.00694364
0 0 44 0.000754495 0.00417331 0.00253505 0.00231423
0 0 45 0.00237855 0.0011708 9.41123e-05 0.000451166
0 0 46 -0.000513818 -0.00327321 -0.00501598 -0.00434817
0 0 47 0.00579681 -0.00716452 -0.00566094 0.00392471
0 0 48 -0.00481371 0.00630943 -0.00270403 0.000765241
0 0 49 -0.0044889 0.00868455 0.00195954 -0.012438
0 0 50 -0.000591154 -0.00205577 -2.49578e-05 -0.00578757
0 0 51 -0.00693272 -0.00403504 0.00268389 0.00306534
0 0 52 0.000197675 -0.000293106 0.00795274 -0.00679662
0 0 53 -0.00999523 0.000969143 0.00281288 0.000302815
0 0 54 -0.00388568 -0.000367795 0.00122528 4.88819e-05
0 0 55 -0.00229255 0.00217164 0.000610083 -0.00259069
0 0 56 -0.00779889 0.00498743 -0.00351768 -0.000436264
0 0 57 0.00346126 -0.00456533 0.00212823 0.00620877
0 0 58 -0.00114797 -0.0055587 0.00303117 0.0093963
0 0 59 -0.00195227 -0.00881515 0.00527366 0.0120412
0 0 60 -0.00493745 -0.00189893 6.43448e-05 0.00107932
0 0 61 0.00228575 -0.00639522 -0.00306124 -0.00799278
0 0 62 -0.00863412 -0.00544667 0.00412265 0.00285952
0 0 63 -0.00629856 0.00420319 -0.00362683 0.000821374
0 0 64 0.00137318 0.00472601 0.0105723 0.00200684
0 0 65 0.00061529 -0.00384085 -0.00039209 -0.00100695
0 0 66 -0.00388568 0.00251521 -0.00134465 -0.000460321
0 0 67 0.00403355 0.00244052 -0.00608761 0.00192264
0 0 68 0.00143505 0.000633041 0.000381865 -0.00487208
0 0 69 -0.00362273 0.000692793 0.00779398 -0.00396594
0 0 70 0.00386341 -0.00183171 -0.00231706 0.00794754
0 0 71 -0.00178213 0.00462145 -0.00810188 -0.00304777
0 0 72 -0.00438063 0.00224633 -0.0115152 0.000222626
0 0 73 -0.000776761 0.0118364 -0.00515489 -0.00652532
0 0 74 -0.00492198 0.00201479 0.000709308 -0.000340037
0 0 75 0.00868919 -0.00266823 -0.00583955 -0.00299431
0 0 76 -0.000158072 -0.00549148 -0.000848526 0.008422
0 0 77 0.000646224 0.00131271 0.00557134 -0.00967008
0 0 78 -0.00424142 0.00636918 0.00484699 0.00380175
0 0 79 -0.00356086 0.00312766 0.00499583 -0.00116732
0 0 80 0.00149692 0.00782562 0.00596824 0.00318964
0 0 81 0.00505439 -0.00154789 -0.000481393 -0.00636628
0 0 82 -0.00614389 0.0031426 -0.000203563 -0.0020895
0 0 83 -0.00297311 -0.00660435 0.00207861 -0.00137448
0 0 84 -0.00286484 0.00845301 0.00102683 0.000479232
0 0 85 0.00101744 -0.00603671 0.000947448 0.0108063
0 0 86 0.00261056 -0.00496119 0.00512482 -0.00378417
0 0 87 -0.00298858 0.00382974 0.00131458 0.0027085
0 0 88 -0.000946901 -0.00304167 0.00896483 -0.00840175
0 0 89 -0.00243176 -0.00101012 0.00016357 -9.67957e-05
0 0 90 -0.00124078 -0.00406492 0.00477753 0.0109146
0 0 91 -0.00145732 0.000550883 0.0019397 -0.00495761
0 0 92 0.00398715 -0.00840436 0.00374559 -0.00241962
0 0 93 -0.00447343 0.00762396 0.00099706 -0.00398999
0 0 94 0.0082097 -0.00370641 0.0048073 0.00666318
0 0 95 0.00674031 0.00438991 0.00988762 0.00185314
0 0 96 0.00146599 -0.00573049 0.00433102 -0.0027083
0 0 97 0.00274977 8.78093e-05 0.00016357 0.00444594
0 0 98 0.000630757 0.00275422 0.00245567 -0.000656785
0 0 99 0.00734354 0.00036416 -0.00341845 -0.000245146
0 0 100 0.00109477 -0.00126407 0.000868068 -0.0014266
0 0 101 -0.00185947 -0.00211552 0.00347769 0.00371621
0 0 102 -0.00815463 0.00444966 0.00596824 -0.0075611
0 0 103 -0.00201414 -0.00764253 -0.003349 -0.00374408
0 0 104 0.00558027 -0.000830869 -0.00467861 -0.000818501
0 0 105 0.000599823 0.00152184 -0.00218806 -0.00680464
0 0 106 -0.00232348 0.00178326 0.000500935 -0.00756243
0 0 107 0.00033688 0.00217164 0.00252513 -0.00326562
0 0 108 -0.00479824 -0.00319105 0.0152259 0.00595617
0 0 109 -0.00286484 0.000842171 0.00152295 -0.00474912
0 0 110 -0.00339072 0.00100649 0.000491013 0.00188388
0 0 111 -0.00622123 0.00438991 -0.00597846 0.00403029
0 0 112 4.30023e-05 -0.00175702 0.00415242 0.00458226
0 0 113 -0.00855678 -0.00033792 0.00275334 0.00208837
0 0 114 0.0102668 0.001365 -0.00126527 -0.00521288
0 0 115 0.00565761 -0.000293106 -0.00566094 -0.00132503
0 0 116 -0.000219941 -0.00545414 0.000491013 0.00418398
0 0 117 -0.00153466 0.00232849 0.00342807 -0.00849664
0 0 118 -0.00499932 5.65105e-06 -0.000937828 0.00806916
0 0 119 0.00199187 0.00312766 -0.00955056 0.00480144
0 0 120 -0.00837117 0.000812295 -0.000788991 0.00376566
0 0 121 -0.00558707 0.00491274 0.00311055 0.00454216
0 0 122 -0.00320512 -0.00345246 0.00260451 -0.000626046
0 0 123 0.00143505 -0.00308649 -0.00172171 -0.00132102
0 0 124 -0.00173573 -0.0035869 -0.00530373 0.00522244
0 0 125 -0.00396301 -0.00570808 -0.00447024 -0.00239957
0 0 126 -0.000653023 -0.00254872 -0.00253535 -0.00673916
0 0 127 0.00383247 0.00164135 -0.000808836 -0.00333645
0 0 128 -0.00312778 0.00307538 -0.00143395 -0.00586242
0 0 129 -0.00252456 0.00230608 -0.00492668 -0.000209061
0 0 130 0.00635363 -0.00567074 -0.00294217 -0.0048106
0 0 131 -0.0100571 0.00527871 -0.000699688 0.00110337
0 0 132 0.00528639 -0.00241428 0.000907758 -0.000740984
0 0 133 -0.0017512 0.00149944 -0.00219799 3.81899e-05
0 0 134 0.000104871 0.00261231 0.0017214 0.00425348
0 0 135 -0.00657697 0.00317995 0.00016357 -6.07104e-05
0 0 136 -0.00554067 0.00575673 0.00553165 -0.00494158
0 0 137 0.00454397 -0.00574542 0.00168171 -0.00287135
0 0 138 -0.000312744 -0.00366906 -0.0024262 -0.000193023
0 0 139 -0.00102424 0.00149944 0.00303117 -0.00308385
0 0 140 -0.000467416 0.00514427 -0.00406342 -0.00270429
0 0 141 0.00445116 -3.16936e-05 0.00345784 -0.000507098
0 0 142 0.00384794 -0.000995185 0.00339831 -0.0124326
0 0 143 0.00553387 0.00901318 0.00444017 0.00095235
0 0 144 -8.07356e-05 0.00804969 0.00289226 0.00335402
0 0 145 -0.00114797 -0.000913027 -0.000669921 0.00391
0 0 146 -0.000482884 -0.00160764 -0.00279334 -0.00255995
0 0 147 -0.0018904 -0.00136116 2.46548e-05 -0.00727375
0 0 148 0.00213108 -0.00425164 -0.00150341 0.00602968
0 0 149 -0.00456623 0.00527871 -0.00631583 -0.000159611
0 0 150 -0.0136455 -0.00252632 0.0015428 -0.00345272
0 0 151 0.00599789 -0.00289976 -0.00118589 0.00497251
0 0 152 0.000646224 -0.00902428 -0.00420233 0.00340481
0 0 153 -0.0017512 0.00546544 -0.00169194 0.00371755
0 0 154 -0.00438063 0.00253762 -0.00270403 0.00921855
0 0 155 0.00837984 -0.000121321 9.41123e-05 0.00316692
0 0 156 -0.00844851 -0.00142838 -0.000818758 0.000205251
0 0 157 -0.00339072 -0.00366159 0.008687 -0.00164178
0 0 158 0.00706513 -0.00198108 0.0103441 -0.00744081
0 0 159 -0.00178213 -0.000913027 -0.00239644 0.00124771
0 0 160 -0.00515399 0.00248534 0.00318001 -0.000850577
0 0 161 4.30023e-05 0.000356691 -0.00659366 -0.0146659
0 0 162 -0.00413315 0.00152184 -0.00434125 -0.0051474
0 0 163 -0.00280297 0.00179073 0.00176109 0.00100982
0 0 164 -0.0073658 0.00372518 0.00722839 -0.000166293
0 0 165 -0.00408675 0.00164882 0.000500935 0.00675138
0 0 166 -0.00168933 0.00015503 0.00563087 -0.00293149
0 0 167 0.00395621 0.00149197 0.00824049 -0.00990931
0 0 168 -0.00297311 0.00228367 -0.00195985 0.00145621
0 0 169 0.000568888 0.000543414 -0.00140419 -0.00297827
0 0 170 0.00344579 -0.00326574 0.00267396 0.000448493
0 0 171 -0.00362273 0.00131271 -0.00696079 0.00834181
0 0 172 -0.00356086 0.00199986 -0.00307117 0.00269647
0 0 173 -0.0044889 0.00261978 0.000897835 0.00673535
0 0 174 0.0018372 0.00142475 0.00149319 0.00191863
0 0 175 -0.00280297 -0.000106383 -0.00723862 0.000578132
0 0 176 0.00318285 0.0065559 0.00490653 0.00183844
0 0 177 -0.000544753 -0.00136116 0.0010566 -0.00133305
0 0 178 0.000414216 -0.00476699 -0.00023333 -0.00504716
0 0 179 0.00386341 -0.00401263 0.0040135 -0.00187166
0 0 180 -0.00127171 0.00751939 -0.000888216 -0.00354227
0 0 181 0.00333752 -0.00161511 -0.00595862 -0.000247819
0 0 182 0.000120338 0.00036416 0.00288234 0.00292367
0 0 183 0.00182173 -0.000621739 -0.00277349 0.00668991
0 0 184 -0.00589642 0.00695176 -0.00027302 -0.00225523
0 0 185 0.0117826 0.00347123 0.00354714 0.00634242
0 0 186 -0.00173573 0.000827233 0.00719863 0.00276062
0 0 187 0.00146599 0.00567457 0.00752607 0.0001411
0 0 188 -0.00130265 0.00207454 0.00450963 -0.00428937
0 0 189 0.000708093 0.00241812 0.00451955 -0.00183958
0 0 190 0.00875106 0.00123056 0.00146342 -0.0059386
0 0 191 0.0118909 0.00110358 -0.000957673 0.000345583
0 0 192 0.00706513 0.00176832 0.0107013 -0.000297269
0 0 193 0.0235068 -0.00436367 0.00240606 -0.00232205
0 0 194 0.0257031 0.00126043 0.00357691 0.0018077
0 0 195 0.0339472 -0.000905558 0.00220761 -0.00205342
0 0 196 0.0281624 0.00610777 0.0109493 0.00247595
0 0 197 0.0403197 -0.00144332 0.00263427 0.00774573
0 0 198 0.0546114 -0.000487298 0.00993724 -0.00652398
0 0 199 0.0650518 -0.000375264 0.0104731 0.00174222
0 0 200 0.0664748 0.00716835 0.0131621 0.0078727
0 0 201 0.0780907 -0.00701514 0.0114256 0.00842066
0 0 202 0.0921813 0.0103949 0.0109394 0.00105125
0 0 203 0.106102 0.0109252 0.0167738 0.00584658
0 0 204 0.115104 0.00861733 0.0198498 0.0102329
0 0 205 0.128699 0.00781815 0.0246622 0.0104361
0 0 206 0.143146 0.00807209 0.024563 0.00712827
0 0 207 0.156633 0.0121277 0.0371051 0.011381
0 0 208 0.181304 0.0116124 0.0397841 0.0143266
0 0 209 0.204149 0.00158906 0.0287801 0.0106874
0 0 210 0.229128 0.00181313 0.0390102 0.0066311
0 0 211 0.247117 0.00683225 0.0448645 0.00849417
0 0 212 0.271679 0.013741 0.0402505 0.0152394
0 0 213 0.299288 0.00758661 0.0343466 0.00608314
0 0 214 0.32419 0.0124339 0.0488335 0.0125224
0 0 215 0.358558 0.0150555 0.0380278 0.0120078
0 0 216 0.38329 0.0140921 0.0462735 0.006587
0 0 217 0.403583 0.00589117 0.0436936 0.00565145
0 0 218 0.444107 0.00270193 0.0382561 0.006166
0 0 219 0.464369 0.0143908 0.0341978 -0.00507923
0 0 220 0.480455 0.00675756 0.0307745 -0.00143462
0 0 221 0.518814 -0.00473712 0.0198101 -0.00445643
0 0 222 0.538798 -0.00096531 0.0252377 0.00102452
0 0 223 0.554837 -0.0124152 0.0124972 -0.0071508
0 0 224 0.575424 -0.011743 0.00824049 -0.00245036
0 0 225 0.591696 -0.020153 0.0119217 -0.0126852
0 0 226 0.600295 -0.0142451 -0.00348791 -0.00385902
0 0 227 0.607178 -0.0248659 -0.0143233 -0.00856079
0 0 228 0.602507 -0.0219381 -0.0189571 -0.014158
0 0 229 0.611741 -0.0303929 -0.0222712 -0.0183706
0 0 230 0.61864 -0.0319912 -0.0326105 -0.0140939
0 0 231 0.59332 -0.0365622 -0.033176 -0.02205
0 0 232 0.588865 -0.0368685 -0.0473355 -0.0214125
0 0 233 0.578069 -0.0367639 -0.049191 -0.0171424
0 0 234 0.558317 -0.0455623 -0.0497863 -0.0126865
0 0 235 0.545572 -0.0483333 -0.0595997 -0.0152352
0 0 236 0.532286 -0.0532254 -0.0548964 -0.0166118
0 0 237 0.507198 -0.0486245 -0.0670813 -0.0144307
0 0 238 0.481925 -0.0448154 -0.0676468 -0.0199624
0 0 239 0.464756 -0.0501258 -0.0615743 -0.0194666
0 0 240 0.434781 -0.0485499 -0.052257 -0.0124968
0 0 241 0.427588 -0.0537258 -0.0585777 -0.0103597
0 0 242 0.400041 -0.0454652 -0.046621 -0.0126879
0 0 243 0.361373 -0.0366967 -0.0473156 -0.00679128
0 0 244 0.335373 -0.0299746 -0.0464027 -0.00759184
0 0 245 0.316858 -0.0253439 -0.045857 -0.0116668
0 0 246 0.298839 -0.0227522 -0.0324616 -0.00921835
0 0 247 0.269034 -0.0308634 -0.0360437 -0.0159756
0 0 248 0.246885 -0.0240144 -0.0343866 -0.00695166
0 0 249 0.228633 -0.0153953 -0.0334043 -0.00324022
0 0 250 0.214249 -0.0290933 -0.0313702 -0.00376012
0 0 251 0.176447 -0.0156716 -0.02627 -0.00728444
0 0 252 0.171729 -0.0151787 -0.025506 0.00208168
0 0 253 0.151142 -0.0239621 -0.026528 -0.0108382
0 0 254 0.142465 -0.0174866 -0.0246328 -0.00293417
0 0 255 0.133974 -0.0103164 -0.0307351 -0.00497499
0 0 256 0.131267 -0.0196227 -0.0373137 -0.00174603
0 0 257 0.135691 -0.029056 -0.0319953 -0.00767336
0 0 258 0.125745 -0.0233497 -0.034714 -0.00553631
0 0 259 0.12375 -0.029168 -0.050213 -0.0129819
0 0 260 0.121863 -0.0284062 -0.0419079 -0.00915286
0 0 261 0.111082 -0.0252991 -0.0429596 -0.0134537
0 0 262 0.10522 -0.0261804 -0.0391593 -0.00200798
0 0 263 0.0911759 -0.0241787 -0.037919 -0.00265618
0 0 264 0.0864894 -0.019802 -0.0415903 0.00176627
0 0 265 0.0704344 -0.0135056 -0.0360635 -0.00258133
0 0 266 0.0670471 -0.0221173 -0.0302191 -0.0113995
0 0 267 0.0636597 -0.0210194 -0.0247816 0.000435128
0 0 268 0.0594217 -0.011138 -0.014621 0.000675696
0 0 269 0.0447278 -0.01125 -0.0254563 -0.0018476
0 0 270 0.0474655 -0.0075305 -0.0193242 -0.00514339
0 0 271 0.0278376 -0.00328815 -0.00982839 -0.00294486
0 0 272 0.0257495 -0.00174955 -0.00455954 -0.000823847
0 0 273 0.0148761 -0.0018093 -0.00570063 0.00307336
0 0 274 0.0161599 0.00544303 0.00266404 0.00126509
0 0 275 0.00808596 0.00258243 -0.0064349 -0.00585974
0 0 276 0.0158041 0.00100649 -0.00459923 0.00494578
0 0 277 0.0131747 0.00123802 0.00160233 0.00562472
0 0 278 -0.00431876 0.0036953 0.00467831 -0.00329235
0 0 279 0.00579681 0.00229114 -0.00308109 0.00694518
0 0 280 0.00655471 0.00217911 -0.00702032 -0.00803823
0 0 281 0.00618349 0.000169967 -0.00144388 0.00481214
0 0 282 0.00581228 -0.000733773 -0.00232698 0.00553785
0 0 283 0.0136232 -0.00876287 -0.00319024 -0.00535722
0 0 284 0.000785429 0.00158906 -0.00117597 -0.00482931
0 0 285 -0.00206054 -0.00804585 -0.00917351 0.00276864
0 0 286 -0.00100877 -0.00498359 0.00207861 -0.00365854
0 0 287 -0.000266342 -0.00441595 0.00125505 0.00141344
0 0 288 0.00593602 -0.00205577 0.00103675 -0.00407954
0 0 289 0.00414182 -0.00421429 -0.00140419 0.00621545
0 0 290 0.00511626 0.0020372 -0.00534342 0.00335402
0 0 291 0.00902947 0.00281397 0.00190001 -0.00412231
0 0 292 -0.00142639 0.00264965 -0.00348791 -0.0061805
0 0 293 -0.000544753 -0.00251138 -0.000580618 -0.00124885
0 0 294 0.00468317 0.00376999 0.000183415 -0.00212158
0 0 295 0.00554934 -0.000136259 -0.0105527 0.00401158
0 0 296 -0.000328211 -0.00245163 0.0044997 0.000820037
0 0 297 0.00553387 -0.00638775 -0.00111643 -0.00116465
0 0 298 0.00556481 0.00107371 0.00272358 0.00405568
0 0 299 -0.0036382 0.0033592 -0.00196977 0.0049939
0 0 300 0.0064619 0.00674263 -0.000848526 0.00306534
0 0 301 0.00803956 -0.00419936 0.00828018 0.00398485
0 0 302 0.00208468 0.00374758 -0.00310093 -0.00100561
0 0 303 0.011597 0.000394035 0.00060016 0.00275661
0 0 304 0.00819424 0.00539822 -0.00262465 0.00745705
0 0 305 0.00319832 -0.00154789 0.00225722 0.000991108
0 0 306 0.00776115 -0.00268316 0.00216792 -0.00192912
0 0 307 0.007127 0.000214781 -0.00951087 -0.000488388
0 0 308 0.00701872 -0.00422923 -0.00322 -0.00590519
0 0 309 0.00885933 -0.00259354 -0.00109659 0.00525585
0 0 310 0.00513172 0.00247787 -0.000213485 -2.59616e-05
0 0 311 0.00472957 0.006653 0.00316017 0.00427086
0 0 312 0.00429649 -0.00882262 -0.00531365 -0.000941458
0 0 313 0.00407995 -0.000830869 -0.0118625 0.00204694
0 0 314 0.00491518 -0.00129394 -0.00391458 -9.94686e-05
0 0 315 -0.000653023 -0.00475953 -0.00142403 0.00136132
0 0 316 -0.00549427 0.00598826 0.00537289 0.00499791
0 0 317 -0.00346806 0.00386709 -0.00210868 0.000574123
0 0 318 -0.00739674 0.00781068 4.80976e-06 -0.00150278
0 0 319 0.000522487 -0.00257113 0.00196947 -0.00125821
0 0 320 0.00141959 0.00484552 0.0017214 -0.000496406
0 0 321 0.00196094 0.00405381 0.00434094 0.0103479
0 0 322 0.000847298 0.00325464 0.00225722 -0.00368928
0 0 323 -0.00238535 0.00414344 0.00635521 -0.00198927
0 0 324 0.00505439 0.00167869 -0.00353752 0.00179033
0 0 325 0.00440476 -0.00626825 0.00952049 -0.00512868
0 0 326 0.0036314 0.00970779 0.0052042 0.00867459
0 0 327 -0.00235442 -0.00370641 -0.00175147 -0.00426932
0 0 328 -0.00653057 -0.000427547 -0.00274372 0.00281675
0 0 329 0.00355406 -0.000136259 0.00495614 -3.13076e-05
0 0 330 -0.00145732 -0.0017122 -0.00158279 -0.000166293
0 0 331 0.00392528 0.00451688 -0.000808836 0.000836075
0 0 332 -0.00840211 -0.00659688 0.00210838 0.000762568
0 0 333 -9.62028e-05 -0.00297445 9.41123e-05 0.0013533
0 0 334 -0.00701006 0.00128284 0.0025152 0.00617536
0 0 335 -0.00110157 -0.00473712 -0.00311086 0.00296511
0 0 336 -0.00716473 -0.00451305 0.00308079 0.00581183
0 0 337 0.000537954 0.00537581 -0.00223768 -0.00290209
0 0 338 -0.00365367 -0.000375264 0.00450963 -0.000867951
0 0 339 0.0080705 -0.00660435 0.00644452 7.45063e-06
0 0 340 0.00329112 -0.00661929 0.00506529 -9.81322e-05
0 0 341 -0.00451983 -0.00136863 -0.00405349 0.00247328
0 0 342 0.00380154 -0.000898089 0.00363645 -0.00176741
0 0 343 0.00335299 -0.00328068 -0.00286279 -0.0017634
0 0 344 -0.00916 0.00258243 0.00438063 0.00451811
0 0 345 -0.00258643 0.00232849 -0.00606776 0.00228483
0 0 346 -0.00567987 -0.00306408 -0.00266434 0.00630099
0 0 347 -0.00116344 0.0076613 0.00207861 -0.004133
0 0 348 0.000708093 -0.0057753 0.00419211 -0.00340996
0 0 349 -0.00167386 0.00269447 0.00671242 0.00554186
0 0 350 0.001698 0.0031426 -0.00403365 -0.00309722
0 0 351 0.0111021 -0.00790394 0.00175117 0.00690909
0 0 352 0.00203828 -0.00177195 0.000342175 0.00156179
0 0 353 0.00279617 0.000102747 0.00113598 0.000638274
0 0 354 0.0044357 -0.00305661 -0.0003524 -0.00283259
0 0 355 -0.010583 -0.00275785 -0.0035276 0.000374986
0 0 356 0.00230122 0.000625572 -0.00694094 -0.00367592
0 0 357 0.00683312 -0.000800993 0.00157257 -0.000573923
0 0 358 0.00124945 -0.0020483 -0.00910405 -0.000529819
0 0 359 -0.00705646 -0.00166739 -0.00807211 0.00163262
0 0 360 -0.00342166 -0.000718835 -1.50353e-05 -0.00440163
0 0 361 0.00398715 0.00130524 0.00504544 0.00154976
0 0 362 -0.0018904 0.00217164 -0.00730808 -0.00567397
0 0 363 -0.00670071 0.00996173 -0.000729456 0.00403697
0 0 364 -0.00306591 0.0027094 -0.00376574 0.00254411
0 0 365 -0.00306591 -0.00694792 -0.000818758 -0.0026241
0 0 366 0.00193 -0.0116683 0.00115582 0.000437801
0 0 367 -0.00167386 -0.0020259 -0.00177132 0.000193223
0 0 368 -0.00665431 -0.00381844 -0.000868371 -0.00762258
0 0 369 0.00644644 -0.000502236 -0.000908061 -0.00146937
0 0 370 -0.00742767 -0.000868214 -0.00131488 0.00347564
0 0 371 0.00101744 -0.00498359 0.000143725 0.00539351
0 0 372 -0.00473637 -0.00767988 -0.000669921 -0.00252386
0 0 373 -0.0054788 0.00695176 -0.000173795 0.00186517
0 0 374 -0.00275657 0.00441232 0.00965941 0.00608982
0 0 375 0.000568888 -0.00724668 -0.00147364 0.0010713
0 0 376 0.00381701 -0.00582011 4.44998e-05 -0.00610833
0 0 377 -0.00148825 -0.00432633 -0.00307117 0.000524673
0 0 378 -0.00182853 -0.00354956 0.000421555 0.00082672
0 0 379 -0.00422595 -0.00278773 0.00732762 0.00478273
0 0 380 -0.000127137 -0.00696286 0.00873661 -0.00440832
0 0 381 0.00459037 -0.00519272 0.00108636 0.00673535
0 0 382 0.00313645 0.000304408 0.00227706 7.45063e-06
0 0 383 0.00400261 0.00828869 0.000977215 -0.00310123
0 0 384 -0.00668524 -0.0043338 0.00753599 0.0030052
0 0 385 -0.00230802 0.00036416 0.00188016 -0.00142259
0 0 386 0.00459037 -0.000248293 -0.00147364 -0.000603326
0 0 387 0.00417275 0.00132765 -0.00268419 -0.00213762
0 0 388 -0.000807696 -0.00382591 0.00622622 0.00280339
0 0 389 -0.00515399 -0.00440102 -0.000808836 -0.00487609
0 0 390 -0.00113251 -8.39761e-05 0.00357691 0.00415993
0 0 391 -0.00198321 0.000647979 -0.00703025 0.00304396
0 0 392 -0.00362273 0.0072057 0.00274342 0.00832978
0 0 393 -0.000127137 -0.0015927 -0.0102451 -0.000533828
0 0 394 0.00135772 0.00420319 -0.0050259 0.00386055
0 0 395 -0.00105517 -0.00061427 0.00302125 0.00219395
0 0 396 -0.00206054 0.0028065 -0.0010569 0.000463194
0 0 397 -0.00436516 0.000603165 -0.00278341 0.00810792
0 0 398 -0.000745827 0.000446318 0.00263427 -0.00343535
0 0 399 -0.000637556 -0.000875683 0.00195954 -0.000352065
0 0 400 0.00285804 -0.00253378 0.00138404 -0.00307984
0 0 401 -0.00153466 0.00263471 0.00227706 -0.000219753
0 0 402 -0.0010397 -0.00124913 0.0039242 -0.0045834
0 0 403 -0.00438063 -0.00185411 0.00195954 0.00103655
0 0 404 -0.00286484 0.00145462 0.000987138 0.000269403
0 0 405 -0.00550973 0.00586876 -0.00204915 0.00207099
0 0 406 0.00129585 -0.000980248 -0.000342478 0.000358948
0 0 407 -0.00102424 0.00368036 -0.00681195 0.00101784
0 0 408 0.00785396 0.00269447 0.00060016 -0.00085325
0 0 409 -0.00725753 0.00753433 0.00362652 -0.00201199
0 0 410 -0.00688632 0.000140092 -0.00167209 0.00585326
0 0 411 0.00248683 0.000453787 0.00501567 0.00385254
0 0 412 0.00239402 -0.00799357 0.00125505 0.000280095
0 0 413 -0.00139545 -0.00585746 0.00357691 6.89292e-05
0 0 414 -0.00940748 0.00219405 0.00040171 0.00398351
0 0 415 0.00602882 -0.00242175 0.00309071 -0.00425863
0 0 416 0.00293538 0.00167869 -0.0003524 0.000599516
0 0 417 -0.00172026 0.00135753 0.00337846 0.00498321
0 0 418 0.00152786 0.00140234 0.00199923 0.00281007
0 0 419 -0.00728847 0.00469614 -0.00203923 0.00575971
0 0 420 -0.00725753 0.00444219 -0.00122558 -0.000144909
0 0 421 -0.000451949 -0.00485662 0.00100698 -0.00422923
0 0 422 -0.00529319 -0.0021454 0.00403335 0.00198412
0 0 423 0.0036314 0.00119321 0.00368606 -0.00249981
0 0 424 -0.00396301 0.0125535 0.000659695 0.00391134
0 0 425 0.00104837 0.000319346 0.00578963 0.00185448
0 0 426 -0.00776795 -0.00171967 -0.00341845 0.00278869
0 0 427 0.00635363 -3.16936e-05 -0.00619676 -0.00636895
0 0 428 -0.00335979 0.00298575 -0.00212853 0.00717906
0 0 429 0.00253323 0.000229719 -0.00270403 -0.00455533
0 0 430 -0.00486011 -0.00722427 -0.00639521 -0.00128093
0 0 431 -0.00317418 -0.00371388 -0.0045397 -0.00441901
0 0 432 -0.00691725 0.00244799 0.00314032 -0.00162173
0 0 433 -0.00402488 0.0073252 -0.00675242 0.00493643
0 0 434 0.00109477 -0.00616368 -0.000481393 -0.00291546
0 0 435 -0.00589642 -0.00539438 -0.0121701 0.001229
0 0 436 -0.00318965 -0.00169726 -0.00770498 -0.000873297
0 0 437 -0.00620576 0.00396418 -0.00845909 -0.00207748
0 0 438 -0.000436482 0.000349222 0.00365629 0.000574123
0 0 439 -0.00345259 0.00181313 0.00685134 -0.00162173
0 0 440 -0.00464357 0.00205961 -0.00325969 0.00148828
0 0 441 -0.00532413 0.0042256 0.00497598 0.0086893
0 0 442 0.000290478 0.00589117 0.000629928 0.012533
0 0 443 0.00033688 0.000662917 -0.00184078 -0.0027083
0 0 444 -0.00577268 0.0032621 -0.00166217 -0.00755442
0 0 445 0.0054256 0.00391937 0.00724824 0.00385521
0 0 446 -0.000297277 0.00844554 -0.00171178 -0.00471571
0 0 447 -0.00261736 0.00725798 -0.00113628 -0.000636738
0 0 448 -4.98011e-05 0.00443473 0.000858145 -0.00534386
0 0 449 -0.00874239 -0.00260847 -0.00266434 0.00104189
0 0 450 -0.0037774 -0.00304914 0.00299148 -0.000511108
0 0 451 -0.00148825 0.00327704 0.0130331 -0.00133171
0 0 452 0.00219295 -0.0055587 0.00806188 0.000814691
0 0 453 -0.00513852 0.0014845 0.00071923 0.00199749
0 0 454 -0.00388568 0.00300069 0.00113598 -0.00664026
0 0 455 -0.00770608 -0.00502094 0.00328916 0.00204293
0 0 456 0.00364687 -0.00164498 -0.00646466 -0.00879334
0 0 457 -0.00323605 0.00847542 0.00742684 0.00184646
0 0 458 -0.00668524 0.00263471 -0.00260481 0.000318853
0 0 459 0.000739028 -0.00338524 -0.0040138 -0.00319211
0 0 460 0.0026879 -0.0055587 0.00452947 0.000884189
0 0 461 -0.00851038 -0.00154042 0.00227706 0.00487228
0 0 462 -0.0027875 0.000476194 -0.00150341 -0.00440698
0 0 463 -0.000699425 -0.0051255 -0.00357721 0.000354938
0 0 464 -0.00745861 0.00524884 0.00425164 -0.00135711
0 0 465 -0.00119438 -0.00261594 0.00404327 0.00216187
0 0 466 0.00177533 0.00738495 -0.00111643 0.00288358
0 0 467 0.00227028 0.00338161 -0.00477784 -0.00531446
0 0 468 -0.000730359 0.00201479 -0.00314062 -0.00365053
0 0 469 0.00658564 -0.00117444 0.00611707 0.0011154
0 0 470 0.000537954 -0.00195868 0.00248544 0.00271384
0 0 471 0.00129585 -0.000576925 0.00436079 -0.000207724
0 0 472 -0.00167386 0.00450942 0.00584917 -7.40753e-05
0 0 473 -0.00167386 0.00820654 -0.00180109 0.00473863
0 0 474 -0.00066849 -0.00501347 0.00559118 -0.000346719
0 0 475 -0.00931467 0.000685324 0.00259458 -0.00662422
0 0 476 -0.00475184 0.00483805 -0.00275365 0.00408108
0 0 477 -0.00147279 -0.00173461 -0.000828681 0.000832066
0 0 478 -6.52684e-05 -0.000255761 -0.00614714 0.00179434
0 0 479 -0.00294217 0.0076613 0.00618653 0.00365073
0 0 480 -0.00260189 0.000804827 0.00409288 -0.000676833
0 0 481 -0.00402488 0.00441979 -0.0110687 -0.000540511
0 0 482 -0.000359146 -0.0046699 0.00223737 0.00177563
0 0 483 -0.00523132 0.00382974 -0.00380543 0.00419468
0 0 484 -0.00645324 0.00836338 0.0067025 0.00228082
0 0 485 -0.00999523 -0.0064475 -0.00764544 0.000778606
0 0 486 0.000383281 -0.00638775 -0.00187054 -0.00149877
0 0 487 0.00796223 -0.00307155 0.00174125 -0.000205051
0 0 488 -0.0026483 0.00791525 0.00918313 -0.0055323
0 0 489 -0.00421049 -0.000913027 -0.00437101 0.00130652
0 0 490 0.00253323 0.00404634 -0.000461548 -0.000806472
0 0 491 -0.00657697 -0.0054392 -0.000779068 -0.000789098
0 0 492 -0.00492198 0.00825135 -0.000858448 0.000634265
0 0 493 0.00267243 -0.00631306 -0.00339861 0.000824047
0 0 494 -0.00611296 0.00397165 -0.00161256 0.00142814
0 0 495 0.00247136 -0.00110722 -0.00617691 0.001793
0 0 496 0.00154332 -0.00404998 -0.00299179 0.0049097
0 0 497 0.00262603 -0.00615622 -0.00373597 0.00112476
0 0 498 0.00157426 -0.00325827 -0.000659998 -0.00359306
0 0 499 0.000460618 0.00360567 0.00494622 -0.00413834
0 0 500 -0.00280297 0.00114093 -0.00347799 0.00605507
0 0 501 -0.00127171 -0.00481181 -0.00161256 -0.00047235
0 0 502 -0.00382381 0.00474842 -0.00261473 0.00285952
0 0 503 -0.00806183 -0.00538692 0.00577971 0.00601498
0 0 504 -0.00288031 0.00155172 -0.00218806 0.000759895
0 0 505 -0.000869565 0.00530112 -0.00312078 0.00433902
0 0 506 0.00208468 -0.00381097 -0.00464885 -0.00589316
0 0 507 -0.00422595 -0.00101012 -0.00209876 0.00628896
0 0 508 0.000244076 -0.00120432 0.00339831 0.00350371
0 0 509 -0.00308138 -0.000494767 -0.00659366 -0.000203715
0 0 510 -0.00329792 -9.28681e-06 0.00359676 -0.00428269
0 0 511 8.9404e-05 0.000371629 -0.00714932 0.00134261
0 0 512 0.00284257 -0.00534957 0.00118559 0.00296778
0 0 513 0.00326019 -0.00264582 -0.00613722 0.00623951
0 0 514 0.00827157 -0.00372134 -0.00152326 -0.00241828
0 0 515 0.00033688 -0.000554519 -0.00522435 0.00084543
0 0 516 0.00254869 0.00300816 -0.0108306 0.00215519
0 0 517 -0.00346806 0.00185048 0.00174125 0.00731939
0 0 518 0.00373967 0.00437497 0.0028228 0.00384051
0 0 519 -0.00210694 0.0106265 0.00060016 -0.00173801
0 0 520 0.00172893 -0.00193627 0.00299148 -0.00740473
0 0 521 0.00369327 0.00914015 -0.00248574 0.00408108
0 0 522 -0.00526226 0.00610777 0.00254497 -0.00157495
0 0 523 -0.00713379 0.00879658 0.000262795 -0.0067151
0 0 524 -0.00685538 0.00239571 -0.0026445 -0.00464087
0 0 525 -0.00793809 0.00593598 0.0101258 0.00236636
0 0 526 -0.00116344 0.00257496 -0.00437101 0.00869464
0 0 527 0.00200734 -0.00376616 -0.00257504 -0.00079578
0 0 528 0.003585 -0.00124166 0.00235644 0.00440183
0 0 529 -0.00666978 -0.00845665 -0.00177132 0.00443124
0 0 530 -0.00195227 -0.00284001 0.00152295 -0.00410092
0 0 531 0.000862766 0.00177579 -0.000848526 0.000677033
0 0 532 -0.00320512 -0.00390807 0.00668266 0.00927067
0 0 533 -0.00325152 0.00131271 -0.00489691 -3.2413e-06
0 0 534 -0.00181307 0.00327704 0.00130466 -0.0024263
0 0 535 0.00033688 0.00430029 -5.47253e-05 0.00281943
0 0 536 -0.00521586 -0.00299686 0.00205877 0.0100298
0 0 537 -0.000405548 -0.0113845 0.00197939 -0.000726283
0 0 538 -0.00464357 0.00275422 0.00796266 0.00446331
0 0 539 0.0008937 -0.00130141 -0.00265442 -0.00310925
0 0 540 0.00605976 -0.000464891 -0.00556172 0.00630767
0 0 541 -0.00107064 0.0042256 0.00451955 -0.00934665
0 0 542 -0.00940748 -0.00386325 0.0104334 0.000129071
0 0 543 0.001698 0.00114093 0.0078932 -0.00284462
0 0 544 -0.00110157 -0.00525247 0.00201908 -0.00762926
0 0 545 -0.00229255 0.00636918 -0.0072287 -0.000576596
0 0 546 -0.00659244 -0.00496866 0.00318001 0.00124638
0 0 547 0.00137318 -0.0016898 -0.000104338 -0.00682068
0 0 548 -0.000591154 0.00036416 0.00107644 0.00954599
0 0 549 0.000522487 -0.000173603 -0.00135457 -0.000882652
0 0 550 -0.0064687 -0.00518525 -0.0029521 -0.00994406
0 0 551 -0.000219941 0.00680985 0.0073177 0.00814267
0 0 552 -3.43339e-05 -0.000942903 0.00281288 0.00369216
0 0 553 0.00361593 0.000804827 -0.00482745 -0.00852872
0 0 554 0.00248683 0.00678744 -0.00395427 0.00351307
0 0 555 0.003585 -0.00212299 -0.00326962 0.000956359
0 0 556 0.00309005 0.000834702 -0.0037459 0.00322706
0 0 557 -0.00328245 -0.00269063 0.0023366 -0.00515541
0 0 558 -0.00451983 -0.0015927 0.00184047 0.000555412
0 0 559 -0.0112481 0.00418078 -0.00122558 -0.00613907
0 0 560 0.00257963 -0.00526741 0.000709308 0.00610051
0 0 561 0.00143505 -0.0111529 -0.000610386 -0.0016939
0 0 562 0.00471411 -0.000390202 -0.00702032 0.00169544
0 0 563 -0.00202961 -0.00122672 0.00032233 0.00713897
0 0 564 -0.00105517 0.00957335 0.00339831 0.00182909
0 0 565 -0.00318965 0.00447207 0.00079861 0.00393272
0 0 566 -0.00588095 -0.000524643 0.00358683 -0.00665362
0 0 567 -0.00676258 0.00903559 -0.000868371 -0.00217103
0 0 568 0.00200734 0.00417331 -0.00948111 0.00853694
0 0 569 -4.98011e-05 0.00351605 0.00177102 0.0021993
0 0 570 -0.00421049 -0.00672385 -0.00393442 -0.00349416
0 0 571 -0.000915966 0.00846048 0.00119551 -0.000533828
0 0 572 0.00355406 -0.00383338 -0.0030414 -0.00389778
0 0 573 0.00322925 0.000326815 -0.00140419 0.000951013
0 0 574 -0.00255549 -0.00579771 0.00364637 -0.00186497
0 0 575 0.00491518 0.0130389 -0.000590541 0.0037523
0 0 576 -0.00784529 -0.00322093 -0.00378559 0.0024813
0 0 577 0.00296631 -0.00450558 -0.00348791 -0.000261184
0 0 578 0.0110866 -0.00119685 -0.00611738 -0.000158274
0 0 579 0.000878233 0.00146209 -0.004629 -0.00586776
0 0 580 0.00141959 -0.00170473 0.00833971 0.00194937
0 0 581 -0.00263283 0.00190276 -0.00606776 0.00437778
0 0 582 0.00718886 0.00140981 -0.00456947 0.00298783
0 0 583 -0.00411768 -0.00238441 -0.000739378 -0.00442302
0 0 584 0.00570401 -0.00106241 -0.00027302 0.000366967
0 0 585 -0.00349899 0.00761649 -0.000600463 -0.0103651
0 0 586 0.00298178 -0.0011595 -0.00739738 0.0011007
0 0 587 0.00245589 -0.00841183 0.00393412 0.00226746
0 0 588 -0.000158072 -0.000860745 -0.00228729 0.0044299
0 0 589 0.00514719 -0.00205577 -0.00285287 0.00152704
0 0 590 -0.00878879 0.00930447 -0.00230713 -0.00362914
0 0 591 -0.00209148 -0.000494767 0.00127489 0.000340237
0 0 592 -0.00267923 0.00937916 -0.00745691 0.00494311
0 0 593 0.00785396 -0.000554519 -0.000947751 0.00195071
0 0 594 0.000135806 0.00318741 0.00270373 -0.00760788
0 0 595 0.00186814 0.00121562 -0.00189039 0.00427219
0 0 596 -0.00219975 -0.00449811 0.0058194 -0.00388575
0 0 597 -0.000993302 0.0062198 -0.00543272 0.00390867
0 0 598 -0.00176666 0.00271687 -0.0035276 0.00288358
0 0 599 0.00386341 0.00562229 0.00260451 -0.00807966
0 0 600 -0.00492198 0.00648868 0.0018504 -0.00228062
0 0 601 -0.0017512 0.00814678 -0.00349783 -0.00232339
0 0 602 0.000352347 -0.000651615 -0.00438094 0.000729156
0 0 603 -0.000513818 0.000147561 -0.000769146 -0.00379086
0 0 604 0.0121848 -6.15693e-05 -0.00420233 0.00122232
0 0 605 0.00276524 0.00152184 0.00024295 -0.00330571
0 0 606 0.00381701 0.00335173 -0.00497629 0.00399688
0 0 607 0.00392528 0.00509199 -0.0010569 0.000372313
0 0 608 0.00420369 0.00541316 -0.00724854 -0.000870624
0 0 609 0.00432743 -0.0104957 -0.00474807 0.00375363
0 0 610 0.00333752 -0.00218275 0.00532327 -0.00041889
0 0 611 0.00514719 -0.00508816 0.00258466 -0.00763728
0 0 612 0.00844171 -0.00197362 0.0055118 -0.0029502
0 0 613 -0.00292671 -0.000487298 0.000977215 -0.00247174
0 0 614 0.00941615 -0.000913027 0.00232668 0.00166336
0 0 615 0.0017444 0.00452435 -0.00531365 -0.00345272
0 0 616 0.00678672 -0.00164498 -0.000878293 0.000449829
0 0 617 0.000460618 -0.00337777 -0.00380543 -0.00287402
0 0 618 0.00305911 0.0121576 0.00210838 -0.00454865
0 0 619 -0.00275657 0.0036953 0.00483707 0.00295976
0 0 620 0.000197675 0.00276915 -0.00043178 0.000372313
0 0 621 -0.00761328 0.0131584 0.000292562 0.00187587
0 0 622 0.00316738 0.00800487 -0.000550851 0.00293838
0 0 623 0.00231669 -0.00475206 -0.00167209 -0.00358103
0 0 624 -0.000467416 0.00197745 0.000620005 -0.00166985
0 0 625 0.000491552 0.0069891 -0.00234682 0.000675696
0 0 626 0.000831831 0.0045841 -0.00169194 -0.00292615
0 0 627 0.00834891 0.00469614 0.00468823 0.00838458
0 0 628 -0.000436482 0.00666047 -0.000104338 0.00249466
0 0 629 -0.00168933 0.000580759 0.00332885 0.00297847
0 0 630 0.000955569 0.00418078 -0.00483737 -0.00233943
0 0 631 0.00774569 0.00935675 0.00469815 0.00458493
0 0 632 -0.00267923 0.00818413 0.00217784 0.00518635
0 0 633 0.00658564 0.00913268 -0.00141411 -0.00202001
0 0 634 0.000352347 0.00208948 -0.00358714 0.00837121
0 0 635 0.00175987 0.0064364 0.00467831 -0.00384298
0 0 636 0.00483784 0.000618103 -0.00796296 0.00859708
0 0 637 0.00545653 -0.00136863 0.000620005 0.00368815
0 0 638 -0.00490651 -0.00165992 -0.00191023 -0.00163376
0 0 639 0.00556481 0.00492021 0.00417226 -0.00343802
0 0 640 0.00584322 0.0035758 0.00981817 0.00116619
0 0 641 0.00544107 0.000834702 0.00317009 -0.000612681
0 0 642 0.00327565 0.00382227 0.00110621 -0.00198125
0 0 643 0.0055184 0.00604055 0.0106913 -0.000564568
0 0 644 -0.00425689 0.00229861 0.00565072 0.00557795
0 0 645 0.00016674 0.00668287 0.00906406 0.00427754
0 0 646 0.00573494 -0.000935434 0.00604762 -0.00171529
0 0 647 0.00527093 0.00472601 -0.00509536 0.00177964
0 0 648 -0.00011167 0.000356691 0.00479738 0.0058252
0 0 649 0.0045285 0.0053534 0.00261443 -0.00193447
0 0 650 0.000507019 0.00312766 0.00570033 0.00105259
0 0 651 0.00265696 0.00822894 0.00660328 -0.00554433
0 0 652 0.00873559 0.00123056 0.00174125 -0.00146403
0 0 653 0.000909167 -0.00464002 0.00359676 0.00510082
0 0 654 0.00257963 0.00492021 0.00574994 -0.000640747
0 0 655 0.0018836 -0.0032284 0.00308079 -0.00831889
0 0 656 -0.000776761 0.00365049 0.0103838 -0.0041771
0 0 657 -0.00148825 0.0057866 0.000262795 -0.0041477
0 0 658 0.00219295 0.00620486 0.00219768 0.0101581
0 0 659 -0.00182853 0.00208948 0.00847863 0.00206966
0 0 660 0.00929241 0.00355339 0.00737723 -0.0089604
0 0 661 0.00459037 0.00134259 0.00979832 -0.00863296
0 0 662 -0.00687085 -0.00437114 0.000113957 0.00483085
0 0 663 -0.000451949 -0.000741242 0.00129474 -0.0011005
0 0 664 0.00392528 0.00639159 0.00801227 -0.00356365
0 0 665 0.00109477 0.00432269 -0.000253175 -0.00445509
0 0 666 0.00044515 0.00863973 0.00958995 0.00340214
0 0 667 -0.00108611 0.000401504 0.00704979 0.00443925
0 0 668 0.00438929 0.00173097 0.00574994 0.00386991
0 0 669 0.000862766 0.00196998 0.00438063 -0.00840977
0 0 670 0.00417275 0.000984081 0.0093915 0.000493933
0 0 671 0.00607522 0.00672769 0.00506529 0.00178498
0 0 672 -3.39943e-06 0.00385962 0.0013245 0.00426685
0 0 673 0.00626083 -0.00109228 0.0085084 -0.00308519
0 0 674 0.00698779 -0.00197362 0.00236637 -0.0036238
0 0 675 0.00414182 -0.00629813 -0.00171178 -0.00332308
0 0 676 0.00924601 -0.00814295 0.00623614 0.000428445
0 0 677 0.0108701 -0.00225743 0.00792297 -0.00011818
0 0 678 0.000909167 -0.00443836 0.00346776 0.00160322
0 0 679 0.00418822 -0.00237694 -0.00597846 0.00756932
0 0 680 0.00762195 -0.00164498 0.00466839 0.00269513
0 0 681 0.00872012 -0.00813548 0.00733754 0.00280874
0 0 682 0.0104834 -0.00281014 0.00556141 0.000794644
0 0 683 0.0146131 -0.00930064 0.00356699 0.0101247
0 0 684 0.0154638 -0.00799357 0.0077146 -0.00269761
0 0 685 0.0149534 -0.010294 0.00454932 -0.00116866
0 0 686 0.0169332 0.000296939 -0.00122558 -0.00402742
0 0 687 0.0126179 0.00185795 0.00775429 0.00495781
0 0 688 0.0173354 0.00236583 0.00241598 -0.0039098
0 0 689 0.0225324 -0.00240681 0.0027335 -0.00308653
0 0 690 0.0313023 -0.00163751 0.00227706 0.00615665
0 0 691 0.0459343 -0.00109975 0.00910375 -0.0117122
0 0 692 0.0487184 -0.00689564 0.00478746 0.00146022
0 0 693 0.0513014 -4.66315e-05 0.000352097 -0.000600653
0 0 694 0.0576275 -0.00124166 0.00122528 -0.00184626
0 0 695 0.0745023 -0.00264582 0.00169164 0.0011555
0 0 696 0.0817564 -0.00345993 0.0127751 -0.003144
0 0 697 0.103797 -0.000181072 0.00128481 -0.00384432
0 0 698 0.121554 0.011097 -0.00297194 -0.0126224
0 0 699 0.15204 0.00464386 -0.00268419 -0.00819994
0 0 700 0.188496 0.0170348 -0.00963987 -0.00845788
0 0 701 0.222338 0.005331 -0.0175084 -0.00614442
0 0 702 0.277386 0.00406875 -0.0272225 -0.013884
0 0 703 0.327856 -0.0041172 -0.037274 -0.0124847
0 0 704 0.389554 -0.00606659 -0.0523265 -0.0205157
0 0 705 0.450743 -0.0314609 -0.0694626 -0.0174952
0 0 706 0.512859 -0.0445764 -0.0923936 -0.0210343
0 0 707 0.572269 -0.0634728 -0.125505 -0.0171504
0 0 708 0.633318 -0.092512 -0.154727 -0.0186433
0 0 709 0.688366 -0.109735 -0.191361 -0.0289637
0 0 710 0.738093 -0.148985 -0.242065 -0.0283609
0 0 711 0.788717 -0.174409 -0.273549 -0.0337523
0 0 712 0.82672 -0.214771 -0.322834 -0.0315979
0 0 713 0.864074 -0.238873 -0.360668 -0.0380438
0 0 714 0.895364 -0.272864 -0.407453 -0.0493585
0 0 715 0.922741 -0.306206 -0.451529 -0.0536727
0 0 716 0.948246 -0.341705 -0.479272 -0.0594504
0 0 717 0.966606 -0.360318 -0.508018 -0.0484831
0 0 718 0.977402 -0.397341 -0.532883 -0.0560156
0 0 719 0.988585 -0.40133 -0.563335 -0.0573681
0 0 720 0.999783 -0.423946 -0.584976 -0.0723475
0 0 721 1 -0.441498 -0.591853 -0.0689769
0 0 722 0.998747 -0.455943 -0.593837 -0.0678569
0 0 723 0.994184 -0.463314 -0.601428 -0.0665445
0 0 724 0.986017 -0.459856 -0.599582 -0.0633396
0 0 725 0.972112 -0.469678 -0.58965 -0.058309
0 0 726 0.94987 -0.472434 -0.572256 -0.0611731
0 0 727 0.910769 -0.455816 -0.562651 -0.0592392
0 0 728 0.901613 -0.450879 -0.536872 -0.0626513
0 0 729 0.867832 -0.432259 -0.509605 -0.0561105
0 0 730 0.843286 -0.420951 -0.494741 -0.0510184
0 0 731 0.821492 -0.409478 -0.469737 -0.0530539
0 0 732 0.797039 -0.399492 -0.459477 -0.0417512
0 0 733 0.77127 -0.384689 -0.442321 -0.0477053
0 0 734 0.748889 -0.375689 -0.414964 -0.0463514
0 0 735 0.727869 -0.356173 -0.404655 -0.041675
0 0 736 0.695419 -0.346411 -0.39117 -0.0441155
0 0 737 0.668645 -0.33039 -0.369182 -0.0489201
0 0 738 0.638623 -0.320777 -0.356243 -0.0466548
0 0 739 0.595578 -0.288482 -0.339315 -0.0435942
0 0 740 0.555162 -0.277323 -0.322298 -0.0422617
0 0 741 0.519788 -0.26435 -0.285992 -0.039129
0 0 742 0.4816 -0.241024 -0.264331 -0.0286322
0 0 743 0.439823 -0.216743 -0.246758 -0.0304525
0 0 744 0.400103 -0.200535 -0.222755 -0.036734
0 0 745 0.351938 -0.183155 -0.206086 -0.0290719
0 0 746 0.32139 -0.163609 -0.180644 -0.0210236
0 0 747 0.281206 -0.145474 -0.162417 -0.0221676
0 0 748 0.251138 -0.122029 -0.150877 -0.0171905
0 0 749 0.210521 -0.119796 -0.128164 -0.0185551
0 0 750 0.185495 -0.100563 -0.104767 -0.0228733
0 0 751 0.16098 -0.090824 -0.0891489 -0.0117483
0 0 752 0.139295 -0.0644512 -0.0767855 -0.0177358
0 0 753 0.117331 -0.0604852 -0.0607011 -0.0126611
0 0 754 0.106767 -0.0392062 -0.0438229 -0.0100269
0 0 755 0.0780752 -0.0326859 -0.0302588 -0.00240625
0 0 756 0.0618501 -0.0189953 -0.02627 -0.00256262
0 0 757 0.0496155 -0.0241414 -0.0235611 -0.00305579
0 0 758 0.0391596 -0.00662676 -0.0227971 -0.000499079
0 0 759 0.0344421 -0.0101446 -0.0187586 -0.00687281
0 0 760 0.0225478 -0.00195121 -0.0160696 -0.00611635
0 0 761 0.0173199 -0.00321346 -0.00836978 0.0017636
0 0 762 0.019872 -0.0111529 -0.00193008 -0.00632217
0 0 763 0.0180469 -0.00964421 -0.0105726 -0.000718264
0 0 764 0.0140254 -0.000457423 -0.00474807 -0.00810505
0 0 765 0.0129272 -0.0058948 -0.00510528 -0.00649458
0 0 766 0.0194389 -0.00728402 0.00477753 0.000547393
0 0 767 0.00474504 -0.000927965 -0.00424202 0.00499924
0 0 768 0.00858092 0.00132018 -0.00364667 -0.00662154
0 0 769 0.00952442 -0.00449064 0.00445009 0.000878843
0 0 770 0.00941615 -0.000300575 -0.0078042 -0.0031587
0 0 771 0.0174436 -0.00880769 -0.00184078 0.00132657
0 0 772 -0.00028181 -0.0045504 -0.00545257 0.006869
0 0 773 0.0145667 -0.000927965 0.00106652 0.000992444
0 0 774 0.00828704 -0.00131635 -0.00674249 0.0041626
0 0 775 0.0104679 -0.00348234 -0.00407334 0.00406771
0 0 776 0.00425009 0.00255256 -0.000550851 0.00457691
0 0 777 0.00421916 0.00120068 -0.00151333 -0.000587288
0 0 778 0.00378607 -0.00354209 0.00012388 0.00323508
0 0 779 0.0108546 -0.00186905 -0.00787366 -0.00169257
0 0 780 0.00711153 7.28714e-05 -0.00639521 0.000105014
0 0 781 0.00327565 -0.003684 -0.00237659 -0.000180995
0 0 782 0.00312098 0.0019401 -0.0048473 -0.000675496
0 0 783 0.00182173 -0.00838196 -0.000372245 0.00549642
0 0 784 0.0037242 -0.0043338 -0.00118589 -0.00131968
0 0 785 0.00414182 -0.00105494 -0.00439086 -0.00559512
0 0 786 0.00592055 -0.010899 -0.0067028 0.0125584
0 0 787 0.00768382 0.00455423 -0.00650435 0.00411983
0 0 788 0.00924601 -0.00656701 -0.00931242 0.000850776
0 0 789 0.00387888 -0.0081803 -0.0119121 -0.00783107
0 0 790 0.00437383 -0.00188399 0.00153288 -0.00228329
0 0 791 0.00107931 0.00155919 -0.00624637 0.000344246
0 0 792 0.0055184 -0.00196615 -0.0055121 -0.00118871
0 0 793 0.00431196 -0.00530476 0.00339831 -0.0023715
0 0 794 0.000878233 -0.00663423 -0.00585939 -0.000690198
0 0 795 0.00234762 0.00487539 -0.00577009 0.00278334
0 0 796 0.00938521 -0.0136177 -0.000580618 0.00461033
0 0 797 0.009014 -0.0176285 -0.00345814 0.00407306
0 0 798 0.00520906 -0.00142091 0.000213182 0.000583478
0 0 799 0.00573494 -0.0035645 0.00134435 0.000150455
0 0 800 -0.00530866 0.0020372 -0.00316047 0.00730336
0 0 801 0.00394075 -0.00235453 -0.00530373 -0.000305288
0 0 802 -0.00391661 0.00161894 -0.000937828 -0.00125152
0 0 803 0.00718886 0.00419572 -0.00499613 0.0019614
0 0 804 0.00497705 0.000394035 0.00524389 -0.00181686
0 0 805 0.0106381 -0.00854627 0.000381865 -0.00245838
0 0 806 0.00670938 -0.000352858 -0.0109298 -0.00150412
0 0 807 -0.000219941 -0.00483422 0.00290218 0.00238507
0 0 808 0.00274977 -0.00237694 -0.00544265 0.0020309
0 0 809 0.00703419 -0.0101372 -0.000779068 -0.00528639
0 0 810 -0.00421049 0.00205961 -0.00795304 -0.00374408
0 0 811 0.00394075 -0.000644146 -0.00578993 0.00120094
0 0 812 -0.00738127 9.52782e-05 -0.00047147 0.0027526
0 0 813 0.00234762 -0.0020483 0.00182063 -0.0108569
0 0 814 0.00621443 -0.00391554 -0.000709611 -0.00229265
0 0 815 -0.00291124 -0.000173603 -0.00047147 -0.00118203
0 0 816 0.003585 0.00532353 -0.00129504 0.002075
0 0 817 0.00421916 -0.00876287 0.00197939 -0.00706259
0 0 818 -0.00782982 -0.00793382 0.00654374 0.000516654
0 0 819 0.00210014 -0.00267569 -0.00384512 0.00160322
0 0 820 2.7535e-05 0.00220152 0.00610715 -0.00137448
0 0 821 0.00217748 -0.00370641 0.00235644 0.00355717
0 0 822 0.00601335 0.00693682 -0.00158279 -0.00101096
0 0 823 -0.000374613 0.00206708 0.00368606 -8.61037e-05
0 0 824 0.00123398 -0.0106376 -0.0054228 0.00320701
0 0 825 0.00793129 -0.0103239 -0.00214837 0.00542024
0 0 826 0.00149692 -0.00814295 1.47323e-05 -0.000740984
0 0 827 0.00172893 -0.000718835 -0.00271396 -0.0023127
0 0 828 -0.00107064 0.00627208 0.00248544 -0.000227772
0 0 829 0.00230122 -0.000278168 -0.00833009 0.00433501
0 0 830 0.000367814 -0.0015927 0.00416234 0.00590138
0 0 831 -0.00756688 -0.00440102 0.0113462 -0.00304376
0 0 832 0.00223935 -0.00263088 -0.000580618 -0.00250649
0 0 833 -0.00185947 -0.00026323 0.000411632 -0.000910719
0 0 834 0.00033688 -0.00560351 0.00414249 -0.00411562
0 0 835 -0.00271017 -0.00106987 0.00386466 -0.0123845
0 0 836 0.00287351 -0.00270557 -0.00252543 -0.000148919
0 0 837 -0.00665431 0.00308285 -0.00585939 0.00365874
0 0 838 -0.00218428 -0.00263835 0.000332252 -0.0079861
0 0 839 -0.00476731 0.00650362 -0.00345814 5.69008e-05
0 0 840 0.00666298 -0.000166134 0.00346776 -0.00417443
0 0 841 0.0064619 -0.0101147 -0.000362323 -0.000857259
0 0 842 -0.00182853 -0.00351221 -0.00039209 0.000757222
0 0 843 -0.00288031 -0.00165992 0.000381865 0.00168341
0 0 844 0.00199187 0.00193263 -0.00664327 -0.00149076
0 0 845 -0.00806183 -0.00637281 -0.00234682 0.00545098
0 0 846 -0.0036846 0.00131271 0.00245567 -0.006532
0 0 847 -0.00233895 0.00466626 0.000689463 -0.00903926
0 0 848 -0.00255549 0.00471855 0.00067954 0.00138537
0 0 849 0.00491518 -0.000800993 -0.0034383 0.000568777
0 0 850 -0.00427236 0.00533847 0.00117567 -0.00304643
0 0 851 -0.000946901 0.00315754 0.00171148 0.000249356
0 0 852 -0.00476731 -0.00271304 -0.00194992 -0.00293951
0 0 853 -0.00436516 -0.00136116 0.00396389 -0.0101499
0 0 854 0.00315192 -0.00638028 -0.00449008 0.00578777
0 0 855 -0.00387021 0.00554013 0.0089053 0.00237304
0 0 856 0.00429649 0.00329945 0.00270373 0.00444059
0 0 857 0.00200734 -0.00101012 0.00335862 -0.00125954
0 0 858 -0.000266342 -0.00158523 0.0018504 0.0026791
0 0 859 -0.000591154 -0.00120432 0.00523397 0.00502998
0 0 860 -0.0116193 0.00431522 0.00226714 0.000229308
0 0 861 -0.00391661 -0.00364666 -0.00521443 0.00261628
0 0 862 0.00389434 0.000446318 0.00188016 -0.00661754
0 0 863 -0.00442703 0.00589864 0.00913351 -0.000187677
0 0 864 -0.000699425 0.00251521 -0.00146372 5.82373e-05
0 0 865 -0.00246269 -0.00162258 0.00143365 -0.00509661
0 0 866 -0.00318965 -9.1445e-05 -0.00377566 0.000717127
0 0 867 -0.00219975 -9.1445e-05 -0.00103705 -0.00102031
0 0 868 -0.000328211 -0.00738859 -0.00157287 -0.00272835
0 0 869 0.00106384 0.00256002 -0.0020293 0.00110605
0 0 870 -0.000482884 -0.000136259 -0.00356729 -0.00279116
0 0 871 -0.00445796 -0.00570808 0.0063056 0.000306825
0 0 872 -0.000529285 -0.00124913 -0.00648451 -0.0104613
0 0 873 0.000182207 -0.00322093 -0.0049366 -0.00100695
0 0 874 0.00245589 -0.00429645 0.00261443 -0.00457805
0 0 875 0.00305911 0.00115587 0.00380513 0.00872405
0 0 876 -0.00309685 -0.000621739 -0.00299179 -0.00209619
0 0 877 -0.00267923 -0.0032508 0.000977215 -0.00267756
0 0 878 0.000507019 0.00205961 0.000312407 -0.00643176
0 0 879 0.00219295 0.00449448 -0.00328946 0.00220999
0 0 880 -0.0027875 0.00675756 0.00265412 -0.00350752
0 0 881 0.00223935 -0.00717199 -0.000808836 -0.00520353
0 0 882 0.000197675 0.00173097 0.00016357 0.00230087
0 0 883 0.00454397 0.00222392 -0.0012355 -0.000708909
0 0 884 0.00313645 0.000827233 0.00562095 -0.00466359
0 0 885 -0.00623669 0.00786296 -0.0041428 -0.0063636
0 0 886 -0.00388568 -0.000420078 -0.00293225 0.00237839
0 0 887 0.00756008 0.00333679 0.0096991 0.00231824
0 0 888 0.00455943 0.000319346 -0.00822095 0.00488431
0 0 889 -0.00107064 -0.00730643 0.00476761 -0.00145333
0 0 890 -0.0105521 0.00354592 -0.0049366 -0.00441233
0 0 891 -1.88667e-05 -0.0049089 0.00683149 -0.00576619
0 0 892 0.0036314 -0.00667904 0.00298156 -0.00555235
0 0 893 -0.00654604 -0.000464891 -0.000104338 -0.0125275
0 0 894 -0.00588095 0.00273181 0.000223105 -0.00358771
0 0 895 -0.00195227 0.00140234 -0.00191023 0.000654312
0 0 896 0.00434289 0.00999908 0.0023366 0.0102877
0 0 897 0.00389434 -0.0067612 0.00137412 0.00327918
0 0 898 0.00517812 0.00320982 0.00230683 -0.00369597
0 0 899 -0.00168933 -6.90382e-05 -0.00373597 0.00247862
0 0 900 -0.00492198 -0.00390807 0.00256482 -0.00393787
0 0 901 -0.00320512 -0.000584394 -0.000828681 -0.00213093
0 0 902 -0.00105517 0.000618103 -0.00124543 0.00347164
0 0 903 -0.00486011 -0.00508069 -0.00507551 -0.00289006
0 0 904 0.00449757 0.000722668 0.00284265 0.00195472
0 0 905 0.00191454 -0.00831474 -0.00327954 0.000844094
0 0 906 0.00884386 0.00286625 -0.00407334 0.00429358
0 0 907 0.00330659 0.00440485 -0.00812172 0.00297847
0 0 908 0.00938521 -0.00596202 -0.00131488 0.00176761
0 0 909 0.00123398 -0.000479829 0.00272358 -0.000552539
0 0 910 -0.00141092 -0.000629208 0.000659695 -0.0074916
0 0 911 -0.00434969 0.000401504 -0.00155302 0.0079569
0 0 912 0.00214655 -0.00806079 -0.00607769 0.00398886
0 0 913 0.00536373 -0.00468484 -0.00529381 -0.00394455
0 0 914 -0.00756688 0.00253762 0.0028228 -0.00293684
0 0 915 -0.000807696 -0.00178689 -0.00672265 -0.00589583
0 0 916 0.00126491 0.0103277 -0.00466869 -0.00510329
0 0 917 0.000769962 -0.00696286 -0.0043214 0.000651639
0 0 918 -0.0045353 -0.00227237 0.000233027 -0.00137582
0 0 919 0.000785429 -0.00331802 0.00566064 -0.0030745
0 0 920 -0.00125625 -0.00410973 0.00167179 0.00653888
0 0 921 0.00593602 -0.0034674 -0.00353752 -0.00271097
0 0 922 -0.00626763 0.00372518 0.00280296 -0.00833359
0 0 923 0.00279617 -0.00395288 -0.00416264 0.00216722
0 0 924 -8.07356e-05 0.00368036 -0.00673257 -0.00523427
0 0 925 0.000367814 -0.0105554 -0.00262465 -0.000878643
0 0 926 -0.00414862 0.0151078 -0.00275365 0.00405034
0 0 927 -0.00337526 0.00196251 -0.000173795 0.00597889
0 0 928 0.000259544 -0.00400516 0.00588886 -0.00731385
0 0 929 0.00703419 0.000117685 0.00322962 -0.00323755
0 0 930 -0.00199867 -0.00195121 0.00552172 -0.00375076
0 0 931 -0.00357633 0.000722668 -0.00367644 -0.00339659
0 0 932 0.00205374 -0.00350475 -0.0066135 0.0036681
0 0 933 -0.00267923 -0.00593215 0.00182063 0.00744636
0 0 934 0.00318285 0.00220152 0.00723832 0.000439137
0 0 935 -0.00472091 0.00317248 0.00658343 0.00402762
0 0 936 -0.00815463 0.00520403 0.00257474 -0.00322552
0 0 937 -0.00284937 0.00475589 -0.00534342 0.000690398
0 0 938 0.00384794 -0.0008234 -0.00135457 -0.000873297
0 0 939 -0.000158072 0.00157413 0.00359676 0.00207768
0 0 940 -0.00227708 0.000774951 0.00127489 -0.00156694
0 0 941 -0.00226162 0.00057329 -0.00424202 0.00568486
0 0 942 -0.00526226 -0.00181677 -0.000263098 0.00708417
0 0 943 1.20678e-05 -3.91625e-05 0.00783367 -0.00713476
0 0 944 -0.00172026 0.00567457 -0.00117597 0.00151635
0 0 945 -0.0113254 0.0014845 -0.00498621 0.00547637
0 0 946 0.000507019 0.0036953 0.000352097 -0.00199194
0 0 947 -0.00671618 -0.00517779 -0.00132481 0.00118757
0 0 948 -0.00400941 0.00548785 -0.00649443 -0.00829884
0 0 949 0.00541013 0.00411356 -0.00180109 0.00319498
0 0 950 0.0130973 -0.000494767 -0.0113267 0.00675539
0 0 951 -0.00318965 0.00658578 -0.00108667 -0.000615354
0 0 952 0.000383281 -0.00335537 -0.00719893 -0.00631415
0 0 953 0.00253323 -0.00378857 -0.00284295 0.00413587
0 0 954 -0.00970136 0.00784056 0.000748998 0.00331259
0 0 955 -0.000235408 -0.00413214 -0.000402013 0.00120094
0 0 956 -0.00434969 -3.91625e-05 -0.000342478 -0.00799412
0 0 957 -0.000792228 0.000886985 -0.00109659 -0.00567531
0 0 958 -0.00335979 -0.00129394 0.00799243 0.00614462
0 0 959 -0.000900499 0.00274675 0.0077146 0.000350929
0 0 960 0.00892119 -0.00554376 0.0032197 0.000761232
0 0 961 -0.00455077 -0.00485662 -0.00635552 -0.00356766
0 0 962 0.011396 -0.00357943 -0.00213845 0.0041078
0 0 963 0.00404902 -0.0157911 0.00676204 -0.00166183
0 0 964 -0.00155012 0.00161147 -0.00450001 -0.0029502
0 0 965 -0.00178213 -0.00209312 -0.00905444 0.00283012
0 0 966 -0.00315872 -0.00220515 0.000967293 0.00299317
0 0 967 0.00687952 0.00146956 0.00155272 -0.000344047
0 0 968 0.00513172 0.00646628 -0.00132481 0.000615554
0 0 969 -0.00148825 -0.00685083 0.00209846 0.00337942
0 0 970 -0.00332885 -0.00520019 -0.00180109 -0.00608962
0 0 971 -0.0027411 -0.000285637 -0.00348791 -0.00464087
0 0 972 0.00245589 0.000924329 -0.00536327 -0.00359439
0 0 973 0.0111021 -0.00252632 -0.000898138 -0.00285398
0 0 974 0.00118758 -0.00357943 0.00530343 0.000333554
0 0 975 0.00598242 -0.00724668 -0.000481393 0.00509146
0 0 976 -0.00295764 0.00282891 -0.000610386 -0.00536391
0 0 977 0.00251776 -0.00544667 -0.00175147 -0.00383095
0 0 978 0.00480691 -0.0069778 -0.00840947 7.02657e-05
0 0 979 0.00338392 0.00311273 0.00485691 -0.00159634
0 0 980 -0.0044889 0.00057329 0.00734746 0.00435372
0 0 981 0.0063227 -0.00162258 0.00613692 0.000995117
0 0 982 0.00522453 -0.00195868 0.00174125 0.00501395
0 0 983 0.00154332 -0.00304914 0.00371583 0.00225008
0 0 984 0.00304365 -0.00270557 -0.00203923 -0.00191576
0 0 985 0.00582775 -0.00378857 -0.0052442 -0.0083082
0 0 986 -0.00320512 -0.00501347 -0.00119581 0.0040637
0 0 987 0.000769962 0.00555507 0.0078932 0.00332997
0 0 988 0.00579681 -0.00568567 -0.000828681 -0.00142527
0 0 989 -3.39943e-06 3.55268e-05 -0.0034383 -0.00783241
0 0 990 0.00163613 0.00274675 0.00219768 0.0013533
0 0 991 -0.00028181 -0.00701514 0.00444017 -0.00299698
0 0 992 -0.00298858 0.00356086 -0.00101721 -0.00855678
0 0 993 -0.00326699 -0.00108481 0.00270373 0.00466646
0 0 994 -0.00145732 -0.00354956 -0.00427179 -0.00317607
0 0 995 -0.000993302 -0.00750062 -0.00312078 0.00491638
0 0 996 0.00318285 0.000386566 -0.00309101 0.00396079
0 0 997 0.00236309 -0.00287736 0.00229691 -0.00133038
0 0 998 0.0062763 -0.00114456 -0.00923304 0.000665004
0 0 999 0.00120304 0.00135006 -0.00674249 0.00600161
0 0 1000 0.00234762 -0.00620103 0.00762529 -0.00208282
0 0 1001 0.00472957 0.00382227 0.00317009 -0.000962842
0 0 1002 0.00288897 -0.000457423 -0.00715924 0.0022434
0 0 1003 -0.00155012 0.000677855 -0.00047147 0.00441653
0 0 1004 -0.00147279 -0.00449064 0.00280296 0.00674337
0 0 1005 0.00675578 0.00493514 -0.000739378 0.00574902
0 0 1006 0.00670938 0.000386566 0.00099706 -0.00546147
0 0 1007 0.00689499 -5.41004e-05 0.00515459 -0.00581831
0 0 1008 0.000414216 0.0024704 -0.00372605 0.00545365
0 0 1009 0.00033688 0.001365 0.00372575 0.00201352
0 0 1010 0.00254869 -0.00524501 -0.0024262 0.00345827
0 0 1011 0.00496158 0.00507705 0.00320978 0.00178498
0 0 1012 0.00236309 0.00248534 -0.00483737 -0.00396727
0 0 1013 -0.000745827 0.00559241 0.00247551 -0.00438426
0 0 1014 -0.000235408 8.78093e-05 0.003438 0.00148962
0 0 1015 -0.00286484 -0.00517032 -0.00666311 0.000270739
0 0 1016 0.00157426 -0.00844918 0.00557134 -2.72981e-05
0 0 1017 -0.0090672 0.0011708 -0.00672265 0.00507008
0 0 1018 0.00511626 -0.00563339 0.00101691 0.00456622
0 0 1019 -0.00714926 0.00537581 0.00467831 -0.00227929
0 0 1020 0.00129585 -0.0017122 0.000967293 -0.000926757
0 0 1021 -0.00161199 0.00121562 0.0048966 0.00535742
0 0 1022 -0.000451949 -0.00599937 0.00223737 -0.00159233
0 0 1023 -0.00340619 0.000774951 -0.00470838 0.00102853
