0 0 0 -0.00518463
0 0 1 -0.00518463
0 0 2 -0.00518463
0 0 3 -0.00518463
0 0 4 -0.00518463
0 0 5 -0.00518463
0 0 6 -0.00518463
0 0 7 -0.00518463
0 0 8 -0.00518463
0 0 9 -0.00518463
0 0 10 -0.00518463
0 0 11 -0.00518463
0 0 12 -0.00518463
0 0 13 -0.00518463
0 0 14 -0.00518463
0 0 15 -0.00518463
0 0 16 -0.00518463
0 0 17 -0.00518463
0 0 18 -0.00518463
0 0 19 -0.00518463
0 0 20 -0.00518463
0 0 21 -0.00518463
0 0 22 -0.00518463
0 0 23 -0.00518463
0 0 24 -0.00518463
0 0 25 -0.00518463
0 0 26 1.36438
0 0 27 7.09345
0 0 28 -0.00518463
0 0 29 -0.00518463
0 0 30 -0.00518463
0 0 31 -0.00518463
0 0 32 -0.00518463
0 0 33 -0.00518463
0 0 34 -0.00518463
0 0 35 -0.00518463
0 0 36 -0.00518463
0 0 37 -0.00518463
0 0 38 -0.00518463
0 0 39 -0.00518463
0 0 40 -0.00518463
0 0 41 -0.00518463
0 0 42 -0.00518463
0 0 43 -0.00518463
0 0 44 -0.00518463
0 0 45 -0.00518463
0 0 46 -0.00518463
0 0 47 -0.00518463
0 0 48 -0.00518463
0 0 49 -0.00518463
0 0 50 -0.00518463
0 0 51 -0.00518463
0 0 52 -4.14174
0 0 53 -9.12632
0 0 54 -1.1936
0 0 55 3.64765
0 0 56 0.478542
0 0 57 0.0346282
0 0 58 1.58733
0 0 59 6.42858
0 0 60 3.6357
0 0 61 -5.38191
0 0 62 -14.8932
0 0 63 -9.93452
0 0 64 -3.25392
0 0 65 -1.21948
0 0 66 -7.23321
0 0 67 -0.435164
0 0 68 -0.00518463
0 0 69 -0.00518463
0 0 70 8.77555
0 0 71 7.78421
0 0 72 -0.254015
0 0 73 3.28336
0 0 74 7.88971
0 0 75 4.53547
0 0 76 0.269524
0 0 77 0.777138
0 0 78 -0.0569414
0 0 79 0.582055
0 0 80 -9.81707
0 0 81 -10.4302
0 0 82 -9.41297
0 0 83 -3.25392
0 0 84 -3.76352
0 0 85 -0.0449975
0 0 86 9.01044
0 0 87 -0.00518463
0 0 88 0.086385
0 0 89 -18.1658
0 0 90 -18.8188
0 0 91 5.38349
0 0 92 -0.00518463
0 0 93 7.64088
0 0 94 -0.526733
0 0 95 5.73583
0 0 96 3.32118
0 0 97 0.986156
0 0 98 -7.66518
0 0 99 -10.4043
0 0 100 -8.74809
0 0 101 -5.21072
0 0 102 1.15536
0 0 103 10.9155
0 0 104 0.333225
0 0 105 -13.5097
0 0 106 -10.5218
0 0 107 -6.79129
0 0 108 -11.0572
0 0 109 -2.60098
0 0 110 3.20373
0 0 111 3.73922
0 0 112 7.47167
0 0 113 19.529
0 0 114 12.8205
0 0 115 6.27132
0 0 116 9.73106
0 0 117 6.50621
0 0 118 0.633812
0 0 119 -3.71176
0 0 120 -3.08471
0 0 121 2.65631
0 0 122 17.3771
0 0 123 27.5155
0 0 124 15.6134
0 0 125 13.1351
0 0 126 12.6394
0 0 127 3.45256
0 0 128 0.986156
0 0 129 9.62555
0 0 130 1.09166
0 0 131 -0.749685
0 0 132 1.87398
0 0 133 8.41325
0 0 134 8.00716
0 0 135 -4.72898
0 0 136 -12.7274
0 0 137 -9.84295
0 0 138 -3.25392
0 0 139 7.45774
0 0 140 4.53547
0 0 141 5.22623
0 0 142 11.3335
0 0 143 12.4184
0 0 144 9.36279
0 0 145 9.6375
0 0 146 11.7535
0 0 147 11.5425
0 0 148 0.882643
0 0 149 -2.44571
0 0 150 -0.0967543
0 0 151 8.75166
0 0 152 6.83268
0 0 153 -4.07605
0 0 154 -17.1625
0 0 155 -18.9641
0 0 156 -13.0917
0 0 157 2.63043
0 0 158 1.23499
0 0 159 -4.51997
0 0 160 -6.0866
0 0 161 0.0605066
0 0 162 -1.1936
0 0 163 -2.91551
0 0 164 -0.449098
0 0 165 -0.136567
0 0 166 -5.01564
0 0 167 -5.60288
0 0 168 -11.7739
0 0 169 -11.3439
0 0 170 -8.14692
0 0 171 -0.122633
0 0 172 3.84472
0 0 173 8.7636
0 0 174 13.5252
0 0 175 17.1283
0 0 176 9.32496
0 0 177 4.46978
0 0 178 1.7426
0 0 179 7.31441
0 0 180 14.5305
0 0 181 10.7065
0 0 182 3.66158
0 0 183 7.77226
0 0 184 5.26604
0 0 185 -1.37475
0 0 186 -2.69255
0 0 187 2.38359
0 0 188 -1.92417
0 0 189 -3.94666
0 0 190 6.64954
0 0 191 13.37
0 0 192 7.81008
0 0 193 7.19697
0 0 194 4.36627
0 0 195 7.05364
0 0 196 7.31441
0 0 197 9.05025
0 0 198 -2.01374
0 0 199 -3.41118
0 0 200 1.23499
0 0 201 3.50432
0 0 202 15.484
0 0 203 27.9713
0 0 204 18.6034
0 0 205 4.4439
0 0 206 -1.20554
0 0 207 2.64436
0 0 208 -4.82055
0 0 209 -3.27979
0 0 210 0.478542
0 0 211 4.58723
0 0 212 9.75494
0 0 213 11.3216
0 0 214 -0.174389
0 0 215 -1.1936
0 0 216 10.384
0 0 217 11.9347
0 0 218 -6.8948
0 0 219 -14.8275
0 0 220 -14.6842
0 0 221 -1.98787
0 0 222 10.4596
0 0 223 7.35423
0 0 224 -5.99503
0 0 225 -10.3127
0 0 226 -15.6238
0 0 227 -14.4632
0 0 228 -10.4959
0 0 229 -8.21261
0 0 230 -8.30418
0 0 231 -14.1766
0 0 232 -18.4266
0 0 233 -3.74959
0 0 234 1.54752
0 0 235 -1.20554
0 0 236 4.58723
0 0 237 10.1989
0 0 238 6.76699
0 0 239 3.07434
0 0 240 -0.735751
0 0 241 -4.31095
0 0 242 -20.2281
0 0 243 -16.9814
0 0 244 -3.3853
0 0 245 -1.50613
0 0 246 -10.3665
0 0 247 -2.35414
0 0 248 -2.48354
0 0 249 -9.28159
0 0 250 -9.07456
0 0 251 5.09684
0 0 252 19.099
0 0 253 25.4253
0 0 254 17.0745
0 0 255 4.66686
0 0 256 -16.434
0 0 257 -29.0248
0 0 258 -19.9435
0 0 259 -2.52335
0 0 260 -0.735751
0 0 261 -8.28825
0 0 262 -10.1037
0 0 263 -8.48732
0 0 264 -18.6257
0 0 265 -14.306
0 0 266 -13.9019
0 0 267 -16.6947
0 0 268 -14.0054
0 0 269 -6.63403
0 0 270 -1.63552
0 0 271 1.99143
0 0 272 -1.11397
0 0 273 8.00716
0 0 274 9.56185
0 0 275 3.75315
0 0 276 4.52353
0 0 277 9.36279
0 0 278 4.01393
0 0 279 5.67014
0 0 280 17.2318
0 0 281 21.7864
0 0 282 21.6829
0 0 283 14.5046
0 0 284 -3.72371
0 0 285 -5.09327
0 0 286 -5.27641
0 0 287 -8.85161
0 0 288 -17.5925
0 0 289 -17.0332
0 0 290 -6.75148
0 0 291 -2.7463
0 0 292 -13.4321
0 0 293 -15.4028
0 0 294 -15.0883
0 0 295 -11.2145
0 0 296 -14.6324
0 0 297 -14.7638
0 0 298 -15.9642
0 0 299 -13.7187
0 0 300 -5.72032
0 0 301 6.95013
0 0 302 12.926
0 0 303 21.1992
0 0 304 18.3685
0 0 305 2.32984
0 0 306 -0.461042
0 0 307 13.567
0 0 308 6.10211
0 0 309 -4.938
0 0 310 -9.06062
0 0 311 -3.01902
0 0 312 -1.07615
0 0 313 -4.97582
0 0 314 -12.1262
0 0 315 -9.37316
0 0 316 -8.81378
0 0 317 -8.09516
0 0 318 -4.45427
0 0 319 10.6945
0 0 320 12.8365
0 0 321 5.18841
0 0 322 4.61311
0 0 323 4.10549
0 0 324 0.464607
0 0 325 4.70468
0 0 326 -3.3853
0 0 327 -9.7255
0 0 328 -2.21082
0 0 329 8.60634
0 0 330 13.1868
0 0 331 20.584
0 0 332 19.4394
0 0 333 10.1989
0 0 334 -4.91212
0 0 335 -1.7669
0 0 336 8.58245
0 0 337 22.7777
0 0 338 24.6032
0 0 339 18.5914
0 0 340 17.7155
0 0 341 21.9835
0 0 342 15.4442
0 0 343 8.17636
0 0 344 2.39553
0 0 345 1.61321
0 0 346 -0.474977
0 0 347 4.45784
0 0 348 1.27281
0 0 349 -2.70649
0 0 350 4.19706
0 0 351 13.9572
0 0 352 8.38538
0 0 353 5.16253
0 0 354 3.64765
0 0 355 3.90842
0 0 356 0.556177
0 0 357 1.19517
0 0 358 11.23
0 0 359 20.5223
0 0 360 9.61361
0 0 361 -6.42501
0 0 362 -18.7531
0 0 363 -19.5115
0 0 364 -4.89819
0 0 365 9.37672
0 0 366 9.5718
0 0 367 14.5046
0 0 368 12.3786
0 0 369 1.73066
0 0 370 -8.30418
0 0 371 -8.9173
0 0 372 -2.48354
0 0 373 11.8949
0 0 374 -1.01046
0 0 375 -8.63064
0 0 376 -8.30418
0 0 377 -2.51141
0 0 378 6.02249
0 0 379 15.3666
0 0 380 15.3666
0 0 381 15.275
0 0 382 12.3129
0 0 383 4.39215
0 0 384 -5.26447
0 0 385 -8.6824
0 0 386 -4.20743
0 0 387 6.66148
0 0 388 7.75833
0 0 389 7.40598
0 0 390 2.09494
0 0 391 7.31441
0 0 392 10.4875
0 0 393 7.92753
0 0 394 7.15914
0 0 395 10.0038
0 0 396 5.55269
0 0 397 13.0952
0 0 398 11.648
0 0 399 6.24544
0 0 400 5.98466
0 0 401 8.04498
0 0 402 6.07623
0 0 403 4.90175
0 0 404 -7.72888
0 0 405 -6.99832
0 0 406 -4.61153
0 0 407 2.00338
0 0 408 3.67353
0 0 409 -9.20395
0 0 410 -20.1246
0 0 411 -15.8069
0 0 412 -16.2628
0 0 413 -17.5169
0 0 414 -16.8241
0 0 415 -7.11577
0 0 416 4.32646
0 0 417 21.7725
0 0 418 29.536
0 0 419 18.7069
0 0 420 10.9314
0 0 421 20.9384
0 0 422 20.3233
0 0 423 9.78281
0 0 424 2.82551
0 0 425 5.50094
0 0 426 13.0057
0 0 427 19.8435
0 0 428 20.2078
0 0 429 16.0832
0 0 430 -3.7894
0 0 431 -7.06401
0 0 432 10.3183
0 0 433 29.6017
0 0 434 16.774
0 0 435 -6.71166
0 0 436 -12.5323
0 0 437 -7.31284
0 0 438 -9.86883
0 0 439 -11.4215
0 0 440 -10.3924
0 0 441 -1.5977
0 0 442 -2.95333
0 0 443 6.976
0 0 444 14.9246
0 0 445 3.17786
0 0 446 -8.00359
0 0 447 -3.63214
0 0 448 -4.62348
0 0 449 -16.4977
0 0 450 -20.3735
0 0 451 -2.05356
0 0 452 6.4664
0 0 453 2.55279
0 0 454 -6.64597
0 0 455 -15.1679
0 0 456 -23.4012
0 0 457 -27.9279
0 0 458 -30.47
0 0 459 -26.7933
0 0 460 -19.9952
0 0 461 -10.47
0 0 462 -3.65802
0 0 463 -7.25909
0 0 464 -17.5288
0 0 465 -6.47677
0 0 466 7.24872
0 0 467 12.8743
0 0 468 12.1557
0 0 469 12.6115
0 0 470 12.6792
0 0 471 16.3699
0 0 472 9.21946
0 0 473 5.12271
0 0 474 11.6361
0 0 475 21.5256
0 0 476 18.9557
0 0 477 21.7486
0 0 478 20.17
0 0 479 16.6466
0 0 480 3.10022
0 0 481 -2.87569
0 0 482 -0.644181
0 0 483 -5.36798
0 0 484 -8.63064
0 0 485 8.60634
0 0 486 17.2855
0 0 487 13.2644
0 0 488 8.98456
0 0 489 8.81536
0 0 490 1.26086
0 0 491 0.65969
0 0 492 9.32496
0 0 493 11.6739
0 0 494 -0.514789
0 0 495 -7.69106
0 0 496 -6.63403
0 0 497 6.04836
0 0 498 18.9438
0 0 499 25.1904
0 0 500 13.8517
0 0 501 4.52353
0 0 502 -7.3646
0 0 503 -4.41645
0 0 504 2.10888
0 0 505 1.83417
0 0 506 5.81347
0 0 507 0.138142
0 0 508 -9.03475
0 0 509 -6.81717
0 0 510 -10.6531
0 0 511 -7.49399
0 0 512 4.56135
0 0 513 21.237
0 0 514 25.6741
0 0 515 22.7519
0 0 516 15.0779
0 0 517 9.48023
0 0 518 3.62177
0 0 519 11.021
0 0 520 14.3991
0 0 521 1.6789
0 0 522 -17.1247
0 0 523 -11.3837
0 0 524 -5.94129
0 0 525 -1.87042
0 0 526 6.70129
0 0 527 11.1006
0 0 528 7.14521
0 0 529 9.6375
0 0 530 4.57529
0 0 531 -1.92417
0 0 532 1.32656
0 0 533 9.24534
0 0 534 7.54931
0 0 535 2.22633
0 0 536 2.35572
0 0 537 9.40459
0 0 538 3.58395
0 0 539 -9.03475
0 0 540 -15.6238
0 0 541 -4.28507
0 0 542 -3.22804
0 0 543 -4.1935
0 0 544 -3.13647
0 0 545 -3.46293
0 0 546 -7.3646
0 0 547 -11.9311
0 0 548 -12.2317
0 0 549 7.34029
0 0 550 16.1748
0 0 551 7.90165
0 0 552 -7.58556
0 0 553 -14.9191
0 0 554 -15.2854
0 0 555 -0.254015
0 0 556 8.77555
0 0 557 6.96207
0 0 558 -3.46293
0 0 559 -1.93611
0 0 560 3.40081
0 0 561 3.62177
0 0 562 4.9137
0 0 563 6.20562
0 0 564 -4.94994
0 0 565 -14.1228
0 0 566 -11.9053
0 0 567 2.67024
0 0 568 5.0192
0 0 569 -0.0967543
0 0 570 0.347159
0 0 571 5.34368
0 0 572 7.65481
0 0 573 8.52871
0 0 574 -4.27113
0 0 575 3.21767
0 0 576 6.67542
0 0 577 1.23499
0 0 578 2.53886
0 0 579 10.4357
0 0 580 15.0262
0 0 581 16.9969
0 0 582 11.1245
0 0 583 10.1471
0 0 584 12.0382
0 0 585 13.9572
0 0 586 3.57001
0 0 587 3.5302
0 0 588 15.4203
0 0 589 20.0386
0 0 590 6.0623
0 0 591 -7.03813
0 0 592 -20.0211
0 0 593 -13.7964
0 0 594 1.48183
0 0 595 4.81018
0 0 596 -3.54057
0 0 597 3.40081
0 0 598 0.960278
0 0 599 -12.4009
0 0 600 -11.0572
0 0 601 3.89648
0 0 602 3.59589
0 0 603 -7.31284
0 0 604 -19.5513
0 0 605 -12.6756
0 0 606 -2.7463
0 0 607 8.52871
0 0 608 14.0607
0 0 609 12.4184
0 0 610 2.94296
0 0 611 4.28863
0 0 612 -1.34887
0 0 613 -9.64786
0 0 614 -4.91212
0 0 615 1.99143
0 0 616 3.38687
0 0 617 8.50283
0 0 618 1.45595
0 0 619 0.0605066
0 0 620 -3.12452
0 0 621 -4.80662
0 0 622 -4.20743
0 0 623 -7.03813
0 0 624 -2.69255
0 0 625 8.71185
0 0 626 8.60634
0 0 627 1.02597
0 0 628 -12.6358
0 0 629 -1.48025
0 0 630 17.0745
0 0 631 20.9006
0 0 632 7.91559
0 0 633 2.79963
0 0 634 -2.01374
0 0 635 -8.85161
0 0 636 -18.6914
0 0 637 -14.4752
0 0 638 -2.31433
0 0 639 3.66158
0 0 640 -0.474977
0 0 641 9.54593
0 0 642 23.2356
0 0 643 23.6536
0 0 644 6.11406
0 0 645 -1.4265
0 0 646 -4.89819
0 0 647 1.69084
0 0 648 4.5096
0 0 649 3.03453
0 0 650 3.50432
0 0 651 1.92574
0 0 652 -2.69255
0 0 653 7.22284
0 0 654 14.5703
0 0 655 15.5099
0 0 656 8.37145
0 0 657 -1.15379
0 0 658 -7.90008
0 0 659 -5.06739
0 0 660 1.76848
0 0 661 1.58733
0 0 662 -6.09855
0 0 663 2.67024
0 0 664 5.69602
0 0 665 -0.136567
0 0 666 -5.95522
0 0 667 3.67353
0 0 668 9.87239
0 0 669 3.88254
0 0 670 -1.44044
0 0 671 14.0508
0 0 672 21.7864
0 0 673 12.9141
0 0 674 0.647747
0 0 675 1.14342
0 0 676 5.99661
0 0 677 4.31451
0 0 678 5.90504
0 0 679 17.0387
0 0 680 17.5702
0 0 681 10.0814
0 0 682 -3.98448
0 0 683 -10.7049
0 0 684 -7.84633
0 0 685 8.94873
0 0 686 21.2768
0 0 687 22.2442
0 0 688 10.3939
0 0 689 -4.14174
0 0 690 -11.0572
0 0 691 2.86532
0 0 692 8.43714
0 0 693 9.92415
0 0 694 10.2506
0 0 695 12.508
0 0 696 3.21767
0 0 697 0.16402
0 0 698 4.57529
0 0 699 6.4664
0 0 700 1.40419
0 0 701 3.25748
0 0 702 4.66686
0 0 703 4.43196
0 0 704 5.69602
0 0 705 7.41992
0 0 706 12.8862
0 0 707 21.7486
0 0 708 19.2563
0 0 709 27.5413
0 0 710 38.7885
0 0 711 36.2962
0 0 712 15.3666
0 0 713 -3.48881
0 0 714 -13.9417
0 0 715 -9.80513
0 0 716 -1.79278
0 0 717 -0.174389
0 0 718 1.11754
0 0 719 6.79286
0 0 720 -1.92417
0 0 721 -10.4959
0 0 722 -4.94994
0 0 723 12.9022
0 0 724 14.2299
0 0 725 12.301
0 0 726 8.15048
0 0 727 6.21956
0 0 728 8.77555
0 0 729 13.3441
0 0 730 2.63043
0 0 731 -4.54584
0 0 732 -5.3421
0 0 733 0.974212
0 0 734 6.03642
0 0 735 11.2937
0 0 736 7.66676
0 0 737 2.68218
0 0 738 4.96545
0 0 739 25.4532
0 0 740 36.7003
0 0 741 32.0541
0 0 742 36.559
0 0 743 57.3293
0 0 744 61.4261
0 0 745 64.9635
0 0 746 79.2244
0 0 747 99.9869
0 0 748 88.9706
0 0 749 48.6282
0 0 750 20.9264
0 0 751 30.6846
0 0 752 31.9646
0 0 753 21.9417
0 0 754 17.8071
0 0 755 13.2127
0 0 756 9.41653
0 0 757 21.9178
0 0 758 23.7551
0 0 759 17.0507
0 0 760 8.98456
0 0 761 -0.214202
0 0 762 -13.5097
0 0 763 -18.6257
0 0 764 -5.90346
0 0 765 12.301
0 0 766 13.2286
0 0 767 18.0659
0 0 768 11.3594
0 0 769 -1.97592
0 0 770 -5.18484
0 0 771 0.934399
0 0 772 7.60107
0 0 773 10.5512
0 0 774 1.6789
0 0 775 0.84283
0 0 776 7.65481
0 0 777 13.1112
0 0 778 6.85856
0 0 779 4.99133
0 0 780 7.05364
0 0 781 15.3148
0 0 782 16.2166
0 0 783 15.1974
0 0 784 7.02776
0 0 785 9.8067
0 0 786 14.7913
0 0 787 8.16243
0 0 788 3.89648
0 0 789 14.5564
0 0 790 12.3249
0 0 791 4.63899
0 0 792 11.9865
0 0 793 26.5082
0 0 794 25.3875
0 0 795 16.2663
0 0 796 7.8499
0 0 797 5.77565
0 0 798 -0.383407
0 0 799 -10.04
0 0 800 -12.9742
0 0 801 -10.261
0 0 802 -4.16762
0 0 803 0.0346282
0 0 804 -3.29373
0 0 805 2.34378
0 0 806 5.22623
0 0 807 10.1471
0 0 808 13.0952
0 0 809 16.5669
0 0 810 14.9605
0 0 811 15.3526
0 0 812 18.1455
0 0 813 17.7693
0 0 814 5.98466
0 0 815 3.80491
0 0 816 -1.03634
0 0 817 -1.53201
0 0 818 8.2958
0 0 819 20.8488
0 0 820 20.9264
0 0 821 20.0008
0 0 822 21.3962
0 0 823 11.23
0 0 824 -12.4925
0 0 825 -11.9829
0 0 826 2.26614
0 0 827 16.1369
0 0 828 13.7342
0 0 829 1.70478
0 0 830 -6.0866
0 0 831 -13.2489
0 0 832 -11.0433
0 0 833 -3.3853
0 0 834 -6.85499
0 0 835 -0.683994
0 0 836 10.5631
0 0 837 23.6536
0 0 838 12.1557
0 0 839 -0.749685
0 0 840 0.516364
0 0 841 3.77903
0 0 842 -4.40252
0 0 843 -11.6445
0 0 844 -8.6824
0 0 845 6.24544
0 0 846 8.69791
0 0 847 2.65631
0 0 848 -5.77208
0 0 849 -8.81378
0 0 850 -12.375
0 0 851 -9.45278
0 0 852 -3.51469
0 0 853 2.44729
0 0 854 -6.69972
0 0 855 -6.76342
0 0 856 -4.74093
0 0 857 -6.16424
0 0 858 -5.02957
0 0 859 3.60982
0 0 860 10.4875
0 0 861 19.9849
0 0 862 9.40459
0 0 863 -2.75825
0 0 864 -9.93452
0 0 865 5.73583
0 0 866 15.7985
0 0 867 15.7826
0 0 868 16.0434
0 0 869 18.4063
0 0 870 14.5823
0 0 871 7.615
0 0 872 8.54065
0 0 873 15.4721
0 0 874 11.9984
0 0 875 6.93619
0 0 876 -1.96199
0 0 877 -4.06411
0 0 878 -2.52335
0 0 879 0.530299
0 0 880 -6.81717
0 0 881 -12.4149
0 0 882 -6.30756
0 0 883 7.615
0 0 884 8.62227
0 0 885 14.9485
0 0 886 22.4254
0 0 887 22.517
0 0 888 14.1264
0 0 889 5.33173
0 0 890 -5.19877
0 0 891 -9.12632
0 0 892 4.0398
0 0 893 24.422
0 0 894 28.5864
0 0 895 24.8261
0 0 896 16.4216
0 0 897 7.06757
0 0 898 -2.34021
0 0 899 1.23499
0 0 900 -1.4265
0 0 901 -3.13647
0 0 902 -0.540668
0 0 903 1.88593
0 0 904 -3.16235
0 0 905 -2.92745
0 0 906 -7.79457
0 0 907 -2.73237
0 0 908 -2.10531
0 0 909 7.92753
0 0 910 16.774
0 0 911 6.8705
0 0 912 -4.18156
0 0 913 -6.8948
0 0 914 -7.44223
0 0 915 0.946343
0 0 916 5.38349
0 0 917 4.32646
0 0 918 -2.09337
0 0 919 -14.1885
0 0 920 -12.9623
0 0 921 4.30058
0 0 922 3.75315
0 0 923 2.4871
0 0 924 4.88782
0 0 925 8.48889
0 0 926 7.83596
0 0 927 8.60634
0 0 928 4.2747
0 0 929 -0.723807
0 0 930 -1.75297
0 0 931 3.62177
0 0 932 6.44052
0 0 933 4.53547
0 0 934 -7.49399
0 0 935 -8.66847
0 0 936 1.28674
0 0 937 14.1782
0 0 938 11.6082
0 0 939 4.26077
0 0 940 1.11754
0 0 941 8.0191
0 0 942 10.8896
0 0 943 8.71185
0 0 944 -0.813386
0 0 945 -2.06749
0 0 946 3.93629
0 0 947 9.9759
0 0 948 -3.46293
0 0 949 -13.6272
0 0 950 -12.5064
0 0 951 -7.62537
0 0 952 -8.26437
0 0 953 -0.200268
0 0 954 6.89638
0 0 955 8.30774
0 0 956 3.80491
0 0 957 9.75494
0 0 958 13.776
0 0 959 1.45595
0 0 960 -8.25242
0 0 961 -1.53201
0 0 962 -6.63403
0 0 963 -10.9139
0 0 964 -9.94845
0 0 965 6.40071
0 0 966 26.0782
0 0 967 22.1786
0 0 968 0.189898
0 0 969 -6.93462
0 0 970 -1.8963
0 0 971 2.42141
0 0 972 -6.30756
0 0 973 -10.1953
0 0 974 -11.1747
0 0 975 -3.25392
0 0 976 -4.3627
0 0 977 -5.53718
0 0 978 -1.28318
0 0 979 0.542242
0 0 980 7.28854
0 0 981 13.997
0 0 982 -5.58894
0 0 983 -23.4012
0 0 984 -15.9502
0 0 985 1.19517
0 0 986 0.582055
0 0 987 -5.60288
0 0 988 -0.317716
0 0 989 0.647747
0 0 990 0.243646
0 0 991 5.43525
0 0 992 3.25748
0 0 993 1.28674
0 0 994 -5.56306
0 0 995 -12.1919
0 0 996 -20.7656
0 0 997 -12.7533
0 0 998 2.20045
0 0 999 11.7257
0 0 1000 12.1557
0 0 1001 15.7707
0 0 1002 10.3183
0 0 1003 5.13665
0 0 1004 0.0605066
0 0 1005 -5.35404
0 0 1006 -14.7638
0 0 1007 -18.1041
0 0 1008 -15.5322
0 0 1009 -1.3628
0 0 1010 7.75833
0 0 1011 10.8259
0 0 1012 0.556177
0 0 1013 -6.7256
0 0 1014 -5.2366
0 0 1015 1.11754
0 0 1016 -0.214202
0 0 1017 0.607934
0 0 1018 1.71672
0 0 1019 -0.0449975
0 0 1020 -0.00518463
0 0 1021 -0.00518463
0 0 1022 -0.00518463
0 0 1023 -0.00518463
