0 0 0 -0.0683568
0 0 1 0.203237
0 0 2 0.244104
0 0 3 0.0243218
0 0 4 0.0813281
0 0 5 0.0317333
0 0 6 -0.23425
0 0 7 -0.0853963
0 0 8 0.0517513
0 0 9 0.225818
0 0 10 -0.00352336
0 0 11 0.281162
0 0 12 -0.00483942
0 0 13 0.138334
0 0 14 0.0338805
0 0 15 0.112221
0 0 16 0.494433
0 0 17 0.557119
0 0 18 0.916612
0 0 19 1.19825
0 0 20 1.38624
0 0 21 1.52117
0 0 22 2.69295
0 0 23 3.39808
0 0 24 3.99267
0 0 25 3.51819
0 0 26 2.65111
0 0 27 1.88946
0 0 28 0.846099
0 0 29 0.663721
0 0 30 0.581016
0 0 31 0.233229
0 0 32 -0.0143982
0 0 33 0.179686
0 0 34 -0.0126665
0 0 35 -0.0810325
0 0 36 0.266754
0 0 37 -0.119752
0 0 38 -0.0130821
0 0 39 0.0430237
0 0 40 -0.0265891
0 0 41 0.0931034
0 0 42 -0.093639
0 0 43 0.0504352
0 0 44 0.164933
0 0 45 -0.00310776
0 0 46 0.0669899
0 0 47 0.233229
0 0 48 0.00776708
0 0 49 0.0378287
0 0 50 -0.0640623
0 0 51 -0.11712
0 0 52 -0.200725
0 0 53 -0.18327
0 0 54 0.275482
0 0 55 -0.0810325
0 0 56 -0.18417
0 0 57 -0.0971024
0 0 58 -0.0509709
0 0 59 0.0304172
0 0 60 -0.102367
0 0 61 -0.0013761
0 0 62 -0.187634
0 0 63 0.0365127
0 0 64 -0.103198
0 0 65 -0.0300524
0 0 66 -0.163252
0 0 67 0.0626261
0 0 68 0.00215649
0 0 69 0.0321489
0 0 70 0.214527
0 0 71 0.0713537
0 0 72 -0.308642
0 0 73 0.0360971
0 0 74 0.171859
0 0 75 -0.0166147
0 0 76 0.000355565
0 0 77 0.107026
0 0 78 -0.163252
0 0 79 0.0208584
0 0 80 0.0134469
0 0 81 0.254564
0 0 82 0.0944194
0 0 83 0.117901
0 0 84 0.364697
0 0 85 0.171444
0 0 86 -0.0222253
0 0 87 0.0713537
0 0 88 0.0961511
0 0 89 0.110074
0 0 90 -0.0905913
0 0 91 -0.0910069
0 0 92 -0.247272
0 0 93 -0.265143
0 0 94 -0.160204
0 0 95 -0.180222
0 0 96 -0.0793009
0 0 97 -0.104514
0 0 98 -0.0152987
0 0 99 0.201505
0 0 100 -0.073621
0 0 101 -0.114558
0 0 102 0.196241
0 0 103 0.211064
0 0 104 0.0965667
0 0 105 -0.0957863
0 0 106 0.0134469
0 0 107 0.0369283
0 0 108 0.304643
0 0 109 -0.159373
0 0 110 0.223671
0 0 111 -0.0466071
0 0 112 0.110074
0 0 113 -0.0957863
0 0 114 -0.0648934
0 0 115 0.0300016
0 0 116 0.2502
0 0 117 0.00215649
0 0 118 -0.0522869
0 0 119 0.136187
0 0 120 -0.243809
0 0 121 -0.122385
0 0 122 -0.0666251
0 0 123 -0.162836
0 0 124 0.0239062
0 0 125 0.0613101
0 0 126 0.263707
0 0 127 0.0561151
0 0 128 0.123096
0 0 129 -0.497116
0 0 130 -0.0522869
0 0 131 0.144915
0 0 132 -0.0810325
0 0 133 0.110489
0 0 134 0.103978
0 0 135 -0.157641
0 0 136 0.204969
0 0 137 0.140551
0 0 138 0.272019
0 0 139 0.126628
0 0 140 0.185366
0 0 141 -0.0300524
0 0 142 -0.0400961
0 0 143 -0.125848
0 0 144 -0.0644778
0 0 145 -0.00525502
0 0 146 -0.00525502
0 0 147 0.00298769
0 0 148 -0.137138
0 0 149 0.0813281
0 0 150 0.0173259
0 0 151 -0.181123
0 0 152 0.349043
0 0 153 0.25588
0 0 154 -0.243809
0 0 155 -0.101466
0 0 156 -0.0701577
0 0 157 -0.113241
0 0 158 0.134871
0 0 159 0.109658
0 0 160 -0.113241
0 0 161 0.154058
0 0 162 0.0957355
0 0 163 -0.0779848
0 0 164 -0.0475076
0 0 165 -0.245956
0 0 166 0.188414
0 0 167 -0.0627462
0 0 168 -0.12848
0 0 169 -0.114973
0 0 170 0.0191268
0 0 171 -0.106661
0 0 172 0.149209
0 0 173 -0.0740366
0 0 174 -0.11151
0 0 175 -0.0679412
0 0 176 0.164448
0 0 177 0.193609
0 0 178 0.0112304
0 0 179 0.135287
0 0 180 -0.235081
0 0 181 0.0804969
0 0 182 0.0121309
0 0 183 -0.0292212
0 0 184 -0.0409965
0 0 185 0.021274
0 0 186 0.0103992
0 0 187 -0.0718894
0 0 188 -0.0631618
0 0 189 0.00340329
0 0 190 0.0969823
0 0 191 0.299864
0 0 192 0.305959
0 0 193 0.0521669
0 0 194 0.175808
0 0 195 0.357701
0 0 196 0.0230057
0 0 197 0.130507
0 0 198 0.316834
0 0 199 -0.0296368
0 0 200 0.204553
0 0 201 0.15579
0 0 202 0.310739
0 0 203 -0.22767
0 0 204 0.387347
0 0 205 0.119217
0 0 206 0.0574311
0 0 207 -0.152377
0 0 208 -0.0801321
0 0 209 -0.0835954
0 0 210 0.0487036
0 0 211 0.0913717
0 0 212 0.0395604
0 0 213 -0.097518
0 0 214 -0.0100344
0 0 215 0.325077
0 0 216 -0.215063
0 0 217 0.197973
0 0 218 -0.113657
0 0 219 -0.0666251
0 0 220 0.246321
0 0 221 -0.158957
0 0 222 0.165764
0 0 223 0.279361
0 0 224 0.0117153
0 0 225 -0.00573988
0 0 226 -0.173711
0 0 227 -0.130212
0 0 228 -0.0409965
0 0 229 0.0142781
0 0 230 0.285941
0 0 231 0.217991
0 0 232 0.180587
0 0 233 0.107442
0 0 234 0.00866754
0 0 235 -0.546711
0 0 236 -0.000891231
0 0 237 -0.148914
0 0 238 0.245005
0 0 239 0.104394
0 0 240 0.175392
0 0 241 0.130507
0 0 242 0.157521
0 0 243 -0.0248574
0 0 244 0.204553
0 0 245 -0.0718894
0 0 246 0.262391
0 0 247 0.28982
0 0 248 -0.1219
0 0 249 -0.163252
0 0 250 0.0260534
0 0 251 0.159668
0 0 252 -0.073621
0 0 253 0.12836
0 0 254 0.299379
0 0 255 0.191462
