0 0 0 36.645 -15.4166 -10.604 -7.00566
0 0 1 41.9339 -13.916 -16.0758 2.08827
0 0 2 37.0343 -16.1556 -6.94222 -1.14426
0 0 3 42.8323 -12.9308 -13.7252 6.22617
0 0 4 49.6462 -16.0362 -2.30389 1.44489
0 0 5 53.189 -6.83898 -10.7944 3.16025
0 0 6 57.7953 -4.4884 3.84325 -4.82948
0 0 7 62.8868 3.4938 2.81882 -2.96312
0 0 8 51.0439 11.3329 -0.29456 -2.85996
0 0 9 48.05 13.0644 -2.54218 0.706149
0 0 10 45.8262 12.0398 0.0545254 -1.89081
0 0 11 45.5167 8.78354 5.97952 -7.67314
0 0 12 44.134 12.5642 -2.91577 -0.739433
0 0 13 41.839 7.4728 5.98787 -3.62245
0 0 14 40.5211 17.9408 -1.93866 3.85148
0 0 15 35.628 15.8442 -1.26387 1.20667
0 0 16 36.8035 9.60143 5.49514 0.968118
0 0 17 38.4083 5.29684 7.40927 3.01738
0 0 18 34.3737 8.87085 2.65179 -3.43174
0 0 19 35.7714 9.26796 -3.88452 -2.6136
0 0 20 36.5975 10.5229 -1.91472 -6.61678
0 0 21 33.3966 7.12356 4.99462 -4.69476
0 0 22 34.5322 2.0642 7.66371 -2.95531
0 0 23 30.6486 5.02702 5.273 -4.90108
0 0 24 33.7137 4.62149 11.3088 1.6831
0 0 25 28.703 4.65358 8.95037 0.944365
0 0 26 29.9023 5.59875 16.1459 -1.49378
0 0 27 33.7773 0.00711116 12.8972 2.08827
0 0 28 31.6257 6.15471 9.0851 -2.24847
0 0 29 30.4653 8.52949 3.3984 2.10388
0 0 30 32.9037 7.64795 8.81508 -4.90108
0 0 31 31.2202 7.21876 5.32867 -6.88655
0 0 32 32.4831 8.10029 1.70698 -2.32788
0 0 33 35.8739 3.23187 10.5861 -5.34595
0 0 34 35.4457 4.93918 -3.46361 1.44489
0 0 35 33.1183 3.47802 1.16692 0.658642
0 0 36 31.3151 3.64476 -3.82105 1.62745
0 0 37 25.2475 6.10685 -3.96414 -0.302365
0 0 38 32.5467 6.58338 -8.4115 2.66787
0 0 39 27.6062 6.82954 -2.70921 2.68381
0 0 40 24.8905 5.0428 -0.763349 2.50125
0 0 41 25.24 8.63258 0.237698 1.6753
0 0 42 24.2941 6.79009 -4.22637 5.10635
0 0 43 22.3324 3.184 5.29694 -1.43813
0 0 44 18.6396 2.35033 1.14298 -3.09817
0 0 45 19.3698 8.4974 -4.43293 -2.6852
0 0 46 25.089 6.77431 -9.6191 6.84546
0 0 47 23.3418 2.93785 -3.33667 -0.119801
0 0 48 19.9737 1.7786 2.58053 -0.78694
0 0 49 23.3019 -1.23998 5.32032 -0.0403956
0 0 50 25.3112 -2.16096 1.83392 -5.90179
0 0 51 26.1373 -2.33558 -4.48025 2.98549
0 0 52 26.2085 -6.13207 5.66217 -0.326458
0 0 53 28.6868 -4.94074 7.80623 4.44702
0 0 54 32.5068 -3.63053 10.5544 2.73132
0 0 55 29.3932 3.37493 -4.71854 0.785554
0 0 56 30.8708 1.04749 -5.99741 -2.00211
0 0 57 29.1872 4.35956 -1.32734 -3.73342
0 0 58 28.2651 -1.4146 -2.98703 0.928416
0 0 59 32.3958 -3.964 5.70949 0.475738
0 0 60 25.1364 3.00938 1.81777 -0.302365
0 0 61 26.6053 -0.0802007 -3.39235 -4.75007
0 0 62 26.4231 -3.38438 -4.42457 -5.36971
0 0 63 25.5732 -0.707689 0.0149957 -0.993597
0 0 64 16.4794 0.817113 -1.95481 -2.693
0 0 65 23.4292 -0.143844 3.25531 -1.86705
0 0 66 19.346 4.33589 7.70323 -7.33957
0 0 67 27.4153 -2.59804 -2.23263 5.39207
0 0 68 30.2593 -5.81438 7.31406 -0.29456
0 0 69 22.8015 -3.40805 5.40773 5.15386
0 0 70 23.111 -2.35189 4.86768 0.825257
0 0 71 28.9403 -1.81171 2.9619 4.20066
0 0 72 40.2741 -7.27607 6.43216 -1.41438
0 0 73 40.0994 -8.60205 4.65333 -3.6384
0 0 74 39.7899 -3.25709 13.6204 -1.62884
0 0 75 30.3703 -6.44187 20.4106 1.05567
0 0 76 31.1803 -5.31418 9.17251 1.15102
0 0 77 23.1272 -1.55767 0.205406 5.57498
0 0 78 16.1774 -2.05787 8.53725 7.01242
0 0 79 14.9145 0.380554 8.64861 7.60015
0 0 80 9.88661 5.39994 0.134141 4.48672
0 0 81 1.62753 4.58993 2.0878 3.53352
0 0 82 2.48493 -2.04998 6.81354 7.98123
0 0 83 3.5095 -4.0592 -0.675938 -1.97055
0 0 84 6.08277 3.19189 -2.78047 -1.50973
0 0 85 -3.10703 5.39205 -4.24975 -2.6852
0 0 86 -3.50392 0.960178 -2.01828 0.952509
0 0 87 2.27031 -0.898092 -2.70921 0.0390096
0 0 88 -0.342865 4.27224 -5.62383 0.896857
0 0 89 -2.47935 -1.99422 3.02537 -0.985453
0 0 90 2.35012 0.896535 1.57948 6.37717
0 0 91 8.81459 1.71495 -1.62131 0.380384
0 0 92 0.221185 -0.0486422 3.00143 3.2875
0 0 93 -1.69313 3.88302 -2.37571 8.27509
0 0 94 2.36522 -1.34307 4.1528 5.00285
0 0 95 -0.151972 1.38148 0.992102 9.01383
0 0 96 0.976127 1.69076 2.12788 0.785554
0 0 97 0.166182 -2.14518 4.02586 2.95393
0 0 98 -2.89241 -1.57344 1.62736 0.841206
0 0 99 -3.75736 -2.29613 0.189817 -2.60579
0 0 100 -7.79199 1.2542 -0.111945 -2.47074
0 0 101 -7.67336 -3.08247 -1.21599 -3.99573
0 0 102 -0.827107 -1.8196 -1.49381 -5.67138
0 0 103 4.60524 -1.12058 3.11278 -2.96312
0 0 104 0.300993 2.65224 -0.683733 -6.44982
0 0 105 1.61891 1.26209 -0.0880041 11.0787
0 0 106 4.98703 -0.913872 4.0498 1.98478
0 0 107 0.348447 0.253268 -0.111945 -3.16163
0 0 108 -1.48606 -5.21109 2.5087 -8.54659
0 0 109 3.78775 0.158066 0.777751 -1.0333
0 0 110 0.88877 0.61882 -3.00318 2.10388
0 0 111 -4.33004 0.666158 2.19135 5.82914
0 0 112 0.0788243 -0.858644 -0.453793 -0.119801
0 0 113 0.729153 -2.95518 -3.01877 -3.4952
0 0 114 -0.501403 -3.18556 7.98885 7.92591
0 0 115 -3.72609 -1.05694 2.10394 4.15315
0 0 116 -6.31554 5.89225 -3.178 4.42326
0 0 117 -2.88379 -1.04116 -0.668144 4.82029
0 0 118 1.47655 3.16822 -2.13742 -5.49662
0 0 119 -3.78217 3.13666 1.61121 -8.94362
0 0 120 1.51537 5.14589 0.523314 -0.000692978
0 0 121 2.75456 -4.16229 -0.223296 0.364775
0 0 122 -4.07552 3.31129 -4.12281 4.80434
0 0 123 1.11094 -0.945956 -4.32157 -6.57707
0 0 124 -0.319138 -0.239045 1.23819 2.81887
0 0 125 -2.52681 1.31784 1.79439 1.19853
0 0 126 4.33562 -4.78189 0.849016 6.95676
0 0 127 -1.64568 -3.78938 1.81777 2.525
0 0 128 -1.83549 -0.128064 -4.11502 1.07942
0 0 129 0.475708 0.872867 -5.87047 5.69409
0 0 130 -3.23322 -0.51676 -2.57392 1.66716
0 0 131 -1.75676 1.88169 -2.03387 6.7345
0 0 132 -1.12046 -1.50191 -1.41475 2.23894
0 0 133 5.89188 -4.57571 4.709 -1.44627
0 0 134 -4.33759 -0.485202 9.9748 -0.953895
0 0 135 -3.49529 4.07343 5.42388 -9.76991
0 0 136 -1.74059 0.213819 -4.78201 -0.22296
0 0 137 -1.84412 0.737691 -5.84653 3.48601
0 0 138 5.09811 1.00015 1.24598 0.451985
0 0 139 -4.57594 -1.16055 0.72987 -2.86776
0 0 140 -3.95688 -0.191182 -4.65507 0.944365
0 0 141 -2.38337 -1.36674 -2.81221 6.16271
0 0 142 1.15084 0.984373 0.825075 0.992211
0 0 143 -6.212 2.8742 1.76209 1.91352
0 0 144 -2.16983 3.26342 2.04047 -1.92271
0 0 145 -2.86869 0.245378 7.38533 -3.69371
0 0 146 -4.08307 -2.60593 5.41608 7.5764
0 0 147 -1.37498 5.01071 -1.52555 4.12125
0 0 148 0.0227428 3.64476 -10.2622 3.47006
0 0 149 0.690328 0.293242 -0.175415 3.3988
0 0 150 1.77744 -1.56555 7.7745 -3.34453
0 0 151 1.13467 2.29458 0.491579 1.80221
0 0 152 -1.68451 -0.445754 -0.398117 -11.1595
0 0 153 1.94461 -0.556734 5.35206 -3.20948
0 0 154 -1.74059 0.777665 -0.358031 4.61397
0 0 155 4.20836 -0.882313 8.76775 3.66077
0 0 156 -0.548856 1.53191 -2.23263 0.579237
0 0 157 -2.09757 -1.90691 4.33542 -4.25769
0 0 158 -3.70236 -1.54925 2.04827 -4.26584
0 0 159 1.88961 0.650379 7.36974 4.52642
0 0 160 0.197458 -0.246935 -1.04117 -0.215155
0 0 161 -3.06713 -1.31098 -1.8674 2.09608
0 0 162 1.82598 0.586736 -5.449 -5.26655
0 0 163 -2.31974 -1.08902 -6.10041 -3.62245
0 0 164 0.880142 4.20071 -6.3387 -1.97055
0 0 165 0.515612 -2.85209 -0.255031 -1.12865
0 0 166 0.237362 1.15111 0.388579 -1.79579
0 0 167 -2.94742 -2.6296 -3.14626 -6.38636
0 0 168 -1.14526 -1.82749 -4.3611 -2.58985
0 0 169 1.55528 -3.54322 4.40724 2.69976
0 0 170 3.06516 1.71495 1.03943 1.5718
0 0 171 -3.97198 2.46131 5.09038 2.86638
0 0 172 1.11094 1.92114 0.578989 10.1974
0 0 173 0.657973 3.43805 3.75584 -2.6774
0 0 174 -0.52513 5.10644 -6.22735 -9.93652
0 0 175 -3.81344 -1.605 -3.08224 -2.45479
0 0 176 -2.67024 -0.556734 -1.0729 -5.12335
0 0 177 1.65881 4.91551 -7.59363 -3.82877
0 0 178 2.41375 0.364774 4.3911 5.86884
0 0 179 2.6521 1.18267 -0.366382 -1.34278
0 0 180 1.68254 -0.294799 -2.6218 -0.389914
0 0 181 1.4841 -2.46287 -0.477176 -3.15383
0 0 182 4.10482 -1.89902 1.73871 0.348826
0 0 183 1.36546 -1.1048 0.610724 4.48672
0 0 184 3.86648 -0.985404 -2.66968 1.715
0 0 185 -0.572583 1.39726 4.91556 -2.28817
0 0 186 -1.85167 1.45249 -4.68681 0.769605
0 0 187 -1.48606 -2.75689 -0.588527 -3.28888
0 0 188 2.65965 -5.16323 1.4208 -5.43316
0 0 189 -0.541307 -3.75729 8.41031 2.11983
0 0 190 -1.15281 1.4688 2.00874 1.34173
0 0 191 2.49248 2.45342 2.67573 2.43745
0 0 192 -1.9153 2.8742 -3.92461 -1.12051
0 0 193 -2.83633 -2.77267 -0.159826 1.30203
0 0 194 -2.447 -0.143844 2.93796 1.81816
0 0 195 -1.8754 2.29458 -5.91779 -3.11412
0 0 196 1.61136 -3.30496 -4.75028 -2.13717
0 0 197 0.372173 -3.09036 11.9362 6.52004
0 0 198 -1.27144 -1.44616 9.14857 0.880908
0 0 199 4.31944 -0.366331 -0.374177 -4.42465
0 0 200 3.86648 -5.53667 4.89162 5.162
0 0 201 4.18463 -1.57344 6.11481 0.229718
0 0 202 -0.135795 2.35033 -0.310706 0.00711181
0 0 203 3.68421 -4.09129 -0.135885 1.73061
0 0 204 -0.255507 -2.2246 -1.49381 2.18329
0 0 205 3.31106 4.19282 1.50821 -0.461175
0 0 206 0.419627 2.70747 -7.31581 -1.31902
0 0 207 0.515612 0.0707542 1.34954 -3.00282
0 0 208 4.37553 4.2086 -2.56612 -1.31122
0 0 209 6.6382 4.03398 0.849016 -2.28817
0 0 210 1.16594 6.0432 0.70593 -4.87733
0 0 211 -0.191877 -2.78845 2.33444 4.47891
0 0 212 2.19051 -2.26405 -0.191561 1.54024
0 0 213 3.40596 -4.07498 -0.922024 -4.98049
0 0 214 -2.94742 4.14496 4.58986 -3.69371
0 0 215 -1.99511 4.6378 -8.61026 -2.05776
0 0 216 3.28733 -0.651936 -2.04222 -6.54518
0 0 217 -2.4319 1.38148 -5.19512 -1.62884
0 0 218 1.24575 0.825529 -2.24877 -0.866345
0 0 219 3.69176 -0.326357 -1.45428 0.293174
0 0 220 2.11933 2.34244 -5.32206 -8.23678
0 0 221 5.67726 -3.02671 -4.44072 1.74656
0 0 222 4.67642 -2.70903 -0.945965 1.19853
0 0 223 4.43916 -2.36767 -3.29714 6.11487
0 0 224 -0.0570654 -4.08287 -8.80902 0.722098
0 0 225 1.54773 0.801334 -2.53439 -3.80502
0 0 226 1.69872 2.79478 2.90623 0.666447
0 0 227 3.77912 -0.405779 0.0946118 3.57322
0 0 228 0.372173 -3.70207 7.87026 4.54237
0 0 229 0.451982 0.20593 -2.90797 1.05567
0 0 230 5.20165 1.85802 -4.07549 2.67601
0 0 231 0.67415 0.33269 -1.23214 7.48885
0 0 232 2.9379 -0.953846 -2.80441 7.39349
0 0 233 2.54856 -4.71036 3.00143 0.245667
0 0 234 4.43053 0.912841 0.126347 -3.09037
0 0 235 3.81148 0.809223 -3.86893 -2.11341
0 0 236 6.3373 -3.91614 -5.0281 3.75612
0 0 237 6.31357 1.91325 1.26213 3.89898
0 0 238 1.98451 3.51747 1.17472 5.46367
0 0 239 5.32783 -1.24787 0.75381 -3.23323
0 0 240 8.30662 -0.755027 0.126347 -4.01948
0 0 241 5.65353 -1.27942 -4.41678 8.59305
0 0 242 4.04119 -6.87107 -2.18475 4.51047
0 0 243 11.7858 -0.68402 -7.64151 -0.826643
0 0 244 11.6737 -1.1048 -3.57496 1.00816
0 0 245 13.437 -0.032337 -3.79711 2.3343
0 0 246 13.0876 -2.97096 -1.60516 0.0549585
0 0 247 11.2854 -5.31418 -1.54949 6.27368
0 0 248 10.9985 -2.8442 -3.44802 -5.63168
0 0 249 14.8034 -3.90825 -0.715468 8.5055
0 0 250 20.3393 -9.087 -8.57853 6.17832
0 0 251 23.8574 -11.5807 -7.9828 -2.92342
0 0 252 24.8981 -15.0989 -13.9791 1.54024
0 0 253 33.0385 -16.5285 -11.8428 8.3942
0 0 254 33.4203 -12.256 -8.70547 3.95464
0 0 255 31.1016 -13.6935 -3.86058 1.6356
