0 0 0 -1.51145 -8.98143 2.08082 -3.9426
0 0 1 -0.857351 -8.41805 -6.82958 -2.86676
0 0 2 9.16473 1.6594 5.20163 -0.669542
0 0 3 6.93732 -2.38953 4.58257 4.47096
0 0 4 -0.969043 0.548189 -0.420935 10.4183
0 0 5 6.92191 -1.52232 4.56756 9.80424
0 0 6 3.5121 3.78573 2.08082 -2.31878
0 0 7 2.4613 3.39499 0.543662 0.715958
0 0 8 -0.065239 -8.47387 -1.60305 -6.41381
0 0 9 -0.811134 -11.7062 -5.72847 -14.4513
0 0 10 3.65397 -11.27 -5.42393 -2.61288
0 0 11 0.502848 -10.8183 -7.0836 6.78468
0 0 12 -2.34401 -12.5942 2.72538 -1.4103
0 0 13 9.39325 -0.862264 0.0461122 1.28405
0 0 14 7.60682 7.353 -6.72306 -0.299164
0 0 15 1.46186 9.69225 -3.92228 0.289417
0 0 16 1.8072 10.6665 0.771685 1.91855
0 0 17 1.64993 5.76473 -1.58255 -3.4098
0 0 18 -3.84093 12.8636 -2.83118 -5.52581
0 0 19 -3.67339 11.3214 -3.00369 -1.92298
0 0 20 1.71541 4.92226 2.20783 1.24344
0 0 21 9.322 0.675365 7.77438 0.599077
0 0 22 1.85278 0.0406329 10.7787 -1.91273
0 0 23 2.99409 -4.89681 3.44095 1.96408
0 0 24 0.543288 6.38911 11.2202 -2.38443
0 0 25 -7.36243 5.05922 3.44095 -1.69946
0 0 26 -7.26614 -9.51949 2.48186 3.02474
0 0 27 -4.56629 -4.66836 0.847692 2.53255
0 0 28 -7.46385 1.30434 3.9685 2.54773
0 0 29 0.375751 -3.30854 4.05001 1.38575
0 0 30 -7.8445 -1.1874 -1.50654 1.17248
0 0 31 -9.37224 0.979784 -11.062 -2.49638
0 0 32 -2.46083 -1.51196 -1.71456 -3.68872
0 0 33 -6.67238 3.26321 -5.27692 1.42635
0 0 34 1.59922 3.97851 -5.92148 0.27955
0 0 35 3.37987 -0.299464 2.11132 -3.37413
0 0 36 2.95365 12.2703 1.07121 -2.13094
0 0 37 3.82664 11.6609 6.41475 0.391119
0 0 38 6.23186 3.55209 1.01521 -2.82084
0 0 39 8.35272 0.258732 -10.656 -6.20547
0 0 40 1.23334 1.54776 -2.49614 2.79629
0 0 41 -8.50438 -3.6941 -6.72306 3.42548
0 0 42 -2.638 -12.9245 -7.70766 0.284484
0 0 43 1.08121 -7.44898 -0.105903 4.74495
0 0 44 -8.6058 2.54734 -9.73237 5.902
0 0 45 -5.58114 -5.36351 -9.0268 -3.11039
0 0 46 9.24625 -8.83929 5.04461 -4.0185
0 0 47 1.91889 2.0605 -3.14071 -2.20684
0 0 48 -1.2226 -2.24279 -1.75007 1.59371
0 0 49 0.5741 -5.05909 -6.41853 9.17468
0 0 50 8.60691 -5.55629 -11.6711 5.95247
0 0 51 3.7862 -8.23045 3.52196 0.142556
0 0 52 -4.63754 -3.66878 9.10902 -7.33216
0 0 53 0.579235 1.78658 9.51006 -1.80117
0 0 54 6.05919 -1.77609 8.27694 5.24739
0 0 55 2.94338 1.53798 -1.62355 -3.55173
0 0 56 1.6647 -1.38536 2.76588 -7.90556
0 0 57 4.88707 -12.6454 2.00981 -0.760618
0 0 58 -2.9628 -11.5543 -1.68956 -3.69897
0 0 59 3.76566 1.93332 4.16652 3.45091
0 0 60 2.8779 0.152272 -0.943487 6.98277
0 0 61 0.25443 -4.2523 3.84199 3.26306
0 0 62 3.61353 1.3452 9.9161 3.76057
0 0 63 4.19188 2.07546 9.35254 -1.13138
0 0 64 3.95374 10.1187 5.82069 -2.78555
0 0 65 4.94291 17.5116 -4.20131 3.39512
0 0 66 3.03003 6.44493 -8.01219 4.84627
0 0 67 -1.13594 5.89651 -4.58185 3.86189
0 0 68 -1.2226 0.0659531 6.63777 0.893557
0 0 69 1.18263 -1.497 -4.91138 -5.02831
0 0 70 1.21857 3.71955 -7.35263 -0.385308
0 0 71 -3.53153 9.81425 10.0021 -2.09527
0 0 72 -2.97307 6.86559 -1.36953 -5.00819
0 0 73 2.93888 2.72515 -2.90718 -0.654362
0 0 74 8.56647 4.07 9.14952 2.59858
0 0 75 9.58133 -6.97192 11.3162 -3.28268
0 0 76 -2.87165 -11.2545 -5.26692 3.64369
0 0 77 -1.03965 -9.52927 -8.92028 6.52094
0 0 78 -1.35932 -4.01866 -1.51704 -1.54236
0 0 79 -4.59196 -4.1608 0.12712 -3.7039
0 0 80 -1.11604 2.90297 -1.59805 1.32465
0 0 81 8.05873 9.54033 5.42515 -2.35939
0 0 82 5.34924 5.20654 4.08052 -6.26125
0 0 83 8.07927 3.38463 12.2703 -4.34827
0 0 84 8.52539 -0.847302 18.695 -0.78111
0 0 85 5.55722 6.49557 6.55676 -2.55217
0 0 86 -5.33786 5.69338 4.07001 -1.83153
0 0 87 0.639574 6.32811 12.1843 -1.64368
0 0 88 -3.02378 14.3 1.70028 0.0309875
0 0 89 -1.52172 10.5549 -1.89758 1.03055
0 0 90 -2.43002 1.39584 -4.59185 -3.91717
0 0 91 -1.54227 -1.90787 -6.98209 -4.03368
0 0 92 -0.248182 -7.89036 1.83229 -4.40937
0 0 93 -9.0423 -9.04761 -0.131406 -1.78599
0 0 94 -4.46486 0.877927 -11.194 0.83246
0 0 95 4.86203 -2.76013 -6.54055 2.17735
0 0 96 0.20372 2.152 6.54126 -0.745439
0 0 97 -1.82663 -4.3789 4.9681 -7.15456
0 0 98 0.20372 -6.06903 -5.93149 -5.91137
0 0 99 -3.30815 -5.93149 -1.61305 -0.78111
0 0 100 3.80096 -9.52927 12.8844 -2.48614
0 0 101 3.23801 -7.3828 6.81029 -2.98326
0 0 102 -4.48027 -7.18024 -1.065 0.634748
0 0 103 -4.42442 -7.85008 6.9523 3.31391
0 0 104 -2.20214 -2.11101 4.51656 3.03992
0 0 105 -4.1606 3.42549 -4.96739 3.49151
0 0 106 -5.07917 12.8078 -1.22752 3.20234
0 0 107 -0.918332 9.10355 6.08472 2.31928
0 0 108 -0.700084 -1.55282 2.52736 0.335335
0 0 109 -4.48027 -4.52104 -6.18551 -1.89224
0 0 110 0.736502 -8.89511 -13.8983 -3.15593
0 0 111 -0.45616 -9.72205 -8.1087 -3.25725
0 0 112 -5.31732 -6.99724 3.43095 0.543292
0 0 113 -5.10934 0.38073 8.906 5.16618
0 0 114 -2.27275 4.74502 3.34444 9.12421
0 0 115 0.111927 6.17043 0.837691 10.2964
0 0 116 0.558694 6.08929 1.25373 8.88058
0 0 117 0.731367 4.15632 -1.86708 2.75569
0 0 118 -1.67386 1.8119 2.55286 -3.3081
0 0 119 -7.32712 2.63884 1.79679 -3.56691
0 0 120 -11.3968 -0.512384 -3.59725 -4.25188
0 0 121 -9.3517 -10.732 -0.562949 -7.00732
0 0 122 -7.27128 -6.09435 -2.0751 -2.59771
0 0 123 -3.7087 1.3452 -3.21171 1.74095
0 0 124 3.06534 -5.97753 -0.116404 -2.51156
0 0 125 0.523389 -9.54998 -0.821475 -3.56198
0 0 126 -3.96289 -7.39316 -2.54715 -0.466517
0 0 127 -2.24258 -1.97866 3.47646 1.30454
0 0 128 1.29432 0.700686 13.463 -1.20234
0 0 129 4.19702 -1.40032 9.79409 -0.735572
0 0 130 2.15704 -4.26726 -1.045 -0.699901
0 0 131 -3.76968 -7.64176 -7.87018 -1.87706
0 0 132 -4.05918 1.6594 -7.94619 -2.23226
0 0 133 -1.02938 12.2145 -5.56645 -0.344703
0 0 134 -0.532547 11.9095 -4.0693 1.27418
0 0 135 -1.59298 6.68835 -7.32713 0.949341
0 0 136 -0.74566 0.644866 -5.78447 2.45628
0 0 137 1.44131 -6.55069 -1.42553 1.68516
0 0 138 6.82049 -4.60736 4.86159 -0.644116
0 0 139 4.32925 -2.34925 4.38455 1.09658
0 0 140 0.467543 -7.85986 3.80099 5.64319
0 0 141 -2.25286 -5.71339 1.9693 9.00239
0 0 142 -2.97821 -0.999223 -7.91568 7.81992
0 0 143 1.29945 -2.83609 -6.91108 3.35945
0 0 144 2.96392 -1.0044 -4.1148 -1.44066
0 0 145 2.42086 0.0406329 -1.25802 -4.15056
0 0 146 3.4967 -0.268965 0.9292 -3.08496
0 0 147 7.46496 -2.17144 4.68908 -0.542794
0 0 148 2.23343 1.32966 4.65857 0.325088
0 0 149 -5.63249 -2.67381 3.84699 -1.08546
0 0 150 -5.12988 -9.01711 -0.948487 -1.94309
0 0 151 -4.08935 0.944105 -7.87518 -1.25319
0 0 152 -3.17078 8.77382 -5.33793 1.9083
0 0 153 4.94291 -0.0456861 -0.258418 1.00513
0 0 154 11.8697 -4.23158 5.35914 0.604389
0 0 155 7.61196 -6.14499 3.61347 5.0899
0 0 156 5.68367 -10.164 -0.598452 5.36389
0 0 157 4.04489 -12.5591 -0.522445 3.90781
0 0 158 -0.633968 -11.0468 4.55206 5.48571
0 0 159 -2.44029 -11.0669 2.00481 6.10503
0 0 160 -1.03965 -7.76894 3.82649 1.34514
0 0 161 2.93375 -2.73481 13.0874 -4.78999
0 0 162 4.98335 4.9729 9.11902 -7.37277
0 0 163 5.06488 3.32421 0.944202 -7.80386
0 0 164 7.03874 -2.72963 -1.54705 -9.61552
0 0 165 7.64277 -1.88255 5.16112 -9.05237
0 0 166 7.39885 -5.44465 3.81149 -11.62
0 0 167 8.41884 -7.20556 -1.89208 -8.46872
0 0 168 12.1335 -7.53012 -2.19661 -7.3018
0 0 169 17.8979 -13.5638 -3.17121 -9.43299
0 0 170 25.8549 -15.7408 -2.75517 -6.06354
0 0 171 30.1076 -11.8944 -8.41823 -2.51156
0 0 172 25.4537 -16.9838 -12.5691 -1.52187
0 0 173 21.7801 -20.2006 -2.74467 -5.0488
0 0 174 24.7489 -10.301 1.57877 -4.78999
0 0 175 30.5389 -1.48664 -4.29782 -4.28755
0 0 176 29.0568 -3.45011 -7.1191 -6.22103
0 0 177 20.5823 0.837645 -0.806473 -5.34821
0 0 178 18.6797 1.82168 7.60687 -4.84577
0 0 179 23.9568 -2.40507 9.48456 0.462083
0 0 180 24.7489 2.48173 6.71378 6.56155
0 0 181 19.6387 -1.29904 3.75548 6.19117
0 0 182 16.6295 -6.89078 -0.882481 0.462083
0 0 183 15.8938 -7.66708 -6.29202 -5.58653
0 0 184 14.6299 -3.45011 1.28424 -7.49458
0 0 185 19.3088 -0.0456861 7.9624 -2.0448
0 0 186 22.3938 -0.258606 4.86159 0.472329
0 0 187 21.2878 -2.36939 3.41545 -2.60264
0 0 188 21.3789 4.26796 3.38995 0.0154286
0 0 189 10.4993 2.28896 0.487656 0.619569
0 0 190 -2.86138 -8.13896 2.41085 -2.82616
0 0 191 -5.31732 -8.46409 2.03531 -3.7244
0 0 192 1.40087 -3.92256 0.72118 -4.44466
0 0 193 3.3497 -6.57601 0.0106086 -1.0551
0 0 194 -2.66368 -9.87972 0.0206096 -0.395554
0 0 195 1.07607 -5.61729 -0.151908 2.68473
0 0 196 4.06543 -5.55629 -1.86208 4.40987
0 0 197 0.741637 -5.06888 -0.0909015 1.13187
0 0 198 -2.83635 1.54258 -2.89718 3.8061
0 0 199 0.0560813 5.76473 -3.53625 4.42011
0 0 200 5.41471 5.14554 2.50736 2.27868
0 0 201 4.97372 2.21242 5.72968 1.40586
0 0 202 3.52237 6.97723 12.1233 0.203274
0 0 203 2.75594 7.94688 6.77979 -2.90737
0 0 204 -1.10063 0.0561703 -2.43014 -1.59814
0 0 205 -3.64322 -7.85008 -1.83658 0.797168
0 0 206 -5.10934 -14.122 0.188126 3.85696
0 0 207 -5.91621 -8.96647 0.315139 1.24344
0 0 208 0.497713 2.36492 -2.95769 -4.89131
0 0 209 -0.197472 1.57308 -5.80447 -4.4143
0 0 210 -6.16977 -9.58509 -3.46524 -1.54729
0 0 211 -7.04276 -14.2941 -4.0998 0.42679
0 0 212 -6.2667 -9.16385 -6.12951 0.736071
0 0 213 -1.4049 1.01028 -1.0755 -2.59771
0 0 214 4.15144 0.624149 2.13182 -9.60528
0 0 215 -1.15134 -2.35961 0.492657 -9.94036
0 0 216 -9.43835 -2.77567 -7.46414 -9.22503
0 0 217 -9.90502 -6.31245 -12.5391 -4.93685
0 0 218 -7.3881 -9.53963 -9.16931 1.11669
0 0 219 -4.47513 -10.1841 -2.84618 1.29429
0 0 220 -4.42956 -11.1584 -1.88708 -1.00425
0 0 221 -3.31328 -2.75035 -0.131406 0.396052
0 0 222 -0.649374 3.29371 2.59337 0.660174
0 0 223 -2.00893 2.80111 -1.47604 -2.98326
0 0 224 -6.87522 4.4452 -7.1191 -4.9471
0 0 225 -10.7222 4.06483 -14.0758 -4.26706
0 0 226 -11.5284 2.20264 -12.1581 -3.84621
0 0 227 -4.71392 2.63366 -8.23022 -2.17154
0 0 228 -1.50183 2.42592 -9.49384 -0.09614
0 0 229 -2.99875 -3.62793 -4.30282 4.66374
0 0 230 -3.3794 1.07071 7.05381 6.95735
0 0 231 -5.20113 4.12582 10.8697 1.67492
0 0 232 -3.63295 0.573509 7.45985 -0.664229
0 0 233 -3.20159 -0.461744 6.85579 2.28399
0 0 234 -0.248182 -0.00482848 3.12642 0.350514
0 0 235 1.55814 -3.14109 2.28384 -2.99844
0 0 236 -0.694949 0.467049 7.22133 -1.22245
0 0 237 -3.06936 -1.1874 1.58877 1.40093
0 0 238 -6.6114 -5.78993 0.0106086 2.98907
0 0 239 -4.58169 -2.64331 0.32514 2.49688
0 0 240 3.32916 2.75565 -3.28772 -0.202775
0 0 241 8.49009 0.629329 -3.79027 -5.63207
0 0 242 5.7806 -4.02902 -5.0539 -4.90649
0 0 243 -6.35785 -5.23173 -4.71386 -1.21258
0 0 244 -8.92547 -0.629203 0.142622 0.477262
0 0 245 -3.60214 1.6243 -2.70916 -1.36476
0 0 246 0.492577 0.938926 -2.16111 -2.90737
0 0 247 5.95263 -3.07491 4.11602 0.807034
0 0 248 1.90349 -5.16038 8.10942 3.30367
0 0 249 -1.98903 -2.23243 5.15612 0.75125
0 0 250 -4.07972 -3.05477 -2.88168 -5.20097
0 0 251 -9.06733 -7.75858 -5.89098 -3.08496
0 0 252 -8.64111 -7.68722 -5.85048 1.02524
0 0 253 -2.9628 -4.25748 -1.16651 -1.89756
0 0 254 -1.23287 -1.96887 3.13142 -3.7039
0 0 255 -0.512006 -2.70431 4.02951 -1.26306
0 0 256 2.06075 4.18164 4.8921 2.29917
0 0 257 0.153009 11.9095 4.67408 2.761
0 0 258 -2.75996 6.52607 -1.88208 -1.2327
0 0 259 -1.77078 -4.719 -2.36913 -2.47096
0 0 260 -0.136491 -11.6757 0.467154 0.954275
0 0 261 -2.46597 -7.78908 -1.67906 -0.121565
0 0 262 1.11715 -1.436 -3.01869 -0.375061
0 0 263 8.12484 -2.38953 -1.15651 1.61382
0 0 264 8.33282 2.25846 4.05001 2.09083
0 0 265 7.76409 6.08929 3.22293 -1.02967
0 0 266 1.22371 3.87723 1.35024 -5.83016
0 0 267 -2.23745 11.4986 1.48726 -7.24071
0 0 268 2.13201 13.6146 2.67488 -5.40893
0 0 269 -0.461295 0.0153126 4.51156 -1.31884
0 0 270 -2.36904 -6.25145 1.19273 -0.309031
0 0 271 -0.207742 -3.79538 4.86709 -4.27237
0 0 272 -0.45616 1.61394 8.08392 -4.50044
0 0 273 0.822517 3.40017 3.74048 0.680286
0 0 274 3.0249 -4.09462 2.82689 2.21796
0 0 275 1.71541 -11.8587 -0.522445 2.39025
0 0 276 1.99977 -9.6363 -0.709963 1.67492
0 0 277 4.76511 -1.73006 0.533161 -2.67892
0 0 278 1.24361 1.55294 -8.89528 -1.64899
0 0 279 -5.53043 -0.685022 -10.4534 0.548226
0 0 280 -5.49512 4.07518 -4.91688 -5.11445
0 0 281 -0.978672 4.88198 -1.22251 -3.30317
0 0 282 3.44599 -3.84085 2.00481 4.71459
0 0 283 1.88808 -6.78432 1.32474 2.4411
0 0 284 -0.994077 -5.29216 1.54826 -0.867254
0 0 285 -2.17647 -5.50047 -1.77557 0.903424
0 0 286 -3.86147 -9.51431 -6.78907 -3.4098
0 0 287 -5.56124 -9.85958 -8.24572 -4.8306
0 0 288 -4.64781 2.58819 -6.95659 -6.82972
0 0 289 -1.13594 7.04341 -0.141407 -7.57579
0 0 290 0.822517 0.182772 1.66477 1.36032
0 0 291 2.14163 -0.999223 4.02451 5.47053
0 0 292 0.20372 0.812325 5.74468 6.66287
0 0 293 1.6448 -3.56693 7.78989 6.66287
0 0 294 -1.238 -7.61644 5.33864 6.19117
0 0 295 -7.65706 -3.77006 -0.126405 5.6838
0 0 296 -5.6877 -3.42018 -1.34403 4.06985
0 0 297 -3.47055 -6.29691 -6.52504 4.44554
0 0 298 -1.9839 -6.13981 -3.0797 6.96759
0 0 299 1.23847 -2.41025 1.84779 6.7289
0 0 300 3.15199 6.58189 0.0561132 3.30367
0 0 301 2.8978 4.2881 -4.78487 0.939095
0 0 302 -0.171795 -2.42003 -11.0415 1.44647
0 0 303 -2.06991 -5.29216 -8.0627 -0.0403557
0 0 304 -0.400314 -3.53182 -5.33793 -2.9123
0 0 305 2.17245 -1.36464 -7.22562 -4.09971
0 0 306 0.239025 2.81147 -4.79987 -1.94803
0 0 307 3.52751 4.78012 -0.390431 -1.15149
0 0 308 7.73906 -1.2225 -1.58255 -1.70971
0 0 309 2.53769 -4.62232 -4.28232 -0.167104
0 0 310 1.44131 3.22235 -5.77947 2.56291
0 0 311 6.10027 7.91638 -4.0438 3.4103
0 0 312 7.21655 11.7167 2.34984 1.95915
0 0 313 2.57813 9.67211 -2.22211 2.6187
0 0 314 -0.41572 2.80111 -9.20981 7.6981
0 0 315 -0.263588 -1.0044 -2.36413 7.59678
0 0 316 -2.73493 -3.68892 8.85049 0.162669
0 0 317 -4.5971 -8.22528 4.71958 -4.08946
0 0 318 -2.27789 -5.79971 -2.74967 -0.334457
0 0 319 -0.994077 -0.0203659 1.23873 5.07472
0 0 320 1.41628 3.17171 5.22213 1.65974
0 0 321 -0.476701 3.27817 0.350643 -1.06534
0 0 322 -5.31218 4.90212 1.86779 0.147489
0 0 323 -1.24249 5.8102 7.84039 -1.04485
0 0 324 1.81683 -1.5321 5.58767 -1.67404
0 0 325 -3.74978 -5.58161 0.376145 -2.03948
0 0 326 -1.84139 3.79091 -4.94689 -1.62357
0 0 327 9.81434 7.7541 2.97391 -2.48614
0 0 328 15.7975 2.98929 9.52506 -3.86632
0 0 329 9.19554 -0.0100076 -2.36413 -0.461584
0 0 330 -0.857351 4.90212 -2.96819 2.21796
0 0 331 -1.72457 3.39499 0.964704 -1.40005
0 0 332 0.213348 -4.8761 -3.77477 1.03548
0 0 333 0.893769 -5.72893 -5.57645 -0.359882
0 0 334 3.2226 1.1927 -1.40003 -4.43973
0 0 335 8.59151 8.52004 -1.55755 -0.16217
0 0 336 11.301 8.37272 -3.22672 2.90293
0 0 337 6.93732 2.85176 -1.33903 -0.86232
0 0 338 2.8978 0.426191 0.792187 1.13719
0 0 339 4.44544 -0.481885 2.70538 7.48521
0 0 340 -0.892656 1.14206 3.17192 8.00776
0 0 341 -1.57243 7.27704 4.86709 2.53255
0 0 342 2.97932 11.9912 6.83079 2.11132
0 0 343 1.89835 8.80431 7.9419 6.29249
0 0 344 -1.69953 5.51096 3.57296 5.69898
0 0 345 -5.67807 8.47458 0.42665 -0.217955
0 0 346 -3.96289 5.54146 -1.12601 -1.84177
0 0 347 5.76519 0.964246 4.06001 -0.420979
0 0 348 6.34869 8.2864 3.34444 1.13719
0 0 349 7.01306 10.8794 -5.55095 1.76637
0 0 350 4.44544 5.73941 -8.24572 -0.334457
0 0 351 -3.14061 2.48691 0.492657 -1.64899
0 0 352 2.76621 1.30952 7.44985 -5.74895
0 0 353 8.79949 1.48676 1.29974 -4.22646
0 0 354 3.26304 -0.334567 -0.87748 -0.202775
0 0 355 -0.339333 1.17774 4.79559 1.57853
0 0 356 0.62481 8.0332 3.67948 0.406298
0 0 357 -1.68413 11.8387 -2.18161 -3.02918
0 0 358 0.0612165 11.448 -0.313924 -4.77481
0 0 359 3.90752 11.5395 7.14032 -5.16037
0 0 360 2.52742 8.5655 7.52586 1.46696
