0 0 0 0.0530986
0 0 1 -0.0546387
0 0 2 0.0243176
0 0 3 -0.00556136
0 0 4 -0.0293348
0 0 5 0.0127553
0 0 6 0.0724966
0 0 7 0.0400057
0 0 8 -0.00664272
0 0 9 0.0334676
0 0 10 0.0571246
0 0 11 -0.0159258
0 0 12 0.0996804
0 0 13 0.00643348
0 0 14 0.0743765
0 0 15 -4.80161e-06
0 0 16 -0.0260574
0 0 17 0.0117738
0 0 18 0.0144023
0 0 19 0.0238851
0 0 20 -0.000320893
0 0 21 0.0301071
0 0 22 -0.047535
0 0 23 -0.0170072
0 0 24 0.0396896
0 0 25 0.0416527
0 0 26 0.0268297
0 0 27 -0.0285695
0 0 28 -0.0343423
0 0 29 0.0233361
0 0 30 0.0144023
0 0 31 0.0142859
0 0 32 -0.00141889
0 0 33 0.0763396
0 0 34 -0.0774139
0 0 35 -0.0139627
0 0 36 0.0585553
0 0 37 -0.000320893
0 0 38 0.01931
0 0 39 0.04132
0 0 40 0.0467767
0 0 41 0.0495051
0 0 42 0.052117
0 0 43 0.0950722
0 0 44 0.0201751
0 0 45 0.0245339
0 0 46 0.0343493
0 0 47 -0.0184213
0 0 48 0.0295581
0 0 49 0.00490293
0 0 50 0.0539803
0 0 51 0.021373
0 0 52 0.0437323
0 0 53 0.104255
0 0 54 0.0274785
0 0 55 -0.0245268
0 0 56 0.0190938
0 0 57 0.0461279
0 0 58 0.00480311
0 0 59 0.0358633
0 0 60 0.00370511
0 0 61 0.0223545
0 0 62 -0.0166745
0 0 63 0.0240847
0 0 64 0.0394567
0 0 65 -0.0517939
0 0 66 0.115136
0 0 67 -0.00512881
0 0 68 -0.0123157
0 0 69 -0.0146116
0 0 70 0.0354307
0 0 71 -0.0206007
0 0 72 -0.007957
0 0 73 -0.00611036
0 0 74 0.0540801
0 0 75 -0.0173399
0 0 76 -0.0122159
0 0 77 -0.0569179
0 0 78 0.00272357
0 0 79 -0.0311814
0 0 80 -0.0115505
0 0 81 0.0160327
0 0 82 0.0733949
0 0 83 0.0269295
0 0 84 0.0421019
0 0 85 -0.0371871
0 0 86 -0.00304926
0 0 87 -0.00467963
0 0 88 0.0340333
0 0 89 0.00654994
0 0 90 -0.0175562
0 0 91 0.0156999
0 0 92 -0.05943
0 0 93 -0.0140625
0 0 94 -0.0471024
0 0 95 0.0181122
0 0 96 0.0482906
0 0 97 0.0584555
0 0 98 0.0227871
0 0 99 -0.0417621
0 0 100 0.0919112
0 0 101 -0.0903903
0 0 102 -0.0611768
0 0 103 0.0655426
0 0 104 -0.0142788
0 0 105 -0.00860581
0 0 106 -0.0340262
0 0 107 0.0249664
0 0 108 -0.0301
0 0 109 0.0181122
0 0 110 -0.0689127
0 0 111 0.00142593
0 0 112 0.103041
0 0 113 -0.0493982
0 0 114 -0.0112344
0 0 115 -0.009055
0 0 116 0.111126
0 0 117 -0.0760165
0 0 118 0.00293984
0 0 119 0.00120965
0 0 120 0.0917116
0 0 121 -0.00271653
0 0 122 0.0109087
0 0 123 0.0380593
0 0 124 0.209381
0 0 125 0.999859
0 0 126 0.661907
0 0 127 0.0951886
