0 0 0 5.09011 9.24956 17.047 -21.6894
0 0 1 -1.17424 -19.5388 -19.9209 32.4484
0 0 2 -2.94126 19.6275 29.146 -5.5233
0 0 3 -9.01751 -46.5136 86.2937 7.05486
0 0 4 10.8757 -31.7339 99.6371 4.85467
0 0 5 16.3762 -29.5348 -0.216858 1.60346
0 0 6 -11.4571 11.4023 88.0628 -13.0318
0 0 7 -23.2676 69.9893 -31.3041 4.08992
0 0 8 -3.08946 -26.6645 -2.3235 2.08194
0 0 9 -6.43539 -11.41 0.0190208 -9.97003
0 0 10 17.0488 -1.84596 0.307769 -7.6267
0 0 11 -5.33528 -33.1226 12.4067 -14.0351
0 0 12 13.4122 -58.8051 -0.647947 15.6634
0 0 13 6.66903 11.2131 11.0199 -7.48357
0 0 14 20.0128 -47.8524 33.2088 9.06421
0 0 15 -17.4821 10.0635 14.6557 22.3594
0 0 16 30.7232 2.9878 10.1577 -4.37549
0 0 17 5.09011 -48.138 73.9548 -45.2181
0 0 18 25.1771 -69.7543 17.2382 -10.2577
0 0 19 -40.7725 16.568 13.1225 6.48096
0 0 20 -5.28398 15.6113 -0.172122 -9.06214
0 0 21 -40.2481 -18.3929 40.0005 2.46364
0 0 22 -45.6004 39.3803 17.7628 7.19936
0 0 23 -3.71077 23.0726 39.1871 1.26812
0 0 24 -9.44502 14.5581 97.9657 20.924
0 0 25 15.088 -15.7118 6.7619 11.6924
0 0 26 -5.23838 34.8357 95.9078 -12.3134
0 0 27 -11.0239 -35.5609 19.2919 1.65118
0 0 28 5.18701 23.3117 28.8572 7.86869
0 0 29 5.23261 -62.2966 73.6701 14.851
0 0 30 -1.89245 -51.2903 108.531 1.55575
0 0 31 -3.99577 -29.5812 39.2359 4.90375
0 0 32 -5.85969 -82.4242 -30.2995 26.7107
0 0 33 -22.7432 -33.551 -23.9877 -9.82689
0 0 34 -44.9335 -71.0466 45.1654 -11.1655
0 0 35 1.60168 -25.9005 49.4722 -19.5846
0 0 36 6.24152 9.06035 45.0231 -36.8003
0 0 37 2.70179 -4.42706 22.8342 -25.4177
0 0 38 8.96615 -12.9879 -5.95929 9.4459
0 0 39 11.3089 -44.4074 -53.0659 3.75594
0 0 40 0.883476 -36.3749 -18.5829 4.99917
0 0 41 10.6876 -19.9208 -53.257 22.8842
0 0 42 -0.598538 -20.7812 15.4691 -13.0795
0 0 43 -1.21984 29.7663 16.5183 15.4235
0 0 44 5.80832 -11.5992 -7.34609 -8.15289
0 0 45 10.5451 47.6555 2.02806 -8.20197
0 0 46 -0.410436 -3.56669 110.496 -14.8489
0 0 47 8.48734 -2.65635 11.5445 11.0231
0 0 48 -20.4005 84.2871 30.7239 -8.53595
0 0 49 -8.63561 17.9068 15.1315 -22.4051
0 0 50 -12.4147 36.0316 35.3154 5.71621
0 0 51 9.30245 17.4284 54.8283 4.52069
0 0 52 -12.6997 -7.86853 96.5788 2.98983
0 0 53 -9.63882 -26.7609 10.54 9.25505
0 0 54 -14.3756 -26.4753 -13.8002 -5.3788
0 0 55 -7.7236 -29.6312 38.5201 21.8796
0 0 56 -13.6574 -24.9438 5.4239 26.0414
0 0 57 24.077 -24.9438 -31.9263 -19.2016
0 0 58 65.4936 18.146 -5.38179 15.0895
0 0 59 29.6744 5.5689 11.4022 -4.2787
0 0 60 9.34805 -30.2988 65.0606 -3.51395
0 0 61 17.14 -40.7267 15.7538 -0.692149
0 0 62 -17.3396 -35.0825 28.7637 1.79431
0 0 63 -21.5918 -5.43023 28.0927 -7.48357
0 0 64 -11.6965 38.9519 -15.2358 -7.34043
0 0 65 -7.4842 65.3484 -18.1518 -19.4878
0 0 66 -6.72039 -80.1287 -58.2308 9.68582
0 0 67 -11.5027 40.2906 -6.8174 -8.86993
0 0 68 -6.72039 -51.2475 -27.3836 -2.12759
0 0 69 -27.3831 -25.8541 -28.0506 19.3454
0 0 70 -20.7311 27.9991 -51.8702 13.1292
0 0 71 -25.4223 -95.4832 -41.1093 17.7668
0 0 72 -6.8629 -5.8622 35.7913 -20.6833
0 0 73 4.42321 -43.4042 -44.074 4.18535
0 0 74 -9.73572 -10.2604 -0.216858 -5.33109
0 0 75 -23.792 3.99097 2.93904 -10.4962
0 0 76 -38.0935 46.4595 -27.0948 2.55906
0 0 77 14.6548 -54.4497 -0.936695 28.0984
0 0 78 -5.23838 -55.9813 49.0859 -10.3531
0 0 79 -0.741039 -2.75274 -6.53272 -3.32311
0 0 80 -0.313535 -37.2352 -12.511 3.56373
0 0 81 5.56892 -6.96175 -51.1504 11.1199
0 0 82 -15.3275 3.84817 -41.8251 -15.9013
0 0 83 -35.7964 -4.76264 -17.3384 23.3641
0 0 84 11.5483 49.8082 27.7104 -1.79224
0 0 85 4.85071 -34.1258 6.09493 22.0718
0 0 86 12.5515 45.2136 -24.1301 -10.0654
0 0 87 15.088 77.2578 32.3954 1.22041
0 0 88 -27.2406 21.6838 39.8093 13.7986
0 0 89 11.3545 -31.1591 18.8649 -3.94472
0 0 90 17.0944 -59.0443 30.3416 -16.0921
0 0 91 10.6363 -18.6785 -13.9914 3.51602
0 0 92 2.22299 -2.70633 -39.7225 17.4328
0 0 93 2.65049 -7.86853 99.1613 1.60346
0 0 94 -9.68442 32.9721 -7.48843 12.3631
0 0 95 22.3556 32.7794 59.5621 5.14231
0 0 96 -4.99898 5.52249 37.8979 17.4328
0 0 97 22.0706 -74.7772 -27.3836 6.2424
0 0 98 8.86925 -6.38699 -5.5282 -5.5233
0 0 99 4.0413 37.9951 -2.94573 -4.47091
0 0 100 -13.3667 -3.66308 91.5075 0.312523
0 0 101 -1.12864 33.2113 48.2278 40.4367
0 0 102 4.66261 -48.0916 2.12566 -32.5431
0 0 103 -10.4995 -11.8384 5.99733 -3.99243
0 0 104 12.6484 -9.78204 -21.6452 -2.36615
0 0 105 0.786575 -7.15453 -21.69 8.92107
0 0 106 18.0976 -29.4384 -20.4008 4.13764
0 0 107 37.5633 -9.06448 21.9232 -5.09253
0 0 108 -7.393 6.62205 -15.6669 17.7668
0 0 109 -51.386 12.359 -27.4771 -25.5608
0 0 110 6.42963 28.9059 -56.6041 -14.8966
0 0 111 -7.5355 -20.974 -3.13687 -0.261381
0 0 112 -11.839 -8.97166 40.9115 -2.89234
0 0 113 24.7496 -13.4663 15.7538 -29.6272
0 0 114 6.19022 -41.8727 -5.28825 -9.06214
0 0 115 -4.28077 -42.1119 -68.0808 17.2897
0 0 116 -11.5996 29.1951 -31.4017 -0.45359
0 0 117 15.1336 -5.19104 12.8378 3.89908
0 0 118 31.9659 29.3843 -44.2652 -18.1492
0 0 119 21.9281 18.6243 18.6697 11.6924
0 0 120 5.56892 18.196 -14.4225 12.22
0 0 121 15.658 -50.3871 72.808 4.23306
0 0 122 13.4578 -29.1992 -37.4735 -21.4495
0 0 123 -35.6539 -10.0712 -6.00402 7.3425
0 0 124 9.30245 17.8104 62.5269 8.4903
0 0 125 29.3837 -78.0295 -15.6181 -19.3447
0 0 126 8.00854 22.1158 -56.2665 12.2677
0 0 127 3.1293 -3.27753 -85.3935 -6.04813
0 0 128 33.066 -58.8979 18.2874 -17.4308
0 0 129 -22.3613 -59.3299 -43.403 -0.0705338
0 0 130 9.25115 -13.0843 -36.6113 -16.8092
0 0 131 2.88989 56.1199 -43.5454 5.81163
0 0 132 -7.8205 -14.7086 -65.0185 -19.2956
0 0 133 0.0227678 -68.7047 -36.0379 -27.7624
0 0 134 -10.357 -59.1371 -62.1513 -17.0014
0 0 135 25.559 37.1347 -22.1699 13.7986
0 0 136 -18.0578 64.6808 -47.7098 -7.72212
0 0 137 15.2761 3.22342 -39.1938 12.3631
0 0 138 20.1098 -2.94552 -17.3384 4.66383
0 0 139 17.14 -16.383 23.9322 -13.7965
0 0 140 -8.44181 -12.4131 -25.2769 2.22508
0 0 141 0.644073 -10.0212 -19.2986 13.2724
0 0 142 -25.5648 30.773 -67.5074 -32.4
0 0 143 14.4154 -67.316 12.7402 -15.9967
0 0 144 -18.7247 54.8776 -55.4084 -0.739861
0 0 145 -15.3788 60.4253 20.9675 6.00248
0 0 146 -5.91099 -10.5496 -85.6782 5.76392
0 0 147 32.8266 -73.5349 -19.0628 0.168025
0 0 148 26.0378 -21.8343 12.4067 2.3205
0 0 149 20.8736 -25.6614 -21.1165 -8.20197
0 0 150 23.8889 31.1086 30.9151 -0.405879
0 0 151 13.4578 -33.551 -32.1662 18.5793
0 0 152 -8.58431 -44.8393 -29.9173 13.9417
0 0 153 -3.71077 14.2261 -82.9046 6.57638
0 0 154 12.7909 -28.2425 25.9901 7.00715
0 0 155 -2.51376 13.8406 44.3073 -2.84463
0 0 156 3.8931 -86.3012 41.2937 28.1462
0 0 157 -3.18066 -25.8541 6.33488 -1.69682
0 0 158 -35.9446 38.9519 -83.8156 35.0316
0 0 159 0.786575 13.4122 14.798 20.7808
0 0 160 -15.5669 5.32971 41.1026 18.0067
0 0 161 -28.1925 -18.5821 -74.966 -3.56167
0 0 162 11.2633 -28.6744 4.65933 16.4772
0 0 163 -5.33528 -28.96 -22.4098 20.0147
0 0 164 5.18701 -20.21 15.0868 34.316
0 0 165 24.6014 69.3182 -5.5282 16.3805
0 0 166 -19.9217 16.3288 -17.8671 -13.1272
0 0 167 14.8486 44.2604 56.6909 -3.41853
0 0 168 31.9659 31.8726 31.822 5.52536
0 0 169 19.819 -10.6424 0.401307 7.39021
0 0 170 57.9353 -69.8507 -17.3872 30.2986
0 0 171 18.4339 -23.8442 32.6842 10.4983
0 0 172 20.5886 19.9631 -67.7473 15.6157
0 0 173 -15.6638 32.0154 -5.71934 -13.3657
0 0 174 30.1019 -11.5063 51.2413 -11.5009
0 0 175 6.24152 -37.4744 -57.6533 -12.5056
0 0 176 1.55038 44.6424 30.8175 11.886
0 0 177 32.9235 38.6627 36.1288 11.503
0 0 178 24.362 -29.7276 32.8265 13.177
0 0 179 25.8953 -71.093 -46.5589 10.1643
0 0 180 0.547173 -31.5447 53.8685 21.7855
0 0 181 4.61131 -17.4825 -53.4482 18.293
0 0 182 -16.0457 4.75495 -81.8553 -14.4181
0 0 183 9.77556 35.6496 -61.7202 2.60814
0 0 184 11.0239 -8.87527 -62.2448 1.46033
0 0 185 31.1565 12.9338 22.5942 3.85137
0 0 186 1.69288 -27.0001 -9.92856 -8.77451
0 0 187 12.8878 35.5532 -68.6054 -19.1048
0 0 188 -9.39942 129.198 50.9526 23.8889
0 0 189 -2.55936 34.2145 -14.3249 12.6031
0 0 190 26.3741 -40.2947 -17.5295 4.71154
0 0 191 21.8312 -29.774 -90.8431 -19.2016
0 0 192 26.3228 -50.9119 44.9743 42.1093
0 0 193 39.621 26.946 -6.15043 13.3678
0 0 194 -1.93805 48.8015 -87.6425 8.53802
0 0 195 25.4621 -82.185 5.85499 6.62546
0 0 196 -23.9403 16.4252 35.8401 27.4768
0 0 197 27.5711 51.9573 -79.5087 -21.8789
0 0 198 0.883476 -79.1255 -47.0876 -12.3134
0 0 199 -15.7607 39.4766 -12.0311 -16.7614
0 0 200 -4.71398 20.0131 -50.7193 26.0414
0 0 201 8.29354 51.0505 4.32584 -8.00976
0 0 202 -14.7575 45.4528 -72.5747 24.9413
0 0 203 -17.1002 15.2757 -39.2426 11.4062
0 0 204 13.5547 12.6482 -38.0957 -7.00509
0 0 205 42.6307 32.5402 -66.2629 28.3356
0 0 206 30.4838 44.6888 -14.5648 3.65916
0 0 207 27.1835 2.41303 -116.094 35.9886
0 0 208 10.8301 -21.6915 -24.9435 23.3641
0 0 209 14.0335 -15.3298 26.8035 -7.86662
0 0 210 20.9705 50.3794 -73.8192 -30.1044
0 0 211 24.5558 23.5973 -5.91048 19.5376
0 0 212 35.175 -8.06131 -15.7605 6.86402
0 0 213 10.4938 -48.9984 -71.4767 9.82896
0 0 214 12.5971 20.7306 57.3132 -8.48824
0 0 215 -1.89245 -0.0252671 -28.2417 -4.66176
0 0 216 17.2882 -27.8141 -50.577 13.7509
0 0 217 41.6787 -21.8343 -45.7008 -12.6487
0 0 218 11.4514 -3.18471 -67.6985 -10.9747
0 0 219 9.25115 63.1992 23.1677 -2.46157
0 0 220 31.584 63.0064 -52.2525 -29.101
0 0 221 52.6285 -66.552 -72.8635 -9.73147
0 0 222 66.7362 -18.0073 -10.0709 34.8394
0 0 223 52.1041 13.2694 -58.5643 0.598793
0 0 224 43.6852 -7.82212 -45.0298 -20.5402
0 0 225 51.5284 0.499521 -75.5395 5.81163
0 0 226 73.1943 40.0014 -49.3813 12.1246
0 0 227 84.4291 41.7722 56.0687 -9.92231
0 0 228 103.177 28.1419 20.8252 23.2673
0 0 229 116.424 70.6569 -19.5386 8.77658
0 0 230 127.043 39.7158 -3.23041 -2.1753
0 0 231 158.798 22.9762 15.5138 -2.84463
0 0 232 168.938 -13.2735 17.5717 -5.42651
0 0 233 182.373 -34.8898 -0.554409 11.503
0 0 234 265.446 -9.73563 0.547715 -45.2644
0 0 235 300.022 28.4775 -128.673 -36.8494
0 0 236 322.161 -61.4326 -156.027 -30.4397
0 0 237 309.541 -50.8119 -56.5065 5.57308
0 0 238 265.161 -25.7577 -93.3808 9.20734
0 0 239 241.87 0.213922 -43.2607 1.65118
0 0 240 230.675 -104.758 -26.5214 -3.60938
0 0 241 174.627 -42.401 -39.2914 6.19469
0 0 242 142.011 -19.014 31.9196 -34.2185
0 0 243 134.453 -26.8073 65.0606 -24.7484
0 0 244 92.6087 -38.3812 18.8649 -1.50597
0 0 245 45.6004 5.8545 -3.7103 9.82896
0 0 246 42.3913 -16.4793 14.8468 32.2112
0 0 247 35.3631 40.1942 -14.9959 5.47765
0 0 248 58.0322 -43.0686 15.2779 4.47298
0 0 249 54.2531 -26.6645 -24.8011 0.837351
0 0 250 30.8657 28.5239 -21.1653 17.2897
0 0 251 15.4699 20.3951 -9.87976 15.3294
0 0 252 3.3687 -49.9551 -61.2891 -7.34043
0 0 253 -11.4058 -33.8866 61.2824 15.5203
0 0 254 7.48414 -95.5296 -102.946 8.4903
0 0 255 36.8964 -29.774 -57.7021 8.7275
0 0 256 -4.90208 20.5379 -60.8133 1.60346
0 0 257 -4.75958 17.2856 26.4659 17.959
0 0 258 15.088 28.7631 -4.80836 -3.37082
0 0 259 8.96615 70.5641 -77.455 -8.86993
0 0 260 -29.6289 -16.0974 -52.4884 -18.2923
0 0 261 -5.38088 4.80493 21.1586 -32.5935
0 0 262 10.9726 15.0865 -29.4374 -2.70149
0 0 263 -9.83262 -8.73247 -55.9819 -13.4612
0 0 264 6.86283 64.488 -30.3483 -16.0921
0 0 265 16.57 39.0947 -17.436 -23.6483
0 0 266 3.8475 32.1118 -19.4898 -5.04482
0 0 267 25.7015 81.7524 13.0778 -4.23099
0 0 268 8.67545 3.99097 2.89023 -7.10051
0 0 269 30.1532 -35.7537 25.6078 16.9544
0 0 270 39.2847 -20.3992 -11.9376 -8.72816
0 0 271 6.48093 -50.1943 -7.53723 -30.4397
0 0 272 16.0456 -89.789 2.07686 -16.572
0 0 273 14.4667 32.9257 24.2657 5.42858
0 0 274 -2.03495 -19.2532 -7.29729 -26.2806
0 0 275 -21.7856 14.0333 -34.9398 -4.8049
0 0 276 3.3687 -43.979 -78.4595 2.94212
0 0 277 -29.0532 17.7176 -7.96426 8.01182
0 0 278 -42.1576 -51.2903 -43.643 -32.7367
0 0 279 -18.8672 20.8235 -108.924 16.1882
0 0 280 -9.78132 31.969 -50.0971 -12.5533
0 0 281 3.8931 62.2889 31.7285 -35.1277
0 0 282 4.08691 4.37296 -11.5065 -14.0828
0 0 283 -26.3286 27.0888 -46.2254 -3.03547
0 0 284 18.3883 13.555 -10.1197 -15.7091
0 0 285 -4.85648 17.764 18.0963 -4.13557
0 0 286 41.9181 -41.9226 -20.7342 10.2597
0 0 287 31.5384 -14.2302 21.8297 14.0848
0 0 288 31.6809 -61.6718 -17.0049 7.67648
0 0 289 12.3121 -1.1748 29.5771 -19.8709
0 0 290 26.7104 -16.7185 -8.39534 18.9623
0 0 291 0.119669 -6.67615 0.832396 5.42858
0 0 292 -4.47457 -7.10455 4.65933 -6.47889
0 0 293 5.85392 -32.4051 -16.6714 -10.6884
0 0 294 16.2793 -1.93878 -61.8626 -9.01443
0 0 295 -21.1187 95.9574 -5.19065 -2.1753
0 0 296 -7.96301 21.3518 -57.3687 -4.56634
0 0 297 -22.1675 -36.1357 -6.915 3.08525
0 0 298 -1.79555 24.8433 -56.4129 -14.5135
0 0 299 1.60168 64.2024 -2.70579 -30.9195
0 0 300 -2.41685 7.48242 -16.3827 -27.7133
0 0 301 -19.9217 8.86757 -21.5964 9.97209
0 0 302 1.45918 49.4726 -7.87072 -15.8522
0 0 303 13.7485 29.3379 8.7262 13.7986
0 0 304 14.8486 4.32655 -14.3249 -23.1221
0 0 305 15.5668 -37.81 -37.6646 2.27279
0 0 306 12.0271 -10.8352 10.8776 6.76859
0 0 307 1.45918 -74.5845 -14.9023 -9.34841
0 0 308 -12.3634 -0.839224 25.3679 2.51135
0 0 309 -8.39621 -21.8843 9.05969 -22.645
0 0 310 17.3338 -50.1943 -24.61 -19.3447
0 0 311 17.9095 -57.4628 14.6557 12.8416
0 0 312 -16.0457 22.2586 -58.9466 -24.2699
0 0 313 -18.149 -19.7316 -35.6556 8.25038
0 0 314 2.94119 -16.2866 -15.2358 -1.26605
0 0 315 4.32631 0.545931 4.32584 -8.82222
0 0 316 13.5547 37.0848 45.2142 -6.28805
0 0 317 -37.8541 43.3501 -55.7907 -15.7568
0 0 318 -24.7041 11.1167 41.8672 -6.71882
0 0 319 -13.2755 -16.9077 -58.849 11.2153
0 0 320 10.927 -14.2802 -47.7546 9.5904
0 0 321 -16.5758 36.0316 -27.6235 8.44123
0 0 322 -11.0752 34.5037 13.2689 14.611
0 0 323 -17.4365 36.8456 -67.2674 2.3205
0 0 324 25.6103 -36.4677 -28.2905 10.7859
0 0 325 -17.1458 -77.2155 20.3941 14.2293
0 0 326 6.04772 -55.2637 -47.2787 -0.405879
0 0 327 9.49055 70.5141 -9.06638 -9.92231
0 0 328 15.2305 21.6374 -29.4862 25.8505
0 0 329 16.6156 -32.5479 -23.5079 17.5773
0 0 330 6.42963 39.4766 25.0791 -0.358167
0 0 331 1.31098 8.15001 4.65933 -15.1842
0 0 332 -0.216634 21.3518 -87.4513 -12.6964
0 0 333 27.1379 -43.165 34.5509 3.75594
0 0 334 -17.0033 40.6226 19.0561 15.8556
0 0 335 -29.8683 24.5541 -10.262 -7.72212
0 0 336 -28.8651 -2.84913 10.6864 -26.6609
0 0 337 -16.097 -8.10772 -15.4758 -4.23099
0 0 338 12.694 -49.0947 -46.0343 -6.00041
0 0 339 -0.649838 25.7036 -39.0027 19.9684
0 0 340 -0.552937 -2.37075 16.0872 23.0274
0 0 341 -15.3275 -6.38699 -2.18116 -21.2572
0 0 342 -19.8704 -18.1537 -90.3673 -2.41386
0 0 343 -4.37767 15.0865 17.3805 -5.71414
0 0 344 1.60168 69.3182 -37.3312 -19.9186
0 0 345 3.0837 -14.6122 -20.4943 -8.05747
0 0 346 20.4917 21.4446 66.1627 1.07727
0 0 347 19.4884 11.977 55.8328 2.41593
0 0 348 5.71142 57.9371 6.09493 3.4206
0 0 349 3.0324 4.70854 40.765 7.96411
0 0 350 -9.16002 -2.37075 -5.4794 -25.3714
0 0 351 -5.14148 -25.9005 1.02354 -14.5613
0 0 352 7.67224 47.7019 -58.8978 -4.94939
0 0 353 4.46881 -16.383 -25.9968 8.77658
0 0 354 -35.5114 9.06035 -4.61722 21.2593
0 0 355 -22.2188 1.64549 -66.7428 -13.318
0 0 356 -9.39942 30.341 -20.5431 -23.2652
0 0 357 -4.66267 17.0464 -64.5914 17.1466
0 0 358 -7.7236 45.2136 -19.0628 12.8416
0 0 359 0.450272 38.4735 -0.696749 5.14231
0 0 360 1.84108 68.5078 -27.7659 -15.9503
0 0 361 19.819 46.2668 -79.6063 11.6924
0 0 362 -0.456037 0.306742 -17.7207 30.3463
0 0 363 7.00533 45.31 9.53551 -11.0701
0 0 364 24.2708 -11.028 -11.5065 23.8889
0 0 365 57.4109 43.9713 20.6787 4.42527
0 0 366 12.124 89.4065 13.2201 3.9945
0 0 367 -8.10551 59.2758 23.1677 -26.1347
0 0 368 -5.85969 -2.37075 -13.7514 -6.52661
0 0 369 26.0834 -7.53652 57.6019 1.65118
0 0 370 18.2401 -55.2637 8.53506 3.27746
0 0 371 6.90843 -53.2038 17.2829 3.85137
0 0 372 1.45918 65.7339 11.8821 16.1882
0 0 373 -8.82371 1.1207 -50.6746 -36.7526
0 0 374 13.1272 7.818 16.9006 -21.1141
0 0 375 -15.8063 48.3231 14.9892 -3.89701
0 0 376 -7.5355 -24.9438 -15.0935 -15.0874
0 0 377 -34.1262 24.5541 -58.182 30.2018
0 0 378 -0.649838 -11.1708 55.8776 0.78964
0 0 379 0.26217 -15.0442 26.3724 0.360234
0 0 380 -24.5616 67.883 13.7935 2.17737
0 0 381 -20.4461 34.982 31.3462 -15.5182
0 0 382 14.8486 -10.6424 7.3394 9.0165
0 0 383 8.82365 -35.8001 47.6543 6.67317
0 0 384 -1.31674 39.4766 -20.352 3.65916
0 0 385 1.74418 51.4325 10.3489 2.51135
0 0 386 -10.1632 25.2717 -76.117 -6.14491
0 0 387 -2.27435 30.6302 -54.4974 -15.0874
0 0 388 -30.3471 8.53199 -27.957 -7.91433
0 0 389 3.3687 58.0334 -33.6954 6.86402
0 0 390 5.04451 41.0546 41.2937 34.027
0 0 391 -29.6745 41.6758 -60.7157 9.39819
0 0 392 16.3306 -30.2059 34.1198 -9.58833
0 0 393 -18.2003 -25.8041 60.7578 -8.63137
0 0 394 -25.7529 22.9762 41.5296 -19.7741
0 0 395 -40.2481 87.1574 53.0104 -0.644437
0 0 396 -14.0849 -20.0672 -14.8535 -1.17063
0 0 397 -19.3004 30.6302 -2.46584 -16.9523
0 0 398 7.76914 42.6789 8.7262 15.7588
0 0 399 6.95403 -23.605 39.4758 6.72088
0 0 400 -1.17424 -35.0825 22.5942 -14.1796
0 0 401 -1.60175 -59.2335 29.9106 1.60346
0 0 402 -4.04137 101.602 4.80167 -24.7961
0 0 403 -10.3057 13.8905 -64.6362 3.32517
0 0 404 9.15425 -25.565 -1.65247 16.4282
0 0 405 -10.3057 -0.410826 -23.032 3.65916
0 0 406 -0.262235 -15.2834 -0.647947 15.3771
0 0 407 -11.554 7.9608 -44.981 -13.7965
0 0 408 -14.9456 42.3933 -76.7839 -5.90499
0 0 409 -11.1664 0.403131 38.0402 44.0709
0 0 410 14.5123 -23.4622 47.3656 6.81631
0 0 411 -31.1565 24.9861 37.3245 -2.65378
0 0 412 -44.3122 24.0293 47.6055 -28.2886
0 0 413 -26.0436 -11.41 0.881198 -10.3531
0 0 414 -9.06312 -21.0703 73.4302 4.23306
0 0 415 -15.7094 10.2563 32.6842 -19.0093
0 0 416 8.34484 33.9289 3.98829 13.0338
0 0 417 21.7799 43.2073 -11.1242 17.7668
0 0 418 14.8486 12.409 -24.8011 27.3323
0 0 419 -0.410436 49.1834 -10.8355 29.7724
0 0 420 -26.7105 11.7378 -46.9412 4.66383
0 0 421 11.9758 42.0578 13.3136 13.3201
0 0 422 -14.0393 62.96 68.981 3.46831
0 0 423 -39.9574 17.332 -16.3339 21.1639
0 0 424 -5.14148 54.2064 28.475 13.4632
0 0 425 2.65049 -9.54285 11.7845 -6.81424
0 0 426 23.0225 -28.5316 -85.7758 -3.1309
0 0 427 22.9769 -13.1771 -35.2733 18.1499
0 0 428 -7.7236 -9.40005 23.1677 0.934138
0 0 429 0.359071 24.5077 9.10849 -5.3788
0 0 430 18.5308 29.6235 4.89927 -21.3063
0 0 431 16.7581 -55.4065 22.4966 -21.4958
0 0 432 -18.8672 -75.1592 43.6851 10.8336
0 0 433 -26.6136 -40.1519 -39.5761 -28.2886
0 0 434 -30.0108 -3.99509 -22.8409 -12.3134
0 0 435 0.689674 40.9582 41.0538 -22.5482
0 0 436 20.1554 24.6041 0.690055 3.80365
0 0 437 14.3185 -20.0172 13.1713 -6.04813
0 0 438 -17.3852 54.6384 20.1541 -0.787572
0 0 439 -17.3852 3.75178 34.6932 -16.9523
0 0 440 2.65049 -26.8573 0.258966 8.25038
0 0 441 -11.1208 -35.8965 37.9467 -18.1001
0 0 442 -4.90208 12.0234 -6.62625 11.0722
0 0 443 -19.2035 18.9099 -17.2449 -28.5258
0 0 444 16.4731 35.5068 42.7253 -19.2956
0 0 445 36.5601 -61.579 60.5179 -6.33576
0 0 446 12.5059 -3.13473 92.0321 -7.86662
0 0 447 4.66261 76.3511 53.535 -6.19262
0 0 448 -1.60175 43.4929 16.5671 1.36354
0 0 449 -41.8213 23.9829 9.9666 -3.32311
0 0 450 3.1293 13.9869 -21.1653 -30.0566
0 0 451 -33.408 9.58514 -36.469 -21.5926
0 0 452 11.8333 -25.8541 0.45011 -10.8316
0 0 453 2.26859 -37.5708 -67.8409 4.28077
0 0 454 -47.2307 -27.2857 2.36561 9.5904
0 0 455 13.1272 -50.0051 17.3317 24.5596
0 0 456 5.23261 11.3559 -3.6615 23.9857
0 0 457 0.0227678 21.4446 -24.1301 30.7757
0 0 458 0.980377 40.4798 13.2689 12.6985
0 0 459 -22.2644 64.0096 22.8789 -5.57101
0 0 460 21.2555 39.4766 86.7248 18.6761
0 0 461 23.4101 44.978 23.4076 7.86869
0 0 462 4.70821 -10.0712 15.7538 -4.18328
0 0 463 -9.78132 37.0383 42.8229 9.39819
0 0 464 6.38403 -25.565 -11.1242 2.3205
0 0 465 -11.554 -2.79915 -67.9832 -2.89234
0 0 466 -12.8422 2.89141 26.5635 -0.0705338
0 0 467 6.33273 -40.9159 2.07686 -18.0524
0 0 468 -20.4974 8.05719 -25.6145 -5.61872
0 0 469 -12.5572 -51.8651 -22.1699 -7.29272
0 0 470 -7.7749 -64.4457 36.3647 -21.6894
0 0 471 24.7496 3.60898 5.95259 -12.6964
