0 0 0 52937.2 -412.528 -428.163 1131.37
0 0 1 52938.6 -411.459 -425.608 1128.3
0 0 2 52938.8 -412.549 -425.259 1128.48
0 0 3 52936.5 -411.532 -423.895 1131.61
0 0 4 52937.5 -412.237 -425.202 1129.4
0 0 5 52940.3 -412.725 -424.752 1131.82
0 0 6 52936.5 -413.409 -424.238 1127.09
0 0 7 52938.6 -410.786 -423.996 1128.33
0 0 8 52938 -412.097 -426.728 1132.29
0 0 9 52937.4 -410.796 -424.758 1131.55
0 0 10 52937.9 -411.201 -426.186 1130.86
0 0 11 52938.5 -412.556 -424.791 1131.65
0 0 12 52937.7 -411.039 -421.278 1132.07
0 0 13 52939.2 -412.494 -422.6 1131.1
0 0 14 52938.5 -412.352 -424.487 1130.43
0 0 15 52938.3 -410.978 -422.387 1133.24
0 0 16 52936.5 -412.273 -422.797 1130.66
0 0 17 52937.5 -413.242 -424.859 1132.85
0 0 18 52939.2 -412.103 -424.483 1130.27
0 0 19 52939 -412.777 -425.096 1133.91
0 0 20 52936.9 -414.085 -423.375 1129.96
0 0 21 52937 -413.263 -425.541 1129.36
0 0 22 52938.5 -413.263 -425.568 1132.12
0 0 23 52938.1 -413.336 -425.35 1132.67
0 0 24 52938.3 -414.093 -424.47 1132.3
0 0 25 52938.9 -414.327 -425.04 1129.92
0 0 26 52937.2 -412.257 -426.218 1131.7
0 0 27 52939.9 -412.653 -426.494 1132.1
0 0 28 52939.3 -414.022 -425.762 1131.65
0 0 29 52939.2 -414.054 -423.76 1130.66
0 0 30 52939.7 -411.694 -425.094 1130.8
0 0 31 52937.9 -412.331 -424.214 1127.86
0 0 32 52939.7 -413.528 -425.237 1132.55
0 0 33 52940.1 -413.241 -425.545 1129.32
0 0 34 52940.2 -412.344 -426.923 1131.25
0 0 35 52937.8 -412.723 -422.654 1129.5
0 0 36 52940.2 -413.34 -426.432 1131.32
0 0 37 52939 -413.718 -425.599 1132.49
0 0 38 52936.7 -413.225 -422.706 1131.82
0 0 39 52938.6 -411.829 -425.117 1129.89
0 0 40 52939.4 -411.702 -425.68 1131.45
0 0 41 52938.6 -412.917 -427.491 1130.77
0 0 42 52940 -413.083 -423.656 1128.61
0 0 43 52937 -412.601 -423.728 1130.9
0 0 44 52937.8 -410.514 -425.223 1131.82
0 0 45 52936.1 -413.843 -427.229 1130.17
0 0 46 52938.1 -410.435 -426.725 1133.75
0 0 47 52938.5 -411.277 -427.474 1131.99
0 0 48 52936.4 -412.065 -423.857 1129.56
0 0 49 52938 -413.162 -424.318 1130.57
0 0 50 52939.3 -409.673 -425.953 1130.22
0 0 51 52941.6 -414.266 -425.178 1133.04
0 0 52 52940.2 -414.121 -423.163 1131.85
0 0 53 52941.4 -412.365 -421.759 1132.54
0 0 54 52941.7 -410.665 -421.649 1129.21
0 0 55 52942.2 -413.618 -423.944 1130.02
0 0 56 52943.6 -413.678 -422.711 1132.83
0 0 57 52942.4 -413.358 -421.388 1131.21
0 0 58 52944.6 -413.44 -419.577 1132.53
0 0 59 52947.6 -413.552 -420.246 1131.78
0 0 60 52946.2 -415.993 -419.509 1132.66
0 0 61 52947.5 -414.368 -419.956 1134.23
0 0 62 52946.5 -416.621 -419.685 1134.9
0 0 63 52945.4 -414.803 -421.735 1134.02
0 0 64 52947.9 -414.586 -421.724 1135.04
0 0 65 52947 -414.594 -423.421 1133.62
0 0 66 52945.2 -412.749 -425.987 1134.63
0 0 67 52942 -414.415 -423.568 1131.83
0 0 68 52939.5 -413.807 -424.771 1132.36
0 0 69 52938.8 -412.227 -422.656 1130.27
0 0 70 52938.1 -413.226 -423.507 1129.74
0 0 71 52940.6 -413.199 -426.651 1130.11
0 0 72 52939.6 -411.766 -427.035 1129.8
0 0 73 52937.8 -412.161 -424.387 1129.99
0 0 74 52936.1 -412.767 -424.641 1130.6
0 0 75 52936.8 -411.614 -425.295 1129.79
0 0 76 52938.1 -411.476 -425.847 1131.36
0 0 77 52938.1 -413.67 -426.371 1131.77
0 0 78 52939.5 -412.114 -423.857 1128.53
0 0 79 52939.8 -411.713 -425.369 1130.99
0 0 80 52939 -413 -426.141 1131.84
0 0 81 52938.4 -414.593 -424.168 1131.12
0 0 82 52939.3 -411.548 -423.884 1129.75
0 0 83 52939.3 -411.951 -425.992 1130.44
0 0 84 52941.1 -413.143 -425.894 1130.37
0 0 85 52938.2 -411.59 -423.251 1129.76
0 0 86 52937.5 -411.384 -425.319 1128.51
0 0 87 52937.4 -413.422 -424.623 1130.82
0 0 88 52935.6 -410.85 -424.435 1129.63
0 0 89 52937.4 -412.121 -424.998 1132.02
0 0 90 52937.9 -413.163 -424.971 1130.05
0 0 91 52938.3 -411.604 -423.499 1131.01
0 0 92 52939.8 -415.006 -423.704 1130.51
0 0 93 52938.6 -412.535 -425.501 1130.11
0 0 94 52937.8 -412.949 -426.565 1132.45
0 0 95 52938.2 -413.566 -424.201 1131.32
0 0 96 52938.2 -411.055 -426.104 1129.25
0 0 97 52941 -412.55 -424.057 1131.93
0 0 98 52938.8 -411.835 -425.946 1129.8
0 0 99 52937.6 -413.879 -424.507 1130.3
0 0 100 52937.7 -413.038 -424.916 1130.23
0 0 101 52938.5 -413.016 -423.095 1132.1
0 0 102 52939.4 -410.889 -426.434 1129.59
0 0 103 52936.6 -411.342 -425.075 1130.43
0 0 104 52937.7 -413.644 -426.065 1128.54
0 0 105 52939.4 -412.713 -424.617 1130.33
0 0 106 52937.9 -414.172 -424.024 1133.44
0 0 107 52937.3 -411.871 -424.869 1129.1
0 0 108 52937.3 -415.131 -422.655 1130.69
0 0 109 52937.8 -412.663 -422.212 1131.58
0 0 110 52937.6 -412.632 -425.122 1130.81
0 0 111 52938.4 -413.206 -424.81 1129.03
0 0 112 52938.2 -414.623 -425.264 1129.57
0 0 113 52939 -411.456 -423.841 1129.75
0 0 114 52937.9 -413.14 -425.762 1130.62
0 0 115 52937.1 -412.725 -422.888 1129.24
0 0 116 52935.6 -412.267 -425.758 1130.97
0 0 117 52936.2 -411.585 -424.491 1129.89
0 0 118 52936.3 -411.759 -425.577 1129.51
0 0 119 52941.1 -413.683 -423.395 1130.98
0 0 120 52939.4 -412.617 -425.43 1129.2
0 0 121 52937.3 -413.125 -424.167 1128.8
0 0 122 52938 -412.881 -423.819 1130.69
0 0 123 52940.4 -412.214 -426.016 1129.55
0 0 124 52937 -412.414 -425.418 1129.97
0 0 125 52938.5 -413.912 -424.659 1130.35
0 0 126 52939.9 -410.934 -426.613 1128.46
0 0 127 52937.9 -411.985 -427.09 1132.14
0 0 128 52937.4 -412.575 -424.605 1127.97
0 0 129 52936.8 -411.536 -423.202 1128.96
0 0 130 52934.6 -412.866 -423.827 1131.38
0 0 131 52940.5 -409.117 -424.389 1131.79
0 0 132 52937.6 -412.478 -426.056 1131.08
0 0 133 52937.3 -413.936 -428.89 1130.54
0 0 134 52937.9 -414.978 -422.676 1130.36
0 0 135 52936.8 -409.59 -424.877 1128.71
0 0 136 52939.5 -412.839 -424.915 1131.95
0 0 137 52938.5 -413.687 -427.845 1130.46
0 0 138 52938.3 -411.747 -424.728 1130.95
0 0 139 52938.9 -409.603 -422.546 1128.28
0 0 140 52937.3 -410.026 -425.238 1132.74
0 0 141 52937.5 -413.491 -427.147 1130.64
0 0 142 52936.6 -412.519 -423.779 1130.75
0 0 143 52938.4 -410.255 -426.623 1130.34
0 0 144 52936.2 -411.68 -424.579 1129.88
0 0 145 52939.6 -414.671 -423.757 1131.58
0 0 146 52938.2 -412.858 -423.474 1129.32
0 0 147 52937.2 -412.895 -423.992 1130.2
0 0 148 52938.2 -413.501 -424.519 1132.26
0 0 149 52938.2 -412.511 -423.553 1130.7
0 0 150 52939.2 -414.297 -425.049 1132.6
0 0 151 52937.5 -411.663 -425.938 1128.6
0 0 152 52939 -412.737 -424.441 1131.58
0 0 153 52938.1 -415.168 -425.095 1129.72
0 0 154 52937.9 -413.904 -425.311 1129.08
0 0 155 52936.8 -411.653 -425.132 1128.64
0 0 156 52938.5 -410.119 -423.819 1129.85
0 0 157 52937.4 -413.371 -424.608 1129.23
0 0 158 52938.4 -411.406 -424.527 1131.86
0 0 159 52937.8 -412.747 -424.708 1131.33
0 0 160 52938.5 -413.896 -425.381 1131.42
0 0 161 52940.4 -412.811 -427.599 1132.18
0 0 162 52939.6 -414.255 -424.844 1130.79
0 0 163 52938 -411.173 -426.339 1128.04
0 0 164 52937.8 -413.129 -424.853 1133.7
0 0 165 52938.6 -414.531 -422.401 1131.63
0 0 166 52936.7 -411.173 -425.688 1130.31
0 0 167 52937.7 -413.692 -424.113 1132.13
0 0 168 52939.4 -413.546 -425.576 1128.94
0 0 169 52938.2 -412.67 -426.455 1131.13
0 0 170 52939.2 -410.016 -424.84 1131.71
0 0 171 52939.2 -412.175 -424.678 1133.22
0 0 172 52938.4 -412.908 -425.081 1132.1
0 0 173 52937.5 -412.469 -426.097 1130.23
0 0 174 52937.1 -411.802 -422.905 1129.7
0 0 175 52938.3 -413.806 -424.949 1130.46
0 0 176 52938 -413.683 -423.852 1131.5
0 0 177 52938.1 -412.781 -424.753 1131.61
0 0 178 52937.8 -414.592 -426.287 1131.19
0 0 179 52938.5 -412.063 -427.039 1131.09
0 0 180 52939.1 -411.33 -424.165 1131.45
0 0 181 52938 -411.065 -424.548 1129.39
0 0 182 52938.9 -413.632 -424.164 1129.87
0 0 183 52937.3 -412.204 -424.556 1131.31
0 0 184 52938 -414.777 -425.338 1133.49
0 0 185 52937.8 -412.94 -424.077 1132.61
0 0 186 52938.7 -412.266 -425.585 1130.74
0 0 187 52938.4 -414.488 -423.395 1132.21
0 0 188 52936.9 -413.968 -425.732 1130.59
0 0 189 52939 -414.198 -424.664 1133.18
0 0 190 52939.4 -410.201 -424.261 1132.31
0 0 191 52937.7 -412.998 -425.637 1130.36
0 0 192 52939.2 -411.34 -425.048 1132.02
0 0 193 52937.4 -411.196 -422.376 1131.83
0 0 194 52938.3 -411.692 -428.352 1129.83
0 0 195 52936.8 -412.496 -425.382 1129.86
0 0 196 52938.1 -413.327 -424.757 1131.03
0 0 197 52937.2 -409.71 -426.381 1128.33
0 0 198 52937.1 -413.448 -423.75 1131.03
0 0 199 52936.3 -410.638 -425.058 1132.01
0 0 200 52938.5 -412.689 -425.189 1126.92
0 0 201 52939.9 -411.47 -423.561 1129.69
0 0 202 52935.7 -413.597 -424.099 1128.68
0 0 203 52936.2 -414.818 -423.877 1129.72
0 0 204 52938.9 -412.883 -426.287 1128.96
0 0 205 52938.6 -411.06 -425.798 1131.73
0 0 206 52938.6 -414.109 -423.969 1128.19
0 0 207 52938.3 -411.208 -426.611 1129.83
0 0 208 52937.2 -412.716 -424.443 1129.46
0 0 209 52939 -414.43 -423.415 1130.44
0 0 210 52938.1 -415.665 -424.314 1130.91
0 0 211 52939.2 -413.259 -424.738 1131.03
0 0 212 52938.8 -411.123 -424.454 1132.28
0 0 213 52940.4 -413.05 -424.288 1130.52
0 0 214 52938.8 -411.919 -425.694 1130.37
0 0 215 52938.4 -412.879 -424.576 1131.1
0 0 216 52937.7 -412.042 -424.766 1129.7
0 0 217 52939.4 -413.834 -426.216 1133.36
0 0 218 52937.4 -410.94 -422.993 1131.49
0 0 219 52937.6 -414.309 -425.043 1132.57
0 0 220 52938.4 -410.467 -428.019 1131.89
0 0 221 52935.3 -410.329 -423.522 1132.5
0 0 222 52937.4 -413.308 -426.829 1131.16
0 0 223 52935.8 -411.917 -425.141 1129.46
0 0 224 52938.1 -412.792 -424.011 1131.04
0 0 225 52938 -411.647 -425.095 1131.63
0 0 226 52938.5 -412.639 -423.044 1131.56
0 0 227 52939.3 -414.493 -425.802 1131.11
0 0 228 52939.1 -414.05 -424.009 1131.79
0 0 229 52940.7 -411.864 -424.405 1131.17
0 0 230 52940.5 -412.969 -423.17 1132.49
0 0 231 52938.4 -413.19 -425.334 1130.58
0 0 232 52939.4 -413.548 -423.825 1133.26
0 0 233 52937.8 -412.322 -422.587 1131.11
0 0 234 52940.5 -412.661 -427.061 1132.14
0 0 235 52940.9 -412.485 -423.878 1130.88
0 0 236 52938.2 -412.11 -424.914 1131.69
0 0 237 52938.7 -413.459 -426.345 1129.37
0 0 238 52937.8 -415.235 -426.83 1130.91
0 0 239 52938.1 -412.937 -423.447 1131.21
0 0 240 52937 -412.846 -424.628 1131.05
0 0 241 52938.5 -411.46 -424.269 1132.51
0 0 242 52939.4 -412.289 -424.433 1133
0 0 243 52939.6 -413.4 -424.035 1129.87
0 0 244 52939.2 -413.088 -423.074 1129.44
0 0 245 52935.2 -413.103 -423.112 1132.49
0 0 246 52936.8 -412.624 -426.64 1130.74
0 0 247 52935.2 -413.543 -424.553 1130.92
0 0 248 52938.7 -410.814 -424.758 1131.11
0 0 249 52937 -411.454 -426.463 1130.63
0 0 250 52936.4 -413.81 -425.915 1132.26
0 0 251 52937.6 -412.646 -424.846 1130.64
0 0 252 52937.9 -412.846 -423.943 1130.63
0 0 253 52937.8 -411.486 -424.283 1131.23
0 0 254 52939.8 -413.065 -424.117 1131.93
0 0 255 52935.9 -413.226 -423.203 1131.19
0 0 256 52937.6 -413.947 -426.951 1130.44
0 0 257 52938.9 -412.626 -426.952 1131.03
0 0 258 52935.1 -414.835 -424.46 1130.16
0 0 259 52936.6 -412.567 -424.605 1127.95
0 0 260 52937.1 -411.377 -425.513 1130.86
0 0 261 52936.3 -415.069 -421.598 1129.2
0 0 262 52939.5 -413.717 -424.605 1130.09
0 0 263 52939.8 -413.297 -425.046 1130.43
0 0 264 52937.7 -411.542 -424.053 1130.73
0 0 265 52937.5 -413.787 -426.486 1127.99
0 0 266 52939.6 -411.926 -424.753 1131.71
0 0 267 52936.8 -412.556 -423.883 1129.85
0 0 268 52936.8 -412.797 -424.835 1130.53
0 0 269 52936.8 -412.447 -424.701 1130.27
0 0 270 52939.3 -411.899 -425.761 1129.38
0 0 271 52937.3 -412.398 -425.8 1129.72
0 0 272 52936 -412.056 -429.07 1129.11
0 0 273 52937.9 -412.202 -424.921 1129.26
0 0 274 52937 -412.852 -425.951 1130.53
0 0 275 52937.3 -413.732 -424.732 1131.18
0 0 276 52937.7 -410.983 -425.613 1129.41
0 0 277 52936.4 -412.656 -425.209 1131.44
0 0 278 52937.1 -410.978 -424.616 1130.94
0 0 279 52937.6 -413.507 -425.287 1131.34
0 0 280 52936.3 -411.049 -422.238 1132.22
0 0 281 52938.6 -410.419 -425.978 1132.3
0 0 282 52936.3 -413.034 -423.456 1130.32
0 0 283 52936 -413.701 -424.548 1130.29
0 0 284 52938.4 -412.803 -426.154 1130.22
0 0 285 52939.9 -414.606 -425.295 1130.98
0 0 286 52937.1 -413.302 -426.41 1129.55
0 0 287 52937.8 -414.311 -426.135 1132.35
0 0 288 52937.4 -412.917 -423.377 1131.26
0 0 289 52936.2 -411.726 -426.409 1129.59
0 0 290 52937.3 -410.973 -425.753 1131.13
0 0 291 52936.9 -414.93 -424.012 1132.22
0 0 292 52936.7 -410.461 -424.922 1130.25
0 0 293 52936.3 -411.699 -426.528 1132.21
0 0 294 52940 -413.386 -424.668 1130.71
0 0 295 52938.9 -412.734 -425.691 1132.58
0 0 296 52938.1 -414.035 -425.299 1132.6
0 0 297 52938.9 -412.318 -424.395 1129.36
0 0 298 52938 -412.925 -424.61 1131.34
0 0 299 52938.9 -411.475 -423.54 1129.77
0 0 300 52938.5 -414.652 -423.967 1129.69
0 0 301 52938.9 -413.133 -424.113 1131.31
0 0 302 52936.3 -413.01 -426.919 1130.55
0 0 303 52939.2 -411.796 -424.407 1130.14
0 0 304 52939.9 -411.836 -423.397 1129.18
0 0 305 52937.4 -411.064 -424.919 1129.06
0 0 306 52939.8 -413.636 -423.805 1131.71
0 0 307 52939.3 -412.523 -425.841 1133.01
0 0 308 52937.3 -412.22 -424.933 1131.56
0 0 309 52936.7 -412.225 -425.007 1129.56
0 0 310 52938 -414.031 -425.073 1132.04
0 0 311 52934.7 -413.687 -424.412 1130.12
0 0 312 52936.6 -411.648 -424.051 1130.36
0 0 313 52938.9 -412.998 -425.816 1131.7
0 0 314 52939 -412.186 -425.357 1130.42
0 0 315 52938.8 -409.924 -424.53 1130.34
0 0 316 52937.3 -411.528 -425.606 1132.27
0 0 317 52937.2 -411.964 -422.861 1131.1
0 0 318 52940.2 -412.521 -422.226 1131.38
0 0 319 52938.3 -413.312 -425.745 1131.3
0 0 320 52935.8 -414.315 -425.34 1130.76
0 0 321 52939.1 -413.449 -422.91 1130.19
0 0 322 52937.9 -411.613 -425.771 1130.26
0 0 323 52936.8 -412.473 -424.029 1129.35
0 0 324 52938.6 -413.913 -425.187 1130.98
0 0 325 52936.4 -412.451 -423.896 1132.97
0 0 326 52935.9 -411.189 -424.647 1132.13
0 0 327 52938.9 -409.944 -424.964 1132.06
0 0 328 52938.8 -410.681 -427.746 1132.6
0 0 329 52938.3 -414.114 -424.585 1132.02
0 0 330 52938.5 -412.784 -425.052 1130.95
0 0 331 52938.1 -414.333 -425.453 1132.66
0 0 332 52939.5 -414.12 -426.878 1130.44
0 0 333 52937.5 -412.875 -425.549 1129.49
0 0 334 52938 -411.936 -425.215 1130.87
0 0 335 52938.6 -414.468 -425.876 1130.42
0 0 336 52938 -411.296 -423.685 1130.97
0 0 337 52938 -413.64 -422.449 1131.81
0 0 338 52936.5 -412.26 -426.554 1131.75
0 0 339 52938.8 -411.416 -426.424 1131.89
0 0 340 52939.5 -413.048 -425.907 1131.13
0 0 341 52939.2 -411.994 -425.045 1131.32
0 0 342 52938.1 -412.528 -423.971 1129.22
0 0 343 52939.1 -413.349 -426.023 1130.11
0 0 344 52936.8 -411.473 -424.367 1128.73
0 0 345 52935.2 -411.328 -423.305 1132.53
0 0 346 52934.9 -411.34 -424.354 1129.6
0 0 347 52937.2 -411.714 -425.987 1132.4
0 0 348 52935.9 -413.425 -424.517 1131.84
0 0 349 52937.1 -414.351 -426.215 1132.09
0 0 350 52935.8 -413.262 -424.465 1131.03
0 0 351 52936.7 -412.114 -425.336 1130.43
0 0 352 52937.7 -412.444 -425.165 1131.05
0 0 353 52936.3 -412.16 -426.13 1133.6
0 0 354 52938.8 -412.824 -425.306 1131.07
0 0 355 52937 -410.651 -423.686 1131.49
0 0 356 52938.9 -414.629 -423.484 1132.14
0 0 357 52938.7 -413.513 -426.155 1130.28
0 0 358 52941.7 -413.864 -425.767 1130.38
0 0 359 52937.4 -410.579 -425.15 1130.39
0 0 360 52935.1 -411.485 -426.457 1131.62
0 0 361 52937 -413.124 -424.323 1132.63
0 0 362 52938.5 -414.363 -424.308 1131.61
0 0 363 52937.7 -412.411 -427.587 1130.82
0 0 364 52939.1 -414.117 -426.45 1131.42
0 0 365 52935.8 -410.776 -424.976 1130.02
0 0 366 52938.4 -411.207 -424.774 1128.71
0 0 367 52939.2 -413.481 -428.163 1131.34
0 0 368 52938.2 -411.994 -426.467 1129.15
0 0 369 52935.6 -412.832 -423.709 1129.06
0 0 370 52938.5 -414.863 -426.474 1131.1
0 0 371 52938.8 -412.054 -426.749 1128.85
0 0 372 52938.6 -414.005 -424.798 1128.55
0 0 373 52939.8 -409.334 -427.456 1130.56
0 0 374 52939.2 -414.02 -426.217 1132.4
0 0 375 52937.9 -412.066 -425.395 1129.32
0 0 376 52935.9 -411.266 -425.336 1132.52
0 0 377 52937.2 -412.189 -427.547 1131.74
0 0 378 52934.8 -413.168 -422.936 1131.84
0 0 379 52936.7 -412.006 -428.01 1130.79
0 0 380 52938.3 -412.339 -425.505 1132.72
0 0 381 52938.7 -413.658 -424.499 1132.08
0 0 382 52938.9 -413.592 -426.974 1130.54
0 0 383 52936.3 -412.906 -425.459 1129.25
0 0 384 52937 -413.812 -424.809 1132.6
0 0 385 52937.7 -411.875 -422.652 1130.99
0 0 386 52937.8 -412.452 -426.536 1130.71
0 0 387 52937.5 -413.676 -425.916 1130.49
0 0 388 52938.2 -412.569 -422.188 1130.63
0 0 389 52937.4 -412.731 -421.078 1131.2
0 0 390 52938.2 -411.498 -425.215 1132.5
0 0 391 52941 -412.347 -425.44 1133.24
0 0 392 52939.7 -411.786 -425.439 1130.09
0 0 393 52940.6 -409.882 -424.575 1129.66
0 0 394 52936.8 -413.262 -424.211 1129.69
0 0 395 52939.2 -414.339 -425.674 1130.86
0 0 396 52939.6 -412.529 -427.849 1128.92
0 0 397 52938.5 -413.657 -427.044 1129.8
0 0 398 52936.9 -412.873 -425.563 1129.89
0 0 399 52939.8 -411.04 -427.616 1130.85
0 0 400 52936.7 -413.297 -425.434 1131.68
0 0 401 52939.1 -415.455 -423.952 1130.71
0 0 402 52938.1 -410.924 -425.284 1129.67
0 0 403 52937.3 -415.029 -423.171 1130.24
0 0 404 52938.5 -415.266 -423.848 1132.2
0 0 405 52937.6 -412.027 -425.437 1128.13
0 0 406 52939.3 -411.043 -423.928 1130.25
0 0 407 52933.8 -411.187 -425.679 1127.51
0 0 408 52937.8 -411.007 -427.118 1131.23
0 0 409 52937.7 -412.341 -424.248 1130.36
0 0 410 52938.8 -411.479 -426.172 1132.25
0 0 411 52938.5 -415.235 -428.067 1130.2
0 0 412 52938.5 -410.745 -424.51 1132.54
0 0 413 52937.6 -412.084 -423.359 1130.34
0 0 414 52938.1 -411.573 -426.457 1131.25
0 0 415 52936.3 -414.433 -426.152 1133.32
0 0 416 52938.4 -413.074 -426.083 1131.88
0 0 417 52939.5 -412.622 -424.329 1131.11
0 0 418 52937.9 -413.78 -424.857 1132.87
0 0 419 52938.3 -416.422 -427.081 1131.55
0 0 420 52937.9 -414.872 -424.112 1130.45
0 0 421 52938 -413.45 -426.01 1131.44
0 0 422 52940.5 -411.251 -423.032 1132.3
0 0 423 52938 -412.487 -424.265 1131.94
0 0 424 52938.2 -411.607 -424.747 1132.22
0 0 425 52939.3 -413.004 -425.757 1130.99
0 0 426 52937.8 -412.359 -425.586 1131.69
0 0 427 52938.3 -410.603 -425.027 1130.4
0 0 428 52936.6 -412.249 -424.485 1131.35
0 0 429 52935.6 -411.618 -422.144 1131.18
0 0 430 52935.7 -410.055 -425.544 1128.18
0 0 431 52936.2 -412.291 -425.833 1130.04
0 0 432 52939 -411.957 -424.631 1129.76
0 0 433 52936.7 -414.855 -425.63 1131.47
0 0 434 52937.7 -410.908 -425.533 1130.24
0 0 435 52935.4 -413.015 -423.611 1131.04
0 0 436 52936.4 -413.391 -427.05 1130.66
0 0 437 52938.6 -410.662 -424.246 1130.14
0 0 438 52937.1 -413.993 -424.767 1131.17
0 0 439 52939.6 -412.734 -425.683 1130.64
0 0 440 52936.1 -412.088 -427.466 1131.08
0 0 441 52935.9 -412.311 -421.176 1131.35
0 0 442 52936.8 -414.356 -426.345 1129.79
0 0 443 52937.6 -412.567 -425.994 1132.18
0 0 444 52937.7 -413.99 -423.02 1130.46
0 0 445 52937.4 -414.649 -425.528 1131.21
0 0 446 52936.5 -411.059 -422.608 1132.03
0 0 447 52937.7 -410.849 -425.495 1130.21
0 0 448 52936.4 -412.661 -426.566 1129.47
0 0 449 52938.4 -412.218 -424.777 1130.45
0 0 450 52936.6 -412.265 -424.85 1130.12
0 0 451 52939.5 -413.341 -425.238 1131.01
0 0 452 52937.8 -412.861 -423.767 1129.98
0 0 453 52937.9 -411.812 -425.639 1131.59
0 0 454 52938.2 -412.245 -425.098 1131.59
0 0 455 52937.1 -412.18 -425.076 1127.91
0 0 456 52938.1 -412.283 -424.567 1130.29
0 0 457 52938.1 -412.763 -426.669 1131.46
0 0 458 52938.8 -412.48 -426.137 1131.68
0 0 459 52938.4 -411.23 -423.788 1131.22
0 0 460 52938.8 -413.024 -428.21 1131.31
0 0 461 52936.3 -413.193 -425.148 1128.96
0 0 462 52940.2 -414.032 -422.195 1131.29
0 0 463 52939 -412.961 -424.543 1130.46
0 0 464 52936.5 -412.044 -427.744 1129.8
0 0 465 52939.4 -412.309 -425.658 1129.84
0 0 466 52939.9 -413.003 -424.407 1128.07
0 0 467 52938.9 -413.23 -425.007 1133.54
0 0 468 52937.4 -411.358 -425.374 1129.69
0 0 469 52939.1 -409.773 -423.723 1129.9
0 0 470 52936.3 -412.739 -423.02 1129.73
0 0 471 52938.2 -410.958 -425.478 1132.22
0 0 472 52937.7 -412.668 -424.176 1130.72
0 0 473 52937.6 -413.074 -423.436 1129.89
0 0 474 52938.2 -415.339 -424.732 1130.44
0 0 475 52938.8 -412.155 -424.342 1130.46
0 0 476 52936 -414.951 -422.869 1130.98
0 0 477 52937.9 -411.735 -424.303 1130.56
0 0 478 52938.8 -415.194 -424.919 1131.23
0 0 479 52938.1 -412.314 -423.967 1129.98
0 0 480 52938.5 -411.187 -424.801 1133.26
0 0 481 52936.3 -413.932 -425.006 1130.79
0 0 482 52940.1 -412.148 -426.014 1129.28
0 0 483 52937.9 -411.141 -424.189 1128.96
0 0 484 52937.9 -411.415 -425.62 1130.39
0 0 485 52935.7 -411.733 -425.976 1131.98
0 0 486 52939.2 -412.282 -424.485 1128.5
0 0 487 52938.3 -411.12 -423.998 1130.57
0 0 488 52939.6 -413.561 -423.764 1129.28
0 0 489 52936.9 -413.6 -423.21 1131.66
0 0 490 52937.5 -414.48 -425.635 1130.66
0 0 491 52938.1 -412.94 -424.754 1130.17
0 0 492 52936.7 -413.486 -425.914 1128.38
0 0 493 52937.6 -412.105 -425.897 1129.97
0 0 494 52935.2 -412.852 -425.97 1132.36
0 0 495 52940.2 -413.916 -424.785 1131.58
0 0 496 52936.5 -411.362 -427.778 1129.7
0 0 497 52937.6 -412.707 -423.145 1131.26
0 0 498 52939.7 -413.474 -423.934 1130.44
0 0 499 52938.5 -412.598 -425.074 1131.79
0 0 500 52938.5 -413.379 -425.05 1131.03
0 0 501 52937.5 -412 -424.828 1132.52
0 0 502 52937.9 -414.337 -425.579 1129.36
0 0 503 52939.3 -411.871 -423.717 1129.78
0 0 504 52937.3 -412.508 -426.446 1130.68
0 0 505 52935.8 -412.552 -423.245 1129.02
0 0 506 52936.2 -414.19 -424.084 1128.4
0 0 507 52938 -412.325 -426.37 1128.63
0 0 508 52939.1 -413.426 -425.394 1131.05
0 0 509 52938.3 -413.392 -428.723 1126.36
0 0 510 52935.8 -411.366 -425.796 1130.08
0 0 511 52938.1 -414.754 -427.771 1130.03
