0 0 0 36.943 52.7469 18.9289 -15.9498
0 0 1 19.6353 29.4633 14.0484 -32.4588
0 0 2 12.4417 -5.35179 12.8921 -51.4067
0 0 3 -6.15474 -28.4764 7.52716 -41.5175
0 0 4 -1.43579 7.1094 -16.431 -9.10926
0 0 5 3.99369 3.1277 -46.0112 -5.80015
0 0 6 4.31221 -3.97101 -44.5995 3.73813
0 0 7 -34.0323 1.29578 -12 -2.17189
0 0 8 -5.15999 -9.68723 3.54575 6.24377
0 0 9 1.06824 -2.07585 -8.46651 -5.44765
0 0 10 -13.1278 -1.81952 -32.6835 4.34787
0 0 11 -27.8678 -18.423 -13.7651 -2.17189
0 0 12 -6.66926 -21.4426 19.6041 3.25701
0 0 13 13.1768 -38.9792 13.8228 10.1944
0 0 14 -20.8653 -9.04468 8.36326 7.78559
0 0 15 -32.8464 -7.69637 29.0782 27.4735
0 0 16 11.251 -4.86988 -1.01463 6.24377
0 0 17 5.34126 21.4333 -23.1762 -20.2211
0 0 18 13.3042 14.015 -22.0514 -20.6705
0 0 19 25.545 33.1238 -8.27407 6.46766
0 0 20 40.0939 -10.2016 -30.852 34.7316
0 0 21 19.6353 -28.5721 -18.5843 52.6538
0 0 22 12.084 -10.7792 -24.6543 10.9962
0 0 23 19.0228 -27.7689 -3.90613 -19.3859
0 0 24 27.3434 6.11312 -14.3441 -8.24228
0 0 25 30.0091 -6.73256 -9.01229 -13.4775
0 0 26 23.3889 -12.2574 -6.31488 -9.0775
0 0 27 9.61428 -18.6486 -2.78138 -14.4731
0 0 28 -12.5496 -28.7003 -7.98542 -4.90142
0 0 29 -3.97412 -21.282 -1.59359 -14.5048
0 0 30 11.9272 2.13142 15.558 22.2701
0 0 31 -4.70916 14.432 14.6904 8.26671
0 0 32 8.64893 0.203799 36.8834 -10.1366
0 0 33 -6.63986 -30.9492 30.9097 -5.4794
0 0 34 -12.9024 -8.72341 28.982 -11.3894
0 0 35 -26.5839 -8.94899 10.13 1.26583
0 0 36 -26.7456 -2.01262 16.1668 9.10192
0 0 37 -44.4061 -19.9337 30.1068 17.1953
0 0 38 -22.6637 -5.44748 16.6811 30.6524
0 0 39 -5.77252 0.622476 12.1854 3.67461
0 0 40 -21.4435 0.461841 13.8875 -4.90142
0 0 41 -17.6213 -5.89863 -18.133 12.1855
0 0 42 -5.54711 -1.37008 -19.3225 11.8966
0 0 43 5.79209 1.90585 9.42331 -1.8178
0 0 44 7.71789 -16.721 28.1476 1.81047
0 0 45 -0.886963 -18.5205 45.8433 23.2339
0 0 46 -3.81241 -18.6811 38.7464 7.72048
0 0 47 13.2748 -16.2391 5.05537 13.983
0 0 48 18.2828 -10.4272 4.41337 1.77871
0 0 49 43.8818 1.77768 -8.81986 -0.275984
0 0 50 17.8026 -15.0189 12.3132 -10.7797
0 0 51 8.97235 -4.32475 6.21164 -7.14984
0 0 52 -2.36684 -11.5499 8.491 4.09222
0 0 53 -7.15439 -11.6798 15.7504 -15.5322
0 0 54 1.32795 -21.8271 11.1901 -15.8862
0 0 55 10.1582 -21.6033 31.9365 -11.1004
0 0 56 20.3409 -24.751 16.8735 -4.80456
0 0 57 21.6591 -31.913 -11.6467 0.462371
0 0 58 3.06264 -25.4568 4.28397 10.8041
0 0 59 26.0252 4.28291 10.354 10.2896
0 0 60 -8.72737 11.573 32.0659 20.7918
0 0 61 -1.30838 -5.22362 21.049 1.52147
0 0 62 17.9643 10.2896 -9.01229 5.76106
0 0 63 5.40497 6.72319 -5.67288 17.1635
0 0 64 -18.5867 -13.6057 7.84899 -2.97376
0 0 65 -24.3004 5.18178 15.1715 -0.469703
0 0 66 -0.632149 -12.4505 20.0222 12.0887
0 0 67 7.55618 -1.88275 8.78131 -4.29169
0 0 68 6.0175 -26.3557 29.561 4.05888
0 0 69 -13.4169 -0.438742 33.2222 -2.14013
0 0 70 -25.5548 2.9346 10.996 -8.53127
0 0 71 -21.2524 -20.19 38.2637 -11.229
0 0 72 0.200894 -39.2355 23.8443 3.73813
0 0 73 -22.4383 3.54467 24.0036 -16.8167
0 0 74 -50.0267 -8.08258 5.63267 -16.9771
0 0 75 -33.1649 -20.5438 7.30321 7.39974
0 0 76 -16.0141 -27.6732 12.9236 -7.56744
0 0 77 -14.5734 -18.2316 21.8851 13.5987
0 0 78 -13.7354 -10.041 8.90905 7.75224
0 0 79 -10.8149 11.573 -4.74057 2.74254
0 0 80 6.97795 16.9372 3.96214 -14.2793
0 0 81 -15.9846 5.95249 23.5872 -13.7014
0 0 82 2.06789 -3.16783 12.8274 5.27994
0 0 83 -21.8944 -12.9632 -1.33646 4.83058
0 0 84 -33.4541 29.1421 -14.2479 10.0658
0 0 85 -61.1062 20.9838 -7.98542 -3.10238
0 0 86 -48.39 53.3587 -6.76445 25.4823
0 0 87 -23.5653 12.0242 8.81283 39.4205
0 0 88 15.4897 -11.1329 27.6333 26.67
0 0 89 17.0627 -4.99805 37.8473 -0.822208
0 0 90 11.153 8.84392 -4.45191 14.561
0 0 91 -10.0112 -6.3156 6.98138 11.9918
0 0 92 -7.53661 -11.1979 20.2461 2.22807
0 0 93 26.4124 5.88926 25.9312 -3.61684
0 0 94 -4.55235 6.30623 7.84899 1.87557
0 0 95 -23.433 -16.1759 10.6111 3.1919
0 0 96 -3.91042 9.51893 5.15159 -24.6211
0 0 97 -16.9157 -1.56148 2.99996 -0.50146
0 0 98 -13.7697 -9.81539 7.97839 9.58305
0 0 99 1.99929 -0.278107 -14.6974 14.145
0 0 100 -18.4887 -2.6227 -0.533541 2.96802
0 0 101 -9.59472 9.03702 18.8327 13.694
0 0 102 -5.22369 27.5682 22.1406 17.9018
0 0 103 -21.767 -0.790772 20.5995 1.87557
0 0 104 -15.3084 -24.141 20.407 29.7536
0 0 105 -18.0085 0.0756326 13.3085 23.2005
0 0 106 -5.09628 -0.695074 -6.82915 3.80164
0 0 107 3.79768 4.69987 -1.04781 -0.404601
0 0 108 -21.0564 -8.27398 32.0975 -0.309329
0 0 109 -20.7673 -11.5824 21.4671 4.92585
0 0 110 -54.1723 -15.9503 5.34402 -3.42471
0 0 111 -24.5601 -23.5309 12.7627 11.0931
0 0 112 -14.9262 -58.6331 56.1867 6.14691
0 0 113 27.2797 -13.3169 26.059 1.93908
0 0 114 30.7442 10.9629 8.20234 -12.2246
0 0 115 33.3168 4.66911 2.87057 -17.2994
0 0 116 7.30136 -10.2341 32.2899 -23.3682
0 0 117 -0.984968 5.63122 16.0076 -12.1278
0 0 118 -11.2314 -18.6161 16.9382 9.90538
0 0 119 -20.8996 -36.9234 16.2 -2.17189
0 0 120 -25.942 -7.0863 34.41 6.66138
0 0 121 -17.7487 19.6031 3.61045 -3.74546
0 0 122 41.4414 11.4124 28.34 7.62362
0 0 123 84.3187 -10.4579 50.3721 13.1811
0 0 124 140.167 -44.2135 40.7703 9.6799
0 0 125 160.532 -30.4348 -0.886891 -3.23099
0 0 126 196.437 -27.8663 -8.53121 -16.207
0 0 127 248.791 -31.913 5.15159 5.44032
0 0 128 247.855 -51.6643 40.6724 29.336
0 0 129 252.677 -43.3147 39.196 47.8997
0 0 130 260.027 -55.5827 24.5825 31.1986
0 0 131 210.025 -25.3286 14.2076 30.2999
0 0 132 162.811 -30.0828 8.71661 13.6623
0 0 133 131.626 -45.5943 8.45948 -1.07944
0 0 134 83.3239 -32.0411 13.919 14.8833
0 0 135 62.3508 -40.2301 20.1499 35.0841
0 0 136 52.5846 -31.9454 21.5633 29.9775
0 0 137 9.45258 -4.61355 32.0975 25.3537
0 0 138 3.92999 -11.6148 19.765 -8.04856
0 0 139 -2.52855 -12.8999 21.5633 -5.73664
0 0 140 -14.0245 -25.3286 9.77666 -6.28286
0 0 141 12.3731 -22.9516 -11.1324 -8.08032
0 0 142 -33.9392 -46.2369 -10.137 1.04035
0 0 143 -23.7565 -40.2626 7.62504 -5.41589
0 0 144 -4.55235 -22.3415 30.1715 -2.942
0 0 145 -16.9157 0.0124038 -2.81456 -16.1419
0 0 146 -16.2738 -0.662606 2.67813 -2.20365
0 0 147 -25.202 -11.808 28.3085 -5.22217
0 0 148 18.0574 -1.30515 20.6642 -18.1664
0 0 149 13.7893 -20.3831 23.5225 -30.4993
0 0 150 17.8026 19.4749 0.879861 -20.0925
0 0 151 18.9934 19.2169 -8.98077 -4.74105
0 0 152 17.5772 -23.8197 -1.14402 -13.83
0 0 153 -8.37455 -29.5684 -6.25019 1.29759
0 0 154 -35.125 -7.82454 3.67349 11.0931
0 0 155 -32.0428 -3.55404 1.61808 18.8006
0 0 156 0.911431 -42.062 -9.07699 4.6051
0 0 157 19.1502 -37.2755 15.8467 -17.9727
0 0 158 3.50857 -18.2949 -9.71899 7.01389
0 0 159 10.4473 5.85679 -24.2677 22.2701
0 0 160 11.7312 4.15474 5.85829 -2.01152
0 0 161 -15.8866 12.4736 16.4571 1.71519
0 0 162 -24.1436 8.16891 2.421 6.30729
0 0 163 -26.5496 -3.23277 -0.0839726 27.0559
0 0 164 -15.2153 11.9592 20.1814 9.03682
0 0 165 10.8001 -0.341335 -6.86067 -23.7541
0 0 166 -15.6318 0.429372 1.65126 0.333755
0 0 167 16.1316 3.89841 -1.62511 -3.23099
0 0 168 18.768 -20.865 0.397115 -13.7982
0 0 169 8.61953 21.8502 -5.73592 -6.57185
0 0 170 24.2268 38.5204 -33.2608 3.51265
0 0 171 9.41827 27.6639 -22.5657 18.8657
0 0 172 16.7099 25.7687 -13.8298 -9.87937
0 0 173 21.5905 23.6822 -27.4164 -15.4686
0 0 174 -7.60031 8.84392 8.13765 -34.6437
0 0 175 9.26147 9.38905 5.82511 -28.8607
0 0 176 -2.36684 -26.6137 13.8228 -8.17718
0 0 177 -13.51 -18.7118 6.75742 -14.3444
0 0 178 -32.4593 -24.7835 -1.94694 -13.3806
0 0 179 -21.5709 8.65082 -22.4695 7.75224
0 0 180 26.5398 2.35528 -11.5504 -5.73664
0 0 181 29.2349 19.7637 -6.95689 22.9449
0 0 182 3.09204 -5.96186 -4.83678 27.9228
0 0 183 -8.82048 -9.78463 -24.3971 5.05447
0 0 184 -15.2447 6.56427 -41.3878 -0.21247
0 0 185 -11.839 -13.6382 11.3825 10.5469
0 0 186 20.6301 30.5553 6.11542 6.21043
0 0 187 9.00175 31.4217 -15.4356 14.2085
0 0 188 -19.9049 26.9581 6.37255 25.3537
0 0 189 8.58523 13.3725 8.90905 -16.1101
0 0 190 -4.13093 1.71445 -2.8776 2.35669
0 0 191 -23.4673 -6.92567 18.9621 -12.7058
0 0 192 0.0440859 -1.75458 -22.8875 -42.6401
0 0 193 -3.71441 12.1831 -31.4641 -28.478
0 0 194 -22.5706 -8.27398 -5.93001 19.9581
0 0 195 -16.6266 -6.38053 2.19705 -17.5884
0 0 196 0.107789 -5.76875 -17.491 -6.08914
0 0 197 22.3304 -9.04468 -6.89219 -14.5366
0 0 198 25.1236 -14.3132 -1.27176 -4.06621
0 0 199 38.6777 0.813871 5.85829 -12.385
0 0 200 39.0942 26.9581 -3.36034 -22.7903
0 0 201 25.545 24.3555 -21.0892 -6.41148
0 0 202 22.9724 21.9152 -8.33877 -3.6486
0 0 203 27.3728 4.44354 -1.30494 -36.1521
0 0 204 7.13966 7.75194 -47.8427 -15.918
0 0 205 11.1236 -11.6148 -30.3709 -3.87408
0 0 206 -19.7725 -10.7792 21.4986 7.33463
0 0 207 -14.4411 -6.99061 3.22392 -0.853966
0 0 208 12.182 -8.40385 -35.0607 19.4437
0 0 209 2.3227 -7.79207 -27.8012 24.1977
0 0 210 15.8768 -0.790772 -32.1377 -20.2862
0 0 211 24.2905 20.3738 -29.4718 -16.9771
0 0 212 21.2377 21.8502 -14.2479 -10.8114
0 0 213 5.91949 17.2585 17.5802 1.0086
0 0 214 10.9962 30.9398 20.9213 -0.59832
0 0 215 3.70458 -8.27398 1.61808 -0.853966
0 0 216 -1.11237 -2.46206 -1.49737 0.814876
0 0 217 -3.81241 14.2389 -13.2525 17.1635
0 0 218 13.4022 24.6767 2.22856 11.2852
0 0 219 18.8954 24.8374 14.5942 25.0964
0 0 220 9.51628 25.0305 -3.23095 1.74695
0 0 221 7.30136 25.8012 -24.4287 -24.8465
0 0 222 10.1582 47.0956 -27.705 -10.1048
0 0 223 -22.3109 15.7171 -40.2631 28.4691
0 0 224 -19.1306 10.9629 -38.8812 30.8127
0 0 225 10.0308 4.12227 -52.5308 0.622745
0 0 226 22.3647 9.54969 -14.9546 -38.3354
0 0 227 -11.7459 -2.55776 -5.6397 -14.2793
0 0 228 -16.4012 4.38031 12.2816 6.24377
0 0 229 -19.5471 3.801 13.0846 1.4262
0 0 230 -17.4939 -18.0385 11.5434 -10.9401
0 0 231 3.21945 2.70902 -7.02159 3.12839
0 0 232 8.16871 -24.7835 -22.2455 11.2535
0 0 233 29.8131 4.02657 -16.0776 6.69314
0 0 234 17.097 -5.99433 6.33937 1.48972
0 0 235 13.8824 -6.18743 4.38019 -15.7576
0 0 236 37.8741 7.23757 3.8344 -15.6925
0 0 237 22.2667 9.90343 26.7657 -26.6138
0 0 238 -25.6529 11.9267 17.8705 -5.15866
0 0 239 -16.4012 8.65082 -6.15397 12.4745
0 0 240 -3.84182 20.8881 14.498 -26.9663
0 0 241 25.6381 18.7042 -33.07 -21.6661
0 0 242 28.6273 -0.760012 -33.3271 6.21043
0 0 243 -13.0935 12.3762 -12.8344 22.7845
0 0 244 -22.4089 9.16519 -1.11085 -0.309329
0 0 245 11.0893 5.82432 -6.86067 17.967
0 0 246 13.0837 -1.69135 -14.8899 38.3614
0 0 247 -9.72212 0.396903 -12.866 18.6402
0 0 248 -27.9952 -27.8014 15.0106 -8.11367
0 0 249 -19.9343 -12.5462 -11.7429 -36.5046
0 0 250 -10.8443 21.6913 -23.2077 -22.6616
0 0 251 -2.81766 33.2519 -26.6765 -13.541
0 0 252 5.08645 -19.7081 0.750465 -4.03445
0 0 253 -5.67451 -0.308866 -5.96153 -8.46617
0 0 254 8.26181 0.0756326 12.7959 15.9107
0 0 255 -0.181326 -1.01634 11.414 19.5072
0 0 256 -18.6161 -0.438742 16.4887 8.07458
0 0 257 16.1953 21.2726 -5.44727 25.4172
0 0 258 42.2451 20.5344 -14.3441 1.58658
