0 0 0 0.00364248
0 0 1 0.0271
0 0 2 0.0255327
0 0 3 0.0646115
0 0 4 0.0974554
0 0 5 0.0181735
0 0 6 -0.0778711
0 0 7 0.0122453
0 0 8 0.0480874
0 0 9 0.0639472
0 0 10 0.0924301
0 0 11 0.0180543
0 0 12 0.0359242
0 0 13 0.0661788
0 0 14 0.0413925
0 0 15 0.0302345
0 0 16 -0.0258285
0 0 17 -0.0021495
0 0 18 0.0544585
0 0 19 0.0435219
0 0 20 0.087064
0 0 21 0.0483088
0 0 22 -0.00908284
0 0 23 -0.0442606
0 0 24 -0.0704948
0 0 25 -0.0679225
0 0 26 -0.0263906
0 0 27 -0.0101901
0 0 28 -0.0107523
0 0 29 -0.0713977
0 0 30 -0.117495
0 0 31 -0.022694
0 0 32 0.0131481
0 0 33 0.0190594
0 0 34 -0.0233754
0 0 35 -0.0105308
0 0 36 -0.00817997
0 0 37 -0.0131031
0 0 38 0.0336926
0 0 39 -0.0692683
0 0 40 -0.0839015
0 0 41 -0.00461961
0 0 42 0.0234204
0 0 43 0.0973362
0 0 44 0.0598246
0 0 45 -0.0196787
0 0 46 -0.0078563
0 0 47 -0.0305131
0 0 48 -0.0552994
0 0 49 -0.0464922
0 0 50 -0.0558616
0 0 51 -0.0545328
0 0 52 0.032909
0 0 53 0.05468
0 0 54 0.0235226
0 0 55 0.0187186
0 0 56 0.0360264
0 0 57 0.0819193
0 0 58 0.128051
0 0 59 0.101799
0 0 60 0.121339
0 0 61 0.516743
0 0 62 0.998908
0 0 63 0.660453
0 0 64 0.158646
0 0 65 0.0867233
0 0 66 0.0230797
0 0 67 0.0333519
0 0 68 0.0581382
0 0 69 0.0405067
0 0 70 0.0405067
0 0 71 0.0514433
0 0 72 -0.00337604
0 0 73 0.0520055
0 0 74 0.0724307
0 0 75 0.0795855
0 0 76 0.0276621
0 0 77 0.028548
0 0 78 0.13742
0 0 79 0.126926
0 0 80 0.0715449
0 0 81 0.073555
0 0 82 0.0425169
0 0 83 0.023744
0 0 84 0.0668432
0 0 85 0.0208481
0 0 86 -0.012541
0 0 87 -0.0272765
0 0 88 -0.0315182
0 0 89 0.0385988
0 0 90 0.0391609
0 0 91 -0.019798
0 0 92 0.0133696
0 0 93 0.00488605
0 0 94 -0.0024902
0 0 95 -0.024159
0 0 96 -0.0263906
0 0 97 0.00130865
0 0 98 -0.0379916
0 0 99 -0.0179071
0 0 100 0.0156012
0 0 101 -0.0163398
0 0 102 -0.009645
0 0 103 0.085156
0 0 104 0.0422784
0 0 105 -0.0329833
0 0 106 -0.000480048
0 0 107 0.0442885
0 0 108 0.0407282
0 0 109 -0.0376679
0 0 110 -0.027055
0 0 111 -0.00337604
0 0 112 0.101578
0 0 113 0.059041
0 0 114 -0.0525227
0 0 115 -0.0345335
0 0 116 -0.0448057
0 0 117 -0.0708355
0 0 118 -0.0756224
0 0 119 -0.0131031
0 0 120 -0.00283091
0 0 121 0.0208481
0 0 122 0.0510004
0 0 123 -0.0196787
0 0 124 -0.0646858
0 0 125 0.043062
0 0 126 0.0565709
0 0 127 -0.0214674
