0 0 0 0.00161896 -0.0010402 0.000779842 0.000409653
0 0 1 -0.00177164 9.92827e-05 0.000109929 0.00115989
0 0 2 -0.000240787 0.00015971 0.000499957 0.00318988
0 0 3 0.00205911 -0.00114065 -0.000870044 0.00316973
0 0 4 -0.00206185 0.00260976 -0.000190073 -0.00288041
0 0 5 -0.00374022 0.000629787 0.000459973 -0.00117048
0 0 6 -0.00118155 0.00071925 -0.00102017 -0.00128013
0 0 7 0.000397671 0.000209935 -0.000230056 0.000589597
0 0 8 0.000818473 -0.00157071 0.000259804 0.00213974
0 0 9 0.00170845 -0.00167037 5.98869e-05 -0.000280131
0 0 10 0.000629838 -0.000500281 -0.000400049 0.00254977
0 0 11 -0.0019119 0.000189531 0.00221975 -0.0015702
0 0 12 -3.03864e-05 0.00106926 -0.00125001 -0.00115033
0 0 13 0.000387997 0.000689429 -0.000860237 -0.000920244
0 0 14 -0.00161202 0.00125996 0.000289981 -0.000950234
0 0 15 -0.000560017 0.00241985 -0.000520251 -0.00110019
0 0 16 0.00119816 0.000899747 -0.000580101 0.00132952
0 0 17 0.000598398 -0.00181006 -0.00288003 -0.000280131
0 0 18 -0.00274142 -0.000840086 -0.000380183 0.00149963
0 0 19 -0.0018321 0.00158956 -0.00100005 -0.00119016
0 0 20 -0.00143064 0.000489313 -0.00120022 -0.000900094
0 0 21 -0.000361708 -0.000600731 -0.000760152 -0.000390253
0 0 22 -0.00138227 -0.000850288 2.99622e-05 0.00161959
0 0 23 0.000259822 -0.00129054 0.000929968 -0.00104021
0 0 24 9.7789e-05 -0.00127014 0.000209762 -0.00306036
0 0 25 0.00128764 -0.00098056 -0.000410108 -0.00118032
0 0 26 -0.000410076 0.000569359 -0.000920086 -0.00204021
0 0 27 0.0027798 0.000519919 -0.000520251 0.00027985
0 0 28 -0.00130005 0.000799297 -0.00159025 -0.000460075
0 0 29 0.00208813 0.000429671 0.000559806 0.000499625
0 0 30 0.0012683 0.00100962 -0.000570042 0.000899813
0 0 31 -0.00168216 -0.00103078 -0.00103023 -0.00402006
0 0 32 -0.00063015 -0.000430436 -0.000310023 0.00205961
0 0 33 -0.00272207 -9.06314e-05 -0.000860237 0.00239981
0 0 34 -0.000751071 0.000229554 0.000729799 0.00020956
0 0 35 -2.07128e-05 0.00027978 0.000719992 0.000919963
0 0 36 0.00120784 -0.00178024 4.98282e-05 0.000439644
0 0 37 0.00136987 -0.00224011 -0.000510192 0.00128969
0 0 38 0.00208813 -0.000590529 0.000819825 0.00156992
0 0 39 0.000158249 0.000999413 0.00270986 0.000749859
0 0 40 -0.00242219 -0.0017206 0.000389814 -0.000820431
0 0 41 -0.000422168 -0.00153068 -0.00151003 -0.00132043
0 0 42 -5.2152e-05 -0.0017104 -0.000970128 -0.00139025
0 0 43 -0.000540669 -0.000660374 0.0014998 0.000199719
0 0 44 -0.000390728 -0.00193013 0.000939775 -0.00185042
0 0 45 -0.00295182 0.000249958 -0.000720169 -0.00403037
0 0 46 0.00265888 -0.000100049 0.000949834 -0.00245023
0 0 47 0.000158249 -0.000770242 0.000719992 0.000839831
0 0 48 -0.00103161 -0.000370794 0.000989818 0.000389503
0 0 49 0.00111836 0.0026796 0.000409931 -0.000390253
0 0 50 -0.00293005 0.000919367 -0.000300216 0.00189981
0 0 51 0.000528265 -0.000690195 -0.000990246 -0.000320431
0 0 52 0.00309903 0.000589763 0.000959893 0.00023955
0 0 53 -0.000642242 -0.000440638 -0.00196016 0.000669728
0 0 54 -0.000881664 0.000819701 0.00260978 -0.00109035
0 0 55 -0.00104128 -2.0787e-05 -0.000480016 0.00372971
0 0 56 -0.000141633 5.92595e-05 0.000889985 0.000929803
0 0 57 0.000789452 -0.00147026 0.00184984 0.000729709
0 0 58 0.00211957 -0.000180095 -0.00139008 0.00136982
0 0 59 -0.00118155 0.000899747 0.00167985 0.000469634
0 0 60 0.00355852 -8.04294e-05 -0.0020102 0.00199963
0 0 61 -0.000942124 -0.000670576 1.99034e-05 0.00160975
0 0 62 -0.000751071 0.000889545 -0.00182009 0.000789691
0 0 63 -0.000240787 0.000269578 9.84469e-06 0.0029298
0 0 64 -0.00222146 0.000689429 -0.00096007 8.9597e-05
0 0 65 0.00191885 -0.00128034 0.000949834 -0.00119016
0 0 66 0.000678206 0.00143967 0.00216996 0.00073955
0 0 67 0.00464922 0.000949188 -3.01388e-05 0.000509934
0 0 68 0.0018995 0.000459492 0.000459973 0.000899813
0 0 69 -7.14992e-05 0.000969592 0.00145981 -0.00197038
0 0 70 0.000939393 8.98655e-05 0.00161975 -0.000870103
0 0 71 -0.00100017 -0.00113045 -0.00134004 -0.000830272
0 0 72 -0.00138227 0.000579561 -0.00046015 0.000849672
0 0 73 -0.00122024 -0.00076004 0.00109996 -0.000390253
0 0 74 0.00131908 -0.000630553 0.000769783 0.00020956
0 0 75 -0.00222146 -0.00179044 0.000869867 -8.00375e-05
0 0 76 -0.00255036 0.00221973 -0.00307014 -0.00029044
0 0 77 0.00218971 -0.00165075 0.00110977 0.000479944
0 0 78 0.000598398 -0.000410032 -0.00284005 0.000649578
0 0 79 0.000508917 0.000239756 0.00121991 -0.000200469
0 0 80 0.00211957 0.000809499 0.00193987 -0.000910403
0 0 81 -0.00164104 0.000689429 -0.000110106 0.00132952
0 0 82 0.000758013 0.00150951 -0.00143006 0.000549766
0 0 83 -0.000830878 -0.00185008 0.000979759 0.00101978
0 0 84 0.00295876 0.000189531 0.000889985 0.000539925
0 0 85 -0.00139195 -0.000130655 -0.000920086 3.9925e-05
0 0 86 -0.000560017 -0.000580327 4.98282e-05 -4.02062e-05
0 0 87 0.00480884 -0.000720801 9.84469e-06 -0.00106036
0 0 88 -0.00347177 0.000629787 0.000169779 -6.03561e-05
0 0 89 -0.000410076 0.000849522 0.00162981 0.00148978
0 0 90 -0.00154189 -0.000140072 -0.00103023 -0.000910403
0 0 91 7.84418e-05 -0.000440638 0.00127976 0.00111959
0 0 92 -0.00069061 0.000799297 0.00200977 0.000379663
0 0 93 -0.000470536 0.000649406 0.000929968 -0.00331012
0 0 94 -0.00156124 0.00350989 -0.00322002 0.00190965
0 0 95 0.00283784 -0.000970358 0.000619907 -0.0017403
0 0 96 0.00140856 0.00184932 0.00230978 0.00432952
0 0 97 -0.00034236 -0.00127014 0.000949834 -4.02062e-05
0 0 98 -0.00278011 0.000689429 0.00084975 0.000599906
0 0 99 -0.00340164 0.00207926 0.00135998 -0.00204021
0 0 100 0.000639511 -0.00188069 0.000369948 0.00106992
0 0 101 0.000339629 0.000619585 -0.000980187 0.0028895
0 0 102 0.000978088 -0.000380211 0.000709933 -2.00562e-05
0 0 103 -0.00063015 0.000889545 0.00319998 -0.000490066
0 0 104 -0.00141129 -0.000810265 -8.01811e-05 -0.000990066
0 0 105 -0.00309208 0.000879343 0.000239938 -0.00130028
0 0 106 -0.00105095 0.00125996 0.000779842 -0.0012403
0 0 107 0.000228383 -0.000190297 0.000799959 -0.00147038
0 0 108 0.0011377 -0.00134077 0.00139996 -0.0015702
0 0 109 -0.00152012 0.000999413 -0.0011102 0.00191996
0 0 110 0.000329956 0.00187992 4.98282e-05 0.00186982
0 0 111 0.00205911 -0.000320569 0.00205982 -0.000450234
0 0 112 0.0046589 0.000949188 -0.000490075 -0.000530366
0 0 113 -0.00161202 0.000739654 0.00123978 0.00176954
0 0 114 -0.000971145 0.00197959 -0.0017102 0.00216973
0 0 115 -0.00102193 -3.02042e-05 -0.00142001 0.0024298
0 0 116 3.97473e-05 0.00155974 -0.00230015 -0.000490066
0 0 117 9.7789e-05 -3.02042e-05 -0.000700051 -0.00264049
0 0 118 0.00228886 -0.00198036 0.00137985 -5.00469e-05
0 0 119 0.00024773 0.000599965 -0.000510192 0.00135951
0 0 120 0.00030819 0.00190975 0.00195998 0.000969635
0 0 121 0.000358977 -0.000520685 0.000929968 0.00139981
0 0 122 0.000888607 -0.000890311 0.00194992 0.00168988
0 0 123 -0.0010703 0.00095939 0.000819825 0.00160975
0 0 124 2.76553e-05 -0.00165075 -0.000510192 -0.00197038
0 0 125 -0.00063015 -0.000410032 -0.000580101 -0.00029044
0 0 126 0.000109881 0.00166961 0.00208999 -0.00103037
0 0 127 8.30808e-06 0.000609383 0.000629966 0.000149578
0 0 128 -0.00198204 0.000209935 0.000509764 -0.00185042
0 0 129 0.00288863 3.96403e-05 -0.00140014 0.00115989
0 0 130 0.00425986 0.00192936 -0.000320082 0.00149963
0 0 131 -0.00169183 0.000519919 0.00129988 -0.00136026
0 0 132 -0.00177164 -0.000730218 -0.00184021 -0.00230028
0 0 133 0.00286928 0.000269578 -0.000180014 -0.00411003
0 0 134 0.000709645 -0.000590529 -0.00255011 0.00181968
0 0 135 0.00263953 0.000819701 -0.00202001 0.00220956
0 0 136 0.00506761 0.000399849 0.000749917 -0.000680319
0 0 137 0.00048957 -0.00232016 -0.00046015 0.00153992
0 0 138 0.000438784 0.0013094 0.00191975 0.00406992
0 0 139 0.00116914 -0.0010504 -0.000540117 -0.000650328
0 0 140 0.00216794 -0.00076004 -0.00143006 0.00120956
0 0 141 0.00133843 -0.000410032 0.000209762 -0.0023701
0 0 142 -0.000352034 -0.00197015 -0.000400049 -0.00261003
0 0 143 -0.00263017 0.000559942 -0.00261021 0.0010896
0 0 144 0.000917628 -0.000530102 -0.00112 -0.00079044
0 0 145 0.00258874 -0.00138079 -0.000440033 0.00140965
0 0 146 5.90945e-05 0.0023296 -0.00046015 -0.0002403
0 0 147 0.000738666 0.00162958 0.000639773 -0.000570197
0 0 148 0.000528265 0.000829903 -0.0027201 -0.00128013
0 0 149 -0.00189014 -0.00074042 -0.00112 -0.000920244
0 0 150 0.0044485 -0.000190297 0.000869867 -0.000550047
0 0 151 -0.000301248 -0.000220118 -0.00234013 0.000149578
0 0 152 -0.000301248 -0.000600731 -0.000440033 -0.000250141
0 0 153 0.00131908 0.00171983 -0.000600218 -4.02062e-05
0 0 154 0.00148837 -0.00101038 0.000209762 -0.00214049
0 0 155 0.00274836 -0.0015401 -0.00221012 -0.000990066
0 0 156 0.000109881 -0.00225032 -0.000250174 0.00353992
0 0 157 -0.000901011 -0.000190297 -0.00252018 -0.00277029
0 0 158 0.00128764 0.000169912 0.000479839 -0.00393008
0 0 159 -0.00247056 -1.0585e-05 -0.000370124 -0.00167048
0 0 160 0.0021099 0.0013298 -0.000200132 -0.000590347
0 0 161 0.00292974 -0.000850288 -0.00157013 0.000979944
0 0 162 0.000119555 0.0026796 0.000289981 -0.000400094
0 0 163 0.00308935 -0.00136039 0.00109996 -2.00562e-05
0 0 164 -0.00111141 0.00143967 -0.000630143 0.00185951
0 0 165 0.00127797 0.0011493 -2.00801e-05 0.000289691
0 0 166 9.7789e-05 -0.00150008 0.00141983 -0.00300037
0 0 167 -0.00125168 4.98423e-05 -0.000720169 0.000899813
0 0 168 0.00159962 0.000899747 0.000339771 -0.00188041
0 0 169 -0.00284057 -0.0022307 -0.000540117 -0.000230459
0 0 170 0.00252828 0.00258936 0.00113994 -0.000950234
0 0 171 0.000329956 0.000619585 -0.000260233 -0.00121031
0 0 172 0.000758013 -0.000870692 0.00113994 0.00191996
0 0 173 0.000978088 0.00113989 -7.01223e-05 0.00235951
0 0 174 -0.000250461 0.000979794 -0.00143006 0.00173955
0 0 175 -0.0002819 0.000869926 -0.00158019 -0.00134011
0 0 176 0.00242913 -0.00187049 -0.00027004 -0.00277029
0 0 177 0.00246782 0.000979794 0.00153978 0.00128969
0 0 178 0.00120784 -0.00112025 -0.00083006 -5.00469e-05
0 0 179 -0.000190001 0.000529336 -0.00108002 0.00109991
0 0 180 0.000518591 0.00234922 0.000329964 0.000379663
0 0 181 -0.000930032 -0.000630553 -0.00021019 -0.00022015
0 0 182 0.000649185 0.000129889 0.00192981 -0.00192024
0 0 183 -0.000760744 -0.00100018 0.00247977 0.00167957
0 0 184 -0.000920359 0.00156994 0.000509764 -0.00242024
0 0 185 0.00042911 -0.000720801 0.000629966 -0.00201022
0 0 186 0.00265888 0.00246929 -0.000790077 -0.00110019
0 0 187 -0.00131214 0.00027978 -0.000170207 -0.00022015
0 0 188 -0.00181033 -0.000990762 0.000339771 -0.000180319
0 0 189 0.00322962 0.000559942 0.00203995 0.00209991
0 0 190 -0.000530996 0.000459492 0.000409931 0.000179569
0 0 191 0.00192852 0.000419469 0.00320978 -0.00133027
0 0 192 0.000228383 -0.000710599 0.000339771 0.00280984
0 0 193 0.000537938 -0.00144043 -0.000110106 0.00197994
0 0 194 -5.2152e-05 0.000139306 0.0013298 -0.00293008
0 0 195 -0.00169183 -0.000700397 -0.000640202 -0.000190159
0 0 196 -0.00132181 0.00126937 -0.000490075 -0.000660169
0 0 197 -0.0040014 -0.000180095 -0.00226016 -0.000540206
0 0 198 0.00237834 -0.00237039 0.000389814 -0.00202006
0 0 199 -0.00132181 0.00176927 -0.000910027 -0.000550047
0 0 200 0.00191885 0.00129919 0.00126995 -0.000610028
0 0 201 0.000339629 -0.00047046 0.000719992 -0.00156036
0 0 202 -0.00182 -0.000660374 -3.01388e-05 -0.000690159
0 0 203 0.000479897 7.96635e-05 -0.00107021 -1.02156e-05
0 0 204 -1.36553e-06 -0.00119009 0.00220994 1.97751e-05
0 0 205 0.000269496 0.00122935 -0.00336009 0.0015896
0 0 206 -0.00140162 0.00302961 0.00022988 0.00334967
0 0 207 0.00142791 9.81903e-06 -0.00138002 -0.000470384
0 0 208 -0.00110174 0.00066981 0.00163986 -0.000580037
0 0 209 -0.00187079 0.000289197 -0.000110106 0.000349672
0 0 210 -0.000601129 -0.00149066 0.000939775 -0.000670478
0 0 211 0.000617746 -0.00184067 -0.000160148 -0.00133027
0 0 212 0.00109901 0.00110928 -0.000680185 -0.000970384
0 0 213 -0.00244153 -4.04062e-05 -0.00170014 0.00413974
0 0 214 -0.000651916 -0.00203058 -0.00046015 0.00245979
0 0 215 -0.00022144 -0.000660374 0.00289997 0.000159888
0 0 216 0.00218971 -0.000730218 -0.000150089 0.000869822
0 0 217 0.00174956 -0.000490079 -0.00197022 -0.00244039
0 0 218 4.94209e-05 0.000209935 0.000999877 0.00281968
0 0 219 -3.03864e-05 -3.82967e-07 -0.000350007 -0.00328013
0 0 220 5.90945e-05 -0.00180064 0.00157976 -0.000350422
0 0 221 -0.00156124 -6.00254e-05 -0.00083006 0.00145979
0 0 222 -0.000680937 0.000689429 0.000299788 -7.01968e-05
0 0 223 0.000409763 0.0013094 -0.00168002 0.000529616
0 0 224 8.81154e-05 0.00107946 -0.00209017 -0.000750141
0 0 225 0.00193819 -0.000420234 0.000439856 -0.00114049
0 0 226 -0.00102193 -0.00086049 0.0010899 -0.000490066
0 0 227 -0.00250199 0.00100962 0.000449915 -0.00259035
0 0 228 -0.00221179 0.000129889 -0.00117005 0.00135951
0 0 229 -0.00254069 -0.000700397 4.98282e-05 0.00109991
0 0 230 -0.00122024 -0.00335056 0.00041999 -0.00171031
0 0 231 0.000339629 0.00288992 0.000809766 0.00143964
0 0 232 -0.000260135 -0.000960156 -0.00132017 0.00168988
0 0 233 -0.00106063 0.00144987 -0.000690244 0.000189878
0 0 234 0.00114979 4.98423e-05 -7.01223e-05 0.00023955
0 0 235 -0.000840551 0.000819701 0.00117993 0.00027985
0 0 236 8.30808e-06 -0.000460258 0.000869867 -0.000520056
0 0 237 -0.000310921 0.00176927 0.000829884 -0.0010702
0 0 238 0.000699971 -0.000290748 0.00118999 -0.000180319
0 0 239 0.000678206 7.96635e-05 0.000169779 -0.00323046
0 0 240 -0.000480209 -0.00282006 0.000719992 -0.000300281
0 0 241 -0.00175229 0.00125996 -0.00163023 -0.000560356
0 0 242 0.000598398 -0.000310367 -0.000650009 0.00106992
0 0 243 -0.00303162 -0.00107002 -0.00290015 0.00146963
0 0 244 0.00251861 0.00137924 -0.000650009 -0.00234011
0 0 245 -4.006e-05 -0.000710599 0.00109996 0.000399813
0 0 246 0.000409763 -0.00218047 0.000779842 0.00314958
0 0 247 0.000358977 0.00195919 0.00176987 0.00318988
0 0 248 0.000859586 -0.000670576 0.000359889 -0.00161003
0 0 249 -0.00155156 0.00124975 -0.00356 0.00109991
0 0 250 -0.000840551 -0.000920132 -0.000970128 0.00261959
0 0 251 0.00129974 -0.00125052 0.00150985 -0.000130178
0 0 252 0.000138902 9.92827e-05 -0.00246008 0.00223955
0 0 253 0.000438784 0.000689429 -1.00213e-05 0.00194995
0 0 254 0.000409763 -0.00260032 -0.000520251 -0.000300281
0 0 255 0.000218709 0.00066981 0.00152997 0.000939644
0 0 256 -0.00148143 0.000129889 -0.00370007 -0.0023701
0 0 257 -0.00495184 -0.000990762 0.00105998 0.00257976
0 0 258 -0.000751071 0.000739654 0.000389814 0.000949953
0 0 259 -0.00306065 0.000679227 0.00158982 -0.00217048
0 0 260 -0.000990492 -0.00354048 0.000359889 -0.000630178
0 0 261 -0.000131959 -0.00116027 -7.01223e-05 0.00149963
0 0 262 -0.0014911 -0.000250724 -0.00237005 -0.00120047
0 0 263 -0.00233029 0.00126937 0.000269863 -0.00216017
0 0 264 -0.00190223 -7.02274e-05 -2.00801e-05 0.000489784
0 0 265 -0.00504132 0.00296918 -0.000510192 -0.00156036
0 0 266 0.000907954 0.00140985 -0.000630143 0.000689878
0 0 267 -0.00113076 -0.00131016 0.00279989 0.00252962
0 0 268 -0.00121057 -0.00260032 0.00107984 0.00209991
0 0 269 0.00206879 -0.00047046 -0.000800136 0.00165989
0 0 270 -0.000591456 0.000619585 0.000299788 -0.00154021
0 0 271 -0.000211767 -0.000940536 0.000249997 0.00177985
0 0 272 0.00127797 -0.00197015 0.000449915 -0.00128013
0 0 273 -0.00231094 0.000999413 -0.00106015 0.00128969
0 0 274 0.00133843 -0.000180095 0.00210986 -0.000820431
0 0 275 0.000419437 -0.00229034 0.000119988 -0.000890253
0 0 276 -0.00281155 -0.00182026 -0.0013501 -9.03468e-05
0 0 277 0.000598398 0.00154954 -0.00310007 0.00136982
0 0 278 -0.000741397 0.000359826 0.00225999 -0.00352006
0 0 279 0.00100953 -0.00184067 -0.000450091 0.00248978
0 0 280 0.00095874 -0.00047046 0.00133986 -0.000450234
0 0 281 -0.00138227 0.000929569 0.000219821 0.000799531
0 0 282 0.002018 0.00106926 0.00142989 0.00185951
0 0 283 0.00138922 -0.000360592 0.000739858 0.00319972
0 0 284 0.00292974 -0.000540304 5.98869e-05 -0.0010702
0 0 285 0.000397671 -0.00247005 0.00142989 0.00159991
0 0 286 0.00242913 0.000349624 -0.00175018 0.000679569
0 0 287 0.00130941 -7.02274e-05 -0.000780018 -0.000540206
0 0 288 -0.00344033 -0.000250724 0.00066995 0.00182952
0 0 289 0.0012683 0.000349624 -0.000520251 0.00020956
0 0 290 -0.00127103 -0.00116027 -0.00021019 -0.00246008
0 0 291 -0.00294214 0.00078988 -0.000530058 -0.00231012
0 0 292 0.000129228 -0.000940536 -0.000760152 0.000449953
0 0 293 -0.0025818 0.000429671 0.00156996 -0.00103037
0 0 294 -0.000151307 -0.000260142 -0.000380183 -0.000890253
0 0 295 0.00108933 -0.00283026 0.00066995 -0.000910403
0 0 296 -0.000901011 -0.000100049 0.000989818 -0.00029044
0 0 297 -0.0027922 -0.000320569 -0.000800136 -0.00139025
0 0 298 8.30808e-06 0.000509717 0.00187977 -0.000640487
0 0 299 0.00161896 -0.00130075 -0.00177005 0.00186982
0 0 300 -0.000550343 -0.000770242 -0.00114012 -0.00142024
0 0 301 -0.00154189 0.00239944 -0.000320082 0.000819681
0 0 302 -1.10391e-05 -0.000340188 -0.00193024 0.00126954
0 0 303 0.00367944 0.00126937 -0.000890161 0.000389503
0 0 304 0.000588725 0.00137924 0.00112989 0.000869822
0 0 305 0.000158249 -0.0012105 0.000629966 0.00110975
0 0 306 -0.00190223 -0.000370794 0.000369948 0.000119588
0 0 307 -0.00134116 0.000469694 0.000699874 0.000169728
0 0 308 0.00158994 0.00252971 -0.000190073 0.000519775
0 0 309 -0.000601129 0.00015971 0.000479839 -0.00105005
0 0 310 -0.00111141 -0.0017104 -0.00168002 -0.000160169
0 0 311 -0.0019119 0.00184932 -0.000430225 0.000109747
0 0 312 -0.00136051 -0.000750622 -0.000100047 0.00136982
0 0 313 1.79817e-05 -0.000940536 -0.000790077 0.000659888
0 0 314 -0.000840551 -0.00248025 -0.00090022 -0.000890253
0 0 315 -0.000540669 0.00184932 0.000699874 -0.000700469
0 0 316 -0.000240787 0.00170963 -0.00132017 -0.00183027
0 0 317 0.000849912 0.00254933 -0.0010501 0.0014298
0 0 318 -0.000381055 -0.00106061 -0.00133023 0.000459794
0 0 319 2.76553e-05 0.000849522 5.98869e-05 0.000769541
0 0 320 0.00116914 -0.000500281 0.00034983 0.00241996
0 0 321 -0.00327105 -0.000510483 0.00140977 -0.00197038
0 0 322 -0.00134116 0.000749856 -0.00177005 -0.00139025
0 0 323 -0.00063015 -0.00209022 -0.000550176 -3.03655e-05
0 0 324 -0.00267128 0.000659608 -0.00158019 -0.00305005
0 0 325 -0.000830878 -0.00124032 0.000499957 0.000689878
0 0 326 -0.00363139 0.00102923 0.00132 0.00105961
0 0 327 0.00106999 0.000369243 -0.00113006 0.00273955
0 0 328 0.00259842 0.000679227 0.000729799 0.00180984
0 0 329 0.00320786 0.00269922 -0.000190073 0.000789691
0 0 330 0.00144968 3.96403e-05 -0.0003402 -0.000860262
0 0 331 -0.00115011 0.0026592 0.00124984 0.000629897
0 0 332 0.000508917 -0.000510483 0.000579924 0.00152962
0 0 333 0.00342793 -0.000940536 0.000649832 -0.000300281
0 0 334 0.00124895 -0.00136039 -0.00198003 -0.00140009
0 0 335 0.000209036 -0.00101038 -0.000730227 -0.000960075
0 0 336 0.000629838 -0.000820467 0.000339771 -0.00386026
0 0 337 0.00188983 -0.00265055 -0.000860237 -0.00106036
0 0 338 0.000917628 -2.0787e-05 0.000519823 0.00285951
0 0 339 0.00161896 -0.00298015 -0.000190073 0.000729709
0 0 340 0.000907954 0.00154954 -0.00254005 -0.00315033
0 0 341 -0.00127103 0.00255953 -0.00046015 0.00171987
0 0 342 -0.00352014 -0.00185008 0.00041999 -0.00266017
0 0 343 0.0011377 -0.000840086 0.0015599 -0.000110497
0 0 344 -0.0017015 0.000169912 -0.000190073 0.000589597
0 0 345 -0.00375231 6.94615e-05 0.000339771 -0.000150328
0 0 346 -0.00236173 -0.00209022 -0.000130223 0.00168988
0 0 347 0.00083782 0.000429671 -0.000280099 -0.00115033
0 0 348 -0.000980819 0.00160996 -0.000410108 0.000189878
0 0 349 -0.00135083 0.00151971 0.0010298 -0.0017403
0 0 350 0.00321995 -0.00337018 0.000609849 -7.01968e-05
0 0 351 -0.00165072 -0.000670576 -0.000380183 0.00126954
0 0 352 -0.000431841 0.00245987 0.00330987 -0.00218032
0 0 353 0.0026492 -0.000800063 0.00307977 0.000769541
0 0 354 -0.000572109 0.00159976 0.000709933 -0.00247038
0 0 355 -0.000821204 -0.0025501 -0.000700051 0.00184967
0 0 356 -0.00278011 0.00122935 -0.00129025 -0.0027403
0 0 357 0.000649185 -0.000370794 -0.000330141 -0.000300281
0 0 358 3.97473e-05 0.00193957 -0.000200132 0.0032597
0 0 359 0.00151981 0.00244967 0.00170977 -0.0007403
0 0 360 0.000419437 0.00139965 -0.000480016 -0.00102006
0 0 361 0.000799126 -0.0015401 -0.00113006 0.00185951
0 0 362 0.000129228 -0.00183046 -0.000150089 0.000919963
0 0 363 -0.00106063 0.000349624 -0.00190006 0.000509934
0 0 364 0.00103855 7.96635e-05 0.00100994 0.00133983
0 0 365 -0.00069061 0.00104964 0.000369948 0.00120956
0 0 366 -0.000700284 0.00161938 0.000379755 -0.000330272
0 0 367 -0.000712376 0.000299399 0.00123978 -0.00148022
0 0 368 0.00309903 -0.0012105 -0.00109008 0.00240965
0 0 369 0.00198898 -0.000640755 0.00289997 -0.00131012
0 0 370 -0.00192158 -0.00163035 0.000369948 0.0007597
0 0 371 -0.000830878 -0.000590529 0.00114975 -0.00144039
0 0 372 4.94209e-05 0.000219352 -0.000250174 0.000949953
0 0 373 -0.00368217 0.000679227 -0.00158019 0.00102962
0 0 374 -0.000240787 0.000529336 0.00220994 -0.000750141
0 0 375 8.30808e-06 0.000649406 -0.000110106 -0.000850422
0 0 376 0.00226952 -0.000920132 -0.00284005 0.000419963
0 0 377 0.00252828 -0.00101038 0.000629966 0.00128969
0 0 378 0.000978088 -0.00140041 0.00022988 0.000359513
0 0 379 0.000349303 -0.000500281 0.000369948 0.00167957
0 0 380 0.000629838 0.00103944 -0.00137021 -0.000340112
0 0 381 0.000728992 -0.00217027 -0.0010501 0.000399813
0 0 382 0.00262986 0.00196939 -0.000910027 0.000969635
0 0 383 0.00177858 -0.000260142 -0.00184021 0.000389503
0 0 384 0.00213892 -0.000940536 -0.000360066 -0.00146008
0 0 385 0.00334812 0.000489313 -0.00160006 0.00268988
0 0 386 0.00283784 -0.0020502 -0.000740035 0.00129953
0 0 387 -0.000801857 0.000929569 -0.0030802 -0.000300281
0 0 388 -0.00142097 -0.000800063 -0.00210023 0.0022597
0 0 389 -0.00185144 -0.0020604 -0.000140031 -0.000540206
0 0 390 0.00354885 -0.000940536 0.00192981 2.96157e-05
0 0 391 0.000939393 0.000629787 -0.000630143 -0.00148022
0 0 392 0.00311837 0.00159976 0.00142989 0.00123955
0 0 393 0.000448457 5.92595e-05 0.000959893 -0.00263018
0 0 394 -0.00113076 0.000529336 0.00129988 0.00303993
0 0 395 0.0012683 -0.000420234 -0.00187013 0.00256992
0 0 396 -0.00112109 -0.0012207 5.98869e-05 -0.000960075
0 0 397 0.00132876 -0.00047046 -0.000470209 0.00210975
0 0 398 0.00173988 1.92363e-05 0.000809766 0.00182952
0 0 399 0.00136987 0.000409267 -0.00128019 0.00195979
0 0 400 0.000939393 0.000259376 -0.00156007 0.000959794
0 0 401 0.000738666 0.00341964 -0.000940204 -0.000770291
0 0 402 0.00328766 0.000469694 -0.00112 -0.00125014
0 0 403 0.000378324 2.94383e-05 0.000149913 0.00115989
0 0 404 0.000177596 -0.000780444 0.000329964 -0.00339025
0 0 405 -0.000521322 -0.00177004 0.000679757 -0.000450234
0 0 406 9.7789e-05 -0.00117047 0.00122997 0.00182952
0 0 407 -0.00347177 -0.000560708 -0.00158019 0.00141996
0 0 408 0.000279169 -0.000250724 0.00022988 0.000919963
0 0 409 0.000779779 0.000219352 -0.000820002 -0.00226045
0 0 410 0.0016891 0.00269922 -0.00149017 -0.00156036
0 0 411 0.000617746 -0.00182026 0.000449915 0.000419963
0 0 412 -0.000971145 0.00166961 0.00289997 -0.0022403
0 0 413 0.00245815 -0.00153068 0.00126995 0.000719869
0 0 414 0.00221873 -0.00169078 0.0023998 0.00122971
0 0 415 -0.000780091 0.000169912 0.00168991 -0.000620337
0 0 416 -0.000610803 -0.000620351 0.00136979 -0.000650328
0 0 417 0.000349303 0.00196939 -0.00192018 0.00140965
0 0 418 0.00114979 0.000769476 -0.00177005 0.00187966
0 0 419 0.00202767 7.96635e-05 0.00141983 0.000729709
0 0 420 -0.000971145 0.00121993 -0.00102017 -0.000470384
0 0 421 0.000378324 0.000969592 0.00217977 -0.000540206
0 0 422 -0.00163137 -0.00197015 -0.000390242 0.000879663
0 0 423 -0.000840551 0.00027978 -0.000970128 0.000539925
0 0 424 -0.000381055 -0.000880109 0.000509764 0.00190965
0 0 425 0.00179793 -0.000710599 0.00195998 0.000969635
0 0 426 -0.000830878 0.000569359 -0.000470209 9.9344e-06
0 0 427 0.00272901 -0.00241041 -0.00121003 -0.000460075
0 0 428 0.00151981 -0.00196074 0.00171983 0.00153992
0 0 429 0.00182937 0.000149508 0.000799959 -0.000550047
0 0 430 0.00220905 -0.00162015 0.000209762 -0.000540206
0 0 431 0.00145935 7.96635e-05 0.000399872 0.000109747
0 0 432 -5.2152e-05 0.000919367 0.00119979 -0.000340112
0 0 433 -0.000961472 -8.04294e-05 -0.000120165 0.00129953
0 0 434 -0.000801857 0.00110928 0.00119979 -0.000110497
0 0 435 4.94209e-05 -0.00047046 0.000649832 0.00110975
0 0 436 0.00368912 0.00101982 -0.000580101 -0.00133027
0 0 437 0.00163831 -0.00131016 -0.000840119 -0.000380412
0 0 438 0.00211957 0.000149508 -0.00090022 -0.00168032
0 0 439 0.000438784 -0.000520685 0.000689816 0.000629897
0 0 440 -1.10391e-05 -0.000540304 0.000829884 0.000629897
0 0 441 0.0014787 -0.00074042 0.000829884 -0.000110497
0 0 442 -0.000310921 -0.000990762 -0.00214021 0.000699719
0 0 443 -0.000550343 0.000209935 0.000929968 -0.00309035
0 0 444 -0.000811531 -0.00189011 -0.000360066 -0.0002403
0 0 445 0.00230821 -0.000240522 -0.000420167 -0.000680319
0 0 446 -0.00249232 -0.000960156 0.000469781 5.96064e-05
0 0 447 -0.00141129 -0.00174022 -0.00120022 0.00101978
0 0 448 0.00160929 -0.0017308 0.00034983 -0.000460075
0 0 449 -0.00108239 -0.000270344 -2.00801e-05 0.00180984
0 0 450 -0.00132181 0.000539538 -0.000610025 0.00166973
0 0 451 0.0033191 -0.000200499 0.000199955 0.000599906
0 0 452 0.00287895 -0.00159033 0.000929968 -0.00072015
0 0 453 0.00220905 0.000519919 -0.000730227 -0.000480225
0 0 454 0.000537938 0.0013094 0.000209762 0.000899813
0 0 455 0.000158249 0.00125996 0.00392999 0.000229709
0 0 456 0.00152948 0.00139965 0.000839942 -0.0030702
0 0 457 -0.000492301 0.00206984 -0.00144012 0.000669728
0 0 458 -0.000780091 0.000179329 0.000879926 -0.00147038
0 0 459 -0.000971145 0.000799297 -0.000490075 -0.000970384
0 0 460 0.00138922 0.000709833 0.000499957 0.00149963
0 0 461 0.000148575 0.00223935 -0.000970128 -0.00266017
0 0 462 0.000177596 0.00207926 0.00084975 0.00223955
0 0 463 -0.00022144 -0.000400615 -0.000370124 0.00154977
0 0 464 0.00281849 -0.00131016 0.000269863 0.000499625
0 0 465 0.000349303 0.00344946 0.00157976 -0.000590347
0 0 466 -0.00010052 0.000969592 -0.00116024 -0.00347038
0 0 467 -0.000352034 -0.000540304 -0.000500134 0.00169972
0 0 468 0.00164799 0.000209935 0.00159988 -0.00213018
0 0 469 -0.00254069 -0.0012105 0.00217977 -0.0020702
0 0 470 0.00143758 0.00104964 -0.00142001 0.00400993
0 0 471 0.0011377 0.000739654 0.000549748 -0.0012403
0 0 472 -0.00111141 -0.00426011 -0.000570042 0.00185951
0 0 473 0.00274836 -0.000340188 8.98117e-05 2.96157e-05
0 0 474 0.0024388 -0.00431034 -0.000660068 0.00246963
0 0 475 0.000448457 -0.000890311 -2.1405e-07 0.00205961
0 0 476 0.000279169 -0.00159033 0.000769783 0.00164958
0 0 477 -3.03864e-05 0.000609383 -0.000480016 0.00334967
0 0 478 -0.000550343 -0.000170678 -0.00146024 0.000619588
0 0 479 -0.00108239 0.00138944 -0.00131011 0.000359513
0 0 480 -0.000441515 0.00116971 -0.00160006 -0.00116017
0 0 481 0.00293941 0.00197959 0.000459973 0.00294995
0 0 482 0.000158249 -8.04294e-05 0.000969952 0.00146963
0 0 483 -0.000400402 0.00146949 0.000439856 0.00201978
0 0 484 3.97473e-05 0.000109485 -0.000660068 0.0018895
0 0 485 0.00120784 0.000809499 0.00162981 -0.00238041
0 0 486 -0.000930032 -0.000710599 0.000829884 -9.03468e-05
0 0 487 -0.000272227 -7.02274e-05 -0.00174013 0.000609747
0 0 488 0.00226952 9.81903e-06 -0.000580101 -0.0020702
0 0 489 0.00107966 9.81903e-06 -0.00148011 0.000919963
0 0 490 0.000177596 0.000889545 -0.000250174 -0.00247038
0 0 491 0.000849912 -0.000490079 -0.000150089 0.000639738
0 0 492 0.00083782 -0.000130655 0.000549748 -0.00133027
0 0 493 5.90945e-05 -0.00280044 0.00193987 -0.00142024
0 0 494 0.00142791 -0.00108023 0.000209762 -0.00122015
0 0 495 0.000849912 -0.00187049 0.00114975 0.00118988
0 0 496 0.00181969 -0.00149066 0.00305991 0.000199719
0 0 497 -0.000231114 0.000219352 -0.00129025 0.00265989
0 0 498 0.000259822 -0.000920132 0.000679757 0.000319681
0 0 499 0.00140856 -0.00253048 -0.00290015 -0.00193008
0 0 500 0.00255972 -0.00137059 -0.000720169 0.00118988
0 0 501 0.00102887 -0.00286008 -0.000840119 -8.00375e-05
0 0 502 0.00384873 -0.00374059 -0.000520251 -0.000430084
0 0 503 0.00544972 -0.00478041 0.00137985 -0.000210309
0 0 504 0.00763837 -0.00411022 -0.00121003 -0.00102006
0 0 505 0.00965774 -0.00396033 0.000549748 3.9925e-05
0 0 506 0.0115078 -0.00667014 0.000249997 0.00419972
0 0 507 0.0180182 -0.00558009 0.000319905 0.00127985
0 0 508 0.0227679 -0.00601015 -0.00188019 0.0047597
0 0 509 0.039999 -0.00643078 -0.00130006 0.00581968
0 0 510 0.0795085 0.00628954 -0.000130223 0.0037597
0 0 511 0.141308 0.00121993 0.0118299 0.0133895
0 0 512 0.15215 -0.0088 0.00430996 0.00739981
0 0 513 0.131028 -0.00232016 0.00449982 0.000289691
0 0 514 0.106829 0.00670939 0.00897998 -0.00173046
0 0 515 0.0902099 0.00736938 0.0083498 -0.00777029
0 0 516 0.0866089 0.00637979 0.00802993 -0.0126302
0 0 517 0.074928 0.00795953 0.00535984 -0.0137
0 0 518 0.0717478 0.0110892 0.00501985 -0.0133401
0 0 519 0.0636776 0.0177197 0.00510988 -0.0104502
0 0 520 0.0684491 0.0229698 0.00366997 -0.0120102
0 0 521 0.0729086 0.0313692 0.00633981 -0.00870047
0 0 522 0.0772182 0.0426298 0.00903983 -0.00330028
0 0 523 0.0777479 0.0396391 0.01215 0.00541949
0 0 524 0.0701686 0.0336497 0.00936976 0.0127597
0 0 525 0.0676099 0.0153795 0.00593998 0.0144298
0 0 526 0.0573898 0.00790931 0.00139996 0.0170095
0 0 527 0.0520282 0.00342984 -0.000290157 0.0121997
0 0 528 0.0483885 0.000589763 -0.000820002 0.0130699
0 0 529 0.0453292 0.00236962 -0.00393016 0.0090896
0 0 530 0.0384996 0.000629787 -0.00291021 0.00616973
0 0 531 0.0344294 0.00239944 -0.00158019 0.00500993
0 0 532 0.02982 9.92827e-05 0.000549748 0.00122971
0 0 533 0.0228888 -0.000430436 -0.00280007 0.00199963
0 0 534 0.0159383 -0.00129054 0.0013298 -0.000690159
0 0 535 0.00898784 -0.000700397 0.000459973 -0.0012403
0 0 536 0.00731914 0.00107946 -0.000230056 8.9597e-05
0 0 537 0.00701926 0.000729452 0.00169996 -0.000230459
0 0 538 0.00391887 -0.00123012 8.98117e-05 -0.00112034
0 0 539 0.00337956 -0.0015503 -0.000560235 -0.00117048
0 0 540 0.00295876 0.000269578 0.00118999 -0.00119016
0 0 541 0.00124895 0.00134942 -0.000140031 -0.0019104
0 0 542 -0.000231114 -0.000650172 -8.01811e-05 -0.00113018
0 0 543 0.000419437 0.0018297 -9.02398e-05 -0.00204021
0 0 544 0.00212925 -0.000970358 -0.00217014 -0.000490066
0 0 545 -0.00131214 9.81903e-06 -0.000200132 -0.00266017
0 0 546 -0.000511649 0.00015971 -0.000640202 0.00113974
0 0 547 0.002359 0.00124975 0.000199955 -0.00455005
0 0 548 -6.18256e-05 -0.000390413 -0.000180014 -0.00134011
0 0 549 0.00208813 -0.00220009 -0.000800136 0.000579756
0 0 550 4.94209e-05 0.000339422 -0.0011102 -0.000620337
0 0 551 0.00144968 -0.00168057 0.000449915 -0.000120337
0 0 552 -0.0002819 0.000419469 0.00059979 -0.000370103
0 0 553 0.00166975 -0.00434016 -0.000790077 -0.000640487
0 0 554 -0.00313078 0.000189531 1.99034e-05 -0.000100187
0 0 555 0.000859586 -0.000800063 0.000139854 0.00198978
0 0 556 4.94209e-05 -0.00183046 0.00329981 0.00204977
0 0 557 0.00274836 -0.0025807 0.00278983 -0.000100187
0 0 558 0.000588725 0.00149931 -0.00145018 0.000449953
0 0 559 0.0033578 0.00126937 0.000209762 -3.03655e-05
0 0 560 -0.000501975 -0.000810265 -0.00180023 -0.000650328
0 0 561 -0.000170654 -0.000910715 -0.00164004 -0.00200037
0 0 562 -0.00260115 -0.00137059 0.00118999 -0.00256036
0 0 563 -0.00151045 0.00139965 -0.00222018 0.00273955
0 0 564 0.00107966 0.000169912 -0.00296025 0.00144995
0 0 565 0.000458131 0.00100962 0.000479839 -0.00139025
0 0 566 0.0022284 8.98655e-05 -2.00801e-05 0.000139738
0 0 567 -0.00169183 -0.00190031 0.000949834 -0.00228013
0 0 568 -0.00136051 -0.0012207 -0.000610025 0.000159888
0 0 569 -0.000211767 -9.06314e-05 -0.000190073 -0.000250141
0 0 570 0.00218971 0.00071925 -0.00120022 -7.01968e-05
0 0 571 -0.0010703 -0.000870692 -0.000600218 -0.00147038
0 0 572 -0.00178131 0.00178968 0.00169996 0.00070956
0 0 573 0.00217762 0.00204943 -0.00137021 0.000199719
0 0 574 -0.0017402 -0.0012003 -0.000240115 0.00104977
0 0 575 0.00197931 0.000729452 0.00226979 -0.000690159
0 0 576 0.00173988 -0.00181006 -0.00167022 0.00220956
0 0 577 0.000148575 0.000769476 0.000219821 -0.00072015
0 0 578 -0.000330268 -0.000390413 0.00111983 -0.00218032
0 0 579 0.00197931 -0.000570125 -0.000280099 -7.01968e-05
0 0 580 -0.00111141 -0.00165075 -0.00151003 -0.00146008
0 0 581 0.000387997 0.000949188 -0.00198003 0.00444995
0 0 582 0.00145935 0.0018297 0.00157976 0.00107976
0 0 583 -0.000441515 0.00174965 0.00101999 0.00197994
0 0 584 -0.00120089 0.00158956 -0.000790077 -0.000180319
0 0 585 0.000569378 -0.000100049 -0.00126007 0.00110975
0 0 586 -0.000250461 0.00155974 -0.00119016 0.000219869
0 0 587 -0.00101226 0.000779678 0.000819825 -0.00228013
0 0 588 -3.03864e-05 -0.000660374 -0.000330141 0.00129953
0 0 589 0.00290797 -0.0012207 -0.000820002 -0.000600187
0 0 590 0.000569378 -0.000320569 0.000249997 0.00329953
0 0 591 0.00198898 -0.00100018 0.0010899 -0.00120047
0 0 592 0.00193819 -0.00177004 0.000239938 0.00143964
0 0 593 0.000779779 0.00180929 0.000279922 0.00220956
0 0 594 -0.0030413 0.00250931 0.0010298 0.00282952
0 0 595 -0.00248023 -0.00273059 -0.000610025 0.000319681
0 0 596 0.00266855 0.000769476 -0.00177005 -0.00467048
0 0 597 0.000269496 -0.000380211 0.000969952 0.000839831
0 0 598 -0.00034236 0.000679227 -0.000650009 -0.00367048
0 0 599 -0.00034236 0.000649406 0.00022988 0.00161959
0 0 600 -0.000400402 -0.00238059 0.000209762 -0.000310122
0 0 601 0.00320786 0.000619585 0.00141983 6.99157e-05
0 0 602 0.00116914 0.00155974 0.000379755 -0.000590347
0 0 603 -0.000550343 0.00179988 0.000499957 -0.00296007
0 0 604 -0.000301248 0.00101982 0.00109996 -0.00238041
0 0 605 -0.000410076 -0.000450056 3.97695e-05 -0.00121031
0 0 606 0.00121993 0.00143967 0.000769783 0.000229709
0 0 607 -0.000320595 0.000309601 0.000149913 -0.000170478
0 0 608 -0.000850225 0.000419469 -0.000250174 0.00214958
0 0 609 0.00246782 9.81903e-06 -1.00213e-05 -0.000610028
0 0 610 0.000378324 0.0018195 -0.00228003 -0.00112034
0 0 611 -0.000151307 0.00144987 -0.000630143 -0.00185042
0 0 612 -0.00222146 -0.00268037 -0.000180014 -0.00284011
0 0 613 0.00169877 0.000519919 0.00324977 -0.000310122
0 0 614 0.00231788 0.000289197 0.000619907 -0.00106036
0 0 615 -0.00114043 -0.00130075 0.000109929 -0.00140009
0 0 616 -0.000190001 -0.00035039 0.00191975 0.000599906
0 0 617 -0.000361708 -0.00127014 0.00197985 -0.00343008
0 0 618 0.000129228 -0.00124032 0.000659891 0.000919963
0 0 619 -0.00236173 -0.0010504 -0.000770211 0.000949953
0 0 620 0.00314981 0.00108966 -0.00127013 0.00141996
0 0 621 0.00248959 0.000219352 -0.000810194 0.000859513
0 0 622 0.003989 0.00159976 -0.00125001 -0.000340112
0 0 623 0.00296843 5.92595e-05 0.000529882 0.000419963
0 0 624 0.00106999 0.00192936 -0.00153015 0.000629897
0 0 625 3.97473e-05 0.000209935 0.00182997 -0.00219016
0 0 626 -0.00634 -0.000260142 -0.000780018 0.000749859
0 0 627 -0.000540669 0.00235942 0.00303979 0.00115989
0 0 628 0.000588725 -0.00180064 0.000209762 -0.00222015
0 0 629 -0.00175229 -0.0015605 0.0017998 0.000109747
0 0 630 0.000799126 0.000179329 -0.00100005 0.00160975
0 0 631 0.00226952 0.00066981 -0.000720169 0.000179569
0 0 632 -0.00063015 0.000399849 0.000689816 -0.000270291
0 0 633 0.00313772 0.00298959 -0.00194004 -0.00026045
0 0 634 -0.00125168 -0.000160476 -0.0017102 0.00379953
0 0 635 -0.000272227 0.00180929 0.00101999 0.0020896
0 0 636 0.0014787 -0.000280546 0.00022988 0.000219869
0 0 637 0.00313772 -0.00035039 0.000519823 0.00077985
0 0 638 0.000339629 0.00083932 -0.000970128 0.00191996
0 0 639 0.00121993 -3.82967e-07 0.00126995 0.000179569
0 0 640 -9.08464e-05 0.000579561 0.000389814 0.000909653
0 0 641 1.79817e-05 -0.000530102 -0.000990246 1.97751e-05
0 0 642 -0.000712376 0.00237982 0.000149913 0.00101978
0 0 643 0.00280882 -4.04062e-05 0.000209762 -0.00261003
0 0 644 0.00372781 0.00163978 -0.000790077 -0.00118032
0 0 645 0.00131908 0.000919367 -3.01388e-05 -0.00325014
0 0 646 0.000419437 0.000619585 0.00111983 -0.0020702
0 0 647 -0.000741397 -0.000750622 0.000449915 0.00121987
0 0 648 0.000387997 -0.000970358 -0.00121003 0.000199719
0 0 649 6.87682e-05 -0.000210701 -0.000150089 -0.00100037
0 0 650 -0.000741397 0.000499515 0.00137985 0.00205961
0 0 651 0.00116914 0.000599965 -0.00124021 0.00193964
0 0 652 0.00083782 0.000479896 -0.000540117 -1.02156e-05
0 0 653 0.00182937 -0.000540304 -0.00155001 -0.000330272
0 0 654 0.00480884 -0.00119009 0.00135998 0.000179569
0 0 655 0.00158994 0.000359826 0.00309989 -0.000920244
0 0 656 -0.00188046 -0.0020604 0.00187977 0.00267957
0 0 657 -0.00352014 0.000319803 -0.00113006 0.00291996
0 0 658 0.00115947 -0.000600731 -0.000570042 -0.00163018
0 0 659 8.30808e-06 -0.000210701 -0.000390242 0.00185951
0 0 660 0.000138902 0.0013196 0.00159988 -0.000480225
0 0 661 0.00109901 -0.000830669 -0.00229009 0.000219869
0 0 662 0.00241946 -0.00201018 -0.000720169 -0.000800281
0 0 663 0.00221873 -5.06082e-05 0.00124984 -0.00282043
0 0 664 -0.00063015 0.000169912 -0.000470209 0.00205961
0 0 665 -0.00101226 0.00244967 0.000659891 -0.000390253
0 0 666 -0.00334118 0.000519919 -0.000100047 -7.01968e-05
0 0 667 0.000569378 -0.000520685 0.00135998 -0.000500375
0 0 668 2.76553e-05 0.0013298 -0.000480016 0.00167957
0 0 669 0.000317864 -0.00251007 0.000809766 -0.000730459
0 0 670 -0.000451189 -0.00116027 -0.000720169 0.00321987
0 0 671 0.00141824 -0.00228014 0.000409931 0.000629897
0 0 672 -0.000492301 0.000689429 0.000109929 0.000339831
0 0 673 0.00176891 0.0028499 0.000329964 0.00157976
0 0 674 0.00203977 -0.00215065 0.000549748 0.00163974
0 0 675 -0.000131959 0.000349624 -0.00270023 0.000179569
0 0 676 -0.00151045 -0.000550506 0.000919909 -0.000700469
0 0 677 -0.00114043 0.00015971 0.000799959 -0.0015702
0 0 678 0.00202767 0.00118933 0.00197985 0.000819681
0 0 679 -0.00300019 0.00118933 0.000189896 0.000449953
0 0 680 -0.000651916 0.000899747 -5.00048e-05 0.00211959
0 0 681 -0.00334118 0.000459492 -0.00208011 0.000579756
0 0 682 0.00258874 -3.02042e-05 0.00219988 -2.00562e-05
0 0 683 0.00241946 -0.0017104 -0.000880103 2.96157e-05
0 0 684 0.00325864 -0.00191051 -0.000190073 -0.00216017
0 0 685 0.00140856 -0.00377041 -0.000320082 -6.03561e-05
0 0 686 -0.000410076 0.00105984 0.00314993 -6.03561e-05
0 0 687 -0.00312111 0.000909949 0.000319905 0.00227985
0 0 688 0.00143758 -0.00165075 -0.000750093 0.000369822
0 0 689 -0.00147175 0.00217971 -0.00106015 -0.00316017
0 0 690 -0.00163137 0.00305943 -0.000580101 0.000939644
0 0 691 -0.00253102 0.00346987 -0.000180014 0.000839831
0 0 692 0.000397671 -0.000900513 -0.000290157 -0.000520056
0 0 693 -0.00120089 0.00292995 -0.00167022 0.000909653
0 0 694 -0.00336053 -0.00125052 0.000739858 0.00190965
0 0 695 0.000987761 -0.00115007 -0.00102017 -0.000600187
0 0 696 -0.002161 -0.000600731 -0.000920086 -0.000520056
0 0 697 -0.00288168 -0.00118068 0.000239938 -0.00236026
0 0 698 -0.00242219 -0.0017206 -0.00164004 -0.00198022
0 0 699 0.00125862 -3.82967e-07 -5.00048e-05 -0.00386026
0 0 700 0.0033578 -0.000790646 0.00293996 0.000609747
0 0 701 -0.00139195 3.96403e-05 -0.000790077 -0.00170047
0 0 702 0.00188983 0.00154954 0.00150985 -0.000390253
0 0 703 0.00102887 -0.0012207 0.00118999 -0.00126045
0 0 704 0.00125862 -0.00261053 -0.000700051 -0.00275014
0 0 705 0.00252828 0.000639204 0.00126995 0.00117957
0 0 706 0.0026879 -0.000590529 0.00237994 0.00244995
0 0 707 -0.00394094 0.00032922 -0.000350007 0.000899813
0 0 708 0.000658859 -0.000280546 0.00252981 0.000129897
0 0 709 -0.00186112 -0.0010504 -0.00130006 -8.00375e-05
0 0 710 -0.000521322 -0.00153068 0.00128982 0.00164958
0 0 711 0.00173988 -0.00195053 -0.00148011 0.000129897
0 0 712 0.00146902 -0.000420234 0.000479839 -0.00277029
0 0 713 0.00368912 0.00118933 0.000469781 0.000379663
0 0 714 -0.00126135 0.00129919 -0.00125001 -0.00153037
0 0 715 0.00151981 -0.00182026 -0.00191012 -0.000630178
0 0 716 -0.0002819 -0.000110251 -0.000230056 -0.00203037
0 0 717 0.00270966 -0.000500281 0.0014998 0.000639738
0 0 718 -0.00110174 -0.00262073 0.00113994 0.000839831
0 0 719 -0.000671263 -0.000650172 -0.00147005 0.00180984
0 0 720 0.00118849 0.00110928 -0.000190073 0.00144995
0 0 721 -0.000231114 -0.000460258 0.000379755 -0.000610028
0 0 722 0.00108933 -0.000780444 0.00120985 -0.000270291
0 0 723 -0.000460862 0.000429671 -0.000370124 -0.000390253
0 0 724 0.00231788 -0.00138079 -0.0017102 -0.00110019
0 0 725 0.00319818 -0.000190297 0.000299788 -0.00236026
0 0 726 0.000148575 -0.000920132 0.000459973 0.000639738
0 0 727 0.00406881 0.000379445 0.00111983 0.00130984
0 0 728 0.00114979 0.000999413 0.000179837 0.00153992
0 0 729 0.00202767 -0.000990762 0.000979759 0.000869822
0 0 730 -0.00317189 -0.000190297 -0.00021019 -0.00108004
0 0 731 0.00251861 0.00206984 -0.000980187 0.000589597
0 0 732 0.00178825 -0.00142003 0.00136979 -0.0014104
0 0 733 0.000119555 -0.00133057 -2.1405e-07 -0.000500375
0 0 734 0.000968414 0.000389647 -0.00213015 -0.000500375
0 0 735 -0.000850225 0.00207926 -2.00801e-05 0.000619588
0 0 736 -0.00424083 -9.06314e-05 -0.00162017 -0.00133027
0 0 737 -0.000320595 -0.000480662 -0.0027802 0.00140965
0 0 738 -0.00297116 -0.000620351 -0.00090022 -0.000160169
0 0 739 0.00130941 -0.00101038 -0.00183015 0.00139981
0 0 740 0.00128764 -0.000300165 0.00180986 0.00222971
0 0 741 0.000668532 0.000509717 0.000119988 -0.00212034
0 0 742 0.000888607 -7.02274e-05 0.000619907 0.00166973
0 0 743 0.000738666 0.000439873 0.000379755 0.00181968
0 0 744 0.00282817 -0.00127014 0.000969952 -0.000210309
0 0 745 -0.000770418 -0.00103078 -0.000470209 0.000789691
0 0 746 2.76553e-05 -0.000250724 0.0014998 -0.000490066
0 0 747 -0.00244153 0.000999413 0.000939775 0.00152962
0 0 748 -0.00152012 -0.000720801 0.00128982 -0.00197038
0 0 749 -0.000770418 -0.00187049 0.000969952 -0.0020702
0 0 750 -0.00127103 0.00120973 0.000839942 -0.00182043
0 0 751 0.000738666 -0.000670576 -0.000670126 -0.00308004
0 0 752 -0.0017402 -0.00143023 0.00106978 -0.000970384
0 0 753 0.00042911 0.000169912 0.00116987 -0.00260019
0 0 754 -0.000240787 -0.00134077 0.000389814 -0.000840112
0 0 755 0.00042911 -5.06082e-05 -0.0024201 0.0007597
0 0 756 0.00280882 0.000169912 -0.00121003 -0.000820431
0 0 757 0.000639511 -0.00215065 -0.000890161 -0.000840112
0 0 758 0.000987761 -0.000890311 -0.00158019 -0.00336026
0 0 759 -0.00101226 0.000529336 -0.00333016 0.000529616
0 0 760 -0.00151045 0.00095939 0.000759975 0.000509934
0 0 761 0.00313772 -0.00126072 0.000309847 0.000979944
0 0 762 0.00190917 -0.000410032 -0.00046015 0.00136982
0 0 763 -0.000202093 0.00293936 -0.00202001 0.00229953
0 0 764 -0.00142097 0.00129919 -0.0011102 -0.000990066
0 0 765 0.00111836 -0.000450056 -0.00214021 0.000299531
0 0 766 -0.000410076 0.00176927 0.000209762 -0.00153037
0 0 767 -0.00234238 0.000619585 0.000799959 -0.00161003
0 0 768 -0.00206185 -0.00197015 -0.000290157 0.00126954
0 0 769 0.00302889 -4.04062e-05 0.00103986 0.00140965
0 0 770 0.00293941 0.00365978 -0.000540117 0.00257976
0 0 771 0.00186806 0.00140985 -0.00083006 0.00027985
0 0 772 0.00114979 0.00248969 -0.00142001 -0.00331012
0 0 773 -0.00151045 0.000299399 -0.00207005 -0.00184011
0 0 774 0.0026492 -0.00310022 0.00184984 0.000829522
0 0 775 0.00132876 0.00110928 0.000239938 0.0040896
0 0 776 0.00042911 -0.000370794 0.0021599 -0.000710309
0 0 777 0.00153916 0.000129889 -0.000180014 0.000849672
0 0 778 0.00227919 -0.00267017 -0.000480016 -0.00149007
0 0 779 -0.000942124 -0.000770242 0.00107984 0.00122971
0 0 780 -0.000330268 -0.000660374 0.00173995 0.00443964
0 0 781 -0.00203041 -0.000730218 0.000949834 -0.000190159
0 0 782 0.0014787 -0.00324069 -0.000770211 -0.000830272
0 0 783 0.000537938 0.00292995 0.00246996 0.000839831
0 0 784 4.94209e-05 0.00160996 -0.00138002 0.00127985
0 0 785 -0.000901011 -0.000530102 0.00053994 -0.000110497
0 0 786 -0.000642242 -0.000830669 -4.01976e-05 0.00202962
0 0 787 -0.000751071 0.000229554 0.000899792 -0.00183027
0 0 788 -0.00110174 -0.00215065 0.000129795 -0.000930084
0 0 789 0.00127797 0.00398938 -0.000140031 -0.000840112
0 0 790 0.00036865 -0.00123012 -0.00046015 -0.000990066
0 0 791 0.0028983 0.00257994 0.00234976 -0.00375014
0 0 792 -0.000272227 -0.000390413 0.00146987 0.000369822
0 0 793 -0.000492301 0.00135962 0.000389814 -0.00147038
0 0 794 0.000547612 -0.00183046 0.00123978 0.00131968
0 0 795 -0.00214165 -8.04294e-05 -0.00149017 -0.00154021
0 0 796 0.000528265 0.000729452 -0.00101011 -4.02062e-05
0 0 797 -0.00314045 0.000609383 0.00152997 0.000339831
0 0 798 -0.00327105 2.94383e-05 -0.00174013 -2.00562e-05
0 0 799 -0.000591456 -0.000680778 -0.000910027 -0.00256036
0 0 800 -0.000501975 0.00119953 0.000709933 -0.00131012
0 0 801 0.000479897 -2.0787e-05 -0.00102017 -0.00328013
0 0 802 -0.000840551 -0.00136039 -0.00159025 -0.00126045
0 0 803 0.0025694 0.00125996 0.00041999 -0.000950234
0 0 804 0.00138922 0.000639204 -0.00212009 -0.000810122
0 0 805 0.00149804 0.000349624 -0.000310023 -0.00200037
0 0 806 -0.00336053 -0.000730218 -0.00046015 -0.000100187
0 0 807 0.000419437 0.00313948 0.00359981 0.000939644
0 0 808 0.00231788 -0.00177004 0.000879926 0.00136982
0 0 809 -0.000961472 -0.00127014 -0.000650009 -0.00356036
0 0 810 -0.000352034 0.000209935 -0.000760152 0.000349672
0 0 811 -0.00410056 0.00271963 0.000649832 0.00190965
0 0 812 0.000397671 -0.000600731 0.00129988 0.00023955
0 0 813 0.000167923 -0.0020706 -0.00153015 0.000449953
0 0 814 0.00149804 -0.000100049 0.000509764 0.000949953
0 0 815 0.00164799 0.000679227 0.000809766 0.00306992
0 0 816 -0.00112109 0.00327995 -0.00121003 -0.000810122
0 0 817 -0.000530996 0.00113989 0.000249997 -0.00186026
0 0 818 -0.00176196 0.000249958 0.000149913 -0.000710309
0 0 819 -0.00105095 -0.00047046 -0.00199009 -0.00111003
0 0 820 0.00183904 0.00277927 -0.00112 -0.000120337
0 0 821 -0.00103161 -2.0787e-05 -0.000780018 0.00251978
0 0 822 -0.00175229 0.000239756 -0.000470209 -0.00365033
0 0 823 -0.000422168 -0.000340188 0.000339771 0.000789691
0 0 824 -0.000540669 -0.00180064 -0.000880103 0.000909653
0 0 825 -0.00215133 0.00128978 -4.01976e-05 0.0028895
0 0 826 0.00136987 -0.000700397 0.00256979 -0.000250141
0 0 827 0.00242913 0.000479896 -0.00181003 0.000119588
0 0 828 -0.000361708 0.00161938 0.00117993 -0.00120047
0 0 829 0.00199865 -0.00103078 -0.00090022 -0.00126045
0 0 830 0.0022284 -0.000370794 -0.000510192 0.000159888
0 0 831 -0.0012807 0.000689429 0.000659891 -0.0015702
0 0 832 0.00389952 -0.00168057 0.00270986 0.000939644
0 0 833 -0.00264226 0.000369243 -0.00221012 -0.000470384
0 0 834 -0.000291574 -0.00229034 -0.00110014 0.00211959
0 0 835 -0.000780091 0.00138944 -0.000880103 0.00293964
0 0 836 0.000968414 0.000869926 -0.000300216 -0.00029044
0 0 837 -0.00126135 -0.00221029 -0.000840119 0.00299963
0 0 838 -0.000190001 0.00101982 0.00184984 0.00240965
0 0 839 -0.000891338 -0.000870692 0.00240986 -0.0017403
0 0 840 -0.00272207 0.000499515 -0.00241004 -0.00153037
0 0 841 -0.00010052 -0.000410032 -0.00132017 0.00118988
0 0 842 0.000888607 0.00141926 -0.00021019 -0.000250141
0 0 843 0.000617746 -0.00169078 0.000589983 -0.00275014
0 0 844 0.00109901 0.00177947 0.00183978 0.00150993
0 0 845 -0.00146208 0.000499515 0.000219821 0.00136982
0 0 846 -0.000862317 -0.00116027 -0.00292002 -0.000890253
0 0 847 -0.000990492 0.00249989 -0.00177005 0.000959794
0 0 848 0.00160929 0.000129889 0.000719992 -0.00130028
0 0 849 0.000339629 -0.00168057 -0.000500134 -0.00179044
0 0 850 -0.00226015 -0.000270344 0.00121991 -0.00171031
0 0 851 0.00274836 -0.00108023 -0.000920086 0.00328969
0 0 852 0.00198898 -0.00135019 -0.000180014 -0.00150037
0 0 853 0.00154883 0.000889545 0.00053994 0.000669728
0 0 854 0.000598398 0.000979794 9.84469e-06 -0.00100037
0 0 855 -0.00327105 0.00117991 0.000479839 -0.00201022
0 0 856 0.000699971 -0.00142003 0.00227985 0.00124986
0 0 857 -0.000361708 0.000859724 -0.0011801 0.00269972
0 0 858 -0.00292038 -0.0015503 -0.00336009 0.00334967
0 0 859 0.000397671 0.000359826 -0.00149017 -0.000520056
0 0 860 0.00095874 0.000339422 0.00140977 -0.000330272
0 0 861 0.00153916 -0.000930334 0.000709933 -0.00122015
0 0 862 0.000438784 -0.00137059 0.00184984 0.000109747
0 0 863 -0.0017015 -0.000790646 0.000859808 0.000819681
0 0 864 0.00108933 -0.000160476 0.00127976 -0.000450234
0 0 865 -0.000862317 -0.00140041 -0.000440033 0.000769541
0 0 866 0.00042911 -0.000480662 -0.000990246 -0.000200469
0 0 867 0.00167942 0.000289197 -0.000510192 0.00233983
0 0 868 -0.0011622 -0.00138079 0.00231984 -0.0012403
0 0 869 -8.11728e-05 0.000999413 0.000159971 0.00216973
0 0 870 -0.00203041 0.000389647 -0.0022501 0.00164958
0 0 871 -0.000930032 0.000689429 -0.00288003 -0.00126045
0 0 872 0.00133843 0.00204943 0.000249997 -0.00310019
0 0 873 0.00285961 -0.00124032 0.00195998 -0.00131012
0 0 874 0.000238056 -0.0015503 0.00130994 -0.00155005
0 0 875 -0.000990492 -0.000450056 -0.000130223 0.000149578
0 0 876 -0.000381055 0.0013094 0.00041999 0.00222971
0 0 877 -0.00286234 -0.0017104 -0.00237005 0.000299531
0 0 878 -0.00250199 0.000579561 -0.00261021 0.000959794
0 0 879 0.000658859 -0.000490079 0.000799959 0.000969635
0 0 880 -0.000122286 -0.0017206 -0.00175018 0.00147994
0 0 881 -9.08464e-05 -0.00189011 0.000489898 -0.000490066
0 0 882 -0.000581782 0.000229554 -0.0003402 0.000199719
0 0 883 -0.00173052 -0.00023032 0.00158982 -0.00100037
0 0 884 0.00138922 0.000119687 0.0014998 -0.00208004
0 0 885 0.00177858 0.000319803 0.000919909 -0.000570197
0 0 886 0.00292974 -0.000870692 -0.000750093 0.00156992
0 0 887 -0.000811531 -0.00208002 -0.000640202 0.000789691
0 0 888 6.87682e-05 0.00143967 0.000889985 -0.000590347
0 0 889 -0.00111141 8.98655e-05 0.000159971 0.00150993
0 0 890 0.000978088 -0.000700397 -0.00184021 -0.00389025
0 0 891 -0.000211767 -0.000630553 0.000409931 -0.00264049
0 0 892 0.000467805 -0.00161073 0.000959893 0.000839831
0 0 893 0.00111836 0.000429671 -0.000120165 0.00236982
0 0 894 -0.000231114 9.81903e-06 -0.000180014 -0.00279044
0 0 895 -0.000741397 -0.000920132 -0.000430225 -0.000980225
0 0 896 -0.000240787 -0.00167037 0.000509764 0.00027985
0 0 897 -0.000190001 -0.000770242 -0.0024201 0.000659888
0 0 898 0.000177596 -0.00185008 -0.00433 -0.00126045
0 0 899 -0.000141633 0.00139965 -0.00130006 -0.000420244
0 0 900 -0.00229159 0.0013298 -0.000390242 -0.00173046
0 0 901 -0.000961472 -0.000630553 -0.00194004 0.000979944
0 0 902 -0.000930032 -0.000280546 -0.000570042 9.99063e-05
0 0 903 0.00092972 0.000229554 0.00105998 0.00203992
0 0 904 0.00221873 -0.000450056 0.000759975 0.000229709
0 0 905 -0.000390728 -0.00125052 0.00126995 0.000879663
0 0 906 0.00142791 -0.00143023 0.00159988 0.00383983
0 0 907 0.00327799 -0.000430436 -0.000290157 -0.00134011
0 0 908 -0.00222146 -0.00112025 -0.000890161 0.000719869
0 0 909 0.00111836 -0.00204078 0.0024599 0.000359513
0 0 910 0.000949067 -0.000170678 0.00147993 0.00020956
0 0 911 0.000907954 -0.000780444 -0.000760152 9.99063e-05
0 0 912 -0.000361708 -0.00125052 -0.00130006 0.000159888
0 0 913 0.000177596 0.00109986 0.00144975 -0.00151022
0 0 914 0.00254763 9.81903e-06 -0.00203007 0.00333983
0 0 915 0.00136987 -0.00271019 -0.00167022 -0.000680319
0 0 916 0.0025694 -0.000310367 -0.00157013 -0.00254021
0 0 917 -0.000190001 -0.000260142 -0.000200132 -0.00022015
0 0 918 -0.00142097 -0.000490079 0.000219821 -0.00200037
0 0 919 -0.00010052 0.00109986 0.0007899 0.000569916
0 0 920 0.00086926 -0.000390413 0.00183978 0.00223955
0 0 921 0.000218709 0.00078988 0.00066995 0.00077985
0 0 922 0.000228383 0.000729452 -0.0017102 0.00151978
0 0 923 -0.000272227 -0.000190297 -0.00181003 -0.00121031
0 0 924 -0.00455038 0.000149508 0.000299788 -0.000420244
0 0 925 -0.00155156 0.00272983 -0.0024201 0.000349672
0 0 926 0.000397671 -0.00243003 0.00163986 -0.0023701
0 0 927 0.000479897 0.000369243 -0.00157013 0.0020896
0 0 928 0.000329956 0.000149508 0.00110977 -0.000280131
0 0 929 0.00266855 0.00134942 0.00140977 -0.000320431
0 0 930 0.000999853 0.000759274 -0.000170207 0.00203992
0 0 931 -0.00145241 -0.00153068 -0.000530058 -0.00114049
0 0 932 -0.00248023 -0.000400615 0.00246996 -0.00142024
0 0 933 -0.00131214 0.000569359 -0.000190073 0.00106992
0 0 934 -0.000540669 -0.000200499 -0.00214021 -0.00268032
0 0 935 0.00406881 -0.00240021 0.00251975 -0.00125014
0 0 936 -0.00118155 -0.00197015 -0.00138002 -0.000360262
0 0 937 0.00095874 -3.02042e-05 0.00178999 0.00115989
0 0 938 -3.03864e-05 0.000499515 0.000169779 0.000989784
0 0 939 0.0018076 0.0013298 -0.000360066 -0.00223046
0 0 940 0.000438784 0.000339422 -0.00157013 -0.00288041
0 0 941 0.00304824 -0.00286008 0.000429797 -0.00149007
0 0 942 0.00175923 -0.000360592 -0.000120165 -0.00319016
0 0 943 -0.00246088 -0.000100049 0.000589983 0.00228969
0 0 944 -0.00196027 -0.00147026 -0.00100005 -0.00385042
0 0 945 0.000907954 -0.00201018 -0.00188019 0.000789691
0 0 946 -0.00194092 0.00102923 0.000659891 -0.00215033
0 0 947 -0.00190223 0.00166961 6.99457e-05 0.00221987
0 0 948 0.00188983 0.00071925 -0.00046015 0.00284967
0 0 949 0.00265888 -0.000540304 0.0018599 -0.00312034
0 0 950 -0.00290103 -0.000550506 0.000479839 0.000699719
0 0 951 -0.00129037 0.000709833 0.00148999 0.00580984
0 0 952 -0.000821204 -0.00023032 0.000879926 -0.000650328
0 0 953 -0.000741397 -0.000970358 -0.00071011 -0.000500375
0 0 954 1.79817e-05 -0.000930334 -0.000360066 0.0007597
0 0 955 -0.00242219 0.00157936 0.00197985 -0.000650328
0 0 956 0.00174956 0.000119687 -0.000970128 -0.00256036
0 0 957 0.000789452 -0.000300165 -0.000720169 -0.000230459
0 0 958 -0.000291574 0.000859724 0.000679757 -0.000880412
0 0 959 -0.00180066 0.00140985 -0.00151003 0.00178969
0 0 960 0.00206879 0.000969592 0.00207993 0.000479944
0 0 961 -0.000122286 -0.000790646 -0.000230056 0.000499625
0 0 962 1.79817e-05 0.00168923 0.00121991 0.000749859
0 0 963 -0.00168216 -0.000310367 0.000839942 -0.00193008
0 0 964 -0.000980819 -0.000250724 0.00162981 -0.000280131
0 0 965 -0.000371381 -0.000150274 0.00137985 -3.03655e-05
0 0 966 0.00107966 -0.000330771 0.000169779 -0.00116017
0 0 967 0.000259822 -0.00268037 -0.00136016 -0.000390253
0 0 968 -9.08464e-05 -0.00136039 -0.00328012 0.00191996
0 0 969 0.0011377 -0.00233036 0.000919909 -0.00026045
0 0 970 0.00030819 -0.00149066 -9.02398e-05 -0.000600187
0 0 971 0.000167923 0.00251951 -0.00153015 -0.000860262
0 0 972 0.00154883 1.92363e-05 0.00168991 -0.00113018
0 0 973 -0.000651916 -0.000170678 -0.00333016 0.000549766
0 0 974 -0.000951798 0.000879343 0.00066995 0.00116973
0 0 975 0.00359964 0.000459492 -0.000240115 -0.00201022
0 0 976 0.00241946 0.0013196 0.00115981 0.000309841
0 0 977 -0.000250461 -0.000960156 -0.000760152 -0.00260019
0 0 978 0.00130941 -0.000910715 -0.00101011 -0.00106036
0 0 979 0.000218709 0.00129919 -0.00163023 0.00128969
0 0 980 0.00230821 0.000179329 6.99457e-05 -0.000670478
0 0 981 0.00036865 -0.000660374 -0.00159025 -0.00166017
0 0 982 4.94209e-05 -0.000910715 0.0014998 -0.000710309
0 0 983 -0.00110174 0.000909949 4.98282e-05 0.00023955
0 0 984 0.000699971 -0.00126072 -0.00175018 -0.00222015
0 0 985 0.000339629 6.94615e-05 -0.00224004 0.000129897
0 0 986 -0.00166039 -0.00241041 -0.00151003 0.000479944
0 0 987 -0.000180327 -0.00297073 -0.00071011 5.96064e-05
0 0 988 0.000709645 -0.000540304 0.000839942 -0.00259035
0 0 989 0.00247992 -0.00196074 0.00170977 0.000429803
0 0 990 -0.00110174 0.000219352 -0.000280099 0.000499625
0 0 991 -0.00145241 -0.000730218 4.98282e-05 0.00122971
0 0 992 0.000148575 0.00104964 -0.00254005 0.00304977
0 0 993 0.00177858 0.000919367 0.0017998 0.00151978
0 0 994 -0.00294214 -0.00124032 -0.000390242 -0.000730459
0 0 995 -0.00132181 -0.00179044 -0.00133023 0.00143964
0 0 996 -0.000642242 -0.00107002 -0.000950011 0.00110975
0 0 997 0.000349303 -0.0012105 -0.00083006 -0.00166017
0 0 998 6.87682e-05 0.0013298 0.000389814 0.00270956
0 0 999 -0.00230127 -0.000580327 -0.00152009 -0.00351022
0 0 1000 0.00133843 -0.000800063 -0.0011801 0.00213974
0 0 1001 -0.00177164 -0.00118068 -0.000490075 0.00219972
0 0 1002 0.000748339 -0.00146005 0.000799959 0.00130984
0 0 1003 0.0015585 -0.00106061 -7.01223e-05 -0.000200469
0 0 1004 -0.000560017 -0.00198036 0.000469781 -0.000520056
0 0 1005 -0.000990492 -0.000900513 -0.0016501 -0.0025702
0 0 1006 5.90945e-05 0.000189531 -0.000870044 -0.000910403
0 0 1007 0.000779779 -0.00235077 0.000109929 -0.000410403
0 0 1008 -0.00131214 0.000859724 -0.00143006 -0.000160169
0 0 1009 -0.00259148 -0.000850288 -0.000410108 3.9925e-05
0 0 1010 -0.000971145 3.96403e-05 -0.000680185 -0.0007403
0 0 1011 0.00145935 -4.04062e-05 0.000799959 -0.00254021
0 0 1012 0.000779779 -0.000970358 -0.000110106 0.00156992
0 0 1013 -0.00247056 -0.000690195 -0.00222018 0.000359513
0 0 1014 0.000119555 0.000709833 0.0007899 -0.000960075
0 0 1015 -0.00115011 0.000139306 0.0012599 -0.000270291
0 0 1016 0.00255972 0.000149508 -0.000400049 -0.00297038
0 0 1017 -0.00169183 -0.00224011 0.000989818 0.0019298
0 0 1018 0.0010192 -0.000120453 -0.00223024 0.000679569
0 0 1019 -0.00114043 0.00083932 0.000109929 0.00070956
0 0 1020 -0.00138227 0.00128978 0.000689816 -0.000130178
0 0 1021 -0.00323235 -0.00114065 0.00112989 -0.00108004
0 0 1022 -0.000642242 -0.00175042 -0.00168002 -0.000350422
0 0 1023 0.000528265 -0.0027408 0.000439856 -0.00215033
