0 0 0 51258.5 -142.093 -535.143 474.847
0 0 1 51261 -141.352 -533.411 475.364
0 0 2 51258.3 -142.39 -533.117 477.004
0 0 3 51258.8 -143.823 -534.292 475.409
0 0 4 51260.1 -140.907 -534.292 474.508
0 0 5 51260 -142.785 -530.973 474.788
0 0 6 51258.1 -145.009 -535.232 477.373
0 0 7 51262.1 -143.872 -535.613 476.915
0 0 8 51262.6 -143.23 -534.086 473.872
0 0 9 51261.4 -141.747 -534.145 474.271
0 0 10 51262.2 -138.436 -535.232 477.048
0 0 11 51260.9 -143.526 -535.114 475.172
0 0 12 51261.3 -143.823 -532.618 475.63
0 0 13 51260.7 -139.079 -534.82 474.286
0 0 14 51260.3 -143.082 -533.763 475.689
0 0 15 51261 -144.465 -533.675 475.881
0 0 16 51259.1 -140.314 -536.142 473.843
0 0 17 51260.9 -142.439 -533.939 472.528
0 0 18 51261.7 -142.143 -534.086 473.931
0 0 19 51258.2 -145.207 -533.205 476.649
0 0 20 51257.5 -139.771 -531.267 477.787
0 0 21 51259.6 -139.919 -534.174 476.428
0 0 22 51260.6 -143.576 -534.527 478.673
0 0 23 51260.5 -144.317 -532.471 479.293
0 0 24 51260.7 -144.416 -537.229 477.535
0 0 25 51260 -143.279 -532.97 475.527
0 0 26 51264.1 -139.672 -532.794 475.217
0 0 27 51262.2 -145.849 -532.941 472.898
0 0 28 51257.9 -137.991 -531.854 472.75
0 0 29 51259.2 -141.994 -532.794 475.97
0 0 30 51262.1 -143.082 -534.174 476.679
0 0 31 51258 -141.5 -533.469 473.223
0 0 32 51259.9 -142.143 -531.913 476.738
0 0 33 51259.7 -140.611 -537.375 474.301
0 0 34 51260.5 -143.823 -532.97 477.329
0 0 35 51259.4 -143.872 -538.198 473.607
0 0 36 51259.2 -144.762 -534.233 475.837
0 0 37 51257.5 -141.747 -532.911 473.311
0 0 38 51258.8 -140.907 -534.556 473.237
0 0 39 51258.7 -141.204 -535.026 472.085
0 0 40 51260.6 -141.055 -534.468 477.772
0 0 41 51260.1 -140.66 -534.086 471.051
0 0 42 51259.6 -142.489 -535.232 473.474
0 0 43 51258.5 -145.108 -535.466 475.423
0 0 44 51258.6 -145.009 -534.556 469.796
0 0 45 51260 -142.192 -532.148 472.706
0 0 46 51259.6 -141.648 -534.762 476.59
0 0 47 51260.6 -139.919 -534.644 476.575
0 0 48 51261.9 -143.872 -534.585 475.763
0 0 49 51262 -142.933 -532.001 477.078
0 0 50 51261.7 -141.994 -532.06 476.206
0 0 51 51256.4 -143.131 -534.468 474.109
0 0 52 51257.8 -141.154 -531.56 474.212
0 0 53 51262.8 -140.957 -533.851 471.716
0 0 54 51260.8 -142.884 -533 474.744
0 0 55 51259.1 -143.823 -535.408 475.852
0 0 56 51262.1 -142.637 -534.204 474.803
0 0 57 51261.1 -143.625 -534.615 474.67
0 0 58 51260.5 -142.143 -531.502 473.754
0 0 59 51258.5 -143.131 -536.818 475.955
0 0 60 51262.3 -141.006 -535.202 473.872
0 0 61 51261.4 -141.55 -531.472 473.429
0 0 62 51264.6 -146.591 -534.703 474.64
0 0 63 51263.2 -139.276 -533.998 476.28
0 0 64 51261.8 -141.006 -532.676 475.822
0 0 65 51259.4 -144.762 -534.644 476.354
0 0 66 51259.9 -141.401 -535.349 476.753
0 0 67 51260.5 -141.846 -536.113 475.807
0 0 68 51259.6 -141.451 -535.878 475.128
0 0 69 51258.8 -143.625 -534.35 476.974
0 0 70 51260.2 -139.622 -534.38 474.921
0 0 71 51258.8 -142.835 -533.91 474.079
0 0 72 51261.3 -140.166 -534.997 476.088
0 0 73 51259.5 -146.343 -531.972 474.035
0 0 74 51259.6 -143.428 -532.148 474.537
0 0 75 51261.6 -143.576 -533.205 474.271
0 0 76 51259.7 -141.55 -533.969 477.196
0 0 77 51256.9 -144.762 -534.292 475.881
0 0 78 51262.1 -140.907 -532.295 474.345
0 0 79 51258 -143.131 -533.704 474.197
0 0 80 51262.8 -145.899 -533.851 472.765
0 0 81 51258.8 -140.215 -535.32 472.824
0 0 82 51261.1 -141.648 -535.584 476.25
0 0 83 51257.4 -141.648 -533.881 474.98
0 0 84 51262.4 -142.143 -530.709 477.255
0 0 85 51259.9 -142.686 -534.057 473.4
0 0 86 51262.5 -141.451 -530.856 474.419
0 0 87 51261.5 -139.573 -533.029 474.064
0 0 88 51259.9 -145.009 -530.679 475.157
0 0 89 51257.4 -144.762 -533.557 475.689
0 0 90 51261.7 -141.945 -532.089 476.103
0 0 91 51261.3 -142.439 -533.176 475.069
0 0 92 51259.7 -143.428 -534.703 477.609
0 0 93 51260 -142.489 -534.644 474.67
0 0 94 51258.3 -140.265 -533.939 475.364
0 0 95 51259.6 -143.774 -534.791 477.993
0 0 96 51258 -138.041 -534.35 476.487
0 0 97 51259.6 -143.625 -532.735 475.733
0 0 98 51261 -140.215 -536.201 478.51
0 0 99 51260 -141.451 -533.264 474.271
0 0 100 51259.5 -140.265 -531.267 479.337
0 0 101 51259.9 -141.154 -536.494 471.243
0 0 102 51263.7 -142.143 -528.653 476.339
0 0 103 51259.8 -143.181 -531.972 476.265
0 0 104 51261.9 -143.032 -532.647 475.364
0 0 105 51259.9 -141.945 -532.823 472.898
0 0 106 51259.4 -142.439 -532.177 477.048
0 0 107 51261.4 -143.872 -535.496 472.322
0 0 108 51257.3 -142.587 -534.115 475.837
0 0 109 51257.1 -143.526 -533.792 478.555
0 0 110 51256.4 -142.835 -531.149 476.9
0 0 111 51259.8 -144.218 -532.647 475.172
0 0 112 51259.6 -144.07 -532.941 475.039
0 0 113 51260.9 -142.983 -535.349 472.484
0 0 114 51260.4 -143.477 -534.879 473.296
0 0 115 51258.4 -145.553 -530.709 474.965
0 0 116 51260 -142.835 -533.704 474.375
0 0 117 51260.6 -139.425 -536.583 477.979
0 0 118 51261.6 -143.279 -535.232 475.615
0 0 119 51262.6 -141.55 -533.088 474.197
0 0 120 51262 -142.044 -531.972 473.459
0 0 121 51261.8 -142.538 -533.205 475.807
0 0 122 51260.2 -145.207 -532.324 475.63
0 0 123 51262.8 -141.451 -537.229 476.354
0 0 124 51262.5 -140.314 -537.375 476.753
0 0 125 51260.3 -142.143 -533.205 476.044
0 0 126 51259.6 -140.462 -530.885 475.866
0 0 127 51262 -143.922 -533.881 472.661
0 0 128 51261.7 -143.329 -533.851 476.383
0 0 129 51262.1 -140.166 -538.198 473.991
0 0 130 51261.8 -144.12 -531.737 474.109
0 0 131 51259.3 -140.611 -533.205 476.206
0 0 132 51261.3 -141.698 -532.383 474.448
0 0 133 51257.9 -138.881 -532.882 475.911
0 0 134 51256.9 -142.538 -534.145 477.137
0 0 135 51260.4 -141.451 -533.91 473.887
0 0 136 51257.2 -144.416 -532.5 475.837
0 0 137 51254.4 -141.451 -533.792 475.955
0 0 138 51259.6 -139.721 -533.851 475.438
0 0 139 51258.3 -144.416 -534.057 475.438
0 0 140 51259.8 -142.489 -533.763 475.955
0 0 141 51259.8 -144.07 -533.675 470.756
0 0 142 51260.4 -142.538 -532.941 474.286
0 0 143 51259.5 -142.835 -533.293 475.438
0 0 144 51259.5 -144.614 -533 473.503
0 0 145 51261.6 -144.07 -532.324 474.965
0 0 146 51262.5 -144.614 -532.383 473.119
0 0 147 51265.3 -141.747 -536.583 479.323
0 0 148 51261.5 -141.747 -533.557 475.217
0 0 149 51259.5 -140.808 -533.528 476.029
0 0 150 51260.6 -140.808 -535.349 475.497
0 0 151 51257.4 -144.169 -531.502 475.202
0 0 152 51258.9 -140.018 -535.79 474.256
0 0 153 51260.9 -141.154 -534.615 474.626
0 0 154 51259.1 -141.5 -531.766 474.153
0 0 155 51260.1 -142.686 -532.647 472.543
0 0 156 51260.2 -141.698 -534.703 473.547
0 0 157 51257.7 -142.093 -534.703 475.453
0 0 158 51260.6 -140.759 -532.823 473.754
0 0 159 51260.5 -141.154 -533.939 474.36
0 0 160 51259.8 -140.314 -535.496 473.946
0 0 161 51259.7 -144.317 -533.91 471.982
0 0 162 51262.4 -143.526 -533.411 477.654
0 0 163 51260 -143.279 -532.441 475.793
0 0 164 51258.5 -143.23 -531.472 475.601
0 0 165 51256.6 -140.907 -529.945 475.985
0 0 166 51258 -143.23 -532.97 471.967
0 0 167 51258.6 -143.329 -536.318 477.166
0 0 168 51257.2 -142.835 -533.528 474.995
0 0 169 51259.7 -143.279 -533.381 472.351
0 0 170 51258.5 -139.919 -535.701 473.533
0 0 171 51260.2 -144.811 -534.262 472.779
0 0 172 51260 -143.428 -535.584 474.611
0 0 173 51260.6 -142.637 -533.969 475.97
0 0 174 51258.3 -143.378 -531.355 474.862
0 0 175 51260.4 -141.797 -532.353 475.423
0 0 176 51263 -142.538 -534.527 475.305
0 0 177 51260 -143.131 -535.437 477.166
0 0 178 51259.6 -142.242 -531.56 479.766
0 0 179 51258.7 -142.736 -534.292 475.172
0 0 180 51258.4 -143.329 -534.615 473.474
0 0 181 51259.5 -141.55 -533.851 475.571
0 0 182 51260.3 -140.314 -535.613 478.304
0 0 183 51259.5 -141.896 -532.97 475.335
0 0 184 51259.7 -144.218 -534.115 475.807
0 0 185 51261.2 -141.55 -533.91 476.236
0 0 186 51260.5 -141.896 -533.381 475.733
0 0 187 51261.1 -143.576 -532.441 474.714
0 0 188 51261.7 -141.747 -533.234 476.029
0 0 189 51260 -140.611 -533.998 473.252
0 0 190 51260.6 -141.747 -533.411 471.982
0 0 191 51258.9 -140.858 -535.408 473.503
0 0 192 51260.6 -143.329 -534.997 472.898
0 0 193 51259.1 -141.55 -534.527 470.076
0 0 194 51259.8 -142.242 -530.738 472.469
0 0 195 51260.8 -137.991 -533.792 473.725
0 0 196 51260.6 -142.34 -536.083 471.347
0 0 197 51261.5 -144.515 -536.171 474.522
0 0 198 51260.8 -141.105 -534.262 476.442
0 0 199 51261.1 -143.576 -534.908 474.375
0 0 200 51260.8 -143.428 -534.086 477.358
0 0 201 51256.6 -143.724 -534.292 470.83
0 0 202 51260 -142.242 -535.672 474.714
0 0 203 51259 -142.39 -532.911 475.541
0 0 204 51261.7 -141.994 -535.349 473.577
0 0 205 51257.2 -144.12 -533.381 474.522
0 0 206 51261.6 -142.933 -529.211 474.463
0 0 207 51259.9 -140.71 -530.239 476.413
0 0 208 51262.3 -140.907 -537.757 475.379
0 0 209 51260.6 -142.538 -531.854 475.482
0 0 210 51260.5 -143.625 -533.792 475.084
0 0 211 51260.7 -142.143 -535.232 472.75
0 0 212 51259.3 -143.428 -532.647 476.575
0 0 213 51262.5 -141.303 -535.525 475.453
0 0 214 51261.3 -141.945 -531.883 476.088
0 0 215 51260.9 -144.218 -533.499 476.974
0 0 216 51258 -139.227 -533.646 477.934
0 0 217 51257.9 -142.34 -533.352 475.719
0 0 218 51259.8 -138.782 -535.29 475.645
0 0 219 51259.7 -140.215 -532.941 475.541
0 0 220 51258.6 -144.169 -531.12 475.246
0 0 221 51261.3 -143.477 -532.118 475.187
0 0 222 51259 -140.611 -534.703 476.886
0 0 223 51260.2 -142.192 -535.613 478.23
0 0 224 51261.1 -144.169 -532.295 476.915
0 0 225 51258.2 -142.637 -535.437 479.19
0 0 226 51261.8 -143.032 -532.97 477.255
0 0 227 51258.8 -141.401 -534.82 476.191
0 0 228 51260.1 -143.131 -537.317 476.25
0 0 229 51261.9 -139.474 -532.823 475.778
0 0 230 51259.1 -142.489 -536.436 477.211
0 0 231 51259.5 -142.489 -533.704 475.852
0 0 232 51261.4 -140.364 -535.32 476.945
0 0 233 51258.8 -143.675 -531.355 473.134
0 0 234 51260 -142.242 -531.531 475.896
0 0 235 51258.9 -144.713 -535.437 474.375
0 0 236 51259.9 -141.648 -532.794 472.159
0 0 237 51257.4 -141.698 -535.643 474.626
0 0 238 51261.9 -144.515 -530.239 475.335
0 0 239 51259.8 -143.724 -533.029 475.896
0 0 240 51258.6 -139.869 -534.497 475.704
0 0 241 51260.2 -140.907 -536.494 474.094
0 0 242 51260.3 -142.439 -536.406 476.959
0 0 243 51257.9 -144.268 -536.377 473.533
0 0 244 51260.2 -141.105 -534.791 471.864
0 0 245 51261.8 -139.82 -531.942 474.05
0 0 246 51260.4 -140.957 -535.79 472.912
0 0 247 51259.7 -142.686 -537.522 474.212
0 0 248 51261.3 -142.933 -533.528 473.075
0 0 249 51260.1 -140.957 -533.381 475.512
0 0 250 51260.4 -143.131 -532.765 474.256
0 0 251 51261.5 -144.12 -533.792 476.132
0 0 252 51260.5 -142.39 -532.647 477.875
0 0 253 51260.2 -143.032 -530.004 475.733
0 0 254 51260.9 -142.093 -531.355 475.423
0 0 255 51256.9 -141.401 -533.029 474.832
0 0 256 51261.6 -139.523 -533.998 474.714
0 0 257 51259.3 -141.105 -533.881 473.666
0 0 258 51260.3 -144.367 -533.822 475.054
0 0 259 51258.4 -141.451 -534.027 475.497
0 0 260 51258.1 -143.675 -529.974 476.575
0 0 261 51258 -140.907 -532.853 476.103
0 0 262 51259.2 -143.131 -536.083 481.228
0 0 263 51259.7 -142.39 -530.004 473.547
0 0 264 51259.6 -143.032 -532.647 474.05
0 0 265 51259.8 -142.983 -533.616 475.719
0 0 266 51258.6 -141.055 -534.145 477.343
0 0 267 51258.3 -145.75 -531.972 477.624
0 0 268 51260.5 -144.564 -534.38 474.995
0 0 269 51260 -140.808 -530.65 474.567
0 0 270 51258.6 -142.291 -536.23 478.658
0 0 271 51260.6 -144.367 -533.881 474.877
0 0 272 51260.5 -139.128 -532.853 477.55
0 0 273 51260.4 -141.846 -533.234 475.674
0 0 274 51258.2 -143.823 -533.616 476.265
0 0 275 51259.8 -143.378 -533.117 474.448
0 0 276 51261.5 -140.413 -534.85 475.069
0 0 277 51260.6 -146.096 -534.674 475.217
0 0 278 51257.8 -143.724 -534.644 477.565
0 0 279 51259.6 -144.367 -533.792 477.668
0 0 280 51263.9 -141.599 -533.91 476.738
0 0 281 51260.8 -141.006 -530.65 474.892
0 0 282 51260.4 -143.971 -532.735 474.345
0 0 283 51259.7 -142.093 -535.29 477.27
0 0 284 51259.8 -142.538 -533.293 474.877
0 0 285 51259.9 -143.279 -533.381 472.883
0 0 286 51262.6 -144.564 -533.117 478.289
0 0 287 51259.3 -139.079 -531.179 476.162
0 0 288 51258.5 -142.538 -532.911 473.813
0 0 289 51260 -141.006 -532.471 472.1
0 0 290 51261.7 -142.093 -532.735 473.045
0 0 291 51259.7 -144.12 -535.232 474.714
0 0 292 51262.4 -142.093 -534.938 473.444
0 0 293 51256.9 -142.439 -535.143 470.564
0 0 294 51261.1 -142.785 -534.908 473.813
0 0 295 51254.2 -141.797 -535.29 473.252
0 0 296 51257.9 -143.23 -533.469 476.93
0 0 297 51259.6 -140.166 -532.5 472.366
0 0 298 51259.6 -141.154 -537.64 470.195
0 0 299 51258.9 -142.34 -532.97 475.852
0 0 300 51260.6 -140.759 -533.675 476.841
0 0 301 51259 -143.823 -534.732 473.813
0 0 302 51264.3 -141.599 -533.616 471.524
0 0 303 51260.7 -141.055 -534.439 473.813
0 0 304 51258.6 -140.66 -535.29 475.911
0 0 305 51261.5 -142.34 -532.089 472.233
0 0 306 51260.4 -138.634 -534.174 475.866
0 0 307 51260.3 -141.747 -532.471 478.067
0 0 308 51259.9 -140.957 -534.174 473.415
0 0 309 51263.5 -141.896 -530.797 475.985
0 0 310 51259.6 -142.34 -533.587 474.286
0 0 311 51259.6 -141.105 -537.728 473.828
0 0 312 51262.7 -144.021 -533.646 475.01
0 0 313 51261.3 -139.771 -536.171 471.509
0 0 314 51259.8 -140.561 -531.12 474.36
0 0 315 51261.2 -142.785 -535.408 472.898
0 0 316 51263.2 -143.428 -531.267 474.788
0 0 317 51262.3 -140.067 -531.032 473.976
0 0 318 51262.6 -141.55 -533.058 475.039
0 0 319 51258.1 -143.082 -534.879 474.256
0 0 320 51259.8 -141.945 -536.494 476.531
0 0 321 51262.8 -143.922 -533.792 475.246
0 0 322 51259.2 -142.143 -535.232 476.797
0 0 323 51260.9 -141.896 -533.822 476.62
0 0 324 51264.4 -143.428 -538.727 475.01
0 0 325 51258.6 -141.994 -534.879 478.215
0 0 326 51261.1 -141.994 -533.587 477.24
0 0 327 51262 -144.07 -537.346 475.645
0 0 328 51257.5 -144.169 -537.17 476.103
0 0 329 51262.2 -141.105 -537.346 475.66
0 0 330 51260.6 -145.009 -535.496 473.163
0 0 331 51260.4 -142.686 -534.409 472.927
0 0 332 51261.2 -142.291 -534.292 474.744
0 0 333 51261.5 -140.462 -535.026 478.052
0 0 334 51260.5 -140.462 -537.464 475.157
0 0 335 51261.3 -140.808 -537.346 476.31
0 0 336 51262.1 -141.105 -533.763 478.008
0 0 337 51261.1 -142.785 -532.853 474.685
0 0 338 51264.3 -141.648 -537.023 476.354
0 0 339 51266.6 -143.576 -536.7 476.59
0 0 340 51265.5 -143.082 -536.906 475.01
0 0 341 51262.9 -140.858 -539.96 473.931
0 0 342 51264.9 -141.006 -538.11 472.44
0 0 343 51264 -143.774 -538.403 475.926
0 0 344 51268.1 -142.835 -539.872 478.451
0 0 345 51264.1 -143.823 -538.727 475.364
0 0 346 51268.1 -145.701 -536.436 473.991
0 0 347 51265 -141.994 -541.37 477.092
0 0 348 51267 -144.021 -538.609 475.29
0 0 349 51266.6 -139.869 -539.196 474.788
0 0 350 51266.1 -145.404 -537.845 475.349
0 0 351 51264.8 -142.192 -540.136 477.24
0 0 352 51265.3 -143.872 -536.259 474.345
0 0 353 51264.7 -145.652 -539.901 475.807
0 0 354 51267.6 -141.599 -535.878 474.936
0 0 355 51266.8 -145.602 -539.931 474.301
0 0 356 51265.3 -147.282 -540.048 476.62
0 0 357 51266.2 -145.306 -538.433 475.66
0 0 358 51264.4 -143.576 -541.399 474.892
0 0 359 51265.5 -145.256 -537.111 476.295
0 0 360 51265.4 -147.035 -536.612 472.469
0 0 361 51262.7 -142.489 -536.348 476.383
0 0 362 51262.2 -145.157 -536.671 475.202
0 0 363 51267.1 -143.526 -539.754 475.586
0 0 364 51268 -144.515 -535.173 473.71
0 0 365 51260.6 -143.329 -538.168 473.828
0 0 366 51264.8 -143.774 -537.963 472.366
0 0 367 51264.3 -143.082 -535.525 475.571
0 0 368 51263.8 -145.157 -533.91 474.847
0 0 369 51264.6 -144.12 -533.91 478.377
0 0 370 51267.1 -144.416 -536.113 474.079
0 0 371 51262.9 -143.971 -535.584 475.704
0 0 372 51263.5 -143.131 -536.671 477.196
0 0 373 51263 -142.983 -535.525 478.865
0 0 374 51263.6 -145.207 -535.76 476.561
0 0 375 51259.9 -140.561 -536.671 475.187
0 0 376 51262.9 -144.317 -532.794 478.333
0 0 377 51261.9 -141.747 -533.176 473.887
0 0 378 51259.2 -140.018 -534.204 473.311
0 0 379 51259.5 -144.713 -534.85 474.818
0 0 380 51260.5 -143.625 -535.378 474.714
0 0 381 51260 -142.835 -534.791 476.295
0 0 382 51260.8 -141.303 -533.088 470.003
0 0 383 51264.9 -141.352 -532.089 475.615
0 0 384 51264.6 -142.34 -535.731 475.039
0 0 385 51260.5 -143.279 -536.171 476.25
0 0 386 51262 -141.451 -534.468 475.202
0 0 387 51264 -142.291 -534.879 472.336
0 0 388 51263 -142.143 -532.794 476.029
0 0 389 51261.3 -143.526 -538.521 470.771
0 0 390 51264.4 -144.91 -533.881 472.883
0 0 391 51258.5 -142.093 -535.349 472.912
0 0 392 51257.1 -142.489 -534.527 471.686
0 0 393 51257.8 -139.128 -535.026 473.267
0 0 394 51259.2 -140.957 -533.528 476.177
0 0 395 51260.2 -142.143 -535.496 476.31
0 0 396 51263 -142.044 -536.259 475.615
0 0 397 51259.6 -142.884 -534.497 476.28
0 0 398 51260 -142.587 -533.91 477.58
0 0 399 51262.8 -143.329 -531.707 478.052
0 0 400 51267.7 -141.846 -533.851 475.733
0 0 401 51268.3 -145.256 -532.735 475.098
0 0 402 51272.1 -145.256 -534.967 473.577
0 0 403 51277.3 -149.21 -529.446 475.276
0 0 404 51289.2 -158.6 -531.854 475.482
0 0 405 51306.1 -171.943 -530.532 470.165
0 0 406 51336 -190.427 -524.805 467.477
0 0 407 51376.6 -228.629 -512.03 457.034
0 0 408 51442.4 -276.814 -491.266 449.088
0 0 409 51509.7 -326.482 -459.077 433.15
0 0 410 51573.3 -371.702 -422.835 416.031
0 0 411 51625.6 -401.403 -384.068 397.036
0 0 412 51676.5 -428.436 -344.625 385.811
0 0 413 51728.5 -444.449 -297.781 369.401
0 0 414 51774.3 -449.391 -257.281 352.946
0 0 415 51818.3 -442.62 -215.078 335.576
0 0 416 51860.5 -432.143 -162.037 318.546
0 0 417 51902.6 -415.439 -111.287 302.151
0 0 418 51944.9 -388.208 -54.9858 285.15
0 0 419 51988.4 -353.021 2.40167 268.548
0 0 420 52037.5 -304.44 52.1825 247.588
0 0 421 52088.4 -242.318 105.546 226.009
0 0 422 52133.1 -180.79 153.418 205.049
0 0 423 52180.5 -104.731 192.656 182.273
0 0 424 52231 -18.7888 222.553 166.218
0 0 425 52256.7 64.2379 232.451 151.846
0 0 426 52279.1 152.009 226.078 143.707
0 0 427 52307 242.152 217.179 130.828
0 0 428 52349.2 340.598 204.697 117.386
0 0 429 52408.8 450.757 198.001 97.1952
0 0 430 52488.3 575.346 193.772 75.3348
0 0 431 52577.5 705.767 185.636 53.7108
0 0 432 52679.4 847.95 169.013 21.5259
0 0 433 52748.4 971.996 119.908 7.78937
0 0 434 52801.6 1066.04 51.3602 -2.742
0 0 435 52819.1 1133.65 -33.9868 2.20612
0 0 436 52817.5 1169.93 -133.578 14.5838
0 0 437 52773.8 1163.01 -247.149 41.4366
0 0 438 52707.1 1125.45 -351.145 68.8506
0 0 439 52612 1053.05 -451.001 100.681
0 0 440 52508.8 965.324 -536.641 135.761
0 0 441 52394.8 856.599 -608.126 171.254
0 0 442 52280 745.996 -657.29 204.414
0 0 443 52166.5 636.628 -696.116 239.435
0 0 444 52063.7 531.559 -716.117 267.396
0 0 445 51968.8 438.352 -729.861 296.405
0 0 446 51884.8 351.224 -728.452 319.284
0 0 447 51807.8 274.226 -724.428 336.566
0 0 448 51738.8 206.075 -717.086 353.759
0 0 449 51679.3 145.139 -703.635 368.692
0 0 450 51624.6 96.6578 -692.063 385.102
0 0 451 51577.5 50.4989 -682.048 397.834
0 0 452 51530 15.262 -666.659 415.706
0 0 453 51489.6 -16.9108 -652.268 424.701
0 0 454 51459.9 -42.1153 -636.702 436.296
0 0 455 51421.2 -65.4913 -622.957 448.438
0 0 456 51396.9 -79.6256 -607.451 455.173
0 0 457 51374.2 -96.1321 -597.318 454.494
0 0 458 51355.8 -107.4 -578.962 463.666
0 0 459 51336.7 -115.505 -567.89 467.211
0 0 460 51324.1 -124.944 -563.132 470.372
0 0 461 51315.4 -129.788 -554.233 472.661
0 0 462 51303.4 -132.061 -547.244 471.45
0 0 463 51297 -135.372 -544.688 473.459
0 0 464 51290.4 -139.474 -543.69 472.587
0 0 465 51284.5 -140.215 -538.198 475.128
0 0 466 51282.4 -142.291 -536.524 476.058
0 0 467 51278.7 -142.093 -538.286 474.345
0 0 468 51275.4 -143.378 -535.143 473.016
0 0 469 51273.6 -142.933 -534.703 473.4
0 0 470 51274.6 -143.181 -534.439 475.172
0 0 471 51270 -141.994 -533.381 473.03
0 0 472 51267.6 -143.428 -532.412 476.088
0 0 473 51269.2 -144.021 -533.704 475.409
0 0 474 51264.2 -139.721 -532.471 478.791
0 0 475 51261.4 -141.994 -536.201 477.063
0 0 476 51265.7 -143.378 -532.324 476.945
0 0 477 51263.6 -141.648 -535.349 474.522
0 0 478 51264.5 -140.116 -532.001 473.931
0 0 479 51260.6 -144.268 -534.027 473.917
0 0 480 51260.7 -142.044 -530.679 477.048
0 0 481 51257.6 -143.971 -532.148 478.052
0 0 482 51264.1 -141.451 -533.998 476.605
0 0 483 51261.3 -141.846 -531.619 476.487
0 0 484 51260.4 -143.378 -534.908 474.552
0 0 485 51259.9 -140.71 -531.883 475.527
0 0 486 51258.5 -141.55 -532.412 473.872
0 0 487 51262.3 -140.166 -533.616 475.276
0 0 488 51258.9 -143.181 -535.525 474.286
0 0 489 51260.8 -144.021 -536.7 476.31
0 0 490 51261.5 -139.672 -533.352 476.398
0 0 491 51260.7 -141.599 -534.145 476.93
0 0 492 51261.3 -138.14 -533.088 476.649
0 0 493 51258.6 -141.303 -534.585 477.476
0 0 494 51260.1 -143.131 -531.854 478.865
0 0 495 51257.4 -142.093 -530.474 476.605
0 0 496 51259.5 -142.291 -531.766 475.94
0 0 497 51260.3 -138.486 -530.65 472.602
0 0 498 51258.8 -143.576 -532.412 473.843
0 0 499 51258.8 -141.451 -531.502 471.997
0 0 500 51259 -146.591 -535.408 475.084
0 0 501 51257.4 -144.218 -533.264 472.484
0 0 502 51259.8 -141.945 -532.853 475.054
0 0 503 51261.6 -137.942 -532.765 476.9
0 0 504 51262.2 -143.082 -534.233 475.32
0 0 505 51256 -142.884 -532.735 473.355
0 0 506 51261.4 -141.253 -533.117 477.846
0 0 507 51259.2 -144.861 -532.559 472.351
0 0 508 51260.6 -142.192 -536.964 475.556
0 0 509 51258.5 -140.462 -529.974 473.474
0 0 510 51262.4 -140.759 -534.82 474.936
0 0 511 51259.7 -143.971 -534.527 474.064
0 0 512 51259 -144.614 -537.141 472.307
0 0 513 51260.4 -139.573 -535.731 477.314
0 0 514 51255.8 -142.587 -530.797 475.098
0 0 515 51260.3 -139.425 -535.202 474.212
0 0 516 51259.1 -140.907 -530.268 472.144
0 0 517 51261.6 -139.425 -533.381 474.98
0 0 518 51259.6 -144.12 -533.998 471.716
0 0 519 51259.6 -142.291 -534.908 476.206
0 0 520 51262.4 -141.599 -535.613 474.567
0 0 521 51258.6 -140.314 -533.234 477.535
0 0 522 51260.5 -140.018 -536.788 478.761
0 0 523 51256.3 -142.044 -535.055 475.098
0 0 524 51259.2 -143.082 -532.911 474.596
0 0 525 51258.6 -142.785 -535.173 476.797
0 0 526 51258.6 -141.451 -529.798 474.124
0 0 527 51256.4 -141.451 -536.348 473.666
0 0 528 51263.2 -140.215 -531.502 474.109
0 0 529 51258.9 -144.614 -531.825 473.503
0 0 530 51261.4 -143.526 -533.851 472.676
0 0 531 51259.6 -143.329 -536.054 472.838
0 0 532 51259.9 -140.808 -533.117 476.25
0 0 533 51260.4 -145.009 -533.646 474.109
0 0 534 51257.9 -141.698 -532.471 474.508
0 0 535 51259.2 -140.067 -533.205 472.676
0 0 536 51256.1 -141.253 -533.146 473.68
0 0 537 51260.5 -140.957 -534.644 475.157
0 0 538 51258.4 -143.774 -536.142 475.94
0 0 539 51256.3 -142.39 -532.353 475.571
0 0 540 51258.7 -143.477 -533.557 475.955
0 0 541 51259 -145.553 -533.176 475.305
0 0 542 51260.3 -141.253 -536.083 473.518
0 0 543 51262.4 -141.401 -533.734 476.634
0 0 544 51259.5 -141.648 -536.23 476.605
0 0 545 51260.7 -144.416 -533.939 475.143
0 0 546 51258.3 -141.747 -535.613 476.265
0 0 547 51261.4 -144.564 -531.825 473.843
0 0 548 51260.3 -141.352 -533.763 472.824
0 0 549 51261.8 -141.253 -534.908 474.434
0 0 550 51260.6 -141.204 -533.822 473.4
0 0 551 51258.2 -144.317 -532.559 472.499
0 0 552 51260.5 -139.622 -533.323 475.32
0 0 553 51258.6 -142.835 -532.148 475.468
0 0 554 51259.6 -143.477 -534.409 476.014
0 0 555 51259.1 -141.303 -536.906 476.605
0 0 556 51262 -140.808 -536.025 474.508
0 0 557 51258.6 -142.884 -533.587 473.917
0 0 558 51261.4 -143.032 -533.616 477.033
0 0 559 51258.6 -141.154 -534.262 476.59
0 0 560 51257.6 -142.884 -532.853 475.586
0 0 561 51259.5 -142.884 -534.057 475.143
0 0 562 51259.2 -141.006 -533.411 471.243
0 0 563 51260 -143.576 -535.995 472.602
0 0 564 51260.7 -142.39 -535.907 474.064
0 0 565 51256.9 -143.872 -534.879 475.482
0 0 566 51262.2 -142.39 -535.79 473.075
0 0 567 51259.9 -141.401 -532.765 473.503
0 0 568 51258.1 -141.599 -531.09 476.871
0 0 569 51258.4 -140.166 -533.381 475.143
0 0 570 51259.6 -141.105 -534.644 476.531
0 0 571 51259.1 -141.648 -533.704 474.611
0 0 572 51260.7 -141.303 -532.324 473.045
0 0 573 51261.1 -145.503 -533.763 474.153
0 0 574 51257.6 -141.154 -534.292 475.512
0 0 575 51260.5 -141.55 -533.587 475.807
0 0 576 51260.5 -140.561 -534.732 477.476
0 0 577 51259.3 -143.23 -532.001 475.852
0 0 578 51262.1 -142.736 -534.086 478.333
0 0 579 51262.8 -144.614 -528.77 472.824
0 0 580 51259.7 -141.55 -533.499 475.63
0 0 581 51258.7 -140.116 -536.935 474.05
0 0 582 51259.1 -140.314 -533.117 471.11
0 0 583 51256.6 -144.713 -531.355 474.655
0 0 584 51259.7 -141.5 -531.179 474.33
0 0 585 51260.9 -141.747 -536.23 471.967
0 0 586 51259.5 -142.686 -535.79 472.336
0 0 587 51257.6 -143.428 -533.029 476.029
0 0 588 51260.9 -141.747 -529.24 469.146
0 0 589 51261.9 -142.489 -533.264 471.967
0 0 590 51261.6 -144.465 -533.029 473.134
0 0 591 51255.7 -141.55 -534.35 476.354
0 0 592 51256.4 -142.587 -533.117 472.277
0 0 593 51258.1 -142.242 -532.03 477.772
0 0 594 51257.7 -138.14 -532.03 475.704
0 0 595 51255 -143.23 -537.904 475.556
0 0 596 51259.2 -142.538 -535.378 477.417
0 0 597 51259 -141.5 -535.878 472.484
0 0 598 51261 -143.872 -533.176 474.655
0 0 599 51262.4 -144.465 -535.32 477.24
0 0 600 51260.6 -142.686 -534.115 477.314
0 0 601 51257.2 -140.907 -534.644 473.001
0 0 602 51261.2 -140.561 -533.998 478.555
0 0 603 51261.6 -139.474 -535.29 477.343
0 0 604 51262.8 -143.576 -533.352 474.729
0 0 605 51258.1 -142.192 -534.204 477.092
0 0 606 51259.8 -141.303 -532.618 472.691
0 0 607 51260.7 -140.611 -532.911 475.527
0 0 608 51261.3 -140.808 -533.44 472.026
0 0 609 51263.9 -141.401 -532.353 473.828
0 0 610 51256.1 -141.896 -535.936 474.124
0 0 611 51260 -140.808 -535.114 477.063
0 0 612 51260.8 -142.884 -535.584 477.55
0 0 613 51260.5 -141.451 -532.118 472.44
0 0 614 51258.2 -144.12 -533.704 475.305
0 0 615 51258.2 -143.329 -534.086 472.661
0 0 616 51258.7 -142.39 -535.731 475.615
0 0 617 51261.7 -143.23 -531.355 477.107
0 0 618 51260.6 -141.945 -536.318 474.035
0 0 619 51258.8 -142.736 -534.997 471.642
0 0 620 51259.1 -142.044 -534.439 476.575
0 0 621 51258.5 -143.625 -534.38 474.005
0 0 622 51260.5 -141.994 -535.525 476.354
0 0 623 51258.4 -142.39 -533.969 473.562
0 0 624 51257.8 -141.451 -532.148 474.965
0 0 625 51258.5 -141.401 -536.641 477.491
0 0 626 51257.4 -144.762 -534.409 474.094
0 0 627 51257 -141.797 -536.847 471.539
0 0 628 51257.4 -143.823 -535.79 476.575
0 0 629 51258.7 -139.622 -530.004 473.001
0 0 630 51257.6 -142.538 -536.583 475.468
0 0 631 51257.6 -143.181 -531.707 475.689
0 0 632 51258.1 -141.994 -536.083 472.75
0 0 633 51259.9 -140.66 -533.264 476.679
0 0 634 51260.1 -143.428 -534.497 474.153
0 0 635 51261.1 -143.082 -535.76 474.714
0 0 636 51257.1 -143.23 -534.292 471.79
0 0 637 51261.5 -142.538 -530.503 474.301
0 0 638 51257.6 -143.526 -532.588 475.453
0 0 639 51259.4 -143.329 -533.675 473.592
0 0 640 51259.5 -143.675 -533.616 473.621
0 0 641 51260.1 -142.34 -532.882 475.084
0 0 642 51260.2 -142.291 -532.853 475.054
0 0 643 51261.7 -142.439 -533.352 476.073
0 0 644 51261.8 -138.535 -535.261 478.85
0 0 645 51260.3 -139.721 -532.412 473.4
0 0 646 51260 -143.872 -535.349 474.109
0 0 647 51259.1 -139.177 -534.027 476.383
0 0 648 51258.6 -139.276 -533.029 474.271
0 0 649 51260.6 -143.922 -533.44 474.64
0 0 650 51260.1 -145.009 -533.763 475.556
0 0 651 51260.1 -143.576 -535.202 475.63
0 0 652 51259.9 -141.451 -535.966 475.187
0 0 653 51257.4 -141.797 -534.027 475.601
0 0 654 51259.1 -142.884 -534.762 471.923
0 0 655 51259.6 -141.599 -536.876 475.94
0 0 656 51264 -146.096 -531.913 475.025
0 0 657 51265.1 -138.98 -534.674 473.4
0 0 658 51262.4 -143.872 -534.967 478.215
0 0 659 51257.9 -140.018 -533.763 473.902
0 0 660 51260.3 -140.067 -534.879 475.069
0 0 661 51258.9 -139.919 -536.054 471.539
0 0 662 51260.6 -141.352 -534.938 475.172
0 0 663 51257.7 -139.177 -533.528 475.763
0 0 664 51260.6 -144.021 -533.058 472.425
0 0 665 51259.6 -143.971 -534.38 474.389
0 0 666 51260 -143.526 -533.91 474.493
0 0 667 51263 -140.116 -532.5 474.271
0 0 668 51259.4 -142.192 -536.876 472.129
0 0 669 51263.6 -143.082 -533.176 475.926
0 0 670 51259 -143.279 -533.44 476.782
0 0 671 51256.2 -143.082 -535.643 474.995
0 0 672 51262.6 -142.439 -535.143 473.355
0 0 673 51260.7 -141.55 -533.293 477.993
0 0 674 51258.5 -142.39 -529.475 475.054
0 0 675 51259.9 -140.71 -534.115 475.822
0 0 676 51261.8 -141.648 -533.411 476.398
0 0 677 51259.2 -142.34 -531.179 476.413
0 0 678 51260.9 -140.808 -535.584 471.819
0 0 679 51257.7 -143.823 -534.292 475.911
0 0 680 51261.5 -144.07 -534.115 475.32
0 0 681 51260.5 -144.614 -536.171 474.448
0 0 682 51259.3 -140.413 -532.941 474.389
0 0 683 51258.6 -141.006 -532.03 474.877
0 0 684 51260.6 -142.933 -531.531 475.113
0 0 685 51259.1 -142.192 -532.765 474.05
0 0 686 51260.4 -142.291 -535.378 474.493
0 0 687 51260.7 -142.983 -531.002 475.852
0 0 688 51260.5 -146.492 -531.325 475.852
0 0 689 51260 -142.34 -534.233 473.488
0 0 690 51262.7 -143.329 -533.44 471.125
0 0 691 51260.9 -140.759 -534.938 476.25
0 0 692 51257.5 -139.82 -533.734 474.271
0 0 693 51261 -144.317 -531.913 473.415
0 0 694 51264 -141.846 -536.876 474.847
0 0 695 51258.5 -143.477 -535.378 474.98
0 0 696 51259.3 -141.846 -534.145 475.187
0 0 697 51259.7 -140.858 -533.411 475.349
0 0 698 51260.1 -141.599 -535.114 476.398
0 0 699 51258.3 -144.07 -533.969 477.151
0 0 700 51259.6 -141.5 -535.378 477.89
0 0 701 51260 -142.34 -533.587 476.856
0 0 702 51261.8 -141.846 -534.145 477.757
0 0 703 51262.1 -141.648 -534.556 477.373
0 0 704 51259.7 -141.945 -532.853 476.546
0 0 705 51259.7 -144.317 -535.584 475.217
0 0 706 51261.3 -142.933 -530.679 478.2
0 0 707 51257.6 -141.154 -535.114 473.075
0 0 708 51262.4 -140.265 -533.029 474.345
0 0 709 51258.2 -143.823 -532.324 477.639
0 0 710 51260.9 -140.116 -533.146 475.571
0 0 711 51260.8 -143.823 -531.707 473.813
0 0 712 51261.2 -141.747 -534.262 474.522
0 0 713 51259.7 -142.489 -534.732 475.556
0 0 714 51263.8 -142.736 -536.113 477.048
0 0 715 51257.8 -141.303 -534.115 473.134
0 0 716 51258.3 -142.785 -531.972 474.773
0 0 717 51260.8 -144.021 -533.499 475.128
0 0 718 51260 -142.143 -532.001 475.719
0 0 719 51260.2 -140.364 -535.819 475.084
0 0 720 51260.8 -144.317 -531.648 476.679
0 0 721 51258.7 -141.747 -535.584 473.104
0 0 722 51260 -139.326 -535.055 476.605
0 0 723 51256 -139.968 -533.91 472.1
0 0 724 51260.3 -140.611 -532.236 471.893
0 0 725 51260.3 -142.686 -534.615 470.534
0 0 726 51257.5 -142.785 -532.735 473.001
0 0 727 51260.7 -141.797 -537.317 474.67
0 0 728 51258.6 -142.736 -532.265 476.383
0 0 729 51258 -140.858 -536.906 475.541
0 0 730 51259.3 -142.785 -534.997 473.666
0 0 731 51260.1 -145.157 -532.794 475.438
0 0 732 51262.8 -142.835 -533.587 473.474
0 0 733 51260.6 -144.367 -531.149 474.995
0 0 734 51261 -141.945 -535.584 475.069
0 0 735 51260.4 -142.835 -536.083 475.985
0 0 736 51259.4 -141.352 -530.268 477.787
0 0 737 51259.1 -146.146 -536.935 474.714
0 0 738 51258.2 -138.14 -537.405 476.132
0 0 739 51261.8 -143.032 -536.583 477.993
0 0 740 51260.7 -143.082 -533.763 478.422
0 0 741 51258.6 -141.747 -532.353 475.039
0 0 742 51259.6 -144.564 -533.528 475.423
0 0 743 51260.5 -138.93 -533.939 477.86
0 0 744 51259.4 -141.401 -535.613 472.351
0 0 745 51261.9 -140.512 -534.556 472.883
0 0 746 51260.6 -145.256 -533.704 475.054
0 0 747 51260.3 -144.663 -534.233 473.341
0 0 748 51260.2 -142.192 -533.234 476.236
0 0 749 51256 -141.55 -533.411 476.605
0 0 750 51257.1 -141.006 -533.469 475.881
0 0 751 51256.9 -143.872 -532.03 475.601
0 0 752 51259.3 -145.553 -537.464 473.001
0 0 753 51259 -143.477 -534.762 470.933
0 0 754 51259.7 -143.279 -533.381 475.217
0 0 755 51255.8 -141.451 -537.522 473.621
0 0 756 51260.4 -141.401 -538.11 475.94
0 0 757 51263.7 -142.39 -533.117 478.112
0 0 758 51262 -143.526 -536.113 476.428
0 0 759 51259.8 -141.797 -532.706 474.552
0 0 760 51261.4 -141.945 -531.472 473.326
0 0 761 51263.7 -141.105 -533.792 472.676
0 0 762 51261.2 -142.291 -532.207 476.044
0 0 763 51261.3 -142.587 -536.23 475.911
0 0 764 51263.6 -142.489 -533.088 475.349
0 0 765 51260.3 -141.797 -531.443 477.535
0 0 766 51259.7 -139.425 -533.499 473.193
0 0 767 51259.1 -140.215 -533.176 476.959
0 0 768 51261.8 -141.451 -535.76 476.221
0 0 769 51260.3 -141.253 -537.141 473.872
0 0 770 51260.5 -142.538 -531.531 473.739
0 0 771 51260.1 -143.23 -535.995 475.172
0 0 772 51262.1 -145.059 -535.32 472.942
0 0 773 51260.7 -140.166 -529.828 474.168
0 0 774 51259.2 -141.401 -534.115 475.231
0 0 775 51256.9 -142.39 -531.472 471.435
0 0 776 51259.9 -144.861 -535.232 472.661
0 0 777 51259.9 -145.454 -536.436 476.25
0 0 778 51259.8 -143.477 -534.057 472.248
0 0 779 51260.5 -143.378 -533.323 474.02
0 0 780 51261.5 -143.23 -535.349 477.122
0 0 781 51257 -141.698 -531.913 475.911
0 0 782 51258.1 -144.614 -531.766 474.493
0 0 783 51258 -142.39 -535.79 473.001
0 0 784 51258.7 -143.23 -533.146 473.104
0 0 785 51258 -140.71 -537.375 473.474
0 0 786 51260.6 -146.591 -534.262 475.349
0 0 787 51258.6 -141.55 -533.704 474.434
0 0 788 51261.9 -142.587 -534.967 472.469
0 0 789 51259.3 -141.303 -532.471 471.834
0 0 790 51264.4 -141.648 -533.146 474.02
0 0 791 51256.9 -143.774 -534.115 477.506
0 0 792 51261.5 -141.945 -532.941 476.073
0 0 793 51260.5 -140.364 -533.293 479.205
0 0 794 51258.9 -140.957 -535.525 478.008
0 0 795 51259.5 -142.192 -533.44 479.5
0 0 796 51260 -142.686 -533.293 475.261
0 0 797 51259.6 -141.204 -537.522 474.611
0 0 798 51262.8 -143.774 -534.35 474.035
0 0 799 51262.8 -141.5 -532.471 477.476
0 0 800 51261.3 -143.922 -533.117 477.491
0 0 801 51256.6 -142.489 -533.851 475.527
0 0 802 51261.4 -144.713 -531.12 474.183
0 0 803 51262 -145.108 -535.701 476.93
0 0 804 51262 -142.39 -535.173 478.333
0 0 805 51259.2 -140.018 -533.734 474.936
0 0 806 51258 -144.811 -533.646 473.872
0 0 807 51258.1 -144.515 -535.466 475.586
0 0 808 51261.5 -142.587 -533.616 477.314
0 0 809 51260 -145.256 -531.678 474.626
0 0 810 51260.8 -142.34 -532.941 474.596
0 0 811 51259.6 -142.587 -535.819 476.472
0 0 812 51261.3 -143.329 -531.179 474.729
0 0 813 51257.3 -143.922 -532.911 471.376
0 0 814 51259.5 -141.401 -532.177 476.708
0 0 815 51256.6 -141.352 -532.236 471.155
0 0 816 51257.4 -140.858 -535.114 477.329
0 0 817 51259.5 -142.39 -533.851 474.124
0 0 818 51259.2 -142.538 -531.355 473.282
0 0 819 51261.2 -142.736 -534.086 473.341
0 0 820 51259 -141.896 -533.998 475.187
0 0 821 51259.4 -139.573 -535.085 474.611
0 0 822 51260.1 -140.907 -532.647 475.955
0 0 823 51262.3 -140.907 -533.146 474.655
0 0 824 51262.5 -142.39 -532.853 475.172
0 0 825 51260.4 -143.576 -533.763 472.75
0 0 826 51262.5 -144.12 -531.56 472.381
0 0 827 51262.2 -141.747 -534.086 474.714
0 0 828 51260.7 -142.39 -534.497 478.082
0 0 829 51260.9 -140.413 -533.352 475.01
0 0 830 51261.2 -145.108 -534.762 473.976
0 0 831 51260.8 -139.079 -534.527 472.883
0 0 832 51262.1 -143.428 -532.53 474.729
0 0 833 51261.2 -141.747 -532.5 472.587
0 0 834 51259.5 -140.858 -533.411 473.4
0 0 835 51261.8 -141.797 -534.027 475.261
0 0 836 51259.3 -141.253 -533.293 473.651
0 0 837 51258 -142.291 -535.349 474.05
0 0 838 51254.9 -138.782 -535.173 472.041
0 0 839 51256.9 -146.591 -532.588 471.494
0 0 840 51260.6 -141.401 -536.671 476.177
0 0 841 51262.5 -142.587 -536.7 475.113
0 0 842 51262.8 -144.169 -533.646 475.733
0 0 843 51259.7 -143.279 -531.766 473.68
0 0 844 51261.9 -142.439 -534.82 472.514
0 0 845 51262.6 -141.352 -533.822 476.428
0 0 846 51258.9 -143.526 -533.323 475.453
0 0 847 51259.9 -141.698 -533.998 473.311
0 0 848 51260.6 -140.71 -533.792 474.463
0 0 849 51258.1 -141.352 -530.65 474.685
0 0 850 51257.4 -142.884 -534.439 473.223
0 0 851 51259.7 -138.486 -533 472.971
0 0 852 51259.4 -142.242 -535.907 474.581
0 0 853 51257.8 -140.66 -536.054 474.212
0 0 854 51261.7 -145.75 -533.381 474.7
0 0 855 51259 -144.465 -530.797 476.59
0 0 856 51262.1 -142.835 -531.766 478.436
0 0 857 51258.3 -142.044 -533.117 473.976
0 0 858 51259.3 -140.561 -535.731 475.453
0 0 859 51261 -142.242 -530.004 472.794
0 0 860 51263.3 -144.614 -535.378 475.054
0 0 861 51257.4 -141.401 -532.911 477.934
0 0 862 51259.2 -142.736 -536.847 471.361
0 0 863 51259.2 -142.933 -535.672 470.475
0 0 864 51257.7 -144.268 -533.969 474.345
0 0 865 51256.9 -143.329 -532.265 474.685
0 0 866 51257.4 -140.858 -533.528 476.649
0 0 867 51261.2 -142.439 -534.703 476.738
0 0 868 51260.7 -140.364 -534.879 475.719
0 0 869 51261.2 -144.515 -533.616 472.366
0 0 870 51260.5 -140.166 -535.555 476.31
0 0 871 51261.5 -140.907 -531.061 474.803
0 0 872 51262.2 -143.675 -533.234 473.016
0 0 873 51260.1 -140.265 -533.91 478.038
0 0 874 51258.8 -140.71 -536.201 473.119
0 0 875 51260.9 -142.538 -531.707 474.995
0 0 876 51260.9 -143.625 -535.672 477.905
0 0 877 51260 -145.899 -535.349 477.506
0 0 878 51258.9 -142.587 -535.085 475.379
0 0 879 51259.3 -142.291 -534.85 477.151
0 0 880 51261 -140.512 -532.089 477.314
0 0 881 51261.4 -143.131 -532.765 474.773
0 0 882 51260.3 -143.774 -534.527 476.605
0 0 883 51257.6 -143.131 -533.881 474.744
0 0 884 51260.5 -139.968 -534.85 475.069
0 0 885 51261.8 -141.698 -538.08 473.843
0 0 886 51259.6 -143.625 -532.853 472.395
0 0 887 51259.2 -145.059 -532.618 471.022
0 0 888 51259.3 -142.785 -537.992 472.469
0 0 889 51260.3 -141.352 -534.204 476.383
0 0 890 51261.7 -144.169 -533.587 471.952
0 0 891 51259.8 -139.523 -533.734 473.577
0 0 892 51258.5 -141.5 -537.199 476.014
0 0 893 51258.2 -143.131 -534.997 474.596
0 0 894 51260.9 -146.245 -531.502 474.463
0 0 895 51260.5 -142.736 -533.91 476.339
0 0 896 51262.9 -144.762 -535.32 476.236
0 0 897 51261.3 -143.23 -532.882 474.965
0 0 898 51259.7 -139.672 -530.621 474.892
0 0 899 51260.6 -141.5 -531.766 474.02
0 0 900 51259.3 -141.5 -535.29 475.512
0 0 901 51260.9 -143.082 -534.585 473.725
0 0 902 51261.5 -142.835 -533.704 471.997
0 0 903 51258.5 -141.401 -531.472 474.685
0 0 904 51259.7 -145.009 -537.434 474.064
0 0 905 51259.2 -141.648 -534.145 474.995
0 0 906 51261.8 -140.611 -531.795 471.849
0 0 907 51260.5 -142.242 -532.676 476.191
0 0 908 51261.3 -145.652 -533.234 477.358
0 0 909 51261.4 -140.215 -533.998 473.075
0 0 910 51259.3 -140.265 -534.644 478.185
0 0 911 51258.6 -140.808 -532.207 475.409
0 0 912 51263.2 -143.823 -535.055 478.85
0 0 913 51260.2 -140.215 -533.822 475.423
0 0 914 51258.4 -141.154 -534.674 473.163
0 0 915 51261.2 -139.375 -531.208 475.674
0 0 916 51260.8 -143.131 -534.997 474.242
0 0 917 51257.8 -141.896 -534.644 473.739
0 0 918 51257.7 -142.686 -535.32 476.147
0 0 919 51259.1 -141.006 -536.201 474.567
0 0 920 51258.6 -138.881 -531.766 473.739
0 0 921 51260.3 -145.355 -533.44 476.31
0 0 922 51260.2 -143.872 -532.735 477.403
0 0 923 51258.8 -138.041 -533.205 478.953
0 0 924 51260.5 -139.375 -532.236 474.729
0 0 925 51259.6 -139.425 -538.08 473.459
0 0 926 51260.3 -141.204 -532.676 474.448
0 0 927 51261.4 -141.401 -534.615 475.704
0 0 928 51257 -141.352 -533.675 476.369
0 0 929 51260.2 -144.021 -530.885 472.514
0 0 930 51259.5 -141.994 -532.412 473.37
0 0 931 51257.7 -144.317 -533.822 476.339
0 0 932 51257.2 -139.672 -533.528 473.385
0 0 933 51258.5 -139.919 -532.207 477.284
0 0 934 51262.6 -142.884 -531.384 476.162
0 0 935 51259.4 -139.82 -536.054 476.31
0 0 936 51260.7 -143.032 -532.941 476.25
0 0 937 51259.9 -142.983 -534.82 470.549
0 0 938 51259.6 -139.523 -535.496 470.135
0 0 939 51259.8 -142.538 -535.32 470.726
0 0 940 51261.4 -141.648 -535.114 475.246
0 0 941 51255.5 -146.838 -532.647 473.784
0 0 942 51257.7 -143.724 -536.788 474.655
0 0 943 51258.6 -140.808 -533.029 473.06
0 0 944 51259.9 -142.439 -533.91 474.375
0 0 945 51260.8 -143.428 -534.38 473.636
0 0 946 51261.3 -142.044 -530.327 475.305
0 0 947 51262.1 -143.082 -533.969 471.302
0 0 948 51258.2 -143.576 -532.647 476.354
0 0 949 51260.6 -145.256 -533.205 474.404
0 0 950 51259.2 -140.462 -531.972 476.723
0 0 951 51259.9 -142.39 -532.676 477.181
0 0 952 51261.3 -139.968 -533.675 474.98
0 0 953 51258.7 -141.55 -534.615 476.088
0 0 954 51259.5 -142.39 -534.204 471.849
0 0 955 51262.2 -142.983 -534.174 477.447
0 0 956 51262.8 -140.858 -539.285 475.32
0 0 957 51262.6 -139.968 -533.734 471.096
0 0 958 51258.8 -143.675 -533.851 478.2
0 0 959 51260.7 -141.253 -535.378 475.881
0 0 960 51259 -139.869 -531.678 475.822
0 0 961 51258.3 -142.34 -535.731 479.633
0 0 962 51261.5 -138.782 -536.494 477.196
0 0 963 51259 -143.279 -534.938 475.541
0 0 964 51259.9 -143.724 -535.555 472.691
0 0 965 51259.1 -144.564 -534.967 478.156
0 0 966 51261.5 -142.587 -535.79 475.261
0 0 967 51257.7 -141.599 -535.29 472.277
0 0 968 51260.5 -142.34 -533.939 475.881
0 0 969 51256.4 -142.686 -533.822 472.336
0 0 970 51256.1 -141.055 -536.083 472.041
0 0 971 51259 -143.181 -534.321 475.689
0 0 972 51256.2 -143.922 -532.118 471.243
0 0 973 51260.6 -144.91 -531.237 472.395
0 0 974 51256.8 -142.34 -533.44 474.478
0 0 975 51260.3 -141.698 -530.738 477.535
0 0 976 51259.6 -142.785 -536.465 473.149
0 0 977 51260.3 -141.253 -534.145 475.896
0 0 978 51261.3 -143.774 -532.177 475.837
0 0 979 51259.8 -141.698 -533.998 475.97
0 0 980 51255.1 -143.774 -537.405 476.442
0 0 981 51258 -139.326 -536.23 473.991
0 0 982 51257.9 -141.994 -534.145 478.422
0 0 983 51257 -142.538 -532.882 475.778
0 0 984 51257.3 -142.39 -532.823 475.985
0 0 985 51260.6 -142.538 -531.913 476.162
0 0 986 51259 -143.675 -534.527 474.906
0 0 987 51260.7 -142.686 -531.472 478.318
0 0 988 51258 -144.12 -536.054 474.818
0 0 989 51259.2 -144.564 -532.118 476.147
0 0 990 51262.5 -140.166 -534.85 476.014
0 0 991 51260.9 -142.489 -535.143 476.472
0 0 992 51263.4 -142.143 -534.204 475.217
0 0 993 51257.8 -140.067 -532.559 474.197
0 0 994 51260.5 -140.413 -528.947 475.719
0 0 995 51260.8 -144.021 -536.906 472.868
0 0 996 51259.4 -144.614 -533.264 473.296
0 0 997 51257.6 -140.413 -534.262 474.138
0 0 998 51258.1 -141.105 -532.265 474.862
0 0 999 51261.8 -141.599 -536.465 475.852
0 0 1000 51260 -143.23 -532.089 474.552
0 0 1001 51257.4 -142.439 -532.647 475.822
0 0 1002 51261.4 -139.82 -535.466 475.926
0 0 1003 51259 -144.218 -535.085 472.336
0 0 1004 51261.1 -141.945 -534.908 476.679
0 0 1005 51263.8 -143.329 -534.174 476.59
0 0 1006 51260.9 -142.34 -532.383 471.421
0 0 1007 51261.7 -144.515 -534.38 474.729
0 0 1008 51259 -142.291 -533.293 473.4
0 0 1009 51260.9 -141.055 -533.264 475.586
0 0 1010 51262.5 -143.082 -538.051 473.296
0 0 1011 51259.7 -142.34 -533.763 474.316
0 0 1012 51261.6 -142.785 -533.352 474.138
0 0 1013 51259.4 -140.957 -536.171 471.568
0 0 1014 51259.1 -143.823 -536.113 476.339
0 0 1015 51256.4 -139.771 -537.317 478.555
0 0 1016 51260.7 -142.736 -534.791 476.295
0 0 1017 51262.8 -140.561 -532.383 472.085
0 0 1018 51259.6 -143.032 -535.026 474.803
0 0 1019 51260.4 -139.919 -533.381 476.132
0 0 1020 51256.9 -140.364 -531.237 476.118
0 0 1021 51258.9 -139.079 -533.851 476.25
0 0 1022 51262.9 -139.82 -534.527 475.778
0 0 1023 51260.8 -143.675 -532.647 474.419
