0 0 0 0.00612049
0 0 1 -0.0677868
0 0 2 0.340911
0 0 3 0.0691091
0 0 4 0.2111
0 0 5 0.0832306
0 0 6 0.295295
0 0 7 0.183488
0 0 8 0.624312
0 0 9 0.605046
0 0 10 0.950756
0 0 11 1.57021
0 0 12 1.93135
0 0 13 2.29637
0 0 14 2.28477
0 0 15 2.58167
0 0 16 2.53736
0 0 17 2.671
0 0 18 2.62539
0 0 19 2.76806
0 0 20 2.20063
0 0 21 2.42167
0 0 22 2.05281
0 0 23 2.29894
0 0 24 1.648
0 0 25 1.85041
0 0 26 1.2046
0 0 27 1.31961
0 0 28 1.02723
0 0 29 1.34082
0 0 30 1.39478
0 0 31 1.41405
0 0 32 0.912176
0 0 33 1.01889
0 0 34 0.984822
0 0 35 1.01501
0 0 36 0.539486
0 0 37 0.653234
0 0 38 0.54526
0 0 39 0.624312
0 0 40 0.577385
0 0 41 0.902568
0 0 42 0.446944
0 0 43 0.40259
0 0 44 0.598592
0 0 45 0.412247
0 0 46 0.253513
0 0 47 0.12181
0 0 48 0.0479026
0 0 49 0.116666
0 0 50 0.540747
0 0 51 0.218816
0 0 52 0.268945
0 0 53 -0.090255
0 0 54 0.318443
0 0 55 0.0973521
0 0 56 0.279233
0 0 57 0.299129
0 0 58 -0.0671559
0 0 59 -0.0273149
0 0 60 0.133359
0 0 61 0.155197
0 0 62 0.238761
0 0 63 0.109581
0 0 64 0.277923
0 0 65 -0.101174
0 0 66 0.06974
0 0 67 0.138503
0 0 68 0.30107
0 0 69 -0.0202299
0 0 70 0.0780867
0 0 71 0.115356
0 0 72 -0.248988
0 0 73 0.117297
0 0 74 0.0613932
0 0 75 0.0877436
0 0 76 0.294034
0 0 77 0.266373
0 0 78 0.107009
0 0 79 -0.146159
0 0 80 -0.126262
0 0 81 -0.26311
0 0 82 -0.120488
0 0 83 0.150732
0 0 84 0.0144672
0 0 85 -0.204003
0 0 86 0.0414485
0 0 87 0.222698
0 0 88 0.0524157
0 0 89 -0.158388
0 0 90 0.0144672
0 0 91 -0.0529859
0 0 92 -0.368511
0 0 93 0.0414485
0 0 94 -0.248988
0 0 95 -0.0266355
0 0 96 -0.0735616
0 0 97 -0.319013
0 0 98 0.212411
0 0 99 0.0883745
0 0 100 -0.143587
0 0 101 -0.259907
0 0 102 -0.0587607
0 0 103 -0.248988
0 0 104 -0.0613326
0 0 105 -0.157077
0 0 106 -0.186679
0 0 107 0.168057
0 0 108 -0.0137758
0 0 109 0.183488
0 0 110 0.100603
0 0 111 0.236189
0 0 112 -0.412186
0 0 113 0.0324709
0 0 114 -0.25025
0 0 115 -0.141015
0 0 116 -0.331242
0 0 117 -0.0484729
0 0 118 0.0639652
0 0 119 -0.0761335
0 0 120 -0.344102
0 0 121 0.160972
0 0 122 0.0915773
0 0 123 0.00806159
0 0 124 0.0228139
0 0 125 -0.0908859
0 0 126 -0.162901
0 0 127 0.147481
0 0 128 0.189894
0 0 129 0.144909
0 0 130 0.0106335
0 0 131 -0.0825391
0 0 132 -0.00159537
0 0 133 0.205326
0 0 134 -0.214291
0 0 135 0.279864
0 0 136 -0.20017
0 0 137 0.130787
0 0 138 -0.166103
0 0 139 0.0164083
0 0 140 -0.0420673
0 0 141 0.178975
0 0 142 0.214983
0 0 143 0.255454
0 0 144 0.0883745
0 0 145 0.155197
0 0 146 -0.132037
0 0 147 0.0800278
0 0 148 0.0787175
0 0 149 -0.169937
0 0 150 -0.050414
0 0 151 -0.16159
0 0 152 -0.0465803
0 0 153 0.00548963
0 0 154 0.18475
0 0 155 0.0292681
0 0 156 0.14816
0 0 157 -0.169937
0 0 158 0.0588213
0 0 159 0.0639652
0 0 160 0.114725
0 0 161 0.110891
0 0 162 0.0414485
0 0 163 0.486785
0 0 164 0.10764
0 0 165 -0.0953989
0 0 166 0.139134
0 0 167 0.0883745
0 0 168 -0.151933
0 0 169 0.0279578
0 0 170 0.335767
0 0 171 -0.127524
0 0 172 0.101865
0 0 173 0.345424
0 0 174 0.0626549
0 0 175 0.254824
0 0 176 0.160972
0 0 177 -0.0755027
0 0 178 0.14816
0 0 179 0.299809
0 0 180 0.0723119
0 0 181 0.177034
0 0 182 0.278602
0 0 183 0.0922567
0 0 184 0.40259
0 0 185 0.115987
0 0 186 0.512504
0 0 187 0.164223
0 0 188 0.0864334
0 0 189 0.259288
0 0 190 0.124382
0 0 191 0.074253
0 0 192 -0.0240636
0 0 193 0.146219
0 0 194 -0.128203
0 0 195 0.0903156
0 0 196 0.193145
0 0 197 -0.117236
0 0 198 0.132729
0 0 199 -0.0600709
0 0 200 0.150732
0 0 201 0.189263
0 0 202 0.0465924
0 0 203 0.130787
0 0 204 0.0183494
0 0 205 -0.0523551
0 0 206 -0.0536168
0 0 207 0.513766
0 0 208 0.245797
0 0 209 0.0530465
0 0 210 0.262539
0 0 211 0.310096
0 0 212 -0.099912
0 0 213 0.0511054
0 0 214 -0.00416733
0 0 215 0.525995
0 0 216 0.057511
0 0 217 0.133359
0 0 218 0.343483
0 0 219 0.155197
0 0 220 0.0588213
0 0 221 0.23682
0 0 222 -0.140384
0 0 223 0.0183494
0 0 224 -0.0677868
0 0 225 0.0607624
0 0 226 -0.112092
0 0 227 -0.144897
0 0 228 0.204695
0 0 229 0.265111
0 0 230 0.177034
0 0 231 0.356343
0 0 232 0.281174
0 0 233 0.0864334
0 0 234 0.116666
0 0 235 0.394243
0 0 236 0.257396
0 0 237 0.255454
0 0 238 0.144278
0 0 239 0.162282
0 0 240 -0.00737014
0 0 241 0.44311
0 0 242 0.27603
0 0 243 0.26186
0 0 244 -0.244475
0 0 245 -0.13655
0 0 246 0.397494
0 0 247 -0.0709896
0 0 248 0.200182
0 0 249 0.0607624
0 0 250 -0.0735616
0 0 251 -0.182166
0 0 252 0.0832306
0 0 253 0.401959
0 0 254 -0.162901
0 0 255 0.335137
