0 0 0 0.771699
0 0 1 6.5398
0 0 2 -0.00431436
0 0 3 -0.00431436
0 0 4 -0.00431436
0 0 5 -0.00431436
0 0 6 -0.00431436
0 0 7 -0.00431436
0 0 8 -0.00431436
0 0 9 -0.00431436
0 0 10 -0.00431436
0 0 11 -0.00431436
0 0 12 -0.00431436
0 0 13 -0.00431436
0 0 14 -0.00431436
0 0 15 -0.00431436
0 0 16 -0.00431436
0 0 17 -0.00431436
0 0 18 -0.00431436
0 0 19 -0.00431436
0 0 20 -0.00431436
0 0 21 -0.00431436
0 0 22 -0.00431436
0 0 23 -0.00431436
0 0 24 -0.00431436
0 0 25 -0.00431436
0 0 26 -0.00431436
0 0 27 -0.00431436
0 0 28 -0.00431436
0 0 29 -0.00431436
0 0 30 -0.00431436
0 0 31 -0.00431436
0 0 32 -0.00431436
0 0 33 -0.00431436
0 0 34 -0.00431436
0 0 35 -0.00431436
0 0 36 -0.00431436
0 0 37 -0.00431436
0 0 38 -0.00431436
0 0 39 -0.00431436
0 0 40 -0.00431436
0 0 41 -0.00431436
0 0 42 -0.00431436
0 0 43 -0.00431436
0 0 44 -0.00431436
0 0 45 -0.00431436
0 0 46 -0.00431436
0 0 47 -0.00431436
0 0 48 -0.00431436
0 0 49 -0.00431436
0 0 50 -0.00431436
0 0 51 -0.00431436
0 0 52 -0.00431436
0 0 53 -0.00431436
0 0 54 -0.00431436
0 0 55 -0.00431436
0 0 56 -0.00431436
0 0 57 -0.00431436
0 0 58 -0.00431436
0 0 59 -0.00431436
0 0 60 -0.00431436
0 0 61 -0.00431436
0 0 62 -0.00431436
0 0 63 -0.00431436
0 0 64 -0.00431436
0 0 65 -0.00431436
0 0 66 -0.00431436
0 0 67 -0.00431436
0 0 68 -0.00431436
0 0 69 -0.00431436
0 0 70 -0.00431436
0 0 71 -0.00431436
0 0 72 -4.87
0 0 73 -4.40919
0 0 74 -0.697127
0 0 75 0.949302
0 0 76 1.54771
0 0 77 0.7925
0 0 78 0.122088
0 0 79 -0.276319
0 0 80 -0.0571153
0 0 81 -0.653926
0 0 82 -1.32594
0 0 83 -1.08433
0 0 84 1.35891
0 0 85 2.95254
0 0 86 2.96374
0 0 87 0.939702
0 0 88 -0.549924
0 0 89 -0.517923
0 0 90 0.8037
0 0 91 0.877301
0 0 92 -0.245919
0 0 93 -2.11315
0 0 94 -2.73076
0 0 95 -3.10837
0 0 96 -3.83318
0 0 97 -4.87
0 0 98 -4.40919
0 0 99 -0.697127
0 0 100 0.949302
0 0 101 1.54771
0 0 102 0.7925
0 0 103 0.122088
0 0 104 -0.276319
0 0 105 -0.0571153
0 0 106 -0.653926
0 0 107 -1.32594
0 0 108 -1.08433
0 0 109 1.35891
0 0 110 2.95254
0 0 111 2.96374
0 0 112 0.939702
0 0 113 -0.549924
0 0 114 -0.517923
0 0 115 0.8037
0 0 116 0.877301
0 0 117 -0.245919
0 0 118 -2.11315
0 0 119 -2.73076
0 0 120 -3.10837
0 0 121 -3.83318
0 0 122 -4.87
0 0 123 -4.40919
0 0 124 -0.697127
0 0 125 0.949302
0 0 126 1.54771
0 0 127 0.7925
0 0 128 0.122088
0 0 129 -0.276319
0 0 130 -0.0571153
0 0 131 -0.653926
0 0 132 -1.32594
0 0 133 -1.08433
0 0 134 1.35891
0 0 135 2.95254
0 0 136 2.96374
0 0 137 0.939702
0 0 138 -0.549924
0 0 139 -0.517923
0 0 140 0.8037
0 0 141 0.877301
0 0 142 -0.245919
0 0 143 -2.11315
0 0 144 -2.73076
0 0 145 -3.10837
0 0 146 -3.83318
0 0 147 -4.87
0 0 148 -4.40919
0 0 149 -0.697127
0 0 150 0.949302
0 0 151 1.54771
0 0 152 0.7925
0 0 153 0.122088
0 0 154 -0.276319
0 0 155 -0.0571153
0 0 156 -0.653926
0 0 157 -1.32594
0 0 158 -1.08433
0 0 159 1.35891
0 0 160 2.95254
0 0 161 2.96374
0 0 162 0.939702
0 0 163 -0.549924
0 0 164 -0.517923
0 0 165 0.8037
0 0 166 0.877301
0 0 167 -0.245919
0 0 168 -2.11315
0 0 169 -2.73076
0 0 170 -3.10837
0 0 171 -3.83318
0 0 172 -4.87
0 0 173 -4.40919
0 0 174 -0.697127
0 0 175 0.949302
0 0 176 1.54771
0 0 177 0.7925
0 0 178 0.122088
0 0 179 -0.276319
0 0 180 -0.0571153
0 0 181 -0.653926
0 0 182 -1.32594
0 0 183 -1.08433
0 0 184 1.35891
0 0 185 2.95254
0 0 186 2.96374
0 0 187 0.939702
0 0 188 -0.549924
0 0 189 -0.517923
0 0 190 0.8037
0 0 191 0.877301
0 0 192 -0.245919
0 0 193 -2.11315
0 0 194 -2.73076
0 0 195 -3.10837
0 0 196 -3.83318
0 0 197 -4.87
0 0 198 -4.40919
0 0 199 -0.697127
0 0 200 0.949302
0 0 201 1.54771
0 0 202 0.7925
0 0 203 0.122088
0 0 204 -0.276319
0 0 205 -0.0571153
0 0 206 -0.653926
0 0 207 -1.32594
0 0 208 -1.08433
0 0 209 1.35891
0 0 210 2.95254
0 0 211 2.96374
0 0 212 0.939702
0 0 213 -0.549924
0 0 214 -0.517923
0 0 215 0.8037
0 0 216 0.877301
0 0 217 -0.245919
0 0 218 -2.11315
0 0 219 -2.73076
0 0 220 -3.10837
0 0 221 -3.83318
0 0 222 -4.87
0 0 223 -4.40919
0 0 224 -3.07797
0 0 225 -0.91633
0 0 226 -0.381921
0 0 227 -0.0459151
0 0 228 -0.255519
0 0 229 -0.0459151
0 0 230 -0.204318
0 0 231 0.131688
0 0 232 -0.0155146
0 0 233 -0.581925
0 0 234 -1.13713
0 0 235 -0.653926
0 0 236 -1.70354
0 0 237 -3.06677
0 0 238 -2.10195
0 0 239 0.173289
0 0 240 0.184489
0 0 241 -0.842729
0 0 242 -2.21715
0 0 243 -1.50354
0 0 244 -0.0155146
0 0 245 0.960503
0 0 246 1.23251
0 0 247 1.40051
0 0 248 0.730099
0 0 249 -0.109916
0 0 250 -0.780328
0 0 251 -0.86513
0 0 252 -1.35794
0 0 253 -0.549924
0 0 254 -0.34992
0 0 255 -0.969131
0 0 256 -1.90195
0 0 257 -1.56754
0 0 258 -1.62034
0 0 259 -1.45234
0 0 260 -1.46194
0 0 261 -1.89235
0 0 262 -2.32276
0 0 263 -1.53554
0 0 264 -0.653926
0 0 265 -0.0667155
0 0 266 0.320491
0 0 267 0.928502
0 0 268 0.299691
0 0 269 -0.119516
0 0 270 -1.24274
0 0 271 -3.04597
0 0 272 -4.54519
0 0 273 -2.75156
0 0 274 -0.31952
0 0 275 0.739699
0 0 276 0.24689
0 0 277 -0.00431436
0 0 278 -0.727527
0 0 279 -1.48274
0 0 280 -1.99635
0 0 281 -1.98675
0 0 282 -2.64756
0 0 283 -3.04597
0 0 284 -1.83955
0 0 285 1.79892
0 0 286 3.89655
0 0 287 3.96056
0 0 288 2.99574
0 0 289 3.16214
0 0 290 2.45013
0 0 291 1.0021
0 0 292 -0.455522
0 0 293 -1.05393
0 0 294 -1.56754
0 0 295 -1.57714
0 0 296 -1.31474
0 0 297 -0.402721
0 0 298 -0.370721
0 0 299 -0.234718
0 0 300 -0.0779157
0 0 301 0.016486
0 0 302 -0.32912
0 0 303 1.10771
0 0 304 2.96374
0 0 305 3.73975
0 0 306 2.43893
0 0 307 1.0021
0 0 308 0.0372864
0 0 309 -0.151517
0 0 310 -0.644326
0 0 311 0.960503
0 0 312 2.85814
0 0 313 3.60375
0 0 314 2.93174
0 0 315 2.05172
0 0 316 0.845301
0 0 317 0.0276862
0 0 318 0.299691
0 0 319 1.87252
0 0 320 2.51253
0 0 321 2.18772
0 0 322 1.22291
0 0 323 1.13811
0 0 324 0.981303
0 0 325 1.72532
0 0 326 1.73652
0 0 327 1.0229
0 0 328 0.173289
0 0 329 0.782899
0 0 330 1.0869
0 0 331 1.55891
0 0 332 1.0133
0 0 333 0.205289
0 0 334 -0.161117
0 0 335 0.971703
0 0 336 1.65331
0 0 337 1.88372
0 0 338 0.928502
0 0 339 1.10771
0 0 340 1.67412
0 0 341 1.70452
0 0 342 0.635697
0 0 343 0.709298
0 0 344 1.83092
0 0 345 2.52373
0 0 346 2.11412
0 0 347 1.63091
0 0 348 0.666097
0 0 349 1.47411
0 0 350 3.46775
0 0 351 5.99419
0 0 352 6.2678
0 0 353 5.16538
0 0 354 4.38936
0 0 355 4.05496
0 0 356 4.03416
0 0 357 5.21818
0 0 358 4.67257
0 0 359 3.83415
0 0 360 3.47735
0 0 361 4.21176
0 0 362 5.59578
0 0 363 5.93179
0 0 364 4.09656
0 0 365 4.46296
0 0 366 5.57498
0 0 367 6.06779
0 0 368 7.41022
0 0 369 9.40385
0 0 370 9.41345
0 0 371 8.83744
0 0 372 8.15583
0 0 373 9.49825
0 0 374 10.7879
0 0 375 11.2183
0 0 376 11.0391
0 0 377 11.4791
0 0 378 12.1719
0 0 379 14.1639
0 0 380 16.4616
0 0 381 18.548
0 0 382 19.02
0 0 383 19.556
0 0 384 18.8424
0 0 385 18.5384
0 0 386 18.6856
0 0 387 20.5832
0 0 388 22.4921
0 0 389 22.8905
0 0 390 22.1561
0 0 391 22.4809
0 0 392 23.9177
0 0 393 26.0585
0 0 394 26.865
0 0 395 27.505
0 0 396 29.2362
0 0 397 31.4378
0 0 398 33.4107
0 0 399 36.9755
0 0 400 39.7868
0 0 401 41.8316
0 0 402 42.7964
0 0 403 41.9996
0 0 404 40.5004
0 0 405 43.07
0 0 406 46.6045
0 0 407 47.1277
0 0 408 46.2157
0 0 409 47.1389
0 0 410 48.5965
0 0 411 50.2638
0 0 412 52.4766
0 0 413 57.1855
0 0 414 60.2383
0 0 415 60.2175
0 0 416 59.6607
0 0 417 60.5103
0 0 418 61.9792
0 0 419 64.5584
0 0 420 67.2433
0 0 421 69.6769
0 0 422 71.0929
0 0 423 71.5025
0 0 424 70.0129
0 0 425 69.4353
0 0 426 69.6673
0 0 427 71.9218
0 0 428 74.4178
0 0 429 75.8018
0 0 430 76.221
0 0 431 77.1554
0 0 432 77.6162
0 0 433 77.4066
0 0 434 77.3858
0 0 435 78.1203
0 0 436 77.8579
0 0 437 77.9315
0 0 438 77.8163
0 0 439 77.0402
0 0 440 74.9522
0 0 441 72.9602
0 0 442 71.0721
0 0 443 70.1073
0 0 444 68.6705
0 0 445 67.5697
0 0 446 66.5521
0 0 447 65.9952
0 0 448 64.4752
0 0 449 63.28
0 0 450 62.744
0 0 451 61.8944
0 0 452 60.1119
0 0 453 59.4095
0 0 454 57.7935
0 0 455 55.7279
0 0 456 53.547
0 0 457 52.0894
0 0 458 51.355
0 0 459 52.571
0 0 460 53.883
0 0 461 53.851
0 0 462 51.355
0 0 463 48.3245
0 0 464 46.3213
0 0 465 45.9213
0 0 466 42.7228
0 0 467 38.6748
0 0 468 35.7595
0 0 469 33.9547
0 0 470 32.057
0 0 471 30.3162
0 0 472 27.873
0 0 473 25.9529
0 0 474 24.6521
0 0 475 24.3897
0 0 476 24.3481
0 0 477 24.2649
0 0 478 23.6569
0 0 479 24.9673
0 0 480 28.3754
0 0 481 31.9418
0 0 482 32.8651
0 0 483 32.7275
0 0 484 32.3195
0 0 485 33.0955
0 0 486 34.4795
0 0 487 36.3355
0 0 488 37.0395
0 0 489 37.8988
0 0 490 39.3884
0 0 491 42.4924
0 0 492 45.1565
0 0 493 47.6637
0 0 494 51.0606
0 0 495 55.2351
0 0 496 56.9967
0 0 497 56.9455
0 0 498 57.6575
0 0 499 61.8432
0 0 500 66.9713
0 0 501 73.7458
0 0 502 82.7235
0 0 503 91.9749
0 0 504 98.0998
0 0 505 99.9862
0 0 506 97.2598
0 0 507 92.8965
0 0 508 89.1637
0 0 509 86.2052
0 0 510 79.6723
0 0 511 70.7777
0 0 512 61.8432
0 0 513 53.9774
0 0 514 45.7229
0 0 515 38.622
0 0 516 31.8794
0 0 517 25.6169
0 0 518 21.3177
0 0 519 19.2728
0 0 520 16.86
0 0 521 15.4136
0 0 522 14.4471
0 0 523 12.3399
0 0 524 9.06785
0 0 525 7.31581
0 0 526 6.88541
0 0 527 6.91741
0 0 528 6.3926
0 0 529 6.21499
0 0 530 4.69337
0 0 531 3.63415
0 0 532 2.98454
0 0 533 2.71253
0 0 534 2.17652
0 0 535 1.98772
0 0 536 1.19091
0 0 537 1.10771
0 0 538 0.645297
0 0 539 0.278891
0 0 540 0.0996875
0 0 541 0.771699
0 0 542 0.541295
0 0 543 -0.151517
0 0 544 -1.16913
0 0 545 -1.22034
0 0 546 -1.13713
0 0 547 -0.0155146
0 0 548 0.362092
0 0 549 -0.225118
0 0 550 -0.801128
0 0 551 -0.455522
0 0 552 -0.361121
0 0 553 0.352492
0 0 554 0.110888
0 0 555 0.488494
0 0 556 0.698098
0 0 557 1.32691
0 0 558 0.971703
0 0 559 -0.0779157
0 0 560 -1.08433
0 0 561 -1.35794
0 0 562 -2.31155
0 0 563 -1.70354
0 0 564 -0.444322
0 0 565 0.520495
0 0 566 1.18131
0 0 567 2.31413
0 0 568 1.52691
0 0 569 0.00528581
0 0 570 -0.29872
0 0 571 1.35891
0 0 572 1.49491
0 0 573 0.739699
0 0 574 0.194089
0 0 575 0.278891
0 0 576 -0.665126
0 0 577 -1.31474
0 0 578 -1.60914
0 0 579 -1.19954
0 0 580 -0.393121
0 0 581 0.341292
0 0 582 -0.225118
0 0 583 0.21649
0 0 584 1.11731
0 0 585 1.49491
0 0 586 0.509295
0 0 587 0.0484866
0 0 588 -0.833129
0 0 589 -1.64114
0 0 590 -1.32594
0 0 591 0.22609
0 0 592 0.25809
0 0 593 0.0692869
0 0 594 -0.455522
0 0 595 -0.801128
0 0 596 -1.22034
0 0 597 -1.80755
0 0 598 -3.09877
0 0 599 -3.26677
0 0 600 -3.34997
0 0 601 -1.86035
0 0 602 -0.0459151
0 0 603 0.414893
0 0 604 -0.969131
0 0 605 -1.62034
0 0 606 -1.94515
0 0 607 -1.05393
0 0 608 0.0580867
0 0 609 1.34931
0 0 610 0.939702
0 0 611 0.382892
0 0 612 -0.098716
0 0 613 -0.0571153
0 0 614 0.110888
0 0 615 0.866101
0 0 616 0.278891
0 0 617 -0.00431436
0 0 618 -0.633125
0 0 619 0.0372864
0 0 620 0.886901
0 0 621 1.0229
0 0 622 0.520495
0 0 623 -0.0667155
0 0 624 -1.07473
0 0 625 -0.676326
0 0 626 -0.29872
0 0 627 0.0276862
0 0 628 -0.204318
0 0 629 -0.130717
0 0 630 -0.161117
0 0 631 -0.255519
0 0 632 -1.26354
0 0 633 -1.31474
0 0 634 -0.570724
0 0 635 0.562096
0 0 636 0.0900873
0 0 637 -0.821929
0 0 638 -2.10195
0 0 639 -2.58516
0 0 640 -2.94037
0 0 641 -2.08115
0 0 642 -1.43154
0 0 643 -0.91633
0 0 644 -0.31952
0 0 645 0.541295
0 0 646 0.477294
0 0 647 0.163689
0 0 648 -0.780328
0 0 649 -0.665126
0 0 650 -1.10513
0 0 651 -1.75635
0 0 652 -1.32594
0 0 653 0.25809
0 0 654 0.477294
0 0 655 -0.109916
0 0 656 -1.50354
0 0 657 -1.32594
0 0 658 -0.32912
0 0 659 0.426093
0 0 660 -0.32912
0 0 661 -0.717927
0 0 662 -0.717927
0 0 663 -0.633125
0 0 664 -1.06353
0 0 665 -0.0667155
0 0 666 0.981303
0 0 667 1.40051
0 0 668 -0.0363149
0 0 669 -1.58834
0 0 670 -2.85716
0 0 671 -3.37077
0 0 672 -2.60596
0 0 673 -0.413922
0 0 674 0.698098
0 0 675 0.0900873
0 0 676 -0.791528
0 0 677 0.7925
0 0 678 1.91412
0 0 679 0.898102
0 0 680 -1.96595
0 0 681 -1.22034
0 0 682 1.54771
0 0 683 2.94294
0 0 684 2.22933
0 0 685 1.88372
0 0 686 1.77812
0 0 687 0.898102
0 0 688 -1.37874
0 0 689 -1.57714
0 0 690 0.26769
0 0 691 1.28531
0 0 692 -0.266719
0 0 693 -1.07473
0 0 694 -1.62034
0 0 695 -1.46194
0 0 696 -0.927531
0 0 697 -0.497123
0 0 698 -0.181917
0 0 699 -0.193118
0 0 700 -1.44114
0 0 701 -1.45234
0 0 702 -1.52594
0 0 703 -2.12275
0 0 704 -3.14037
0 0 705 -2.21715
0 0 706 -0.32912
0 0 707 1.13811
0 0 708 0.405293
0 0 709 -1.70354
0 0 710 -3.89558
0 0 711 -3.15157
0 0 712 -1.51474
0 0 713 -0.989932
0 0 714 -1.80755
0 0 715 -1.97555
0 0 716 -2.68916
0 0 717 -2.06035
0 0 718 -1.49394
0 0 719 -1.46194
0 0 720 -0.706727
0 0 721 0.709298
0 0 722 -0.381921
0 0 723 -1.44114
0 0 724 -0.402721
0 0 725 1.18131
0 0 726 0.382892
0 0 727 0.0692869
0 0 728 0.718898
0 0 729 1.12851
0 0 730 0.22609
0 0 731 0.0788871
0 0 732 1.0229
0 0 733 2.12532
0 0 734 1.49491
0 0 735 1.0133
0 0 736 0.373292
0 0 737 -0.0667155
0 0 738 -0.706727
0 0 739 -1.45234
0 0 740 -1.36754
0 0 741 0.25809
0 0 742 0.582896
0 0 743 0.520495
0 0 744 0.0996875
0 0 745 -0.225118
0 0 746 -0.465122
0 0 747 0.0372864
0 0 748 0.0788871
0 0 749 0.184489
0 0 750 0.488494
0 0 751 1.34931
0 0 752 1.0229
0 0 753 1.24371
0 0 754 1.0021
0 0 755 1.0341
0 0 756 0.8341
0 0 757 1.0757
0 0 758 0.24689
0 0 759 -0.529124
0 0 760 -0.266719
0 0 761 -0.161117
0 0 762 -1.15793
0 0 763 -1.81875
0 0 764 -3.34997
0 0 765 -3.24597
0 0 766 -2.32276
0 0 767 -1.97555
0 0 768 -3.19317
0 0 769 -3.49718
0 0 770 -2.32276
0 0 771 -0.508323
0 0 772 -0.937131
0 0 773 -1.97555
0 0 774 -1.97555
0 0 775 -1.81875
0 0 776 -3.10837
0 0 777 -2.75156
0 0 778 -2.13395
0 0 779 -2.15475
0 0 780 -2.22835
0 0 781 0.184489
0 0 782 2.27093
0 0 783 2.49173
0 0 784 1.93652
0 0 785 1.99892
0 0 786 1.0021
0 0 787 0.016486
0 0 788 -0.225118
0 0 789 0.320491
0 0 790 0.142888
0 0 791 0.278891
0 0 792 0.0788871
0 0 793 -0.204318
0 0 794 -0.31952
0 0 795 -0.109916
0 0 796 -0.633125
0 0 797 0.0580867
0 0 798 0.854901
0 0 799 0.918902
0 0 800 -0.381921
0 0 801 -0.602725
0 0 802 -0.361121
0 0 803 -1.46194
0 0 804 -3.17237
0 0 805 -2.46836
0 0 806 -1.50354
0 0 807 -0.30832
0 0 808 1.13811
0 0 809 3.13174
0 0 810 3.63415
0 0 811 1.91412
0 0 812 0.152488
0 0 813 0.016486
0 0 814 -0.697127
0 0 815 -1.14833
0 0 816 -1.07473
0 0 817 -0.34992
0 0 818 -0.989932
0 0 819 -1.82995
0 0 820 -2.15475
0 0 821 -2.06995
0 0 822 -2.76276
0 0 823 -1.97555
0 0 824 -0.86513
0 0 825 -0.444322
0 0 826 -0.770728
0 0 827 -0.508323
0 0 828 -1.39954
0 0 829 -1.95475
0 0 830 -1.50354
0 0 831 -0.0571153
0 0 832 -0.361121
0 0 833 -0.833129
0 0 834 -0.361121
0 0 835 1.19091
0 0 836 1.54771
0 0 837 2.00852
0 0 838 2.00852
0 0 839 2.00852
0 0 840 1.66291
0 0 841 1.28531
0 0 842 0.22609
0 0 843 0.0372864
0 0 844 -0.0459151
0 0 845 0.499694
0 0 846 1.12851
0 0 847 1.77812
0 0 848 1.31731
0 0 849 0.782899
0 0 850 0.571696
0 0 851 2.06132
0 0 852 2.68053
0 0 853 1.87252
0 0 854 -0.109916
0 0 855 -0.738727
0 0 856 -0.29872
0 0 857 -0.0891159
0 0 858 -0.497123
0 0 859 -0.130717
0 0 860 -0.204318
0 0 861 0.278891
0 0 862 -0.0571153
0 0 863 0.205289
0 0 864 0.709298
0 0 865 0.7925
0 0 866 -0.549924
0 0 867 -1.22034
0 0 868 -2.11315
0 0 869 -4.05239
0 0 870 -4.23159
0 0 871 -1.68274
0 0 872 -0.529124
0 0 873 -0.119516
0 0 874 -0.623525
0 0 875 -0.759528
0 0 876 -0.0251147
0 0 877 1.13811
0 0 878 0.918902
0 0 879 0.688498
0 0 880 1.0229
0 0 881 1.29651
0 0 882 0.341292
0 0 883 0.142888
0 0 884 0.477294
0 0 885 1.10771
0 0 886 0.594096
0 0 887 0.320491
0 0 888 0.299691
0 0 889 0.907702
0 0 890 1.0869
0 0 891 2.28213
0 0 892 3.16214
0 0 893 2.54453
0 0 894 0.456494
0 0 895 -0.34992
0 0 896 -0.842729
0 0 897 -1.13713
0 0 898 -1.51474
0 0 899 -1.11633
0 0 900 0.0692869
0 0 901 0.718898
0 0 902 -0.0155146
0 0 903 -0.0891159
0 0 904 -0.455522
0 0 905 -0.549924
0 0 906 -0.89553
0 0 907 -0.266719
0 0 908 0.331692
0 0 909 0.520495
0 0 910 -0.706727
0 0 911 -0.497123
0 0 912 0.435693
0 0 913 1.39091
0 0 914 2.19732
0 0 915 3.71895
0 0 916 3.32054
0 0 917 1.54771
0 0 918 -0.0155146
0 0 919 -0.508323
0 0 920 -0.665126
0 0 921 -0.0155146
0 0 922 0.373292
0 0 923 0.877301
0 0 924 0.331692
0 0 925 -1.01073
0 0 926 -2.44756
0 0 927 -2.68916
0 0 928 -2.24915
0 0 929 -0.644326
0 0 930 -0.538724
0 0 931 -0.685926
0 0 932 -0.581925
0 0 933 -0.34032
0 0 934 -1.03153
0 0 935 -0.969131
0 0 936 -0.948331
0 0 937 -0.969131
0 0 938 -1.58834
0 0 939 -1.33714
0 0 940 -1.14833
0 0 941 -0.853929
0 0 942 -0.581925
0 0 943 0.373292
0 0 944 -0.151517
0 0 945 -0.791528
0 0 946 -0.32912
0 0 947 1.43251
0 0 948 1.99892
0 0 949 0.845301
0 0 950 -0.959531
0 0 951 -0.381921
0 0 952 0.960503
0 0 953 1.32691
0 0 954 0.414893
0 0 955 0.509295
0 0 956 0.0484866
0 0 957 -0.402721
0 0 958 -0.0155146
0 0 959 0.488494
0 0 960 0.310891
0 0 961 0.426093
0 0 962 -0.0571153
0 0 963 -0.770728
0 0 964 -1.87155
0 0 965 -1.62034
0 0 966 -1.38834
0 0 967 -0.266719
0 0 968 0.698098
0 0 969 1.87252
0 0 970 1.57971
0 0 971 0.656497
0 0 972 -0.0459151
0 0 973 0.310891
0 0 974 0.278891
0 0 975 0.467694
0 0 976 -0.151517
0 0 977 -1.08433
0 0 978 -1.04273
0 0 979 0.688498
0 0 980 1.60051
0 0 981 1.19091
0 0 982 0.152488
0 0 983 0.163689
0 0 984 0.698098
0 0 985 2.25013
0 0 986 1.87252
0 0 987 0.645297
0 0 988 -0.434722
0 0 989 -0.623525
0 0 990 -0.623525
0 0 991 -0.0459151
0 0 992 -0.0779157
0 0 993 -0.276319
0 0 994 -1.62034
0 0 995 -1.57714
0 0 996 -0.204318
0 0 997 0.709298
0 0 998 0.26769
0 0 999 0.7925
0 0 1000 1.63091
0 0 1001 2.14612
0 0 1002 0.426093
0 0 1003 -1.50354
0 0 1004 -2.23795
0 0 1005 -2.65716
0 0 1006 -3.81078
0 0 1007 -3.16117
0 0 1008 -1.13713
0 0 1009 0.394093
0 0 1010 -0.591525
0 0 1011 -1.62034
0 0 1012 -1.59794
0 0 1013 -0.727527
0 0 1014 -0.86513
0 0 1015 -0.517923
0 0 1016 0.571696
0 0 1017 1.77812
0 0 1018 0.582896
0 0 1019 -1.10513
0 0 1020 -0.00431436
0 0 1021 -0.00431436
0 0 1022 -0.00431436
0 0 1023 -0.00431436
