0 0 0 -2.09672 0.671123 -5.0275 -8.92191
0 0 1 -1.76933 8.14314 -6.96518 -9.52939
0 0 2 -2.13532 1.96309 -0.457276 0.478309
0 0 3 2.65579 -3.10823 -1.08387 4.68219
0 0 4 3.64862 2.23301 -0.910154 3.73736
0 0 5 -2.10737 2.81179 4.13245 -0.379736
0 0 6 1.17188 -3.5131 -8.016 -1.41135
0 0 7 2.55065 -3.70621 -10.0506 4.82683
0 0 8 0.380016 -0.128745 3.82403 5.16417
0 0 9 -3.20666 7.16004 3.75637 3.65058
0 0 10 -9.88759 18.2671 0.622803 5.33774
0 0 11 -8.43163 12.8096 -0.0909513 -2.73179
0 0 12 -3.28252 16.0206 1.3457 -6.19379
0 0 13 -0.583529 5.80059 -2.67473 -2.35618
0 0 14 -0.47706 -6.29947 -7.67894 2.54153
0 0 15 2.6172 -5.76952 0.506993 1.24022
0 0 16 4.9502 -12.981 3.52476 3.94921
0 0 17 -4.65198 -8.37265 12.1154 4.20065
0 0 18 -9.0385 1.076 12.2891 5.0004
0 0 19 -0.910921 -0.157821 1.14334 1.58736
0 0 20 5.08595 3.17826 -2.1542 -0.437591
0 0 21 5.34547 2.71523 4.93276 1.87664
0 0 22 3.00315 -1.03504 -3.25317 1.08579
0 0 23 -3.62056 -6.8393 -7.94835 -6.71404
0 0 24 -0.342642 -7.16737 -8.42134 -6.28992
0 0 25 0.833841 -4.62183 -9.84824 1.0088
0 0 26 -1.07462 2.94674 -6.21303 8.77971
0 0 27 -3.83217 3.28414 4.41222 3.90114
0 0 28 -4.23808 -1.74878 5.71356 -1.57512
0 0 29 -0.969479 -13.4725 -2.41446 -3.1083
0 0 30 -5.88702 -9.84731 -3.44578 -4.70868
0 0 31 -8.40102 2.07885 0.863566 -0.871509
0 0 32 -5.6448 2.86939 6.02198 3.60207
0 0 33 -7.61182 -4.54503 3.81428 2.94652
0 0 34 -3.16807 0.12142 -0.495676 1.32701
0 0 35 -4.60407 3.55405 1.60597 2.1272
0 0 36 -8.54741 3.6314 -0.679144 5.13525
0 0 37 -6.31955 4.42195 -0.698039 4.6724
0 0 38 -3.32111 1.47154 -2.02863 -1.05442
0 0 39 -4.19948 -5.74044 0.218078 -4.03355
0 0 40 -7.74757 -5.35477 -6.22278 1.2015
0 0 41 -4.32459 -6.39603 -10.2725 5.70401
0 0 42 1.97173 -4.21696 -4.88243 8.71251
0 0 43 9.48179 -4.55435 2.98472 6.56206
0 0 44 4.19826 2.77284 0.034611 2.29142
0 0 45 -2.61842 10.3222 -2.66498 1.78006
0 0 46 -9.98342 2.59948 -2.48212 -2.48168
0 0 47 -9.09573 -6.94573 -4.50636 -8.92191
0 0 48 -0.0338822 -14.167 1.68338 -11.0626
0 0 49 4.40055 -10.4744 6.55227 -5.60544
0 0 50 -4.34322 -7.63972 13.2723 -3.7634
0 0 51 -7.07282 -7.27325 5.67516 -6.02957
0 0 52 -0.670035 -2.79004 0.950728 -6.90719
0 0 53 -2.4148 -0.688324 2.93656 -1.81634
0 0 54 -5.18299 0.42041 0.391184 -4.12033
0 0 55 -4.68126 0.0254135 -6.21303 -5.10388
0 0 56 0.545043 1.50994 -9.08633 4.1517
0 0 57 6.69629 8.57709 -8.44023 0.671013
0 0 58 8.28667 5.69416 -8.29578 0.0639729
0 0 59 7.11951 -2.90579 -5.8083 5.30881
0 0 60 4.22754 -8.53614 0.150421 9.18515
0 0 61 6.62842 -8.81593 -0.303066 13.8706
0 0 62 11.0642 -2.70336 0.998881 15.0664
0 0 63 8.35455 -1.16067 -2.58818 8.37472
0 0 64 1.93313 -2.85751 -0.312209 -0.514584
0 0 65 2.95524 1.27843 2.72445 2.22333
0 0 66 3.83228 0.99919 5.15463 0.208612
0 0 67 8.32527 -4.77599 -5.93325 2.16591
0 0 68 8.66331 -1.83546 1.11469 0.613157
0 0 69 8.75913 -0.264251 0.680708 -0.225306
0 0 70 10.5917 -9.56807 -1.97073 -2.66459
0 0 71 10.6104 -8.95089 1.22075 -3.00238
0 0 72 7.40032 -1.56555 -1.15153 2.08848
0 0 73 3.6393 1.84734 5.19303 5.92609
0 0 74 1.90385 7.52651 13.4942 7.45882
0 0 75 2.46282 2.85019 12.1057 9.96575
0 0 76 1.04545 -6.99346 0.883071 4.89403
0 0 77 1.80803 -7.37913 0.333279 -1.25647
0 0 78 0.718056 -1.41139 4.73954 -3.85998
0 0 79 -1.17177 3.1393 6.51387 1.38486
0 0 80 -1.49916 6.7837 2.56049 1.7992
0 0 81 0.60227 5.12581 -4.39115 1.05687
0 0 82 -0.747225 0.112093 -7.72709 6.18689
0 0 83 -7.24583 -1.58475 -6.83048 0.912226
0 0 84 -2.32829 -3.27226 0.564898 -1.41135
0 0 85 4.11176 -4.90162 1.00863 0.709731
0 0 86 3.3891 -4.0436 0.632556 -3.29166
0 0 87 2.67576 -3.38802 -3.55184 -4.61255
0 0 88 7.61193 5.91635 -0.871754 -5.74963
0 0 89 8.72054 10.438 0.227221 -7.15731
0 0 90 8.9907 5.47253 -1.5849 -2.51061
0 0 91 4.65209 2.73443 -2.76128 -2.54888
0 0 92 -1.31683 2.5512 -2.62658 3.40937
0 0 93 2.38563 0.651922 -6.23253 6.52378
0 0 94 -0.361275 -1.49807 -0.977811 6.69735
0 0 95 0.023345 -0.196772 3.80453 -0.129176
0 0 96 6.14665 -2.37529 -0.225656 -3.07893
0 0 97 4.97948 2.94674 -3.57134 1.33635
0 0 98 -1.1904 8.2013 -12.8654 2.66703
0 0 99 -0.429149 -0.0327388 -11.2367 1.83792
0 0 100 -1.82789 -2.59747 -6.86888 7.01556
0 0 101 -1.79861 -0.678449 2.95607 9.36806
0 0 102 1.81735 -3.71553 -1.29598 4.76898
0 0 103 -1.34478 -1.24735 -4.67032 2.07869
0 0 104 -2.09672 -5.92368 -7.59177 0.941154
0 0 105 0.29351 -0.466687 -5.76015 8.03738
0 0 106 4.68137 2.88859 -12.326 6.14772
0 0 107 5.38406 -8.40118 -7.54362 -5.37402
0 0 108 3.37978 -13.7622 -5.30666 -4.49639
0 0 109 1.42208 -10.561 -5.31641 -2.12475
0 0 110 3.06037 -4.55435 -5.67299 -1.3437
0 0 111 8.20017 0.285453 -6.91703 -3.08916
0 0 112 8.13229 0.883434 -2.1926 -4.30369
0 0 113 3.50488 -3.04075 -4.48746 -5.94278
0 0 114 0.843157 -3.19491 -14.7933 -1.56578
0 0 115 -0.901605 -4.13028 -12.1327 0.757796
0 0 116 -1.76001 -3.5323 -0.379866 6.01287
0 0 117 0.149777 -4.46767 6.86069 -1.53685
0 0 118 3.36914 3.1009 17.6213 -6.3767
0 0 119 -0.226857 1.96309 15.2301 -2.14433
0 0 120 -2.57982 -0.456812 9.67609 3.3613
0 0 121 -5.5197 -5.74044 0.246726 2.6479
0 0 122 -7.3137 -13.8006 -7.75574 -3.06958
0 0 123 -8.88545 -11.9013 -11.4873 -3.30056
0 0 124 -3.92 0.777553 -6.66651 -2.66459
0 0 125 -1.11321 0.970114 3.64056 -7.52358
0 0 126 0.660828 -0.669122 10.6209 -5.52845
0 0 127 2.79154 -6.64674 9.43533 1.63542
0 0 128 -4.72917 -7.96724 -0.157999 1.88598
0 0 129 -8.87481 -3.32986 -0.736439 6.19579
0 0 130 -8.76834 2.64775 -1.39229 4.74005
0 0 131 -8.4995 -8.62337 -0.900401 0.112038
0 0 132 -2.36689 -6.7625 8.87578 4.74005
0 0 133 -2.62773 0.0539411 7.80606 4.80769
0 0 134 2.60788 2.88859 5.75196 1.09558
0 0 135 8.43174 5.53068 -3.44578 4.16149
0 0 136 6.9079 2.03057 -8.13181 0.84458
0 0 137 -0.660719 -1.7197 -8.03551 -2.07624
0 0 138 -5.356 2.80191 -3.39763 -1.31477
0 0 139 0.0819029 2.65763 1.10494 3.39023
0 0 140 -0.969479 -3.75394 -1.47884 -0.292952
0 0 141 -6.87984 -0.939037 0.805661 -4.33261
0 0 142 -4.38181 10.0331 -1.77812 -3.07893
0 0 143 -6.40739 4.28699 -5.15245 6.5042
0 0 144 -6.03075 -1.16067 -3.78346 4.38312
0 0 145 -7.37892 1.27843 -8.26652 2.76361
0 0 146 -5.38528 1.39419 -7.65943 3.51529
0 0 147 -0.949516 -2.04777 -8.51764 0.883299
0 0 148 -2.71424 -1.35323 -9.45266 0.922017
0 0 149 -8.1801 -5.28729 -3.91816 5.27054
0 0 150 -9.06778 -8.42038 6.09939 5.66574
0 0 151 -6.85988 -4.27456 4.81695 2.5126
0 0 152 -0.824415 -1.42071 -3.98582 -1.14121
0 0 153 -1.74005 -2.50092 -10.7449 -4.51553
0 0 154 -4.51756 -5.13313 -11.2849 -2.9828
0 0 155 -4.79704 -6.17439 -6.5123 -2.14433
0 0 156 -8.06564 1.34591 5.48194 -5.21024
0 0 157 -5.09516 3.21666 3.56316 0.449381
0 0 158 -1.56704 2.37784 5.96408 8.96307
0 0 159 -1.42197 -0.109544 -5.1238 12.8492
0 0 160 -3.25457 6.91865 -3.77371 9.06009
0 0 161 -6.04007 11.0842 2.24231 2.68617
0 0 162 -1.36475 3.88157 -3.74506 2.89846
0 0 163 2.60788 -4.86322 -8.02576 -2.56802
0 0 164 0.824525 0.150496 -3.35923 -7.64953
0 0 165 0.688777 2.22368 -7.45707 -3.61876
0 0 166 -2.32829 -6.06796 -3.55184 0.661667
0 0 167 -0.47706 -4.85334 -0.640134 -1.80655
0 0 168 -3.99719 -0.707525 -3.77371 -2.36552
0 0 169 -9.07843 -0.99664 9.65719 -4.4866
0 0 170 -10.0327 -1.38231 13.3211 -1.22799
0 0 171 -4.12229 -8.52681 -5.1622 4.76898
0 0 172 -3.25457 -9.1824 -10.9088 5.48238
0 0 173 7.09156 -9.79958 -7.48572 -3.27163
0 0 174 10.3109 -5.41237 -0.775449 -3.56135
0 0 175 9.71336 2.59948 6.2341 1.80899
0 0 176 8.38383 -0.0327388 6.49436 2.24291
0 0 177 3.68721 -3.5131 4.20925 1.65456
0 0 178 -4.17021 -1.29563 5.21192 -3.85063
0 0 179 -4.77708 -2.00882 1.57732 -0.919574
0 0 180 -4.43105 -6.43443 5.13512 10.2746
0 0 181 -6.53249 0.709526 0.391184 5.86868
0 0 182 -8.64324 -2.31769 2.12711 -0.254233
0 0 183 -12.5759 -11.4383 10.1003 2.35862
0 0 184 -5.34669 -8.75833 3.12978 3.69865
0 0 185 -0.342642 -12.5761 -1.88418 -0.389527
0 0 186 3.56211 -11.689 6.56202 -5.89472
0 0 187 4.97948 -8.79673 5.25093 -5.95257
0 0 188 1.56715 -2.87672 -4.26559 -4.99795
0 0 189 0.29351 -2.15365 -4.09188 -0.910228
0 0 190 -3.92 -5.94288 -4.72822 2.59049
0 0 191 -10.6968 4.59531 -2.88685 -1.58491
0 0 192 -5.57826 3.0625 3.29374 -2.51061
0 0 193 1.52855 -7.80375 6.74549 0.835234
0 0 194 -4.14093 -7.64959 3.42845 5.86868
0 0 195 -4.06374 -8.44946 0.777013 4.42184
0 0 196 4.48839 -4.60263 -1.99023 1.08579
0 0 197 1.79739 -5.86552 -7.2157 1.41379
0 0 198 -0.458428 -2.13445 -1.65256 -3.70599
0 0 199 -0.844378 1.84734 0.0632587 -3.5035
0 0 200 -0.960163 1.2499 -2.9734 -0.0713204
0 0 201 3.7644 -3.27226 -6.93653 1.64521
0 0 202 4.77719 2.46452 -0.669391 0.922017
0 0 203 4.54562 9.1844 -2.2505 -0.57244
0 0 204 2.71435 5.39572 -4.71847 -2.51061
0 0 205 1.37417 -1.93201 -2.9545 -4.30369
0 0 206 2.7037 -0.264251 -4.68007 -5.96236
0 0 207 4.5749 3.55405 -4.44845 -8.25657
0 0 208 5.41334 2.02124 3.67896 -2.47189
0 0 209 2.13542 5.78139 3.69847 1.65456
0 0 210 11.2172 4.65291 2.27157 -0.97743
0 0 211 29.8067 10.6887 -4.76662 -3.81236
0 0 212 39.4488 15.9816 -9.61662 -8.2668
0 0 213 46.352 9.7341 -10.5906 -10.4257
0 0 214 52.108 4.73026 -15.8838 -14.0991
0 0 215 64.8736 2.70536 -18.7851 -10.2815
0 0 216 70.2636 4.66278 -22.3234 -4.8146
0 0 217 74.0819 3.55405 -18.9204 -1.65256
0 0 218 71.0342 0.169697 -12.2193 -1.12207
0 0 219 56.8619 -1.39219 -3.38788 -1.05442
0 0 220 45.1955 -2.43344 -3.0697 1.9247
0 0 221 29.3156 0.430285 -12.933 0.353251
0 0 222 11.333 -10.5802 -13.6846 -1.69083
0 0 223 8.50893 -12.1229 -14.0229 -1.41135
0 0 224 6.80143 -6.73342 -11.9304 4.42184
0 0 225 -2.33894 4.79774 -6.09722 0.835234
0 0 226 -6.06935 10.1971 1.69313 0.0252541
0 0 227 -0.728593 0.622846 2.24231 -0.736661
0 0 228 2.55997 -5.33557 0.603298 3.87221
0 0 229 5.53844 -7.43728 1.12383 2.91759
0 0 230 2.35768 -4.78587 1.19149 0.728868
0 0 231 -3.16807 -4.38099 7.96027 2.34883
0 0 232 -5.09516 -5.98128 11.6046 -0.958293
0 0 233 -2.23247 -5.57641 5.4728 -1.30543
0 0 234 2.97387 -2.76096 1.33595 3.65993
0 0 235 -0.747225 1.69318 8.13338 -0.389527
0 0 236 -6.39674 0.217974 1.51942 -6.74297
0 0 237 -0.728593 2.43544 -5.58643 -11.2749
0 0 238 3.69786 -0.427735 -4.42955 -12.3252
0 0 239 2.48278 -4.83414 -3.88952 -4.47681
0 0 240 2.0782 -2.66495 -3.55184 -0.534166
0 0 241 -1.52844 -4.89175 -0.293314 -3.11809
0 0 242 1.96241 -3.93717 3.96849 -0.350808
0 0 243 4.74791 0.777553 11.3828 -0.996566
0 0 244 0.515764 -4.84347 9.1074 -0.871509
0 0 245 -1.21968 -12.3835 0.950728 -2.54888
0 0 246 2.22193 -15.9314 -3.16662 -4.41895
0 0 247 6.97577 -10.0113 8.13338 -4.0914
0 0 248 6.37822 -2.50092 14.815 -4.38068
0 0 249 8.77909 -8.73858 9.61818 -1.48834
0 0 250 4.97948 -6.49258 0.593546 1.33635
0 0 251 10.3881 5.30849 2.56049 -2.83816
0 0 252 10.8898 7.95058 2.12711 -6.3767
0 0 253 11.719 2.63788 -1.71046 -8.24722
0 0 254 9.95425 -0.418409 0.208326 -3.20443
0 0 255 1.38349 3.60233 5.84827 0.584229
0 0 256 -0.574213 5.47253 11.1609 -1.28584
0 0 257 4.19826 3.52497 14.4968 -6.1159
0 0 258 0.00471288 8.88596 13.6965 -5.63437
0 0 259 -0.872326 -4.48688 10.8817 -2.80878
0 0 260 8.36386 -10.3394 -8.81631 -2.49102
0 0 261 5.45194 -5.77884 -9.89639 -1.30543
0 0 262 -1.84652 -4.67011 -5.01775 -2.97345
0 0 263 -1.24896 -9.32668 -3.09896 -4.19732
0 0 264 7.98856 -8.41106 3.01397 -5.72071
0 0 265 8.45969 -5.66309 3.88133 -6.33798
0 0 266 2.11679 -2.51025 -1.17042 1.2785
0 0 267 3.37978 -0.620845 -3.22452 1.29808
0 0 268 3.62998 1.54835 -2.59732 -2.3851
0 0 269 5.28824 4.59531 -5.53828 0.661667
0 0 270 4.08248 7.50676 -10.8503 3.11074
0 0 271 -0.129704 6.61034 -11.458 0.565092
0 0 272 0.545043 0.950913 -8.81631 1.28829
0 0 273 -0.602161 -11.4865 -10.4651 2.18505
0 0 274 4.67072 -11.9106 -10.523 -1.17013
0 0 275 2.367 -4.11108 -8.06416 1.076
0 0 276 -3.04163 -0.948363 -10.3395 5.55937
0 0 277 1.23842 -1.72958 -5.97226 -5.21024
0 0 278 3.89083 -0.707525 -2.37606 -5.9815
0 0 279 1.7202 3.58313 0.236974 -2.26895
0 0 280 0.968258 6.10891 0.555146 -0.919574
0 0 281 5.01807 3.43829 -5.86621 -0.0615294
0 0 282 4.52699 3.27426 -8.5274 -2.49102
0 0 283 7.10088 8.10474 2.55134 -5.02688
0 0 284 7.00505 15.1428 5.16377 -3.7634
0 0 285 11.4874 10.8428 2.35812 -3.378
0 0 286 9.7626 5.90648 0.478346 -3.51329
0 0 287 9.83846 1.14347 8.84713 -6.67577
0 0 288 10.3695 -7.15749 8.03707 -5.01709
0 0 289 7.40032 -0.861683 -3.09896 -6.00064
0 0 290 2.46282 -5.3641 -3.21477 -4.84397
0 0 291 2.13542 -11.7757 0.940976 4.34485
0 0 292 10.1765 -5.16166 5.06746 3.96879
0 0 293 9.97421 -4.21696 4.36346 1.24022
0 0 294 0.640866 -11.1201 4.87485 -3.39713
0 0 295 -2.92585 -8.05446 4.79744 -9.1827
0 0 296 0.254915 1.20163 3.76613 -7.57253
0 0 297 -1.89443 4.9711 1.00863 -5.67309
0 0 298 -0.910921 -0.128745 4.7304 0.169893
0 0 299 2.91664 -2.626 9.15555 9.95596
0 0 300 0.00471288 -6.81077 0.140668 10.0917
0 0 301 0.949626 -9.09572 -13.8784 7.66131
0 0 302 2.83014 -10.0404 -11.8822 3.44809
0 0 303 5.57704 -7.82295 -0.746191 -2.0669
0 0 304 6.54191 -0.31198 1.58707 -1.19906
0 0 305 1.85594 -2.88659 -4.52586 2.1944
0 0 306 0.284194 -0.389333 -1.75861 2.52239
0 0 307 3.83228 -0.52429 1.02753 6.05115
0 0 308 4.65209 -2.31769 0.112021 1.69328
0 0 309 1.13328 -6.21279 -0.379866 0.0252541
0 0 310 -0.689998 -14.3311 -1.35389 -2.65524
0 0 311 -0.824415 -17.6858 0.218078 -2.23112
0 0 312 3.82296 -9.00904 1.70288 -3.14702
0 0 313 3.90015 -5.54733 -0.379866 -0.630295
0 0 314 -3.96791 -1.03504 5.15463 -2.74158
0 0 315 -13.1349 2.99502 1.19149 -2.1924
0 0 316 -10.8325 2.5896 -11.7183 -0.958293
0 0 317 -5.38528 -1.6237 -13.0781 -4.19732
0 0 318 1.65365 -3.68646 -8.00625 -0.659223
0 0 319 5.54909 5.05833 -9.04793 5.93588
0 0 320 0.438574 7.32407 -9.76108 4.68219
0 0 321 -2.24178 3.25506 -8.40183 -0.341017
0 0 322 1.66297 5.8198 -7.34126 1.50992
0 0 323 -2.57982 5.38585 -7.46682 1.03773
0 0 324 -4.30462 4.20964 -9.37586 -0.939156
0 0 325 -1.40334 3.73729 -3.97607 1.93449
0 0 326 1.32493 -1.05479 4.98091 1.98256
0 0 327 -0.429149 -1.32471 3.04262 -1.3437
0 0 328 0.833841 -3.80221 -3.27268 -1.074
0 0 329 5.74206 -9.99214 1.41336 4.4797
0 0 330 3.45697 -14.6685 4.79744 7.51668
0 0 331 2.34703 -1.10307 1.1726 1.9919
0 0 332 6.59914 6.84185 -9.00892 0.227749
0 0 333 5.92439 8.8086 -8.83582 1.22064
0 0 334 -1.91439 10.467 -2.27001 0.227749
0 0 335 -2.95513 2.60935 -6.01066 2.38755
0 0 336 -3.68843 -1.10307 -12.3936 1.69328
0 0 337 -4.56547 -1.1124 -5.93325 1.0088
0 0 338 -1.46057 -3.01167 -0.351219 1.25936
0 0 339 -2.18456 -6.14531 0.950728 2.75382
0 0 340 0.747335 -3.40722 -3.93767 2.52239
0 0 341 -1.39402 6.39803 -4.80563 1.01815
0 0 342 1.90385 9.63755 3.56316 -0.331671
0 0 343 2.34703 3.87224 1.76018 -0.148313
0 0 344 -0.815099 0.941038 -11.9596 1.43293
0 0 345 -0.467744 -1.05479 -15.0158 -0.57244
0 0 346 -3.19601 2.31036 -3.30132 -2.35618
0 0 347 -2.74352 9.7341 8.3266 0.0350451
0 0 348 3.86155 11.595 15.3361 1.84771
0 0 349 2.25121 3.29346 9.41582 -1.40156
0 0 350 -11.5552 3.6314 4.89375 0.169893
0 0 351 -10.9669 4.5569 4.46038 2.46454
0 0 352 -3.76562 3.93972 3.86243 4.71112
0 0 353 -6.1279 6.13799 0.950728 2.30076
0 0 354 -5.04724 6.29215 2.19416 -4.20756
0 0 355 -2.20319 0.33373 6.18594 -4.17863
0 0 356 0.611587 -4.4578 7.61284 -2.83816
0 0 357 5.98295 -5.97195 6.05124 -1.55599
0 0 358 12.9726 -2.14433 -0.900401 0.815652
0 0 359 8.47965 -1.35323 -7.18705 -1.17992
0 0 360 -2.04881 -0.31198 -5.61508 -3.20443
0 0 361 -3.94795 2.30048 -4.12114 -2.22088
0 0 362 -3.92932 4.65291 -6.83048 -3.58984
0 0 363 -5.62617 2.06897 -9.4429 -5.63437
0 0 364 -4.96074 -3.70621 -10.2146 -3.99527
0 0 365 -8.60597 -6.04876 -8.71025 0.4881
0 0 366 -11.4886 -2.25021 -4.11138 4.55669
0 0 367 -9.06778 5.27009 -1.70071 3.28431
0 0 368 -3.23461 5.09673 2.91767 -0.746007
0 0 369 -1.76001 3.78556 0.979376 -4.64147
0 0 370 -1.25828 1.87641 0.0632587 -6.22272
0 0 371 2.00101 2.58027 1.47126 -10.1947
0 0 372 -5.96288 4.62438 -1.13202 -7.10924
0 0 373 -12.6824 9.44499 -0.862001 -0.852372
0 0 374 -8.95067 13.0603 2.56049 2.45475
0 0 375 -5.40392 9.6957 4.58533 6.90029
0 0 376 -5.49175 3.91065 8.24919 6.94836
0 0 377 -6.5418 3.1009 7.38183 4.28699
0 0 378 -9.50164 4.36379 8.05658 4.50863
0 0 379 -10.1271 1.35578 8.27845 -4.86266
0 0 380 -8.47954 -0.0420651 3.05237 -4.8818
0 0 381 -2.48267 0.439611 -0.495676 -0.813653
0 0 382 3.24403 0.680998 5.34724 -2.28897
0 0 383 2.90733 -1.55567 7.27578 2.03062
0 0 384 4.19826 6.65862 12.2215 4.78811
0 0 385 5.53844 13.4076 10.4666 0.950945
0 0 386 6.70561 10.8719 1.58707 0.227749
0 0 387 6.85999 5.66564 -2.13469 1.38486
0 0 388 2.13542 6.33055 1.44201 0.767587
0 0 389 3.6779 6.34042 2.39652 -3.66727
0 0 390 8.2574 -3.27226 -0.939411 -6.48262
0 0 391 6.39685 3.07183 -1.04547 -8.34335
0 0 392 5.37475 9.54154 -2.59732 -4.4866
0 0 393 3.97734 9.21348 3.89108 -1.43048
0 0 394 -1.45125 -1.03504 12.1349 -3.52263
0 0 395 -6.14521 -4.52528 15.9048 -0.283161
0 0 396 -7.66106 -2.25953 13.2631 1.2785
0 0 397 -6.85988 0.796754 6.20545 -1.37263
0 0 398 -5.30809 -0.80408 0.805661 -3.26273
0 0 399 -2.03018 6.10891 7.6226 -4.27476
0 0 400 -3.2732 11.8073 14.6998 0.738659
0 0 401 -9.3273 10.1006 14.0147 6.9577
0 0 402 -5.356 9.42579 12.781 5.7908
0 0 403 2.33772 9.23268 14.2366 0.864162
0 0 404 4.71996 1.44246 10.4185 -2.15368
0 0 405 2.88736 1.2307 2.49344 -2.32725
0 0 406 0.572991 -0.341056 8.39365 -5.46036
0 0 407 -0.458428 -4.51595 16.8789 -4.4866
0 0 408 -0.756541 -4.09188 14.2756 0.314533
0 0 409 -1.61495 -1.1508 13.6002 3.05289
0 0 410 0.756651 6.75517 11.5083 1.90556
0 0 411 5.56772 11.0069 4.51828 -3.14702
0 0 412 4.54562 7.45903 -2.18284 -4.34241
0 0 413 2.01964 4.383 2.84026 -0.669014
0 0 414 0.274878 -1.45966 9.63769 -0.350808
0 0 415 4.07316 -2.98314 3.79477 -4.01441
0 0 416 7.95928 -3.33974 -2.77104 -6.1257
0 0 417 -0.188262 -5.82712 1.85709 -7.34111
0 0 418 -1.48985 -4.46767 4.60483 -1.88398
0 0 419 0.429258 1.98229 -2.68448 1.66435
0 0 420 -0.236173 3.75649 -1.36364 1.96297
0 0 421 -2.93649 0.188898 0.989128 0.536164
0 0 422 -4.17952 -3.5131 2.93656 1.15344
0 0 423 -2.50263 -4.75679 3.78502 1.5295
0 0 424 -5.11512 -0.620845 -1.61416 -1.93205
0 0 425 -7.57322 3.73729 -7.37966 -2.74158
0 0 426 -5.20162 -0.562693 -8.49814 5.04846
0 0 427 -2.4148 -3.39734 -1.10337 8.61593
0 0 428 -0.699314 -0.186897 6.61017 3.34217
