0 0 0 0.644807
0 0 1 0.646089
0 0 2 0.622154
0 0 3 0.564464
0 0 4 0.522162
0 0 5 0.486698
0 0 6 0.429008
0 0 7 0.393544
0 0 8 0.355943
0 0 9 0.28885
0 0 10 0.223895
0 0 11 0.257233
0 0 12 0.129887
0 0 13 0.138007
0 0 14 0.134588
0 0 15 0.107245
0 0 16 0.0713423
0 0 17 0.110664
0 0 18 0.0333138
0 0 19 0.0294671
0 0 20 0.0576763
0 0 21 0.0213462
0 0 22 0.0623779
0 0 23 0.0576763
0 0 24 0.0525474
0 0 25 0.0132366
0 0 26 0.00426097
0 0 27 0.0196478
0 0 28 0.0290397
0 0 29 0.0465636
0 0 30 -0.0230935
0 0 31 0.0333138
0 0 32 -0.0739443
0 0 33 0.0281848
0 0 34 0.00383356
0 0 35 0.034596
0 0 36 0.0145189
0 0 37 0.0410072
0 0 38 0.00126908
0 0 39 0.0213462
0 0 40 0.00768027
0 0 41 0.0431443
0 0 42 -0.0106985
0 0 43 0.018793
0 0 44 0.0371605
0 0 45 0.0598134
0 0 46 -0.0286386
0 0 47 0.0269026
0 0 48 0.0341686
0 0 49 0.0303219
0 0 50 0.00597062
0 0 51 0.0422895
0 0 52 0.0162285
0 0 53 0.0555393
0 0 54 0.00383356
0 0 55 0.034596
0 0 56 0.00340615
0 0 57 0.00639804
0 0 58 0.073052
0 0 59 0.00126908
0 0 60 -0.0209564
0 0 61 0.0175108
0 0 62 -0.00257764
0 0 63 0.0230559
0 0 64 -0.0491544
0 0 65 -0.0773524
0 0 66 -0.000440571
0 0 67 -0.0128355
0 0 68 0.0384428
0 0 69 -0.0166823
0 0 70 -0.00984365
0 0 71 0.0328864
0 0 72 -0.00856142
0 0 73 -0.0171097
0 0 74 -0.0012954
0 0 75 0.018793
0 0 76 -0.0012954
0 0 77 -0.0465899
0 0 78 0.0230559
0 0 79 -0.00172281
0 0 80 0.00126908
0 0 81 0.00597062
0 0 82 -0.00428729
0 0 83 0.0149463
0 0 84 0.0123818
0 0 85 -0.0564204
0 0 86 -0.0346224
0 0 87 -0.00685176
0 0 88 0.0623779
0 0 89 -0.00898883
0 0 90 0.0298945
0 0 91 -0.0359046
0 0 92 0.00554321
0 0 93 0.00426097
0 0 94 0.00340615
0 0 95 0.0192204
0 0 96 -0.0286386
0 0 97 0.0529748
0 0 98 -0.000440571
0 0 99 -0.000867984
0 0 100 -0.0145452
0 0 101 0.0384428
0 0 102 0.00468838
0 0 103 0.0175108
0 0 104 0.0158011
0 0 105 -0.0312031
0 0 106 0.0234833
0 0 107 -0.027795
0 0 108 0.0158011
0 0 109 0.0337412
0 0 110 0.0354509
0 0 111 0.0307493
0 0 112 0.0679342
0 0 113 0.075189
0 0 114 0.146983
0 0 115 0.176463
0 0 116 0.194842
0 0 117 0.214931
0 0 118 0.268335
0 0 119 0.332008
0 0 120 0.362782
0 0 121 0.440548
0 0 122 0.480286
0 0 123 0.508068
0 0 124 0.546952
0 0 125 0.567456
0 0 126 0.596093
0 0 127 0.659766
