0 0 0 -11.6826 -1.87708 -14.8159 0.118266
0 0 1 -3.83963 -6.19199 -8.91774 5.61731
0 0 2 2.832 1.66014 4.03678 -0.666785
0 0 3 -2.26084 -8.17384 2.4747 -6.56019
0 0 4 -4.24705 -27.4153 1.28967 -6.95088
0 0 5 -4.60355 -13.2664 -4.20456 -2.63126
0 0 6 -12.4975 -3.45754 -23.4478 -4.59573
0 0 7 -6.18233 4.39459 -16.378 -6.16583
0 0 8 -2.26084 -9.35291 -11.2743 1.29768
0 0 9 -3.4322 -2.65477 -4.59508 0.903316
0 0 10 2.832 -14.4455 6.78389 4.04721
0 0 11 2.832 -27.7916 14.6482 2.47342
0 0 12 -2.26084 -4.23523 18.5669 -5.77146
0 0 13 2.4755 -10.532 -1.84796 -11.6649
0 0 14 -6.99719 -5.01292 -10.1028 -3.41631
0 0 15 -14.0253 -3.05616 1.28967 0.508948
0 0 16 -6.18233 -9.72921 2.07071 -4.59573
0 0 17 -8.93247 -4.63662 -6.56115 -2.63126
0 0 18 -9.74732 -15.2232 -6.56115 5.61731
0 0 19 -6.18233 -20.7423 -7.35565 5.61731
0 0 20 -7.76112 -16.4023 -6.95167 -3.02562
0 0 21 -3.4322 -16.4023 -1.84796 -5.77146
0 0 22 -0.274636 -23.1004 -17.1725 -7.73593
0 0 23 -7.35369 -16.8037 -14.4254 0.508948
0 0 24 -9.74732 0.079678 4.83129 0.508948
0 0 25 -4.24705 -8.95152 -3.81403 6.40236
0 0 26 -3.02477 2.43783 -1.84796 5.22294
0 0 27 -5.41841 3.6169 18.1763 -3.02562
0 0 28 -5.41841 -7.37106 9.54447 0.118266
0 0 29 -8.16854 -5.4143 -7.35565 -4.98641
0 0 30 -2.26084 -8.55014 -18.7346 -7.34525
0 0 31 4.41078 7.55551 -7.74617 -5.38078
0 0 32 1.66064 16.5867 9.14048 -3.81067
0 0 33 -9.3399 16.963 12.2916 -2.63126
0 0 34 -14.4327 4.01829 11.1066 -0.276103
0 0 35 -14.4327 6.37643 16.6142 2.47342
0 0 36 -4.24705 22.457 8.35944 -3.81067
0 0 37 4.81821 3.21551 -4.59508 -6.56019
0 0 38 -4.60355 2.03644 8.74996 0.508948
0 0 39 -9.74732 9.91365 8.74996 1.68837
0 0 40 -6.18233 -15.2232 -14.4254 -12.8443
0 0 41 -1.49692 -5.4143 -12.4594 -8.91535
0 0 42 4.81821 7.55551 -17.5631 7.18741
0 0 43 7.56834 -3.83384 -20.3102 0.508948
0 0 44 1.66064 -9.35291 -11.2743 2.47342
0 0 45 4.00335 -0.321709 4.03678 -8.1303
0 0 46 3.23942 14.6049 4.4273 -6.56019
0 0 47 0.0818625 5.19736 -8.52722 6.79304
0 0 48 7.16091 0.079678 -9.30826 2.86779
0 0 49 10.3185 6.75273 1.28967 1.68837
0 0 50 4.41078 -2.65477 0.508628 0.508948
0 0 51 2.06807 -12.0874 -6.17063 -2.63126
0 0 52 -1.08949 10.6913 2.4747 0.508948
0 0 53 -7.35369 13.0495 -10.8838 2.08274
0 0 54 -7.76112 -12.0874 -18.7346 2.86779
0 0 55 -9.3399 -6.59338 -6.56115 -2.23689
0 0 56 2.832 7.15412 5.22181 -5.38078
0 0 57 9.91105 -3.83384 7.5784 2.08274
0 0 58 -7.76112 -13.6678 -6.56115 3.65284
0 0 59 -9.3399 -12.0874 -16.782 4.43789
0 0 60 -0.682064 -12.4887 3.64626 1.29768
0 0 61 5.58213 -7.77245 13.4631 -5.38078
0 0 62 1.66064 1.66014 1.28967 -4.59573
0 0 63 -10.9187 7.15412 0.899149 2.86779
0 0 64 -13.2614 4.01829 2.4747 0.508948
0 0 65 -6.18233 -3.05616 -2.64247 -1.8462
0 0 66 -4.60355 -7.37106 0.899149 0.903316
0 0 67 -3.4322 -6.59338 -1.06692 -4.59573
0 0 68 -8.52504 -3.83384 -12.4594 0.903316
0 0 69 -10.1038 -14.4455 -10.1028 9.93693
0 0 70 -5.01098 -16.8037 -2.64247 9.54256
0 0 71 -4.24705 -9.35291 6.39337 8.75751
0 0 72 0.0818625 -7.77245 -0.676401 6.79304
0 0 73 -3.83963 -7.37106 -11.2743 6.40236
0 0 74 -3.02477 -6.59338 -4.20456 1.68837
0 0 75 5.58213 -3.83384 -9.30826 -1.8462
0 0 76 4.00335 8.73458 -7.74617 -8.91535
0 0 77 -1.08949 11.469 2.4747 -7.73593
0 0 78 0.48929 2.83921 3.64626 -1.06115
0 0 79 -1.49692 5.97505 -2.23848 -1.06115
0 0 80 -10.1038 -2.65477 -15.2065 7.18741
0 0 81 0.0818625 -20.7423 3.64626 4.04721
0 0 82 10.3185 -18.3841 13.4631 1.68837
0 0 83 0.0818625 -2.65477 7.18788 1.29768
0 0 84 -1.85342 1.66014 -1.06692 -7.34525
0 0 85 -2.26084 3.21551 -9.30826 -4.98641
0 0 86 0.48929 -3.45754 -7.74617 2.47342
0 0 87 -4.24705 -4.63662 -14.0214 -1.8462
0 0 88 -12.854 12.2467 -20.7007 0.118266
0 0 89 -15.2985 9.51227 -18.7346 0.508948
0 0 90 -5.01098 0.079678 -11.6648 1.68837
0 0 91 10.3185 -10.532 -5.38958 3.65284
0 0 92 2.4755 -11.3097 -4.20456 -1.45184
0 0 93 -8.52504 -12.4887 5.22181 -6.95088
0 0 94 -11.2752 -5.81569 3.25574 -4.20136
0 0 95 0.48929 11.8704 -10.4933 0.508948
0 0 96 9.14712 -3.45754 -4.20456 0.508948
0 0 97 0.48929 -13.2664 9.54447 -1.8462
0 0 98 -13.2614 3.6169 6.78389 0.903316
0 0 99 -10.5112 -0.698009 4.83129 8.75751
0 0 100 3.23942 -12.8901 5.61233 3.65284
0 0 101 0.48929 5.57366 -1.06692 0.118266
0 0 102 -2.66827 19.7225 -1.45744 0.508948
0 0 103 -7.76112 2.83921 1.68019 -3.81067
0 0 104 -16.4189 -14.0441 -8.1367 -9.7004
0 0 105 -9.74732 -6.19199 -5.7801 -1.06115
0 0 106 -3.02477 17.7658 3.64626 -2.23689
0 0 107 -6.18233 4.79597 3.64626 -10.4854
0 0 108 -5.77491 -3.45754 -0.676401 -1.06115
0 0 109 0.0818625 -3.83384 -12.4594 2.47342
0 0 110 -0.682064 -3.45754 -11.2743 10.722
0 0 111 -10.1038 5.19736 -12.8499 7.97246
0 0 112 -5.77491 2.03644 -8.52722 -7.73593
0 0 113 3.23942 3.21551 4.03678 3.65284
0 0 114 0.0818625 8.73458 -0.676401 11.9014
0 0 115 0.48929 9.51227 -5.38958 5.61731
0 0 116 -0.274636 6.75273 -1.45744 8.36683
0 0 117 1.66064 -3.45754 10.3255 12.2921
0 0 118 -1.85342 -16.8037 -10.4933 4.04721
0 0 119 -17.1829 -14.0441 -27.3799 8.36683
0 0 120 -16.0624 -6.99476 -18.7346 11.9014
0 0 121 -3.4322 -8.17384 -18.3441 3.25847
0 0 122 0.896717 -6.99476 -12.4594 1.29768
0 0 123 -7.76112 -12.4887 -8.52722 -0.276103
0 0 124 -16.7754 -25.8349 -27.7705 -1.06115
0 0 125 -10.5112 -9.35291 -34.0592 -0.666785
0 0 126 -3.02477 2.03644 -15.9875 2.86779
0 0 127 8.73969 3.21551 -4.59508 2.86779
0 0 128 4.41078 0.481065 -3.81403 -3.41631
0 0 129 2.4755 -8.95152 -12.8499 -1.45184
0 0 130 5.58213 -3.45754 -6.95167 -3.02562
0 0 131 -0.274636 -11.3097 13.0726 -3.02562
0 0 132 2.4755 -14.8469 0.508628 2.47342
0 0 133 -7.76112 -5.81569 -7.35565 -3.02562
0 0 134 -7.35369 1.66014 4.03678 -3.81067
0 0 135 -3.02477 -1.0994 -6.17063 5.22294
0 0 136 -12.09 -11.3097 -1.06692 12.2921
0 0 137 -7.35369 -7.37106 11.9011 3.25847
0 0 138 7.56834 0.079678 4.03678 -4.98641
0 0 139 -1.08949 7.15412 12.6821 -3.02562
0 0 140 -2.66827 5.97505 13.4631 0.903316
0 0 141 6.75349 -7.77245 -1.45744 -0.276103
0 0 142 -8.16854 -6.99476 -4.59508 -3.81067
0 0 143 -17.9468 -1.50078 2.07071 4.04721
0 0 144 -9.3399 -5.4143 4.03678 6.00799
0 0 145 -4.24705 4.39459 0.899149 -0.276103
0 0 146 5.98956 17.7658 -0.28588 -1.06115
0 0 147 9.14712 4.39459 0.508628 -12.0556
0 0 148 9.14712 -0.321709 20.9234 -5.38078
0 0 149 -6.18233 14.2286 19.3614 1.29768
0 0 150 -14.4327 13.8272 11.4971 -3.81067
0 0 151 -8.16854 -3.45754 -3.42351 6.79304
0 0 152 -1.85342 -8.95152 -2.64247 6.79304
0 0 153 3.23942 -13.6678 13.4631 -2.63126
0 0 154 -9.3399 -16.026 2.07071 1.68837
0 0 155 -8.16854 -15.2232 -16.782 -1.45184
0 0 156 9.50362 -10.9083 -4.59508 -8.52098
0 0 157 -0.682064 0.481065 13.8537 -2.23689
0 0 158 -13.2614 11.0676 7.96892 2.86779
0 0 159 2.06807 7.15412 -3.03299 -4.20136
0 0 160 11.8973 -10.9083 -13.6309 -1.45184
0 0 161 9.50362 -4.63662 -1.84796 -1.06115
0 0 162 -6.99719 5.19736 12.6821 -3.02562
0 0 163 -13.2614 1.66014 2.4747 2.47342
0 0 164 -8.93247 -3.05616 0.118107 -1.45184
0 0 165 -10.9187 -11.7111 7.5784 -4.98641
0 0 166 -0.274636 -8.95152 -5.7801 -3.81067
0 0 167 1.66064 0.079678 -10.8838 -1.8462
0 0 168 5.17471 1.25875 -3.81403 -0.666785
0 0 169 7.56834 -5.4143 0.899149 -2.23689
0 0 170 4.81821 -2.65477 2.86522 0.118266
0 0 171 -0.682064 9.51227 5.22181 -2.23689
0 0 172 0.48929 23.2598 13.4631 -6.56019
0 0 173 3.23942 18.5435 11.9011 -1.8462
0 0 174 4.41078 7.93181 6.00285 2.86779
0 0 175 0.48929 18.5435 7.96892 7.97246
0 0 176 3.23942 18.5435 1.28967 1.29768
0 0 177 1.25322 21.303 -1.45744 -0.276103
0 0 178 -8.52504 10.29 -4.99906 -1.8462
0 0 179 -6.18233 -2.27847 -8.91774 0.508948
0 0 180 -4.24705 -2.27847 0.899149 4.83226
0 0 181 -6.99719 -0.321709 4.83129 4.83226
0 0 182 -7.35369 -12.8901 4.83129 -1.8462
0 0 183 0.896717 -14.0441 0.118107 -3.02562
0 0 184 -5.41841 -5.01292 2.4747 7.58178
0 0 185 -9.3399 -19.9395 -4.20456 7.97246
0 0 186 0.48929 -18.7604 -3.42351 1.29768
0 0 187 2.4755 -9.72921 10.716 -5.77146
0 0 188 -5.01098 -6.59338 -5.7801 -4.98641
0 0 189 -6.58976 -6.19199 -11.6648 -4.98641
0 0 190 -3.83963 -8.55014 -8.52722 4.43789
0 0 191 -8.52504 -6.59338 -15.2065 13.8659
0 0 192 -10.5112 -17.9827 -19.1251 2.08274
0 0 193 -5.01098 -9.35291 -2.64247 -10.0948
0 0 194 -5.77491 -1.87708 -2.23848 -10.4854
0 0 195 -12.09 -23.4767 -16.782 -1.45184
0 0 196 -3.83963 -11.3097 -5.38958 9.15188
0 0 197 2.4755 0.481065 -1.84796 11.1163
0 0 198 -5.01098 -5.4143 -8.1367 13.0771
0 0 199 -6.99719 4.79597 4.83129 4.43789
0 0 200 -9.3399 16.1853 6.00285 -3.81067
0 0 201 2.4755 9.91365 -1.45744 4.83226
0 0 202 9.14712 -6.99476 3.64626 2.47342
0 0 203 0.48929 3.21551 0.118107 5.22294
0 0 204 -10.9187 0.079678 -6.56115 -0.276103
0 0 205 -10.1038 -3.83384 -1.45744 -8.1303
0 0 206 -1.49692 6.37643 3.25574 0.118266
0 0 207 1.66064 11.8704 5.61233 -6.95088
0 0 208 3.23942 9.91365 1.68019 -10.0948
0 0 209 -3.4322 -8.95152 -1.45744 4.83226
0 0 210 -6.58976 0.079678 4.03678 3.25847
0 0 211 -1.49692 12.6481 7.18788 -3.41631
0 0 212 -2.66827 -7.77245 -4.20456 -2.63126
0 0 213 -2.66827 -23.4767 -7.74617 0.903316
0 0 214 -1.49692 -18.3841 -2.23848 6.79304
0 0 215 -2.66827 -8.95152 3.64626 -5.38078
0 0 216 6.39699 -5.01292 11.1066 -2.63126
0 0 217 10.3185 -1.87708 15.8197 6.00799
0 0 218 5.58213 17.3644 9.93499 5.22294
0 0 219 1.25322 13.4258 11.1066 5.61731
0 0 220 -7.35369 0.481065 7.5784 0.118266
0 0 221 -1.08949 5.19736 0.899149 -4.59573
0 0 222 0.48929 12.2467 15.4292 4.83226
0 0 223 -1.85342 8.73458 26.4311 9.54256
0 0 224 -1.49692 -11.7111 14.2577 -1.45184
0 0 225 2.4755 -17.5813 3.25574 -7.34525
0 0 226 7.56834 -10.532 3.64626 -2.23689
0 0 227 5.58213 -2.27847 1.28967 4.04721
0 0 228 11.0824 3.6169 -7.74617 4.83226
0 0 229 4.00335 3.6169 -11.6648 0.508948
0 0 230 -4.60355 7.15412 -2.23848 -3.81067
0 0 231 -1.49692 5.19736 -1.45744 -1.45184
0 0 232 7.92484 4.39459 3.64626 -6.16583
0 0 233 21.6755 -5.81569 1.68019 -5.38078
0 0 234 40.9265 -3.45754 -6.17063 9.15188
0 0 235 121.852 12.6481 -13.2404 8.75751
0 0 236 343.339 -0.321709 -21.8857 15.8267
0 0 237 785.602 15.7839 -67.8325 34.6789
0 0 238 1364.51 79.4288 -255.565 60.9947
0 0 239 1692.84 139.11 -485.717 63.3499
0 0 240 1458.37 146.962 -607.465 32.3238
0 0 241 923.058 101.405 -549.345 28.3948
0 0 242 563.707 24.0375 -368.291 35.464
0 0 243 433.686 -63.5401 -260.669 14.6509
0 0 244 412.5 -135.413 -210.4 -17.1639
0 0 245 496.125 -190.002 -144.415 -3.81067
0 0 246 706.663 -229.639 -44.2666 58.6396
0 0 247 1007.9 -188.798 114.797 110.088
0 0 248 1283.58 -65.8983 255.788 53.5312
0 0 249 1396.34 82.1633 275.045 -72.5413
0 0 250 1346.07 302.901 245.19 -102.388
0 0 251 1323.25 639.865 225.947 -54.8685
0 0 252 1819.3 1141.02 193.736 4.83226
0 0 253 3003.08 1414.39 90.4496 75.133
0 0 254 3319.65 887.696 -14.0214 139.153
0 0 255 2027.08 241.614 -14.0214 118.727
0 0 256 742.007 69.5949 13.4631 37.4285
0 0 257 200.791 27.1733 10.716 2.08274
0 0 258 54.2697 13.8272 0.118107 -2.63126
0 0 259 7.56834 -0.321709 2.4747 -2.23689
0 0 260 -4.24705 -8.17384 7.18788 -2.23689
0 0 261 5.58213 1.66014 4.83129 1.29768
0 0 262 4.41078 9.91365 4.03678 7.97246
0 0 263 -5.77491 4.01829 5.22181 5.61731
0 0 264 -3.83963 4.79597 10.716 -3.41631
0 0 265 0.48929 5.57366 11.4971 -11.6649
0 0 266 -1.08949 -6.59338 10.3255 -9.7004
0 0 267 2.06807 -18.3841 10.716 0.508948
0 0 268 3.64685 -12.0874 5.22181 -3.02562
0 0 269 -2.66827 -5.01292 -2.23848 -6.95088
0 0 270 0.48929 -4.63662 -9.71225 0.508948
0 0 271 5.17471 10.6913 -10.1028 -4.98641
0 0 272 11.4898 5.97505 -0.28588 -7.34525
0 0 273 16.9901 0.481065 15.0387 -1.06115
0 0 274 5.98956 -1.87708 7.18788 2.86779
0 0 275 4.00335 -2.27847 2.4747 0.118266
0 0 276 3.23942 -5.4143 10.3255 -7.73593
0 0 277 4.81821 -2.27847 5.61233 -6.56019
0 0 278 8.73969 -3.83384 6.00285 -4.20136
0 0 279 -3.4322 -11.7111 1.28967 -5.77146
0 0 280 -9.3399 -5.01292 -6.56115 0.508948
0 0 281 -6.58976 -4.23523 -3.03299 9.93693
0 0 282 -5.41841 1.25875 4.03678 14.2566
0 0 283 -8.93247 2.83921 21.3274 14.6509
0 0 284 3.23942 -8.55014 8.35944 8.75751
0 0 285 9.91105 -8.55014 -10.8838 -3.81067
0 0 286 5.17471 2.43783 -4.99906 -4.59573
0 0 287 6.39699 -10.9083 -12.4594 4.83226
0 0 288 5.58213 -18.7604 -8.52722 4.04721
0 0 289 -7.35369 -2.27847 13.4631 3.25847
0 0 290 -10.5112 10.29 6.78389 0.903316
0 0 291 -2.26084 13.8272 -7.74617 -3.02562
0 0 292 2.832 4.39459 -8.91774 3.65284
0 0 293 8.73969 8.73458 -7.74617 7.97246
0 0 294 2.4755 -4.63662 -1.84796 -0.276103
0 0 295 4.00335 -14.0441 1.68019 -3.41631
0 0 296 4.00335 -4.23523 -6.95167 3.25847
0 0 297 2.4755 -1.50078 -2.23848 3.65284
0 0 298 -1.08949 10.29 3.25574 4.83226
0 0 299 -0.682064 7.15412 -5.7801 -1.8462
0 0 300 0.0818625 -1.0994 -5.7801 -4.98641
0 0 301 4.00335 8.73458 8.74996 -8.52098
0 0 302 14.6474 13.0495 24.0745 -12.0556
0 0 303 8.33227 5.97505 9.93499 -9.30972
0 0 304 -0.682064 0.857365 -12.4594 -2.63126
0 0 305 -9.3399 -0.321709 -16.782 0.903316
0 0 306 1.66064 -8.17384 -8.52722 -3.02562
0 0 307 15.0039 -17.205 -8.1367 -4.98641
0 0 308 7.92484 -14.0441 -13.6309 -1.06115
0 0 309 3.23942 -7.77245 -1.06692 1.68837
0 0 310 -2.66827 12.2467 9.54447 3.25847
0 0 311 8.33227 24.8151 9.93499 1.68837
0 0 312 17.3975 13.4258 6.00285 1.29768
0 0 313 7.16091 5.97505 -2.23848 -3.41631
0 0 314 -0.274636 -9.35291 -12.0688 -5.38078
0 0 315 -1.49692 -16.026 -24.2423 4.83226
0 0 316 -4.24705 -8.17384 -22.6668 0.118266
0 0 317 -7.35369 5.19736 -4.20456 -3.81067
0 0 318 2.4755 0.481065 3.64626 -4.59573
0 0 319 4.41078 -2.65477 -4.99906 -7.34525
0 0 320 -3.83963 10.6913 0.508628 6.40236
0 0 321 0.48929 12.6481 14.6482 14.2566
0 0 322 5.98956 7.55551 12.2916 15.0416
0 0 323 3.23942 11.8704 12.2916 3.25847
0 0 324 0.896717 13.0495 6.78389 -1.45184
0 0 325 0.48929 7.15412 14.2577 4.83226
0 0 326 4.41078 2.03644 10.3255 4.83226
0 0 327 5.98956 10.29 3.64626 8.36683
0 0 328 8.73969 -6.19199 6.00285 4.04721
0 0 329 5.17471 -19.1618 4.83129 -3.02562
0 0 330 -1.49692 4.39459 9.54447 -2.23689
0 0 331 4.81821 14.6049 17.3953 9.54256
0 0 332 2.832 5.19736 0.899149 14.2566
0 0 333 0.0818625 2.83921 -7.35565 6.40236
0 0 334 4.41078 6.37643 0.508628 3.65284
0 0 335 5.58213 7.93181 5.61233 0.508948
0 0 336 10.3185 -3.45754 -7.74617 -4.59573
0 0 337 7.16091 -0.698009 -8.1367 -4.98641
0 0 338 1.66064 4.39459 14.2577 2.08274
0 0 339 7.56834 7.93181 7.5784 4.83226
0 0 340 11.0824 16.1853 2.07071 -6.95088
0 0 341 -0.274636 14.2286 -5.7801 -15.1994
0 0 342 -8.16854 6.75273 -4.20456 -6.16583
0 0 343 1.66064 4.39459 4.03678 4.43789
0 0 344 3.64685 3.6169 -14.8159 -4.98641
0 0 345 -3.02477 -9.72921 -8.1367 3.25847
0 0 346 -6.99719 -10.1306 -2.64247 1.68837
0 0 347 -0.682064 -5.01292 -14.4254 -15.1994
0 0 348 14.24 -2.65477 -15.9875 -6.95088
0 0 349 4.00335 -10.9083 -12.0688 -0.276103
0 0 350 -4.24705 3.21551 6.00285 5.61731
0 0 351 5.17471 14.6049 13.0726 2.08274
0 0 352 14.24 -3.05616 10.716 -3.41631
0 0 353 11.8973 9.51227 12.2916 3.25847
0 0 354 -0.682064 4.39459 12.2916 1.68837
0 0 355 0.0818625 -10.1306 5.61233 -2.23689
0 0 356 2.06807 -12.8901 3.25574 4.04721
0 0 357 9.14712 -12.4887 -0.676401 6.79304
0 0 358 8.73969 -9.35291 -10.4933 2.86779
0 0 359 -3.4322 0.079678 -2.64247 -4.20136
0 0 360 -2.66827 12.6481 5.22181 -0.666785
0 0 361 4.41078 9.51227 17.7858 1.29768
0 0 362 17.754 2.83921 22.499 0.903316
0 0 363 18.5689 -4.63662 2.86522 6.00799
0 0 364 0.896717 -6.19199 -5.38958 4.04721
0 0 365 -10.1038 -1.50078 0.508628 0.508948
0 0 366 -6.99719 -5.01292 -1.84796 1.68837
0 0 367 -5.77491 8.73458 -8.52722 5.22294
0 0 368 -11.6826 14.2286 -3.42351 8.75751
0 0 369 -13.2614 4.01829 -19.1251 10.722
0 0 370 -3.83963 4.39459 -18.7346 5.61731
0 0 371 7.16091 -6.19199 -4.20456 3.65284
0 0 372 2.832 -5.4143 -8.1367 6.40236
0 0 373 7.16091 -3.05616 -3.42351 1.68837
0 0 374 15.4113 5.97505 2.07071 2.47342
0 0 375 7.56834 -5.01292 11.1066 -4.20136
0 0 376 6.75349 -11.7111 19.3614 -12.8443
0 0 377 15.4113 11.0676 22.8895 -7.34525
0 0 378 5.17471 -1.87708 11.1066 2.86779
0 0 379 -9.74732 -6.99476 -6.56115 5.61731
0 0 380 -3.02477 4.39459 1.68019 0.903316
0 0 381 5.17471 17.3644 15.8197 -8.1303
0 0 382 6.75349 11.469 9.93499 -5.38078
0 0 383 13.0686 4.79597 -0.28588 -9.7004
0 0 384 10.3185 18.1421 -1.45744 -15.1994
0 0 385 -2.66827 4.01829 -6.17063 -3.81067
0 0 386 -3.83963 3.21551 -6.95167 6.00799
0 0 387 5.98956 28.3524 -0.676401 0.903316
0 0 388 4.41078 15.4076 4.4273 -3.81067
0 0 389 -3.02477 5.19736 1.28967 2.47342
0 0 390 1.25322 7.55551 7.96892 5.61731
0 0 391 1.25322 9.51227 18.1763 0.903316
0 0 392 7.56834 0.481065 1.28967 -3.81067
0 0 393 16.1752 -2.27847 -4.59508 -1.06115
0 0 394 7.16091 2.43783 -2.64247 1.68837
0 0 395 3.64685 -1.0994 -6.17063 14.2566
0 0 396 5.98956 11.469 -10.8838 6.79304
0 0 397 11.0824 21.303 5.22181 -8.1303
0 0 398 4.00335 29.1551 17.0048 2.47342
0 0 399 -5.01098 31.8896 -6.56115 6.00799
0 0 400 -4.24705 24.4388 -8.52722 -0.666785
0 0 401 -8.52504 18.5435 3.25574 -8.52098
0 0 402 2.4755 -3.05616 6.78389 -8.1303
0 0 403 3.64685 -7.37106 -0.676401 1.29768
0 0 404 0.0818625 -2.27847 -2.64247 6.00799
0 0 405 0.0818625 -3.05616 -3.81403 8.36683
0 0 406 -8.52504 -0.321709 -3.03299 14.2566
0 0 407 -3.02477 -7.77245 -6.56115 0.508948
0 0 408 -0.274636 -9.72921 -6.17063 0.508948
0 0 409 -6.18233 -3.05616 -8.52722 3.25847
0 0 410 7.56834 0.079678 -9.30826 -4.59573
0 0 411 14.24 -4.23523 7.18788 -8.91535
0 0 412 18.1615 -1.87708 11.9011 -5.77146
0 0 413 13.0686 16.1853 11.9011 2.86779
0 0 414 0.48929 32.6924 11.4971 6.79304
0 0 415 -5.01098 16.1853 11.1066 2.86779
0 0 416 -0.682064 -15.6246 1.68019 0.118266
0 0 417 5.98956 -1.87708 -2.23848 4.04721
0 0 418 1.66064 -2.27847 2.86522 5.61731
0 0 419 6.39699 -3.45754 11.9011 7.97246
0 0 420 7.56834 9.11088 23.28 7.18741
0 0 421 0.0818625 8.73458 16.2103 -6.56019
0 0 422 4.81821 2.43783 8.74996 -12.0556
0 0 423 17.3975 2.03644 17.3953 -9.30972
0 0 424 9.14712 14.2286 8.74996 -8.1303
0 0 425 -6.58976 20.1239 2.4747 -1.45184
0 0 426 3.23942 23.2598 0.899149 4.04721
0 0 427 8.33227 11.0676 1.28967 2.86779
0 0 428 1.66064 12.6481 9.54447 -4.98641
0 0 429 0.896717 0.481065 12.6821 -10.4854
0 0 430 -0.682064 -6.59338 7.5784 -0.666785
0 0 431 -1.49692 0.857365 5.61233 11.1163
0 0 432 9.91105 7.93181 18.9708 7.97246
0 0 433 15.0039 20.1239 20.5329 3.25847
0 0 434 4.41078 8.73458 -0.28588 6.40236
0 0 435 8.73969 -13.6678 -7.74617 1.29768
0 0 436 11.8973 -4.23523 9.54447 -8.52098
0 0 437 14.6474 12.2467 5.61233 0.508948
0 0 438 18.1615 7.15412 3.64626 6.00799
0 0 439 14.24 0.079678 9.54447 5.61731
0 0 440 8.33227 3.6169 13.8537 7.58178
0 0 441 2.4755 14.6049 11.4971 4.43789
0 0 442 13.0686 7.93181 6.00285 -1.06115
0 0 443 14.24 6.75273 1.28967 -3.02562
0 0 444 11.4898 4.39459 4.4273 -2.63126
0 0 445 -1.85342 5.97505 14.2577 -6.56019
0 0 446 -5.41841 8.73458 4.03678 -8.1303
0 0 447 0.48929 7.93181 1.28967 -8.1303
0 0 448 11.0824 10.29 9.14048 -3.02562
0 0 449 19.7402 -7.77245 6.78389 -2.23689
0 0 450 5.58213 0.857365 11.1066 2.08274
0 0 451 3.23942 20.5002 8.35944 2.47342
0 0 452 9.14712 11.8704 5.22181 -5.77146
0 0 453 9.50362 10.29 11.9011 2.86779
0 0 454 6.75349 16.1853 13.4631 8.36683
0 0 455 2.06807 3.21551 15.0387 6.79304
0 0 456 -2.26084 -17.205 8.35944 7.58178
0 0 457 9.91105 -6.99476 8.35944 0.903316
0 0 458 13.0686 22.457 6.39337 -0.276103
0 0 459 2.06807 19.7225 -5.7801 6.00799
0 0 460 1.25322 3.6169 -1.06692 4.43789
0 0 461 5.58213 1.66014 1.68019 -1.06115
0 0 462 14.24 -6.99476 14.6482 -9.7004
0 0 463 20.9116 -13.2664 25.6366 -16.3789
0 0 464 21.319 -3.45754 15.4292 -9.7004
0 0 465 14.24 -6.19199 5.22181 0.118266
0 0 466 0.896717 -4.63662 -2.23848 4.04721
0 0 467 -1.85342 -14.0441 -8.91774 3.25847
0 0 468 -0.682064 -21.5199 -13.2404 -0.276103
0 0 469 -7.76112 -15.2232 -9.30826 1.68837
0 0 470 -12.854 -9.35291 -0.28588 2.47342
0 0 471 -6.18233 -2.27847 -0.28588 1.68837
0 0 472 3.64685 4.79597 0.508628 3.25847
0 0 473 1.25322 -2.65477 1.28967 -3.81067
0 0 474 -9.74732 -8.17384 -12.0688 -3.02562
0 0 475 -10.1038 -7.77245 -12.8499 3.25847
0 0 476 -3.83963 -8.55014 -0.28588 4.43789
0 0 477 -4.24705 -3.05616 4.4273 7.18741
0 0 478 -9.74732 2.03644 -3.81403 6.40236
0 0 479 -10.1038 -0.321709 -4.99906 -1.45184
0 0 480 -11.2752 1.25875 4.4273 -6.56019
0 0 481 -14.4327 13.4258 -0.28588 -1.06115
0 0 482 -6.99719 13.4258 -8.52722 -3.81067
0 0 483 -0.274636 1.25875 -6.56115 -0.666785
0 0 484 -4.60355 -0.321709 -1.84796 5.61731
0 0 485 -11.6826 2.83921 0.899149 2.86779
0 0 486 -12.4975 7.55551 2.4747 -2.23689
0 0 487 -7.35369 9.11088 4.83129 -0.276103
0 0 488 0.896717 -6.99476 7.5784 -3.41631
0 0 489 5.17471 -17.5813 4.03678 -11.6649
0 0 490 -6.58976 -24.2795 -3.42351 -16.3789
