0 0 0 2.15856 0.990214 1.74173 1.40148
0 0 1 2.24749 -0.604291 0.765557 0.513892
0 0 2 1.37767 -1.77579 -1.31733 1.13527
0 0 3 1.16191 -1.98588 -1.73438 2.04045
0 0 4 -0.29966 -2.2788 -0.997661 1.91027
0 0 5 -0.52174 -1.26401 -1.23728 0.363028
0 0 6 -1.23176 0.63828 -2.00956 -3.27285
0 0 7 -0.246397 0.454798 -1.90306 -3.89113
0 0 8 0.200019 -0.317327 -1.28469 -1.29061
0 0 9 1.15559 -0.906128 -0.704794 0.629401
0 0 10 0.960597 0.880783 -1.00367 -0.021462
0 0 11 1.04636 0.990214 -2.53912 -1.28181
0 0 12 0.558416 0.0494793 -4.48305 -0.0185295
0 0 13 -0.636843 -1.36468 -4.95902 2.27717
0 0 14 -2.08081 -1.92968 -4.12783 3.37476
0 0 15 -0.912185 -1.3617 -1.267 2.51976
0 0 16 -0.0514005 -1.85579 2.56433 0.715097
0 0 17 -1.07468 -0.169384 1.47857 -0.311459
0 0 18 -0.456741 2.81564 0.765557 -0.565776
0 0 19 -0.255425 2.48719 2.03167 -0.450429
0 0 20 -0.923921 1.25354 2.56433 -0.222668
0 0 21 -0.838159 -0.166409 1.2034 0.579059
0 0 22 -1.61047 -1.95927 2.22114 0.138199
0 0 23 -2.94747 -1.65461 3.25657 -1.36767
0 0 24 -1.04805 -0.68116 2.37195 -0.275942
0 0 25 0.439703 -1.53031 -0.0776615 0.466645
0 0 26 -0.968157 -2.29054 0.253683 -0.323189
0 0 27 -3.40291 0.561255 1.70342 0.410438
0 0 28 -3.20791 2.64405 -0.355757 0.366124
0 0 29 -3.13705 1.41635 -1.60418 0.188541
0 0 30 -3.33791 -0.542139 -1.51847 0.327512
0 0 31 -3.4327 -1.0392 -1.96507 -1.4475
0 0 32 -3.48912 0.221063 -1.69883 -2.38526
0 0 33 -3.23454 0.863092 -1.8675 -1.15163
0 0 34 -3.56902 0.993189 -1.93845 -1.50664
0 0 35 -1.65155 0.620433 0.250763 -1.95629
0 0 36 0.972333 0.0820426 1.19447 -2.49474
0 0 37 2.42217 0.250652 0.576095 -2.51543
0 0 38 1.56996 0.712174 -0.204943 -2.84974
0 0 39 -0.0392132 0.7773 0.65906 -2.14267
0 0 40 -1.06295 -1.94158 2.76547 -2.47112
0 0 41 -2.31463 -1.87348 2.54063 -2.24629
0 0 42 -2.68702 0.842427 1.42533 -0.838015
0 0 43 -2.47397 0.741762 0.161958 0.457684
0 0 44 -2.7791 -0.636855 -0.61908 1.53751
0 0 45 -3.58346 -0.302611 1.27434 1.38958
0 0 46 -6.18974 1.22692 0.244751 0.448887
0 0 47 -6.10127 1.46661 -0.266952 -1.17233
0 0 48 -3.10455 -0.163435 0.617663 -1.36457
0 0 49 -1.52742 -1.58056 0.644288 -0.660595
0 0 50 0.948861 -1.32616 -1.15741 -0.628011
0 0 51 0.102521 0.721097 -0.950425 -0.450429
0 0 52 -3.5126 2.87779 1.06427 -0.136809
0 0 53 -4.72862 2.75051 0.942996 -0.110253
0 0 54 -2.83507 0.860117 -0.636773 -1.11025
0 0 55 -0.43011 -1.9444 -1.23436 -1.44147
0 0 56 0.226651 -2.72247 -0.997661 0.289063
0 0 57 0.286233 -0.154668 0.0673123 0.289063
0 0 58 0.197311 0.56423 1.21525 1.4251
0 0 59 -0.282057 -1.17525 0.333556 4.18838
0 0 60 -1.64568 -2.41484 0.428201 5.93683
0 0 61 -3.16052 -2.07465 3.18854 4.09959
0 0 62 -3.08378 0.00517439 3.69149 1.00803
0 0 63 -2.39452 0.250652 1.48149 -0.107321
0 0 64 -2.43876 -0.73157 -1.20482 -1.30836
0 0 65 -3.05715 -0.409068 -0.266952 -2.58647
0 0 66 -2.64594 0.126347 0.114721 -3.07457
0 0 67 -1.60731 1.71209 -1.11601 -2.03922
0 0 68 -0.705001 1.50496 -1.20482 -0.252319
0 0 69 -1.16947 -0.79654 -1.33502 0.389747
0 0 70 -2.54799 -0.299637 -1.32317 0.0968176
0 0 71 -1.98918 0.0879916 -1.63081 0.617508
0 0 72 -1.14013 0.0584028 -1.60126 0.584924
0 0 73 -2.54212 -0.160617 0.922383 0.617508
0 0 74 -3.12486 0.650022 0.738933 0.469577
0 0 75 -2.29386 1.89259 -0.113218 -0.0718041
0 0 76 -2.1756 2.48421 0.0850046 -0.184219
0 0 77 -3.40291 2.17063 0.954848 0.28613
0 0 78 -3.84391 0.448849 0.750785 1.39268
0 0 79 -0.909026 -1.01556 0.0583803 0.721125
0 0 80 1.77715 -0.675367 0.84251 0.0464754
0 0 81 2.13509 0.682585 1.20924 0.309916
0 0 82 1.08789 0.729864 -0.595376 0.0790593
0 0 83 1.33931 -1.32021 -0.175227 -0.6575
0 0 84 1.65573 -2.71965 0.567335 -0.695949
0 0 85 2.88077 -2.61899 -1.51246 0.0435429
0 0 86 3.54024 -2.62196 -1.974 1.05544
0 0 87 2.18836 -1.38832 -0.728498 0.440089
0 0 88 0.209047 0.866067 -0.184159 -0.290768
0 0 89 -0.409346 1.87193 1.9104 -0.00370378
0 0 90 0.644179 3.44874 3.72395 0.960617
0 0 91 0.416231 3.40131 2.69436 2.30975
0 0 92 0.543521 0.0613774 0.857282 1.76544
0 0 93 1.6142 -1.66338 2.25961 0.999229
0 0 94 2.92185 -0.595368 4.74169 0.694406
0 0 95 3.27393 0.18255 5.27126 -0.515597
0 0 96 1.4842 0.229986 4.4459 0.59975
0 0 97 0.26231 0.0377377 2.25961 1.40148
0 0 98 0.318732 -0.772901 0.135333 -0.85284
0 0 99 -0.264453 -0.823311 -0.266952 -1.55405
0 0 100 -0.0333453 0.203372 -0.110126 0.126469
0 0 101 0.0966526 0.00517439 -1.19898 0.206299
0 0 102 1.38083 0.771351 -1.88228 1.69441
0 0 103 1.07886 0.0258396 -0.204943 2.7032
0 0 104 -0.861631 -1.48882 1.85132 1.72096
0 0 105 -0.45945 -0.554038 0.85127 0.836472
0 0 106 -0.172371 1.13816 0.585027 1.47544
0 0 107 -0.270321 0.647047 0.280307 1.94872
0 0 108 0.673518 -0.42081 -0.799439 0.863028
0 0 109 1.76225 0.410493 -1.66636 -0.107321
0 0 110 0.277205 0.54059 -1.84672 -0.388357
0 0 111 0.345364 -1.73743 0.108709 -0.950429
0 0 112 0.709178 -2.21367 1.07612 -1.85871
0 0 113 -0.489241 -0.21682 0.401577 -2.15457
0 0 114 -0.124976 1.96367 0.161958 -1.69302
0 0 115 1.19125 3.73868 -1.08355 -0.199044
0 0 116 -0.465318 3.45767 -2.35567 0.016987
0 0 117 -1.73144 0.0465047 -1.41489 -0.663528
0 0 118 0.161652 -2.09531 0.519926 -0.515597
0 0 119 0.679386 -0.551063 1.50812 0.348365
0 0 120 -0.832291 1.8068 2.20636 0.780265
0 0 121 -2.288 2.73877 2.63527 0.200434
0 0 122 -1.91786 2.47842 0.519926 -0.660595
0 0 123 -0.634134 2.10269 0.244751 -1.50664
0 0 124 0.16752 2.65 -0.577684 -0.802498
0 0 125 0.247414 0.981447 -1.37349 -0.0806018
0 0 126 0.0199178 -2.35566 -1.02738 0.309916
0 0 127 0.303837 -3.01836 -0.962277 0.0613011
0 0 128 2.24433 -1.55395 -1.78179 -0.2256
0 0 129 4.2295 -0.802489 -0.959185 -0.296633
0 0 130 4.12298 -1.37642 -0.645705 -1.25818
0 0 131 2.88077 -1.03325 0.0288359 -2.41198
0 0 132 -0.784896 0.218088 0.84835 -2.95027
0 0 133 -2.79941 -1.35873 1.59692 -3.4444
0 0 134 -0.983052 -3.2402 0.608731 -3.47992
0 0 135 0.578728 -1.22847 0.17089 -2.12492
0 0 136 -1.12208 0.981447 0.469598 -1.06578
0 0 137 -0.983052 2.03756 -0.0539573 -0.660595
0 0 138 0.466334 2.15294 -0.193091 -1.68715
0 0 139 1.03462 1.09088 0.806954 -3.05388
0 0 140 0.661783 -0.195998 -0.0539573 -1.72267
0 0 141 0.256442 -0.758184 -0.148603 1.8394
0 0 142 0.212206 0.170809 0.591039 1.75355
0 0 143 0.762441 1.92218 1.52581 0.957684
0 0 144 -1.00968 2.93102 2.54647 0.428196
0 0 145 -3.26704 2.22104 2.41936 0.315781
0 0 146 -4.88525 -0.769926 1.24772 0.880786
0 0 147 -5.00667 -2.20475 -0.0125607 0.596818
0 0 148 -2.39452 -1.36468 -1.21667 0.596818
0 0 149 -1.00698 0.0109669 -1.00075 0.650092
0 0 150 -0.681529 0.82458 0.0731525 0.102683
0 0 151 -1.60145 1.19139 1.3987 -1.42078
0 0 152 -1.86189 0.58787 1.96966 -1.51853
0 0 153 -1.35905 0.602742 -0.31144 -1.79663
0 0 154 -1.63124 2.57893 -3.32892 -1.17526
0 0 155 -1.12524 2.96061 -3.68998 -0.136809
0 0 156 -0.796632 1.84234 -2.41184 0.0347452
0 0 157 -2.18147 0.360083 -1.76994 1.51096
0 0 158 -3.04496 0.369007 0.00822347 1.99613
0 0 159 -2.82604 2.13228 2.74761 1.83631
0 0 160 -1.58384 2.18253 2.27129 2.01976
0 0 161 -0.779028 0.398595 -1.29654 1.68545
0 0 162 -0.858922 0.558281 -3.33786 1.8394
0 0 163 -3.01833 1.62629 -2.11898 2.72683
0 0 164 -3.16052 1.25056 1.23896 3.80079
0 0 165 -1.6371 0.789042 2.00213 2.96355
0 0 166 -2.25234 0.0109669 1.08797 2.64993
0 0 167 -2.2081 -1.2493 0.949008 0.759574
0 0 168 -0.20487 -2.66048 1.23294 -1.00077
0 0 169 0.348072 -2.35864 0.289239 -0.873531
0 0 170 -0.276189 -0.867616 -1.64558 -0.734561
0 0 171 -0.255425 -1.27293 -2.14268 -0.317324
0 0 172 -1.8145 -3.55675 -1.66928 -0.426806
0 0 173 -2.77007 -2.54791 -1.01243 -0.28474
0 0 174 -0.435978 -2.46212 0.0820846 0.90441
0 0 175 0.717754 -3.15738 -0.110126 1.36303
0 0 176 0.268178 -1.2374 -0.0154808 -0.237493
0 0 177 -0.974476 -0.814387 1.55536 -1.40302
0 0 178 -1.61047 0.244702 1.92226 -1.68406
0 0 179 -2.03026 1.70034 0.324624 -1.36457
0 0 180 -2.11331 2.17956 0.191502 -0.261117
0 0 181 -1.86776 1.09088 -0.169387 0.490268
0 0 182 -0.095636 -0.00672374 -1.23436 0.584924
0 0 183 2.25651 -1.33211 -0.391313 -0.382492
0 0 184 2.95164 0.404544 0.306931 -0.231628
0 0 185 2.78012 1.0317 0.377872 1.47838
0 0 186 2.24749 0.30388 0.718149 1.66182
0 0 187 3.93069 1.12047 1.02579 0.478538
0 0 188 6.01652 2.88374 0.84543 0.389747
0 0 189 9.54904 2.75646 0.585027 -0.423873
0 0 190 14.4303 2.41329 1.1383 -1.89422
0 0 191 19.9416 3.5671 2.26253 -2.75509
0 0 192 23.3911 4.67049 3.47248 -3.25509
0 0 193 22.2049 3.20608 3.1353 -2.59526
0 0 194 15.1877 0.022865 1.38977 -1.70784
0 0 195 8.85075 -2.24921 0.895759 -2.47405
0 0 196 5.339 -2.08655 0.576095 -0.234561
0 0 197 4.88942 -2.19895 0.957768 1.57906
0 0 198 3.49601 -1.99778 2.5791 0.987336
0 0 199 1.31538 -2.76098 1.62939 0.724058
0 0 200 1.84531 -3.98289 0.531778 0.676648
0 0 201 1.84215 -3.19887 -0.483039 -0.879396
0 0 202 2.06107 -0.447581 -1.12202 -0.607321
0 0 203 2.53141 0.753661 -1.95923 -0.0243946
0 0 204 1.83312 -0.213845 -2.10128 0.626469
0 0 205 0.303837 -0.278815 -0.225555 0.697339
0 0 206 -0.143031 -0.557012 0.428201 0.22699
0 0 207 0.348072 -1.00069 0.256603 -0.769914
0 0 208 -0.166503 -0.879514 1.47548 -0.0866298
0 0 209 -1.40013 1.11452 0.949008 0.848202
0 0 210 -0.311396 2.54636 -0.758042 0.41337
0 0 211 1.55236 1.30974 0.283227 -0.690084
0 0 212 1.64399 -0.648753 -0.184159 -1.40611
0 0 213 1.04049 -0.589575 -3.05083 -2.29061
0 0 214 0.960597 1.39256 -3.81709 -3.49165
0 0 215 1.90714 2.47842 -2.43263 -4.66923
0 0 216 4.43669 1.51686 -0.900096 -4.7401
0 0 217 6.34197 -1.70487 1.65017 -4.39699
0 0 218 6.27697 -2.45038 2.99032 -4.06268
0 0 219 6.88047 -2.07465 2.03477 -1.77887
0 0 220 6.51349 -2.67222 1.66494 -0.154567
0 0 221 5.15574 -3.28168 2.15311 -0.382492
0 0 222 4.1943 -3.97992 2.80086 -0.574737
0 0 223 4.72963 -3.04497 2.97847 0.505094
0 0 224 6.59655 -0.583626 2.73885 0.277332
0 0 225 7.28265 1.96069 2.00505 -0.240426
0 0 226 7.1021 2.30965 0.907439 -1.40302
0 0 227 7.36254 0.673661 0.709388 -0.814391
0 0 228 7.50473 0.167834 1.30388 0.525785
0 0 229 8.24409 -0.388403 0.493302 0.179744
0 0 230 9.06064 -0.506758 1.11751 0.150092
0 0 231 8.92748 -0.107232 4.30969 -0.175421
0 0 232 7.17612 0.386697 6.29792 -0.548181
0 0 233 6.34784 0.513976 4.62042 -1.70784
0 0 234 6.20294 -0.684134 1.08213 -1.41785
0 0 235 4.00201 -1.66933 -1.98293 -0.888357
0 0 236 2.26509 -0.719672 -2.09527 0.0583686
0 0 237 1.17952 0.380905 -0.468095 0.978375
0 0 238 0.620255 -1.08648 1.02287 0.377854
0 0 239 -1.00111 -0.37353 0.771397 0.28613
0 0 240 -2.34126 1.99028 0.623503 0.395612
0 0 241 -2.24647 1.09088 0.771397 0.292158
0 0 242 -0.838159 -0.752235 -0.243248 0.22699
0 0 243 0.531785 -1.89414 -1.37933 0.863028
0 0 244 2.78282 -2.73734 0.383884 -0.104388
0 0 245 4.2119 -2.71965 2.51108 -1.03922
0 0 246 3.86885 -2.17234 1.59692 -0.48008
0 0 247 3.43101 -1.8262 0.348328 0.53165
0 0 248 2.36891 -2.15449 0.369112 0.0702617
0 0 249 1.73562 -1.97993 0.141345 -0.787673
0 0 250 1.51083 0.407519 -1.07169 0.71803
0 0 251 1.78301 2.99912 -1.59542 0.700271
0 0 252 1.36278 5.41319 -0.379461 -0.619051
0 0 253 -0.361951 4.49891 0.333556 -0.882329
0 0 254 -0.222926 1.21518 1.25373 -0.151635
0 0 255 0.836467 0.147169 2.32454 -0.388357
0 0 256 1.5018 0.904422 2.54939 -1.33215
0 0 257 0.886571 -0.337993 2.65297 -1.08956
0 0 258 1.08473 -1.9444 1.89563 -0.59836
0 0 259 1.13212 -1.34683 1.17385 0.552503
0 0 260 1.5492 -1.91496 -0.0687295 1.28026
0 0 261 2.41314 0.312804 -0.551059 0.46078
0 0 262 3.20893 2.54041 -1.49184 1.16785
0 0 263 1.67333 0.803914 -1.03322 2.43097
0 0 264 -0.598475 0.247677 1.02579 1.35423
0 0 265 -0.0924763 1.14708 2.26545 1.67958
0 0 266 -0.0924763 2.08484 1.77436 2.68545
0 0 267 -1.2435 1.9488 1.33652 2.72976
0 0 268 -3.08649 2.14699 0.570255 1.47838
0 0 269 -3.88544 1.63224 0.96086 -0.249223
0 0 270 -3.03639 0.0554283 2.33639 -1.69888
0 0 271 -0.415214 -1.16648 1.55536 -1.75802
0 0 272 1.85704 -2.2669 0.66198 -0.766982
0 0 273 2.00509 -1.48006 1.69449 0.144227
0 0 274 1.47517 0.14122 2.10279 1.41924
0 0 275 0.164811 -1.25509 2.17665 2.33631
0 0 276 -1.56308 -1.07176 2.77131 1.63527
0 0 277 -2.68702 -0.0303634 1.6086 0.369056
0 0 278 0.0465493 -1.70189 1.03472 -0.000771228
0 0 279 2.22401 -3.34681 0.65906 -0.556978
0 0 280 1.6467 -1.57164 -0.977049 -1.02733
0 0 281 1.30681 -1.53328 -0.613068 -0.66646
0 0 282 2.64967 -2.6013 -0.13091 0.892679
0 0 283 3.14077 -1.17227 0.84835 1.92217
0 0 284 1.78888 0.537616 0.277387 2.02872
0 0 285 -1.12795 1.3542 -1.84981 0.925263
0 0 286 -2.38234 0.339418 -2.21963 -0.000771228
0 0 287 -2.36789 -1.0954 -1.89121 0.605615
0 0 288 -0.956421 -1.46221 -0.968117 1.62924
0 0 289 0.756573 0.481413 0.721069 2.97544
0 0 290 1.64986 2.85118 0.691524 2.792
0 0 291 2.45738 2.27427 -0.402994 -1.02439
0 0 292 1.46073 0.0435302 -1.21066 -3.93544
0 0 293 0.26231 -1.53626 -1.62497 -3.28767
0 0 294 1.16191 -1.17525 -1.27284 -0.805431
0 0 295 1.78617 -0.568754 -1.81718 0.0909525
0 0 296 1.72659 1.47256 -3.2372 -2.26991
0 0 297 1.99291 1.74762 -3.9296 -1.99181
0 0 298 3.10827 1.15898 -1.1605 -0.2256
0 0 299 2.42488 1.86598 0.892667 1.03165
0 0 300 2.5612 2.64405 0.780329 1.28613
0 0 301 2.72369 1.78911 -0.539207 0.806821
0 0 302 3.04011 0.815656 -1.36456 -1.18715
0 0 303 1.6467 1.09683 -1.82611 -1.00077
0 0 304 0.407203 0.919295 -4.00656 0.466645
0 0 305 -0.417922 0.481413 -3.78755 0.35423
0 0 306 -0.598475 -1.14268 -2.60715 -0.660595
0 0 307 -0.974476 -1.67528 -2.72258 -0.0895624
0 0 308 -1.08958 -1.14863 -3.29062 0.777332
0 0 309 -0.64903 -1.03622 0.280307 0.440089
0 0 310 0.821572 -1.17822 2.21512 0.22699
0 0 311 1.25941 -0.37948 1.65601 0.0997501
0 0 312 -0.20487 1.25651 1.04657 -0.204909
0 0 313 -1.03948 0.652996 0.120561 -1.4475
0 0 314 0.330468 0.697457 -1.5657 -1.22267
0 0 315 1.32125 0.673661 -1.84981 -0.562844
0 0 316 1.25625 -1.31427 0.0583803 -0.243358
0 0 317 1.74736 -2.77867 1.0318 -0.130944
0 0 318 2.54314 -1.6042 0.928223 0.827512
0 0 319 1.64399 0.70325 -0.710806 0.469577
0 0 320 1.29191 0.247677 -0.116138 -0.695949
0 0 321 0.528625 -0.994895 0.872055 1.57906
0 0 322 -0.20487 -0.11913 0.327716 2.82148
0 0 323 -0.240529 -0.0214398 0.04962 0.842337
0 0 324 1.65888 -0.438657 0.00513161 -0.917845
0 0 325 3.80656 -1.87943 -1.33794 -0.805431
0 0 326 4.8655 -1.32616 -1.00659 -1.60129
0 0 327 3.54024 -0.142769 -0.13091 -1.44147
0 0 328 2.37748 -0.13682 -1.59542 1.50216
0 0 329 2.28315 -0.275997 -2.29057 2.16476
0 0 330 2.50793 -1.97696 -1.70776 1.99613
0 0 331 2.54043 -2.18706 -1.59834 1.84527
0 0 332 2.06693 -0.956382 -2.19593 -0.148702
0 0 333 1.33028 0.18255 -2.15161 -1.05991
0 0 334 1.97214 0.0967587 -1.99771 -0.583534
0 0 335 2.6763 -1.39426 -2.47694 -0.00370378
0 0 336 0.833308 -1.71082 -3.00359 0.0406103
0 0 337 -1.42089 -0.376505 -1.29946 1.46664
0 0 338 -0.379555 0.534641 2.23299 0.999229
0 0 339 1.36865 1.15898 1.99921 -0.879396
0 0 340 1.04952 1.863 0.691524 -2.5213
0 0 341 0.336336 0.0347631 2.13817 -1.99768
0 0 342 0.644179 -0.349891 2.38672 0.709232
0 0 343 0.987229 0.863092 1.26558 2.27424
0 0 344 2.99588 0.120555 0.567335 1.82458
0 0 345 2.7088 -0.482962 1.78913 1.00216
0 0 346 0.771017 0.259575 0.883907 1.04648
0 0 347 0.0790488 0.0997332 0.17381 0.629401
0 0 348 -0.495109 -1.32319 -0.269872 -0.835082
0 0 349 0.960597 -2.05398 -0.811291 -1.91491
0 0 350 2.39238 -0.911921 0.23307 -1.5037
0 0 351 1.44267 0.0258396 0.925303 0.339405
0 0 352 1.52573 -0.364607 1.45487 1.33044
0 0 353 1.57312 0.0613774 -0.237408 0.534745
0 0 354 1.23865 1.46958 -2.13976 -0.264049
0 0 355 0.475362 0.463722 -2.83783 -0.533355
0 0 356 -0.024769 -1.81133 -2.66623 -0.397154
0 0 357 0.35394 -3.66634 -2.16638 0.830444
0 0 358 1.53746 -2.56279 -0.622 1.95768
0 0 359 3.29785 -0.406094 0.593959 2.01682
0 0 360 3.1024 0.582077 1.92518 2.04941
0 0 361 2.38967 -0.293688 2.99032 1.14113
0 0 362 1.62909 -2.29054 0.469598 -0.113186
0 0 363 1.54333 -4.40293 0.993324 -0.619051
0 0 364 1.10549 -4.34375 2.45474 0.377854
0 0 365 0.892439 -4.8466 2.63819 1.83631
0 0 366 1.13528 -4.06571 2.12941 2.23872
0 0 367 1.63496 -1.66933 1.48733 1.67665
0 0 368 2.90109 1.15601 0.750785 0.194406
0 0 369 2.35085 2.1174 0.771397 -1.32319
0 0 370 2.1202 0.9636 1.44302 -0.542153
0 0 371 1.80378 0.931037 -0.409006 0.848202
0 0 372 0.617547 1.00509 -1.38225 1.51096
0 0 373 1.4517 0.658945 -2.16329 0.191474
0 0 374 1.51399 0.534641 -2.34966 -1.34388
0 0 375 0.996256 0.135271 -1.4355 -1.92681
0 0 376 0.800808 -0.160617 -1.22852 -0.2256
0 0 377 0.966465 0.546539 -1.03923 0.629401
0 0 378 2.0078 1.50496 0.466677 0.724058
0 0 379 1.13212 1.47553 1.96966 0.434061
0 0 380 1.14115 0.469671 2.01106 -0.675258
0 0 381 1.45757 0.460747 2.54939 -1.88526
0 0 382 1.83899 -0.0865664 0.931143 -1.91491
0 0 383 2.80359 -0.758184 0.141345 -0.542153
0 0 384 3.70906 0.531667 0.874975 -0.264049
0 0 385 3.01664 -0.423784 0.836498 -0.512664
0 0 386 2.71783 -1.83496 -1.13078 -1.02439
0 0 387 2.20596 -1.62503 -2.24025 -0.787673
0 0 388 1.13528 -2.07762 -0.459334 0.369056
0 0 389 1.69725 -2.7876 2.70931 -0.485946
0 0 390 0.836467 -1.99481 4.0376 -0.805431
0 0 391 0.0609935 0.244702 2.76255 -0.0155969
0 0 392 -0.00400547 1.87193 2.42228 0.194406
0 0 393 -0.291084 0.780275 3.25055 1.80975
0 0 394 -0.722605 -1.79661 1.39561 2.37476
0 0 395 0.238838 -2.11614 -0.24634 0.164918
0 0 396 0.856779 0.0377377 -1.37641 -0.914913
0 0 397 0.153075 1.41041 -1.44151 0.457684
0 0 398 0.566992 0.842427 -0.882404 0.694406
0 0 399 -0.11324 0.277266 -0.287736 -0.28474
0 0 400 -1.58068 0.398595 -0.0895136 -1.52146
0 0 401 -1.82353 1.02278 -0.888244 -1.60716
0 0 402 -1.2611 -0.201947 -1.02429 -0.974052
0 0 403 -1.81134 1.07021 0.78617 -0.77301
0 0 404 -1.93863 2.91912 1.49335 -0.494906
0 0 405 -2.10158 3.19434 0.78617 2.40441
0 0 406 -1.276 2.27725 0.448985 2.06423
0 0 407 -0.45945 1.15601 -0.0214927 1.02285
0 0 408 0.66765 0.582077 0.546551 2.23872
0 0 409 0.818412 1.47256 2.93999 3.23579
0 0 410 -1.15187 3.04342 2.75362 1.94286
0 0 411 -0.503685 3.18839 -0.201851 0.581992
0 0 412 -0.252265 1.30097 0.318784 1.11751
0 0 413 -0.341188 -0.59255 1.48149 2.20027
0 0 414 -1.19024 -1.28765 2.70621 1.86596
0 0 415 -1.47732 -1.55692 1.80391 1.12631
0 0 416 -0.779028 -1.64272 -0.450402 -1.03629
0 0 417 -1.07197 -0.0452361 -1.45629 -2.64854
0 0 418 -1.93592 1.15303 -0.388222 -2.33492
0 0 419 -2.41213 0.582077 -1.24621 -1.82319
0 0 420 -2.45365 -0.415017 -2.83199 -1.51543
0 0 421 -1.30263 1.29503 -2.619 -0.953362
0 0 422 -0.749237 1.80383 -0.547968 -0.775942
0 0 423 -2.06908 2.17063 0.374952 -0.565776
0 0 424 -3.60152 3.01681 -1.04215 1.35716
0 0 425 -3.25531 1.9369 -0.642785 1.2713
0 0 426 -1.73731 0.975498 0.277387 -0.335082
0 0 427 -1.54502 1.14113 -0.397154 -2.90595
0 0 428 -2.34984 -0.237485 0.700456 -1.97992
0 0 429 -2.21397 -0.997712 0.706297 -1.34991
0 0 430 -1.94179 -0.787773 -1.04799 -1.0806
0 0 431 -2.25234 0.593819 -2.61299 0.327512
0 0 432 -1.16045 0.957807 -2.12791 0.292158
0 0 433 -0.228794 0.203372 -0.669409 1.86889
0 0 434 0.439703 0.525874 0.96962 2.72389
