0 0 0 2.53362 11.3657 -14.963 -3.20641
0 0 1 -17.5585 -8.28412 12.9664 4.02438
0 0 2 -11.7059 7.33643 9.65497 -9.88525
0 0 3 -13.3073 9.81923 15.5605 -7.51138
0 0 4 -6.24121 6.01148 7.39167 7.94342
0 0 5 19.9182 2.20275 -13.6376 4.963
0 0 6 8.43578 8.38453 -1.55019 -2.54377
0 0 7 -6.02658 -13.4722 8.82632 0.436654
0 0 8 -6.46409 0.160946 7.7225 -9.33329
0 0 9 -20.9347 14.5663 11.1999 6.06692
0 0 10 -0.776546 16.3876 -12.6997 16.4988
0 0 11 -8.1233 -3.26118 22.9564 5.84628
0 0 12 10.9783 -2.26846 9.76524 -8.94662
0 0 13 7.61031 4.29993 13.6281 4.52099
0 0 14 18.812 -4.80662 10.3166 -7.62207
0 0 15 1.32017 9.15774 29.3588 15.8369
0 0 16 -10.8309 -7.18065 8.93659 1.43063
0 0 17 -0.446355 -4.31026 2.64452 0.933266
0 0 18 9.9299 -0.11492 13.0767 19.5345
0 0 19 -11.549 7.99792 2.03748 -4.19964
0 0 20 -0.61145 -5.8557 -0.39071 5.5703
0 0 21 -4.97823 4.29993 10.0404 1.65126
0 0 22 -17.7319 9.43361 3.03102 -2.37848
0 0 23 -10.8804 -3.86828 -8.55958 -3.979
0 0 24 7.9405 -2.70945 -6.24167 -1.88112
0 0 25 15.6092 -4.0344 15.2843 0.823323
0 0 26 -0.504138 6.23198 16.4984 -1.77118
0 0 27 -3.04661 2.03763 -4.25459 -12.5897
0 0 28 -11.4417 1.48491 4.1905 -7.95265
0 0 29 -7.40513 3.19646 -19.7091 -12.479
0 0 30 -10.0054 -1.9916 1.54071 6.61887
0 0 31 21.5196 -6.62793 1.48609 -22.5795
0 0 32 14.1811 -11.2643 28.4755 -7.95265
0 0 33 6.56195 7.77742 5.07376 1.26459
0 0 34 6.17397 -0.00516709 -16.5079 10.2619
0 0 35 -3.92987 0.712678 -0.997757 1.54057
0 0 36 -19.4488 -4.75224 -7.40115 18.6512
0 0 37 13.7931 1.09929 6.39813 4.57633
0 0 38 -8.51127 11.0344 -7.01466 11.0899
0 0 39 12.1917 3.08572 -14.4105 -16.4534
0 0 40 17.4913 8.77113 -6.18706 -6.40747
0 0 41 6.89214 -5.35934 1.65098 -9.00197
0 0 42 11.3084 -4.58613 8.49549 15.1189
0 0 43 7.9405 11.9728 -13.6376 2.03718
0 0 44 5.12562 5.95611 -6.68278 -17.6672
0 0 45 8.04781 3.80357 9.04687 -9.49858
0 0 46 2.25296 19.9205 0.547166 6.9502
0 0 47 -11.9287 7.94354 8.21927 5.40427
0 0 48 23.4512 11.8067 -3.53727 -4.86229
0 0 49 2.58315 0.160946 12.3594 4.85231
0 0 50 23.1706 10.8683 4.30077 8.33009
0 0 51 21.7425 14.9529 -2.04696 -1.82652
0 0 52 -18.4418 1.98226 -3.0405 2.25856
0 0 53 -7.73532 -5.68959 7.28139 16.3335
0 0 54 -7.84263 -20.4825 6.61868 2.20322
0 0 55 -13.7531 -5.68959 5.68081 -12.755
0 0 56 4.51477 14.4012 1.15421 -14.5769
0 0 57 8.378 -11.5955 -3.09511 4.41105
0 0 58 -18.7224 2.03763 -16.6182 -0.170649
0 0 59 -2.43576 -2.87556 -19.2123 3.63845
0 0 60 -14.5785 7.83279 -3.92376 -4.91688
0 0 61 9.7648 1.98226 -12.7543 -4.36493
0 0 62 -9.83203 -7.29041 -6.62817 12.5797
0 0 63 12.687 -8.28412 -9.00174 3.47242
0 0 64 -1.55249 -19.5996 -2.2129 8.77136
0 0 65 -2.76595 6.56322 -9.22229 11.2552
0 0 66 12.1917 4.46604 -2.87456 0.10533
0 0 67 17.8792 0.436812 -8.11848 8.2194
0 0 68 39.5645 18.0438 1.65098 -4.42027
0 0 69 13.8427 5.84537 -14.9073 4.07972
0 0 70 13.7353 -5.2486 0.60283 -2.81974
0 0 71 -3.15392 -4.86199 -1.82641 -3.09572
0 0 72 4.51477 -17.9434 3.804 16.0021
0 0 73 18.4818 -4.69687 18.6514 -7.51138
0 0 74 16.5502 1.54028 -23.4627 0.547344
0 0 75 3.41688 -13.4178 -0.115544 -1.82652
0 0 76 3.194 8.8265 2.20342 -0.391282
0 0 77 -16.3533 -7.51189 -8.89146 -17.6672
0 0 78 -14.529 5.95611 12.1378 -20.427
0 0 79 3.08669 -21.5306 -5.3038 -13.4176
0 0 80 2.03833 -0.777395 -16.1771 -0.55657
0 0 81 0.709314 5.40438 3.85862 7.06014
0 0 82 -3.31902 2.47862 4.90782 9.37866
0 0 83 1.15507 -3.86828 3.36185 -0.667261
0 0 84 -6.90984 -1.164 6.45274 -2.26779
0 0 85 4.79543 -9.66444 -1.1637 3.52776
0 0 86 -2.16335 -18.7156 -2.48807 -7.34609
0 0 87 3.41688 6.17661 8.82632 -1.77118
0 0 88 15.4441 -2.48895 12.4696 12.1384
0 0 89 0.816626 1.48491 1.54071 -2.54377
0 0 90 12.1339 -0.281033 1.87154 -0.391282
0 0 91 -15.0243 -0.556899 -6.46223 -2.81974
0 0 92 10.483 -5.13786 22.0186 -7.34609
0 0 93 3.41688 -11.5955 13.5178 5.84628
0 0 94 -10.0054 1.48491 0.27095 3.91443
0 0 95 -6.19168 2.31349 8.21927 -3.31636
0 0 96 5.73647 -7.45652 -0.280433 -2.21244
0 0 97 -5.25063 6.01148 -6.51789 -8.55995
0 0 98 -6.24121 -12.4795 -13.3067 -2.32313
0 0 99 -11.2766 -9.60907 3.91428 -11.4858
0 0 100 11.4158 -4.80662 7.50195 12.7457
0 0 101 -2.21288 -1.9916 -7.95254 -1.55054
0 0 102 10.095 -1.164 -8.11848 -15.9568
0 0 103 10.2023 -1.55061 -1.66047 1.7612
0 0 104 -15.7425 -5.74496 -13.9138 -2.70905
0 0 105 -5.14332 -6.73867 -12.81 12.1384
0 0 106 0.932193 -12.9204 -3.53727 -8.22863
0 0 107 2.64093 -5.52447 -24.8427 -15.6808
0 0 108 9.70702 -4.80662 1.9272 0.0507323
0 0 109 -8.84146 -1.55061 -6.73844 -10.7132
0 0 110 10.5903 12.9111 -4.64109 -6.6281
0 0 111 5.51359 17.3813 -13.0305 -6.68345
0 0 112 -10.1622 4.02406 -7.45577 -15.1288
0 0 113 2.86381 7.33643 -2.43345 -9.60927
0 0 114 -4.69756 -9.9403 -24.8973 10.9792
0 0 115 -9.22944 -7.67701 16.0016 9.04734
0 0 116 -11.5986 2.58936 7.44628 1.7612
0 0 117 -22.0408 2.75448 -18.8815 -4.58631
0 0 118 14.8415 14.677 0.216337 13.905
0 0 119 1.2046 4.52141 9.04687 -8.94662
0 0 120 2.47584 10.5371 6.45274 1.7612
0 0 121 -23.6423 -8.39486 -12.4235 3.19644
0 0 122 -19.325 23.7292 -6.79411 10.8139
0 0 123 -1.32962 -1.71574 -7.51143 -4.08895
0 0 124 -13.9181 -2.21309 -3.75782 -9.66387
0 0 125 6.11619 11.0344 13.8497 -5.74482
0 0 126 2.36852 7.50156 -20.8686 14.2909
0 0 127 5.786 -5.08249 7.88844 -1.21922
0 0 128 19.5302 13.8494 -1.9913 -0.611916
0 0 129 2.58315 -3.31655 11.4761 2.92046
0 0 130 2.80603 -1.21937 -14.8527 -10.5471
0 0 131 -22.2637 -1.164 -6.18706 -0.170649
0 0 132 3.13622 0.601936 9.43336 16.2228
0 0 133 -0.396826 -4.91736 -1.1637 15.6155
0 0 134 -11.9287 4.90703 8.82632 14.4016
0 0 135 -11.0042 9.047 -9.22229 9.37866
0 0 136 0.874409 -1.55061 2.86508 -6.51816
0 0 137 -12.0443 2.97597 -8.89146 -8.11868
0 0 138 -13.3073 -17.5014 9.87552 -25.3939
0 0 139 9.87211 -16.1775 4.35539 -4.6409
0 0 140 -18.062 -15.2945 0.492553 -0.611916
0 0 141 25.1104 0.712678 -17.3912 -0.170649
0 0 142 -8.61858 20.4722 17.8238 12.4144
0 0 143 0.0489316 11.9728 1.15421 0.988611
0 0 144 -8.67637 -1.55061 -3.42699 -3.86831
0 0 145 -2.65863 6.12124 7.00518 -10.7678
0 0 146 4.79543 -1.9916 -3.53727 -7.12471
0 0 147 -7.24004 15.9466 -3.20644 -11.3751
0 0 148 -11.9287 -14.19 -16.1214 5.6249
0 0 149 1.15507 4.57579 -4.03404 -4.36493
0 0 150 14.1811 3.47233 5.23865 -9.77456
0 0 151 -5.69639 9.81923 -14.6311 1.7612
0 0 152 -19.2672 -0.501528 -2.93022 -3.70303
0 0 153 14.891 -16.6184 10.2063 -0.611916
0 0 154 -9.11387 7.55693 2.03748 -14.1349
0 0 155 -13.5384 -5.02811 -13.9138 8.60607
0 0 156 -1.71759 9.6541 -5.46869 7.44681
0 0 157 4.90274 7.66668 -6.35195 -14.3555
0 0 158 4.79543 -4.0344 7.39167 7.28077
0 0 159 10.3674 -1.10863 9.81986 7.28077
0 0 160 2.31074 2.80985 -12.4235 -10.3265
0 0 161 -13.2 2.53399 -0.55665 -9.8299
0 0 162 -5.74592 -2.65408 10.3723 -8.11868
0 0 163 -17.8887 -12.7 -3.75782 -3.86831
0 0 164 -1.2223 -12.7553 0.657443 0.271366
0 0 165 6.50417 -2.98531 0.160673 -13.3623
0 0 166 3.41688 -7.67701 -17.3912 -12.6996
0 0 167 -1.61028 10.3719 6.78462 11.9732
0 0 168 -17.9465 3.25183 -7.95254 4.52099
0 0 169 12.5219 2.58936 11.8069 -2.1571
0 0 170 -6.29899 -9.99568 -9.44285 -14.0795
0 0 171 7.11502 -0.832766 -12.9759 7.33612
0 0 172 7.9405 8.10866 8.10899 -4.53096
0 0 173 2.14564 -3.37192 2.47858 4.963
0 0 174 -3.42633 2.75448 -6.35195 13.5183
0 0 175 -4.14449 -8.55998 -4.69675 5.51496
0 0 176 21.2967 -0.00516709 2.03748 -4.80694
0 0 177 -0.834329 -14.19 5.12837 5.51496
0 0 178 3.6315 3.85894 8.32955 -4.47562
0 0 179 11.1433 -30.2516 6.56302 -9.16725
0 0 180 -8.56905 -3.59242 -17.7777 -4.53096
0 0 181 -3.48411 6.01148 -5.41407 3.58311
0 0 182 -16.0231 6.34272 13.1313 -10.4372
0 0 183 -7.40513 -10.1054 15.0638 1.54057
0 0 184 -26.1187 -1.3845 -1.60585 -10.1059
0 0 185 -25.4088 4.07943 -9.38823 -10.3265
0 0 186 -3.04661 -0.556899 -3.37133 4.02438
0 0 187 2.03833 6.06685 -2.81995 -15.0735
0 0 188 -9.66694 -20.0406 4.1905 5.95623
0 0 189 -10.1622 2.25812 13.021 2.20322
0 0 190 -0.999425 18.9268 6.50841 -9.05731
0 0 191 -20.2165 -1.77111 1.43043 -12.8103
0 0 192 -28.4383 -19.0469 -5.08219 -2.21244
0 0 193 -17.2366 -14.4659 -9.55312 -0.998585
0 0 194 -15.3545 0.657307 -10.1602 -2.21244
0 0 195 -1.16452 0.988544 0.60283 8.05411
0 0 196 -7.18225 -6.73867 -6.5725 -14.8529
0 0 197 14.0655 8.99163 22.405 -24.566
0 0 198 -3.70699 -6.35207 -2.10262 5.34892
0 0 199 19.5302 -0.170291 -0.170157 16.7747
0 0 200 0.379123 1.54028 -13.2511 -6.68345
0 0 201 2.58315 -7.06991 15.5605 15.8369
0 0 202 -6.62918 6.61859 1.20988 -1.66048
0 0 203 23.8392 -0.777395 9.43336 8.27475
0 0 204 -1.3874 -1.43987 -13.8592 -2.81974
0 0 205 -3.5419 3.47233 -23.407 4.57633
0 0 206 15.1717 0.712678 7.33601 -6.57276
0 0 207 10.9783 10.3166 -0.280433 6.01157
0 0 208 -2.04778 -0.336404 9.04687 13.1317
0 0 209 -6.46409 8.05329 3.25157 3.85909
0 0 210 1.69989 2.80985 9.81986 12.8011
0 0 211 -10.1127 -3.59242 -6.46223 8.27475
0 0 212 -2.49354 -6.46281 7.00518 15.7262
0 0 213 -2.71642 -2.26846 0.0503966 -17.1699
0 0 214 4.79543 -0.446157 -10.8785 -4.58631
0 0 215 4.96052 20.141 -7.01466 9.21337
0 0 216 -7.62801 -4.58613 -10.3818 -5.41424
0 0 217 13.8427 12.1379 4.24511 2.86512
0 0 218 -2.54307 12.5245 7.00518 4.46639
0 0 219 -4.42516 -4.58613 -1.82641 1.81655
0 0 220 -16.5101 19.2026 1.81692 11.4758
0 0 221 18.3745 15.8912 3.03102 -0.722606
0 0 222 -7.90042 -6.84942 13.5178 8.55072
0 0 223 15.9972 -29.9203 -9.11202 13.6836
0 0 224 -1.94047 -5.30397 -11.4299 -20.4824
0 0 225 -3.70699 10.0407 -12.3132 -8.83593
0 0 226 6.78483 13.0209 5.34893 -3.04038
0 0 227 8.76597 -5.41373 -5.3038 6.17686
0 0 228 32.7213 6.34272 0.216337 -3.75837
0 0 229 -2.71642 -14.9079 -11.9824 -3.26101
0 0 230 4.07726 -0.667641 8.27493 19.7552
0 0 231 10.6481 -5.4691 -18.2188 -2.93044
0 0 232 13.0172 -20.2067 0.657443 2.58914
0 0 233 -4.69756 3.41696 7.00518 -10.5471
0 0 234 8.10559 -4.421 19.645 -3.31636
0 0 235 -6.90984 -4.14415 4.30077 9.10268
0 0 236 3.194 -8.33949 16.3881 0.271366
0 0 237 -0.834329 -1.05326 4.96243 -7.40069
0 0 238 -9.22944 -2.82019 4.35539 1.48522
0 0 239 6.83436 18.8714 0.823383 7.44681
0 0 240 -2.43576 -3.53705 1.37477 -3.3717
0 0 241 4.57255 -0.556899 0.492553 -5.9662
0 0 242 -12.4818 -11.7616 7.00518 9.43401
0 0 243 -8.17282 -11.4857 3.36185 12.6351
0 0 244 -17.2366 -1.164 -7.89792 2.75517
0 0 245 -10.608 12.9111 2.64452 -14.3009
0 0 246 -7.51244 11.6959 -21.1448 -6.18683
0 0 247 18.7047 -11.9821 12.5799 8.10946
0 0 248 -3.87209 10.5924 25.2743 -20.2057
0 0 249 -3.92987 -13.1963 5.90136 -2.04715
0 0 250 6.11619 -1.27474 -11.264 2.42385
0 0 251 19.6953 -0.943508 -2.10262 -7.40069
0 0 252 4.63033 3.85894 17.2714 -8.94662
0 0 253 -0.00885187 8.77113 -1.05342 3.63845
0 0 254 -5.9688 6.12124 16.7746 13.629
0 0 255 1.42748 -4.47539 9.04687 11.3659
0 0 256 -2.82373 -13.1963 10.3166 -2.1571
0 0 257 4.90274 4.41067 2.81046 8.8267
0 0 258 -2.16335 21.4106 -14.0241 19.5345
0 0 259 5.73647 -2.21309 -2.48807 16.5541
0 0 260 -9.66694 -0.391775 -14.2446 -7.78736
0 0 261 -7.90042 1.54028 0.76772 12.0831
0 0 262 -13.3651 1.20904 -14.5208 -2.48842
0 0 263 20.4135 12.5245 4.74188 -11.1544
0 0 264 26.9265 5.95611 -17.0603 4.24501
0 0 265 -16.4524 -5.91108 -11.4299 3.03115
0 0 266 -6.07611 5.23827 -2.32318 -8.72599
0 0 267 9.31904 -14.0793 -3.53727 14.5669
0 0 268 7.28011 1.65102 -1.55019 5.40427
0 0 269 8.55135 -1.82648 12.1378 6.56353
0 0 270 13.0172 -0.501528 3.91428 -8.28397
0 0 271 -11.6563 24.3907 -2.54373 -2.93044
0 0 272 18.812 6.83908 -0.446373 15.6155
0 0 273 9.9299 -10.3269 3.91428 -10.5471
0 0 274 8.27069 -0.888137 -10.7126 4.41105
0 0 275 5.90157 -7.18065 2.64452 9.70998
0 0 276 -13.6457 9.43361 6.23219 -5.74482
0 0 277 1.09729 -2.21309 -17.3912 9.10268
0 0 278 -2.16335 7.33643 -12.4791 -2.65446
0 0 279 -4.69756 2.80985 -6.24167 0.21602
0 0 280 7.9405 -4.19952 14.5113 11.5865
0 0 281 -10.1622 10.2058 20.8591 -3.09572
0 0 282 5.67869 10.0407 -13.9694 -1.43985
0 0 283 -0.727017 10.8129 -5.08219 17.5473
0 0 284 -16.2955 6.01148 -2.37779 -6.79414
0 0 285 -16.9642 -6.35207 21.3558 -15.6255
0 0 286 1.86498 -5.4691 9.1582 9.59929
0 0 287 8.65866 -4.08977 0.76772 -10.6578
0 0 288 -4.30959 -15.6247 2.42397 1.37528
0 0 289 12.1339 4.68654 -7.29088 -7.51138
0 0 290 -8.61858 20.9696 -2.76428 4.46639
0 0 291 8.98885 -6.02083 21.6867 10.5379
0 0 292 3.46641 13.5182 17.3817 22.6256
0 0 293 2.86381 12.0825 -16.1771 7.83348
0 0 294 0.981721 1.31978 8.43982 0.491999
0 0 295 -17.9465 -8.06362 -11.264 -19.2685
0 0 296 -1.16452 7.0052 -4.08865 10.2619
0 0 297 -1.3874 4.3553 5.29431 -4.14429
0 0 298 -0.0666353 0.712678 -1.55019 2.09253
0 0 299 -5.5313 2.69911 24.8332 5.29433
0 0 300 -1.99825 -22.3592 0.76772 -6.51816
0 0 301 -4.75535 5.01777 -0.88748 -12.645
0 0 302 -0.116164 -5.19323 -8.0082 -9.88525
0 0 303 -1.05721 -4.86199 9.81986 -18.7158
0 0 304 11.7459 -0.00516709 13.187 11.6418
0 0 305 13.2978 -18.8264 -6.959 12.3591
0 0 306 6.28129 -13.9142 20.3623 -7.18006
0 0 307 7.11502 2.31349 18.2649 19.5899
0 0 308 2.53362 14.0146 -8.22875 1.65126
0 0 309 -2.76595 -11.3196 -11.1537 -12.921
0 0 310 0.932193 -0.0605381 14.1805 1.20924
0 0 311 0.544218 -7.01454 -4.9173 5.40427
0 0 312 -0.727017 -4.75224 14.7329 -8.55995
0 0 313 -7.79311 8.16403 18.3752 -9.44323
0 0 314 -12.1021 -9.05733 -2.26751 -18.7158
0 0 315 23.7236 13.4075 8.99226 5.6249
0 0 316 7.44521 -9.5537 -20.3718 7.77813
0 0 317 0.816626 9.37824 -2.2129 2.97581
0 0 318 -8.94877 -1.60598 -10.7126 16.0575
0 0 319 -4.20228 -12.4795 -2.26751 -4.53096
0 0 320 -1.77537 7.50156 -11.0434 -10.8785
0 0 321 10.9205 -8.94659 12.414 -3.979
0 0 322 1.75767 3.14109 12.0832 11.0345
0 0 323 -8.1233 -5.74496 12.414 -14.3009
0 0 324 -14.5785 12.4138 11.4761 -0.391282
0 0 325 11.3662 -10.1608 0.823383 8.8267
0 0 326 -2.65863 6.78371 3.91428 9.98596
0 0 327 -0.396826 -4.36563 7.11545 4.02438
0 0 328 -9.55963 15.0083 -1.71613 5.34892
0 0 329 10.5325 -4.75224 26.2133 -7.12471
0 0 330 -0.281259 -2.32284 7.99872 13.2977
0 0 331 0.321339 10.5924 -9.33257 12.6351
0 0 332 -18.062 -5.52447 5.8457 -6.07614
0 0 333 -26.6635 5.79 -10.5467 -1.82652
0 0 334 4.57255 -8.7261 3.69373 -4.86229
0 0 335 7.61031 2.53399 7.7225 7.77813
0 0 336 22.0149 5.68025 10.0404 6.50818
0 0 337 -3.76477 -4.69687 -2.98484 -6.73879
0 0 338 -9.17165 -0.723012 3.19696 1.7066
0 0 339 -13.4311 0.933173 15.6708 -3.64768
0 0 340 11.5313 -3.04068 -1.88102 1.65126
0 0 341 23.3439 11.1995 10.262 -6.40747
0 0 342 -6.95937 -17.2809 -10.492 6.56353
0 0 343 11.911 -13.2517 -8.55958 -0.667261
0 0 344 21.4618 -4.08977 2.09314 -1.60514
0 0 345 -11.4417 -5.52447 5.4592 7.0048
0 0 346 31.0126 12.4138 -4.80703 -9.77456
0 0 347 19.0927 9.48898 -5.3038 2.86512
0 0 348 -0.61145 20.8588 -16.8387 6.39824
0 0 349 -8.34618 11.3103 -6.73844 -19.9858
0 0 350 -3.26123 -1.27474 -28.0985 -1.60514
0 0 351 -7.79311 -5.08249 -2.65401 -5.30355
0 0 352 -12.4818 2.42325 -6.24167 -16.1221
0 0 353 6.56195 -0.00516709 7.39167 -8.06334
0 0 354 12.4641 -1.66036 -5.13786 8.27475
0 0 355 13.1823 -5.8557 -11.8164 4.63168
0 0 356 6.11619 3.96869 -7.62171 8.33009
0 0 357 -0.776546 -3.09605 -4.69675 3.14109
0 0 358 7.16455 -10.2162 -10.0499 -2.1571
0 0 359 -5.5313 7.77742 -6.959 3.03115
0 0 360 -8.94877 -12.8651 15.3946 -10.6578
0 0 361 5.73647 7.11495 24.2262 -0.115304
0 0 362 -0.727017 -4.31026 7.22573 -4.31033
0 0 363 12.299 -17.5014 9.70958 4.63168
0 0 364 7.9405 20.4168 3.41751 -4.53096
0 0 365 -15.0821 8.38453 -6.79411 -0.501225
0 0 366 0.874409 6.17661 0.989323 -2.43308
0 0 367 5.29071 14.1797 -4.14432 -8.89127
0 0 368 -26.7296 20.141 -15.2381 0.823323
0 0 369 -5.8037 7.39081 -2.04696 -1.71583
0 0 370 7.83318 9.2675 7.55656 -9.77456
0 0 371 7.99828 17.7126 0.657443 -5.02757
0 0 372 -1.49471 6.94982 7.77816 10.8139
0 0 373 17.2684 1.92688 17.6579 10.2619
0 0 374 23.0632 7.05958 10.6475 -7.2354
0 0 375 10.6976 14.6217 -3.8681 1.15465
0 0 376 -4.36737 1.98226 0.93366 -1.82652
0 0 377 -3.64921 -13.0866 17.3817 7.6121
0 0 378 -2.71642 -1.88185 -4.69675 -1.43985
0 0 379 18.1517 3.80357 10.7588 17.4374
0 0 380 -5.14332 -10.2162 -1.55019 21.4664
0 0 381 -1.16452 -17.5014 3.63806 0.436654
0 0 382 -9.17165 -10.3813 -5.41407 -1.77118
0 0 383 -0.949896 -2.87556 -11.1537 2.92046
0 0 384 -11.3261 -2.43358 1.70665 8.99199
0 0 385 0.65153 -12.3133 -4.47515 -1.27456
0 0 386 -2.93104 0.32607 -9.22229 9.26797
0 0 387 6.72705 -6.57355 6.0673 1.7066
0 0 388 18.6469 -14.19 -13.8035 -4.42027
0 0 389 12.3568 12.6342 -7.78765 5.6249
0 0 390 -5.08554 10.0407 -7.67632 9.98596
0 0 391 -4.36737 -9.71882 2.09314 -2.93044
0 0 392 -12.5891 -6.35207 -3.59188 -7.40069
0 0 393 -8.00773 4.85265 -3.8681 9.04734
0 0 394 -19.6635 5.5695 -9.38823 -9.44323
0 0 395 9.87211 8.32915 5.23865 -14.7975
0 0 396 -1.61028 6.23198 -3.48161 -12.6996
0 0 397 11.6386 -5.02811 -13.8592 6.12226
0 0 398 -10.2778 -14.9632 0.10606 2.03718
0 0 399 -19.7213 -13.8588 13.021 -14.0795
0 0 400 -19.6635 3.47233 0.713107 -17.226
0 0 401 26.489 9.047 25.2197 -3.42705
0 0 402 -1.77537 7.11495 -5.19352 -5.63488
0 0 403 15.6092 -10.2162 5.68081 13.2424
0 0 404 -0.0666353 2.9206 6.12191 -10.4372
0 0 405 -13.9842 -13.1963 -14.0241 19.1486
0 0 406 -0.281259 4.68654 -2.98484 6.50818
0 0 407 -4.69756 12.0825 8.38521 17.4927
0 0 408 -5.9688 2.97597 24.7776 -1.55054
0 0 409 -5.19285 -15.1837 -10.2715 -16.7286
0 0 410 5.23293 8.66039 5.73542 -4.80694
0 0 411 0.214027 -4.58613 -16.0111 5.45961
0 0 412 4.79543 1.26441 15.8914 -1.27456
0 0 413 29.1388 10.4817 13.5735 0.712632
0 0 414 82.7288 -8.61536 28.2003 -9.16725
0 0 415 168.562 -16.6184 24.1705 -0.832549
0 0 416 260.57 -11.8724 23.8943 23.6196
0 0 417 372.29 -24.3457 20.8591 -7.95265
0 0 418 461.821 -40.4072 19.0925 4.90766
0 0 419 511.498 -11.4304 16.8303 7.0048
0 0 420 503.714 -22.7448 40.7299 2.25856
0 0 421 498.414 -34.171 25.7165 -5.13826
0 0 422 383.657 -21.3101 13.8497 -3.48239
0 0 423 254.89 -4.31026 -2.15724 -15.4048
0 0 424 104.645 -5.96645 2.42397 5.90088
0 0 425 36.3122 3.14109 11.9729 -9.11191
0 0 426 34.653 6.17661 37.6936 -18.3291
0 0 427 23.1706 7.11495 8.66143 13.3531
0 0 428 16.7153 13.2967 9.87552 2.58914
0 0 429 4.46524 17.8787 4.30077 -2.65446
0 0 430 -19.6635 2.53399 -0.336097 -8.33932
0 0 431 9.37683 -4.25489 6.78462 -5.30355
0 0 432 -9.50184 -14.1347 0.60283 -7.56673
0 0 433 -24.9135 -5.08249 7.88844 0.988611
0 0 434 -12.2094 -3.42729 6.39813 9.43401
0 0 435 -7.18225 0.270699 -21.3097 3.30713
0 0 436 -4.59025 7.66668 5.8457 12.9664
0 0 437 -10.5585 -2.21309 8.05333 3.85909
0 0 438 -17.5172 -7.84313 1.9272 2.09253
0 0 439 12.6292 5.45975 -5.69029 0.933266
0 0 440 -1.55249 15.5046 4.57699 2.86512
0 0 441 0.544218 -1.27474 15.0638 -3.70303
0 0 442 17.7142 -9.44295 2.03748 0.326711
0 0 443 13.1328 -1.60598 2.7548 0.0507323
0 0 444 -29.4784 7.44619 -16.0111 -2.81974
0 0 445 -10.3273 -3.48266 -1.66047 -14.2456
0 0 446 15.5597 0.988544 3.58345 10.6479
0 0 447 -13.9181 0.712678 -5.3038 17.934
0 0 448 4.01948 0.32607 21.025 2.97581
0 0 449 -2.27066 7.94354 12.1934 8.2194
0 0 450 -5.08554 8.88188 4.96243 7.28077
0 0 451 3.25178 -0.777395 -2.59834 -0.55657
0 0 452 16.2778 -7.73239 16.3881 -2.48842
0 0 453 -6.02658 -6.62793 7.05979 -10.4918
0 0 454 -17.6741 -0.943508 -2.37779 -10.3265
0 0 455 -18.4418 -19.0469 14.8978 5.23898
0 0 456 -5.19285 -1.93722 7.05979 0.988611
0 0 457 5.3485 8.38453 6.72896 -15.9014
0 0 458 -10.0549 1.98226 7.61222 -12.755
0 0 459 0.816626 -8.22875 -0.22582 -5.13826
0 0 460 22.4029 4.57579 -14.19 2.81052
0 0 461 0.874409 -12.258 10.5928 9.37866
0 0 462 0.65153 -4.08977 18.2649 3.0865
0 0 463 -8.51127 -1.60598 5.12837 1.31993
0 0 464 -2.71642 5.84537 12.5799 7.0048
0 0 465 5.6209 8.77113 -16.5636 -1.55054
0 0 466 10.095 9.37824 -0.280433 -5.19286
0 0 467 -1.88269 -5.57984 -6.73844 -2.37848
0 0 468 18.4818 -2.43358 0.10606 -7.89805
0 0 469 13.1328 0.546565 6.17758 7.66744
0 0 470 -10.8309 -19.8754 -8.17309 4.963
0 0 471 -3.2117 -4.19952 -9.99528 -3.26101
0 0 472 -3.15392 -1.9916 9.37875 5.5703
0 0 473 1.26238 6.56322 -13.1408 -6.29678
0 0 474 -11.1693 6.06685 3.63806 -5.74482
0 0 475 -10.7235 -15.1284 -14.6311 19.5345
0 0 476 10.4252 -2.82019 -14.6868 18.7066
0 0 477 -16.5762 -15.3489 -7.78765 19.2032
0 0 478 12.687 19.9758 -8.61525 11.7518
0 0 479 -5.30842 5.95611 -9.6634 -9.2226
0 0 480 -5.58083 2.97597 8.71604 5.51496
0 0 481 3.74707 -17.7229 2.81046 5.45961
0 0 482 -0.727017 2.25812 8.66143 7.17083
0 0 483 11.4735 16.0564 0.43689 0.436654
0 0 484 -16.4524 7.33643 -3.26105 -2.32313
0 0 485 -17.8474 4.79728 -7.12494 13.2424
0 0 486 -0.339043 -9.77419 -3.20644 16.9954
0 0 487 0.486435 -5.91108 16.0573 -1.88112
0 0 488 0.874409 -5.2486 -0.336097 20.4178
0 0 489 -4.86266 -3.09605 -3.09511 -4.69625
0 0 490 -1.28009 -13.8034 -4.80703 -3.26101
0 0 491 -8.84146 -0.225662 -0.55665 2.86512
0 0 492 18.4818 -12.7 2.81046 4.07972
0 0 493 20.6363 -19.5442 5.79108 -10.8231
0 0 494 -6.02658 1.31978 -4.58542 0.271366
0 0 495 -6.85206 0.160946 3.85862 -2.81974
0 0 496 0.602001 -8.22875 -14.0797 10.5379
0 0 497 -3.92987 -9.9403 -10.1056 -3.75837
0 0 498 -1.83316 -3.75853 1.9272 2.97581
0 0 499 -3.92987 -16.3979 -1.9913 -1.4952
0 0 500 6.28129 6.50784 -3.26105 -0.446628
0 0 501 5.9511 21.5213 11.4204 20.1418
0 0 502 -0.00885187 -4.14415 11.2556 13.2977
0 0 503 4.51477 -0.170291 -4.9173 -16.3973
0 0 504 -5.58083 18.6509 -2.70967 3.52776
0 0 505 -20.4312 5.62488 -3.20644 -1.71583
0 0 506 -16.1222 -11.375 1.70665 -16.1774
0 0 507 -5.47351 22.1838 -16.0111 -1.99181
0 0 508 -4.14449 -13.8034 3.85862 6.45284
0 0 509 -1.2223 5.95611 -2.70967 -4.03435
0 0 510 -1.3874 -3.09605 -14.7414 -3.3717
0 0 511 4.01948 -1.82648 -11.9824 -12.8657
