0 0 0 -0.00452559
0 0 1 -0.00452559
0 0 2 -0.00452559
0 0 3 -0.00452559
0 0 4 -0.00452559
0 0 5 -0.00452559
0 0 6 -0.00452559
0 0 7 -0.00452559
0 0 8 -0.00452559
0 0 9 -0.00452559
0 0 10 -0.00452559
0 0 11 -0.00452559
0 0 12 -0.00452559
0 0 13 -0.00452559
0 0 14 -0.00452559
0 0 15 -0.00452559
0 0 16 -0.00452559
0 0 17 -0.00452559
0 0 18 -0.00452559
0 0 19 -0.00452559
0 0 20 -0.00452559
0 0 21 -0.00452559
0 0 22 -0.00452559
0 0 23 -0.00452559
0 0 24 -0.00452559
0 0 25 -0.00452559
0 0 26 -0.00452559
0 0 27 -0.00452559
0 0 28 -0.00452559
0 0 29 -0.00452559
0 0 30 -0.00452559
0 0 31 -0.00452559
0 0 32 -0.00452559
0 0 33 -0.00452559
0 0 34 -0.00452559
0 0 35 -0.00452559
0 0 36 -0.00452559
0 0 37 -0.00452559
0 0 38 -0.00452559
0 0 39 -0.00452559
0 0 40 -0.00452559
0 0 41 -0.00452559
0 0 42 -0.00452559
0 0 43 -0.00452559
0 0 44 -0.00452559
0 0 45 -0.00452559
0 0 46 -0.00452559
0 0 47 -0.00452559
0 0 48 -0.00452559
0 0 49 -0.00452559
0 0 50 -0.00452559
0 0 51 -0.00452559
0 0 52 -0.00452559
0 0 53 -0.00452559
0 0 54 -0.00452559
0 0 55 -0.00452559
0 0 56 -0.00452559
0 0 57 -0.00452559
0 0 58 -0.00452559
0 0 59 -0.00452559
0 0 60 -0.00452559
0 0 61 -0.00452559
0 0 62 -0.00452559
0 0 63 -0.00452559
0 0 64 -0.00452559
0 0 65 -0.00452559
0 0 66 -0.00452559
0 0 67 -0.00452559
0 0 68 -0.00452559
0 0 69 9.18048
0 0 70 3.05978
0 0 71 0.410813
0 0 72 0.513855
0 0 73 1.07504
0 0 74 1.96912
0 0 75 1.96912
0 0 76 2.08326
0 0 77 1.69963
0 0 78 1.76146
0 0 79 1.31441
0 0 80 1.11784
0 0 81 0.431421
0 0 82 0.233264
0 0 83 -0.232803
0 0 84 -0.15037
0 0 85 -0.378647
0 0 86 -0.15037
0 0 87 -0.305725
0 0 88 -0.0362308
0 0 89 -0.275605
0 0 90 -0.275605
0 0 91 -0.846299
0 0 92 -1.02385
0 0 93 -1.54223
0 0 94 -1.4487
0 0 95 -1.39797
0 0 96 -0.524491
0 0 97 0.0366912
0 0 98 0.670796
0 0 99 0.285577
0 0 100 -0.109153
0 0 101 -0.93983
0 0 102 -0.971535
0 0 103 -0.981046
0 0 104 -0.369136
0 0 105 -0.191586
0 0 106 0.472638
0 0 107 0.826151
0 0 108 1.46977
0 0 109 1.33502
0 0 110 1.28271
0 0 111 0.659699
0 0 112 0.442518
0 0 113 -0.170978
0 0 114 -0.254997
0 0 115 -0.679847
0 0 116 -0.524491
0 0 117 -0.690944
0 0 118 -0.462666
0 0 119 -0.784474
0 0 120 -0.586316
0 0 121 -0.513394
0 0 122 0.0985164
0 0 123 0.0255944
0 0 124 -0.0362308
0 0 125 -0.670335
0 0 126 -0.670335
0 0 127 -0.825691
0 0 128 -0.419864
0 0 129 -0.430961
0 0 130 -0.098056
0 0 131 -0.378647
0 0 132 -0.483274
0 0 133 -1.07458
0 0 134 -0.992143
0 0 135 -1.1586
0 0 136 -0.971535
0 0 137 -1.28225
0 0 138 -0.866907
0 0 139 -0.389744
0 0 140 0.680307
0 0 141 1.01321
0 0 142 1.27319
0 0 143 0.794446
0 0 144 0.63909
0 0 145 0.077908
0 0 146 -0.0568392
0 0 147 -0.503883
0 0 148 -0.33743
0 0 149 -0.472178
0 0 150 -0.223292
0 0 151 -0.451569
0 0 152 -0.182075
0 0 153 -0.170978
0 0 154 0.410813
0 0 155 0.536048
0 0 156 0.857856
0 0 157 0.379108
0 0 158 0.0890048
0 0 159 -0.535588
0 0 160 -0.264508
0 0 161 -0.0457424
0 0 162 0.556657
0 0 163 0.369596
0 0 164 0.296674
0 0 165 -0.232803
0 0 166 -0.139273
0 0 167 -0.232803
0 0 168 0.24436
0 0 169 0.369596
0 0 170 0.857856
0 0 171 0.805543
0 0 172 1.16857
0 0 173 1.15906
0 0 174 1.48086
0 0 175 1.04492
0 0 176 0.618482
0 0 177 -0.378647
0 0 178 -0.773377
0 0 179 -1.30444
0 0 180 -1.09519
0 0 181 -1.00165
0 0 182 -0.264508
0 0 183 0.0683964
0 0 184 0.670796
0 0 185 0.723109
0 0 186 1.08613
0 0 187 0.91017
0 0 188 1.03382
0 0 189 0.63909
0 0 190 0.629579
0 0 191 0.130222
0 0 192 0.077908
0 0 193 -0.369136
0 0 194 -0.358039
0 0 195 -0.773377
0 0 196 -0.565708
0 0 197 -0.389744
0 0 198 0.431421
0 0 199 0.524952
0 0 200 0.556657
0 0 201 -0.0457424
0 0 202 -0.139273
0 0 203 -0.586316
0 0 204 -0.618022
0 0 205 -1.04446
0 0 206 -0.981046
0 0 207 -1.26164
0 0 208 -0.960438
0 0 209 -0.960438
0 0 210 -0.597413
0 0 211 -0.887516
0 0 212 -0.981046
0 0 213 -1.4487
0 0 214 -1.18872
0 0 215 -1.09519
0 0 216 -0.659238
0 0 217 -0.887516
0 0 218 -0.721063
0 0 219 -0.690944
0 0 220 0.203144
0 0 221 0.837248
0 0 222 1.63622
0 0 223 1.49196
0 0 224 1.28271
0 0 225 0.442518
0 0 226 0.0985164
0 0 227 -0.472178
0 0 228 -0.451569
0 0 229 -0.700455
0 0 230 -0.451569
0 0 231 -0.711552
0 0 232 -0.763866
0 0 233 -1.34566
0 0 234 -1.32505
0 0 235 -1.27273
0 0 236 -0.369136
0 0 237 0.0890048
0 0 238 0.472638
0 0 239 -0.0568392
0 0 240 -0.254997
0 0 241 -0.73216
0 0 242 -0.814594
0 0 243 -1.48992
0 0 244 -1.69917
0 0 245 -1.94806
0 0 246 -1.29334
0 0 247 -0.919221
0 0 248 -0.326334
0 0 249 -0.524491
0 0 250 -0.597413
0 0 251 -1.27273
0 0 252 -1.50101
0 0 253 -1.96866
0 0 254 -1.76099
0 0 255 -1.80221
0 0 256 -1.28225
0 0 257 -0.971535
0 0 258 -0.0156224
0 0 259 0.629579
0 0 260 1.55379
0 0 261 1.64732
0 0 262 1.70914
0 0 263 1.13845
0 0 264 1.01321
0 0 265 0.504343
0 0 266 0.399716
0 0 267 -0.067936
0 0 268 0.109613
0 0 269 0.141318
0 0 270 0.743718
0 0 271 0.837248
0 0 272 1.21137
0 0 273 1.04492
0 0 274 1.16857
0 0 275 0.650187
0 0 276 0.45203
0 0 277 -0.00452559
0 0 278 0.296674
0 0 279 0.399716
0 0 280 1.04492
0 0 281 1.2621
0 0 282 1.72975
0 0 283 1.48086
0 0 284 1.50147
0 0 285 1.16857
0 0 286 1.46977
0 0 287 1.46977
0 0 288 1.83438
0 0 289 1.49196
0 0 290 1.21137
0 0 291 0.203144
0 0 292 -0.472178
0 0 293 -1.36626
0 0 294 -1.46931
0 0 295 -1.71978
0 0 296 -1.56284
0 0 297 -1.94806
0 0 298 -1.77051
0 0 299 -1.58345
0 0 300 -0.524491
0 0 301 0.192047
0 0 302 1.08613
0 0 303 1.12735
0 0 304 1.10674
0 0 305 0.233264
0 0 306 -0.348527
0 0 307 -1.12689
0 0 308 -1.11738
0 0 309 -1.1586
0 0 310 -0.483274
0 0 311 -0.202683
0 0 312 0.276066
0 0 313 0.0572996
0 0 314 0.223752
0 0 315 0.0683964
0 0 316 0.317282
0 0 317 -0.0156224
0 0 318 -0.025134
0 0 319 -0.410352
0 0 320 -0.2439
0 0 321 -0.378647
0 0 322 0.0160828
0 0 323 -0.0457424
0 0 324 0.255457
0 0 325 0.15083
0 0 326 0.63909
0 0 327 0.794446
0 0 328 1.23198
0 0 329 0.930778
0 0 330 0.700916
0 0 331 -0.182075
0 0 332 -0.627533
0 0 333 -1.23152
0 0 334 -1.08567
0 0 335 -1.1475
0 0 336 -0.773377
0 0 337 -0.981046
0 0 338 -0.878004
0 0 339 -1.09519
0 0 340 -0.743257
0 0 341 -0.773377
0 0 342 -0.399256
0 0 343 -0.442058
0 0 344 -0.0568392
0 0 345 -0.170978
0 0 346 0.0366912
0 0 347 -0.212195
0 0 348 0.0160828
0 0 349 -0.212195
0 0 350 -0.15037
0 0 351 -0.492786
0 0 352 -0.129761
0 0 353 0.161927
0 0 354 0.992603
0 0 355 1.25259
0 0 356 1.6061
0 0 357 1.07504
0 0 358 0.63909
0 0 359 -0.182075
0 0 360 -0.2439
0 0 361 -0.378647
0 0 362 0.0160828
0 0 363 -0.118664
0 0 364 0.109613
0 0 365 0.0683964
0 0 366 0.629579
0 0 367 0.753229
0 0 368 1.02431
0 0 369 0.700916
0 0 370 0.878465
0 0 371 0.629579
0 0 372 0.618482
0 0 373 -0.025134
0 0 374 -0.254997
0 0 375 -0.857396
0 0 376 -1.08567
0 0 377 -1.88623
0 0 378 -2.24925
0 0 379 -2.73752
0 0 380 -2.34279
0 0 381 -2.02098
0 0 382 -1.13799
0 0 383 -0.721063
0 0 384 -0.067936
0 0 385 -0.139273
0 0 386 -0.0362308
0 0 387 -0.191586
0 0 388 0.54556
0 0 389 1.12735
0 0 390 1.88669
0 0 391 1.69963
0 0 392 1.57439
0 0 393 0.981507
0 0 394 0.960898
0 0 395 0.586777
0 0 396 0.556657
0 0 397 0.0890048
0 0 398 0.276066
0 0 399 0.276066
0 0 400 0.577265
0 0 401 -0.067936
0 0 402 -0.721063
0 0 403 -1.7816
0 0 404 -1.92745
0 0 405 -1.85453
0 0 406 -0.908124
0 0 407 -0.305725
0 0 408 0.379108
0 0 409 0.161927
0 0 410 0.223752
0 0 411 0.119125
0 0 412 0.784934
0 0 413 1.06553
0 0 414 1.55379
0 0 415 1.34612
0 0 416 1.40794
0 0 417 1.01321
0 0 418 1.11784
0 0 419 0.919681
0 0 420 1.28271
0 0 421 1.31441
0 0 422 1.78206
0 0 423 1.77255
0 0 424 2.11497
0 0 425 1.96912
0 0 426 2.22911
0 0 427 2.13558
0 0 428 2.62384
0 0 429 2.92504
0 0 430 3.91265
0 0 431 4.62919
0 0 432 5.60571
0 0 433 5.68815
0 0 434 5.80387
0 0 435 5.52328
0 0 436 6.11458
0 0 437 6.74869
0 0 438 7.98519
0 0 439 8.73343
0 0 440 9.76227
0 0 441 10.2711
0 0 442 11.0812
0 0 443 11.2889
0 0 444 11.7676
0 0 445 11.9024
0 0 446 12.8377
0 0 447 13.8237
0 0 448 15.6119
0 0 449 17.0561
0 0 450 18.7174
0 0 451 19.6004
0 0 452 20.7751
0 0 453 21.7104
0 0 454 23.3511
0 0 455 24.5876
0 0 456 26.0841
0 0 457 27.197
0 0 458 29.2435
0 0 459 31.5913
0 0 460 34.7079
0 0 461 36.8908
0 0 462 38.4491
0 0 463 38.6568
0 0 464 39.0198
0 0 465 39.1863
0 0 466 40.0804
0 0 467 40.6416
0 0 468 41.5452
0 0 469 42.0651
0 0 470 43.2794
0 0 471 44.2782
0 0 472 45.4306
0 0 473 45.6383
0 0 474 45.9601
0 0 475 46.0743
0 0 476 47.1966
0 0 477 48.403
0 0 478 50.1167
0 0 479 51.0108
0 0 480 51.9461
0 0 481 52.4121
0 0 482 53.5345
0 0 483 54.2526
0 0 484 54.9692
0 0 485 54.6156
0 0 486 54.4809
0 0 487 54.4603
0 0 488 55.7903
0 0 489 57.3994
0 0 490 59.6552
0 0 491 61.3689
0 0 492 63.4265
0 0 493 64.9959
0 0 494 66.7825
0 0 495 67.7273
0 0 496 68.7562
0 0 497 69.4727
0 0 498 71.1975
0 0 499 73.141
0 0 500 75.8328
0 0 501 77.9095
0 0 502 79.9671
0 0 503 81.2036
0 0 504 82.7826
0 0 505 84.0825
0 0 506 85.9214
0 0 507 87.272
0 0 508 88.8509
0 0 509 89.8275
0 0 510 91.1464
0 0 511 91.9993
0 0 512 93.2358
0 0 513 93.8905
0 0 514 94.7735
0 0 515 95.0747
0 0 516 95.7294
0 0 517 96.0607
0 0 518 97.1212
0 0 519 98.0565
0 0 520 99.3961
0 0 521 99.8542
0 0 522 100
0 0 523 98.9808
0 0 524 97.963
0 0 525 96.3413
0 0 526 95.0747
0 0 527 93.4022
0 0 528 92.4035
0 0 529 91.2827
0 0 530 90.6486
0 0 531 89.298
0 0 532 87.9775
0 0 533 86.0149
0 0 534 84.4772
0 0 535 82.6066
0 0 536 81.2036
0 0 537 79.3758
0 0 538 78.0664
0 0 539 76.5794
0 0 540 75.874
0 0 541 74.991
0 0 542 74.5535
0 0 543 73.4834
0 0 544 72.5481
0 0 545 70.9597
0 0 546 69.6598
0 0 547 67.7384
0 0 548 65.9518
0 0 549 63.6231
0 0 550 61.8888
0 0 551 59.9659
0 0 552 58.5946
0 0 553 56.8081
0 0 554 55.4669
0 0 555 53.7644
0 0 556 52.558
0 0 557 50.9267
0 0 558 49.5555
0 0 559 47.4566
0 0 560 45.6795
0 0 561 43.7788
0 0 562 42.6881
0 0 563 41.4516
0 0 564 40.7969
0 0 565 39.7586
0 0 566 39.0198
0 0 567 37.6597
0 0 568 36.7133
0 0 569 35.5703
0 0 570 35.155
0 0 571 34.4479
0 0 572 34.1578
0 0 573 33.4714
0 0 574 33.3684
0 0 575 32.953
0 0 576 32.869
0 0 577 32.1208
0 0 578 31.623
0 0 579 30.8637
0 0 580 30.9477
0 0 581 30.9572
0 0 582 31.3519
0 0 583 30.9255
0 0 584 30.5007
0 0 585 29.4813
0 0 586 28.9423
0 0 587 28.1529
0 0 588 27.9959
0 0 589 27.5806
0 0 590 27.7058
0 0 591 27.476
0 0 592 27.7883
0 0 593 27.8612
0 0 594 28.5983
0 0 595 28.9312
0 0 596 29.4607
0 0 597 29.2324
0 0 598 29.2324
0 0 599 28.7553
0 0 600 28.6507
0 0 601 28.007
0 0 602 27.7471
0 0 603 27.1447
0 0 604 27.0717
0 0 605 26.4995
0 0 606 26.1983
0 0 607 25.3359
0 0 608 24.8381
0 0 609 23.7887
0 0 610 23.061
0 0 611 22.0528
0 0 612 21.8657
0 0 613 21.5851
0 0 614 21.7833
0 0 615 21.3981
0 0 616 21.2221
0 0 617 20.485
0 0 618 20.1204
0 0 619 19.4767
0 0 620 19.445
0 0 621 18.998
0 0 622 18.6968
0 0 623 17.6886
0 0 624 17.1385
0 0 625 16.3601
0 0 626 16.1303
0 0 627 15.3107
0 0 628 14.6243
0 0 629 13.4084
0 0 630 12.8377
0 0 631 12.4001
0 0 632 13.0866
0 0 633 13.7096
0 0 634 14.5418
0 0 635 14.4166
0 0 636 14.3849
0 0 637 13.9806
0 0 638 14.136
0 0 639 13.7936
0 0 640 13.773
0 0 641 13.3259
0 0 642 13.253
0 0 643 12.5872
0 0 644 12.2353
0 0 645 11.6741
0 0 646 11.9642
0 0 647 12.1925
0 0 648 12.8789
0 0 649 12.7441
0 0 650 12.4223
0 0 651 11.2064
0 0 652 10.2711
0 0 653 9.00293
0 0 654 8.37992
0 0 655 7.66338
0 0 656 7.74581
0 0 657 7.68399
0 0 658 8.19286
0 0 659 8.25468
0 0 660 8.56698
0 0 661 8.18176
0 0 662 8.11042
0 0 663 7.7363
0 0 664 7.95348
0 0 665 7.62216
0 0 666 7.31938
0 0 667 6.34286
0 0 668 6.07336
0 0 669 5.99093
0 0 670 6.74869
0 0 671 6.91514
0 0 672 7.07049
0 0 673 6.457
0 0 674 6.1986
0 0 675 5.71985
0 0 676 5.96874
0 0 677 5.92752
0 0 678 6.13519
0 0 679 5.63742
0 0 680 5.36634
0 0 681 4.54517
0 0 682 4.09971
0 0 683 3.38159
0 0 684 3.45451
0 0 685 3.39269
0 0 686 3.63206
0 0 687 3.02966
0 0 688 2.62384
0 0 689 2.06265
0 0 690 2.4986
0 0 691 2.87272
0 0 692 3.58926
0 0 693 3.56865
0 0 694 3.63206
0 0 695 3.03918
0 0 696 2.86321
0 0 697 2.35434
0 0 698 2.31154
0 0 699 1.72975
0 0 700 1.42855
0 0 701 0.764326
0 0 702 0.753229
0 0 703 0.618482
0 0 704 1.08613
0 0 705 1.21137
0 0 706 1.77255
0 0 707 1.83438
0 0 708 2.1974
0 0 709 2.01034
0 0 710 2.27032
0 0 711 2.21801
0 0 712 2.63493
0 0 713 2.55092
0 0 714 2.79029
0 0 715 2.62384
0 0 716 2.97735
0 0 717 2.77919
0 0 718 2.5414
0 0 719 1.24149
0 0 720 0.130222
0 0 721 -0.960438
0 0 722 -0.73216
0 0 723 -0.296214
0 0 724 0.566168
0 0 725 0.597874
0 0 726 0.773838
0 0 727 0.556657
0 0 728 0.857856
0 0 729 0.753229
0 0 730 1.03382
0 0 731 0.81664
0 0 732 0.867368
0 0 733 0.337891
0 0 734 0.296674
0 0 735 0.15083
0 0 736 0.805543
0 0 737 1.21137
0 0 738 1.95803
0 0 739 1.98022
0 0 740 2.05156
0 0 741 1.34612
0 0 742 0.81664
0 0 743 -0.182075
0 0 744 -0.63863
0 0 745 -1.26164
0 0 746 -1.27273
0 0 747 -1.60564
0 0 748 -1.4804
0 0 749 -1.77051
0 0 750 -1.62625
0 0 751 -1.85453
0 0 752 -1.50101
0 0 753 -1.30444
0 0 754 -0.430961
0 0 755 0.0890048
0 0 756 0.857856
0 0 757 0.919681
0 0 758 1.21137
0 0 759 0.878465
0 0 760 0.743718
0 0 761 0.171438
0 0 762 0.233264
0 0 763 0.0366912
0 0 764 0.077908
0 0 765 -0.700455
0 0 766 -1.27273
0 0 767 -2.19694
0 0 768 -2.26986
0 0 769 -2.20804
0 0 770 -1.33456
0 0 771 -0.971535
0 0 772 -0.659238
0 0 773 -1.1475
0 0 774 -1.11738
0 0 775 -1.11738
0 0 776 -0.378647
0 0 777 -0.109153
0 0 778 0.276066
0 0 779 -0.118664
0 0 780 -0.254997
0 0 781 -0.793985
0 0 782 -0.846299
0 0 783 -1.19981
0 0 784 -0.981046
0 0 785 -1.01275
0 0 786 -0.430961
0 0 787 -0.15037
0 0 788 0.63909
0 0 789 0.94029
0 0 790 1.43965
0 0 791 1.14796
0 0 792 1.01321
0 0 793 0.410813
0 0 794 0.296674
0 0 795 -0.202683
0 0 796 -0.2439
0 0 797 -0.63863
0 0 798 -0.442058
0 0 799 -0.472178
0 0 800 0.109613
0 0 801 0.317282
0 0 802 0.784934
0 0 803 0.577265
0 0 804 0.753229
0 0 805 0.723109
0 0 806 1.27319
0 0 807 1.22088
0 0 808 1.21137
0 0 809 0.54556
0 0 810 0.369596
0 0 811 0.0160828
0 0 812 0.223752
0 0 813 -0.212195
0 0 814 -0.618022
0 0 815 -1.56284
0 0 816 -1.7499
0 0 817 -1.82282
0 0 818 -1.18872
0 0 819 -0.960438
0 0 820 -0.369136
0 0 821 -0.182075
0 0 822 0.45203
0 0 823 0.680307
0 0 824 1.24149
0 0 825 1.11784
0 0 826 1.10674
0 0 827 0.629579
0 0 828 0.805543
0 0 829 0.732621
0 0 830 0.971995
0 0 831 0.513855
0 0 832 0.390204
0 0 833 0.0160828
0 0 834 0.348988
0 0 835 0.410813
0 0 836 0.992603
0 0 837 1.20027
0 0 838 1.78206
0 0 839 1.72024
0 0 840 1.86608
0 0 841 1.53318
0 0 842 1.72024
0 0 843 1.62671
0 0 844 1.98022
0 0 845 1.80267
0 0 846 1.79316
0 0 847 1.04492
0 0 848 0.513855
0 0 849 -0.316822
0 0 850 -0.296214
0 0 851 -0.296214
0 0 852 0.255457
0 0 853 0.233264
0 0 854 0.442518
0 0 855 0.24436
0 0 856 0.629579
0 0 857 0.712012
0 0 858 1.11784
0 0 859 0.857856
0 0 860 0.887976
0 0 861 0.54556
0 0 862 0.753229
0 0 863 0.463126
0 0 864 0.192047
0 0 865 -1.00165
0 0 866 -2.00988
0 0 867 -3.21468
0 0 868 -3.53807
0 0 869 -3.89
0 0 870 -3.68233
0 0 871 -3.81866
0 0 872 -3.31931
0 0 873 -2.93567
0 0 874 -1.94806
0 0 875 -1.4487
0 0 876 -0.805082
0 0 877 -0.992143
0 0 878 -1.11738
0 0 879 -1.7499
0 0 880 -1.82282
0 0 881 -2.14463
0 0 882 -1.88623
0 0 883 -1.80221
0 0 884 -0.908124
0 0 885 -0.170978
0 0 886 0.857856
0 0 887 1.03382
0 0 888 1.21137
0 0 889 0.743718
0 0 890 0.618482
0 0 891 0.0572996
0 0 892 -0.109153
0 0 893 -0.679847
0 0 894 -0.752769
0 0 895 -1.16811
0 0 896 -1.08567
0 0 897 -1.37578
0 0 898 -1.16811
0 0 899 -1.26164
0 0 900 -0.866907
0 0 901 -0.846299
0 0 902 -0.316822
0 0 903 -0.067936
0 0 904 0.607385
0 0 905 0.504343
0 0 906 0.285577
0 0 907 -0.721063
0 0 908 -1.23152
0 0 909 -1.76099
0 0 910 -1.43919
0 0 911 -1.35517
0 0 912 -0.960438
0 0 913 -1.12689
0 0 914 -0.866907
0 0 915 -0.981046
0 0 916 -0.711552
0 0 917 -0.857396
0 0 918 -0.503883
0 0 919 -0.524491
0 0 920 -0.15037
0 0 921 -0.15037
0 0 922 0.442518
0 0 923 0.700916
0 0 924 1.23198
0 0 925 0.887976
0 0 926 0.483735
0 0 927 -0.378647
0 0 928 -0.305725
0 0 929 -0.0885444
0 0 930 0.700916
0 0 931 0.63909
0 0 932 0.369596
0 0 933 -0.700455
0 0 934 -1.23152
0 0 935 -1.80221
0 0 936 -1.61515
0 0 937 -1.60564
0 0 938 -0.919221
0 0 939 -0.430961
0 0 940 0.463126
0 0 941 0.536048
0 0 942 0.536048
0 0 943 -0.098056
0 0 944 -0.109153
0 0 945 -0.129761
0 0 946 0.556657
0 0 947 0.712012
0 0 948 0.899073
0 0 949 0.255457
0 0 950 -0.0774476
0 0 951 -0.618022
0 0 952 -0.369136
0 0 953 -0.285117
0 0 954 0.285577
0 0 955 0.276066
0 0 956 0.431421
0 0 957 0.00498598
0 0 958 -0.0156224
0 0 959 -0.296214
0 0 960 0.0985164
0 0 961 0.348988
0 0 962 1.16857
0 0 963 1.6061
0 0 964 2.31154
0 0 965 2.17679
0 0 966 1.80267
0 0 967 0.399716
0 0 968 -0.659238
0 0 969 -1.65637
0 0 970 -1.53272
0 0 971 -1.42809
0 0 972 -0.898613
0 0 973 -1.03336
0 0 974 -1.01275
0 0 975 -1.4598
0 0 976 -1.1586
0 0 977 -0.784474
0 0 978 0.182535
0 0 979 0.358499
0 0 980 0.472638
0 0 981 0.0366912
0 0 982 0.276066
0 0 983 0.431421
0 0 984 1.16857
0 0 985 1.35563
0 0 986 1.74085
0 0 987 1.46977
0 0 988 1.36673
0 0 989 0.566168
0 0 990 0.130222
0 0 991 -0.524491
0 0 992 -0.430961
0 0 993 -0.503883
0 0 994 0.0160828
0 0 995 0.296674
0 0 996 1.23198
0 0 997 1.87559
0 0 998 2.77919
0 0 999 2.82041
0 0 1000 2.67615
0 0 1001 1.54269
0 0 1002 0.607385
0 0 1003 -0.524491
0 0 1004 -0.586316
0 0 1005 -0.399256
0 0 1006 0.54556
0 0 1007 0.826151
0 0 1008 0.992603
0 0 1009 0.420324
0 0 1010 0.390204
0 0 1011 0.233264
0 0 1012 0.597874
0 0 1013 0.358499
0 0 1014 0.276066
0 0 1015 -0.378647
0 0 1016 -0.597413
0 0 1017 -1.1475
0 0 1018 -1.23152
0 0 1019 -1.65637
0 0 1020 -0.00452559
0 0 1021 -0.00452559
0 0 1022 -0.00452559
0 0 1023 -0.00452559
