0 0 0 0.0742207
0 0 1 -0.2151
0 0 2 0.0563051
0 0 3 0.177675
0 0 4 -0.0922182
0 0 5 -0.0543573
0 0 6 -0.0692904
0 0 7 0.42897
0 0 8 0.613594
0 0 9 0.999824
0 0 10 0.887961
0 0 11 0.113863
0 0 12 -0.144764
0 0 13 0.247846
0 0 14 0.127035
0 0 15 0.126207
0 0 16 -0.0210943
0 0 17 -0.00276453
0 0 18 -0.0558485
0 0 19 0.247184
0 0 20 -0.116658
0 0 21 0.0186927
0 0 22 0.0862956
0 0 23 0.00593436
0 0 24 0.0514172
0 0 25 0.203316
0 0 26 -0.0734948
0 0 27 0.247722
0 0 28 -0.0707816
0 0 29 0.0393215
0 0 30 -0.103216
0 0 31 0.119289
0 0 32 0.0879318
0 0 33 0.14346
0 0 34 0.0359248
0 0 35 0.232251
0 0 36 -0.176266
0 0 37 0.0271017
0 0 38 0.116431
0 0 39 0.222475
0 0 40 0.0429875
0 0 41 -0.161457
0 0 42 -0.217524
0 0 43 0.0257554
0 0 44 -0.033045
0 0 45 -0.00560203
0 0 46 0.104895
0 0 47 0.037706
0 0 48 -0.151826
0 0 49 -0.0794598
0 0 50 -0.216861
0 0 51 -0.0455341
0 0 52 -0.129975
0 0 53 -0.0437529
0 0 54 0.142921
0 0 55 0.0155653
0 0 56 0.190827
0 0 57 0.1167
0 0 58 0.156487
0 0 59 0.0752977
0 0 60 -0.0121262
0 0 61 -0.226492
0 0 62 -0.24333
0 0 63 -0.079874
0 0 64 -0.290574
0 0 65 0.0763954
0 0 66 0.239023
0 0 67 0.0243884
0 0 68 -0.237345
0 0 69 0.0571129
0 0 70 -0.179787
0 0 71 -0.170011
0 0 72 0.043816
0 0 73 0.146711
0 0 74 0.140332
0 0 75 0.139794
0 0 76 0.226265
0 0 77 0.0655218
0 0 78 -0.168251
0 0 79 0.089278
0 0 80 0.102451
0 0 81 0.0846801
0 0 82 0.069602
0 0 83 0.182273
0 0 84 -0.112184
0 0 85 -0.0375187
0 0 86 0.20632
0 0 87 0.148741
0 0 88 0.160008
0 0 89 0.222599
0 0 90 0.188528
0 0 91 0.146711
0 0 92 0.0834581
0 0 93 -0.0204109
0 0 94 0.152552
0 0 95 -0.233554
0 0 96 -0.0608607
0 0 97 -0.0217571
0 0 98 0.0501952
0 0 99 0.0605096
0 0 100 -0.0764773
0 0 101 0.0607788
0 0 102 -0.132689
0 0 103 -0.0642574
0 0 104 0.107214
0 0 105 -0.0157922
0 0 106 0.285728
0 0 107 0.0535712
0 0 108 0.168169
0 0 109 0.140063
0 0 110 -0.357493
0 0 111 0.0310369
0 0 112 -0.0186504
0 0 113 -0.123037
0 0 114 0.144951
0 0 115 0.0749042
0 0 116 -0.0931709
0 0 117 -0.139337
0 0 118 -0.0329
0 0 119 -0.0235383
0 0 120 0.0204532
0 0 121 0.0735372
0 0 122 -0.0799983
0 0 123 0.141016
0 0 124 0.0268324
0 0 125 0.00754987
0 0 126 -0.0532595
0 0 127 0.164234
