0 0 0 -11.1655 -19.0201 27.5705 0.266928
0 0 1 17.7144 -19.0338 -11.3707 17.2902
0 0 2 0.718737 3.8825 16.6198 4.70711
0 0 3 -9.91771 14.588 0.746706 -12.0009
0 0 4 -15.9345 -26.1491 -2.81766 -9.01276
0 0 5 -0.514516 -4.72443 27.3111 -27.9559
0 0 6 -5.59987 1.27953 -0.294817 -1.4465
0 0 7 -5.17476 -20.7343 -13.715 22.5539
0 0 8 15.0013 -8.52149 5.28267 24.4727
0 0 9 11.3552 -17.3629 25.4599 6.46203
0 0 10 0.184811 -6.287 30.3399 -7.17591
0 0 11 -9.34171 22.1683 -10.9861 6.17473
0 0 12 -14.8115 -10.2082 0.198343 9.47712
0 0 13 -21.9789 -6.42493 33.8601 -2.85811
0 0 14 -9.93077 -8.68504 10.9577 16.0705
0 0 15 6.53099 -19.3353 28.2293 15.248
0 0 16 -10.1919 -34.7561 19.415 1.73351
0 0 17 -3.33794 17.3702 -4.35234 3.25506
0 0 18 -13.8104 31.1457 -17.675 -10.3694
0 0 19 -4.40724 42.5782 -41.3761 -4.99678
0 0 20 -10.0686 9.58499 -8.79445 9.43667
0 0 21 -3.17399 -25.4634 -3.27033 0.0470448
0 0 22 -25.2695 -10.8644 -12.1104 1.26677
0 0 23 -22.0616 -4.02492 -34.8785 -16.8393
0 0 24 -2.68069 2.5958 -66.4168 -9.35503
0 0 25 24.6511 -17.4575 -20.9247 13.4112
0 0 26 -22.6928 11.0924 -23.7751 5.35224
0 0 27 -19.1279 -12.0447 1.18466 -13.7693
0 0 28 -6.2165 0.442093 -14.2634 -9.53342
0 0 29 -28.8199 2.36131 17.8803 -10.274
0 0 30 -10.0541 15.2185 -14.2486 -14.4818
0 0 31 13.7811 -23.5166 -18.6356 -11.4667
0 0 32 -1.28204 -14.3737 28.187 3.03517
0 0 33 -14.5649 3.8825 -11.0008 12.1365
0 0 34 7.84694 -13.3865 -11.5344 -8.05336
0 0 35 16.9614 2.37511 14.8514 0.595715
0 0 36 2.59618 1.52584 5.36547 13.8084
0 0 37 -0.967193 11.6283 -27.8731 0.554228
0 0 38 -0.679917 17.0688 -14.5375 -7.86148
0 0 39 -26.6667 37.9871 12.301 -1.40605
0 0 40 -8.76571 25.719 -18.6208 -14.1945
0 0 41 14.5486 24.9781 -6.84758 4.80357
0 0 42 -0.939626 -15.7314 -26.1746 -6.64176
0 0 43 3.51459 -35.9482 -33.8904 -4.76341
0 0 44 -26.0225 -8.33036 -41.0872 -13.7008
0 0 45 -27.7912 5.3229 -9.61516 4.10451
0 0 46 7.90062 0.223373 -5.69565 -11.2334
0 0 47 -1.43293 32.791 2.02193 -13.8097
0 0 48 25.0762 7.96725 0.334513 -7.23088
0 0 49 -1.78985 10.5998 -14.5099 -6.87512
0 0 50 15.4264 11.3545 -8.71165 -3.83202
0 0 51 21.6768 1.19678 -19.609 -1.4465
0 0 52 -13.9744 2.80072 -10.2739 3.72075
0 0 53 -15.9897 6.89926 -12.9201 -9.02624
0 0 54 -5.40836 11.2855 -14.0297 -6.10657
0 0 55 12.5884 -18.5688 -24.1873 -3.13296
0 0 56 13.0281 -6.60227 -28.8889 -0.760922
0 0 57 -3.53091 -17.6644 -19.8004 4.98197
0 0 58 -20.6369 -36.7718 22.9922 -4.03739
0 0 59 -16.7572 6.91305 14.7962 26.6519
0 0 60 5.78958 6.95443 21.6765 22.0188
0 0 61 -4.98325 -25.2447 17.4552 4.72163
0 0 62 8.42149 3.26575 50.8318 8.05203
0 0 63 -15.4282 1.52584 40.5656 5.69451
0 0 64 -13.8786 16.1643 8.84703 -10.0271
0 0 65 2.76158 27.8708 12.3838 -11.3153
0 0 66 13.0411 11.2717 25.7065 -11.3838
0 0 67 32.2436 -16.5944 23.651 -14.8241
0 0 68 11.3276 -37.0595 19.0451 -5.32557
0 0 69 15.084 -58.4941 28.8586 4.89899
0 0 70 8.68265 -23.3255 14.5772 10.9167
0 0 71 -4.05178 0.784951 4.968 6.98269
0 0 72 -7.71091 34.8343 18.0588 3.07666
0 0 73 2.55556 5.47265 -19.9513 -6.40839
0 0 74 21.6623 -17.3215 6.94248 -7.71109
0 0 75 -13.5362 -33.9068 -6.81998 2.82981
0 0 76 -1.84498 -8.72642 9.97136 -5.2986
0 0 77 10.724 21.8668 -17.5112 1.77396
0 0 78 5.10477 25.4865 -23.1182 1.23981
0 0 79 9.54593 7.24212 -12.2061 2.91175
0 0 80 -13.5914 -22.3521 0.0198484 5.87291
0 0 81 4.5839 -8.36976 10.2051 -7.10745
0 0 82 7.24337 -21.1048 -5.95695 -3.06451
0 0 83 -13.3171 16.4382 -18.4571 17.8524
0 0 84 -21.3492 70.6374 -11.6301 4.50175
0 0 85 -13.5493 13.1219 5.31027 2.36411
0 0 86 1.02052 -6.56089 13.5081 22.6359
0 0 87 -1.10358 26.3634 23.5406 4.96848
0 0 88 4.62452 3.69137 21.0601 5.5296
0 0 89 15.097 -17.1422 4.17306 1.43169
0 0 90 2.59618 -10.5097 22.8009 21.8134
0 0 91 0.512711 5.52783 -5.02399 4.68015
0 0 92 17.7565 -1.48895 -25.4073 4.4333
0 0 93 2.52799 -18.9944 -25.146 -4.79142
0 0 94 -22.0616 -22.9964 -23.3224 -9.76679
0 0 95 -10.5213 -36.6753 -45.6103 3.28202
0 0 96 18.8664 -32.5768 -25.146 -13.7008
0 0 97 9.54593 -8.27518 -44.1437 -9.21812
0 0 98 -6.01192 -5.65645 -8.72453 -1.19965
0 0 99 -6.28469 -3.60127 -17.169 -17.7168
0 0 100 -1.32411 9.91405 -6.4225 1.40472
0 0 101 1.52688 -4.0663 3.7351 -0.226772
0 0 102 -3.07823 -17.156 7.01056 -13.7963
0 0 103 -17.2505 -17.1698 8.20298 -8.86237
0 0 104 2.81527 -7.17764 25.8297 2.89826
0 0 105 9.72439 1.1554 2.2133 1.62356
0 0 106 5.29628 4.29432 12.5071 -2.10511
0 0 107 -20.3206 37.6028 -16.1274 -25.4469
0 0 108 -9.4099 -18.8979 -1.26825 -25.6803
0 0 109 11.1637 -3.31359 22.3629 2.21269
0 0 110 8.91479 36.6432 10.9853 10.3546
0 0 111 7.27094 34.5329 -12.4803 -2.10511
0 0 112 -3.98213 36.4659 -3.36602 -9.01276
0 0 113 14.5355 0.497265 -3.04952 -3.44827
0 0 114 14.9737 -25.3255 5.70774 -12.645
0 0 115 1.93893 15.2875 17.4957 -22.3084
0 0 116 -26.1734 31.5575 43.3737 3.78921
0 0 117 -14.1949 23.1969 4.68094 13.2608
0 0 118 -9.83501 -4.09389 7.54605 5.736
0 0 119 -2.99553 3.74654 34.1233 -8.1633
0 0 120 -0.83081 -8.52149 19.0856 -10.1505
0 0 121 15.8239 -12.756 16.975 12.3014
0 0 122 -7.01158 3.73275 -2.47539 9.61507
0 0 123 -11.1785 -12.8112 -5.18777 -11.6991
0 0 124 -8.10845 -21.3649 8.86175 -18.1275
0 0 125 0.979896 -33.0024 -41.0209 -23.3093
0 0 126 3.39127 -3.91654 -3.14704 -1.89871
0 0 127 -1.58382 -8.19242 17.0854 -1.11771
0 0 128 22.4022 -8.19242 12.301 11.2186
0 0 129 10.2307 19.5771 13.1787 30.6824
0 0 130 3.68 8.54459 -23.3371 24.1439
0 0 131 14.4253 -28.0822 3.51613 5.51612
0 0 132 14.8504 -20.624 -1.61052 12.2879
0 0 133 -3.98213 -17.7728 17.1811 -4.24275
0 0 134 10.0668 7.52981 3.26771 2.28114
0 0 135 13.1775 37.055 19.2641 2.56948
0 0 136 -14.3864 19.3998 32.1212 1.29478
0 0 137 -10.9319 -22.8033 40.4 20.7306
0 0 138 -23.6794 1.11402 0.882877 2.95323
0 0 139 -1.33717 -7.9737 4.48772 2.24069
0 0 140 17.948 10.586 3.33763 1.56859
0 0 141 19.5788 -19.3215 23.1026 -8.17679
0 0 142 2.80221 -33.6605 32.423 -12.618
0 0 143 2.07532 -25.6546 3.87127 -4.35269
0 0 144 -1.70714 2.81452 8.62805 -3.76357
0 0 145 -1.8029 -14.155 -7.67012 14.2886
0 0 146 13.7129 6.48744 1.17178 5.54412
0 0 147 8.98443 -9.28799 10.9724 -4.43463
0 0 148 11.5061 -12.7974 21.6213 12.5067
0 0 149 2.40467 5.50024 -7.77869 10.2861
0 0 150 17.8116 20.7023 -4.96879 -5.73733
0 0 151 12.7118 -6.04069 -17.1966 -6.87512
0 0 152 -7.31337 15.9318 4.57053 -5.84624
0 0 153 -3.96908 -6.39734 15.3446 1.52814
0 0 154 3.18669 -3.27221 -0.898385 -0.0763801
0 0 155 3.40578 4.47364 9.28683 6.59894
0 0 156 -4.74965 -2.50373 42.2512 10.0528
0 0 157 -18.5113 19.8786 12.6028 23.7187
0 0 158 1.06115 6.37906 -36.1114 18.8533
0 0 159 8.03846 -4.69684 -5.51715 -7.72458
0 0 160 -1.02233 -11.9205 13.9332 -7.29933
0 0 161 11.4916 13.1771 31.5876 3.69378
0 0 162 33.0256 -18.9669 26.3652 11.232
0 0 163 10.4643 4.15836 -19.5391 -9.56143
0 0 164 3.45946 9.87267 6.16042 4.70711
0 0 165 25.3911 -13.9895 8.17538 -0.00792593
0 0 166 -2.74888 -0.872198 10.7111 -4.05087
0 0 167 4.52876 -6.23182 -13.3985 7.27103
0 0 168 21.4708 1.62239 -17.9363 14.0418
0 0 169 13.3705 -20.9393 20.8135 1.61008
0 0 170 -2.57042 -22.8309 5.81815 -0.515109
0 0 171 -0.720542 -8.35597 -6.47771 -1.36456
0 0 172 1.00601 -2.38156 -11.3155 6.53048
0 0 173 8.22997 -2.38156 -42.3072 12.7536
0 0 174 -0.912059 16.0146 -53.4511 -10.4659
0 0 175 11.7658 -13.7984 7.55893 -11.3298
0 0 176 16.4812 -21.9265 -3.00903 16.6596
0 0 177 9.46323 -27.1758 2.82975 8.44927
0 0 178 3.76124 -23.627 5.99664 1.82893
0 0 179 -11.2192 -8.97469 -21.3351 -5.49048
0 0 180 -30.4913 -19.7471 26.0358 -3.57169
0 0 181 -0.665409 -26.8211 -23.8027 9.16182
0 0 182 1.60958 4.23915 -44.0885 6.13324
0 0 183 -21.1708 36.4521 -35.7029 6.81882
0 0 184 -15.373 -2.53132 -29.6139 -3.58517
0 0 185 -6.98402 7.43325 -18.6484 -14.4818
0 0 186 -11.2888 4.69236 -28.0792 -14.9206
0 0 187 -23.5691 0.840124 -16.017 -11.5622
0 0 188 2.91248 1.89629 35.082 -4.33921
0 0 189 5.25566 -16.3343 14.7557 -4.27075
0 0 190 19.277 -16.0191 -12.3018 -6.76518
0 0 191 12.4375 -37.7315 -6.49059 -8.4506
0 0 192 -6.7925 -13.0456 6.2285 -10.9181
0 0 193 -4.55814 -6.58848 34.5888 4.24142
0 0 194 -18.7449 0.704163 34.3975 -2.76269
0 0 195 3.95421 -11.5363 35.5494 6.28363
0 0 196 -10.1513 6.06379 35.3562 24.2394
0 0 197 -12.9602 69.7448 -10.7119 -18.5528
0 0 198 -19.0873 23.1693 8.43668 -6.53181
0 0 199 22.5952 11.587 10.1223 -0.336713
0 0 200 21.8959 41.7152 27.2283 8.53225
0 0 201 4.07754 34.4501 10.3136 9.46364
0 0 202 12.4927 8.11897 6.24322 -7.82
0 0 203 32.6963 -22.1866 -27.8455 -10.5208
0 0 204 14.8097 29.721 -4.26953 0.499257
0 0 205 11.2449 15.8491 -19.7875 12.8355
0 0 206 1.69228 21.8806 -4.79029 -4.58606
0 0 207 10.3541 19.5909 21.568 -1.3376
0 0 208 -17.7438 48.6098 22.0464 -16.7574
0 0 209 20.6757 -20.0072 -0.870783 -16.9078
0 0 210 19.1406 6.8303 -34.1922 -7.42275
0 0 211 -5.05144 23.457 9.94376 -20.9653
0 0 212 1.12934 -15.1422 25.7745 -28.7369
0 0 213 19.4279 -46.4625 -5.1068 -15.2359
0 0 214 25.7204 -24.9294 -23.7622 -4.06435
0 0 215 27.1452 -0.0505199 -15.7833 15.3445
0 0 216 26.1716 36.1368 7.80551 -17.8122
0 0 217 42.8394 -20.5156 30.6822 -11.2883
0 0 218 30.9291 -21.4614 17.5104 8.75109
0 0 219 28.599 -35.4142 14.4816 2.92523
0 0 220 19.9488 -17.7058 35.7408 8.09352
0 0 221 19.3467 -3.46334 7.66934 14.7823
0 0 222 50.6118 -28.9728 0.457803 6.21518
0 0 223 60.7825 -13.621 25.447 -4.22927
0 0 224 29.1329 -13.1954 13.8375 -12.563
0 0 225 5.83166 18.2353 17.6613 -5.12021
0 0 226 21.4708 0.607611 9.60149 0.705657
0 0 227 38.2619 26.0619 -5.14728 3.88566
0 0 228 27.5427 9.06479 10.356 4.09103
0 0 229 30.6549 -31.9186 -15.7428 4.21445
0 0 230 13.8768 -33.0575 -13.8788 -22.939
0 0 231 -3.47577 -4.92936 -14.2358 -11.6441
0 0 232 5.88679 -27.56 -21.3627 0.979473
0 0 233 11.8761 6.0362 -2.90046 6.13324
0 0 234 11.0258 -7.04168 -12.2484 1.14335
0 0 235 17.5229 0.552438 12.6433 -13.7278
0 0 236 6.59918 -5.71163 22.293 -20.2662
0 0 237 -1.65201 2.49924 13.659 -4.39418
0 0 238 13.0135 4.65098 -24.6528 -11.5622
0 0 239 -12.3987 37.6718 -25.0632 7.54485
0 0 240 -16.6063 4.13078 21.1981 -4.68148
0 0 241 -11.4673 -2.17467 -13.3709 3.1586
0 0 242 0.608469 8.584 4.87231 16.5362
0 0 243 11.1637 3.77413 -10.8628 1.89738
0 0 244 17.9886 6.88547 -12.3717 -2.92656
0 0 245 -4.13303 2.70417 22.8561 -19.7455
0 0 246 -26.6131 6.76133 3.36523 -18.0456
0 0 247 -17.0996 46.8403 -13.4261 9.8474
0 0 248 -13.0705 -2.09191 9.09361 10.5599
0 0 249 -18.1965 -26.7521 19.5935 9.31325
0 0 250 8.40843 -10.0841 -18.3191 -5.65436
0 0 251 25.748 -15.7452 -24.283 -9.19115
0 0 252 -13.8656 19.0845 -23.2948 4.20097
0 0 253 -6.23101 -2.42097 -20.185 -0.0348927
0 0 254 1.93893 -2.17467 24.008 -17.5799
0 0 255 -6.95645 -28.1216 33.781 -0.0348927
0 0 256 -12.9327 16.8225 -7.50451 23.1711
0 0 257 0.376328 -1.3392 24.2822 17.3867
0 0 258 15.5091 40.0285 13.659 0.911019
0 0 259 14.5355 37.9043 -3.585 2.21269
0 0 260 -7.8618 47.13 -11.5068 -12.3712
0 0 261 11.5061 41.3723 3.72038 -27.1604
0 0 262 7.24337 16.6727 -6.45011 -36.6589
0 0 263 -6.12074 3.44506 -30.6977 -29.271
0 0 264 13.3835 2.8559 -1.33634 1.89738
0 0 265 25.9671 -7.5205 9.35491 -1.1592
0 0 266 4.62452 -24.9688 20.4032 14.2202
0 0 267 29.558 4.23915 27.2559 17.7559
0 0 268 10.9707 -2.44856 16.9621 -4.36617
0 0 269 -8.43781 56.929 17.4828 11.9861
0 0 270 -8.5887 16.5348 -0.938868 7.09264
0 0 271 -19.2658 -5.31359 -3.10472 -18.2644
0 0 272 -10.411 -26.8349 4.06265 -16.7574
0 0 273 2.62375 -36.6891 -5.71037 -8.82088
0 0 274 -1.41987 -2.76383 22.1163 -3.77705
0 0 275 -24.9953 8.21552 50.2835 27.8176
0 0 276 -2.26864 -7.86336 10.9172 22.5809
0 0 277 -7.62821 -10.756 -6.29921 -1.78981
0 0 278 -19.17 13.4234 -7.57444 4.63866
0 0 279 3.51459 26.253 -11.2198 0.705657
0 0 280 -8.08089 37.4787 -41.9226 -1.52947
0 0 281 -19.553 28.1171 -36.358 12.013
0 0 282 1.48626 -8.72642 -22.5827 20.1549
0 0 283 17.6462 5.52783 -22.9121 18.7298
0 0 284 0.280569 3.29334 16.9474 1.96584
0 0 285 -2.50223 7.3367 5.36547 0.00659465
0 0 286 5.80409 9.73671 -14.9074 -5.32557
0 0 287 -1.36474 -24.2851 -8.0676 -4.35269
0 0 288 -5.50411 -7.10868 -23.0482 -4.40766
0 0 289 0.937821 -0.0643131 -19.6624 10.4915
0 0 290 18.0438 -34.894 -5.32578 8.27088
0 0 291 28.7353 -17.3353 -0.938868 -2.66623
0 0 292 2.77464 22.2235 21.0472 -6.60027
0 0 293 -3.55848 19.1949 36.4805 12.822
0 0 294 10.4092 0.511059 54.1772 12.4518
0 0 295 0.459028 33.0373 8.69614 -1.7618
0 0 296 -1.91317 28.1033 -20.6082 -25.7488
0 0 297 3.24038 14.1781 -13.3856 4.70711
0 0 298 12.233 -3.75103 -24.213 17.8254
0 0 299 0.595411 59.8906 -10.2868 17.3317
0 0 300 -8.56113 8.57217 -27.2438 5.18733
0 0 301 -12.4669 -8.42494 -24.2406 13.0274
0 0 302 2.62375 -26.3817 9.41012 -9.31458
0 0 303 26.6649 6.62537 23.8424 -22.5822
0 0 304 20.9093 -32.0841 6.88728 -15.016
0 0 305 26.1716 -39.2664 23.6786 0.485774
0 0 306 13.356 -19.8713 24.008 4.09103
0 0 307 -3.47577 -17.3077 6.24322 -9.27309
0 0 308 -1.15871 25.0471 -12.7268 -9.7253
0 0 309 -11.4527 29.1043 19.3874 14.549
0 0 310 -9.84952 -28.9176 5.94144 -14.4683
0 0 311 1.59652 3.97905 -0.911266 0.951469
0 0 312 0.910254 38.9605 20.6902 10.3961
0 0 313 -4.77722 4.70615 11.1362 26.46
0 0 314 1.43112 -7.94612 -4.14624 -2.94108
0 0 315 6.96915 -1.70964 -6.03791 -15.2628
0 0 316 -0.954135 12.9032 20.4841 4.66666
0 0 317 22.1701 -16.4171 32.285 9.53209
0 0 318 21.4708 -10.9609 4.9128 16.2624
0 0 319 -4.13303 1.27953 -0.377623 3.09014
0 0 320 3.10399 -17.0614 -13.1795 -6.88861
0 0 321 0.197869 -6.62986 -1.57004 -8.82088
0 0 322 0.00635168 19.1397 13.1235 -21.6913
0 0 323 -7.25823 6.58399 45.4715 -23.1444
0 0 324 6.24226 3.85688 -7.98479 -0.925834
0 0 325 -2.85915 -26.2437 -27.6412 10.9437
0 0 326 -15.9215 -26.5196 -5.44907 1.34975
0 0 327 8.05151 9.92784 33.0247 -6.22999
0 0 328 -0.871434 -39.1147 29.188 4.47478
0 0 329 -3.33794 -14.4427 32.6401 4.22793
0 0 330 13.0962 2.95048 4.46196 3.11711
0 0 331 14.4934 3.66378 -2.98143 -15.5097
0 0 332 -4.35211 8.26872 -2.05032 -19.841
0 0 333 -16.7848 -6.7402 -24.4743 -27.9963
0 0 334 10.724 20.8244 13.9056 -5.54545
0 0 335 1.2396 -5.38256 8.81943 17.564
0 0 336 -7.50489 14.986 -2.92623 20.6486
0 0 337 23.1697 -5.23084 -12.2613 16.4677
0 0 338 15.1376 2.31993 -5.71037 8.94297
0 0 339 21.6347 0.237166 -12.7416 -1.85826
0 0 340 11.2594 -16.1846 9.66958 -30.5323
0 0 341 4.73479 5.14359 47.6796 -22.3219
0 0 342 0.882687 2.86969 19.1003 -11.5072
0 0 343 -17.7989 0.991849 -2.69437 1.12987
0 0 344 -8.34205 -11.2072 10.9853 10.423
0 0 345 9.9159 -35.7295 26.9136 12.6436
0 0 346 2.21315 -45.2271 19.553 -0.500588
0 0 347 6.20164 -6.16286 -6.75189 -8.77939
0 0 348 23.1161 -1.51654 -23.5966 -1.35108
0 0 349 16.6321 14.9446 -11.919 -19.4022
0 0 350 16.0154 -13.6348 12.0415 -4.25623
0 0 351 16.0981 17.522 -19.5538 -2.42042
0 0 352 17.7014 -17.3905 -39.4035 -11.4802
0 0 353 -16.5932 -14.689 -19.8961 2.8713
0 0 354 4.13122 14.7535 -34.4406 -5.53093
0 0 355 9.60106 22.9643 -46.9941 -14.8521
0 0 356 2.89797 21.319 0.321632 0.979473
0 0 357 -5.38079 6.36527 -2.87286 3.84418
0 0 358 -13.8235 -0.681064 20.3755 2.39108
0 0 359 12.7945 -9.50869 -4.33946 -5.05175
0 0 360 20.9499 7.65197 -3.10472 -12.5765
0 0 361 25.8437 5.93965 13.9185 5.22882
0 0 362 -6.51828 15.6027 28.6949 8.61419
0 0 363 -6.68223 11.3131 0.130257 3.87114
0 0 364 -20.8559 25.9929 33.8491 7.22954
0 0 365 11.8354 -9.68603 4.35155 -8.4506
0 0 366 3.5291 -2.39339 14.0841 -16.8674
0 0 367 -1.26898 21.9772 46.007 1.3902
0 0 368 -2.5298 17.8924 41.6624 6.517
0 0 369 -3.73548 -6.09586 21.2239 10.5599
0 0 370 -0.159049 -33.8654 4.89992 16.6461
0 0 371 -7.06672 -15.1974 0.952803 5.40618
0 0 372 -11.357 12.3003 -15.4411 9.61507
0 0 373 -7.83424 15.055 -20.5272 0.115499
0 0 374 -12.9327 8.13276 -29.1759 -4.58606
0 0 375 -4.73659 -6.32838 -6.1612 -1.48799
0 0 376 -9.75376 -18.5136 17.6613 -2.66623
0 0 377 6.07831 -0.338206 -0.254333 -10.0271
0 0 378 14.3846 30.7496 1.39076 -9.34155
0 0 379 16.8105 25.6501 18.333 14.1382
0 0 380 2.63826 11.0116 -7.55971 22.6494
0 0 381 -5.49106 4.98004 -8.38226 14.6859
0 0 382 4.78992 10.9702 -2.83054 -10.164
0 0 383 7.46246 10.1347 5.53109 -12.8783
0 0 384 8.98443 -15.4023 9.41012 0.992957
0 0 385 3.76124 -2.24363 -0.035356 -0.665501
0 0 386 -8.506 15.1633 -1.58292 0.458807
0 0 387 -9.47954 31.4353 1.89864 -5.31209
0 0 388 -16.8805 38.9861 -4.18857 -12.8503
0 0 389 -8.56113 1.6086 5.2293 -14.153
0 0 390 -2.66618 -9.32937 5.63966 2.34959
0 0 391 0.0876013 17.2894 15.9758 4.15948
0 0 392 11.2594 16.1229 39.5241 -5.39402
0 0 393 5.84472 10.9012 18.8666 0.691136
0 0 394 -4.87298 1.01944 0.321632 5.31075
0 0 395 -18.4837 -2.20225 13.7547 17.729
0 0 396 -7.02609 -10.6594 26.4462 9.51861
0 0 397 4.25455 13.382 16.6051 -1.84374
0 0 398 -4.05178 -3.286 8.53237 5.03694
0 0 399 -2.06406 -20.488 5.83103 31.313
0 0 400 -5.2444 -12.1944 1.44596 27.8861
0 0 401 6.57161 1.16919 6.94248 -1.22765
0 0 402 17.2081 6.0362 -2.63916 -4.99678
0 0 403 12.6029 -1.21506 -9.61516 0.664169
0 0 404 -0.954135 -5.7668 -15.4834 -11.3838
0 0 405 -6.49072 3.25196 -5.25769 -21.5544
0 0 406 4.36481 10.5998 -1.83134 -9.49297
0 0 407 3.17218 -18.9117 -19.609 0.527261
0 0 408 17.0847 -27.7807 -38.6876 3.40545
0 0 409 7.53065 -15.087 -27.1738 -1.78981
0 0 410 -6.7098 15.0412 1.73302 0.869532
0 0 411 -12.9472 38.2196 -1.83134 6.85927
0 0 412 -15.2221 31.8452 -15.9765 3.87114
0 0 413 -6.83313 17.2067 5.39308 2.32263
0 0 414 4.85811 -6.5471 25.2814 16.5777
0 0 415 0.361819 -1.10668 28.8181 27.5978
0 0 416 -9.72619 18.3574 10.7792 17.7155
0 0 417 -11.4121 21.1811 -17.6474 -1.17268
0 0 418 -0.00815718 8.05 -30.245 0.0335614
0 0 419 -2.4471 -3.99733 -21.9662 5.35224
0 0 420 -15.9621 -3.01211 -4.74981 14.4535
0 0 421 6.42072 2.62141 7.29763 18.7848
0 0 422 38.864 5.92586 10.505 7.37994
0 0 423 23.3076 -6.57468 6.00953 -4.27075
0 0 424 -11.7821 -23.5166 17.0982 4.4333
0 0 425 -34.3013 0.181993 -14.8798 9.79243
0 0 426 -5.06595 -8.10966 -40.4707 13.8779
0 0 427 28.4336 -29.8634 -17.1266 15.3165
0 0 428 6.53099 -40.0743 -4.80502 21.2512
0 0 429 -14.6055 -30.9728 -10.6033 28.777
0 0 430 -19.1149 3.99285 -8.21849 16.5912
0 0 431 -10.1774 1.1416 -5.81894 -7.86148
0 0 432 -1.3923 2.71796 3.02113 -2.06362
0 0 433 -5.01081 40.7004 -0.33714 12.3968
0 0 434 -5.87409 41.3861 4.26875 10.8898
0 0 435 -2.09163 23.0038 1.11658 -5.33905
0 0 436 9.05263 18.1801 -27.8455 13.4526
0 0 437 24.8557 19.0156 -44.5154 13.3707
0 0 438 22.7316 28.1033 -16.4421 9.46364
0 0 439 -1.46049 32.6964 1.91152 0.00659465
0 0 440 0.444519 28.8304 -23.1182 -2.50235
0 0 441 4.06303 14.6018 -16.6887 -2.95457
0 0 442 1.29474 -17.5402 9.29971 -3.72208
0 0 443 -4.28392 -18.9669 -2.47539 -12.3162
0 0 444 -23.556 11.6973 4.33683 -10.7946
0 0 445 -7.79361 2.55442 -11.7276 -12.2477
0 0 446 2.11739 -31.0832 -1.87182 -19.9779
0 0 447 -5.3126 -28.1629 7.14674 -28.0243
0 0 448 -2.20045 -11.4141 -4.51611 -18.8681
0 0 449 -7.69785 3.92388 -9.78077 -6.97054
