0 0 0 33.5879 -8.13647 2.76659 -14.4933
0 0 1 -2.47345 25.9657 -34.8128 -3.61541
0 0 2 11.9323 78.8475 -35.7062 -38.0901
0 0 3 9.547 25.767 15.6078 -4.11207
0 0 4 47.7724 43.0792 18.3144 -32.0546
0 0 5 57.0625 29.3441 -27.982 -11.5377
0 0 6 -17.0555 -21.971 -29.6715 25.917
0 0 7 25.543 9.37447 20.7735 3.68603
0 0 8 67.3202 -18.3431 46.3321 -24.826
0 0 9 44.2957 -20.0577 21.6182 -63.9461
0 0 10 -20.2322 0.23541 26.4367 -39.132
0 0 11 -4.38622 60.1927 -58.432 14.4425
0 0 12 59.2978 78.1519 -57.2401 -46.3605
0 0 13 41.8841 18.8879 -33.57 91.8377
0 0 14 68.9591 15.2114 -12.5337 16.1052
0 0 15 33.963 56.3176 52.9372 21.7952
0 0 16 0.305696 12.5795 -20.6049 21.7196
0 0 17 17.8919 40.7939 32.3743 13.549
0 0 18 -5.53013 30.3377 -14.7426 -2.74625
0 0 19 17.0218 -12.1087 10.4422 -13.1032
0 0 20 47.0035 50.9289 18.1154 -36.5002
0 0 21 60.8617 41.5402 26.9101 -24.4292
0 0 22 20.7236 -8.53393 15.9064 1.57523
0 0 23 -18.4207 8.33231 -80.1893 -59.3547
0 0 24 -7.12035 9.39989 -81.1821 20.1298
0 0 25 49.6364 9.00243 -29.771 -6.09871
0 0 26 65.6062 64.0679 -43.7046 4.33385
0 0 27 37.9123 50.878 -39.6313 22.3162
0 0 28 7.58547 20.3529 -42.287 19.7816
0 0 29 11.0885 -21.1507 -25.3992 26.8104
0 0 30 -43.6055 -5.99902 11.287 28.7242
0 0 31 -5.48137 -49.8873 45.3126 19.7573
0 0 32 -33.5203 -72.5882 77.8988 41.6886
0 0 33 -31.5588 -7.88691 15.4598 22.2163
0 0 34 -25.0254 -15.3391 -55.8492 48.1965
0 0 35 -4.58499 -41.5917 -26.3435 17.274
0 0 36 -1.35579 -45.4414 -14.1965 -42.363
0 0 37 10.7884 -5.89966 -0.959551 -4.93264
0 0 38 -47.056 -18.7406 2.19614 51.3249
0 0 39 0.853273 -9.42588 5.42466 13.5221
0 0 40 -8.28677 9.32594 3.51182 -46.4604
0 0 41 -32.4289 11.9579 -43.8527 0.136533
0 0 42 -70.4556 27.4331 19.7564 47.4029
0 0 43 -4.75752 -40.4987 65.1838 -20.3804
0 0 44 20.401 -22.6896 4.28133 -16.9766
0 0 45 14.3177 -33.9916 -2.39903 8.50687
0 0 46 24.7216 14.2941 -35.7062 1.52664
0 0 47 33.6142 -12.7811 -38.6118 13.4492
0 0 48 2.64228 -66.1574 17.8678 -27.833
0 0 49 -30.6399 -27.0131 -31.7324 -34.662
0 0 50 -30.7637 5.27749 -31.4096 0.0366611
0 0 51 16.1029 -19.8335 25.7158 34.3116
0 0 52 42.0341 -12.2843 -6.12518 55.7975
0 0 53 -35.6806 13.8712 32.5466 18.1917
0 0 54 17.2956 30.5618 19.334 -8.68188
0 0 55 -0.511919 -10.0729 -14.0241 -3.53983
0 0 56 9.71953 3.63685 -10.5698 8.23155
0 0 57 -40.6013 -19.9837 -34.5895 58.9016
0 0 58 -74.4274 -33.3214 -34.439 53.711
0 0 59 -82.4985 -27.6093 -75.8927 84.7819
0 0 60 27.5308 -40.947 32.2238 26.365
0 0 61 16.0279 -21.8208 14.4402 29.3693
0 0 62 -19.1408 -4.03719 58.7753 51.0522
0 0 63 11.4598 -25.7445 54.0563 25.172
0 0 64 14.1414 -9.47672 -28.6277 40.9436
0 0 65 -18.3457 0.607443 -52.4969 54.8528
0 0 66 -14.8427 7.66219 -30.8391 46.334
0 0 67 17.5206 -36.1036 6.21843 -3.01888
0 0 68 13.2 -27.8819 18.3654 -50.1854
0 0 69 40.0463 13.3236 37.688 -75.4232
0 0 70 16.3542 -33.2221 5.52418 -31.5579
0 0 71 -27.6845 -21.4233 0.259032 -7.66426
0 0 72 22.8089 8.23295 -21.4497 -13.6998
0 0 73 25.3442 -39.3317 39.3265 30.538
0 0 74 26.9082 -71.8187 13.1488 32.8459
0 0 75 34.7806 -68.3433 10.7408 -2.42234
0 0 76 24.1778 -21.7469 -41.7918 24.5511
0 0 77 9.82079 12.5287 -27.4358 39.5022
0 0 78 -18.4207 5.15271 -2.42331 -6.29845
0 0 79 -6.0252 -10.817 15.7559 -55.1789
0 0 80 -25.573 35.6293 2.81757 -36.4516
0 0 81 -16.928 -1.82579 19.2102 -58.4315
0 0 82 -3.96616 2.71948 4.60418 -29.7683
0 0 83 3.01358 -11.6881 -5.08137 -20.5045
0 0 84 8.03179 47.7747 8.95175 -51.454
0 0 85 14.8615 -3.21687 -31.1353 -37.7203
0 0 86 -7.58917 -8.35831 -13.0046 -9.50244
0 0 87 14.689 61.1124 -3.88949 -3.88803
0 0 88 22.6851 -5.37743 24.6744 0.581907
0 0 89 10.3421 -35.11 11.287 19.6088
0 0 90 26.5594 -46.4604 10.7651 20.1541
0 0 91 95.7079 11.2878 -41.2942 -14.4933
0 0 92 85.3752 22.4903 -2.52283 -2.17401
0 0 93 93.7952 37.8892 19.3825 -11.1409
0 0 94 89.0282 69.4334 10.1922 -25.5953
0 0 95 82.221 76.3126 3.06517 -16.507
0 0 96 84.16 14.7401 -14.5436 25.593
0 0 97 149.656 -25.5457 5.59943 -12.8063
0 0 98 163.292 -38.1394 28.2986 -30.4161
0 0 99 80.1095 0.334773 12.6512 8.95224
0 0 100 48.0462 6.27112 1.05281 33.2454
0 0 101 51.6467 34.2128 -1.33095 -1.40473
0 0 102 106.836 -62.7536 18.414 -23.0391
0 0 103 31.4801 -42.5599 35.9985 -11.9614
0 0 104 0.0581611 24.2026 36.8675 -23.0121
0 0 105 20.6748 12.5055 23.332 -9.00578
0 0 106 69.2817 -45.5153 26.6358 10.5421
0 0 107 69.6305 17.1987 -10.9437 14.7637
0 0 108 32.5227 -53.4898 -4.63472 17.8435
0 0 109 15.0603 -66.6773 -28.4529 -2.02556
0 0 110 -4.83253 -17.7469 24.8225 3.48899
0 0 111 4.75382 15.6089 -8.95559 -19.3385
0 0 112 21.8675 -27.4105 8.92747 18.5885
0 0 113 -39.0599 -29.3215 5.34941 13.2494
0 0 114 1.17582 -11.6119 -8.85606 -0.684035
0 0 115 19.3584 -42.0399 19.1107 1.52664
0 0 116 -5.08382 -42.7355 -12.4341 7.08977
0 0 117 -35.8044 -49.7879 -78.1041 13.4735
0 0 118 -7.61542 -13.1277 -36.4004 18.6155
0 0 119 29.5898 -38.761 25.8153 -0.932365
0 0 120 2.27097 9.05327 0.729958 -6.07441
0 0 121 -45.3683 43.7262 -23.5616 -17.5975
0 0 122 -75.1475 18.2663 -53.5382 -20.0835
0 0 123 -24.429 -29.3955 -44.9693 19.957
0 0 124 7.36044 -21.9202 -25.5982 -12.1585
0 0 125 20.2998 14.6407 -12.1598 -30.4161
0 0 126 2.64228 -0.0372593 -6.79515 -0.311541
0 0 127 -20.4797 -0.658854 12.5274 -27.088
0 0 128 1.15332 -1.47917 44.1207 4.53089
0 0 129 -42.3378 -40.4501 60.2148 48.6175
0 0 130 -12.3336 -43.3294 52.9882 35.232
0 0 131 -31.7576 -31.2094 38.4332 -17.225
0 0 132 -12.9299 2.86737 17.3969 -7.98547
0 0 133 12.2286 4.35781 -10.3465 16.3536
0 0 134 -7.71669 2.94131 35.9985 27.0101
0 0 135 -11.6135 10.2942 6.41749 9.74852
0 0 136 3.75993 1.6496 -32.5262 -31.1611
0 0 137 14.614 -32.7507 -28.8996 -32.5512
0 0 138 -0.710697 16.7273 -23.7582 49.8106
0 0 139 17.1456 -14.8169 20.9482 40.3471
0 0 140 -8.21176 -36.2515 -1.2557 5.17871
0 0 141 -23.784 44.1237 5.42466 29.8173
0 0 142 -47.7048 9.4253 8.00747 -18.2696
0 0 143 -68.7416 -16.2334 15.0859 -0.584164
0 0 144 -25.8205 14.7146 26.1381 12.3047
0 0 145 -28.8284 -13.2525 -1.55428 7.6863
0 0 146 -62.0356 16.8013 -19.0902 -30.1921
0 0 147 -16.6579 51.4003 -31.2858 15.9325
0 0 148 1.02955 -1.65248 -10.9679 -39.8041
0 0 149 -26.1955 15.4356 43.0284 -43.5803
0 0 150 -24.5303 -44.9192 46.4559 -9.6752
0 0 151 -38.7636 -8.83201 25.0701 5.30287
0 0 152 -23.6864 43.4536 42.6303 -8.10964
0 0 153 -19.9847 30.139 7.60937 -8.55771
0 0 154 -16.1591 -23.6347 5.92229 41.5158
0 0 155 34.1355 11.3617 -28.7515 25.0964
0 0 156 34.6343 -7.81297 -5.52802 -5.52647
0 0 157 6.04401 -28.0067 11.9327 31.4801
0 0 158 -10.6459 -2.69694 -28.2806 0.136533
0 0 159 -0.0393526 -23.4614 -0.262871 4.35814
0 0 160 51.5229 -23.2627 0.0599804 -38.2142
0 0 161 -3.66611 32.6739 4.13325 -50.6091
0 0 162 -33.8204 42.7072 26.711 -28.1056
0 0 163 -2.07589 65.3342 -12.9803 18.6641
0 0 164 -71.1757 56.9646 18.7878 31.7527
0 0 165 -63.8209 38.0371 46.6307 38.0122
0 0 166 -16.6054 -42.7355 -4.43567 11.2871
0 0 167 -21.4249 -35.6299 -21.2264 -45.8882
0 0 168 -33.1003 5.67494 11.9812 -40.8973
0 0 169 49.7827 33.5912 42.9288 -6.22287
0 0 170 61.2105 22.9109 -18.3935 1.37818
0 0 171 -12.7574 6.17175 -9.10609 -13.6485
0 0 172 -52.3217 20.651 43.0769 -11.0923
0 0 173 -20.4572 -24.1061 13.8455 -63.4251
0 0 174 -27.9808 -28.1061 41.1155 -21.1497
0 0 175 -21.0761 4.05972 -0.561448 26.4892
0 0 176 -11.9623 -3.44101 -35.1842 -32.8751
0 0 177 -35.5344 22.9363 -6.5961 -31.8548
0 0 178 27.4558 33.1453 6.09464 -19.5355
0 0 179 -14.5952 25.321 7.26224 -26.9125
0 0 180 -44.2769 8.13359 29.3424 -32.7996
0 0 181 -27.1369 -0.709691 59.5205 32.4734
0 0 182 -32.8752 17.0508 4.03373 34.8838
0 0 183 -29.5223 11.163 -16.6555 7.06548
0 0 184 0.977041 14.0699 2.64279 28.6486
0 0 185 32.4477 21.1478 4.97801 -8.65758
0 0 186 11.9323 35.1556 27.0824 -30.8129
0 0 187 48.74 -4.90603 -34.1162 -44.1256
0 0 188 62.7483 22.3147 11.9812 -85.0568
0 0 189 48.4925 1.05342 19.5573 -74.851
0 0 190 45.2145 -22.6157 1.37566 -57.4139
0 0 191 73.4035 -28.3048 5.74751 -30.3649
0 0 192 -2.77349 27.1096 15.0617 24.8238
0 0 193 -13.0049 -20.5037 7.23797 -40.7974
0 0 194 34.3343 -27.6093 -7.61563 -29.8682
0 0 195 19.7297 0.558917 -30.3415 5.47562
