0 0 0 0.955491
0 0 1 3.12483
0 0 2 4.81383
0 0 3 7.46258
0 0 4 10.9497
0 0 5 11.6992
0 0 6 6.76497
0 0 7 1.5386
0 0 8 0.854769
0 0 9 0.293258
0 0 10 0.333845
0 0 11 0.283763
0 0 12 -0.0753735
0 0 13 -0.193782
0 0 14 0.062584
0 0 15 0.146736
0 0 16 -0.222826
0 0 17 0.0836221
0 0 18 0.0272103
0 0 19 0.105963
0 0 20 -0.0831929
0 0 21 -0.370465
0 0 22 0.0205079
0 0 23 -0.196761
0 0 24 -0.0524737
0 0 25 0.0821326
0 0 26 0.267007
0 0 27 0.254905
0 0 28 -0.153754
0 0 29 0.0229282
0 0 30 -0.294318
0 0 31 -0.250753
0 0 32 0.487441
0 0 33 0.218787
0 0 34 0.0368915
0 0 35 -0.0588037
0 0 36 0.131283
0 0 37 -0.266764
0 0 38 0.225117
0 0 39 -0.0442818
0 0 40 0.221207
0 0 41 -0.0837515
0 0 42 -0.0286429
0 0 43 -0.185777
0 0 44 -0.0414892
0 0 45 -0.0740702
0 0 46 -0.0152382
0 0 47 -0.0228714
0 0 48 0.0800847
0 0 49 -0.171441
0 0 50 -0.119125
0 0 51 -0.0852409
0 0 52 -0.0487501
0 0 53 0.226048
0 0 54 0.370708
0 0 55 -0.11987
0 0 56 -0.146866
0 0 57 -0.152265
0 0 58 -0.064389
0 0 59 -0.0841238
0 0 60 0.525049
0 0 61 -0.249263
0 0 62 0.311876
0 0 63 -0.0264088
0 0 64 0.42954
0 0 65 0.348739
0 0 66 -0.324107
0 0 67 0.329935
0 0 68 0.265704
0 0 69 0.125884
0 0 70 0.259374
0 0 71 0.134635
0 0 72 -0.0865441
0 0 73 -0.253545
0 0 74 0.0165982
0 0 75 0.173173
0 0 76 -0.232507
0 0 77 0.212457
0 0 78 0.0715205
0 0 79 -0.501906
0 0 80 -0.447728
0 0 81 0.296609
0 0 82 -0.215937
0 0 83 0.312434
0 0 84 -0.0264088
0 0 85 -0.279982
0 0 86 -0.125455
0 0 87 -0.247774
0 0 88 0.0506686
0 0 89 -0.135881
0 0 90 -0.0461436
0 0 91 -0.242002
0 0 92 -0.182612
0 0 93 -0.0911986
0 0 94 0.315599
0 0 95 0.121044
0 0 96 -0.248332
0 0 97 0.0370777
0 0 98 0.237963
0 0 99 -0.258572
0 0 100 0.283204
0 0 101 -0.208677
0 0 102 -0.147424
0 0 103 0.179876
0 0 104 0.0664937
0 0 105 0.036333
0 0 106 -0.175165
0 0 107 0.523373
0 0 108 0.159582
0 0 109 -0.104231
0 0 110 0.0826912
0 0 111 0.313179
0 0 112 -0.0336697
0 0 113 -0.0463298
0 0 114 -0.189686
0 0 115 -0.180936
0 0 116 -0.163622
0 0 117 -0.181495
0 0 118 0.051041
0 0 119 0.407571
0 0 120 0.452067
0 0 121 -0.0405583
0 0 122 0.40664
0 0 123 0.629122
0 0 124 0.561353
0 0 125 0.0467589
0 0 126 -0.0198926
0 0 127 0.597099
0 0 128 0.581833
0 0 129 0.51965
0 0 130 0.339616
0 0 131 -0.13886
0 0 132 0.36866
0 0 133 0.703965
0 0 134 0.591514
0 0 135 0.248203
0 0 136 0.734126
0 0 137 0.450019
0 0 138 0.0203217
0 0 139 0.0529028
0 0 140 -0.234555
0 0 141 0.120113
0 0 142 0.185647
0 0 143 0.53864
0 0 144 0.260863
0 0 145 0.560422
0 0 146 0.337568
0 0 147 -0.0278982
0 0 148 0.337196
0 0 149 0.0286997
0 0 150 0.416507
0 0 151 0.46752
0 0 152 0.113224
0 0 153 0.153625
0 0 154 0.208733
0 0 155 0.567311
0 0 156 0.407757
0 0 157 0.181924
0 0 158 0.210223
0 0 159 0.686465
0 0 160 -0.10479
0 0 161 -0.150775
0 0 162 0.405151
0 0 163 0.328259
0 0 164 0.0545784
0 0 165 0.0603499
0 0 166 0.296609
0 0 167 0.402916
0 0 168 0.552603
0 0 169 0.63992
0 0 170 0.153625
0 0 171 0.854024
0 0 172 0.757584
0 0 173 0.279108
0 0 174 0.831124
0 0 175 0.342409
0 0 176 0.522628
0 0 177 1.08116
0 0 178 0.243362
0 0 179 0.331797
0 0 180 0.166285
0 0 181 0.364936
0 0 182 0.434567
0 0 183 0.100192
0 0 184 0.265517
0 0 185 0.293258
0 0 186 0.277805
0 0 187 0.617765
0 0 188 0.705827
0 0 189 0.667661
0 0 190 0.469382
0 0 191 0.307594
0 0 192 0.275199
0 0 193 0.343898
0 0 194 0.655745
0 0 195 0.133145
0 0 196 0.257884
0 0 197 0.863147
0 0 198 0.574572
0 0 199 0.141151
0 0 200 0.676783
0 0 201 0.842295
0 0 202 0.339988
0 0 203 0.324908
0 0 204 0.355069
0 0 205 0.58053
0 0 206 0.590025
0 0 207 0.363819
0 0 208 0.513878
0 0 209 0.359165
0 0 210 0.685534
0 0 211 0.317275
0 0 212 0.361399
0 0 213 0.556513
0 0 214 0.451136
0 0 215 0.426561
0 0 216 0.748276
0 0 217 0.187881
0 0 218 0.362516
0 0 219 0.709364
0 0 220 0.0778506
0 0 221 -0.043351
0 0 222 0.287673
0 0 223 0.407757
0 0 224 -0.0768629
0 0 225 0.166843
0 0 226 0.0208803
0 0 227 -0.0992042
0 0 228 -0.168462
0 0 229 -0.0604793
0 0 230 0.107639
0 0 231 0.403847
0 0 232 0.39882
0 0 233 0.760563
0 0 234 0.68814
0 0 235 0.303684
0 0 236 0.436987
0 0 237 0.223627
0 0 238 -0.16176
0 0 239 0.375921
0 0 240 0.306104
0 0 241 0.648112
0 0 242 0.431029
0 0 243 0.158465
0 0 244 0.271103
0 0 245 0.357489
0 0 246 0.137055
0 0 247 0.33068
0 0 248 0.482973
0 0 249 0.165726
0 0 250 0.480739
0 0 251 0.231633
0 0 252 0.566194
0 0 253 0.0286997
0 0 254 0.649601
0 0 255 0.321929
