0 0 0 0.00520084
0 0 1 0.0193434
0 0 2 0.00235991
0 0 3 0.0125283
0 0 4 0.0113174
0 0 5 0.0129319
0 0 6 0.0167974
0 0 7 0.0167974
0 0 8 0.021998
0 0 9 0.0171079
0 0 10 0.0241248
0 0 11 0.00693955
0 0 12 0.0153847
0 0 13 0.0190484
0 0 14 0.0122333
0 0 15 0.013351
0 0 16 0.0328805
0 0 17 0.0179307
0 0 18 0.0228053
0 0 19 0.0207716
0 0 20 0.0280059
0 0 21 0.0227121
0 0 22 0.026174
0 0 23 0.0240317
0 0 24 0.0228053
0 0 25 0.0173097
0 0 26 0.0328805
0 0 27 0.0192502
0 0 28 0.0324768
0 0 29 0.0276954
0 0 30 0.030645
0 0 31 0.0148724
0 0 32 0.026469
0 0 33 0.0357369
0 0 34 0.0292168
0 0 35 0.0267795
0 0 36 0.0273849
0 0 37 0.0289063
0 0 38 0.0282077
0 0 39 0.0346192
0 0 40 0.0267795
0 0 41 0.0262672
0 0 42 0.0259567
0 0 43 0.0300395
0 0 44 0.0337033
0 0 45 0.0410307
0 0 46 0.0308468
0 0 47 0.0357369
0 0 48 0.0356283
0 0 49 0.0342
0 0 50 0.0285027
0 0 51 0.0386865
0 0 52 0.0274936
0 0 53 0.0375688
0 0 54 0.0289063
0 0 55 0.0339982
0 0 56 0.036746
0 0 57 0.0363424
0 0 58 0.036451
0 0 59 0.0350228
0 0 60 0.0329891
0 0 61 0.038376
0 0 62 0.0368547
0 0 63 0.0390901
0 0 64 0.0481407
0 0 65 0.0405184
0 0 66 0.0429557
0 0 67 0.0412325
0 0 68 0.048653
0 0 69 0.0417293
0 0 70 0.0431575
0 0 71 0.0447875
0 0 72 0.0499726
0 0 73 0.0398974
0 0 74 0.0574087
0 0 75 0.0668629
0 0 76 0.142978
0 0 77 0.331442
0 0 78 0.505934
0 0 79 0.626541
0 0 80 0.689631
0 0 81 0.767671
0 0 82 0.869231
0 0 83 0.999898
0 0 84 0.961941
0 0 85 0.681993
0 0 86 0.0868115
0 0 87 -0.011379
0 0 88 -0.0159586
0 0 89 -0.0148409
0 0 90 -0.01748
0 0 91 -0.0120931
0 0 92 -0.0115808
0 0 93 -0.0105717
0 0 94 -0.00507617
0 0 95 -0.00487436
0 0 96 -0.0079171
0 0 97 -0.0164709
0 0 98 -0.00253021
0 0 99 -0.00751347
0 0 100 -0.013925
0 0 101 -0.0122949
0 0 102 -0.00141246
0 0 103 0.00204943
0 0 104 -0.00751347
0 0 105 -0.00212658
0 0 106 -0.00425339
0 0 107 -0.0160673
0 0 108 0.00133532
0 0 109 -0.0065044
0 0 110 -0.00395843
0 0 111 -0.0089417
0 0 112 -0.00384976
0 0 113 -0.00130379
0 0 114 -0.000387867
0 0 115 0.00347766
0 0 116 0.00582181
0 0 117 0.00937685
0 0 118 0.00448673
0 0 119 0.00235991
0 0 120 0.0102928
0 0 121 0.0155865
0 0 122 -0.000294722
0 0 123 0.00794862
0 0 124 0.0108051
0 0 125 0.00856959
0 0 126 -0.00080702
0 0 127 0.00082302
