0 0 0 0.118092 0.793319 -2.80607 -2.57201
0 0 1 -2.49424 -2.15947 0.663066 -0.837056
0 0 2 -4.74658 0.0689622 -1.3303 0.716193
0 0 3 1.30957 -1.19982 -2.65026 -0.811584
0 0 4 -0.34703 0.84407 -1.12255 0.379391
0 0 5 2.47556 -4.09955 1.59617 4.41761
0 0 6 -0.139955 3.09557 -4.02215 -4.15073
0 0 7 -0.812152 -0.863013 5.16739 -1.12178
0 0 8 4.10667 2.32047 1.10365 -5.62643
0 0 9 -0.398002 0.0943378 -2.1846 1.02639
0 0 10 5.91938 0.636452 0.947832 -3.78845
0 0 11 2.47556 -0.450083 -4.30692 -0.0349592
0 0 12 2.86422 2.86258 0.974697 -1.17386
0 0 13 4.98595 -5.88507 -1.09747 -0.552331
0 0 14 1.67275 -4.54016 -3.47769 -0.681957
0 0 15 3.58739 -2.00261 0.274422 -2.05407
0 0 16 3.81996 1.87985 1.72512 4.13289
0 0 17 -0.837638 -3.63356 -3.27173 -1.48462
0 0 18 1.07701 4.83034 2.57942 0.819214
0 0 19 3.17324 2.11285 2.86419 -0.242135
0 0 20 2.63166 -2.98764 0.766943 0.53449
0 0 21 2.42459 -0.657701 -2.08072 0.612605
0 0 22 5.50523 2.55346 1.64632 3.45985
0 0 23 7.52182 1.69761 -1.40731 -1.84689
0 0 24 0.793475 -1.19982 1.69825 3.33079
0 0 25 -0.398002 0.947879 -3.06397 0.845253
0 0 26 0.688345 0.532643 -5.67881 -0.08647
0 0 27 -1.66594 -2.15947 0.741869 0.224293
0 0 28 1.28408 -0.475459 -1.14941 1.02639
0 0 29 1.95628 2.57884 -0.733903 -3.21901
0 0 30 0.739317 3.17401 -0.476001 -1.35499
0 0 31 1.49116 2.24203 -3.99708 -1.76934
0 0 32 2.88971 0.274274 0.482176 3.48589
0 0 33 -3.79085 -0.604644 0.87082 0.509017
0 0 34 0.430298 1.80142 -2.67533 3.92571
0 0 35 5.50523 2.76108 4.54592 2.08774
0 0 36 -0.993741 -0.267841 -4.77257 -0.138547
0 0 37 -0.2419 -4.85159 1.12872 -0.112508
0 0 38 2.83874 -2.59778 -0.320185 0.716193
0 0 39 3.92509 -1.79499 -1.74402 0.249765
0 0 40 3.0713 1.4923 -2.62339 1.59584
0 0 41 1.44019 1.8291 3.71849 1.49282
0 0 42 0.48127 5.11639 1.98302 -0.837056
0 0 43 3.27837 -4.0488 -3.14278 -2.44238
0 0 44 1.82885 1.33543 -2.67533 -2.15766
0 0 45 5.42558 -0.164032 -0.65689 -0.889133
0 0 46 -1.3824 0.714886 -5.523 0.509017
0 0 47 1.87982 -0.890695 -4.6687 1.88113
0 0 48 0.350653 0.431141 5.21933 -1.40707
0 0 49 2.11238 -3.63356 1.80213 2.65775
0 0 50 -0.76118 0.0412798 -3.8932 -1.45858
0 0 51 0.17225 -1.27825 4.46891 1.44074
0 0 52 1.80336 -0.994504 -0.604952 1.36319
0 0 53 0.920906 -4.56554 1.72512 0.53449
0 0 54 2.96617 -0.994504 3.97639 5.40141
0 0 55 4.90949 4.98721 -2.85801 -2.67503
0 0 56 3.58739 -0.786886 -3.73738 0.53449
0 0 57 3.87411 -5.57595 0.378299 4.65083
0 0 58 1.18214 0.507267 -3.32367 -3.11542
0 0 59 -3.11546 -1.14906 0.895894 0.430902
0 0 60 0.223223 -1.79499 -0.476001 -1.04423
0 0 61 1.28408 0.740261 3.63968 1.59584
0 0 62 -0.837638 -2.33941 0.766943 3.56344
0 0 63 -6.97343 -4.07417 -1.5882 -4.82376
0 0 64 -1.04471 3.69305 -3.27173 2.16585
0 0 65 3.84544 -2.41784 -5.41912 1.28564
0 0 66 -1.77107 0.507267 -4.07409 -3.63336
0 0 67 -3.32254 6.33211 -2.85801 -0.940644
0 0 68 2.81007 1.85448 -0.191234 -1.66576
0 0 69 -3.97243 0.636452 -3.0389 -2.93428
0 0 70 3.19873 -2.39247 1.41349 -2.70107
0 0 71 1.74921 -1.2275 -1.79596 0.198254
0 0 72 0.248709 0.922504 -2.00371 2.19133
0 0 73 3.30386 -2.33941 -0.295111 1.05243
0 0 74 -1.17533 2.52808 -2.13266 -3.3741
0 0 75 -2.93706 -2.10642 -7.95694 -0.474782
0 0 76 1.38921 -3.50438 -0.579878 -2.77862
0 0 77 -2.34132 2.47503 -1.79596 1.05243
0 0 78 -0.554105 -0.657701 -0.345259 -1.82086
0 0 79 0.920906 -3.99574 -2.20967 -0.57837
0 0 80 -2.75547 -0.579268 -1.14941 -1.6918
0 0 81 1.90531 -3.09145 -0.579878 -0.863094
0 0 82 3.14776 -0.528517 0.482176 -0.216096
0 0 83 -2.78096 2.42428 -0.243173 1.62188
0 0 84 -1.87301 1.87985 4.23608 1.95868
0 0 85 1.18214 -1.64043 -6.09253 -3.03787
0 0 86 0.248709 -4.12493 0.611127 0.638077
0 0 87 -1.87301 -4.87696 -1.07061 1.1045
0 0 88 -0.786666 -1.79499 4.77875 -0.526859
0 0 89 7.34023 -2.72696 3.09701 -0.811584
0 0 90 0.920906 2.39659 5.55604 4.00383
0 0 91 -2.34132 0.456516 3.07015 -0.57837
0 0 92 -0.423488 -3.09145 2.4236 -4.38394
0 0 93 1.67275 -1.71886 -1.64014 -1.12178
0 0 94 3.0713 -1.8988 -1.14941 4.98706
0 0 95 0.920906 2.29509 0.224274 -1.14782
0 0 96 1.46567 -2.33941 -1.12255 -0.293645
0 0 97 -0.891796 -0.295523 -1.5882 5.6601
0 0 98 -3.81633 4.49354 -1.2515 5.45349
0 0 99 0.274195 2.8372 -5.49792 -6.84288
0 0 100 -0.528619 -0.528517 0.947832 4.62479
0 0 101 0.818961 1.67224 -1.71894 1.49282
0 0 102 2.06141 3.04482 -0.139296 5.11669
0 0 103 -1.56399 3.32857 3.14895 -0.138547
0 0 104 0.713831 0.431141 -3.52963 0.845253
0 0 105 1.02604 -2.08104 -0.501075 -0.267607
0 0 106 5.14205 0.947879 1.07678 -0.966682
0 0 107 0.688345 1.54305 -1.61507 -2.51993
0 0 108 -0.968255 -2.59778 -3.52963 -3.03787
0 0 109 -0.554105 2.7334 2.0869 -0.0089208
0 0 110 1.18214 -1.92648 2.76031 0.690154
0 0 111 3.35483 2.11285 1.15559 -2.20917
0 0 112 5.94486 0.765637 4.90949 0.120705
0 0 113 1.44019 1.33543 -1.27836 3.64099
0 0 114 -2.98803 7.10953 3.30477 0.146178
0 0 115 -4.02341 -3.76275 2.50062 -3.14146
0 0 116 -3.27157 5.86612 2.1657 -0.811584
0 0 117 0.920906 -2.95996 4.20922 4.31402
0 0 118 4.28826 -2.83077 2.81225 0.741665
0 0 119 -0.114469 -3.32444 2.45047 -4.22828
0 0 120 1.2586 -2.31403 5.53096 0.612605
0 0 121 -1.66594 2.37122 -0.320185 2.03623
0 0 122 2.9152 -1.79499 1.93108 -0.811584
0 0 123 2.29397 -0.346274 -1.74402 2.52813
0 0 124 6.84962 2.55346 0.353225 0.456941
0 0 125 -2.2107 -0.761511 0.378299 5.0131
0 0 126 1.30957 4.41741 2.39853 -3.14146
0 0 127 1.72372 -4.0488 1.90601 -0.423271
0 0 128 -0.554105 0.818695 4.49398 0.0686284
0 0 129 -0.216413 0.99863 2.03496 0.249765
0 0 130 2.86422 -0.00947134 -0.733903 0.146178
0 0 131 -0.165441 -2.18485 -0.889718 -2.80466
0 0 132 -5.44745 0.403458 1.10365 3.12361
0 0 133 -7.95783 -2.95996 2.52748 2.50209
0 0 134 -3.16962 0.223522 4.08027 0.94884
0 0 135 -0.296058 3.76918 -1.45925 -1.04423
0 0 136 0.5864 -0.916071 4.15907 0.819214
0 0 137 -1.64045 -1.69349 -3.0389 -3.78845
0 0 138 -0.917282 -4.46173 2.34659 -4.04714
0 0 139 -1.92717 1.02631 2.81225 1.98415
0 0 140 -7.05307 -3.97037 2.96806 -3.68487
0 0 141 -6.30123 5.09102 3.38178 3.07154
0 0 142 -9.04418 -0.863013 -1.22642 -0.889133
0 0 143 -9.25125 -1.12369 -3.55649 0.379391
0 0 144 -6.61025 1.4923 5.16739 -2.51993
0 0 145 -2.85742 -0.863013 -1.82103 -0.242135
0 0 146 -5.80744 -7.82745 0.922758 -4.38394
0 0 147 1.44019 4.90877 2.81225 1.54433
0 0 148 -1.66594 2.39659 2.29465 4.23647
0 0 149 -1.01923 0.248898 1.51737 2.47605
0 0 150 -2.57388 -0.761511 3.35492 2.65775
0 0 151 -9.04418 -4.87696 -7.5683 1.7515
0 0 152 -0.76118 -0.475459 3.12209 3.12361
0 0 153 -5.34231 1.10244 1.3114 1.77754
0 0 154 1.33506 -2.98764 -0.708829 -0.216096
0 0 155 -3.8673 -4.6186 1.98302 -1.04423
0 0 156 1.02604 -4.43635 1.88094 -0.319684
0 0 157 -2.85742 2.55346 -7.98202 -3.16693
0 0 158 -4.41207 5.16714 3.35492 -0.112508
0 0 159 -6.37769 -1.01988 4.85755 -3.94355
0 0 160 -2.83193 -3.40057 1.38841 2.11378
0 0 161 -4.72109 -0.941446 1.25946 2.96795
0 0 162 -4.72109 -5.3937 2.37167 -2.80466
0 0 163 -6.76635 0.145089 0.378299 -1.58821
0 0 164 -1.12436 -1.07063 -0.864644 2.8904
0 0 165 -2.7268 2.21666 -2.57324 -2.02803
0 0 166 -0.165441 -2.02798 1.80213 0.664116
0 0 167 -2.44327 2.00904 2.73524 0.327881
0 0 168 -10.3376 3.12326 2.21585 -1.32896
0 0 169 -0.216413 4.6504 3.35492 -0.966682
0 0 170 -3.039 -3.1422 2.4236 4.08138
0 0 171 -6.04318 -1.51124 4.57279 2.2434
0 0 172 -8.81162 2.24203 -3.09084 1.67395
0 0 173 -1.77107 -0.500834 0.559188 0.353353
0 0 174 -6.6899 -2.26098 1.49229 -1.30348
0 0 175 -2.15973 1.20625 1.07678 1.2596
0 0 176 -8.16491 -5.16071 4.1322 -0.0089208
0 0 177 -7.88137 -2.62546 0.534115 -1.95048
0 0 178 -3.89279 -3.37519 5.27127 -3.29655
0 0 179 -8.91675 -4.12493 4.1322 -0.99272
0 0 180 -7.33661 -1.12369 0.172336 2.34699
0 0 181 -0.477646 4.80496 1.28454 1.18205
0 0 182 -0.837638 -3.89193 3.95131 -0.57837
0 0 183 2.63166 -4.79853 0.0165201 0.741665
0 0 184 17.4104 2.42428 1.05171 4.70234
0 0 185 30.0197 13.7879 -5.0054 1.2596
0 0 186 51.0139 22.3049 -12.6422 -3.21901
0 0 187 70.5076 27.5092 -23.5403 -1.74331
0 0 188 82.467 30.4066 -35.7333 -4.8498
0 0 189 92.8717 17.4651 -43.3701 -5.36774
0 0 190 110.19 6.85116 -49.4272 -3.45165
0 0 191 123.678 -20.4599 -47.6935 -10.5969
0 0 192 126.294 -39.9806 -42.4119 -12.2017
0 0 193 134.213 -60.4033 -10.7777 -19.8383
0 0 194 141.021 -58.514 17.8261 -26.4136
0 0 195 146.794 -37.2608 51.2208 -31.4356
0 0 196 160.05 8.50749 64.2681 -29.8829
0 0 197 175.635 51.2722 67.9432 -20.8221
0 0 198 194.297 81.2754 59.0134 -11.8909
0 0 199 186.298 81.483 42.0312 -9.71672
0 0 200 183.813 89.0149 28.3893 -14.2984
0 0 201 198.439 90.7774 22.0206 -13.6253
0 0 202 139.056 41.9017 15.3671 -8.6033
0 0 203 52.798 13.6334 -0.708829 -2.85673
0 0 204 18.0062 -5.00615 -4.95346 0.120705
0 0 205 12.3642 -5.85969 3.43372 2.55417
0 0 206 3.8996 5.63313 -1.8479 3.5374
0 0 207 7.60146 3.35625 0.405164 1.1045
0 0 208 2.60299 7.10953 2.0869 -2.28672
0 0 209 2.70812 -2.67621 -1.82103 -1.82086
0 0 210 5.58169 -1.92648 0.172336 -3.42618
0 0 211 6.74768 0.0412798 2.65643 3.07154
0 0 212 6.07229 -2.54703 0.611127 -2.80466
0 0 213 7.13315 -0.630019 6.04856 -0.915171
0 0 214 -0.0889826 0.664134 -2.70219 -0.863094
0 0 215 0.713831 4.57197 -1.48433 1.82905
0 0 216 4.00154 -0.00947134 -2.1058 0.741665
0 0 217 11.6633 -2.72696 -3.19292 1.18205
0 0 218 7.23829 1.64686 1.12872 0.482979
0 0 219 6.66803 4.49354 -2.26161 -1.35499
0 0 220 0.223223 0.119713 -3.11591 3.58948
0 0 221 3.87411 5.79 1.64632 -0.0604316
0 0 222 2.60299 4.85802 -4.56661 -0.164019
0 0 223 2.52653 -1.82267 2.37167 0.456941
0 0 224 3.95057 4.44279 -3.24486 0.53449
0 0 225 1.07701 1.85448 0.145471 1.49282
0 0 226 -3.11546 -1.40743 -0.785841 4.59875
0 0 227 0.557728 2.8372 4.23608 -4.66867
0 0 228 5.01143 1.8291 3.77042 -5.47133
0 0 229 0.430298 4.6504 1.93108 2.63172
0 0 230 -2.51972 -2.28866 -0.216308 -0.500821
0 0 231 -1.53851 -3.84118 -2.13266 -2.8822
0 0 232 1.18214 1.64686 -0.553013 4.41761
0 0 233 -2.41778 -0.0348469 0.637992 2.55417
0 0 234 -0.579591 -4.02342 5.14232 0.664116
0 0 235 -5.8616 3.27782 4.31309 -0.138547
0 0 236 -1.69142 3.19938 -3.40068 -1.87293
0 0 237 3.7435 2.68264 -1.56313 -0.0089208
0 0 238 1.62178 4.00217 1.05171 2.16585
0 0 239 -1.7201 0.274274 -5.39405 -1.07027
0 0 240 -5.16073 3.407 4.9865 -3.06334
0 0 241 -3.60926 5.19252 -0.760767 3.61551
0 0 242 0.739317 6.04837 2.13884 1.4147
0 0 243 -0.605077 0.793319 1.28454 -1.40707
0 0 244 -3.52961 -0.863013 2.11376 -0.940644
0 0 245 -1.74558 -1.25287 -1.38224 -0.08647
0 0 246 -0.837638 1.95829 4.31309 0.53449
0 0 247 -1.69142 -2.10642 4.90949 -2.1837
0 0 248 -1.82204 3.87299 -0.941657 -4.48753
0 0 249 2.03592 2.44965 7.62641 -2.20917
0 0 250 -1.87301 3.04482 -5.31703 2.55417
0 0 251 1.93079 4.23517 0.224274 -1.43254
0 0 252 -1.3824 3.14863 -0.760767 -0.371195
0 0 253 0.274195 -0.138656 -1.45925 -1.56217
0 0 254 -1.95266 1.31006 -2.90816 -3.73638
0 0 255 -0.00933841 1.20625 -4.38393 -1.45858
