0 0 0 0.0010536
0 0 1 -0.00782653
0 0 2 -0.00210897
0 0 3 0.00717623
0 0 4 0.00871857
0 0 5 0.00574294
0 0 6 0.00554041
0 0 7 -0.00078474
0 0 8 -0.00619072
0 0 9 -0.00109632
0 0 10 -0.00681389
0 0 11 -0.0158031
0 0 12 -0.017844
0 0 13 -0.00865223
0 0 14 -0.00457048
0 0 15 -0.000473156
0 0 16 0.00789287
0 0 17 0.0106504
0 0 18 0.00688022
0 0 19 0.00717623
0 0 20 0.011258
0 0 21 0.0118811
0 0 22 0.0080954
0 0 23 0.00206625
0 0 24 0.000851075
0 0 25 0.00554041
0 0 26 -0.0011898
0 0 27 -0.000691264
0 0 28 0.00360859
0 0 29 0.00452776
0 0 30 -0.000177151
0 0 31 -0.0011898
0 0 32 -0.0020155
0 0 33 -0.0107866
0 0 34 -0.0158031
0 0 35 -0.0156005
0 0 36 -0.0115032
0 0 37 -0.00569218
0 0 38 -0.0163016
0 0 39 -0.0211
0 0 40 -0.0141673
0 0 41 -0.00414984
0 0 42 0.00094455
0 0 43 0.00217531
0 0 44 0.00513535
0 0 45 0.00820445
0 0 46 0.00186372
0 0 47 -0.00129885
0 0 48 0.00636611
0 0 49 0.0092171
0 0 50 0.0170846
0 0 51 0.0202472
0 0 52 0.024843
0 0 53 0.0122862
0 0 54 -0.00150138
0 0 55 -0.0120173
0 0 56 -0.000691264
0 0 57 0.00605452
0 0 58 0.00688022
0 0 59 0.00932615
0 0 60 0.00758128
0 0 61 -0.00589471
0 0 62 -0.012734
0 0 63 -0.00598819
0 0 64 -0.000270626
0 0 65 -0.00385384
0 0 66 -0.00466396
0 0 67 -0.00221802
0 0 68 -0.00640883
0 0 69 -0.00436795
0 0 70 -0.00190644
0 0 71 0.00625705
0 0 72 0.0092171
0 0 73 0.00340606
0 0 74 0.00616358
0 0 75 0.0010536
0 0 76 0.00441871
0 0 77 0.00616358
0 0 78 0.00217531
0 0 79 -0.00701641
0 0 80 -0.00365131
0 0 81 0.00605452
0 0 82 0.0136104
0 0 83 0.013517
0 0 84 -0.00333973
0 0 85 -0.0165197
0 0 86 -0.017844
0 0 87 -0.00721894
0 0 88 0.0069737
0 0 89 0.0192345
0 0 90 0.0201537
0 0 91 0.014218
0 0 92 0.0125978
0 0 93 0.0039046
0 0 94 -0.00190644
0 0 95 -0.000893794
0 0 96 0.00829793
0 0 97 0.00564946
0 0 98 0.00349954
0 0 99 0.00248689
0 0 100 0.00370207
0 0 101 0.00728528
0 0 102 0.000539491
0 0 103 -0.00854317
0 0 104 -0.00854317
0 0 105 0.000336962
0 0 106 0.00432523
0 0 107 0.0126913
0 0 108 0.00800192
0 0 109 0.00441871
0 0 110 0.00217531
0 0 111 0.000539491
0 0 112 -0.0031372
0 0 113 -0.00262308
0 0 114 0.00298542
0 0 115 -0.00354226
0 0 116 -0.012843
0 0 117 -0.0114097
0 0 118 -0.00273214
0 0 119 -0.000473156
0 0 120 -0.0117057
0 0 121 -0.0110047
0 0 122 -0.00619072
0 0 123 -0.00701641
0 0 124 -0.00517807
0 0 125 -0.000987269
0 0 126 -0.00323067
0 0 127 0.00114708
0 0 128 0.000227908
0 0 129 0.00482377
0 0 130 0.0123797
0 0 131 0.0126913
0 0 132 0.00860951
0 0 133 0.00605452
0 0 134 0.00401365
0 0 135 -0.000177151
0 0 136 0.00125613
0 0 137 0.0103388
0 0 138 0.0069737
0 0 139 0.00504188
0 0 140 0.000336962
0 0 141 -0.00824717
0 0 142 0.000227908
0 0 143 0.0115696
0 0 144 0.00605452
0 0 145 0.0108529
0 0 146 0.021992
0 0 147 0.0156513
0 0 148 0.00574294
0 0 149 0.000851075
0 0 150 -0.0104906
0 0 151 -0.007328
0 0 152 -0.0125314
0 0 153 -0.0116123
0 0 154 -0.00517807
0 0 155 0.000227908
0 0 156 0.00320353
0 0 157 -0.00139233
0 0 158 -0.00365131
0 0 159 -0.00058221
0 0 160 -0.00670483
0 0 161 -0.0139647
0 0 162 -0.00753053
0 0 163 -0.000177151
0 0 164 0.00320353
0 0 165 0.00779939
0 0 166 0.00228436
0 0 167 -0.00506902
0 0 168 -0.000987269
0 0 169 -0.00558313
0 0 170 -0.00701641
0 0 171 -0.00161044
0 0 172 0.000336962
0 0 173 -0.00161044
0 0 174 -0.00302814
0 0 175 -0.00365131
0 0 176 -0.00139233
0 0 177 -0.00578566
0 0 178 -0.00721894
0 0 179 0.000742021
0 0 180 0.0145296
0 0 181 0.00789287
0 0 182 -0.0117057
0 0 183 -0.0115032
0 0 184 -0.0031372
0 0 185 0.0039046
0 0 186 0.011367
0 0 187 0.00677117
0 0 188 0.00370207
0 0 189 0.00289195
0 0 190 0.00237784
0 0 191 0.00114708
0 0 192 0.00432523
0 0 193 0.00769034
0 0 194 0.00524441
0 0 195 0.0101363
0 0 196 0.0196396
0 0 197 0.0207613
0 0 198 0.0166795
0 0 199 0.00452776
0 0 200 -0.000987269
0 0 201 -0.00436795
0 0 202 -0.00598819
0 0 203 -0.00190644
0 0 204 0.000742021
0 0 205 0.0106504
0 0 206 0.0114605
0 0 207 0.0115696
0 0 208 0.0214779
0 0 209 0.0223971
0 0 210 0.0317913
0 0 211 0.0344398
0 0 212 0.0215714
0 0 213 0.0295479
0 0 214 0.0419957
0 0 215 0.0464981
0 0 216 0.0443482
0 0 217 0.0314798
0 0 218 0.0232072
0 0 219 0.035468
0 0 220 0.0331156
0 0 221 0.0237213
0 0 222 0.0258713
0 0 223 0.0295479
0 0 224 0.0369948
0 0 225 0.0395498
0 0 226 0.05139
0 0 227 0.0523091
0 0 228 0.0612048
0 0 229 0.0710042
0 0 230 0.075491
0 0 231 0.0864276
0 0 232 0.111744
0 0 233 0.145036
0 0 234 0.169854
0 0 235 0.19732
0 0 236 0.223369
0 0 237 0.259715
0 0 238 0.290967
0 0 239 0.314865
0 0 240 0.340181
0 0 241 0.347644
0 0 242 0.325895
0 0 243 0.284127
0 0 244 0.267271
0 0 245 0.269218
0 0 246 0.292088
0 0 247 0.326908
0 0 248 0.359079
0 0 249 0.413809
0 0 250 0.503171
0 0 251 0.639598
0 0 252 0.795327
0 0 253 0.929713
0 0 254 0.999181
0 0 255 0.999882
0 0 256 0.950652
0 0 257 0.817185
0 0 258 0.620093
0 0 259 0.434654
0 0 260 0.29536
0 0 261 0.207743
0 0 262 0.150146
0 0 263 0.108784
0 0 264 0.0912259
0 0 265 0.0888735
0 0 266 0.0794792
0 0 267 0.0699759
0 0 268 0.0691658
0 0 269 0.0740733
0 0 270 0.081006
0 0 271 0.0873467
0 0 272 0.0918335
0 0 273 0.0919426
0 0 274 0.100714
0 0 275 0.102661
0 0 276 0.0842776
0 0 277 0.0750859
0 0 278 0.0815201
0 0 279 0.0857109
0 0 280 0.0889825
0 0 281 0.0990934
0 0 282 0.0990934
0 0 283 0.0914285
0 0 284 0.078451
0 0 285 0.0650841
0 0 286 0.0575282
0 0 287 0.059865
0 0 288 0.0590549
0 0 289 0.0562974
0 0 290 0.0546616
0 0 291 0.0462956
0 0 292 0.0341438
0 0 293 0.0292364
0 0 294 0.0267904
0 0 295 0.0344398
0 0 296 0.0307631
0 0 297 0.0197331
0 0 298 0.0161654
0 0 299 0.0280056
0 0 300 0.0455789
0 0 301 0.0349539
0 0 302 0.0202472
0 0 303 0.00554041
0 0 304 0.00769034
0 0 305 0.0158538
0 0 306 0.0200446
0 0 307 0.0134079
0 0 308 0.0105413
0 0 309 0.0182063
0 0 310 0.014218
0 0 311 0.00432523
0 0 312 0.00145866
0 0 313 0.00177025
0 0 314 0.00493282
0 0 315 -0.00282561
0 0 316 -0.00986741
0 0 317 -0.00457048
0 0 318 -0.000270626
0 0 319 -0.00129885
0 0 320 -0.00477301
0 0 321 -0.0053806
0 0 322 -0.00365131
0 0 323 0.00462124
0 0 324 0.00533788
0 0 325 -0.00548965
0 0 326 -0.00609724
0 0 327 -0.0115032
0 0 328 -0.00558313
0 0 329 0.00984027
0 0 330 0.0134079
0 0 331 0.0199512
0 0 332 0.0140155
0 0 333 0.0102453
0 0 334 0.00829793
0 0 335 0.000742021
0 0 336 -0.00690736
0 0 337 -0.0158031
0 0 338 -0.0156005
0 0 339 -0.013139
0 0 340 -0.0171273
0 0 341 -0.0134506
0 0 342 -0.0042589
0 0 343 -0.00721894
0 0 344 -0.00966488
0 0 345 -0.00701641
0 0 346 -0.00548965
0 0 347 0.00401365
0 0 348 0.00850046
0 0 349 0.00329701
0 0 350 0.00381112
0 0 351 -0.00139233
0 0 352 -0.007624
0 0 353 0.00248689
0 0 354 0.0123797
0 0 355 0.00769034
0 0 356 -6.80969e-05
0 0 357 -0.00782653
0 0 358 -0.0124224
0 0 359 -0.00221802
0 0 360 0.0041227
0 0 361 0.00493282
0 0 362 -0.00323067
0 0 363 -0.00710989
0 0 364 0.00493282
0 0 365 0.00850046
0 0 366 0.00758128
0 0 367 0.0115696
0 0 368 -0.000177151
0 0 369 -0.0053806
0 0 370 0.00298542
0 0 371 0.0165705
0 0 372 0.0150437
0 0 373 0.0041227
0 0 374 -0.0020155
0 0 375 0.0010536
0 0 376 0.00114708
0 0 377 -0.00354226
0 0 378 -0.00946235
0 0 379 -0.00894823
0 0 380 -0.00078474
0 0 381 0.00156772
0 0 382 -0.00589471
0 0 383 -0.0053806
0 0 384 0.00197278
0 0 385 0.00370207
0 0 386 0.00421618
0 0 387 0.00482377
0 0 388 0.00156772
0 0 389 -0.0117057
0 0 390 -0.010288
0 0 391 -0.00129885
0 0 392 0.00309448
0 0 393 0.00441871
0 0 394 0.00360859
0 0 395 0.0010536
0 0 396 -0.00414984
0 0 397 -0.0169248
0 0 398 -0.0120173
0 0 399 -0.00986741
0 0 400 -0.00517807
0 0 401 0.00268942
0 0 402 0.0107594
0 0 403 0.00717623
0 0 404 0.00605452
0 0 405 -6.80969e-05
0 0 406 0.000851075
0 0 407 0.0125978
0 0 408 0.00441871
0 0 409 -0.0200874
0 0 410 -0.0210065
0 0 411 -0.010179
0 0 412 -0.0150864
0 0 413 -0.00619072
0 0 414 0.00360859
0 0 415 -6.80969e-05
0 0 416 -0.00885476
0 0 417 -0.00414984
0 0 418 0.00656864
0 0 419 0.0124887
0 0 420 0.0206522
0 0 421 0.0148412
0 0 422 -0.00210897
0 0 423 -0.00701641
0 0 424 -0.00609724
0 0 425 -0.00619072
0 0 426 -0.00721894
0 0 427 -0.00221802
0 0 428 -0.00414984
0 0 429 0.000134432
0 0 430 -0.0023115
0 0 431 -0.00109632
0 0 432 -0.00894823
0 0 433 -0.00824717
0 0 434 -0.00802906
0 0 435 -0.00558313
0 0 436 -0.0023115
0 0 437 0.00421618
0 0 438 0.00800192
0 0 439 0.00645958
0 0 440 0.00666211
0 0 441 0.0107594
0 0 442 -0.00262308
0 0 443 -0.00569218
0 0 444 -0.0042589
0 0 445 -0.0123289
0 0 446 -0.0087457
0 0 447 -0.00966488
0 0 448 -0.0053806
0 0 449 -0.00129885
0 0 450 0.00177025
0 0 451 -0.000893794
0 0 452 -0.00181297
0 0 453 0.00737875
0 0 454 -0.000691264
0 0 455 -0.00986741
0 0 456 -0.000691264
0 0 457 0.00504188
0 0 458 -0.000379681
0 0 459 -0.000379681
0 0 460 -0.0103815
0 0 461 -0.00365131
0 0 462 0.00728528
0 0 463 0.0117721
0 0 464 0.0146387
0 0 465 0.00717623
0 0 466 0.00574294
0 0 467 0.00758128
0 0 468 0.00596105
0 0 469 0.00677117
0 0 470 0.00432523
0 0 471 -0.00252961
0 0 472 -0.00150138
0 0 473 -0.00170391
0 0 474 -0.000691264
0 0 475 0.0080954
0 0 476 0.0101363
0 0 477 0.00737875
0 0 478 0.00984027
0 0 479 -0.00109632
0 0 480 -0.00865223
0 0 481 -0.0129365
0 0 482 -0.00273214
0 0 483 0.0041227
0 0 484 -0.00506902
0 0 485 -0.0110982
0 0 486 -0.0108956
0 0 487 -0.0132481
0 0 488 -0.00681389
0 0 489 0.00094455
0 0 490 -0.00161044
0 0 491 0.00340606
0 0 492 0.0122862
0 0 493 0.0126913
0 0 494 0.0039046
0 0 495 -0.000691264
0 0 496 0.00860951
0 0 497 0.00892109
0 0 498 0.000539491
0 0 499 -0.00139233
0 0 500 0.00349954
0 0 501 -0.000987269
0 0 502 -6.80969e-05
0 0 503 -0.000379681
0 0 504 -0.0100855
0 0 505 -0.00916634
0 0 506 -0.00333973
0 0 507 0.000742021
0 0 508 0.00237784
0 0 509 -0.0011898
0 0 510 -0.00078474
0 0 511 0.00136519
