0 0 0 -0.0080491
0 0 1 -0.0239322
0 0 2 0.00989463
0 0 3 0.0513622
0 0 4 0.0133594
0 0 5 0.0201612
0 0 6 0.0557934
0 0 7 0.0574528
0 0 8 0.0348773
0 0 9 0.0299719
0 0 10 0.000448646
0 0 11 -0.00254198
0 0 12 -2.54772e-05
0 0 13 0.0017616
0 0 14 0.0245924
0 0 15 0.0225501
0 0 16 -0.020121
0 0 17 -0.102235
0 0 18 -0.0987707
0 0 19 -0.142281
0 0 20 -0.115256
0 0 21 -0.0796417
0 0 22 0.00963934
0 0 23 0.00940228
0 0 24 0.0257778
0 0 25 -0.000627249
0 0 26 0.0290054
0 0 27 -0.00206785
0 0 28 -0.0240599
0 0 29 0.0459827
0 0 30 0.0447974
0 0 31 -0.00230491
0 0 32 0.00522635
0 0 33 0.0496845
0 0 34 0.00832638
0 0 35 0.0568693
0 0 36 0.112451
0 0 37 0.0891279
0 0 38 0.0902038
0 0 39 0.088052
0 0 40 0.0936685
0 0 41 0.0592581
0 0 42 0.104427
0 0 43 0.140898
0 0 44 0.0979721
0 0 45 0.0196871
0 0 46 -0.00493083
0 0 47 -0.0341076
0 0 48 -0.0477295
0 0 49 -0.0499907
0 0 50 -0.0116233
0 0 51 0.0391626
0 0 52 0.0279295
0 0 53 -0.00314375
0 0 54 0.00570047
0 0 55 0.00606518
0 0 56 0.0090558
0 0 57 0.0280572
0 0 58 0.0244648
0 0 59 0.0628323
0 0 60 0.0569787
0 0 61 -0.000280774
0 0 62 -0.0213063
0 0 63 -0.013538
0 0 64 -0.0446113
0 0 65 -0.0716363
0 0 66 -0.0887229
0 0 67 -0.0912394
0 0 68 -0.106776
0 0 69 -0.0661292
0 0 70 -0.18125
0 0 71 -0.1952
0 0 72 -0.190441
0 0 73 -0.149064
0 0 74 -0.159823
0 0 75 -0.192829
0 0 76 -0.118374
0 0 77 -0.108928
0 0 78 -0.0811917
0 0 79 -0.111791
0 0 80 -0.0520331
0 0 81 -0.0309894
0 0 82 -0.0152156
0 0 83 -0.0447389
0 0 84 -0.0442648
0 0 85 -0.0670956
0 0 86 -0.0772528
0 0 87 -0.0727122
0 0 88 -0.11872
0 0 89 -0.110478
0 0 90 -0.157453
0 0 91 -0.146931
0 0 92 -0.131157
0 0 93 -0.129972
0 0 94 -0.135825
0 0 95 -0.0833435
0 0 96 -0.112867
0 0 97 -0.15304
0 0 98 -0.0473648
0 0 99 -0.0080491
0 0 100 -0.0239322
0 0 101 0.00989463
0 0 102 0.0513622
0 0 103 0.0133594
0 0 104 0.0201612
0 0 105 0.0557934
0 0 106 0.0574528
0 0 107 0.0348773
0 0 108 0.0299719
0 0 109 0.000448646
0 0 110 -0.00254198
0 0 111 -2.54772e-05
0 0 112 0.0017616
0 0 113 0.0245924
0 0 114 0.0225501
0 0 115 -0.020121
0 0 116 -0.102235
0 0 117 -0.0987707
0 0 118 -0.142281
0 0 119 -0.115256
0 0 120 -0.0796417
0 0 121 0.00963934
0 0 122 0.00940228
0 0 123 0.0257778
0 0 124 -0.000627249
0 0 125 0.0290054
0 0 126 -0.00206785
0 0 127 -0.0240599
0 0 128 0.0459827
0 0 129 0.0447974
0 0 130 -0.00230491
0 0 131 0.00522635
0 0 132 0.0496845
0 0 133 0.00832638
0 0 134 0.0568693
0 0 135 0.112451
0 0 136 0.0891279
0 0 137 0.0902038
0 0 138 0.088052
0 0 139 0.0936685
0 0 140 0.0592581
0 0 141 0.104427
0 0 142 0.140898
0 0 143 0.0979721
0 0 144 0.0196871
0 0 145 -0.00493083
0 0 146 -0.0341076
0 0 147 -0.0477295
0 0 148 -0.0499907
0 0 149 -0.0116233
0 0 150 0.0391626
0 0 151 0.0279295
0 0 152 -0.00314375
0 0 153 0.00570047
0 0 154 0.00606518
0 0 155 0.0090558
0 0 156 0.0280572
0 0 157 0.0244648
0 0 158 0.0628323
0 0 159 0.0569787
0 0 160 -0.000280774
0 0 161 -0.0213063
0 0 162 -0.013538
0 0 163 -0.0446113
0 0 164 -0.0716363
0 0 165 -0.0887229
0 0 166 -0.0912394
0 0 167 -0.106776
0 0 168 -0.0661292
0 0 169 -0.0227469
0 0 170 0.0459827
0 0 171 0.0502863
0 0 172 0.0735912
0 0 173 0.0582916
0 0 174 0.0652211
0 0 175 0.0291331
0 0 176 0.0327255
0 0 177 0.0170612
0 0 178 -0.00576966
0 0 179 -0.0256099
0 0 180 -0.0419854
0 0 181 -0.0429518
0 0 182 -0.0589626
0 0 183 -0.021434
0 0 184 -0.0165286
0 0 185 -0.0472554
0 0 186 -0.0446113
0 0 187 0.00498928
0 0 188 -0.0290746
0 0 189 -0.0667309
0 0 190 0.0145447
0 0 191 0.017663
0 0 192 -0.00613437
0 0 193 -0.0080491
0 0 194 -0.021671
0 0 195 -0.0602756
0 0 196 -0.095543
0 0 197 -0.087647
0 0 198 -0.0817934
0 0 199 -0.0312264
0 0 200 -0.0416389
0 0 201 -0.00863263
0 0 202 -0.0190451
0 0 203 -0.0167657
0 0 204 0.0237536
0 0 205 0.0584193
0 0 206 0.0861555
0 0 207 0.0453809
0 0 208 0.0532769
0 0 209 0.0243554
0 0 210 0.0611729
0 0 211 -0.00983617
0 0 212 0.00963934
0 0 213 0.0135964
0 0 214 0.0190853
0 0 215 -0.0392318
0 0 216 -0.0178416
0 0 217 -0.0140121
0 0 218 -0.0213063
0 0 219 -0.0325394
0 0 220 -0.00350846
0 0 221 -0.00361787
0 0 222 0.00546341
0 0 223 0.0525657
0 0 224 0.061884
0 0 225 0.0565046
0 0 226 0.0863925
0 0 227 0.0653488
0 0 228 0.0327255
0 0 229 0.00821697
0 0 230 0.0464568
0 0 231 0.0121558
0 0 232 0.0458733
0 0 233 0.0241183
0 0 234 0.0541157
0 0 235 0.0147817
0 0 236 0.0349867
0 0 237 0.0282942
0 0 238 0.0193224
0 0 239 0.0132317
0 0 240 0.0358255
0 0 241 0.0158576
0 0 242 0.0362996
0 0 243 0.0373755
0 0 244 0.0219665
0 0 245 -0.0473648
0 0 246 0.0101317
0 0 247 -0.00839557
0 0 248 -0.040563
0 0 249 -0.0165286
0 0 250 0.0138335
0 0 251 -0.0129362
0 0 252 -0.00254198
0 0 253 0.0390532
0 0 254 0.0513622
0 0 255 0.0419162
0 0 256 0.020763
0 0 257 0.0309202
0 0 258 0.0125205
0 0 259 -0.0184433
0 0 260 0.0262701
0 0 261 0.045618
0 0 262 -0.00600672
0 0 263 -0.0141398
0 0 264 0.0188483
0 0 265 -0.029567
0 0 266 -0.0349282
0 0 267 -0.0253728
0 0 268 0.023626
0 0 269 -0.0400706
0 0 270 -0.0394871
0 0 271 -0.0576496
0 0 272 -0.0410371
0 0 273 -0.0606403
0 0 274 -0.0521425
0 0 275 -0.0462889
0 0 276 0.00582812
0 0 277 0.010004
0 0 278 -0.0159268
0 0 279 -0.00482141
0 0 280 0.00666695
0 0 281 0.00331162
0 0 282 -2.54772e-05
0 0 283 0.00881874
0 0 284 0.0406032
0 0 285 0.0470586
0 0 286 0.00522635
0 0 287 -0.0044567
0 0 288 0.0182465
0 0 289 -0.00576966
0 0 290 0.00223572
0 0 291 0.030446
0 0 292 0.0339108
0 0 293 0.0482621
0 0 294 0.0752689
0 0 295 0.0599693
0 0 296 0.0389255
0 0 297 0.0591305
0 0 298 0.0592581
0 0 299 0.0155112
0 0 300 -0.00959911
0 0 301 -0.013538
0 0 302 -0.023221
0 0 303 -0.0125897
0 0 304 0.0127576
0 0 305 0.0512527
0 0 306 0.0327255
0 0 307 0.0702541
0 0 308 0.0103688
0 0 309 0.0115541
0 0 310 0.0107152
0 0 311 0.00425986
0 0 312 -0.0482037
0 0 313 -0.0397242
0 0 314 -0.061242
0 0 315 -0.0367335
0 0 316 -0.0136656
0 0 317 0.00940228
0 0 318 0.0119188
0 0 319 0.0159853
0 0 320 -0.0471278
0 0 321 -0.058835
0 0 322 -0.0540573
0 0 323 -0.0403077
0 0 324 -0.00589731
0 0 325 -0.0113862
0 0 326 0.0470586
0 0 327 0.0494474
0 0 328 0.0299719
0 0 329 -0.0195192
0 0 330 0.0104782
0 0 331 -0.0109121
0 0 332 -0.0130639
0 0 333 -0.00970853
0 0 334 0.0832743
0 0 335 0.0364273
0 0 336 -0.00566025
0 0 337 0.0050987
0 0 338 0.0499215
0 0 339 -0.0317188
0 0 340 0.0224407
0 0 341 0.0561399
0 0 342 0.0468215
0 0 343 0.0159853
0 0 344 -0.00673614
0 0 345 -0.0251358
0 0 346 -0.00983617
0 0 347 -0.0545314
0 0 348 -0.0808452
0 0 349 -0.0186804
0 0 350 -0.00374552
0 0 351 -0.0178416
0 0 352 0.0384514
0 0 353 0.055064
0 0 354 0.053751
0 0 355 0.0254313
0 0 356 0.0259054
0 0 357 -0.0141398
0 0 358 -0.0185527
0 0 359 -0.072238
0 0 360 -0.082997
0 0 361 -0.0966189
0 0 362 -0.03553
0 0 363 0.00869109
0 0 364 0.0121558
0 0 365 0.0645099
0 0 366 0.0657135
0 0 367 0.07288
0 0 368 0.0262701
0 0 369 0.0444327
0 0 370 -0.00768439
0 0 371 0.0538787
0 0 372 0.00714107
0 0 373 0.045618
0 0 374 0.100252
0 0 375 0.14925
0 0 376 0.0891279
0 0 377 0.121168
0 0 378 0.159426
0 0 379 0.172336
0 0 380 0.197064
0 0 381 0.270936
0 0 382 0.286709
0 0 383 0.30954
0 0 384 0.326518
0 0 385 0.362733
0 0 386 0.395849
0 0 387 0.489689
0 0 388 0.539289
0 0 389 0.607052
0 0 390 0.668853
0 0 391 0.668014
0 0 392 0.684882
0 0 393 0.699926
0 0 394 0.690261
0 0 395 0.713201
0 0 396 0.815521
0 0 397 0.791486
0 0 398 0.84229
0 0 399 0.908157
0 0 400 0.999863
0 0 401 0.964213
0 0 402 0.976048
0 0 403 0.894644
0 0 404 0.89645
0 0 405 0.806202
0 0 406 0.786234
0 0 407 0.750493
0 0 408 0.800093
0 0 409 0.729577
0 0 410 0.675436
0 0 411 0.651292
0 0 412 0.654629
0 0 413 0.622115
0 0 414 0.579809
0 0 415 0.55685
0 0 416 0.516221
0 0 417 0.490272
0 0 418 0.468043
0 0 419 0.402541
0 0 420 0.380786
0 0 421 0.358922
0 0 422 0.307753
0 0 423 0.244294
0 0 424 0.213439
0 0 425 0.154283
0 0 426 0.109698
0 0 427 0.0511251
0 0 428 0.0172982
0 0 429 0.00725049
0 0 430 -0.00589731
0 0 431 -0.0425871
0 0 432 -0.0593273
0 0 433 -0.0583608
0 0 434 -0.0912394
0 0 435 -0.0650533
0 0 436 -0.0198839
0 0 437 0.0225501
0 0 438 0.00606518
0 0 439 0.050888
0 0 440 0.0275831
0 0 441 0.0109705
0 0 442 -0.021671
0 0 443 -0.00996382
0 0 444 0.0090558
0 0 445 -0.000280774
0 0 446 -0.0305152
0 0 447 -0.0557349
0 0 448 -0.0692474
0 0 449 -0.0979319
0 0 450 -0.0550237
0 0 451 -0.0606403
0 0 452 -0.0442648
0 0 453 -0.0791675
0 0 454 -0.0576496
0 0 455 -0.0623179
0 0 456 -0.0419854
0 0 457 -0.0331411
0 0 458 -0.0467631
0 0 459 -0.0257375
0 0 460 -0.054422
0 0 461 -0.0678068
0 0 462 -0.054659
0 0 463 0.0195594
0 0 464 -0.00876028
0 0 465 -0.0276523
0 0 466 -0.0209598
0 0 467 -0.0166562
0 0 468 -0.0350559
0 0 469 -0.0765416
0 0 470 -0.0973301
0 0 471 -0.0742622
0 0 472 -0.055972
0 0 473 -0.0501184
0 0 474 -0.00744732
0 0 475 0.0372661
0 0 476 -0.0154527
0 0 477 -0.0596738
0 0 478 -0.0699586
0 0 479 -0.0627921
0 0 480 -0.0256099
0 0 481 0.0090558
0 0 482 0.0358255
0 0 483 0.0386885
0 0 484 -0.00325316
0 0 485 -0.0534555
0 0 486 -0.0408
0 0 487 -0.0516684
0 0 488 -0.0826323
0 0 489 -0.00684555
0 0 490 0.0481345
0 0 491 0.00821697
0 0 492 0.0117911
0 0 493 0.0391626
0 0 494 -0.03553
0 0 495 -0.107487
0 0 496 -0.067205
0 0 497 -0.0644697
0 0 498 -0.0423501
0 0 499 -0.0349282
0 0 500 0.0329625
0 0 501 0.0373755
0 0 502 0.0201612
0 0 503 -0.0392318
0 0 504 0.0107152
0 0 505 -0.0529814
0 0 506 -0.0924247
0 0 507 -0.0360041
0 0 508 0.022313
0 0 509 -0.0246616
0 0 510 0.00617459
0 0 511 -2.54772e-05
0 0 512 -0.00540495
0 0 513 -0.00589731
0 0 514 -0.0275246
0 0 515 -0.056209
0 0 516 -0.0341076
0 0 517 -0.0918412
0 0 518 -0.11945
0 0 519 -0.046526
0 0 520 -0.0550237
0 0 521 -0.083234
0 0 522 -0.0667309
0 0 523 -0.0468907
0 0 524 -0.0927894
0 0 525 -0.0548961
0 0 526 0.0276925
0 0 527 0.0431197
0 0 528 0.0157482
0 0 529 0.045618
0 0 530 0.0139429
0 0 531 -0.0299135
0 0 532 -0.0180786
0 0 533 -0.0161639
0 0 534 -0.0317188
0 0 535 0.0334367
0 0 536 0.0231518
0 0 537 -0.00146608
0 0 538 -0.0329041
0 0 539 -0.0459425
0 0 540 -0.0443742
0 0 541 -0.072238
0 0 542 -0.0704327
0 0 543 -0.0213063
0 0 544 -0.040563
0 0 545 -0.0948136
0 0 546 -0.0839452
0 0 547 -0.073551
0 0 548 -0.101634
0 0 549 -0.101871
0 0 550 -0.0992448
0 0 551 -0.0692474
0 0 552 -0.105573
0 0 553 -0.095543
0 0 554 -0.0600385
0 0 555 -0.046526
0 0 556 -0.0226193
0 0 557 -0.00684555
0 0 558 -0.03398
0 0 559 -0.0593273
0 0 560 -0.0564461
0 0 561 -0.107141
0 0 562 -0.128896
0 0 563 -0.104752
0 0 564 -0.0713992
0 0 565 -0.0826323
0 0 566 -0.0765416
0 0 567 -0.024534
0 0 568 -0.0296764
0 0 569 -0.0392318
0 0 570 -0.0896894
0 0 571 -0.10426
0 0 572 -0.115256
0 0 573 -0.108563
0 0 574 -0.096856
0 0 575 -0.0385206
0 0 576 -0.0380465
0 0 577 -0.00385493
0 0 578 -0.00314375
0 0 579 -0.00660849
0 0 580 -0.0583608
0 0 581 -0.0227469
0 0 582 -0.0996095
0 0 583 -0.10415
0 0 584 -0.129972
0 0 585 -0.0504831
0 0 586 -0.046526
0 0 587 -0.0318282
0 0 588 -0.0252634
0 0 589 0.0305737
0 0 590 -0.00482141
0 0 591 0.0279295
0 0 592 0.0169335
0 0 593 0.0462197
0 0 594 -0.00122902
0 0 595 0.0225501
0 0 596 -0.0658921
0 0 597 -0.0327947
0 0 598 -0.0492796
0 0 599 -0.0368429
0 0 600 -0.0315911
0 0 601 0.017663
0 0 602 0.0340384
0 0 603 0.0220759
0 0 604 -0.0235857
0 0 605 -0.0489148
0 0 606 -0.0765416
0 0 607 -0.0447389
0 0 608 -0.024534
0 0 609 0.00808932
0 0 610 -0.0055326
0 0 611 0.0229148
0 0 612 -0.0697215
0 0 613 -0.131394
0 0 614 -0.148134
0 0 615 -0.152547
0 0 616 -0.151818
0 0 617 -0.107961
0 0 618 -0.0289652
0 0 619 -0.0600385
0 0 620 -0.0557349
0 0 621 -0.064105
0 0 622 -0.0453407
0 0 623 -0.0601661
0 0 624 0.00415045
0 0 625 0.0391626
0 0 626 0.0548269
0 0 627 0.0637988
0 0 628 0.100379
0 0 629 0.110409
0 0 630 0.0921185
0 0 631 0.0512527
0 0 632 0.0219665
0 0 633 -0.0125897
0 0 634 -0.0195192
0 0 635 -0.0159268
0 0 636 0.0579452
0 0 637 0.0462197
0 0 638 -0.00469376
0 0 639 0.0116817
0 0 640 0.0109705
0 0 641 -0.0257375
0 0 642 0.00294691
0 0 643 -0.0092344
0 0 644 0.0040228
0 0 645 -0.00122902
0 0 646 -0.0161639
0 0 647 -0.0888506
0 0 648 -0.00947146
0 0 649 -0.0738975
0 0 650 -0.013775
0 0 651 -0.024771
0 0 652 0.0213648
0 0 653 0.0308107
0 0 654 0.0530398
0 0 655 -0.0170027
0 0 656 -0.0155804
0 0 657 -0.0139027
0 0 658 -0.0716363
0 0 659 -0.0393594
0 0 660 -0.0362594
0 0 661 -0.0125897
0 0 662 0.00079512
0 0 663 0.0293701
0 0 664 -0.0259746
0 0 665 0.00139689
0 0 666 0.00808932
0 0 667 -0.0160545
0 0 668 -0.0453407
0 0 669 0.00593753
0 0 670 -0.0403077
0 0 671 -0.0398336
0 0 672 0.0243554
0 0 673 0.0241183
0 0 674 -0.0430612
0 0 675 -0.0299135
0 0 676 -0.0362594
0 0 677 -0.0740251
0 0 678 -0.103074
0 0 679 -0.073551
0 0 680 -0.0802434
0 0 681 -0.0615885
0 0 682 -0.0792769
0 0 683 -0.0601661
0 0 684 -0.0951783
0 0 685 -0.0780916
0 0 686 -0.0927894
0 0 687 -0.12554
0 0 688 -0.0599108
0 0 689 0.0150188
0 0 690 0.0413144
0 0 691 0.0586564
0 0 692 0.102403
0 0 693 0.108494
0 0 694 0.0786242
0 0 695 0.031759
0 0 696 -0.00828616
0 0 697 0.0372661
0 0 698 0.0017616
0 0 699 0.0150188
0 0 700 0.060334
0 0 701 0.0849519
0 0 702 0.0504139
0 0 703 0.0813595
0 0 704 0.0313943
0 0 705 0.0299719
0 0 706 0.0515992
0 0 707 0.042755
0 0 708 0.0156206
0 0 709 0.0513622
0 0 710 0.0470586
0 0 711 -0.00516789
0 0 712 0.0125205
0 0 713 -0.0728216
0 0 714 -0.0553702
0 0 715 -0.0882488
0 0 716 -0.0550237
0 0 717 -0.0717457
0 0 718 -0.0104379
0 0 719 -0.0537108
0 0 720 -0.0199933
0 0 721 -0.0178416
0 0 722 -0.0473648
0 0 723 0.00963934
0 0 724 0.00378574
0 0 725 -0.00217727
0 0 726 -0.0514313
0 0 727 -0.0447389
0 0 728 -0.0949412
0 0 729 -0.0897988
0 0 730 -0.114307
0 0 731 -0.0962542
0 0 732 -0.0723475
0 0 733 -0.0266858
0 0 734 0.0112076
0 0 735 0.0581822
0 0 736 0.093322
0 0 737 0.102531
0 0 738 0.0274554
0 0 739 0.0362996
0 0 740 -0.00936205
0 0 741 -0.0366059
0 0 742 -0.0179692
0 0 743 -0.029567
0 0 744 -0.0461795
0 0 745 -0.00731968
0 0 746 0.023863
0 0 747 0.012867
0 0 748 0.0739559
0 0 749 0.0747948
0 0 750 0.0721689
0 0 751 0.0297349
0 0 752 0.0501768
0 0 753 0.0313943
0 0 754 0.00748755
0 0 755 -0.0668586
0 0 756 -0.0404353
0 0 757 -0.111681
0 0 758 -0.0991172
0 0 759 -0.102472
0 0 760 -0.0688827
0 0 761 -0.126744
0 0 762 -0.147532
0 0 763 -0.123279
0 0 764 -0.0920783
0 0 765 -0.104989
0 0 766 -0.0582514
0 0 767 -0.0148509
0 0 768 -0.0693568
0 0 769 -0.105937
0 0 770 -0.0718733
0 0 771 -0.053109
0 0 772 -0.0822676
0 0 773 -0.0975671
0 0 774 -0.0822676
0 0 775 -0.0801158
0 0 776 -0.140731
0 0 777 -0.0788028
0 0 778 -0.0777269
0 0 779 -0.104752
0 0 780 -0.0848935
0 0 781 -0.0578867
0 0 782 -0.135461
0 0 783 -0.0854952
0 0 784 -0.03553
0 0 785 -0.0785658
0 0 786 -0.108563
0 0 787 -0.0992448
0 0 788 -0.170728
0 0 789 -0.193559
0 0 790 -0.185663
0 0 791 -0.171074
0 0 792 -0.146931
0 0 793 -0.0705604
0 0 794 -0.0880117
0 0 795 -0.116331
0 0 796 -0.104752
0 0 797 -0.0663662
0 0 798 -0.100685
0 0 799 -0.0815564
0 0 800 -0.0678068
0 0 801 -0.0759398
0 0 802 -0.111189
0 0 803 -0.096856
0 0 804 -0.0621903
0 0 805 -0.0451036
0 0 806 -0.021671
0 0 807 -0.0170027
0 0 808 0.010004
0 0 809 -0.0393594
0 0 810 -0.0313541
0 0 811 -0.0276523
0 0 812 0.00462457
0 0 813 -0.0207045
0 0 814 0.00475222
0 0 815 -0.00828616
0 0 816 -0.0251358
0 0 817 -0.0609867
0 0 818 -0.0686456
0 0 819 -0.0429518
0 0 820 -0.0698492
0 0 821 -0.0472554
0 0 822 0.00223572
0 0 823 -0.00863263
0 0 824 -0.0614791
0 0 825 -2.54772e-05
0 0 826 -0.0112768
0 0 827 -0.0522702
0 0 828 -0.0478389
0 0 829 -0.000991959
0 0 830 -0.0203581
0 0 831 -0.0196286
0 0 832 -0.0376818
0 0 833 -0.010675
0 0 834 -0.0315911
0 0 835 -0.0587255
0 0 836 -0.109037
0 0 837 -0.0912394
0 0 838 -0.143356
0 0 839 -0.133546
0 0 840 -0.0887229
0 0 841 -0.109037
0 0 842 -0.110241
0 0 843 -0.0492796
0 0 844 -0.0454501
0 0 845 -0.101032
0 0 846 -0.000754897
0 0 847 -0.00566025
0 0 848 -0.0350559
0 0 849 -0.0644697
0 0 850 -0.0288376
0 0 851 -0.0964913
0 0 852 -0.0480942
0 0 853 -0.0404353
0 0 854 -0.0160545
0 0 855 -0.058835
0 0 856 -0.0425871
0 0 857 -0.0618256
0 0 858 -0.0519055
0 0 859 -0.0418759
0 0 860 -0.00708261
0 0 861 0.0470586
0 0 862 0.0169335
0 0 863 0.0498121
0 0 864 0.00940228
0 0 865 0.00821697
0 0 866 -0.0687733
0 0 867 -0.0494072
0 0 868 -0.103421
0 0 869 -0.0349282
0 0 870 -0.0368429
0 0 871 0.0190853
0 0 872 0.0190853
0 0 873 0.0543528
0 0 874 -0.00398258
0 0 875 0.0313943
0 0 876 0.0532769
0 0 877 0.020763
0 0 878 -0.0455777
0 0 879 -0.0320652
0 0 880 -0.08586
0 0 881 -0.163416
0 0 882 -0.161045
0 0 883 -0.139399
0 0 884 -0.0949412
0 0 885 -0.0859694
0 0 886 -0.0394871
0 0 887 -0.00230491
0 0 888 -0.00493083
0 0 889 -0.0790399
0 0 890 -0.0490425
0 0 891 -0.0709069
0 0 892 -0.0700863
0 0 893 -0.0684086
0 0 894 -0.0631385
0 0 895 -0.0846564
0 0 896 -0.0498813
0 0 897 -0.0231116
0 0 898 -0.0293117
0 0 899 -0.0302782
0 0 900 -0.0166562
0 0 901 -0.0752104
0 0 902 -0.110241
0 0 903 -0.117644
0 0 904 -0.0935006
0 0 905 -0.0695939
0 0 906 -0.0491701
0 0 907 -0.0638679
0 0 908 -0.0558626
0 0 909 -0.0948136
0 0 910 -0.110843
0 0 911 -0.0919506
0 0 912 -0.108691
0 0 913 -0.0918412
0 0 914 -0.0276523
0 0 915 -0.0459425
0 0 916 -0.0631385
0 0 917 -0.0168933
0 0 918 0.042755
0 0 919 -0.0164192
0 0 920 -0.0392318
0 0 921 -0.0361318
0 0 922 -0.056209
0 0 923 -0.131759
0 0 924 -0.0950689
0 0 925 -0.0935006
0 0 926 -0.0631385
0 0 927 -0.0797693
0 0 928 -0.0441371
0 0 929 -0.0361318
0 0 930 0.033309
0 0 931 0.0185018
0 0 932 0.0973886
0 0 933 0.103953
0 0 934 0.0580546
0 0 935 0.0599693
0 0 936 0.0810131
0 0 937 -0.00852322
0 0 938 0.0164594
0 0 939 0.0610452
0 0 940 0.0557934
0 0 941 0.0810131
0 0 942 0.0886537
0 0 943 0.0513622
0 0 944 0.0214742
0 0 945 -0.00959911
0 0 946 -0.0257375
0 0 947 0.0242277
0 0 948 -0.0115138
0 0 949 0.0109705
0 0 950 -0.00230491
0 0 951 -0.0307523
0 0 952 -0.0611144
0 0 953 -0.0577591
0 0 954 -0.029804
0 0 955 -0.0186804
0 0 956 0.011317
0 0 957 0.0364273
0 0 958 0.0642729
0 0 959 0.0531492
0 0 960 0.0679747
0 0 961 0.0451439
0 0 962 0.0122835
0 0 963 0.049101
0 0 964 0.0311572
0 0 965 0.0187388
0 0 966 0.061884
0 0 967 0.0799372
0 0 968 0.0413144
0 0 969 0.0400014
0 0 970 0.0450344
0 0 971 -0.00086431
0 0 972 -0.0269228
0 0 973 -0.0293117
0 0 974 -0.032667
0 0 975 -0.00290669
0 0 976 0.0413144
0 0 977 0.0788613
0 0 978 0.113162
0 0 979 0.0685765
0 0 980 0.0242277
0 0 981 -0.0325394
0 0 982 -0.0221451
0 0 983 -0.0670956
0 0 984 0.00976698
0 0 985 -0.00815851
0 0 986 0.00690401
0 0 987 0.000558059
0 0 988 0.0422809
0 0 989 -0.0167657
0 0 990 -0.0279987
0 0 991 -0.0208322
0 0 992 -0.0381559
0 0 993 -0.0828693
0 0 994 -0.0565738
0 0 995 0.00845403
0 0 996 0.00152454
0 0 997 -0.0166562
0 0 998 0.00307456
0 0 999 0.0017616
0 0 1000 0.00522635
0 0 1001 -0.00243256
0 0 1002 -0.0173674
0 0 1003 -0.0102009
0 0 1004 0.00378574
0 0 1005 -0.0574126
0 0 1006 -0.0675698
0 0 1007 -0.0618256
0 0 1008 -0.0668586
0 0 1009 -0.0618256
0 0 1010 -0.0601661
0 0 1011 -0.0693568
0 0 1012 -0.0664939
0 0 1013 -0.0510666
0 0 1014 -0.0375724
0 0 1015 -0.0276523
0 0 1016 0.0241183
0 0 1017 0.0925926
0 0 1018 0.074193
0 0 1019 0.0677376
0 0 1020 0.0813595
0 0 1021 0.0894926
0 0 1022 -0.0221451
0 0 1023 -0.0650533
