0 0 0 3.00904 4.42455 -2.56423 -8.17693
0 0 1 0.30237 -5.11486 5.87534 -3.11247
0 0 2 -8.61056 -11.7495 7.24942 3.09031
0 0 3 0.850347 0.772732 -3.35097 -0.364426
0 0 4 -4.29316 0.420069 7.36646 2.81525
0 0 5 7.84121 6.34804 1.3608 -0.600541
0 0 6 3.05056 5.91597 0.615237 -2.48449
0 0 7 5.71987 0.891184 -4.56684 2.85419
0 0 8 1.91309 5.09219 5.2078 8.54663
0 0 9 -6.99984 0.577556 -1.89886 3.05054
0 0 10 0.223495 0.0270244 -0.249526 -4.8796
0 0 11 0.144619 -4.05553 -5.15635 -2.99483
0 0 12 7.13133 -5.70443 4.73749 2.38362
0 0 13 3.12943 6.78013 -4.95913 4.30733
0 0 14 -2.64093 -4.1336 -0.641812 2.46232
0 0 15 -0.955486 4.42455 -2.91751 6.62374
0 0 16 5.83611 -4.33012 -1.62361 1.16659
0 0 17 -0.324482 1.79438 -7.03976 -2.95589
0 0 18 0.144619 4.22803 -4.4498 -2.71977
0 0 19 -8.33657 1.71496 10.4289 0.616486
0 0 20 -1.38723 -8.53112 -2.33016 -5.42888
0 0 21 7.40532 -7.74638 -1.77966 -1.54251
0 0 22 -0.639984 1.00829 -2.60541 -0.521836
0 0 23 -1.4661 3.95343 -1.19015 -0.207845
0 0 24 -0.444871 12.6691 0.496034 3.28665
0 0 25 6.18897 2.34357 7.1714 -4.01551
0 0 26 5.87762 -0.522161 -2.80047 3.63958
0 0 27 -0.28712 -0.208533 3.59748 4.22863
0 0 28 1.20321 2.14704 -0.836872 0.381199
0 0 29 -2.20919 1.40133 1.95031 -1.66016
0 0 30 4.85639 1.20481 5.95336 -1.54251
0 0 31 -6.84209 6.78013 -9.70991 4.30733
0 0 32 -3.86142 -3.89804 -9.74892 -2.6419
0 0 33 -2.99795 1.44037 3.04914 2.6189
0 0 34 2.89281 3.99247 10.8212 0.656252
0 0 35 -0.482233 -1.42536 3.32439 0.577547
0 0 36 2.34483 -3.23175 1.20258 -0.718184
0 0 37 -0.760373 1.12674 -0.171503 -0.835827
0 0 38 0.850347 -0.83579 6.69892 -0.639479
0 0 39 -1.9352 1.95052 -3.50702 -0.404193
0 0 40 2.14557 5.44485 -2.17194 0.8526
0 0 41 -0.760373 -3.27078 1.39981 -5.15383
0 0 42 -1.74009 -0.129117 -0.758848 2.5402
0 0 43 1.75534 -2.05396 3.04914 3.12924
0 0 44 -4.21429 -6.76377 3.44143 1.08789
0 0 45 -5.50951 -2.48469 3.67767 1.16659
0 0 46 -3.3093 -4.36915 1.63605 4.03228
0 0 47 -4.52564 3.44328 -0.32755 1.08789
0 0 48 -7.55197 -4.21301 -2.48621 -0.168078
0 0 49 -2.99795 0.0270244 -1.34836 -1.89544
0 0 50 -5.50951 -3.81997 1.32179 2.38362
0 0 51 1.48135 1.40133 2.38161 -0.718184
0 0 52 5.83611 4.42455 1.79209 -3.03377
0 0 53 -2.99795 -3.4673 -3.93832 -4.44714
0 0 54 -8.92191 -7.35333 -5.07833 -2.68084
0 0 55 -0.71886 -3.50634 0.69326 -1.34617
0 0 56 3.4823 -1.97454 0.929499 -2.56319
0 0 57 0.655234 1.28288 -5.03932 -1.38511
0 0 58 0.73411 -7.35333 -4.76407 1.75564
0 0 59 1.0081 -1.26787 -3.93832 2.26598
0 0 60 1.40248 -3.19137 -1.62361 6.07364
0 0 61 -0.129369 -3.62345 -3.8993 2.57997
0 0 62 1.91309 3.95343 -2.21096 1.63716
0 0 63 0.613721 0.577556 -8.2578 -5.46782
0 0 64 0.970736 -1.42536 -3.66523 -3.07353
0 0 65 -0.561109 3.36387 0.181772 -4.13315
0 0 66 3.56117 6.46515 3.7947 -0.364426
0 0 67 -0.0504936 -1.15076 -4.72506 -1.58145
0 0 68 -0.28712 -10.7292 -2.76146 -2.52343
0 0 69 -3.07267 -0.0510461 2.73488 -4.91854
0 0 70 -1.03436 -6.88222 2.89093 -4.48691
0 0 71 -1.1506 -4.84027 3.67767 -5.07595
0 0 72 -0.561109 2.18608 1.51684 -1.14982
0 0 73 1.43984 6.34804 -1.74065 1.16659
0 0 74 2.26595 5.09219 -2.48621 -3.15224
0 0 75 -0.681498 -3.81997 -2.09392 -2.6419
0 0 76 0.970736 0.616591 -0.210515 0.0672081
0 0 77 -0.561109 0.694662 4.26501 3.09031
0 0 78 -4.64603 -2.60314 4.10897 4.62132
0 0 79 -5.46799 2.26549 0.14276 -3.03377
0 0 80 -2.79868 2.97217 -1.97689 -0.639479
0 0 81 1.36096 -1.62188 7.0522 4.62132
0 0 82 2.89281 2.81468 5.7583 6.81926
0 0 83 0.538997 3.71788 2.92994 -0.796061
0 0 84 0.418608 4.0315 -0.32755 -5.82158
0 0 85 -0.992848 0.733697 5.79731 -2.99483
0 0 86 -1.81897 -2.40662 0.929499 0.8526
0 0 87 -4.60452 -6.48917 1.98932 0.812834
0 0 88 -3.35081 -0.561197 -1.38737 0.773896
0 0 89 -2.68244 0.420069 -4.29159 0.420966
0 0 90 -6.45186 -1.77802 7.0522 -4.01551
0 0 91 -4.48828 -3.34885 0.103748 -5.1936
0 0 92 0.812985 -8.17711 -1.38737 -1.58145
0 0 93 3.40342 -2.87774 -5.15635 -0.050435
0 0 94 6.15161 1.754 -9.27861 3.4043
0 0 95 0.576359 -5.86192 -5.07833 -1.3064
0 0 96 1.3236 -2.2101 -3.8993 -0.835827
0 0 97 -0.835097 3.24676 -3.23177 -0.521836
0 0 98 -0.955486 -0.522161 3.01013 1.2453
0 0 99 1.36096 -2.79967 4.6573 -5.11489
0 0 100 4.54089 0.813114 5.36385 0.145913
0 0 101 6.66223 1.24385 -2.56423 -2.28814
0 0 102 15.0645 1.16578 -2.83948 -2.28814
0 0 103 31.0804 8.46806 -5.03932 -1.18876
0 0 104 56.1255 5.13122 -9.35663 -1.97415
0 0 105 84.118 7.44642 -23.4117 -7.824
0 0 106 155.998 11.883 -43.2363 -11.0824
0 0 107 241.072 3.9144 -72.3651 -22.5451
0 0 108 263.136 -12.9677 -115.157 -36.5215
0 0 109 223.014 -41.7824 -129.407 -43.8236
0 0 110 187.171 -75.5439 -90.4645 -44.2155
0 0 111 147.596 -65.6128 -31.459 -35.5795
0 0 112 97.9751 -49.2812 8.77955 -18.0308
0 0 113 51.4552 -34.0885 12.6287 -7.66659
0 0 114 23.7782 -14.027 10.4289 -1.3064
0 0 115 7.56307 -6.60762 6.1896 3.05054
0 0 116 -0.365996 0.0660596 0.222951 4.42498
0 0 117 -2.87756 6.70071 -2.95868 -0.168078
0 0 118 -5.74613 -3.97746 2.73488 -1.66016
0 0 119 -3.19306 -4.01649 -4.60585 -1.46381
0 0 120 -3.93615 -1.11173 -3.07572 -0.992409
0 0 121 -5.23552 -1.85744 -0.563789 -2.79848
0 0 122 -3.86142 -1.54246 0.849308 -0.914532
0 0 123 0.30237 1.32326 -0.836872 0.302494
0 0 124 1.87158 1.83341 3.51945 -0.757122
0 0 125 4.2669 5.68041 1.87012 -4.05444
0 0 126 5.09302 1.59786 1.90913 -2.83825
0 0 127 4.85639 -0.757719 4.06995 3.95357
0 0 128 -1.30835 -0.876171 2.97112 1.28423
0 0 129 -2.76132 4.14996 -2.29115 -2.71977
0 0 130 2.18708 2.85372 -3.46801 -1.54251
0 0 131 3.40342 -0.679649 -0.0913116 -3.42646
0 0 132 3.67741 -2.32855 -1.54559 -3.89786
0 0 133 0.418608 2.57912 -5.27339 -3.85893
0 0 134 1.28209 3.99247 -4.84209 -5.35018
0 0 135 -0.129369 6.15152 2.65686 -3.89786
0 0 136 2.30332 -1.26787 0.339986 -1.26746
0 0 137 0.181981 0.459104 -7.11995 -0.560774
0 0 138 -0.482233 -0.718684 -4.95913 2.18727
0 0 139 -1.89784 -6.37207 0.025724 3.4043
0 0 140 1.24472 -0.0510461 6.69892 2.73655
0 0 141 1.0081 1.40133 6.38466 0.0282699
0 0 142 3.59854 -2.01358 1.79209 -1.34617
0 0 143 -1.62385 3.44328 1.55586 8.42899
0 0 144 0.576359 -3.58441 -5.94093 2.02986
0 0 145 -0.444871 -3.27078 -5.90191 1.40188
0 0 146 1.91309 2.89275 -5.70685 2.38362
0 0 147 0.181981 0.420069 2.06735 0.970244
0 0 148 -0.760373 1.83341 -0.405574 -1.73886
0 0 149 1.55608 -0.876171 -2.36917 -1.97415
0 0 150 5.13038 0.381034 -2.64442 -2.13156
0 0 151 2.41955 -2.8387 -0.288538 -0.285721
0 0 152 5.99386 2.22511 1.43882 0.342261
0 0 153 10.195 -0.679649 2.57667 -1.97415
0 0 154 2.65618 1.98956 -0.995087 1.99092
0 0 155 -0.0504936 2.3826 -2.83948 2.46232
0 0 156 -3.19306 -4.01649 -0.288538 10.0785
0 0 157 -2.01408 6.78013 -7.08094 0.695191
0 0 158 -1.77745 0.106441 -7.276 -1.38511
0 0 159 2.02933 1.16578 6.34565 0.695191
0 0 160 -1.03436 -1.85744 -3.74326 2.5402
0 0 161 -2.36694 -5.11486 0.771284 1.00918
0 0 162 -0.681498 1.91149 3.12717 3.71829
0 0 163 -5.23552 1.24385 -5.3124 1.48058
0 0 164 -1.22947 1.24385 -0.836872 -0.560774
0 0 165 -3.11418 -1.62188 0.222951 1.59823
0 0 166 -5.07777 -3.93842 -7.15896 4.97425
0 0 167 -0.835097 4.97373 0.654249 -2.68084
0 0 168 0.929223 5.79886 5.83633 -1.66016
0 0 169 -0.561109 -1.38632 1.08555 -0.874766
0 0 170 -4.7249 0.381034 -5.50963 2.9329
0 0 171 0.418608 -0.679649 -3.15374 -2.05285
0 0 172 0.181981 -2.95581 -2.0159 -0.757122
0 0 173 -6.60961 -7.54985 -0.32755 2.14833
0 0 174 -3.74104 -3.07426 -3.78227 2.30491
0 0 175 -3.86142 -4.40954 -11.2422 1.51952
0 0 176 -1.9352 -1.11173 3.32439 1.51952
0 0 177 0.929223 -5.27235 -1.74065 1.40188
0 0 178 1.40248 0.341999 -0.171503 -8.17693
0 0 179 4.5824 7.52583 2.22339 -2.83825
0 0 180 1.3236 -1.54246 -0.995087 0.891539
0 0 181 -1.58234 -4.68413 4.54026 -0.207845
0 0 182 4.69864 -2.99619 2.77389 -4.48691
0 0 183 -0.681498 4.77721 -1.54559 -5.58629
0 0 184 -0.444871 3.71788 -1.81867 -4.60455
0 0 185 1.98781 -0.83579 7.48566 2.85419
0 0 186 3.24567 1.00829 9.52728 2.73655
0 0 187 -0.955486 1.3623 5.05175 0.342261
0 0 188 0.771472 7.72236 9.60531 0.538609
0 0 189 -1.97672 2.34357 5.83633 -1.62122
0 0 190 3.20831 0.616591 -1.0341 2.14833
0 0 191 0.223495 1.59786 2.92994 1.04895
0 0 192 4.15066 4.69914 4.46224 -4.3295
0 0 193 0.418608 -2.91677 -2.4472 -2.6419
0 0 194 2.81393 -3.38789 -0.0913116 0.812834
0 0 195 0.929223 -0.129117 4.61829 -0.285721
0 0 196 -0.28712 3.63846 0.968511 -5.1936
0 0 197 -4.29316 -1.97454 1.39981 -1.73886
0 0 198 3.20831 -1.15076 -3.19276 4.18969
0 0 199 -2.60357 2.18608 -0.0522997 -4.09421
0 0 200 -7.6682 -4.01649 -1.54559 3.52194
0 0 201 -1.22947 -0.796754 3.63649 1.99092
0 0 202 -2.68244 -1.46439 0.025724 3.8757
0 0 203 1.08697 1.00829 -3.27295 -0.364426
0 0 204 -2.28807 -2.36759 -0.210515 -1.26746
0 0 205 2.65618 2.3826 -10.3774 -1.38511
0 0 206 2.85545 0.694662 -4.8811 2.30491
0 0 207 -2.84019 5.83789 -1.07311 2.06963
0 0 208 6.1101 4.85663 -3.82128 3.52194
0 0 209 1.24472 0.341999 1.79209 -2.13156
0 0 210 1.12434 5.05181 2.57667 -5.54652
0 0 211 5.48324 4.46358 -3.31196 -1.54251
0 0 212 1.36096 -2.24914 1.12456 3.483
0 0 213 0.0283818 -4.7622 7.13239 -0.364426
0 0 214 -1.85633 -3.15233 6.77911 3.56088
0 0 215 -5.54687 -1.85744 -0.32755 3.75723
0 0 216 -0.249758 5.32774 1.43882 3.75723
0 0 217 3.9514 -4.7622 1.08555 0.538609
0 0 218 4.18803 -2.99619 3.01013 -4.29056
