0 0 0 0.0687708
0 0 1 -0.157283
0 0 2 0.136319
0 0 3 -0.0777687
0 0 4 -0.16088
0 0 5 -0.028726
0 0 6 0.258926
0 0 7 -0.0956856
0 0 8 0.333078
0 0 9 0.381532
0 0 10 0.285213
0 0 11 -0.172846
0 0 12 0.108855
0 0 13 0.214656
0 0 14 0.0813258
0 0 15 0.197917
0 0 16 -0.137535
0 0 17 0.141746
0 0 18 0.432929
0 0 19 0.0932922
0 0 20 0.645251
0 0 21 1.52612
0 0 22 1.96627
0 0 23 2.5487
0 0 24 3.08097
0 0 25 3.49058
0 0 26 3.47384
0 0 27 3.68492
0 0 28 3.83806
0 0 29 3.64908
0 0 30 3.56355
0 0 31 3.15866
0 0 32 2.30714
0 0 33 1.81613
0 0 34 1.12665
0 0 35 1.25044
0 0 36 0.214656
0 0 37 0.533434
0 0 38 0.19432
0 0 39 0.235581
0 0 40 0.266119
0 0 41 -0.332529
0 0 42 -0.0293145
0 0 43 0.252975
0 0 44 -0.0508279
0 0 45 -0.194948
0 0 46 0.0621664
0 0 47 0.0944692
0 0 48 0.049023
0 0 49 -0.334883
0 0 50 0.0992427
0 0 51 0.00952728
0 0 52 -0.352212
0 0 53 -0.163234
0 0 54 -0.142309
0 0 55 0.342037
0 0 56 -0.323505
0 0 57 -0.0418695
0 0 58 0.0526195
0 0 59 0.281682
0 0 60 -0.19436
0 0 61 -0.129165
0 0 62 -0.0113976
0 0 63 0.0807373
0 0 64 -0.0550129
0 0 65 0.134553
0 0 66 -0.429961
0 0 67 0.171041
0 0 68 0.226623
0 0 69 0.102839
0 0 70 0.00893877
0 0 71 -0.0783572
0 0 72 -0.0430465
0 0 73 0.297833
0 0 74 -0.447289
0 0 75 0.00952728
0 0 76 -0.124392
0 0 77 0.0843337
0 0 78 0.241009
0 0 79 0.0269211
0 0 80 -0.0574323
0 0 81 0.0855107
0 0 82 0.173984
0 0 83 -0.132173
0 0 84 0.00298825
0 0 85 -0.307419
0 0 86 0.142335
0 0 87 -0.179385
0 0 88 -0.04782
0 0 89 -0.00361616
0 0 90 0.0879302
0 0 91 0.238589
0 0 92 0.0717788
0 0 93 0.0657629
0 0 94 0.211714
0 0 95 0.0209052
0 0 96 0.108201
0 0 97 0.253564
0 0 98 -0.027549
0 0 99 -0.0215331
0 0 100 0.0634088
0 0 101 0.0496115
0 0 102 -0.361235
0 0 103 0.13815
0 0 104 0.0424186
0 0 105 -0.0890812
0 0 106 0.00115733
0 0 107 0.205698
0 0 108 0.0807373
0 0 109 0.278085
0 0 110 -0.222477
0 0 111 -1.96968e-05
0 0 112 -0.0310801
0 0 113 0.0155432
0 0 114 0.039476
0 0 115 -0.385757
0 0 116 0.0256787
0 0 117 0.0113582
0 0 118 -0.043635
0 0 119 -0.12498
0 0 120 -0.116611
0 0 121 0.194974
0 0 122 -0.251772
0 0 123 -0.279301
0 0 124 0.0424186
0 0 125 0.189547
0 0 126 -0.194948
0 0 127 0.175815
0 0 128 0.0167202
0 0 129 0.157244
0 0 130 -0.134593
0 0 131 -0.131585
0 0 132 -0.172846
0 0 133 0.294825
0 0 134 0.168622
0 0 135 0.289398
0 0 136 -0.0281375
0 0 137 -0.316966
0 0 138 0.19674
0 0 139 0.182354
0 0 140 -0.028726
0 0 141 0.337852
0 0 142 -0.0376845
0 0 143 0.0454265
0 0 144 -0.038273
0 0 145 0.0980657
0 0 146 -0.180628
0 0 147 -0.26315
0 0 148 0.204521
0 0 149 -0.149502
0 0 150 0.165614
0 0 151 -0.171015
0 0 152 0.362962
0 0 153 0.0454265
0 0 154 -0.235621
0 0 155 0.0263326
0 0 156 0.345633
0 0 157 0.313919
0 0 158 -0.0956856
0 0 159 0.249379
0 0 160 0.53703
0 0 161 0.203344
0 0 162 0.224857
0 0 163 0.0669399
0 0 164 -0.0304916
0 0 165 0.039476
0 0 166 0.3217
0 0 167 0.337263
0 0 168 0.137561
0 0 169 0.0250902
0 0 170 0.0765523
0 0 171 0.186539
0 0 172 0.208117
0 0 173 0.101662
0 0 174 -0.115433
0 0 175 -0.209922
0 0 176 -0.374379
0 0 177 -0.0783572
0 0 178 0.348641
0 0 179 0.29901
0 0 180 -0.00237375
0 0 181 0.0813258
0 0 182 0.100485
0 0 183 0.234993
0 0 184 0.366558
0 0 185 0.385129
0 0 186 -0.0837192
0 0 187 -0.0729952
0 0 188 0.260103
0 0 189 0.252321
0 0 190 0.0645859
0 0 191 0.29901
0 0 192 -0.134593
0 0 193 0.111798
0 0 194 -0.0310801
0 0 195 0.0334601
0 0 196 -0.024541
0 0 197 -0.194948
0 0 198 0.49093
0 0 199 0.0233246
0 0 200 0.264942
0 0 201 0.157898
0 0 202 0.183596
0 0 203 -0.376733
0 0 204 0.216487
0 0 205 0.200925
0 0 206 0.0239131
0 0 207 -0.0412809
0 0 208 0.0305176
0 0 209 0.0621664
0 0 210 -0.134593
0 0 211 0.0292751
0 0 212 0.218253
0 0 213 0.130368
0 0 214 0.0723673
0 0 215 -0.034088
0 0 216 0.116571
0 0 217 -0.157283
0 0 218 -0.229016
0 0 219 0.0885187
0 0 220 0.0418301
0 0 221 -0.0113976
0 0 222 0.0872763
0 0 223 0.0663514
0 0 224 -0.00178523
0 0 225 0.325297
0 0 226 0.153059
0 0 227 0.0789063
0 0 228 0.169799
0 0 229 -0.029903
0 0 230 -0.392296
0 0 231 -0.0191136
0 0 232 -0.126157
0 0 233 0.114806
0 0 234 0.0765523
0 0 235 0.0125352
0 0 236 0.0573929
0 0 237 -0.0514164
0 0 238 0.0693594
0 0 239 0.125006
0 0 240 -0.0807113
0 0 241 -0.241637
0 0 242 -0.0448774
0 0 243 -0.0376845
0 0 244 0.216487
0 0 245 0.039476
0 0 246 -0.104056
0 0 247 0.191966
0 0 248 0.142923
0 0 249 0.376759
0 0 250 -0.0526588
0 0 251 -0.205149
0 0 252 -0.311604
0 0 253 -0.174612
0 0 254 0.228454
0 0 255 -0.0652138
