0 0 0 0.000448907 -0.000410404 -0.0010602 -0.00188014
0 0 1 -0.00180023 -0.000200113 0.00163969 0.000879741
0 0 2 0.000318883 0.00074977 0.00219978 -0.0013602
0 0 3 0.00574945 0.000529781 7.98034e-05 0.00130992
0 0 4 0.00199951 0.00149957 6.97117e-05 0.0025399
0 0 5 0.00140887 0.000919738 -0.00103028 -0.00274014
0 0 6 -0.000501373 -0.000470122 0.000929668 2.99504e-05
0 0 7 -6.42926e-07 -1.02384e-05 0.00159968 -8.02337e-05
0 0 8 0.00129959 8.98029e-05 0.00158995 0.000329876
0 0 9 -0.000400397 0.00202989 0.000549788 -0.000890245
0 0 10 -0.000690875 -0.00141031 -0.00308034 -0.000920168
0 0 11 0.00186949 0.00079979 0.000779734 -0.00135034
0 0 12 -6.42926e-07 0.000509874 0.000139633 0.00100999
0 0 13 -0.000981354 0.00298998 -0.00107029 -0.000490344
0 0 14 -0.000201211 0.000299584 0.00198966 0.000179913
0 0 15 -0.000201211 0.000669634 -0.00136006 -0.000520266
0 0 16 -0.000230259 -0.00115 -0.000940178 -0.00170026
0 0 17 0.000309201 -0.000870288 -0.000420096 -0.000590319
0 0 18 -0.000430828 0.00108971 -0.00219011 0.00246984
0 0 19 -0.000820899 0.00342996 0.00174998 0.000949794
0 0 20 0.0014393 0.0015797 -0.000140051 -0.000600176
0 0 21 -0.000340918 7.95946e-05 -0.00168012 0.000429852
0 0 22 0.000888775 -0.000630393 -0.000970093 -0.000590319
0 0 23 -0.00163009 -0.00192021 -0.000710232 0.00238993
0 0 24 0.00127885 0.000139824 -0.000210333 -0.000420291
0 0 25 0.000729703 0.000179636 -0.00336002 0.00100999
0 0 26 0.000739386 0.00213963 0.00151967 -0.0018203
0 0 27 0.00238958 0.000339906 -0.00205026 -0.000540332
0 0 28 0.00121937 0.000539989 0.00213995 0.00128985
0 0 29 4.91534e-05 0.000629822 -0.00135033 0.0012198
0 0 30 0.00179894 -0.00252046 -0.00112003 -5.03115e-05
0 0 31 0.000969002 0.000399625 -0.00138025 7.9938e-05
0 0 32 0.00132864 -0.00127045 0.0017698 0.0016197
0 0 33 0.000249722 -0.00135008 -0.000640311 -0.000490344
0 0 34 0.000108632 -0.000950423 -0.0005102 -0.00152002
0 0 35 0.00136876 -0.000730434 0.000839924 0.00265994
0 0 36 0.000559566 0.000249563 -9.03137e-05 4.96638e-05
0 0 37 0.000509769 0.00175988 -0.00185023 -0.00267009
0 0 38 0.00159976 0.000599708 0.00100968 -0.000500201
0 0 39 -0.00138111 -0.000300154 -0.000340083 0.000689999
0 0 40 0.00325963 0.00171956 0.00160978 -0.000420291
0 0 41 -0.000400397 0.000779884 -3.0124e-05 0.000739987
0 0 42 0.00168967 0.00459983 -0.00150027 0.000359799
0 0 43 0.00259983 0.000809999 -0.00157019 -0.000780061
0 0 44 0.00297884 0.00101978 0.000109718 -0.000500201
0 0 45 0.000699272 -0.00149044 -0.0022503 -0.000980012
0 0 46 0.00132864 -0.000460424 -0.0016502 -0.00310026
0 0 47 0.00121937 0.00226979 -0.00152009 0.000749843
0 0 48 -0.000610648 0.00117954 -0.00191006 7.9938e-05
0 0 49 -0.000270373 -0.000770246 -0.00108002 0.000549893
0 0 50 -0.00127045 0.00220956 -0.000780153 0.00180979
0 0 51 -0.00175043 -0.000240436 -0.00125014 -0.00201004
0 0 52 0.000119698 -0.000530351 0.000739728 0.000339733
0 0 53 -0.00183066 0.000409833 0.000349756 -0.000750139
0 0 54 -0.00199111 -0.000410404 -0.00230003 -0.0022202
0 0 55 0.000708955 -3.01446e-05 0.000139633 0.0016197
0 0 56 0.00106998 -0.000450216 -0.00169021 -0.00066002
0 0 57 0.000639793 -0.000330269 0.000389762 0.00277998
0 0 58 0.000269087 -0.000690111 -0.0032901 0.00129971
0 0 59 -0.00071024 -0.000340477 0.000739728 0.00186999
0 0 60 0.000519452 -0.00011028 0.00143966 -0.000120013
0 0 61 0.00163987 -0.00156037 0.000529965 0.000139782
0 0 62 0.00233978 0.00125967 -0.000590213 -0.000780061
0 0 63 0.000909523 -0.000830475 0.00049969 0.00273985
0 0 64 -0.00198005 -0.00101014 0.00011981 0.00127999
0 0 65 0.0019096 -0.00185028 -5.03074e-05 0.00129971
0 0 66 -0.00235075 0.00122956 -0.000150143 0.00239979
0 0 67 0.0016288 -0.000680413 -0.000970093 -0.00157001
0 0 68 -0.00297044 0.000929946 0.000289927 0.000319668
0 0 69 0.00118894 0.000969758 -4.02157e-05 0.00144967
0 0 70 0.000769817 0.00179 -0.00109011 0.000289745
0 0 71 -0.00164115 0.000769676 0.000699721 0.000319668
0 0 72 0.00136876 -0.000330269 0.000679898 0.00026968
0 0 73 -0.000930174 0.00108971 -0.00149018 -0.00266023
0 0 74 -0.00111138 0.00323957 -5.03074e-05 0.00190977
0 0 75 -0.00094124 -0.000970329 0.000609978 0.000139782
0 0 76 0.00104923 0.000199542 -0.000630219 -0.00158022
0 0 77 0.00192896 0.00115963 -0.00118022 -0.000800127
0 0 78 -0.00294001 0.00020975 0.000349756 -0.000650164
0 0 79 0.000379746 -0.00115 -0.00118022 -0.0010902
0 0 80 -0.000161098 -0.00106016 -0.00451011 -0.00124016
0 0 81 -0.00169095 -0.00102035 0.000239829 0.00105998
0 0 82 -0.00116117 0.00036951 -0.0011002 -0.000310107
0 0 83 -0.000771103 -3.01446e-05 -0.0015601 0.00227975
0 0 84 2.97882e-05 -0.0011403 -0.000240247 -2.00373e-05
0 0 85 -0.00141016 -0.000350175 -0.000110137 0.00147995
0 0 86 0.0018598 -0.00123013 0.000359848 -0.000340029
0 0 87 -0.000490307 -0.000260342 -0.0010101 -0.00087018
0 0 88 0.00208942 0.000999873 0.000869839 0.000389721
0 0 89 0.000179177 -0.000760038 -0.00238005 -0.000750139
0 0 90 0.00307981 0.000169938 0.00234971 -0.000850114
0 0 91 0.00122905 -0.00070032 -0.00151036 -0.0010902
0 0 92 0.00231904 0.00137962 -0.000160235 -0.000590319
0 0 93 -0.00328028 -0.00176045 -0.000860166 0.00096986
0 0 94 -0.000390714 0.000379719 0.00011981 -0.00162035
0 0 95 -0.00156093 -0.000610486 -2.0933e-07 -0.00017
0 0 96 0.00118894 0.000199542 0.00068963 -0.000640307
0 0 97 -0.00107126 -0.000500237 -0.000730055 -0.000510057
0 0 98 0.000199926 0.00395977 0.00192983 -0.000410082
0 0 99 0.000829296 0.000409833 0.000829832 -6.01683e-05
0 0 100 0.00187917 -0.000840173 -0.00194034 -0.00135034
0 0 101 0.000259405 -0.00111018 -0.00104037 -0.000840258
0 0 102 -0.000111301 0.000899832 0.000609978 0.000789974
0 0 103 0.00291936 0.00187983 -0.00137016 -0.000190066
0 0 104 -0.00236044 -0.00169001 0.00102986 0.000699856
0 0 105 -0.000300804 0.00146997 0.00132973 0.00010986
0 0 106 0.00187917 0.000669634 -0.000650042 0.00117967
0 0 107 0.000589997 0.00237952 -0.000970093 0.00128985
0 0 108 -0.000300804 0.00148987 0.00155968 -0.00103
0 0 109 0.000169494 -0.00224024 -4.02157e-05 -0.00148024
0 0 110 0.00104923 -0.000580372 0.00154995 0.00269971
0 0 111 -0.00017078 0.000579801 -4.02157e-05 0.00137997
0 0 112 -0.000570534 -0.0009101 -0.000650042 0.00183972
0 0 113 0.000199926 0.00145976 0.000409946 0.00115995
0 0 114 0.000179177 -0.000710017 -0.000350175 0.000619946
0 0 115 -0.00193025 0.00188953 -0.00271019 0.000169705
0 0 116 0.000819613 9.95008e-05 0.00107996 0.000549893
0 0 117 0.000269087 -0.00011028 0.00180981 -0.000760348
0 0 118 -0.00155124 -0.000260342 0.000139633 0.000219692
0 0 119 -0.00133131 -0.000450216 0.00148976 0.00144967
0 0 120 0.00120968 -0.00155016 -0.00145017 -0.000190066
0 0 121 0.000848661 -3.01446e-05 0.00270977 0.00172988
0 0 122 -0.00206027 -0.00115 -0.000820159 -0.000730074
0 0 123 -0.00223041 0.000449646 7.98034e-05 -0.00218007
0 0 124 -0.00053042 0.00121986 0.00224988 -0.00140033
0 0 125 -0.00150007 -0.00115 -0.00356005 -0.00171011
0 0 126 6.99019e-05 -0.00224024 -0.000370358 -0.00143025
0 0 127 0.000329949 0.00245966 0.00228988 -0.00164006
0 0 128 -0.00313089 -0.000120488 -0.0011002 -0.00181009
0 0 129 -0.000750354 -0.000890194 -0.00141016 -0.000760348
0 0 130 -0.00128013 -0.000840173 -0.000640311 0.000719921
0 0 131 -0.000490307 0.00063952 0.000369939 -6.01683e-05
0 0 132 -0.000760037 0.00020975 0.00102986 0.000100004
0 0 133 -0.00236044 0.00074977 -0.000160235 -0.000970155
0 0 134 -0.00235075 0.00140974 0.00111997 -0.00100008
0 0 135 -0.00284042 -0.00281038 -0.0011103 7.9938e-05
0 0 136 0.00122905 0.000909529 -0.000480285 0.00270992
0 0 137 -0.000241325 0.00020975 0.00114988 -0.000730074
0 0 138 -0.00171032 -0.000500237 0.0006298 0.00169996
0 0 139 0.000848661 -0.00132047 -0.00201026 -0.00101029
0 0 140 -0.00175043 0.000839603 -0.000430187 -0.000140078
0 0 141 0.00229967 0.0013 -0.00211009 -0.00141019
0 0 142 -0.00026069 -0.00170022 -0.000980185 0.00106983
0 0 143 -0.000371349 -0.00245002 -0.000100045 0.00228996
0 0 144 -0.000970288 0.00201968 -0.000300077 -0.00106027
0 0 145 -0.000220577 -0.00121022 -0.000670225 -0.000450213
0 0 146 -0.00173106 -0.00192021 3.9797e-05 -7.0025e-05
0 0 147 -0.00149038 0.00596978 -0.000530023 0.0010297
0 0 148 -0.00447125 0.00142964 0.000569971 -0.00171011
0 0 149 0.00098975 0.00186962 0.00148976 0.00158978
0 0 150 -0.000870695 0.000679843 -0.000720324 -0.00379023
0 0 151 -0.00188045 0.00143985 0.000349756 -0.00334035
0 0 152 -0.00117086 -0.000940215 0.00131964 0.00126979
0 0 153 0.000959319 -0.00247044 -0.00251016 0.000309811
0 0 154 9.89497e-05 0.00169965 -0.000470194 0.00241
0 0 155 0.000819613 0.0015598 0.000419677 -0.0014901
0 0 156 -1.03255e-05 -0.00329017 -0.00196016 -0.000980012
0 0 157 0.00205899 0.00108971 0.00160978 -0.000560045
0 0 158 -0.000950923 -2.04467e-05 -0.0005102 -0.000700151
0 0 159 0.00201887 -0.000520143 0.00356973 0.000259823
0 0 160 -0.000381031 0.000189844 0.000559879 -0.000680086
0 0 161 0.00220976 -0.0013904 -0.000550206 0.00370968
0 0 162 -0.000660444 -0.000760038 0.00170997 0.00109976
0 0 163 -0.000490307 0.0013296 -0.00102019 -0.00095009
0 0 164 -0.000320169 0.000349604 -1.0301e-05 -0.00154009
0 0 165 0.000299518 -1.02384e-05 -0.00195007 -8.02337e-05
0 0 166 -0.00189014 0.0020697 -0.00202035 0.000299954
0 0 167 0.000578931 0.00179969 0.00116971 -0.00242015
0 0 168 -0.000750354 -0.00154046 -4.02157e-05 -0.00138027
0 0 169 7.95845e-05 -0.00170022 -0.00124005 -0.000100299
0 0 170 -0.00111138 0.000459854 0.0012699 -0.000350238
0 0 171 -0.000241325 -0.000440008 -0.00150027 -0.00278027
0 0 172 -0.00071024 -0.00112039 0.00197992 -0.00141019
0 0 173 -7.11877e-05 -0.00169001 -0.00070014 -0.000500201
0 0 174 -0.00227053 -0.000100071 0.000129901 -0.000320315
0 0 175 0.000209608 8.98029e-05 -0.000730055 -0.000280184
0 0 176 -6.42926e-07 0.00167975 0.00115997 0.00088995
0 0 177 0.000379746 0.00105959 0.00170997 -0.00017
0 0 178 -0.000660444 0.000739561 -0.00118022 0.000999782
0 0 179 -0.000610648 0.000249563 -0.00123031 -3.23864e-07
0 0 180 -0.000371349 0.000189844 -0.00188015 -0.000440004
0 0 181 0.000928888 -0.00109028 0.000239829 0.000579815
0 0 182 0.00208942 -0.00270013 0.000839924 -0.00095009
0 0 183 -0.00232032 0.000509874 -0.00197025 -0.000430148
0 0 184 0.0010188 0.000149521 -0.000370358 -0.000970155
0 0 185 0.000969002 -0.000550258 0.000769642 0.00112968
0 0 186 0.00117925 -2.04467e-05 -0.000800336 0.00212979
0 0 187 0.000489021 -0.00105046 0.00113979 0.000299954
0 0 188 0.00136876 -0.00169001 0.000789826 0.000739987
0 0 189 -0.00248078 -0.000820267 6.97117e-05 0.000299954
0 0 190 0.00339934 9.66777e-06 0.00143966 -0.000120013
0 0 191 0.000209608 -0.000420102 -0.00228021 0.000459774
0 0 192 0.000578931 -0.000140394 0.000759911 0.00179994
0 0 193 0.00222913 -0.00132047 -0.00208018 -0.00113033
0 0 194 -6.42926e-07 -3.01446e-05 -0.000250339 0.00295001
0 0 195 0.00231904 -0.000200113 -0.00140007 0.000789974
0 0 196 0.00109903 0.00079979 -0.00132006 -0.000700151
0 0 197 -0.00157061 0.000519572 -0.000960362 -0.000750139
0 0 198 -0.000730989 -0.000740132 0.000739728 0.000509762
0 0 199 0.000838978 -0.00200035 -0.000270162 0.000779766
0 0 200 0.0012 -0.000950423 -0.00105011 -0.00246028
0 0 201 1.87223e-05 0.00197987 -0.00070014 0.00246984
0 0 202 0.00168967 0.00168995 -2.00323e-05 -0.000330172
0 0 203 0.000469656 0.00105959 -0.00112003 0.00112968
0 0 204 -0.000320169 0.000569593 -7.01303e-05 0.00211993
0 0 205 0.000699272 0.000289886 -0.000630219 0.0013497
0 0 206 -0.00107126 -0.000760038 -0.00089008 -3.23864e-07
0 0 207 -0.000910809 0.000829905 -0.00108002 0.000879741
0 0 208 0.000309201 -0.00255006 0.000949851 0.00303977
0 0 209 -0.00360119 -0.000570164 -0.000670225 -6.01683e-05
0 0 210 0.000489021 0.000519572 -0.000160235 0.00110997
0 0 211 -0.00164115 0.00183951 0.000319841 0.00051997
0 0 212 -0.00157061 -0.00127045 0.00011981 0.000849819
0 0 213 0.000769817 0.000509874 0.000259652 -0.00119017
0 0 214 -0.00127045 -0.000250133 -0.00175004 -0.000800127
0 0 215 0.00164955 0.000909529 -0.000640311 -0.000250262
0 0 216 0.000859727 0.00020975 0.000909845 -0.00186008
0 0 217 -0.00017078 9.95008e-05 0.0017197 0.000239758
0 0 218 0.00177958 -5.00508e-05 -0.00176013 -0.000730074
0 0 219 0.00351968 -0.00171043 -0.000580121 -0.000110156
0 0 220 0.0019096 -0.000169998 0.000389762 0.00126979
0 0 221 -0.000331235 -0.000290456 -0.000310168 1.97416e-05
0 0 222 0.00311993 0.00228969 0.000609978 1.97416e-05
0 0 223 0.000859727 0.00236983 0.00213995 -0.00126022
0 0 224 0.000489021 -0.00154046 -0.000160235 0.00172988
0 0 225 -0.000520738 -0.000370081 -0.000640311 0.00107969
0 0 226 -0.000210894 0.00115963 -0.000840343 0.000379864
0 0 227 0.00108934 0.00201968 0.00203975 -0.000350238
0 0 228 0.000589997 -0.000370081 0.00195974 0.000539684
0 0 229 -0.00126077 -0.00289 -0.00118022 -0.00017
0 0 230 -0.000120984 0.00157001 -0.000660134 2.99504e-05
0 0 231 0.00177958 0.00074977 -0.00118022 -0.000140078
0 0 232 0.000309201 -0.000130186 -0.00180013 -0.00038016
0 0 233 0.0014891 0.000579801 0.000779734 0.000409786
0 0 234 -0.00158029 4.99906e-05 -0.000610036 0.000719921
0 0 235 -0.000730989 0.000619614 0.00101977 0.000929729
0 0 236 -0.000580217 0.00258982 0.00130991 -0.000760348
0 0 237 0.00098975 -0.000680413 0.000989858 0.000569958
0 0 238 0.000619045 -0.00196002 0.000969674 -0.000240054
0 0 239 0.00163987 0.00036951 0.00379967 0.000639659
0 0 240 -0.00254026 -0.00194012 -0.000440279 -0.00178017
0 0 241 -0.00188045 -0.00185028 1.9974e-05 0.000349942
0 0 242 0.000469656 0.000149521 0.000139633 0.00141975
0 0 243 -0.00125108 0.000449646 0.00113979 0.00119973
0 0 244 -0.00071024 -0.0018901 0.00110988 -0.00164006
0 0 245 -0.00216125 -1.02384e-05 0.00116971 0.000539684
0 0 246 0.000299518 0.00139953 -0.0011103 0.00286974
0 0 247 -0.000591283 -0.000520143 -0.00032026 0.00126979
0 0 248 0.00104923 0.000739561 0.00024992 0.00410993
0 0 249 0.000569248 0.000699749 0.00135965 -0.000560045
0 0 250 -0.000551169 -0.0001603 -0.00114021 0.000859675
0 0 251 -0.000220577 -0.0011602 -0.00109011 0.000489696
0 0 252 -0.000660444 -0.000100071 0.00178962 -0.00157001
0 0 253 0.000859727 -0.00105046 -0.00032026 0.00297993
0 0 254 -0.00175043 0.00124998 0.000909845 0.0012198
0 0 255 0.00133971 0.00236983 0.00115997 -0.00219028
0 0 256 0.00110871 -0.000140394 -0.00258008 -0.00122009
0 0 257 -0.0015305 -0.000400195 0.000239829 -0.000890245
0 0 258 -0.00126077 0.00119996 0.00115997 0.000389721
0 0 259 -0.000750354 -0.000659997 0.00242973 -0.00221034
0 0 260 -0.000970288 -0.00129036 -0.00332002 0.00120994
0 0 261 0.000649476 8.98029e-05 -0.000690048 -0.00106027
0 0 262 0.000439225 -0.00133017 0.00375967 -0.00278027
0 0 263 -0.000310487 -3.01446e-05 -0.000600304 -0.000440004
0 0 264 -0.000790468 0.00146997 -0.0005102 0.00289967
0 0 265 0.0016288 -0.00182017 -0.00100037 0.000879741
0 0 266 0.00461935 0.000309792 3.9797e-05 0.000139782
0 0 267 0.000739386 -0.00143021 0.00282979 1.97416e-05
0 0 268 0.00150985 -0.00059007 -0.000140051 0.0016197
0 0 269 -0.00109063 9.95008e-05 -0.000270162 -0.000550188
0 0 270 0.00123873 0.000899832 0.000729636 -0.00126022
0 0 271 -0.00111138 -0.000370081 -0.000460102 -0.0013602
0 0 272 -0.000310487 -0.000540049 -0.000150143 -0.000120013
0 0 273 0.0012498 -0.00177015 3.9797e-05 -0.00223006
0 0 274 -0.0030313 0.000449646 0.00114988 0.000529827
0 0 275 0.00132864 -6.02591e-05 0.00087993 0.000459774
0 0 276 0.00517956 -0.00125004 0.00107996 -0.00229025
0 0 277 0.00206867 -0.000410404 -0.00126023 -0.000890245
0 0 278 0.00241863 -0.0021305 4.98887e-05 -0.000850114
0 0 279 0.000578931 0.00167975 -0.00118022 0.00133984
0 0 280 0.000309201 0.000179636 -0.0015601 0.000919872
0 0 281 -0.000270373 -0.00109028 0.000639892 -0.00087018
0 0 282 -0.000790468 0.00268986 0.000739728 -0.00303021
0 0 283 0.00140887 0.000909529 0.000109718 -0.00165027
0 0 284 -0.00139079 0.00133981 0.000429769 -0.00106027
0 0 285 -0.000410079 -0.00059007 -0.000680317 0.00258988
0 0 286 0.00254865 -0.000250133 0.00283988 -0.0020903
0 0 287 0.000469656 0.00160982 1.9974e-05 0.00177987
0 0 288 -0.00319037 0.000189844 0.00138992 0.00372974
0 0 289 0.000969002 -0.00244032 -0.000160235 -0.00111026
0 0 290 -0.000501373 -0.000420102 -2.00323e-05 0.000249967
0 0 291 0.0012 0.000809999 0.00327995 -0.00144011
0 0 292 0.000408793 0.000239865 0.000559879 -0.00245007
0 0 293 -0.000991036 -0.00032006 -0.00328037 -0.000620242
0 0 294 0.000448907 -0.00181047 -0.000530023 0.000299954
0 0 295 -0.00293033 0.000139824 0.000459683 -0.000840258
0 0 296 -0.00146133 0.000549687 -0.000400273 4.96638e-05
0 0 297 -0.00125108 -0.000380289 0.00137983 0.00401981
0 0 298 0.000379746 -0.000260342 -0.00155037 -0.000780061
0 0 299 0.000909523 0.000529781 -0.000670225 0.000429852
0 0 300 -0.00116117 0.00133981 -2.0933e-07 0.000499905
0 0 301 -0.00293033 0.000889623 -0.00104037 0.00105998
0 0 302 0.000609362 0.00282001 -0.000100045 0.000459774
0 0 303 0.00106998 0.00130969 -0.000570029 6.97293e-05
0 0 304 0.000169494 -0.000180207 -2.00323e-05 0.00282996
0 0 305 -0.00227053 0.000659937 -0.00283021 -3.02461e-05
0 0 306 0.00284881 0.0028098 0.000109718 0.000299954
0 0 307 -0.000421145 6.98967e-05 -0.000850074 -0.00139012
0 0 308 -0.00103115 -0.000810059 0.000769642 -0.000320315
0 0 309 0.00238958 0.000649728 -0.000850074 0.00143981
0 0 310 -0.000280056 0.00283992 -8.0222e-05 5.98726e-05
0 0 311 -0.00115011 -0.00261029 -0.000650042 0.00211993
0 0 312 0.00227892 0.0042798 0.000449952 -0.000540332
0 0 313 0.00117925 0.00161952 -0.00132006 -0.00201004
0 0 314 0.00232872 -0.00121022 -0.00278011 -0.000820192
0 0 315 -0.000551169 0.00147966 0.000459683 -0.00143025
0 0 316 0.000498704 0.000229657 -0.00121013 0.000469983
0 0 317 -0.000111301 0.00197987 -0.00470005 0.000149991
0 0 318 0.00111977 0.00153989 0.00278978 -0.00246028
0 0 319 0.000448907 0.00110961 0.000929668 0.000989925
0 0 320 0.00122905 -0.000720226 -0.00239014 -4.01028e-05
0 0 321 -0.00163009 0.000409833 0.00162996 0.000259823
0 0 322 -0.000390714 -0.00142 7.98034e-05 0.00018977
0 0 323 0.0012 -0.000830475 0.00220987 0.0030799
0 0 324 -0.00188045 -0.0013904 -0.00116003 -0.00066002
0 0 325 0.000628727 -0.000480331 -0.000280254 -0.000280184
0 0 326 -0.00121097 0.000389927 8.9895e-05 -0.00159007
0 0 327 -0.00112106 -5.00508e-05 -0.000820159 -0.00105007
0 0 328 0.00306875 -0.00343002 -0.00197025 0.00124972
0 0 329 0.00217933 -0.000400195 -0.000380089 -0.00246028
0 0 330 0.00098975 3.97823e-05 -0.000550206 -0.000310107
0 0 331 0.00336891 -0.000830475 -0.000570029 0.00295986
0 0 332 0.00089984 0.000559895 0.000829832 0.00156971
0 0 333 0.000318883 0.000289886 -0.00117012 0.000469983
0 0 334 -0.00147102 0.00169965 0.00145984 -0.00306013
0 0 335 0.00248917 0.000429739 0.00115997 -0.00153023
0 0 336 -0.000140349 -5.00508e-05 -0.00301006 -0.00125002
0 0 337 0.000219291 0.000919738 -0.000790244 0.000409786
0 0 338 0.000289836 0.00112952 -0.00159037 0.0033397
0 0 339 0.000949637 0.00148987 0.00106987 0.000549893
0 0 340 -0.00121097 0.000909529 -0.000550206 0.000729778
0 0 341 -0.00188045 -3.01145e-08 0.000229737 0.000569958
0 0 342 0.00123873 0.000469552 0.00381986 -0.0024902
0 0 343 -0.00213082 -0.00127045 0.000899753 -0.000330172
0 0 344 0.00121937 0.00117954 -0.00209027 -0.00030025
0 0 345 0.00154996 -0.00167011 -0.00331028 -0.00038016
0 0 346 0.000978685 0.000809999 0.000979766 -4.01028e-05
0 0 347 0.000339632 -0.0011602 -0.00176013 -0.00192027
0 0 348 -0.00128013 0.000119917 0.000139633 0.00257967
0 0 349 -0.0014807 0.00079979 -0.00032026 -0.00132007
0 0 350 -0.0012912 0.0018196 -0.00140007 0.000159848
0 0 351 0.000569248 0.00186962 0.00160978 0.00268
0 0 352 -0.000120984 0.00161952 0.00305974 -0.000580111
0 0 353 -0.000700558 -0.00115 -0.000470194 -0.000560045
0 0 354 -8.08703e-05 -0.000760038 -0.00179004 3.98071e-05
0 0 355 3.94708e-05 0.00138983 0.000799918 0.00010986
0 0 356 -0.000100236 9.66777e-06 -0.000180058 0.00145988
0 0 357 0.000148746 -0.000380289 -0.000670225 -0.00139012
0 0 358 0.000379746 -0.00267001 0.000799918 -0.00248035
0 0 359 0.00228999 0.00208961 0.000579702 0.00192983
0 0 360 0.00189992 -0.00179006 0.00157986 -0.000820192
0 0 361 -0.00173106 -5.00508e-05 0.00107996 0.000379864
0 0 362 0.00147941 -0.00227036 0.000319841 0.00124972
0 0 363 0.00172978 -5.00508e-05 -0.00116003 0.000169705
0 0 364 -0.000291121 -0.000580372 0.00074982 0.0014898
0 0 365 0.00135907 0.000549687 0.000259652 -0.000140078
0 0 366 -3.1074e-05 -0.000470122 0.0016797 -0.00239023
0 0 367 0.000789182 -0.000560466 0.000369939 -0.00201004
0 0 368 0.00260951 0.000579801 0.00205994 -0.000600176
0 0 369 9.89497e-05 -0.000610486 4.98887e-05 0.000709712
0 0 370 0.0013895 -0.000440008 -0.000430187 -0.00101029
0 0 371 0.00429982 0.00102999 -0.000780153 0.0016799
0 0 372 -0.00141016 0.00074977 0.000949851 -0.00188014
0 0 373 4.91534e-05 0.00142964 0.00256993 -0.00107013
0 0 374 0.000289836 -0.00379037 -0.000670225 0.000359799
0 0 375 0.000199926 -1.02384e-05 -0.000590213 0.00018977
0 0 376 -0.000960605 -0.00145012 0.000219645 0.000949794
0 0 377 0.00254865 -0.00190031 -0.000620127 0.000469983
0 0 378 0.00165923 0.00236983 -0.00153018 0.00139968
0 0 379 0.000238656 0.000449646 1.9974e-05 0.00096986
0 0 380 -0.00159136 0.0018099 -0.00175004 1.97416e-05
0 0 381 0.000479338 0.00223967 0.000109718 -0.000370303
0 0 382 0.00131896 0.00234992 0.00172979 0.000349942
0 0 383 -6.01219e-05 -0.000640091 0.000999949 0.00199989
0 0 384 0.0012498 0.00258982 -0.000120228 0.000989925
0 0 385 -0.000771103 0.00148987 -0.000140051 -0.000400225
0 0 386 0.0014393 0.0027996 0.00374993 -0.000800127
0 0 387 0.00165923 0.000439948 -0.00202035 -0.00087018
0 0 388 -0.00123034 0.00231981 -0.00255016 -0.00137006
0 0 389 0.00104923 0.00341975 -0.00148008 0.000179913
0 0 390 -0.000780785 0.00141994 0.0017197 0.00179994
0 0 391 0.000309201 0.000129615 -0.00133015 -0.00159007
0 0 392 0.00184874 0.000819696 0.00087993 0.00067979
0 0 393 0.00135907 -0.00225045 0.0017197 -0.000970155
0 0 394 -0.002561 -0.00126024 0.00115997 0.000589672
0 0 395 0.00089984 -0.000680413 0.00110988 -0.00124016
0 0 396 -0.000641079 0.000449646 -0.00246006 -0.000250262
0 0 397 0.00089984 0.000389927 -0.000470194 -0.000160144
0 0 398 -0.000930174 0.0018099 -0.000580121 -0.000110156
0 0 399 -0.000381031 0.00274958 0.000279835 -0.000860323
0 0 400 0.00183905 0.00248977 0.000139633 0.00327985
0 0 401 0.00104923 0.0013199 0.00261967 0.000649868
0 0 402 0.000589997 0.00105959 -0.000790244 0.00067979
0 0 403 -0.000771103 0.0015797 0.00323994 -0.00095009
0 0 404 0.00179894 0.00160982 0.00104969 0.00244978
0 0 405 -0.00269103 0.00158991 0.000189731 1.97416e-05
0 0 406 0.00127885 0.00311963 -0.000730055 -0.00104021
0 0 407 -0.00138111 0.00313953 -0.000230156 0.00171967
0 0 408 -0.000570534 0.00112952 0.000469775 -0.00243001
0 0 409 0.00104923 0.000199542 0.0006298 0.000329876
0 0 410 0.00152921 0.00141994 -0.00108002 -0.000800127
0 0 411 -0.000220577 -0.000390498 -0.00114021 -0.000390017
0 0 412 -0.00199111 0.000419531 -0.000430187 0.00152993
0 0 413 0.000129381 0.00166954 -0.00127032 -0.000670229
0 0 414 0.00127885 -2.04467e-05 0.000989858 0.00160984
0 0 415 -0.00179054 0.00157001 -0.000630219 -0.000450213
0 0 416 -0.00137004 -0.00167011 0.000349756 7.9938e-05
0 0 417 -0.0021903 0.000109709 0.00175971 -0.000310107
0 0 418 -0.000421145 0.000889623 -0.00232022 0.000229901
0 0 419 0.000469656 0.000529781 -0.00174031 0.00110997
0 0 420 -0.000760037 0.000279677 0.000639892 0.000349942
0 0 421 -0.00199111 0.00118975 -0.000910264 1.97416e-05
0 0 422 -0.00147102 0.00183951 -0.00191006 0.000169705
0 0 423 -0.000861013 0.00126988 -0.0010602 -0.00159007
0 0 424 -0.00217093 0.000569593 0.000369939 -0.00199033
0 0 425 5.8836e-05 -0.000810059 -0.000190149 0.00106983
0 0 426 -0.0003506 -0.00027004 -0.00407004 -6.01683e-05
0 0 427 -0.000910809 -0.00258018 0.00403971 -0.000570254
0 0 428 -0.0024213 -3.01446e-05 0.000259652 -0.00169005
0 0 429 0.00116957 0.000389927 0.00148976 -0.00105007
0 0 430 -0.00314058 -0.000210321 -0.000350175 -0.000230197
0 0 431 0.000628727 0.00269955 -0.00190033 0.000509762
0 0 432 0.000419859 -0.000670205 0.00145984 0.00152993
0 0 433 -0.000340918 0.00199978 0.00371966 -0.000290041
0 0 434 -0.00253057 0.00116984 0.000209914 0.000539684
0 0 435 -0.00199111 0.00133981 -0.00122022 -0.00112012
0 0 436 0.000389428 0.00183951 6.97117e-05 -0.000140078
0 0 437 0.000238656 0.000819696 0.00128972 -0.000530123
0 0 438 -0.00154018 0.000379719 0.00153985 -0.000290041
0 0 439 0.000439225 0.00306961 -0.000840343 0.000169705
0 0 440 -0.00123034 0.000689541 0.000919937 0.000909663
0 0 441 -0.00464 -0.000300154 -0.00070014 0.00232974
0 0 442 -0.000390714 8.98029e-05 -1.0301e-05 0.00059988
0 0 443 1.87223e-05 0.00114993 -0.000600304 -0.00126022
0 0 444 -0.000960605 -0.00109028 0.000459683 -0.000400225
0 0 445 -0.000910809 0.00103969 -0.000670225 -0.000350238
0 0 446 -0.000310487 -0.00135008 -0.00149018 -0.00087018
0 0 447 0.000289836 0.0013296 -0.00221029 0.00122965
0 0 448 -0.00373122 -0.000800361 -0.000200241 -0.000670229
0 0 449 0.000148746 0.000399625 -0.00235013 -0.00342026
0 0 450 -0.00235075 0.00139953 -0.00148008 0.000219692
0 0 451 -0.000991036 0.00273988 -0.000720324 -0.00133028
0 0 452 -0.00281137 0.00116984 -0.000380089 -0.000770205
0 0 453 0.000718637 0.00112952 -0.000430187 0.00223997
0 0 454 -0.000870695 0.0010698 -0.00147035 -0.000760348
0 0 455 0.00207974 0.000219959 0.000259652 0.000899806
0 0 456 0.000798865 -0.000730434 -0.00119031 0.00215971
0 0 457 -0.000331235 -0.000690111 -0.00120004 0.00265994
0 0 458 -0.00115011 0.00165984 0.000949851 0.00010986
0 0 459 -0.000421145 -0.000100071 -0.00121013 0.000579815
0 0 460 -0.000740672 0.00118975 0.00257966 -0.000900102
0 0 461 -0.000910809 0.000119917 -0.000230156 -0.000390017
0 0 462 -2.00082e-05 0.0015797 -6.00386e-05 0.00190977
0 0 463 0.000329949 -0.000150092 0.000869839 -0.00320024
0 0 464 -0.00265091 -4.03529e-05 -0.00205026 0.00302992
0 0 465 -0.000520738 0.00188953 -0.000120228 -0.00350017
0 0 466 0.00219869 0.00179969 -0.00070014 0.00146974
0 0 467 0.000949637 -0.000440008 -0.00213028 0.00109976
0 0 468 0.00437867 0.000689541 0.000489959 -3.23864e-07
0 0 469 0.00230935 -0.000890194 -0.00154027 0.000449917
0 0 470 0.00430951 0.00110961 0.000719905 0.00150987
0 0 471 0.00132864 0.000249563 0.000909845 0.000649868
0 0 472 0.000639793 0.000529781 -0.000380089 0.000729778
0 0 473 0.00205899 -0.00129036 0.00087993 0.00109976
0 0 474 0.00165923 0.00222997 -0.0027401 0.00334991
0 0 475 0.0029899 0.000979967 2.97053e-05 0.00321966
0 0 476 0.0013895 0.00211972 -0.000470194 0.000929729
0 0 477 0.00240895 0.0013296 0.000329933 -0.00196005
0 0 478 0.000619045 0.000769676 -0.00119031 -0.000630098
0 0 479 0.00111977 0.000199542 0.000109718 -0.00111026
0 0 480 0.0050191 0.00135972 0.000889661 0.00260995
0 0 481 0.00218901 0.00249998 -0.000610036 -0.00122009
0 0 482 0.00342977 -0.0001603 -0.00253034 -0.0017601
0 0 483 0.00284881 3.97823e-05 -0.00239014 -0.00188014
0 0 484 0.000649476 0.000349604 -0.000560298 0.00136976
0 0 485 0.00191928 -0.000670205 -0.000910264 -0.00147003
0 0 486 0.00437867 0.00143985 0.000699721 0.00166969
0 0 487 0.00301895 0.00116984 -0.000380089 -0.00107013
0 0 488 0.00398998 -0.000300154 -0.00158028 0.00143981
0 0 489 0.00258877 0.000969758 0.00173989 0.000549893
0 0 490 0.00558899 0.000459854 0.00195974 0.00010986
0 0 491 0.00688923 0.000619614 0.00444987 7.9938e-05
0 0 492 0.00733878 0.00163993 0.000339664 -0.000260119
0 0 493 0.0061492 -0.000460424 0.00284997 0.000419995
0 0 494 0.0126988 0.00115963 0.00140974 -0.00293024
0 0 495 0.013259 0.00209982 0.000639892 -0.00279013
0 0 496 0.017529 0.00219986 0.00654966 0.00146974
0 0 497 0.0204089 -0.000500237 0.00675978 -0.000560045
0 0 498 0.0220398 -0.000150092 0.0067897 -0.000120013
0 0 499 0.0215888 0.000529781 0.00996966 -4.01028e-05
0 0 500 0.0200493 0.00287973 0.00857989 0.000649868
0 0 501 0.0171888 -0.00211009 0.00604976 -0.00134013
0 0 502 0.0142798 -0.000180207 -0.000230156 -0.000330172
0 0 503 0.0163588 -0.00229026 -0.00189024 -0.000820192
0 0 504 0.0164391 3.97823e-05 -0.000630219 0.000319668
0 0 505 0.0189289 -0.00146033 -0.00733002 0.0020798
0 0 506 0.0192 0.0032799 -0.00780036 0.00231988
0 0 507 0.0234686 0.00386994 -0.00637023 0.00719966
0 0 508 0.032129 0.00572989 -0.00327028 0.00800967
0 0 509 0.0377491 0.0104099 0.00215977 0.0103799
0 0 510 0.0509092 0.0186 0.00924991 0.0112099
0 0 511 0.062289 0.0231897 0.01244 0.01202
0 0 512 0.0747395 0.02735 0.0122799 0.0120699
0 0 513 0.0798796 0.0261797 0.0109496 0.01322
0 0 514 0.08601 0.0258596 0.00584973 0.01747
0 0 515 0.0825188 0.02132 0.00374993 0.0132098
0 0 516 0.0754394 0.0139797 -0.00647006 0.00932977
0 0 517 0.0689396 0.00626991 -0.01118 0.0061897
0 0 518 0.0601298 -6.02591e-05 -0.0105103 0.00488967
0 0 519 0.0487997 -0.00273024 -0.00886035 0.00556978
0 0 520 0.0395598 -0.0061 -0.00308034 0.00652976
0 0 521 0.0258492 -0.00417012 -0.00182032 0.00381986
0 0 522 0.0179897 -0.00232038 -0.000350175 0.000739987
0 0 523 0.0145288 0.00152968 -0.0033802 0.00176966
0 0 524 0.0126296 0.00102999 0.00180981 0.000829753
0 0 525 0.00766937 0.00206 -0.000460102 0.00173974
0 0 526 0.00897929 -0.000940215 -0.00245033 -0.000110156
0 0 527 0.00785888 0.000809999 -0.00261035 0.00166969
0 0 528 0.0103196 0.00315995 0.00262976 0.00283982
0 0 529 0.0102588 -0.00144042 0.00272995 -0.00159007
0 0 530 0.00823926 -0.00169001 -0.000270162 -0.000980012
0 0 531 0.0124388 0.00113973 0.0023598 0.000229901
0 0 532 0.00941916 -0.000770246 0.000429769 -0.00170026
0 0 533 0.00869988 0.00172977 0.00101977 0.000749843
0 0 534 0.00874968 -9.03736e-05 -0.000440279 0.00114974
0 0 535 0.00539949 -0.000210321 -0.0015601 0.000879741
0 0 536 0.00626954 0.000889623 -0.000930086 -0.00202025
0 0 537 0.00441878 0.00235962 -0.00161019 0.00272999
0 0 538 0.00204931 0.00063952 -0.000630219 7.9938e-05
0 0 539 0.00331911 -0.000410404 5.99804e-05 -0.00111026
0 0 540 0.00113914 -0.000450216 0.000459683 -0.00131021
0 0 541 -0.00187077 0.000239865 0.000179639 0.00262966
0 0 542 0.000978685 0.000559895 0.000559879 0.00289967
0 0 543 0.00422928 -0.0018804 -0.000220064 -0.000250262
0 0 544 0.00141994 0.00147966 -0.00199007 -0.00288025
0 0 545 -0.000421145 0.00189973 -0.000720324 -0.000860323
0 0 546 0.00175883 0.000169938 -0.00131033 0.00136976
0 0 547 0.000659158 -3.01145e-08 -0.000740146 0.00354
0 0 548 0.00311993 0.00123977 0.00129982 0.00184992
0 0 549 0.000569248 0.00168995 -0.000910264 -0.000910311
0 0 550 0.000318883 0.00267965 -0.000350175 -0.000240054
0 0 551 0.00107966 -0.000760038 0.000149724 0.000849819
0 0 552 -0.000501373 0.000389927 0.000199822 -0.00124016
0 0 553 0.000529135 0.00195996 0.000799918 0.000239758
0 0 554 0.00128991 -0.00298034 0.000559879 0.00131977
0 0 555 0.000649476 0.000849811 -0.000820159 0.00103991
0 0 556 0.00128991 -0.000450216 -0.00151036 0.00285989
0 0 557 0.000589997 0.000789582 -0.000150143 0.00232974
0 0 558 0.00134939 -0.000310362 0.00175971 0.000149991
0 0 559 -2.00082e-05 -0.000630393 -0.00189024 -0.00100008
0 0 560 0.00196908 0.00105959 0.000669807 0.000559749
0 0 561 -9.05529e-05 -0.00148023 -0.00163002 0.00125993
0 0 562 0.00145867 0.00108971 0.00277969 -0.000270328
0 0 563 0.00211985 0.000509874 -0.00158028 -0.00187029
0 0 564 0.00140887 0.00164963 -0.00013032 0.00105998
0 0 565 -0.00127045 0.000139824 -0.00264027 0.00354986
0 0 566 0.00370918 0.00157001 0.000779734 0.000279889
0 0 567 -0.000520738 0.00118975 -0.00173021 -8.02337e-05
0 0 568 -0.0030811 0.000419531 -0.00192015 0.00273985
0 0 569 0.00284881 -0.00277005 0.000679898 -2.00373e-05
0 0 570 -2.00082e-05 -0.00302016 0.00205994 0.000849819
0 0 571 -0.00124002 0.00138983 0.00145984 -0.00226033
0 0 572 0.00135907 -0.00011028 -0.0016502 0.000869884
0 0 573 -0.000730989 0.00231981 0.000179639 0.00139968
0 0 574 0.00111977 -0.000420102 0.000279835 -0.00204031
0 0 575 5.8836e-05 0.00144955 6.97117e-05 -0.00171011
0 0 576 0.00229967 -0.00059007 0.000449952 0.000629803
0 0 577 8.92671e-05 0.00373978 0.000829832 0.00106983
0 0 578 0.00105891 0.0025597 0.0023699 0.00114974
0 0 579 0.00196908 0.00148987 -0.000580121 -0.000850114
0 0 580 -0.000750354 -0.00226015 -0.00266009 -0.000930024
0 0 581 -0.00224009 0.00139953 -0.000340083 -0.00108034
0 0 582 0.000119698 -0.000420102 0.0016797 -0.000320315
0 0 583 -4.07566e-05 0.000579801 -0.00209027 0.00238993
0 0 584 0.00161912 0.000949852 0.000549788 -0.00283026
0 0 585 0.00226924 0.0020697 -0.000460102 -0.000130221
0 0 586 0.000108632 0.00346977 9.96263e-05 -0.00038016
0 0 587 0.00100912 0.00126988 -0.00310016 0.000949794
0 0 588 -0.000251008 0.000849811 -0.00179004 -0.00251027
0 0 589 -0.0012912 -0.0009101 0.000189731 0.00200974
0 0 590 0.00203962 0.00138983 3.9797e-05 -0.000890245
0 0 591 -0.000721306 -0.00104026 -0.00130024 0.00305984
0 0 592 0.00089984 0.00164963 -0.00175004 -0.00113033
0 0 593 0.00177958 -0.00156037 -3.0124e-05 -0.000370303
0 0 594 -0.000700558 0.00170986 0.00103996 0.00138983
0 0 595 0.000739386 0.00177979 0.000459683 0.00125993
0 0 596 0.000699272 -0.00297014 -0.000920355 -0.00106027
0 0 597 0.00141994 0.000349604 -0.00278011 -0.000690295
0 0 598 0.00230935 0.000839603 0.0018199 0.000149991
0 0 599 0.00274922 0.000409833 0.000569971 -0.00046007
0 0 600 -0.00156093 0.00095955 0.000479867 -3.23864e-07
0 0 601 0.000329949 0.000219959 -0.00237031 -0.000750139
0 0 602 0.00107966 -0.000850382 0.00119962 -0.00267009
0 0 603 0.00264963 -0.000630393 0.000239829 -0.000420291
0 0 604 -0.000760037 0.00124998 0.00272995 -0.000340029
0 0 605 0.000179177 0.000329698 -0.000390181 0.000979716
0 0 606 0.00218901 -0.00300025 -0.000780153 -0.00113033
0 0 607 0.000529135 0.00139953 -0.00131033 -0.0023501
0 0 608 0.000358997 -0.00075034 0.00132973 -0.00214029
0 0 609 0.000129381 -0.00195033 0.00174998 -0.000400225
0 0 610 -0.0016702 -3.01446e-05 -0.00199007 0.000369655
0 0 611 -0.000220577 -0.00161039 0.00140974 -0.000760348
0 0 612 0.000559566 -0.00166041 -0.00131033 -0.000320315
0 0 613 -0.00155124 -0.000630393 0.000589794 -0.00115004
0 0 614 0.000838978 0.00190994 0.00168979 0.000979716
0 0 615 0.000318883 0.00172977 0.000819741 -0.00116025
0 0 616 0.000559566 -0.000680413 1.9974e-05 0.00164997
0 0 617 0.000679907 -0.000450216 -0.000230156 -5.03115e-05
0 0 618 0.00217933 -3.01145e-08 -0.00118022 -0.000890245
0 0 619 -0.000630013 0.00015973 0.000669807 -0.00247014
0 0 620 -0.000130667 0.000939644 -0.00285003 -0.00342026
0 0 621 0.00200919 0.000929946 -0.00408014 -0.00224026
0 0 622 0.000679907 -0.00132047 0.0006298 0.00129971
0 0 623 -0.00145027 0.000299584 -0.000240247 0.000469983
0 0 624 0.000959319 9.66777e-06 0.000539696 -0.00131021
0 0 625 -0.000210894 0.000219959 0.00120971 -0.000350238
0 0 626 -0.000650762 0.00488975 0.00024992 0.000169705
0 0 627 -0.000291121 -0.00177015 -0.000420096 0.000129926
0 0 628 0.000609362 -0.000550258 -0.00203008 0.00268
0 0 629 0.00231904 0.00190994 0.00309974 0.000419995
0 0 630 0.000108632 -0.00134038 0.00133982 0.00276977
0 0 631 0.000599679 0.000229657 -0.000870257 -0.000960299
0 0 632 8.92671e-05 0.00117954 -0.00150027 -0.000650164
0 0 633 -0.000430828 0.00165984 0.000549788 0.000749843
0 0 634 0.00192896 -0.00223003 -0.0011103 -0.00114018
0 0 635 -0.000251008 -0.00186049 0.000109718 -0.00133028
0 0 636 -0.00169095 0.000529781 -0.000640311 -0.000400225
0 0 637 0.00136876 -0.000490029 -0.00210036 0.00039993
0 0 638 0.00396923 0.00126988 0.000129901 -1.01806e-05
0 0 639 0.00207974 0.000919738 0.000379671 0.00116981
0 0 640 -0.0014309 0.00032 0.00234971 0.00249976
0 0 641 0.000628727 0.00248977 -0.00143035 0.00151972
0 0 642 0.00221944 -0.00143021 0.00179972 0.0010297
0 0 643 0.000758751 -0.00160018 0.00188982 0.00185978
0 0 644 0.000708955 0.000989665 0.000999949 -0.00151016
0 0 645 0.000659158 0.00161952 0.000559879 -0.00114018
0 0 646 -0.000130667 0.00164963 0.000669807 -0.00169005
0 0 647 -0.000740672 -0.00206007 0.000109718 0.000749843
0 0 648 0.0014393 0.000659937 0.000359848 0.000929729
0 0 649 -0.000570534 -0.00204016 -0.00221029 0.00133984
0 0 650 0.000199926 -0.00186049 0.000529965 -0.00459004
0 0 651 -0.000820899 0.00167975 -0.00197025 -0.000710008
0 0 652 -0.00085133 6.98967e-05 0.00148976 0.000349942
0 0 653 -0.000960605 0.000609916 -0.000880349 -0.00126022
0 0 654 -0.00103115 -0.00218001 -0.00280029 -0.000320315
0 0 655 0.00166892 -0.000200113 -0.00175004 -0.00257011
0 0 656 -0.0010602 0.00125967 -0.00222002 -0.000100299
0 0 657 0.00189992 0.00143985 -0.00151036 0.000909663
0 0 658 0.000519452 0.00191964 -0.000580121 0.00422997
0 0 659 -0.00347117 0.000699749 -0.000410364 0.00245999
0 0 660 -0.000130667 -0.000330269 0.00185991 0.00039993
0 0 661 -0.00181129 0.000109709 0.00137983 0.0014898
0 0 662 -0.0015305 -0.000940215 -0.000100045 -0.00017
0 0 663 -0.0033204 -0.000540049 -0.00191006 -0.00336006
0 0 664 -0.00405074 -3.01446e-05 -0.000820159 0.00110997
0 0 665 -0.00071024 0.0023295 5.99804e-05 0.00136976
0 0 666 0.000519452 -5.00508e-05 0.000429769 -0.000690295
0 0 667 0.00174914 -0.00103005 0.00338988 -0.00101029
0 0 668 0.000819613 0.00236983 -0.00135033 0.00182
0 0 669 -0.00109063 0.000179636 -0.000650042 0.000849819
0 0 670 0.000269087 0.00123977 0.000779734 -0.000890245
0 0 671 0.000469656 -8.01653e-05 0.00105978 -0.000500201
0 0 672 -7.11877e-05 0.00115963 0.00113979 -0.000800127
0 0 673 -0.000251008 0.00059001 -0.000100045 0.0022199
0 0 674 0.00182937 0.00202989 0.000429769 -0.00395005
0 0 675 0.00113914 0.000809999 0.000469775 -0.00154009
0 0 676 0.00222913 0.00161952 0.00136974 0.00130992
0 0 677 -0.000241325 -0.000940215 0.000299658 -4.01028e-05
0 0 678 0.000199926 0.0013 -0.00262008 6.97293e-05
0 0 679 -0.000950923 2.9574e-05 -0.00136006 -0.00101029
0 0 680 2.97882e-05 0.000179636 -0.000910264 0.00204987
0 0 681 0.00244906 0.00252959 -0.000600304 0.000539684
0 0 682 0.000169494 0.00171956 -0.000550206 0.000779766
0 0 683 0.00164955 0.000599708 -0.00136006 -0.000900102
0 0 684 0.00287924 -0.000640091 -0.000470194 -0.000370303
0 0 685 -0.00144059 0.00184971 0.00148976 0.000429852
0 0 686 0.00125948 -0.000930006 9.96263e-05 -0.00144011
0 0 687 0.00120968 0.0032799 0.000239829 0.000539684
0 0 688 0.00111977 0.00123977 0.000809649 -0.000310107
0 0 689 0.00151953 0.000289886 0.00139965 0.00159999
0 0 690 0.00310886 -0.00173034 0.000289927 -0.00122009
0 0 691 0.000969002 0.00108001 0.00207976 0.000769909
0 0 692 0.000159812 -0.00108007 -0.00372008 -0.00147003
0 0 693 0.000999433 0.00241985 0.00329977 -0.000720217
0 0 694 -0.00121097 0.00282001 0.00153985 0.000789974
0 0 695 -0.000340918 -0.000670205 0.000239829 -0.00179002
0 0 696 0.000408793 -0.00147003 -6.00386e-05 -6.01683e-05
0 0 697 0.000549883 0.000849811 -4.02157e-05 0.000589672
0 0 698 0.00180862 0.00191964 -0.00378027 0.00332984
0 0 699 -0.00117086 -0.00070032 -0.00095027 0.00133984
0 0 700 0.000559566 0.00175988 -4.02157e-05 -0.00387014
0 0 701 0.000489021 0.00134951 9.88236e-06 0.00265994
0 0 702 -0.000161098 -0.000640091 -0.000330352 -0.00165027
0 0 703 -0.00169095 -0.000380289 -0.000540115 0.00096986
0 0 704 0.000329949 -0.000730434 -0.00161019 0.00308976
0 0 705 -0.000161098 0.00120965 0.000359848 0.00173974
0 0 706 0.00176989 0.00103969 -0.00142025 0.00329992
0 0 707 0.000729703 -0.00179006 0.000849655 -0.00201004
0 0 708 0.00111977 -0.000260342 0.00205994 -0.0019502
0 0 709 -0.00071024 0.000439948 -0.000550206 -0.00046007
0 0 710 5.8836e-05 -0.00234028 0.000579702 -0.000540332
0 0 711 -0.0026606 -0.00166041 -0.00113012 -0.00192027
0 0 712 -0.000930174 -0.000830475 -0.00295023 -0.00148024
0 0 713 0.000199926 -0.000860079 0.000529965 0.00127999
0 0 714 0.000339632 0.00112952 -0.00190033 0.00113989
0 0 715 -0.00125108 9.66777e-06 -0.0016001 0.00157992
0 0 716 0.000888775 -0.00127045 2.97053e-05 0.000469983
0 0 717 0.00239926 0.000899832 0.00114988 -0.000270328
0 0 718 -0.00117086 0.000849811 0.00196983 0.00088995
0 0 719 4.91534e-05 -0.00141031 -0.00120004 -0.000760348
0 0 720 0.00157901 0.000809999 0.00259984 -0.00415001
0 0 721 0.00325963 0.00160982 0.00253965 -0.000390017
0 0 722 -0.00247109 -0.000260342 0.00137983 0.00170982
0 0 723 -0.000140349 0.000189844 0.000649623 0.000819897
0 0 724 0.00216965 0.000869717 -0.000220064 0.000609737
0 0 725 -0.00130088 -0.00011028 -0.000790244 -0.00124016
0 0 726 -0.00248078 -0.000640091 -0.00293004 -0.000770205
0 0 727 -6.42926e-07 -0.000470122 -0.00291022 0.00159999
0 0 728 0.00131896 0.000899832 -0.000930086 -0.00239023
0 0 729 0.000879092 0.000449646 -0.00143035 0.000809688
0 0 730 0.00321952 0.000309792 -0.00128005 0.000389721
0 0 731 0.00187917 -0.000380289 0.000579702 -0.000230197
0 0 732 -0.000811216 0.000869717 0.00219978 -0.00118031
0 0 733 -0.000870695 0.000169938 -0.000480285 0.00224983
0 0 734 -0.00200079 0.000509874 0.00178962 5.98726e-05
0 0 735 -0.000140349 0.00101978 -0.00167002 -0.00101029
0 0 736 -0.00102008 -0.00070032 0.000909845 0.00141975
0 0 737 -0.00053042 -0.000630393 0.00189991 0.000809688
0 0 738 -0.000450193 0.00135972 -0.000440279 0.00112968
0 0 739 -0.00151113 0.00104989 0.00102986 0.00110997
0 0 740 0.00230935 0.00117954 -7.01303e-05 0.00153979
0 0 741 0.00179894 -0.00307018 -0.000340083 -0.00290031
0 0 742 0.00133971 0.000739561 -0.00261035 0.000979716
0 0 743 0.000549883 -0.00105046 -0.00089008 0.00142996
0 0 744 -0.00299119 5.96884e-05 0.000109718 0.000139782
0 0 745 -0.00193025 -0.000210321 -0.000630219 0.00249976
0 0 746 0.00112946 0.00174967 -0.000990276 0.000789974
0 0 747 0.000318883 0.00241985 -0.00127032 0.000139782
0 0 748 -0.000950923 -0.00109028 -0.00127032 0.00137997
0 0 749 -2.00082e-05 0.00171956 -0.000640311 0.000799831
0 0 750 -0.00343106 0.000399625 8.9895e-05 0.00149966
0 0 751 -0.000201211 -0.00230047 -0.00108002 0.000789974
0 0 752 0.00359991 -0.00113009 -0.000290345 0.000319668
0 0 753 0.000869409 -0.000740132 0.00110988 0.000249967
0 0 754 0.000159812 -0.000690111 -0.00210036 -2.00373e-05
0 0 755 0.000919206 0.00145976 -0.00214037 0.000499905
0 0 756 -0.000630013 0.00186962 -0.00130024 -6.01683e-05
0 0 757 -0.00170063 -0.00070032 0.00200984 0.00115995
0 0 758 -0.000450193 0.000569593 6.97117e-05 0.000799831
0 0 759 0.00296915 -0.000560466 0.00120971 1.97416e-05
0 0 760 0.00132864 5.96884e-05 -0.000440279 0.000100004
0 0 761 0.00231904 -0.00134038 0.000679898 -0.00150031
0 0 762 0.00155964 0.00265974 -0.000440279 -0.00172032
0 0 763 0.0018598 0.0010698 0.00154995 0.00186999
0 0 764 2.97882e-05 -0.000540049 -0.000630219 -0.00132007
0 0 765 0.00198983 0.00020975 -0.000250339 0.00018977
0 0 766 -0.00137004 -0.00070032 0.00297972 -0.000150287
0 0 767 0.000538817 0.00111982 0.00305974 -5.03115e-05
0 0 768 -0.00202016 -0.00141031 0.000159816 0.00026968
0 0 769 0.00018886 -0.00303036 -0.000150143 0.000429852
0 0 770 -0.000320169 -0.000940215 -0.00153018 -0.00172032
0 0 771 -0.000300804 0.00289964 0.000859747 0.00117967
0 0 772 0.00200919 0.000949852 7.98034e-05 0.0013497
0 0 773 -0.000840264 0.00217995 0.000219645 0.000100004
0 0 774 0.000928888 0.00114993 -0.000110137 0.000139782
0 0 775 0.00156932 -0.000580372 -0.000960362 -0.000770205
0 0 776 0.00161912 0.000169938 -0.000940178 0.00225968
0 0 777 0.00366907 -0.000280248 -0.00032026 0.00182986
0 0 778 -0.000120984 0.00128979 0.000609978 -0.00022034
0 0 779 -0.000201211 0.000579801 -0.000640311 0.00202981
0 0 780 0.000238656 8.98029e-05 0.00177989 -0.00350017
0 0 781 0.000329949 0.00264953 0.00119962 -0.00142004
0 0 782 -0.00202016 0.000579801 0.00358991 -0.00046007
0 0 783 0.000228973 -0.000740132 -0.00245033 0.00110997
0 0 784 -0.000130667 -0.000940215 0.000659715 -0.000780061
0 0 785 0.00108934 -0.00180026 -0.00290013 -5.03115e-05
0 0 786 0.00156932 -0.00203046 0.000949851 -0.000720217
0 0 787 3.94708e-05 0.0015598 0.000609978 -0.00107013
0 0 788 0.000349315 -0.000850382 -0.00167002 -0.0012303
0 0 789 0.00159976 0.00160982 0.00104969 0.00180979
0 0 790 0.000718637 5.96884e-05 -0.000570029 0.00202981
0 0 791 -0.00206027 -0.000260342 0.000199822 0.000169705
0 0 792 0.00182937 0.00125967 0.000559879 -4.01028e-05
0 0 793 -0.000100236 -0.00131027 0.00142993 -0.00120003
0 0 794 -0.000480624 0.000599708 -0.000850074 -0.000780061
0 0 795 0.000169494 0.00158991 -0.00114021 0.00251983
0 0 796 0.00227892 -1.02384e-05 -0.000830251 -0.000450213
0 0 797 0.00188885 -0.000930006 -0.00108002 0.000639659
0 0 798 -0.00174075 0.00206 -0.00172012 -0.00255005
0 0 799 0.000829296 -0.0016405 -0.000400273 -0.000130221
0 0 800 -0.0026108 -0.000380289 0.000899753 -0.000450213
0 0 801 -0.00171032 0.00213963 0.000669807 -0.00087018
0 0 802 0.00142962 0.00185992 0.00100968 -0.00113033
0 0 803 -0.00158029 0.00354991 0.000449952 -0.00206003
0 0 804 -2.00082e-05 -0.000340477 -0.000560298 -0.000760348
0 0 805 -0.000800151 0.000899832 -0.000630219 -0.00145032
0 0 806 -0.001951 0.00321967 0.000709813 -0.000530123
0 0 807 -0.00165084 -0.000120488 -0.00026007 -0.000260119
0 0 808 -0.0003506 0.00163993 0.000589794 -0.000540332
0 0 809 -1.03255e-05 -0.000980027 0.00118989 0.00124972
0 0 810 0.00158869 0.000649728 0.000409946 0.000689999
0 0 811 -0.00180023 7.95946e-05 0.000339664 -0.00165027
0 0 812 -0.000970288 0.000989665 -0.00138025 -0.00197026
0 0 813 -0.000830582 6.98967e-05 0.000859747 0.00067979
0 0 814 0.0014393 -0.00218001 -0.000280254 -7.0025e-05
0 0 815 -0.000660444 -0.000470122 -0.000920355 0.00147995
0 0 816 -0.00134099 0.00188953 0.000609978 0.000129926
0 0 817 -0.000790468 -0.000490029 0.000459683 -0.00112012
0 0 818 0.00170903 0.000869717 0.000479867 0.00129971
0 0 819 -0.00186109 6.98967e-05 0.00104969 -0.000720217
0 0 820 -0.00171032 0.00020975 -0.000220064 -0.00252013
0 0 821 0.00109903 -0.000600278 -0.00217028 -0.00142004
0 0 822 0.000519452 0.000899832 0.000369939 0.00180979
0 0 823 0.00131896 -0.000470122 0.00256993 -0.00254019
0 0 824 0.00248917 1.98761e-05 0.000789826 6.97293e-05
0 0 825 -0.000111301 -0.000370081 -0.000480285 -0.00120003
0 0 826 -0.00166052 -0.000360383 -0.000550206 0.000469983
0 0 827 0.000108632 -0.00118011 -0.000270162 -0.00161014
0 0 828 -0.00191089 0.00141994 -0.000720324 0.0024797
0 0 829 0.00319877 0.00163993 0.00164978 -0.000350238
0 0 830 -0.000760037 0.000609916 0.00245964 0.00146974
0 0 831 0.000439225 0.00110961 0.00237963 0.00361991
0 0 832 0.00105891 0.000239865 0.00049969 0.000199979
0 0 833 -9.05529e-05 -0.0001603 7.98034e-05 -0.000240054
0 0 834 0.0025196 -0.00193042 -0.0016502 -0.000850114
0 0 835 -3.1074e-05 -3.01145e-08 -0.000350175 0.00067979
0 0 836 0.000649476 0.000199542 -0.000580121 0.00132998
0 0 837 -0.000570534 0.00322988 0.000959943 -0.000970155
0 0 838 0.00255972 -0.00222034 -0.000650042 -0.000670229
0 0 839 0.00254865 0.00337994 0.00179972 -0.00199033
0 0 840 -0.00165084 9.95008e-05 0.00131964 -0.000640307
0 0 841 -0.00017078 -0.0001603 0.00179972 -0.00141019
0 0 842 0.00018886 0.000189844 -0.00186032 -0.000260119
0 0 843 0.000448907 -0.00102035 0.00116971 -0.00017
0 0 844 0.000779499 -0.0014001 -0.00326019 -0.00157001
0 0 845 -0.00152081 0.00257961 -0.00304033 -0.000690295
0 0 846 -0.00283073 -0.00218001 -0.00176013 0.000239758
0 0 847 -0.000220577 -0.000770246 0.00113979 0.000149991
0 0 848 0.000578931 -0.00308038 -0.000370358 -0.000260119
0 0 849 -2.00082e-05 -0.00059007 -0.00070014 -0.00079027
0 0 850 0.00139919 2.9574e-05 0.00227979 -0.0010902
0 0 851 -0.00062033 -0.00011028 -0.00105011 0.000999782
0 0 852 -0.00161072 -0.00127045 6.97117e-05 0.000719921
0 0 853 0.00113914 3.97823e-05 -0.00132006 0.00196997
0 0 854 -0.0015305 0.00270976 -1.0301e-05 -1.01806e-05
0 0 855 0.00139919 0.00157001 0.00107996 0.00174995
0 0 856 -0.00094124 0.00103969 -0.000190149 -0.000560045
0 0 857 -0.00140047 0.00222997 0.00297972 -0.000180209
0 0 858 -0.000901126 0.000379719 -0.00152009 -0.00108034
0 0 859 0.00177958 0.000399625 -0.00149018 0.000739987
0 0 860 0.000848661 0.00176958 -0.000730055 -0.00135034
0 0 861 0.00284881 -0.00124034 -0.000770061 -0.0010902
0 0 862 -0.000551169 0.00036951 0.000289927 0.00122965
0 0 863 0.00179894 0.000699749 0.00151967 -7.0025e-05
0 0 864 -0.000291121 0.00172977 -0.000340083 0.00152993
0 0 865 -0.0016702 -0.00032006 -0.00136006 0.00241985
0 0 866 -0.00053042 8.98029e-05 -0.000690048 0.0010297
0 0 867 0.00201887 -0.000659997 -0.00095027 -0.000190066
0 0 868 0.00213922 0.0028098 -0.00207009 -0.00196005
0 0 869 0.000439225 -0.00177015 -0.000710232 -0.00237016
0 0 870 -0.00156093 0.0015598 0.00101977 0.00251983
0 0 871 -0.00253057 -0.00120002 -0.000750238 -0.000210131
0 0 872 -3.1074e-05 -0.000230227 -0.000100045 -0.000930024
0 0 873 0.00146973 -0.00184008 0.00196983 0.000609737
0 0 874 0.00171871 0.00169965 0.00209994 -0.000230197
0 0 875 0.000578931 0.00110961 -0.000900172 0.00248991
0 0 876 0.000238656 -0.00126024 0.00210967 0.00252969
0 0 877 0.000129381 6.98967e-05 -0.000590213 0.00222976
0 0 878 0.000169494 -0.00226015 -0.00124005 0.00137997
0 0 879 0.00098975 -0.00138019 0.000899753 0.00164997
0 0 880 -2.00082e-05 0.00032 0.000959943 0.00163976
0 0 881 -0.000670127 0.000989665 -0.000770061 -0.000120013
0 0 882 7.95845e-05 0.000189844 0.000649623 0.000439709
0 0 883 0.00127885 -0.00117041 0.0006298 0.00132998
0 0 884 0.00202994 0.000139824 0.000189731 -0.00137006
0 0 885 -0.000201211 -0.00059007 0.00135965 0.00166969
0 0 886 -0.00161072 -0.00209018 0.000169908 -0.000280184
0 0 887 0.00159976 -0.00101014 0.000699721 0.000149991
0 0 888 0.000139063 -0.00161039 0.000159816 0.00304998
0 0 889 -0.00154018 0.000739561 -0.000120228 -3.23864e-07
0 0 890 -0.000721306 -0.000840173 0.00256993 -0.00111026
0 0 891 -0.000700558 0.000869717 0.000289927 -0.000970155
0 0 892 0.000179177 0.00137962 -0.000340083 -0.00183015
0 0 893 -9.05529e-05 4.99906e-05 0.00129982 -0.00030025
0 0 894 0.00204931 0.00200998 -0.00135033 -0.00252013
0 0 895 0.00155964 -0.00264041 -0.00123031 -0.00118031
0 0 896 0.00218901 -0.000140394 0.00225997 -0.0026803
0 0 897 -0.00254026 0.00128979 -5.03074e-05 -0.00145032
0 0 898 -0.00155124 -0.00217031 -0.000980185 -0.000250262
0 0 899 0.00215996 -7.04674e-05 -0.00125014 -0.000910311
0 0 900 -0.00357076 0.000859509 0.0017197 0.000339733
0 0 901 -0.000591283 -0.0016405 0.00130991 -0.00269015
0 0 902 0.0025196 0.00138983 0.00152976 -0.00151016
0 0 903 0.000928888 -0.00032006 0.00043986 -4.01028e-05
0 0 904 0.000448907 -0.00123013 0.00105978 -0.00178017
0 0 905 -0.000551169 0.000699749 -0.000610036 0.000769909
0 0 906 0.00305906 0.00111982 -0.000850074 0.000199979
0 0 907 0.00103955 0.000759978 -0.000440279 -0.000710008
0 0 908 4.91534e-05 0.000839603 -0.00277002 -0.000160144
0 0 909 0.00157901 0.000769676 8.9895e-05 -0.000780061
0 0 910 -0.00171032 0.00215954 0.000199822 0.00132998
0 0 911 -0.000270373 0.000219959 -0.000210333 -0.000100299
0 0 912 0.00018886 -0.000540049 0.00166997 -1.01806e-05
0 0 913 0.0012 0.00128979 -0.000920355 0.000619946
0 0 914 -0.00121097 0.000889623 0.00178962 -5.03115e-05
0 0 915 0.000829296 0.000349604 -0.00125014 0.000729778
0 0 916 -0.0010602 -0.000530351 0.000169908 0.00059988
0 0 917 0.000949637 -0.00178036 -0.00194034 0.0010899
0 0 918 -0.000280056 -0.00117041 0.000379671 -0.000410082
0 0 919 -0.000461259 0.0018099 -0.00291022 0.000960003
0 0 920 -0.00123034 1.98761e-05 -0.00135033 0.000549893
0 0 921 -0.00249046 0.00109991 -0.000360266 0.00114974
0 0 922 0.00220976 0.000769676 0.00074982 8.97948e-05
0 0 923 0.000509769 0.00142964 0.000299658 0.0019499
0 0 924 0.00448932 -0.000400195 0.00138992 0.00143981
0 0 925 -0.000490307 0.000789582 -0.000470194 -4.01028e-05
0 0 926 -0.00290128 0.00208961 0.000519873 -0.000360094
0 0 927 -0.00179054 0.000599708 0.00115997 0.000809688
0 0 928 -0.000730989 0.00102999 -0.00174031 2.99504e-05
0 0 929 0.00111977 3.97823e-05 0.00106987 -0.00158022
0 0 930 -0.000970288 0.00015973 -0.00162029 -0.00113033
0 0 931 -0.000100236 -0.000260342 0.00184981 -0.00380009
0 0 932 -0.00179054 0.00134951 -0.00152009 -0.000990221
0 0 933 -0.00062033 0.00149957 0.000789826 0.00175981
0 0 934 -0.000760037 0.0013 0.000569971 -0.00046007
0 0 935 0.000659158 -0.000540049 0.00242973 0.00149966
0 0 936 0.000578931 6.98967e-05 -0.00324036 -0.00279013
0 0 937 -0.0014309 -0.000570164 0.000969674 -0.000190066
0 0 938 0.00189992 0.000519572 0.000899753 -0.00211002
0 0 939 -7.11877e-05 5.96884e-05 -0.000610036 -0.00144011
0 0 940 0.00160944 0.000999873 -0.000140051 -0.00210016
0 0 941 -0.000430828 -0.00211009 -0.00190033 0.000169705
0 0 942 -0.00127045 0.000499666 0.00172979 -0.000880037
0 0 943 0.00194971 0.00108001 0.000299658 -0.000630098
0 0 944 0.000969002 0.00105959 0.000159816 -0.000120013
0 0 945 -0.000520738 -0.00075034 -0.00232022 -0.00290031
0 0 946 -0.000360283 0.00123977 -0.000680317 -0.000100299
0 0 947 -0.000291121 -0.00186049 -0.00157019 -0.00107013
0 0 948 -0.00145027 -0.00100044 0.00164978 2.99504e-05
0 0 949 0.000289836 -0.00075034 -0.000640311 -0.00201004
0 0 950 -0.00175043 -0.00118011 0.000379671 0.00136976
0 0 951 0.00262888 -0.00228005 -0.0022903 -0.00273028
0 0 952 0.000469656 -0.00329017 0.000229737 0.00106983
0 0 953 0.000228973 -0.000380289 0.0012299 -0.000310107
0 0 954 -0.00259005 0.00165984 0.000509781 -0.00175024
0 0 955 -0.00147102 0.00121986 -0.000920355 0.000149991
0 0 956 -0.00279062 0.000519572 0.00127963 -0.00066002
0 0 957 0.000399111 0.00199978 -0.00203008 -0.000350238
0 0 958 -0.00094124 -0.000930006 0.00217996 -0.00112012
0 0 959 0.00233978 0.00223967 0.00130991 0.000579815
0 0 960 -0.000981354 0.00141994 0.000239829 0.000389721
0 0 961 -0.000410079 0.00095955 0.00133982 -0.000100299
0 0 962 0.00132864 -0.00106016 -0.000490377 -0.0056
0 0 963 0.000419859 0.000719655 0.00049969 0.000629803
0 0 964 0.00136876 0.000599708 -0.00319026 -0.000840258
0 0 965 0.00174914 0.00110961 -0.00172012 -7.0025e-05
0 0 966 0.000389428 0.000999873 -0.00159037 -0.000720217
0 0 967 0.000309201 0.00308951 -0.00107029 0.00149966
0 0 968 -0.000100236 0.000259771 0.00146993 0.000719921
0 0 969 -0.00071024 0.00137962 -0.00157019 -0.000490344
0 0 970 -0.000760037 0.000189844 -0.000340083 0.00164997
0 0 971 0.00166892 -0.000830475 -0.00118022 0.00200974
0 0 972 -4.07566e-05 0.00172977 -0.000240247 -0.00143025
0 0 973 0.000318883 -0.00027004 0.00293972 -0.000710008
0 0 974 -0.00169095 0.000899832 0.00154995 -0.000310107
0 0 975 0.000769817 0.000649728 0.00225997 -3.23864e-07
0 0 976 0.00217933 0.000809999 -0.000740146 -0.000900102
0 0 977 -0.00142122 4.99906e-05 8.9895e-05 0.000429852
0 0 978 0.000668841 0.000149521 4.98887e-05 0.000909663
0 0 979 -0.00191089 -0.00127045 0.000169908 0.000879741
0 0 980 -1.03255e-05 0.000239865 0.00156977 -0.000100299
0 0 981 0.00259983 4.99906e-05 -0.000600304 -0.000730074
0 0 982 -0.00356108 0.000739561 0.000569971 0.000639659
0 0 983 2.97882e-05 -0.00128015 0.000549788 0.00291973
0 0 984 -0.00138111 -0.000310362 0.0012299 0.000489696
0 0 985 0.00207974 -1.02384e-05 0.000799918 0.000699856
0 0 986 0.000199926 0.00150978 0.000419677 -0.000570254
0 0 987 0.00307981 -0.000360383 -0.00169021 0.00236987
0 0 988 0.000259405 0.00233971 -0.00301006 -0.00125002
0 0 989 -0.00017078 0.00242955 -0.000710232 0.000229901
0 0 990 -0.00312121 0.00102999 0.000129901 0.000289745
0 0 991 -8.08703e-05 0.000559895 3.9797e-05 0.000989925
0 0 992 -0.00109063 0.00168995 0.000219645 -0.00154009
0 0 993 0.00312961 0.000669634 -6.00386e-05 0.000369655
0 0 994 -0.000421145 0.00247957 0.000779734 -0.0010902
0 0 995 0.000649476 0.00203959 -0.00295023 -0.000810336
0 0 996 -0.00145027 0.000409833 0.000619709 0.00237972
0 0 997 -0.000760037 -0.00027004 -0.00125014 0.00018977
0 0 998 -0.00223041 0.000689541 -0.00269037 -0.00232017
0 0 999 -0.00207134 0.00165984 -0.000170326 0.00258988
0 0 1000 0.0023799 0.00158991 0.00105978 0.00131977
0 0 1001 0.00149878 0.000979967 -0.00137016 -0.00124016
0 0 1002 -0.00265091 -2.04467e-05 0.000379671 0.000139782
0 0 1003 0.0014891 0.00141994 -0.00089008 0.00136976
0 0 1004 0.0021489 0.000509874 0.000139633 0.00129971
0 0 1005 -7.11877e-05 0.00148987 -0.000420096 -0.00038016
0 0 1006 -0.00154018 0.00219986 -0.000100045 -0.00280034
0 0 1007 0.000939954 -0.00190031 0.000769642 -0.00194034
0 0 1008 0.000919206 -0.000470122 0.000369939 -0.00145032
0 0 1009 -0.00124002 0.000569593 -0.00102019 -0.00253033
0 0 1010 -0.00319037 0.000939644 -0.000910264 -3.02461e-05
0 0 1011 -0.00176011 0.00235962 -0.000940178 0.00105998
0 0 1012 0.00199951 0.000519572 -0.0027001 -0.00148024
0 0 1013 2.97882e-05 -0.00256027 0.000489959 -0.00210016
0 0 1014 0.00314897 0.00173997 1.9974e-05 0.00382972
0 0 1015 0.00114882 -0.00130006 0.0034097 0.000779766
0 0 1016 0.00104923 -0.00128015 0.00157986 -0.00220013
0 0 1017 -0.000690875 0.00220956 -0.000430187 -0.000620242
0 0 1018 -0.00062033 0.000979967 0.00152976 0.00192983
0 0 1019 -0.00271039 0.00115963 -0.0010602 -3.02461e-05
0 0 1020 -0.000520738 0.00240964 0.000339664 -0.000900102
0 0 1021 0.000238656 0.00247957 0.00135965 0.00128985
0 0 1022 -0.000930174 0.000439948 0.000359848 -0.000260119
0 0 1023 -0.00132025 2.9574e-05 0.00190964 0.00113989
