0 0 0 0.578899
0 0 1 0.353855
0 0 2 0.972668
0 0 3 1.53861
0 0 4 2.95398
0 0 5 4.44121
0 0 6 4.5038
0 0 7 3.29959
0 0 8 2.84213
0 0 9 1.69416
0 0 10 0.804492
0 0 11 0.567368
0 0 12 0.551916
0 0 13 0.530109
0 0 14 0.105906
0 0 15 -0.125963
0 0 16 0.0399378
0 0 17 0.0250342
0 0 18 0.168501
0 0 19 -0.115609
0 0 20 0.178855
0 0 21 -0.0530921
0 0 22 -0.310767
0 0 23 0.0106796
0 0 24 -0.235622
0 0 25 0.107631
0 0 26 0.0628422
0 0 27 -0.0719961
0 0 28 -0.0363844
0 0 29 -0.0548177
0 0 30 0.305692
0 0 31 0.348128
0 0 32 0.0491152
0 0 33 -0.186832
0 0 34 0.0117778
0 0 35 -0.371637
0 0 36 0.0686468
0 0 37 -0.0226574
0 0 38 0.810218
0 0 39 -0.0283835
0 0 40 0.418724
0 0 41 0.0542923
0 0 42 -0.254526
0 0 43 0.113358
0 0 44 0.224193
0 0 45 -0.0439146
0 0 46 0.197759
0 0 47 -0.0622695
0 0 48 0.166775
0 0 49 -0.212639
0 0 50 -0.359557
0 0 51 -0.0031258
0 0 52 -0.272881
0 0 53 -0.506475
0 0 54 0.114534
0 0 55 -0.0100285
0 0 56 -0.0863506
0 0 57 0.0605675
0 0 58 0.159323
0 0 59 -0.0174803
0 0 60 0.144969
0 0 61 0.161598
0 0 62 0.261452
0 0 63 -0.122511
0 0 64 0.102454
0 0 65 0.107631
0 0 66 0.236822
0 0 67 0.0204062
0 0 68 0.440531
0 0 69 0.000874643
0 0 70 -0.13114
0 0 71 0.426804
0 0 72 0.14842
0 0 73 -0.157496
0 0 74 0.28671
0 0 75 -0.46804
0 0 76 0.0628422
0 0 77 0.123163
0 0 78 -0.0295601
0 0 79 0.0399378
0 0 80 0.125986
0 0 81 0.0737454
0 0 82 0.134066
0 0 83 0.611059
0 0 84 0.0835504
0 0 85 -0.0226574
0 0 86 -0.0639952
0 0 87 0.166226
0 0 88 0.347579
0 0 89 -0.248251
0 0 90 -0.13514
0 0 91 0.0870017
0 0 92 -0.192558
0 0 93 -0.219542
0 0 94 -0.311395
0 0 95 -0.0214808
0 0 96 -0.217189
0 0 97 0.0301328
0 0 98 -0.186832
0 0 99 -0.0352862
0 0 100 0.435981
0 0 101 -0.197108
0 0 102 0.166226
0 0 103 0.190856
0 0 104 0.0112287
0 0 105 -0.0823502
0 0 106 -0.188558
0 0 107 0.0364864
0 0 108 0.131791
0 0 109 0.438805
0 0 110 0.0726472
0 0 111 0.0622931
0 0 112 0.642043
0 0 113 -0.116785
0 0 114 0.140968
0 0 115 -0.172478
0 0 116 -0.0461893
0 0 117 0.0146801
0 0 118 0.567996
0 0 119 -0.135689
0 0 120 -0.0875272
0 0 121 0.119711
0 0 122 -0.132866
0 0 123 -0.234445
0 0 124 0.112259
0 0 125 0.447983
0 0 126 0.41645
0 0 127 -0.03811
0 0 128 0.325224
0 0 129 0.439433
0 0 130 -0.00140012
0 0 131 0.0404868
0 0 132 0.161598
0 0 133 -0.037561
0 0 134 0.31487
0 0 135 -0.0725452
0 0 136 -0.35438
0 0 137 -0.0588182
0 0 138 -0.318847
0 0 139 0.0140526
0 0 140 -0.0272069
0 0 141 0.386564
0 0 142 -0.333201
0 0 143 -0.224719
0 0 144 -0.261978
0 0 145 0.0250342
0 0 146 0.313693
0 0 147 -0.238446
0 0 148 -0.10298
0 0 149 -0.116236
0 0 150 0.177678
0 0 151 -0.116785
0 0 152 0.0743729
0 0 153 0.135791
0 0 154 -0.00657716
0 0 155 -0.143769
0 0 156 -0.345203
0 0 157 -0.166124
0 0 158 0.137517
0 0 159 -0.408896
0 0 160 0.253451
0 0 161 -0.202285
0 0 162 -0.142592
0 0 163 0.388917
0 0 164 -0.0221083
0 0 165 0.433706
0 0 166 0.0106796
0 0 167 -0.138043
0 0 168 0.022681
0 0 169 0.350403
0 0 170 0.0233085
0 0 171 -0.369362
0 0 172 -0.132866
0 0 173 0.41645
0 0 174 0.0640188
0 0 175 -0.636764
0 0 176 0.0124053
0 0 177 0.155872
0 0 178 0.373386
0 0 179 -0.181028
0 0 180 0.0117778
0 0 181 -0.120786
0 0 182 0.130614
0 0 183 0.326871
0 0 184 0.353305
0 0 185 0.0818247
0 0 186 0.191484
0 0 187 -0.312493
0 0 188 0.14842
0 0 189 0.0835504
0 0 190 -0.509377
0 0 191 -0.130591
0 0 192 -0.019206
0 0 193 0.0812756
0 0 194 -0.108706
0 0 195 0.0921788
0 0 196 0.104808
0 0 197 0.16905
0 0 198 0.371111
0 0 199 -0.120237
0 0 200 0.102454
0 0 201 -0.358459
0 0 202 0.142067
0 0 203 0.368837
0 0 204 -0.401444
0 0 205 -0.019206
0 0 206 0.192033
0 0 207 0.274709
0 0 208 -0.295315
0 0 209 -0.145494
0 0 210 0.256275
0 0 211 0.230468
0 0 212 0.0904531
0 0 213 0.106533
0 0 214 0.00895396
0 0 215 -0.17185
0 0 216 -0.206285
0 0 217 0.155872
0 0 218 -0.00367488
0 0 219 -0.251075
0 0 220 -0.0593673
0 0 221 0.308516
0 0 222 0.120888
0 0 223 -0.125963
0 0 224 -0.418152
0 0 225 -0.247623
0 0 226 -0.0398357
0 0 227 0.0731963
0 0 228 0.348128
0 0 229 0.125437
0 0 230 0.161598
0 0 231 -0.154672
0 0 232 0.0731963
0 0 233 -0.0111267
0 0 234 0.122535
0 0 235 0.0858251
0 0 236 0.084727
0 0 237 0.258001
0 0 238 0.585802
0 0 239 0.227017
0 0 240 0.221291
0 0 241 0.31887
0 0 242 0.425627
0 0 243 0.0680193
0 0 244 -0.0318348
0 0 245 0.140341
0 0 246 0.307967
0 0 247 0.13234
0 0 248 0.143243
0 0 249 -0.102431
0 0 250 0.275807
0 0 251 0.311419
0 0 252 0.305692
0 0 253 0.304516
0 0 254 0.264355
0 0 255 0.205838
