0 0 0 0.174943
0 0 1 0.196266
0 0 2 0.111993
0 0 3 0.126388
0 0 4 0.133575
0 0 5 -0.133617
0 0 6 -0.22326
0 0 7 -0.14304
0 0 8 0.13699
0 0 9 0.227531
0 0 10 0.336281
0 0 11 0.264307
0 0 12 -0.0560327
0 0 13 -0.0833649
0 0 14 0.0231487
0 0 15 0.0591258
0 0 16 -0.0785333
0 0 17 -0.0548548
0 0 18 0.0294178
0 0 19 -0.0428158
0 0 20 0.149288
0 0 21 0.189058
0 0 22 0.0821655
0 0 23 0.214454
0 0 24 0.135412
0 0 25 -0.0107519
0 0 26 0.30264
0 0 27 0.0728617
0 0 28 -0.134935
0 0 29 -0.131401
0 0 30 -0.118563
0 0 31 0.100873
0 0 32 0.149548
0 0 33 0.0116289
0 0 34 -0.0136269
0 0 35 0.136211
0 0 36 0.0803287
0 0 37 0.21655
0 0 38 0.233421
0 0 39 0.375931
0 0 40 0.503907
0 0 41 0.224796
0 0 42 0.0648957
0 0 43 0.00887372
0 0 44 0.0749581
0 0 45 0.104007
0 0 46 -0.106405
0 0 47 -0.249814
0 0 48 -0.0691098
0 0 49 0.0746985
0 0 50 0.159231
0 0 51 0.107681
0 0 52 -0.00590043
0 0 53 -0.0159828
0 0 54 -0.0691098
0 0 55 -0.0807494
0 0 56 -0.102991
0 0 57 0.167616
0 0 58 0.321367
0 0 59 0.468829
0 0 60 0.591574
0 0 61 0.626912
0 0 62 0.999979
0 0 63 0.667082
0 0 64 0.186064
0 0 65 0.230945
0 0 66 0.257119
0 0 67 0.134494
0 0 68 0.154778
0 0 69 0.00378263
0 0 70 -0.0942259
0 0 71 0.0992955
0 0 72 -0.0705473
0 0 73 -0.0106122
0 0 74 0.0938051
0 0 75 0.0791507
0 0 76 0.110037
0 0 77 -0.0200357
0 0 78 -0.296931
0 0 79 -0.308431
0 0 80 -0.0222718
0 0 81 -0.0339114
0 0 82 0.17101
0 0 83 0.269677
0 0 84 0.0724824
0 0 85 0.1082
0 0 86 0.0667125
0 0 87 0.0728617
0 0 88 0.0694677
0 0 89 -0.107702
0 0 90 -0.272334
0 0 91 0.0164604
0 0 92 0.0677706
0 0 93 -0.0812685
0 0 94 0.0570294
0 0 95 0.0408178
0 0 96 -0.218808
0 0 97 -0.203495
0 0 98 0.23394
0 0 99 0.291519
0 0 100 0.256061
0 0 101 0.00967232
0 0 102 0.0342693
0 0 103 0.144576
0 0 104 -0.0806297
0 0 105 0.00769578
0 0 106 -0.038743
0 0 107 -0.0693694
0 0 108 0.0965603
0 0 109 -0.102871
0 0 110 -0.259377
0 0 111 -0.108621
0 0 112 -0.232803
0 0 113 -0.117266
0 0 114 0.177559
0 0 115 0.128744
0 0 116 -0.015843
0 0 117 -0.0171607
0 0 118 -0.0201754
0 0 119 0.0203936
0 0 120 0.0737801
0 0 121 0.155437
0 0 122 0.333526
0 0 123 0.146932
0 0 124 0.0325722
0 0 125 0.13699
0 0 126 -0.00538134
0 0 127 0.120898
