0 0 0 -0.00346571
0 0 1 -0.00346571
0 0 2 -0.00346571
0 0 3 -0.00346571
0 0 4 -0.00346571
0 0 5 -0.00346571
0 0 6 -0.00346571
0 0 7 -0.00346571
0 0 8 -0.00346571
0 0 9 -0.00346571
0 0 10 -0.00346571
0 0 11 -0.00346571
0 0 12 -0.00346571
0 0 13 -0.00346571
0 0 14 -0.00346571
0 0 15 -0.00346571
0 0 16 -0.00346571
0 0 17 -0.00346571
0 0 18 -0.00346571
0 0 19 -0.00346571
0 0 20 -0.00346571
0 0 21 -0.00346571
0 0 22 -0.00346571
0 0 23 -0.00346571
0 0 24 -0.00346571
0 0 25 -0.00346571
0 0 26 -0.00346571
0 0 27 -0.00346571
0 0 28 -0.00346571
0 0 29 -0.00346571
0 0 30 -0.00346571
0 0 31 -0.00346571
0 0 32 -0.00346571
0 0 33 -0.00346571
0 0 34 -0.00346571
0 0 35 -0.00346571
0 0 36 -0.00346571
0 0 37 -0.00346571
0 0 38 -0.00346571
0 0 39 -0.00346571
0 0 40 -0.00346571
0 0 41 -0.00346571
0 0 42 -0.00346571
0 0 43 -0.00346571
0 0 44 -0.00346571
0 0 45 -0.00346571
0 0 46 -0.00346571
0 0 47 -0.00346571
0 0 48 -0.00346571
0 0 49 -0.00346571
0 0 50 -0.00346571
0 0 51 -0.00346571
0 0 52 -0.00346571
0 0 53 -0.00346571
0 0 54 -0.00346571
0 0 55 9.08079
0 0 56 4.34972
0 0 57 0.720506
0 0 58 2.37423
0 0 59 4.86417
0 0 60 9.27722
0 0 61 -0.00346571
0 0 62 -0.00346571
0 0 63 -0.00346571
0 0 64 3.95687
0 0 65 7.27928
0 0 66 4.77812
0 0 67 4.76502
0 0 68 8.62808
0 0 69 -0.00346571
0 0 70 -0.00346571
0 0 71 9.67007
0 0 72 8.24832
0 0 73 5.18219
0 0 74 -2.87316
0 0 75 -4.28369
0 0 76 -1.54869
0 0 77 -5.43606
0 0 78 -7.93723
0 0 79 -10.1933
0 0 80 -8.53773
0 0 81 -11.8732
0 0 82 -8.29267
0 0 83 -1.36536
0 0 84 2.76708
0 0 85 -0.32336
0 0 86 6.33456
0 0 87 4.07846
0 0 88 1.82237
0 0 89 -0.138158
0 0 90 3.45364
0 0 91 -5.16481
0 0 92 -2.39426
0 0 93 0.0938122
0 0 94 -4.09849
0 0 95 -10.5113
0 0 96 0.0208538
0 0 97 -2.77402
0 0 98 -11.688
0 0 99 -4.76073
0 0 100 -2.27266
0 0 101 -7.59301
0 0 102 -9.24861
0 0 103 -2.88439
0 0 104 0.989891
0 0 105 6.78915
0 0 106 5.95481
0 0 107 10.0872
0 0 108 4.81553
0 0 109 2.85314
0 0 110 3.39191
0 0 111 5.0475
0 0 112 -2.48031
0 0 113 -0.00346571
0 0 114 1.35655
0 0 115 12.1956
0 0 116 7.46261
0 0 117 13.2619
0 0 118 21.0235
0 0 119 16.8424
0 0 120 -0.972503
0 0 121 0.118132
0 0 122 -1.00992
0 0 123 -11.3083
0 0 124 -8.82021
0 0 125 -1.34104
0 0 126 6.43371
0 0 127 5.58814
0 0 128 16.1447
0 0 129 12.2573
0 0 130 13.6173
0 0 131 8.29696
0 0 132 6.34766
0 0 133 1.30792
0 0 134 3.22167
0 0 135 2.36301
0 0 136 2.08053
0 0 137 9.29032
0 0 138 1.49125
0 0 139 8.14917
0 0 140 10.9216
0 0 141 11.9879
0 0 142 7.52435
0 0 143 18.6084
0 0 144 13.2993
0 0 145 13.0168
0 0 146 12.9925
0 0 147 7.70768
0 0 148 2.14226
0 0 149 4.34972
0 0 150 4.61911
0 0 151 4.05415
0 0 152 5.97913
0 0 153 3.74735
0 0 154 0.658772
0 0 155 6.18865
0 0 156 0.903838
0 0 157 8.38301
0 0 158 9.75613
0 0 159 11.1423
0 0 160 0.290239
0 0 161 8.59066
0 0 162 -5.31259
0 0 163 -6.99251
0 0 164 -10.083
0 0 165 -11.7629
0 0 166 -18.7257
0 0 167 -0.959408
0 0 168 4.0186
0 0 169 0.389387
0 0 170 1.19754
0 0 171 10.3566
0 0 172 1.17322
0 0 173 -9.11392
0 0 174 -6.93077
0 0 175 -8.89317
0 0 176 -12.7918
0 0 177 -16.9859
0 0 178 -12.8292
0 0 179 -11.4673
0 0 180 -5.92619
0 0 181 -10.9397
0 0 182 -4.85988
0 0 183 4.28799
0 0 184 -4.8842
0 0 185 -11.284
0 0 186 -6.30595
0 0 187 -6.33027
0 0 188 -10.7938
0 0 189 -7.75202
0 0 190 -2.78711
0 0 191 -9.19997
0 0 192 -5.88878
0 0 193 -9.23551
0 0 194 1.02544
0 0 195 1.00112
0 0 196 11.5576
0 0 197 6.54409
0 0 198 13.4583
0 0 199 3.44242
0 0 200 5.3674
0 0 201 -4.09849
0 0 202 -6.61275
0 0 203 -9.70319
0 0 204 -6.0983
0 0 205 -7.49573
0 0 206 -8.91749
0 0 207 -0.592745
0 0 208 -6.14694
0 0 209 -6.18248
0 0 210 -8.68552
0 0 211 0.744826
0 0 212 -2.33252
0 0 213 1.24618
0 0 214 6.50667
0 0 215 2.04311
0 0 216 4.25057
0 0 217 4.50873
0 0 218 4.50873
0 0 219 5.85753
0 0 220 15.5685
0 0 221 8.05189
0 0 222 6.92384
0 0 223 8.27264
0 0 224 6.29902
0 0 225 2.65671
0 0 226 2.10485
0 0 227 -1.23066
0 0 228 -3.17996
0 0 229 1.25928
0 0 230 2.33869
0 0 231 7.02112
0 0 232 15.6171
0 0 233 15.8865
0 0 234 9.17994
0 0 235 10.8468
0 0 236 4.447
0 0 237 0.52408
0 0 238 -0.875225
0 0 239 6.89952
0 0 240 -0.60397
0 0 241 3.79786
0 0 242 5.47777
0 0 243 12.6501
0 0 244 -2.10055
0 0 245 10.9459
0 0 246 4.26367
0 0 247 -6.87091
0 0 248 -7.70339
0 0 249 -5.49593
0 0 250 -13.3193
0 0 251 -12.2044
0 0 252 -5.54644
0 0 253 -9.73874
0 0 254 -7.25067
0 0 255 -5.86446
0 0 256 0.486665
0 0 257 6.86211
0 0 258 2.11794
0 0 259 5.12046
0 0 260 -3.49799
0 0 261 -3.79169
0 0 262 -10.2046
0 0 263 -7.434
0 0 264 -13.0013
0 0 265 1.1489
0 0 266 3.36759
0 0 267 -1.1072
0 0 268 3.85772
0 0 269 6.89952
0 0 270 3.27031
0 0 271 2.12917
0 0 272 5.74715
0 0 273 -0.371999
0 0 274 6.83779
0 0 275 7.37656
0 0 276 -0.407543
0 0 277 2.60807
0 0 278 8.9461
0 0 279 7.83115
0 0 280 5.29257
0 0 281 9.9881
0 0 282 12.478
0 0 283 6.92384
0 0 284 2.1909
0 0 285 5.24393
0 0 286 2.71844
0 0 287 -1.46263
0 0 288 -1.19325
0 0 289 -2.60378
0 0 290 -4.29492
0 0 291 0.118132
0 0 292 -3.23983
0 0 293 3.68748
0 0 294 5.0606
0 0 295 1.16013
0 0 296 -3.00786
0 0 297 3.90823
0 0 298 -1.37658
0 0 299 -4.74951
0 0 300 1.90842
0 0 301 3.28153
0 0 302 -0.0651998
0 0 303 -4.2575
0 0 304 -2.05191
0 0 305 -8.73416
0 0 306 -11.2465
0 0 307 -9.59282
0 0 308 -5.44729
0 0 309 -12.1426
0 0 310 -5.75409
0 0 311 -4.94593
0 0 312 -2.18661
0 0 313 -11.1119
0 0 314 -0.568426
0 0 315 -10.3149
0 0 316 -1.73202
0 0 317 -6.45374
0 0 318 6.29902
0 0 319 0.179866
0 0 320 3.78476
0 0 321 -3.46057
0 0 322 -2.94612
0 0 323 -6.8335
0 0 324 -2.14919
0 0 325 -2.99476
0 0 326 2.53511
0 0 327 0.597038
0 0 328 3.31895
0 0 329 3.30585
0 0 330 6.34766
0 0 331 -1.18015
0 0 332 0.192961
0 0 333 2.96351
0 0 334 2.65671
0 0 335 -7.91291
0 0 336 7.08286
0 0 337 7.59731
0 0 338 1.77373
0 0 339 6.75174
0 0 340 13.4097
0 0 341 -3.8422
0 0 342 -0.506692
0 0 343 0.303334
0 0 344 -11.3812
0 0 345 -9.44503
0 0 346 -5.28827
0 0 347 -14.2023
0 0 348 -11.7124
0 0 349 -10.6348
0 0 350 -12.8778
0 0 351 -12.0566
0 0 352 -6.79608
0 0 353 -18.4807
0 0 354 -11.0146
0 0 355 -3.8422
0 0 356 -1.63474
0 0 357 0.829009
0 0 358 5.53763
0 0 359 6.0895
0 0 360 2.46028
0 0 361 -2.54204
0 0 362 -2.84884
0 0 363 4.89971
0 0 364 -3.16687
0 0 365 -1.79375
0 0 366 4.55737
0 0 367 9.5597
0 0 368 5.95481
0 0 369 11.191
0 0 370 5.91739
0 0 371 5.90617
0 0 372 -3.29034
0 0 373 0.855199
0 0 374 -0.813491
0 0 375 0.548399
0 0 376 -3.06959
0 0 377 6.07827
0 0 378 -0.875225
0 0 379 -2.27266
0 0 380 6.29902
0 0 381 8.21091
0 0 382 3.18426
0 0 383 4.82676
0 0 384 8.68981
0 0 385 -2.43167
0 0 386 -1.62165
0 0 387 -1.90413
0 0 388 3.90823
0 0 389 0.279014
0 0 390 -1.96586
0 0 391 -1.13152
0 0 392 -7.53128
0 0 393 -9.49367
0 0 394 -1.46263
0 0 395 2.98783
0 0 396 -1.20447
0 0 397 5.42726
0 0 398 3.73612
0 0 399 4.00551
0 0 400 8.40733
0 0 401 13.3984
0 0 402 7.26619
0 0 403 10.5905
0 0 404 6.94816
0 0 405 10.54
0 0 406 -0.0277852
0 0 407 3.02524
0 0 408 4.66774
0 0 409 1.8841
0 0 410 -4.79814
0 0 411 3.51538
0 0 412 -0.959408
0 0 413 -5.42297
0 0 414 -7.94845
0 0 415 -8.24403
0 0 416 -8.54895
0 0 417 -4.94593
0 0 418 -10.5244
0 0 419 -8.85575
0 0 420 -9.71442
0 0 421 -16.6791
0 0 422 -11.7011
0 0 423 -5.0563
0 0 424 1.87288
0 0 425 7.69645
0 0 426 18.2399
0 0 427 14.0719
0 0 428 12.6614
0 0 429 12.3677
0 0 430 4.57047
0 0 431 -1.57301
0 0 432 2.28818
0 0 433 1.73631
0 0 434 -0.506692
0 0 435 3.34327
0 0 436 4.447
0 0 437 1.38087
0 0 438 2.44906
0 0 439 -1.73202
0 0 440 -8.9549
0 0 441 -11.4804
0 0 442 -12.5953
0 0 443 -9.82479
0 0 444 -15.1208
0 0 445 -8.19352
0 0 446 -2.95922
0 0 447 -2.43167
0 0 448 -9.10082
0 0 449 0.303334
0 0 450 4.447
0 0 451 1.39397
0 0 452 1.08717
0 0 453 2.74276
0 0 454 -1.43831
0 0 455 -5.90187
0 0 456 -2.59068
0 0 457 -2.33252
0 0 458 4.60601
0 0 459 4.0186
0 0 460 -2.9349
0 0 461 -0.727438
0 0 462 5.63678
0 0 463 0.879518
0 0 464 3.90823
0 0 465 15.2729
0 0 466 12.7474
0 0 467 13.0168
0 0 468 18.0079
0 0 469 16.5974
0 0 470 9.10698
0 0 471 4.37404
0 0 472 1.01421
0 0 473 -4.29492
0 0 474 -4.31924
0 0 475 -4.06295
0 0 476 -4.08727
0 0 477 -6.04779
0 0 478 -14.1162
0 0 479 -18.0148
0 0 480 -12.7674
0 0 481 -8.07192
0 0 482 -6.392
0 0 483 -5.04321
0 0 484 -4.20886
0 0 485 -4.22196
0 0 486 0.21728
0 0 487 -1.76943
0 0 488 4.33663
0 0 489 9.29032
0 0 490 4.82676
0 0 491 -2.11365
0 0 492 2.31437
0 0 493 -0.751757
0 0 494 -2.70106
0 0 495 5.61246
0 0 496 9.46242
0 0 497 13.0673
0 0 498 20.264
0 0 499 20.8028
0 0 500 15.4937
0 0 501 8.8245
0 0 502 -4.53998
0 0 503 -6.50238
0 0 504 -8.45168
0 0 505 -5.69235
0 0 506 -8.7828
0 0 507 -1.5861
0 0 508 -11.602
0 0 509 -11.3326
0 0 510 -13.295
0 0 511 -6.37891
0 0 512 -12.2044
0 0 513 -5.28827
0 0 514 -6.99251
0 0 515 -9.21119
0 0 516 -5.59507
0 0 517 -0.628289
0 0 518 0.744826
0 0 519 2.66981
0 0 520 2.9261
0 0 521 -9.04096
0 0 522 -6.55102
0 0 523 -10.7209
0 0 524 -13.7851
0 0 525 -13.7982
0 0 526 -11.0258
0 0 527 -16.0412
0 0 528 -11.0763
0 0 529 -4.16023
0 0 530 -7.53128
0 0 531 2.44906
0 0 532 -0.0782949
0 0 533 6.57963
0 0 534 9.05647
0 0 535 12.9308
0 0 536 17.6394
0 0 537 20.1293
0 0 538 12.3546
0 0 539 6.23729
0 0 540 11.2153
0 0 541 -0.751757
0 0 542 -4.95716
0 0 543 -8.32821
0 0 544 -15.0105
0 0 545 -15.5997
0 0 546 -9.80047
0 0 547 -7.02992
0 0 548 1.02544
0 0 549 7.40275
0 0 550 8.78709
0 0 551 -0.383224
0 0 552 4.8754
0 0 553 0.669997
0 0 554 -2.95922
0 0 555 -1.86671
0 0 556 0.879518
0 0 557 -1.36536
0 0 558 -4.98148
0 0 559 2.21522
0 0 560 -10.5731
0 0 561 -3.93948
0 0 562 -6.45374
0 0 563 -0.0782949
0 0 564 0.744826
0 0 565 5.44036
0 0 566 7.37656
0 0 567 8.73845
0 0 568 6.49545
0 0 569 7.58608
0 0 570 11.1779
0 0 571 0.879518
0 0 572 4.20193
0 0 573 1.68767
0 0 574 -2.48031
0 0 575 -7.48264
0 0 576 -6.96819
0 0 577 -10.0324
0 0 578 -12.2773
0 0 579 -14.5203
0 0 580 -10.0942
0 0 581 -4.83556
0 0 582 -3.48676
0 0 583 6.48235
0 0 584 12.8466
0 0 585 14.2066
0 0 586 11.7054
0 0 587 11.6923
0 0 588 5.29257
0 0 589 2.4846
0 0 590 -6.41632
0 0 591 -2.00327
0 0 592 -0.34768
0 0 593 -2.3213
0 0 594 -5.36123
0 0 595 6.01654
0 0 596 7.94152
0 0 597 7.36534
0 0 598 18.7319
0 0 599 21.4781
0 0 600 13.1272
0 0 601 12.8335
0 0 602 8.9461
0 0 603 5.03628
0 0 604 8.6393
0 0 605 13.8886
0 0 606 10.7981
0 0 607 16.0586
0 0 608 6.8752
0 0 609 -3.42503
0 0 610 -1.21757
0 0 611 -5.68113
0 0 612 -7.65475
0 0 613 3.15994
0 0 614 9.52229
0 0 615 3.405
0 0 616 5.89307
0 0 617 6.44494
0 0 618 4.47132
0 0 619 10.5905
0 0 620 10.0143
0 0 621 10.2837
0 0 622 11.9393
0 0 623 12.1712
0 0 624 2.98783
0 0 625 6.02776
0 0 626 8.77586
0 0 627 4.60601
0 0 628 -5.69235
0 0 629 -0.985598
0 0 630 -8.7828
0 0 631 -13.7982
0 0 632 -12.9751
0 0 633 -3.54663
0 0 634 -2.73847
0 0 635 7.25496
0 0 636 6.94816
0 0 637 7.20632
0 0 638 7.72077
0 0 639 5.20651
0 0 640 5.18219
0 0 641 7.10717
0 0 642 7.36534
0 0 643 -0.420638
0 0 644 -0.972503
0 0 645 -6.28163
0 0 646 -6.57534
0 0 647 -3.52231
0 0 648 7.85547
0 0 649 6.72742
0 0 650 15.604
0 0 651 16.7078
0 0 652 17.8115
0 0 653 6.12691
0 0 654 9.97687
0 0 655 9.11821
0 0 656 3.5266
0 0 657 -3.98812
0 0 658 -6.5136
0 0 659 -6.53979
0 0 660 -12.3634
0 0 661 -7.37227
0 0 662 -6.01225
0 0 663 -1.02114
0 0 664 3.95687
0 0 665 -3.00786
0 0 666 -2.7497
0 0 667 -7.21325
0 0 668 -7.49573
0 0 669 -15.5754
0 0 670 -8.10746
0 0 671 -5.09185
0 0 672 3.77167
0 0 673 7.63472
0 0 674 2.32559
0 0 675 3.7118
0 0 676 4.81553
0 0 677 -1.86671
0 0 678 -4.93284
0 0 679 -1.87981
0 0 680 0.866423
0 0 681 -0.824716
0 0 682 4.15329
0 0 683 -1.15583
0 0 684 1.87288
0 0 685 2.41165
0 0 686 1.29669
0 0 687 1.54176
0 0 688 9.30154
0 0 689 9.54661
0 0 690 -1.85549
0 0 691 -5.4847
0 0 692 3.95687
0 0 693 6.45803
0 0 694 6.9968
0 0 695 27.8292
0 0 696 39.4895
0 0 697 45.0194
0 0 698 49.7261
0 0 699 68.903
0 0 700 75.2784
0 0 701 86.9518
0 0 702 91.6604
0 0 703 99.9982
0 0 704 95.804
0 0 705 90.2124
0 0 706 88.5082
0 0 707 73.7463
0 0 708 66.8059
0 0 709 62.8961
0 0 710 63.1523
0 0 711 50.0572
0 0 712 53.9334
0 0 713 53.6266
0 0 714 46.3794
0 0 715 32.1693
0 0 716 29.3857
0 0 717 19.6261
0 0 718 14.317
0 0 719 13.7277
0 0 720 4.28799
0 0 721 3.41623
0 0 722 2.04311
0 0 723 -9.91085
0 0 724 -16.8625
0 0 725 -4.94593
0 0 726 -9.11392
0 0 727 -9.42072
0 0 728 -4.16023
0 0 729 -5.27518
0 0 730 -1.95277
0 0 731 2.74276
0 0 732 4.11588
0 0 733 -2.29698
0 0 734 2.65671
0 0 735 -5.97483
0 0 736 -4.89542
0 0 737 -3.80479
0 0 738 -2.16229
0 0 739 4.23935
0 0 740 -2.99476
0 0 741 -5.25086
0 0 742 -9.70319
0 0 743 -2.21093
0 0 744 -5.30137
0 0 745 -1.414
0 0 746 -1.15583
0 0 747 -2.0145
0 0 748 -0.371999
0 0 749 4.33663
0 0 750 8.224
0 0 751 -0.690023
0 0 752 7.08286
0 0 753 3.45364
0 0 754 -4.35665
0 0 755 1.44261
0 0 756 5.03628
0 0 757 6.12691
0 0 758 9.4381
0 0 759 2.75399
0 0 760 -6.42942
0 0 761 -4.49134
0 0 762 -12.8404
0 0 763 -17.2927
0 0 764 -11.7629
0 0 765 -8.70984
0 0 766 -6.5136
0 0 767 -3.47367
0 0 768 -7.94845
0 0 769 -12.1426
0 0 770 -8.56205
0 0 771 -13.295
0 0 772 -19.9885
0 0 773 -9.17565
0 0 774 -6.12262
0 0 775 -10.0212
0 0 776 -1.99018
0 0 777 6.32334
0 0 778 6.02776
0 0 779 6.5684
0 0 780 7.92842
0 0 781 -2.35871
0 0 782 -1.52437
0 0 783 -2.11365
0 0 784 -2.97044
0 0 785 -5.75409
0 0 786 -2.71415
0 0 787 -5.50902
0 0 788 -13.8469
0 0 789 -10.8181
0 0 790 -12.7918
0 0 791 -6.13384
0 0 792 -3.10513
0 0 793 5.47777
0 0 794 1.84669
0 0 795 10.1845
0 0 796 7.9172
0 0 797 5.9679
0 0 798 -3.79169
0 0 799 -0.482372
0 0 800 -7.15152
0 0 801 -10.4739
0 0 802 -10.7564
0 0 803 -1.8929
0 0 804 -4.13591
0 0 805 -6.37891
0 0 806 -1.4009
0 0 807 -5.58198
0 0 808 -14.7654
0 0 809 -13.9441
0 0 810 -5.08062
0 0 811 -10.646
0 0 812 -12.0678
0 0 813 -4.30801
0 0 814 -1.56178
0 0 815 -4.09849
0 0 816 -7.45832
0 0 817 -4.40529
0 0 818 -7.48264
0 0 819 -13.3324
0 0 820 -18.3216
0 0 821 -11.1119
0 0 822 -9.75183
0 0 823 -15.6128
0 0 824 -18.6771
0 0 825 -17.5864
0 0 826 -21.4738
0 0 827 -18.4451
0 0 828 -19.3019
0 0 829 -9.32157
0 0 830 -6.28163
0 0 831 -4.35665
0 0 832 -6.85782
0 0 833 -0.482372
0 0 834 -6.59966
0 0 835 -9.95949
0 0 836 -16.3723
0 0 837 -16.3854
0 0 838 -14.2023
0 0 839 -4.77382
0 0 840 0.486665
0 0 841 11.8644
0 0 842 10.1602
0 0 843 12.6501
0 0 844 -0.703118
0 0 845 -0.433733
0 0 846 -12.9639
0 0 847 -9.65269
0 0 848 -7.72771
0 0 849 1.1489
0 0 850 3.34327
0 0 851 6.11382
0 0 852 0.265919
0 0 853 -0.875225
0 0 854 -5.06753
0 0 855 -20.922
0 0 856 -14.8514
0 0 857 -11.5178
0 0 858 -13.4783
0 0 859 -15.4407
0 0 860 -8.7828
0 0 861 -7.96155
0 0 862 -9.92394
0 0 863 -5.47161
0 0 864 -7.72771
0 0 865 0.0208538
0 0 866 -3.89084
0 0 867 -0.285946
0 0 868 -8.3544
0 0 869 -5.58198
0 0 870 -10.5974
0 0 871 -8.67242
0 0 872 -15.9309
0 0 873 -10.6835
0 0 874 -6.8335
0 0 875 -5.1779
0 0 876 -6.57534
0 0 877 -1.5861
0 0 878 -6.31905
0 0 879 -7.15152
0 0 880 -4.97025
0 0 881 -1.1072
0 0 882 2.74276
0 0 883 3.57711
0 0 884 3.27031
0 0 885 0.486665
0 0 886 -2.86007
0 0 887 -5.64371
0 0 888 -2.63932
0 0 889 -1.83117
0 0 890 -0.175573
0 0 891 -1.30362
0 0 892 1.73631
0 0 893 8.9461
0 0 894 5.31689
0 0 895 8.35869
0 0 896 12.7717
0 0 897 12.1956
0 0 898 0.78037
0 0 899 7.45139
0 0 900 2.1778
0 0 901 3.25721
0 0 902 -0.34768
0 0 903 1.84669
0 0 904 -2.91058
0 0 905 -2.38303
0 0 906 -3.79169
0 0 907 -0.764852
0 0 908 -1.8929
0 0 909 2.54634
0 0 910 -0.531011
0 0 911 1.12458
0 0 912 8.06312
0 0 913 13.0411
0 0 914 10.7981
0 0 915 16.0455
0 0 916 10.1976
0 0 917 0.462346
0 0 918 -5.09185
0 0 919 -5.41174
0 0 920 -2.63932
0 0 921 7.05854
0 0 922 9.80477
0 0 923 14.5003
0 0 924 14.2066
0 0 925 12.2442
0 0 926 2.22831
0 0 927 0.00775866
0 0 928 -3.08081
0 0 929 -2.81143
0 0 930 -14.2135
0 0 931 -8.13365
0 0 932 -4.01244
0 0 933 -3.47367
0 0 934 -5.42297
0 0 935 4.55737
0 0 936 0.106907
0 0 937 3.96809
0 0 938 -1.02114
0 0 939 3.39191
0 0 940 10.8954
0 0 941 13.6547
0 0 942 7.25496
0 0 943 8.06312
0 0 944 -4.73641
0 0 945 -11.9836
0 0 946 -13.1229
0 0 947 -13.9816
0 0 948 -13.7234
0 0 949 -5.96361
0 0 950 -10.6835
0 0 951 -10.9772
0 0 952 -11.2709
0 0 953 -2.95922
0 0 954 -2.13797
0 0 955 3.12252
0 0 956 0.597038
0 0 957 1.70077
0 0 958 -5.53334
0 0 959 0.265919
0 0 960 -3.64577
0 0 961 0.486665
0 0 962 5.19529
0 0 963 3.2329
0 0 964 -5.11617
0 0 965 -2.6281
0 0 966 0.707411
0 0 967 2.91487
0 0 968 4.83985
0 0 969 9.266
0 0 970 10.626
0 0 971 6.72742
0 0 972 -1.08288
0 0 973 -1.37658
0 0 974 -8.3413
0 0 975 -9.73874
0 0 976 -9.48245
0 0 977 -12.571
0 0 978 -10.646
0 0 979 -4.82246
0 0 980 -6.23299
0 0 981 -9.55541
0 0 982 -9.01477
0 0 983 -7.08979
0 0 984 -9.05218
0 0 985 -6.03657
0 0 986 -4.94593
0 0 987 4.20193
0 0 988 5.29257
0 0 989 12.2087
0 0 990 7.75819
0 0 991 6.89952
0 0 992 -0.899545
0 0 993 1.03853
0 0 994 0.731731
0 0 995 2.65671
0 0 996 4.04292
0 0 997 6.50667
0 0 998 5.67233
0 0 999 0.939382
0 0 1000 2.28818
0 0 1001 6.15123
0 0 1002 8.08931
0 0 1003 7.21755
0 0 1004 1.90842
0 0 1005 -0.0408803
0 0 1006 -0.899545
0 0 1007 -5.90187
0 0 1008 -10.9154
0 0 1009 -9.54231
0 0 1010 -18.7145
0 0 1011 -22.6
0 0 1012 -17.6239
0 0 1013 -12.6459
0 0 1014 -11.284
0 0 1015 -4.35665
0 0 1016 1.16013
0 0 1017 2.26386
0 0 1018 -0.261626
0 0 1019 6.10259
0 0 1020 -0.00346571
0 0 1021 -0.00346571
0 0 1022 -0.00346571
0 0 1023 -0.00346571
