0 0 0 -1.99477e-05 -7.2948e-06 -3.32661e-05 -1.01058e-05
0 0 1 -1.99477e-05 -7.2948e-06 -3.32661e-05 -1.01058e-05
0 0 2 -1.99477e-05 -7.2948e-06 -3.32661e-05 -1.01058e-05
0 0 3 -1.99477e-05 -7.2948e-06 -3.32661e-05 -1.01058e-05
0 0 4 -1.99477e-05 -7.2948e-06 -3.32661e-05 -1.01058e-05
0 0 5 -1.99477e-05 -7.2948e-06 -3.32661e-05 -1.01058e-05
0 0 6 -1.99477e-05 -7.2948e-06 -3.32661e-05 -1.01058e-05
0 0 7 -1.99477e-05 -7.2948e-06 -3.32661e-05 -1.01058e-05
0 0 8 -1.99477e-05 -7.2948e-06 -3.32661e-05 -1.01058e-05
0 0 9 -1.99477e-05 -7.2948e-06 -3.32661e-05 -1.01058e-05
0 0 10 -1.99477e-05 -7.2948e-06 -3.32661e-05 -1.01058e-05
0 0 11 -1.99477e-05 -7.2948e-06 -3.32661e-05 -1.01058e-05
0 0 12 -1.99477e-05 -7.2948e-06 -3.32661e-05 -1.01058e-05
0 0 13 -1.99477e-05 -7.2948e-06 -3.32661e-05 -1.01058e-05
0 0 14 -1.99477e-05 -7.2948e-06 -3.32661e-05 -1.01058e-05
0 0 15 -1.99477e-05 -7.2948e-06 -3.32661e-05 -1.01058e-05
0 0 16 -1.99477e-05 -7.2948e-06 -3.32661e-05 -1.01058e-05
0 0 17 -1.99477e-05 -7.2948e-06 -3.32661e-05 -1.01058e-05
0 0 18 -1.99477e-05 -7.2948e-06 -3.32661e-05 -1.01058e-05
0 0 19 -1.99477e-05 -7.2948e-06 -3.32661e-05 -1.01058e-05
0 0 20 -0.0596428 0.0711656 -0.0242683 -0.166803
0 0 21 -0.0247113 -0.0303867 0.0701697 0.00839593
0 0 22 0.111697 -0.0668304 0.0813064 0.117611
0 0 23 0.00732687 0.152937 0.0160153 -0.0263867
0 0 24 -0.0267714 0.100302 0.00963605 -0.139183
0 0 25 -0.034497 0.117885 -0.10309 -0.0160805
0 0 26 -0.101982 0.241727 -0.0920153 -0.0795849
0 0 27 -0.0304373 0.165687 -0.10065 0.0587897
0 0 28 0.0996544 -0.0609962 -0.0810485 -0.0550096
0 0 29 0.130344 -0.0985561 0.160113 0.026642
0 0 30 -0.108071 -0.0227228 0.0391846 0.0684673
0 0 31 0.00423666 0.0226506 -0.0513455 0.013044
0 0 32 -0.0658383 -0.104103 0.0518041 -0.0201351
0 0 33 -0.0768964 -0.005036 0.0727183 -0.090209
0 0 34 0.0735694 0.0125587 -0.0457076 0.0370471
0 0 35 -0.000989424 0.101004 -0.0902699 -0.0514776
0 0 36 0.0928226 -0.00535821 -0.0807705 0.1767
0 0 37 0.0198846 -0.0497765 0.0121383 -0.00866337
0 0 38 -0.129491 0.0345377 -0.0285624 -0.0017337
0 0 39 -0.0322853 0.0110858 0.0593419 -0.0879485
0 0 40 0.0260499 -0.0909728 0.0578899 -0.1977
0 0 41 0.043864 -0.0154156 -0.0115407 0.00643923
0 0 42 -0.0766086 0.0242387 0.00447702 0.105454
0 0 43 0.0688886 -0.205229 -0.0299525 -0.000101936
0 0 44 -0.0112447 0.0924772 0.0229352 0.0442522
0 0 45 -0.0413136 0.18739 0.00736546 0.127889
0 0 46 0.0731301 0.0797385 -0.107539 0.0231877
0 0 47 0.0852486 -0.0352082 0.100892 -0.162529
0 0 48 -0.0897268 0.0586571 0.00180483 0.0915945
0 0 49 0.0361688 -0.0868416 -0.0403324 -0.00724353
0 0 50 -0.0892572 -0.0165203 0.0837777 -0.0347574
0 0 51 0.00432755 0.0899455 -0.0635016 0.0640735
0 0 52 -0.130142 -0.107532 0.0691811 0.0735038
0 0 53 -0.0417226 0.0666202 -0.067564 -0.102648
0 0 54 -0.0607486 0.0222479 -0.0324239 0.0612904
0 0 55 0.0118107 0.0940306 -0.0321613 -0.0564365
0 0 56 -0.0249537 -0.166426 0.0994865 -0.00508904
0 0 57 0.0359416 -0.0200646 0.00219098 -0.0308652
0 0 58 -0.134777 -0.0582689 0.117142 0.152824
0 0 59 0.0563612 -0.0199955 -0.0320378 0.0638122
0 0 60 -0.0133048 0.139623 -0.086223 0.00438364
0 0 61 -0.0512507 -0.0843676 0.00504853 -0.0688124
0 0 62 0.0116441 -0.105 -0.107122 0.0648859
0 0 63 0.0783865 0.0158268 0.0168031 0.0372378
0 0 64 0.0436065 0.00527457 0.00475505 -0.0337049
0 0 65 0.119468 0.0230649 0.049827 -0.156143
0 0 66 0.102108 0.0825578 0.0764408 0.0381208
0 0 67 0.0531195 -0.0635508 -0.0493375 0.00516066
0 0 68 0.0549373 0.0447447 0.0469386 0.0727197
0 0 69 0.0133861 -0.0064514 0.0615816 0.000971775
0 0 70 -0.0649143 0.038968 0.025731 0.00364193
0 0 71 -0.111373 -0.119695 0.0498734 0.0802993
0 0 72 -0.0642781 0.0679665 0.0810747 -0.0875741
0 0 73 -0.0496299 0.200427 -0.0521024 -0.0716521
0 0 74 -0.0457217 0.0345147 -0.0260601 -0.139826
0 0 75 0.0613752 -0.085852 0.0764254 0.0260345
0 0 76 0.112485 0.00158072 -0.0633163 0.0660797
0 0 77 0.118408 0.0706477 0.0304266 0.0421825
0 0 78 0.101275 -0.152572 0.0177607 -0.0738631
0 0 79 -0.079305 0.10952 -0.153939 -0.0348775
0 0 80 0.127103 -0.000387037 -0.132917 0.0626466
0 0 81 -0.0370721 -0.0803745 -0.0494765 -0.125112
0 0 82 -0.124613 0.0865394 0.0895546 -0.0851653
0 0 83 0.00450933 0.0993125 -0.0801217 0.0486601
0 0 84 -0.0237721 -0.0535164 -0.115092 0.0883945
0 0 85 -0.147835 0.0092446 0.00103252 0.0213511
0 0 86 0.185817 0.0102457 -0.0305549 0.159351
0 0 87 -0.0059277 -0.0284764 -0.077604 0.00940606
0 0 88 0.0668739 -0.016762 0.0161389 -0.0737289
0 0 89 0.0748873 0.0545029 -0.0582036 -0.0759611
0 0 90 -0.00486733 0.0163101 -0.14532 -0.00140876
0 0 91 0.0855515 0.00141961 0.0794528 0.0407768
0 0 92 -0.0651112 0.025608 0.000321996 -0.0834276
0 0 93 -0.0830768 0.0383351 0.0218231 0.0546503
0 0 94 0.0330028 -0.0472219 0.00965149 -0.0253695
0 0 95 -0.0885907 0.0310855 0.101247 0.0571227
0 0 96 0.0587546 0.0371729 -0.0160201 -0.0551932
0 0 97 -0.00556414 -0.00570343 -0.00618085 -0.096404
0 0 98 2.54966e-05 -0.00130762 -0.0132398 -0.070861
0 0 99 0.0434247 0.0151364 -0.00463623 -0.0254754
0 0 100 -0.0700646 -0.0392358 0.0737223 0.0548834
0 0 101 -0.0265745 -0.0713182 -0.0073702 -0.136357
0 0 102 -0.0426618 0.0806246 -0.000110497 -0.0881746
0 0 103 0.158868 -0.0524002 0.0869751 -0.0122872
0 0 104 0.258527 -0.0487178 0.0171583 -0.201585
0 0 105 0.0786591 -0.00839614 -0.114752 -0.0427255
0 0 106 0.0606632 0.0417528 -0.0301842 0.0135172
0 0 107 -0.0255899 -0.0218367 0.00177394 0.0595456
0 0 108 0.0384562 -0.0588328 -0.152286 0.031841
0 0 109 0.000888937 -0.0307894 -0.167933 0.0816061
0 0 110 0.0742208 0.0235252 -0.00330786 0.183298
0 0 111 0.0438943 -0.0143915 0.00612976 -0.0293465
0 0 112 0.0297157 0.0316264 0.0586777 -0.130657
0 0 113 0.113909 -0.0214109 0.00733456 -0.0207991
0 0 114 0.0799467 0.0390256 -0.0263072 0.137708
0 0 115 -0.106178 0.0222019 0.0297779 -0.0417012
0 0 116 0.0859605 -0.0911109 0.00847758 -0.183763
0 0 117 -0.121538 0.108841 -0.088957 6.05331e-05
0 0 118 0.10179 0.0367011 -0.0178273 -0.104012
0 0 119 -0.0908629 0.0170005 -0.098132 -0.0230384
0 0 120 -0.0753059 0.0748709 -0.0314663 -0.0753112
0 0 121 0.0121288 -0.0438157 0.0541983 -0.076618
0 0 122 0.182272 -0.0983029 0.0323574 -0.0349411
0 0 123 0.0990484 0.0193135 0.0439575 0.0746764
0 0 124 0.18309 0.0211202 -0.100758 0.183644
0 0 125 -0.00633669 0.0214079 -0.152518 0.110808
0 0 126 0.0340481 0.031051 0.0217767 -0.0565071
0 0 127 -0.0312553 -0.0110889 0.131259 0.149264
0 0 128 0.139039 -0.0174869 -0.0622196 0.124717
0 0 129 -0.141185 0.230772 0.00254625 -0.0244865
0 0 130 -0.0334972 -0.0934469 -0.128885 0.0473816
0 0 131 -0.0475546 -0.0621009 0.0625547 0.0959811
0 0 132 0.0392287 0.0380129 -0.0395292 -0.00264494
0 0 133 0.0746449 0.0252628 -0.0845702 0.0719356
0 0 134 0.0139617 -0.034794 -0.0921234 -0.0900959
0 0 135 -0.0313159 0.103823 0.00283972 -0.00184672
0 0 136 0.0169459 0.0140777 0.0386285 0.0807867
0 0 137 -0.000292613 -0.165932 -0.00321518 -0.133666
0 0 138 0.0660105 0.0230994 -0.126754 -0.0278984
0 0 139 0.0294431 -0.0770834 -0.0174411 0.028083
0 0 140 0.0349115 -0.036428 0.0489775 0.0248689
0 0 141 -0.130869 -0.01125 -0.0728775 -0.033387
0 0 142 0.0288371 0.0829606 0.0114587 -0.0880191
0 0 143 -0.0975735 0.144732 -0.0114634 -0.0593892
0 0 144 0.0279131 -0.029305 0.0885506 -0.117956
0 0 145 0.133647 -0.0526533 0.00599075 0.0139764
0 0 146 0.0738572 -0.0976585 0.0473865 -0.150083
0 0 147 -0.0468123 0.0830411 -0.0351579 -0.110821
0 0 148 -0.0632783 -0.0442185 -0.040286 0.0278428
0 0 149 0.0791287 0.0535709 -0.0316207 0.00461674
0 0 150 -0.0306494 -0.0859901 0.00449247 -0.0115031
0 0 151 -0.0649749 -0.104057 -0.0282071 0.0481868
0 0 152 -0.0473728 -0.0926643 -0.100356 -0.0269589
0 0 153 -0.0158194 0.0406021 -0.0613701 -0.0498106
0 0 154 -0.0857732 0.0183584 0.0953006 -0.103178
0 0 155 0.0019796 -0.0247481 -0.0333198 -0.0618333
0 0 156 0.0644351 0.14701 0.0387984 0.0238305
0 0 157 -0.0843796 0.0872298 -0.0215035 -0.0923634
0 0 158 0.0853697 -0.0361288 -0.00279813 0.0171057
0 0 159 0.137994 0.0190719 -0.153924 -0.0746048
0 0 160 0.0813101 0.0131111 -0.102889 0.00725158
0 0 161 0.0212025 -0.0879694 -0.0975296 0.0373508
0 0 162 0.115015 -0.112584 0.108507 -0.120344
0 0 163 0.0935194 -0.115184 -0.0704679 0.0110308
0 0 164 0.034351 -0.0959439 0.1202 -0.014597
0 0 165 0.0900505 -0.0417559 -0.0813111 0.00646042
0 0 166 0.145674 -0.191835 -0.175394 -0.062024
0 0 167 0.135889 -1.88021e-05 0.0336549 -0.0237589
0 0 168 0.0583456 0.0566088 -0.038 0.121559
0 0 169 0.0639049 0.135538 -0.0343547 -0.0290144
0 0 170 -0.0123656 0.000303403 -0.0463564 -0.0699215
0 0 171 -0.0699586 0.0548252 -0.0371813 -0.0326877
0 0 172 0.109773 0.0477366 0.0319249 0.0390744
0 0 173 -0.146002 0.0849283 0.101371 -0.0759893
0 0 174 0.110409 0.00831251 -0.0330881 -0.052509
0 0 175 0.0777957 -0.067843 -0.156519 0.00727277
0 0 176 0.0252167 -0.0804205 0.0676983 -0.0366929
0 0 177 -0.101073 0.114824 -0.108821 0.00119782
0 0 178 -0.0180764 0.00103987 0.0936479 0.0734191
0 0 179 0.142236 -0.0423773 -0.0931583 -0.219125
0 0 180 0.0526953 -0.0779465 0.0737068 -0.00994194
0 0 181 0.0660408 -0.0148057 -0.0658031 -0.0351247
0 0 182 0.207978 -0.060743 0.190866 0.0253987
0 0 183 0.294701 -0.21623 0.20849 0.186286
0 0 184 0.482658 -0.117785 0.0221938 0.132261
0 0 185 0.638426 -0.352569 0.341343 -0.0660222
0 0 186 0.505335 -0.258312 0.287219 -0.119771
0 0 187 0.682083 -0.24921 0.401815 -0.0554405
0 0 188 0.776334 -0.229487 0.550453 -0.141267
0 0 189 0.832806 -0.149326 0.684511 -0.0992013
0 0 190 0.767063 0.0634326 0.616934 -0.111634
0 0 191 0.716348 0.126389 0.636041 -0.0601662
0 0 192 0.813174 0.282647 0.370876 -0.103602
0 0 193 0.662087 0.30488 0.281551 -0.096298
0 0 194 0.480719 0.379597 -0.0112318 -0.134613
0 0 195 0.583575 0.401553 -0.0198353 -0.103736
0 0 196 0.4736 0.219161 -0.327755 -0.104104
0 0 197 0.551158 0.210427 -0.191597 -0.0647931
0 0 198 0.439804 0.193707 -0.16333 0.176432
0 0 199 0.261784 0.16556 -0.105237 -0.0330409
0 0 200 0.229579 0.149554 -0.147668 0.116904
0 0 201 0.163201 0.130578 -0.0149079 0.0599482
0 0 202 0.0426522 0.0140432 -0.14186 0.00511828
0 0 203 -0.0801078 0.0268738 -0.00204127 0.0630493
0 0 204 0.0771746 0.0118913 0.0494718 0.082362
0 0 205 -0.00247394 0.00686258 0.0605621 0.01902
0 0 206 -0.112282 0.0299003 -0.125039 -0.0332245
0 0 207 0.0202633 0.0809123 0.0907594 -0.0558855
0 0 208 0.00569088 -0.0546326 0.00722644 0.0465127
0 0 209 0.0682676 0.0212007 -0.0755651 0.00373376
0 0 210 -0.0680802 0.038105 0.0371457 0.0306613
0 0 211 0.0854 0.0079788 -0.027095 0.0579562
0 0 212 0.0178396 0.00278899 0.0718069 0.154209
0 0 213 -0.0493724 -0.138855 -0.0123284 0.0928801
0 0 214 0.00170693 -0.00753309 0.198234 -0.0381763
0 0 215 0.0526348 0.0589448 0.0466297 -0.0751911
0 0 216 0.0197937 -0.00172189 0.104476 0.0688558
0 0 217 -0.0302706 -0.136542 -0.00173235 -0.0115878
0 0 218 0.0460302 -0.056048 -0.128468 -0.134372
0 0 219 0.00820546 0.00753001 0.0203557 0.021005
0 0 220 0.000828344 -0.0238505 0.0852451 0.0632188
0 0 221 -0.053629 -0.0242417 -0.0800754 -0.0226923
0 0 222 0.00447903 -0.0145065 -0.0546819 0.122895
0 0 223 0.0192787 -0.0274753 -0.170822 -0.034828
0 0 224 -0.0316188 -0.110869 0.103796 -0.129703
0 0 225 0.0372443 0.0399001 -0.0221213 -0.0221272
0 0 226 0.0418493 0.0753772 -0.0232489 0.0924351
0 0 227 -0.0884998 -0.0375097 -0.0961703 0.0565717
0 0 228 -0.0393595 0.0304066 -0.0437614 -0.00535041
0 0 229 0.0104019 0.000947814 0.175188 -0.02123
0 0 230 0.00529703 -0.105127 0.0106092 -0.0109168
0 0 231 0.0309276 -0.0200185 0.169041 0.0178827
0 0 232 0.0426673 0.0447908 0.100367 0.00350065
0 0 233 0.137691 0.0534213 -0.0505577 0.0622793
0 0 234 0.0327302 -0.0610767 0.0497652 -0.0554758
0 0 235 -0.0885453 0.123547 -0.0922007 0.0416598
0 0 236 -0.00579136 0.07807 -0.0840451 -0.0165749
0 0 237 0.0325787 -0.0560135 -0.0210401 -0.000695303
0 0 238 -0.0484029 0.000579579 0.0648253 -0.128629
0 0 239 0.111106 -0.126427 -0.00862135 -0.0523536
0 0 240 -0.1003 -0.0884987 -0.0539868 0.023993
0 0 241 -0.0462064 0.132442 -0.0365944 -0.0590713
0 0 242 -0.0193186 -0.0915251 -0.0431436 0.0611208
0 0 243 -0.0514174 0.0571496 -0.106334 0.243807
0 0 244 -0.0255293 0.116148 -0.114937 0.114008
0 0 245 0.0452122 0.100601 -0.0522877 0.102883
0 0 246 0.039668 0.00425042 0.00392096 0.00848776
0 0 247 -0.0709887 -0.00875287 -0.11642 -0.0313667
0 0 248 -0.0785779 -0.0894768 0.02241 0.0846153
0 0 249 -0.0332094 -0.0432864 -0.0713174 -0.0553204
0 0 250 0.0161127 0.0520289 0.0177607 0.0182995
0 0 251 0.0154311 -0.0666463 -0.00553211 0.134939
0 0 252 -0.0553104 -0.000789793 0.0397716 -0.0494079
0 0 253 0.0348358 -0.0376708 -0.0925559 -0.0024966
0 0 254 0.0524378 0.138138 -0.0170704 -0.0282374
0 0 255 0.00334292 -0.0166584 0.0410381 -0.0154023
0 0 256 -0.116948 0.0852621 0.0560055 0.109727
0 0 257 0.0543465 0.064031 0.0384586 0.00921534
0 0 258 0.0306852 -0.0633437 0.0163397 -0.0101821
0 0 259 0.0157795 -0.0135975 -0.0406104 -0.09817
0 0 260 -0.0230299 0.0497619 -0.0527974 -0.0191179
0 0 261 -0.0864094 0.0947786 -0.0493993 -0.0121459
0 0 262 0.0765687 -0.0895459 0.000430119 -0.012718
0 0 263 0.126133 -0.0737118 0.153193 0.0780035
0 0 264 -0.0637933 -0.0655991 -0.00148521 -0.0606112
0 0 265 0.000343606 0.0510623 -0.155221 0.0147676
0 0 266 -0.143442 0.120613 -0.0148462 0.0918276
0 0 267 0.105168 0.0307403 0.0242945 0.119779
0 0 268 0.00213108 -0.0177516 -0.0545737 -0.0590572
0 0 269 0.0286856 -0.0266007 -0.0993059 -0.0150915
0 0 270 -0.0496299 0.0130305 0.0437721 0.0791267
0 0 271 0.0491052 -0.00188299 0.0283568 -0.0298409
0 0 272 0.0112805 -0.0858405 -0.0763683 -0.131335
0 0 273 -0.0515234 -0.132181 -0.0927104 -0.088782
0 0 274 0.0608147 -0.0718936 -0.0521796 0.0620109
0 0 275 0.00799338 -0.115967 -0.0754724 0.174185
0 0 276 0.018794 0.0242502 -0.0348953 0.200668
0 0 277 0.023505 -0.0485452 0.00560459 0.0131852
0 0 278 0.00137367 0.0541117 -0.1403 -0.01957
0 0 279 0.00449418 -0.0636889 -0.0269405 -0.024875
0 0 280 -0.030104 -0.00272303 0.0305811 -0.0171471
0 0 281 0.0318365 0.10922 -0.121239 -0.0731355
0 0 282 0.05471 -0.102687 0.0315078 0.0814648
0 0 283 0.0834308 -0.0367732 0.0517578 0.0366515
0 0 284 0.0536497 -0.0322163 -0.0196036 0.00860078
0 0 285 -0.0410561 0.0510047 0.0350141 -0.00686915
0 0 286 -0.102724 -0.0272912 -0.0826086 -0.0791398
0 0 287 -0.110359 -0.0283729 -0.0974987 -0.0339239
0 0 288 0.132208 -0.0827335 0.152436 -0.0375053
0 0 289 0.00234315 0.0780815 -0.0246081 0.0319964
0 0 290 0.0896112 -0.0546441 -0.0308947 -0.11737
0 0 291 0.0465452 -0.0187412 -0.12178 0.013821
0 0 292 0.0890204 -0.0500757 0.0111498 -0.00633935
0 0 293 0.00750864 -0.178866 0.0430307 0.0295523
0 0 294 -0.0153952 -0.0315489 -0.0439468 0.135285
0 0 295 -0.0136078 0.0194286 -0.037861 -0.0499448
0 0 296 0.0376685 -0.0541608 0.0315851 -0.0194358
0 0 297 -0.00498852 -0.0702596 -0.0439622 -0.00252485
0 0 298 -0.0387839 -0.10324 4.39648e-05 -0.107304
0 0 299 -0.0591429 0.0280016 -0.0166379 -0.0574042
0 0 300 0.0618902 0.180577 0.137144 0.0259073
0 0 301 -0.0987551 0.100095 0.0348133 0.128729
0 0 302 -0.0267109 -0.119258 -0.0255504 -0.0606889
0 0 303 0.0375624 -0.0635163 -0.0553306 -0.039582
0 0 304 -0.139882 0.0068856 0.0771204 -0.0239991
0 0 305 0.0615418 0.035769 0.0255765 -0.0270295
0 0 306 0.020945 0.0915451 0.00790607 0.0233149
0 0 307 -0.0507508 0.0620403 0.045394 0.0394559
0 0 308 0.0407587 -0.0125963 -0.0194491 0.0317068
0 0 309 -0.00538237 -0.0877852 0.0167258 0.0587332
0 0 310 -0.159923 0.072604 -0.0492912 -0.155946
0 0 311 0.169169 -0.0306974 -0.0474222 -0.127746
0 0 312 -0.0123505 0.0267127 -0.124236 -0.0306533
0 0 313 -0.0321187 -0.0608351 -0.00143887 -0.0327442
0 0 314 -0.0202426 0.0727306 0.0226417 0.0242826
0 0 315 0.0954432 -0.0260829 -0.0910731 0.0315443
0 0 316 -0.0163496 0.0910157 -0.00922375 -0.0312043
0 0 317 0.0749024 -0.0301565 -0.0124829 0.0693079
0 0 318 0.0629203 0.0410394 -0.112018 0.097288
0 0 319 0.0546797 -0.126899 -0.103523 -0.0337049
0 0 320 0.111561 0.0672301 0.0274918 -0.0353013
0 0 321 -0.0517809 -0.0749776 0.0735833 -0.096291
0 0 322 -0.0913628 0.0730067 0.0979419 0.0268751
0 0 323 -0.018137 -0.00176792 0.0240319 0.139255
0 0 324 -0.0176977 -0.028649 -0.0279136 0.0331761
0 0 325 0.054907 0.00950927 0.0146561 0.187656
0 0 326 0.135237 -0.10156 -0.0145527 -0.0866134
0 0 327 0.0235656 -0.0997644 0.0373619 -0.12384
0 0 328 -0.0427375 -0.0276824 -0.0277746 0.0399645
0 0 329 -0.134111 -0.0698683 -0.0930811 0.0247488
0 0 330 0.0267013 0.05532 0.0497961 -0.0750075
0 0 331 -0.0605062 -0.0182234 -0.0249325 -0.0068197
0 0 332 -0.0863943 -0.0272106 0.0245416 0.0314666
0 0 333 -0.0469638 0.156067 0.0986988 0.0285633
0 0 334 0.0124015 0.0295896 0.0334541 -0.212895
0 0 335 -0.125461 0.112442 -0.12456 0.00881976
0 0 336 -0.0317249 0.0162871 -0.0306476 -0.016476
0 0 337 -0.0404199 -0.018442 0.0138992 -0.00939802
0 0 338 0.0493325 -0.00420747 0.0536577 0.188589
0 0 339 0.117787 -0.07805 0.0936015 0.129316
0 0 340 -0.0175008 -0.0350241 -0.0453678 -0.0543809
