0 0 0 0.304759 0.162772 -0.596836 2.79876
0 0 1 -10.4035 -1.40464 -3.51758 0.459818
0 0 2 -10.3457 -5.65533 -8.56351 0.661669
0 0 3 -11.2822 -8.13614 -13.8111 -6.73514
0 0 4 -8.90776 -11.2347 -0.0151248 2.59691
0 0 5 3.68954 -2.90036 -1.42785 -4.19435
0 0 6 5.37471 5.14951 5.04299 6.02837
0 0 7 13.8042 9.43568 -2.15194 0.839804
0 0 8 6.83435 0.49532 3.59425 -3.81436
0 0 9 5.00664 -4.44338 1.30287 1.74207
0 0 10 7.72565 -3.75538 -5.69041 0.222129
0 0 11 4.85148 11.7628 9.02023 -3.67207
0 0 12 2.33454 -1.10756 1.58763 5.19725
0 0 13 2.91732 1.44493 0.364926 -5.99941
0 0 14 0.400385 -8.76502 -8.13581 -0.122019
0 0 15 0.779278 -6.90128 7.55986 -2.72236
0 0 16 7.76174 5.48132 7.60751 0.341237
0 0 17 3.02377 7.27412 -1.83173 0.720696
0 0 18 -0.34838 9.01962 -2.03339 0.127265
0 0 19 1.64712 -3.88618 -6.61616 -6.18914
0 0 20 5.30254 -4.2542 4.30671 -3.60092
0 0 21 2.91732 6.28904 -3.3752 4.67444
0 0 22 10.7297 7.93921 1.75383 1.7895
0 0 23 8.81723 13.7337 5.89783 -2.17637
0 0 24 2.90469 6.45531 -9.16904 -5.66686
0 0 25 -1.55903 -0.858518 0.270191 4.21172
0 0 26 5.82577 9.43568 4.87679 2.03879
0 0 27 -6.34391 -8.11323 -4.78793 5.43442
0 0 28 -2.59287 4.86426 1.63527 -4.49159
0 0 29 3.8429 -1.7963 0.756612 -6.33144
0 0 30 0.293934 -8.88474 4.09286 -8.65826
0 0 31 -5.80985 -4.23055 -3.61231 1.1244
0 0 32 -1.06106 -7.68461 3.725 7.86822
0 0 33 13.7681 1.1715 2.43083 3.83173
0 0 34 2.46625 -4.19508 18.9575 -0.893584
0 0 35 -1.46341 -2.08155 5.64852 7.08506
0 0 36 -0.442201 1.55134 -16.5418 9.64957
0 0 37 5.8384 -2.31877 3.8912 -7.29326
0 0 38 5.31517 2.65614 -4.71646 -6.28401
0 0 39 2.48971 6.57429 0.566586 -15.5328
0 0 40 0.470751 -2.47322 2.70396 -11.2939
0 0 41 12.2489 3.57028 5.87401 5.62467
0 0 42 11.1086 -2.29512 -1.25001 1.42164
0 0 43 5.14918 1.68215 2.60867 -6.48586
0 0 44 1.2556 -5.54744 -2.85277 4.16428
0 0 45 -8.01826 -8.52854 -5.6544 8.68775
0 0 46 5.3278 -8.08884 -7.56629 3.1076
0 0 47 2.09819 -0.371521 2.08624 -1.39268
0 0 48 6.54928 12.807 10.2191 6.47951
0 0 49 0.494206 -4.23055 5.47013 10.4686
0 0 50 2.66833 -7.47178 6.55045 7.23895
0 0 51 -1.7972 -1.74901 -2.75748 5.37539
0 0 52 8.43833 9.22137 -9.70311 2.32391
0 0 53 3.39184 13.2821 0.982094 -0.917301
0 0 54 -1.01235 -6.62785 -3.81453 0.150981
0 0 55 -4.64611 -14.0725 2.3361 5.73113
0 0 56 4.41304 -3.22108 -1.46331 5.07815
0 0 57 -3.75481 -0.953848 1.30287 -5.76172
0 0 58 -0.193214 -7.86271 7.41748 -9.81034
0 0 59 4.79374 4.70981 -9.54909 -1.35684
0 0 60 -0.869809 -2.16432 1.29123 -0.489883
0 0 61 8.97239 -4.47959 1.68292 -1.62984
0 0 62 9.75544 12.1064 -4.15857 -6.98442
0 0 63 -2.18872 9.55392 0.53113 -2.48468
0 0 64 8.2958 -0.727716 2.45465 7.9399
0 0 65 15.0148 -2.43775 1.0652 12.0718
0 0 66 13.7338 11.1331 -11.2466 -1.97451
0 0 67 21.438 25.1556 3.03637 -1.39268
0 0 68 2.12164 12.2372 0.780434 -0.953138
0 0 69 -10.5117 -4.05245 -3.24445 -8.99134
0 0 70 -0.882439 0.685241 -11.3773 -15.284
0 0 71 -1.06106 -0.751364 5.96874 -6.30772
0 0 72 -6.68853 -7.51834 -4.82338 -2.81723
0 0 73 0.0196875 -2.72226 -15.6039 1.36209
0 0 74 -2.2248 -3.39918 -1.61788 -4.61017
0 0 75 3.87898 -5.1203 -2.54363 -5.14458
0 0 76 1.31334 -5.61912 3.95048 0.554683
0 0 77 -4.74174 3.33232 1.17212 -2.93581
0 0 78 -4.5162 -7.10302 -9.85767 -3.60092
0 0 79 2.0621 -16.9228 4.67457 -7.88722
0 0 80 -3.96952 -11.4128 7.28673 -3.29208
0 0 81 1.06435 -4.01624 7.01361 0.839804
0 0 82 -1.74848 -3.90983 1.93222 -6.39046
0 0 83 1.00481 4.29449 4.88842 -1.86753
0 0 84 -6.81843 -4.88382 2.85797 -2.0931
0 0 85 -9.38408 -11.2939 5.25629 3.27361
0 0 86 -5.51215 0.114738 -8.64661 6.58597
0 0 87 -12.6011 4.54353 0.507307 2.18108
0 0 88 -7.87572 -1.36916 1.44525 -9.57317
0 0 89 -8.11208 1.99104 -0.0860381 -7.73227
0 0 90 -4.37367 -8.86035 -5.71368 -8.1481
0 0 91 -6.49908 -6.39137 -3.35138 -6.29613
0 0 92 -7.22258 5.8619 3.06019 -2.56795
0 0 93 -4.13551 -2.36681 -1.09545 -6.28401
0 0 94 -0.763358 -4.96659 -9.7984 -5.55987
0 0 95 5.00664 -7.03208 -11.1042 -0.0624646
0 0 96 -1.32087 -12.8258 7.60751 -6.30772
0 0 97 -8.64794 -4.28967 -5.45274 -1.85541
0 0 98 -0.550456 -3.29277 -7.74412 -7.00814
0 0 99 -3.01867 -10.9739 1.83693 2.09834
0 0 100 2.24072 -7.13849 -0.133683 3.17874
0 0 101 0.577202 7.0369 7.57149 -0.0387485
0 0 102 1.27906 0.637207 3.46351 -4.74087
0 0 103 2.6557 2.60811 1.49289 7.50036
0 0 104 -2.85268 7.42857 -3.209 -1.29729
0 0 105 4.40041 3.84297 8.72328 -9.70282
0 0 106 4.69812 -5.64351 -5.79678 1.06537
0 0 107 -10.4035 -14.2033 -11.8283 1.54022
0 0 108 2.46625 -13.2175 -7.23388 6.05209
0 0 109 3.1663 -9.46633 1.77765 2.62062
0 0 110 -1.91447 -2.84124 -6.21284 -4.33717
0 0 111 -0.573912 1.49222 -0.181328 0.352832
0 0 112 3.99807 12.6533 -5.54747 -0.312275
0 0 113 5.69587 1.93193 -2.06884 -2.18796
0 0 114 3.86635 3.39218 0.364926 -4.03993
0 0 115 -4.71648 -2.5922 7.80917 6.97807
0 0 116 4.75766 -12.0787 -3.63614 -6.90168
0 0 117 -7.83964 -1.83251 -5.14415 3.02433
0 0 118 -5.16754 8.15278 -0.679937 4.188
0 0 119 -3.57799 -2.99569 -0.988521 -0.668017
0 0 120 6.50237 -13.5737 4.47291 -7.02026
0 0 121 -0.537827 -14.0252 -5.22726 -3.4465
0 0 122 -0.775988 -9.34735 -12.6477 1.92021
0 0 123 5.16181 0.079266 5.75545 -0.60899
0 0 124 12.4636 -1.03662 -0.418444 3.89076
0 0 125 -2.5207 -7.56711 -0.40681 -3.55348
0 0 126 -1.76111 2.01469 -8.33802 2.09834
0 0 127 2.19201 10.6461 -4.46715 -7.41184
0 0 128 -5.96322 9.89829 -5.12033 -10.8075
0 0 129 -6.23746 3.92647 1.46907 7.45292
0 0 130 5.55333 -2.16432 -3.81453 1.83694
0 0 131 0.625916 -2.40228 -7.25715 -1.23826
0 0 132 -3.64836 6.66888 3.8081 2.25276
0 0 133 1.51541 2.85789 -5.67822 -1.52285
0 0 134 -6.34391 -1.71353 -2.42507 8.37891
0 0 135 -3.72053 -2.44957 -4.37242 10.5044
0 0 136 -3.57799 8.18899 -9.3707 3.22618
0 0 137 3.09594 2.97612 -7.85105 -7.66112
0 0 138 4.57903 6.91792 0.187089 -8.11279
0 0 139 2.26418 -6.41502 0.495673 -1.55869
0 0 140 -1.65466 -4.44338 -0.988521 3.72474
0 0 141 -1.97401 -0.799399 -4.37242 1.18395
0 0 142 10.9661 -3.29277 -11.0449 10.1481
0 0 143 1.94302 -3.18561 7.6546 2.56107
0 0 144 2.03865 -11.7099 -2.91205 -0.549437
0 0 145 1.4685 9.12678 1.07738 0.0561162
0 0 146 6.78744 -0.359697 6.09949 6.70507
0 0 147 6.70444 -1.15559 9.94654 7.59522
0 0 148 3.64082 -9.69172 -1.54641 6.60968
0 0 149 9.20875 -4.2069 -14.5119 1.40952
0 0 150 -3.36329 -0.00350143 -3.93309 1.95552
0 0 151 -8.43324 -3.70808 -8.15963 3.86704
0 0 152 -2.76969 7.90374 -3.81453 -3.94506
0 0 153 -3.25684 2.84606 -3.11371 -1.99823
0 0 154 -8.59923 10.3616 -4.70482 -4.88317
0 0 155 -5.4887 -4.71681 3.23802 1.01794
0 0 156 -2.49725 -0.977496 -8.99065 -3.1735
0 0 157 3.72382 -8.25511 -2.14031 1.10068
0 0 158 1.59841 -13.3128 1.33832 3.80801
0 0 159 -5.57169 -0.383345 -4.26549 2.02719
0 0 160 -3.73135 -3.93347 1.97987 -9.6438
0 0 161 0.281304 0.566263 -1.42785 -0.110424
0 0 162 -8.32679 -1.35734 6.72884 4.734
0 0 163 -15.4139 0.126562 -8.27874 -3.50605
0 0 164 -11.3417 4.25902 -2.6982 -6.33144
0 0 165 -5.64386 3.51042 -4.09929 0.103549
0 0 166 -7.4842 0.423637 -6.40231 8.08219
0 0 167 -3.54191 1.10056 4.97152 -3.94506
0 0 168 -14.62 -5.85708 -5.1918 -11.0214
0 0 169 -13.7161 4.11639 -5.46437 -3.68419
0 0 170 -9.90551 4.37726 2.39537 -9.18054
0 0 171 -5.1928 -4.66877 -5.22726 0.637953
0 0 172 -6.66507 3.96194 -3.56522 -0.276437
0 0 173 -10.2375 7.50025 3.51115 0.352832
0 0 174 -9.41836 -3.36371 6.69339 2.15737
0 0 175 1.59841 -3.57728 -0.953065 0.0439946
0 0 176 -11.8884 10.9314 7.22745 -9.24009
0 0 177 -4.17159 -5.15651 -0.988521 1.46907
0 0 178 -5.28662 -14.2979 5.51778 3.86704
0 0 179 -9.41836 -11.5799 -8.43276 3.66519
0 0 180 -7.26949 -9.05027 4.41364 1.48067
0 0 181 -3.82698 -1.85616 -2.79349 3.79589
0 0 182 -1.47604 -4.11157 -2.88822 9.5663
0 0 183 -2.31862 -1.77265 6.96596 5.98041
0 0 184 -4.8951 -5.66716 1.00592 -1.73683
0 0 185 -2.71015 -1.33369 -8.71752 -6.49798
0 0 186 1.26643 3.83114 -8.3142 -4.19435
0 0 187 -4.84819 -5.41738 1.69455 -0.193167
0 0 188 -8.11208 -4.31332 -3.88544 0.518845
0 0 189 -1.9271 -7.5782 -0.371354 -5.6189
0 0 190 8.64041 5.54117 19.2068 -0.929422
0 0 191 -3.24421 -1.64185 4.85297 -3.55348
0 0 192 5.52988 -0.917638 -15.3191 -2.95953
0 0 193 -2.17609 -5.08557 -4.95413 8.42634
0 0 194 -6.34391 -1.98622 -2.10485 4.50843
0 0 195 -6.84189 -4.72937 -2.19959 -0.44245
0 0 196 -8.27988 -19.0592 -11.128 -3.80277
0 0 197 -4.32495 3.39218 -0.478278 -9.39504
0 0 198 0.41121 13.0567 -8.57514 -9.4899
0 0 199 2.22809 6.21809 11.1809 0.0324
0 0 200 -8.52886 -2.2833 6.56264 0.305399
0 0 201 -10.7607 -3.7672 0.887358 -4.21806
0 0 202 -5.98847 -11.8644 5.24465 -1.87912
0 0 203 -8.74177 -9.67916 -0.988521 6.79994
0 0 204 -8.25462 -1.38099 -16.4947 -0.0150323
0 0 205 -6.15447 -2.16432 -9.31142 -1.78426
0 0 206 -4.0056 -1.93893 -1.28547 -6.40311
0 0 207 6.31292 -0.882166 -10.4272 -6.20126
0 0 208 0.993984 -8.67043 -9.70311 2.37134
0 0 209 13.5552 -6.74757 3.07182 2.91734
0 0 210 -1.15488 -10.1189 -1.09545 -0.585274
0 0 211 0.613287 3.96194 -4.85884 -0.0150323
0 0 212 7.38104 -4.08792 -9.58455 -1.19083
0 0 213 -5.83331 0.946107 0.67351 -5.91614
0 0 214 -0.0272231 2.60811 -3.44611 1.72995
0 0 215 3.98544 0.838952 13.4252 -8.88435
0 0 216 5.87268 3.61757 7.99919 -10.8549
0 0 217 7.68957 -4.11157 6.97815 -6.73514
0 0 218 2.51317 -5.31096 4.75768 1.67092
0 0 219 -1.38041 1.95557 -3.25609 3.84332
0 0 220 -0.146304 4.68616 -8.148 -0.739693
0 0 221 -2.69932 1.15968 -6.47378 -11.9943
0 0 222 -2.63978 -0.205247 -12.6238 0.744412
0 0 223 4.15143 -5.35826 -10.4272 -0.775004
0 0 224 13.5913 -2.43775 -5.31036 -1.24985
0 0 225 6.32375 -1.91528 -0.026759 2.40665
0 0 226 7.63003 6.50261 -3.50539 -0.430856
0 0 227 0.0918576 3.96194 -10.4748 0.316994
0 0 228 -0.716448 4.23463 0.115622 -1.41639
0 0 229 5.63633 -2.36681 -4.39624 3.60616
0 0 230 -4.26541 0.329046 7.47676 -1.06012
0 0 231 -3.60145 3.92647 1.64746 -5.12086
0 0 232 -5.00155 -9.08574 -4.04001 1.40952
0 0 233 7.35758 -3.61275 -8.74134 -9.82193
0 0 234 -8.8843 1.6112 1.21976 -2.84095
0 0 235 -5.00155 -5.20307 1.35051 -4.00462
0 0 236 -5.7864 -7.75629 -4.15857 -8.29092
0 0 237 -2.76969 -4.1463 -17.0997 -4.18275
0 0 238 14.1957 2.69161 -8.52805 -0.60899
0 0 239 40.2221 -5.9162 -3.00678 -9.38239
0 0 240 67.9209 -3.82706 -0.371354 -13.7167
0 0 241 95.443 0.934283 -12.256 -12.8977
0 0 242 90.752 -5.3819 -3.46993 -1.39268
0 0 243 56.9511 -9.62004 4.40145 4.188
0 0 244 31.1737 -11.3892 1.97987 -12.4107
0 0 245 12.3319 -9.65551 0.115622 -1.48754
0 0 246 0.696282 -14.5713 1.13666 -3.79065
0 0 247 -1.65466 -1.64185 -7.66102 -7.16203
0 0 248 1.99174 -0.0271493 -1.32093 -4.63389
0 0 249 -13.3841 -1.60638 5.52941 -2.21168
0 0 250 -5.07372 5.74292 -3.9209 6.09952
0 0 251 -15.5456 -1.90346 -9.06212 0.803966
0 0 252 -13.7883 -8.10066 2.26463 -1.15499
0 0 253 -12.9222 -8.86035 4.28289 -11.7219
0 0 254 -4.27804 -8.93203 3.61808 -3.23305
0 0 255 3.98544 6.73982 -13.7402 -2.82935
0 0 256 0.459925 -5.99896 -5.92752 -0.0745862
0 0 257 -1.90365 2.56081 5.89783 -0.252721
0 0 258 -3.30375 4.04471 -6.18902 1.9318
0 0 259 -0.501742 0.447285 -2.44889 1.82534
0 0 260 8.03418 -2.21236 -3.36301 4.57958
0 0 261 7.13205 -7.79176 -5.72586 1.90809
0 0 262 -4.76519 -2.05791 -7.69648 1.7895
0 0 263 3.01114 -2.21236 -4.46715 -3.68419
0 0 264 1.95565 -2.40228 0.388749 7.35806
0 0 265 -3.30375 1.07691 5.86182 -7.62581
0 0 266 1.8492 10.0882 0.519495 -4.2539
0 0 267 0.708912 1.72944 2.06297 -6.14118
0 0 268 -1.27396 -1.45193 1.17212 5.06655
0 0 269 0.957899 -7.27003 2.44247 -3.13766
0 0 270 -1.23788 -9.52545 10.0889 -0.691734
0 0 271 -10.2501 -13.182 1.69455 0.00868386
0 0 272 -3.22075 -0.359697 1.58763 -6.96071
0 0 273 -4.38449 12.5698 11.8457 -1.35684
0 0 274 -6.99705 13.2821 -7.49482 2.59691
0 0 275 4.10452 3.00051 -8.94356 6.63393
0 0 276 -1.57166 -8.10066 5.96874 10.789
0 0 277 -1.95056 -6.14233 5.22083 0.839804
0 0 278 -3.38674 -5.89255 -11.1757 -2.87678
0 0 279 -5.44179 -1.40464 -6.72308 -1.98611
0 0 280 -7.96954 10.3018 8.61636 -8.8132
0 0 281 -2.43771 3.16605 9.341 4.188
0 0 282 4.57903 6.39619 -8.87209 -1.09544
0 0 283 0.483381 -2.1052 8.18922 3.04804
0 0 284 -2.02273 8.02272 11.5609 -1.54657
0 0 285 -9.27582 -6.17706 -1.20237 -16.1389
0 0 286 -7.86309 -10.1432 2.18153 -2.35397
0 0 287 -10.6182 -0.83487 -4.20621 -6.16542
0 0 288 -3.79089 4.66251 0.163267 5.5414
0 0 289 -1.73765 -3.83888 9.76815 7.65478
0 0 290 1.43242 -6.35516 -3.38683 4.15216
0 0 291 4.82802 -0.217071 -3.12589 2.38294
0 0 292 9.55336 14.7187 5.25629 -1.22614
0 0 293 -1.08452 12.9023 11.5016 -5.90402
0 0 294 0.257849 7.09602 1.65909 3.76058
0 0 295 5.65978 -2.82942 -4.53862 -2.61538
0 0 296 -1.31005 -7.19909 -5.1918 0.115143
0 0 297 1.39814 2.63175 -1.96192 -2.73396
0 0 298 -3.95689 -3.57728 0.982094 -0.40714
0 0 299 -2.11655 -7.92331 -8.34966 6.82366
0 0 300 -4.37367 -1.27383 -2.24723 11.7629
0 0 301 -5.06109 4.28267 -2.91205 17.0822
0 0 302 -6.80761 -4.85943 -0.228973 1.64721
0 0 303 -22.7987 -8.78941 0.732789 -0.0271539
0 0 304 -19.2732 -3.09102 -3.55304 0.400264
0 0 305 -8.90776 -9.83361 -4.23004 2.85831
0 0 306 -10.7481 -18.4296 -1.98574 4.91213
0 0 307 -7.29295 -4.18325 -3.38683 1.06537
0 0 308 -6.9736 4.18734 1.89677 -6.59232
0 0 309 -0.573912 3.54663 -5.1918 -2.46096
0 0 310 -8.70568 2.77438 9.61413 -5.51244
0 0 311 -3.86307 -0.502323 -0.228973 -0.383423
0 0 312 -6.20138 -6.92566 6.61029 -4.61017
0 0 313 -12.1139 7.44039 6.89505 -17.4559
0 0 314 -1.0358 5.08965 2.45465 5.42282
0 0 315 -0.941979 4.63886 -2.03339 1.34996
0 0 316 -9.67998 6.24174 -7.37626 3.74846
0 0 317 -4.71648 1.51587 -4.82338 -4.06417
0 0 318 -10.3566 6.20553 1.20813 -10.5345
0 0 319 -13.1225 -5.80978 8.96095 -12.0186
0 0 320 -14.2032 5.98014 0.198723 14.3153
0 0 321 -6.79498 -3.15014 1.3976 -2.59166
0 0 322 3.15367 -12.7667 -2.35416 5.52928
0 0 323 -8.18425 -4.23055 0.0917993 -0.834558
0 0 324 -5.01418 -1.70171 -2.95969 -3.83808
0 0 325 4.57903 3.81932 -8.43276 2.25276
0 0 326 -7.53111 -4.1463 -1.10708 6.23022
0 0 327 -10.012 1.06508 0.756612 1.06537
0 0 328 -7.80355 -9.47741 -3.80234 5.83812
0 0 329 5.48116 8.66343 -3.08988 4.14057
0 0 330 8.54478 3.30867 0.163267 -11.6739
0 0 331 4.33005 5.35125 3.61808 1.26722
0 0 332 -0.846354 -1.46375 7.17981 11.5015
0 0 333 6.95343 -3.98151 -2.63892 4.08101
0 0 334 -11.1649 -1.46375 10.1244 -1.53497
0 0 335 3.40447 -2.05791 -0.359165 0.483534
0 0 336 -7.13959 -3.75538 5.96874 -4.85945
0 0 337 -7.82881 6.87063 0.103987 12.5108
0 0 338 -5.95239 -1.28566 16.5476 -4.91901
0 0 339 -8.0778 -2.60402 -7.54247 -4.51531
0 0 340 -3.67181 -3.31641 -2.24723 -2.69865
0 0 341 -3.96952 -2.20053 1.95604 -7.55466
0 0 342 -11.0458 -13.431 14.8972 3.83173
0 0 343 -5.85676 -5.18016 1.86075 3.26149
0 0 344 -1.31005 -0.633125 -0.596836 -1.03641
0 0 345 -7.85227 -1.91528 8.2485 -3.0312
0 0 346 -13.6818 3.0951 0.792623 -0.312275
0 0 347 -12.0905 -8.52854 -6.88929 8.91331
0 0 348 -3.0313 -7.61367 0.424206 4.37773
0 0 349 0.898359 10.1 3.57043 -1.86753
0 0 350 -3.56536 6.18188 5.17318 4.90001
0 0 351 -2.06964 1.72944 3.83192 2.16949
0 0 352 4.93628 5.07783 -5.33418 8.27192
0 0 353 -0.882439 0.470933 -5.09651 -0.917301
0 0 354 -1.0358 3.72473 -1.91483 0.341237
0 0 355 -2.71015 -4.57492 -0.371354 -0.122019
0 0 356 -0.122848 6.6807 -2.40125 -3.50605
0 0 357 -2.40162 3.11875 -9.40616 -0.763409
0 0 358 -2.3078 -8.68225 -7.40008 0.0561162
0 0 359 -2.09309 -5.52379 9.26954 4.63913
0 0 360 15.5615 1.84842 -1.59405 -3.68419
0 0 361 15.9296 -0.193423 -0.798496 -4.62177
0 0 362 10.7297 -3.36371 -2.85277 6.06368
0 0 363 0.387755 -6.32043 0.376561 2.89362
0 0 364 6.24075 2.9643 -12.8853 -6.93699
0 0 365 0.470751 -2.40228 -6.18902 -8.95497
0 0 366 -2.0101 3.87844 7.02579 3.32104
0 0 367 1.75357 -6.46157 9.31718 11.4662
0 0 368 2.79824 9.0913 9.73269 7.09665
0 0 369 -1.42913 5.99196 8.30777 -2.50839
0 0 370 -7.09268 -6.4261 -3.63614 -7.03238
0 0 371 -11.2822 -4.59857 -12.8022 2.71549
0 0 372 -4.27804 0.257364 -1.59405 -3.49393
0 0 373 8.20017 1.71762 2.44247 -1.86753
0 0 374 2.61962 -1.6182 4.88842 -2.60378
0 0 375 3.22585 3.10693 -5.47656 -7.1984
0 0 376 6.82353 -1.59456 2.11006 -5.69057
0 0 377 5.78969 -23.2737 -3.05443 0.744412
0 0 378 7.27459 -2.62767 -14.6659 -3.14978
0 0 379 1.11306 0.470933 1.56436 -7.75652
0 0 380 -1.14406 0.791657 12.9975 1.07697
0 0 381 4.79374 2.16914 -0.953065 1.46907
0 0 382 8.68732 7.42857 5.82636 16.025
0 0 383 -0.182389 3.79567 5.42249 5.23256
0 0 384 10.0405 -1.63003 4.33053 -7.91093
0 0 385 5.13655 -7.77994 11.2523 -0.739693
0 0 386 -2.09309 -0.905814 -1.95028 2.18108
0 0 387 -8.94384 -4.33697 -2.28269 8.96075
0 0 388 -1.84411 9.83917 12.2972 -2.50839
0 0 389 3.49829 1.84842 2.25244 -1.57081
0 0 390 1.61104 -0.347873 1.27904 -4.49159
0 0 391 0.0792278 6.50261 -8.3973 -3.88604
0 0 392 6.56191 2.83424 5.18537 -14.0487
0 0 393 6.34901 2.11002 11.5609 -1.34525
0 0 394 -10.1906 -5.00132 -5.06105 2.82247
0 0 395 -5.4057 -3.49451 12.321 -3.24465
0 0 396 3.39184 7.69017 2.19316 -2.47308
0 0 397 5.63633 0.00832248 -5.2749 -1.09544
0 0 398 4.21097 3.91465 -12.1014 4.27074
0 0 399 7.16814 7.66652 0.756612 3.1076
0 0 400 12.6639 3.87844 -10.7125 -2.82935
0 0 401 -7.41203 -5.89255 -5.25108 -3.87392
0 0 402 -3.96952 -4.5631 5.44631 -3.86232
0 0 403 -10.2736 2.88153 -0.917054 -10.2378
0 0 404 -10.5226 2.70344 5.12609 1.83694
0 0 405 -14.0499 -9.12122 13.1759 -1.53497
0 0 406 -7.37595 -4.21799 7.41748 7.64265
0 0 407 -0.00376779 4.29449 -6.23611 4.54427
0 0 408 -9.73952 7.91556 -2.59127 -7.62581
0 0 409 9.86189 2.71526 -5.1918 5.32743
0 0 410 16.7956 10.1599 4.14051 4.12845
0 0 411 4.42567 3.85479 6.47954 -2.72236
0 0 412 -0.28884 5.95649 4.37818 -9.13363
0 0 413 3.73645 7.06055 -0.122049 6.11112
0 0 414 -5.42916 7.78476 5.50614 3.39219
0 0 415 -7.34166 -1.55908 0.554952 3.54661
0 0 416 3.20239 1.56317 -1.81954 15.04
0 0 417 10.9787 -6.18962 4.31835 7.39337
0 0 418 -5.95239 1.53952 -0.656115 -1.60612
0 0 419 -7.25867 8.59248 6.61029 -6.7109
0 0 420 11.4659 4.19916 -2.68656 -4.91901
0 0 421 8.56824 15.7164 -4.37242 -3.73162
0 0 422 -0.680363 6.9896 -3.89763 3.99774
0 0 423 -3.76744 5.74292 -11.1397 -1.00057
0 0 424 6.15776 3.0951 0.887358 0.566804
0 0 425 1.1708 6.09912 8.99641 7.09665
0 0 426 5.13655 -2.60402 -5.36964 0.792371
0 0 427 15.7871 9.64925 6.28951 3.15503
0 0 428 7.47667 8.09366 9.03187 6.69295
0 0 429 -0.454831 8.73511 2.49011 5.9567
0 0 430 5.82577 -6.69953 2.81088 0.994222
0 0 431 -1.15488 0.898811 -4.06383 2.63222
0 0 432 7.09597 6.24174 4.41364 16.7613
0 0 433 5.38734 6.70435 5.61251 2.47833
0 0 434 5.38734 3.81932 5.71944 0.0202784
0 0 435 14.1849 12.7242 3.9743 -6.31984
0 0 436 4.57903 10.5516 -1.93865 -1.57081
0 0 437 3.8429 14.9323 -3.58849 -4.47947
0 0 438 -0.620822 3.17861 -0.691572 1.27882
0 0 439 6.8109 4.66251 -3.05443 5.82652
0 0 440 10.0874 2.12185 -2.73365 2.7392
0 0 441 10.7658 1.08873 -0.276064 -3.69578
0 0 442 7.99809 -1.57091 9.89889 1.76579
0 0 443 3.20239 5.18498 9.06788 -3.11394
0 0 444 8.01072 7.02508 1.24359 1.24351
0 0 445 9.49382 0.281011 -2.97132 5.38698
0 0 446 3.11939 0.589911 -11.1158 0.50725
0 0 447 -7.57802 5.7311 -4.24167 -4.75247
0 0 448 -3.46974 -1.31004 6.30115 0.851398
0 0 449 6.40674 8.27176 10.7537 0.234251
0 0 450 -3.90998 5.76657 5.19701 -0.858274
0 0 451 15.17 5.7311 -3.14916 0.86352
0 0 452 6.40674 3.04781 1.93222 -1.71311
0 0 453 -3.92261 -12.3152 -5.83279 -9.14523
0 0 454 0.494206 1.31413 3.83192 -2.81723
0 0 455 7.34495 -13.3719 -3.43448 -2.98324
0 0 456 -1.4165 -0.193423 -5.95135 4.06889
0 0 457 -0.110219 -7.16214 10.5753 6.83578
0 0 458 9.75544 1.76565 6.82358 10.9908
0 0 459 8.2128 -1.91528 -1.8079 16.0967
0 0 460 11.4659 4.35361 -2.40125 -9.96423
0 0 461 7.58312 -5.41738 3.92666 -10.4043
0 0 462 14.755 -2.22418 17.3786 0.459818
0 0 463 7.73648 0.304659 10.7061 3.00061
0 0 464 5.70669 6.81151 17.3193 2.05091
0 0 465 1.2556 17.0577 5.69562 12.6531
0 0 466 3.65345 10.4562 -1.34475 11.0388
0 0 467 8.66386 11.3467 -0.750851 7.10878
0 0 468 6.45546 10.9314 4.11669 -6.47373
0 0 469 13.9467 -0.419555 0.732789 8.64031
0 0 470 3.22585 12.9732 -5.51202 1.69464
0 0 471 -0.739903 -7.36389 -6.44996 11.5848
0 0 472 2.31109 7.1677 -3.06606 -3.88604
0 0 473 2.47708 -1.63003 7.22745 -7.54254
0 0 474 3.29621 7.97468 6.97815 -3.79065
0 0 475 5.65978 10.8006 3.07182 1.75367
0 0 476 -1.43995 10.7651 3.78428 -1.38056
0 0 477 3.21322 4.27084 13.6268 -0.632707
0 0 478 2.34717 0.779833 2.45465 7.4408
0 0 479 7.50012 1.01705 7.6546 -0.0624646
0 0 480 -3.48237 -5.72554 10.4091 -4.57433
0 0 481 -7.20995 -18.015 2.78706 -1.23826
0 0 482 -3.16121 -6.62785 -5.01341 5.44654
0 0 483 1.51541 4.56718 -7.64939 3.33316
0 0 484 2.50234 2.29994 -2.48435 0.447696
