0 0 0 8.83114
0 0 1 -0.00326238
0 0 2 -0.00326238
0 0 3 -0.00326238
0 0 4 -0.00326238
0 0 5 -0.00326238
0 0 6 -0.00326238
0 0 7 -0.00326238
0 0 8 -0.00326238
0 0 9 -0.00326238
0 0 10 -0.00326238
0 0 11 -0.00326238
0 0 12 -0.00326238
0 0 13 -0.00326238
0 0 14 -0.00326238
0 0 15 -0.00326238
0 0 16 -0.00326238
0 0 17 -0.00326238
0 0 18 -0.00326238
0 0 19 -0.00326238
0 0 20 -0.00326238
0 0 21 -0.00326238
0 0 22 -0.00326238
0 0 23 -0.00326238
0 0 24 -0.00326238
0 0 25 -0.00326238
0 0 26 -0.00326238
0 0 27 -0.00326238
0 0 28 -0.00326238
0 0 29 -0.00326238
0 0 30 -0.00326238
0 0 31 -0.00326238
0 0 32 -0.00326238
0 0 33 -0.00326238
0 0 34 -0.00326238
0 0 35 -0.00326238
0 0 36 -0.00326238
0 0 37 -0.00326238
0 0 38 -0.00326238
0 0 39 -0.00326238
0 0 40 -0.00326238
0 0 41 -0.00326238
0 0 42 -0.00326238
0 0 43 -0.00326238
0 0 44 -0.00326238
0 0 45 -0.00326238
0 0 46 -0.00326238
0 0 47 -0.00326238
0 0 48 -0.00326238
0 0 49 -0.00326238
0 0 50 -0.00326238
0 0 51 -0.00326238
0 0 52 -0.00326238
0 0 53 -0.00326238
0 0 54 -0.00326238
0 0 55 -0.00326238
0 0 56 -0.00326238
0 0 57 -0.00326238
0 0 58 -0.00326238
0 0 59 -0.00326238
0 0 60 -0.00326238
0 0 61 -0.00326238
0 0 62 -0.00326238
0 0 63 -0.00326238
0 0 64 -0.00326238
0 0 65 -0.00326238
0 0 66 -0.00326238
0 0 67 -0.00326238
0 0 68 -0.00326238
0 0 69 -0.00326238
0 0 70 -0.00326238
0 0 71 -0.00326238
0 0 72 -0.00326238
0 0 73 -0.00326238
0 0 74 -0.00326238
0 0 75 -0.00326238
0 0 76 -0.00326238
0 0 77 -0.00326238
0 0 78 -0.00326238
0 0 79 -0.00326238
0 0 80 -0.00326238
0 0 81 -0.00326238
0 0 82 7.77784
0 0 83 2.40764
0 0 84 2.80221
0 0 85 3.12155
0 0 86 4.03107
0 0 87 2.35414
0 0 88 -1.8106
0 0 89 -3.99246
0 0 90 -7.29115
0 0 91 -7.30285
0 0 92 -4.0911
0 0 93 -3.32369
0 0 94 -1.88751
0 0 95 2.75874
0 0 96 5.26829
0 0 97 5.15962
0 0 98 3.14328
0 0 99 3.15332
0 0 100 -1.08834
0 0 101 -5.86667
0 0 102 -4.35359
0 0 103 -1.69023
0 0 104 0.172289
0 0 105 2.86909
0 0 106 3.53786
0 0 107 4.3153
0 0 108 4.327
0 0 109 2.309
0 0 110 0.754116
0 0 111 0.0418794
0 0 112 -0.747265
0 0 113 -1.21875
0 0 114 0.458187
0 0 115 1.565
0 0 116 0.0201445
0 0 117 0.34784
0 0 118 0.468218
0 0 119 -0.595121
0 0 120 2.35414
0 0 121 3.48268
0 0 122 -2.0965
0 0 123 -3.74
0 0 124 -0.956255
0 0 125 2.61663
0 0 126 4.77507
0 0 127 3.89899
0 0 128 3.67997
0 0 129 4.05281
0 0 130 2.06824
0 0 131 -0.451336
0 0 132 -1.97445
0 0 133 -0.222283
0 0 134 -1.03316
0 0 135 -2.44593
0 0 136 -2.8405
0 0 137 -0.72553
0 0 138 -0.222283
0 0 139 0.511688
0 0 140 0.698943
0 0 141 0.249197
0 0 142 -0.111937
0 0 143 0.107084
0 0 144 0.172289
0 0 145 0.578565
0 0 146 -1.26222
0 0 147 -1.51467
0 0 148 0.677208
0 0 149 1.30083
0 0 150 0.326105
0 0 151 -0.758969
0 0 152 -2.12827
0 0 153 -1.42774
0 0 154 -2.79703
0 0 155 -0.0467322
0 0 156 7.24115
0 0 157 5.88188
0 0 158 -0.999725
0 0 159 -2.7101
0 0 160 -2.39243
0 0 161 -2.50111
0 0 162 -0.814142
0 0 163 0.489953
0 0 164 0.446483
0 0 165 1.565
0 0 166 0.00844104
0 0 167 -0.518213
0 0 168 -0.177142
0 0 169 -0.145375
0 0 170 0.917964
0 0 171 2.72698
0 0 172 0.337809
0 0 173 -3.21334
0 0 174 -2.93915
0 0 175 -2.50111
0 0 176 -4.73646
0 0 177 -1.44947
0 0 178 2.81392
0 0 179 1.34597
0 0 180 -2.15
0 0 181 -3.09296
0 0 182 -1.7337
0 0 183 -0.342661
0 0 184 -1.18698
0 0 185 0.511688
0 0 186 2.21036
0 0 187 4.34874
0 0 188 3.30713
0 0 189 0.687239
0 0 190 -0.922816
0 0 191 -0.287488
0 0 192 0.807617
0 0 193 0.217431
0 0 194 -2.19514
0 0 195 -4.33353
0 0 196 -4.06769
0 0 197 -0.222283
0 0 198 -0.451336
0 0 199 -3.92558
0 0 200 -6.66752
0 0 201 -5.89844
0 0 202 -1.25218
0 0 203 3.74517
0 0 204 4.77507
0 0 205 2.08998
0 0 206 -0.309223
0 0 207 -1.65679
0 0 208 -1.92095
0 0 209 1.08181
0 0 210 2.06824
0 0 211 1.58673
0 0 212 0.732381
0 0 213 1.15872
0 0 214 -0.0132939
0 0 215 -4.55088
0 0 216 -5.08756
0 0 217 -5.1745
0 0 218 -6.65415
0 0 219 -4.03592
0 0 220 -2.44593
0 0 221 -2.83047
0 0 222 -2.87394
0 0 223 -0.944551
0 0 224 2.24379
0 0 225 7.43844
0 0 226 9.66376
0 0 227 7.19768
0 0 228 4.61123
0 0 229 2.91256
0 0 230 -2.88565
0 0 231 -6.502
0 0 232 -3.60791
0 0 233 0.884525
0 0 234 -0.330958
0 0 235 -0.616856
0 0 236 -2.06306
0 0 237 -4.77157
0 0 238 -5.91014
0 0 239 -5.13103
0 0 240 -2.53454
0 0 241 -0.386131
0 0 242 0.369575
0 0 243 -0.715499
0 0 244 -3.02776
0 0 245 -4.11283
0 0 246 -5.73459
0 0 247 -6.35822
0 0 248 -4.50741
0 0 249 -1.09837
0 0 250 1.71881
0 0 251 3.56962
0 0 252 2.95603
0 0 253 2.41934
0 0 254 1.06008
0 0 255 -3.37719
0 0 256 -9.58
0 0 257 -7.56367
0 0 258 -0.703795
0 0 259 2.21036
0 0 260 2.21036
0 0 261 4.50088
0 0 262 8.69906
0 0 263 7.0004
0 0 264 -0.200549
0 0 265 -4.11283
0 0 266 -2.99432
0 0 267 -0.814142
0 0 268 -2.18344
0 0 269 -2.54458
0 0 270 -1.06493
0 0 271 1.93783
0 0 272 3.71174
0 0 273 4.72157
0 0 274 6.94522
0 0 275 10.2556
0 0 276 9.94798
0 0 277 7.15421
0 0 278 4.12971
0 0 279 4.43568
0 0 280 6.13434
0 0 281 2.18862
0 0 282 -3.34542
0 0 283 -4.97721
0 0 284 -5.85497
0 0 285 -4.35359
0 0 286 -0.309223
0 0 287 4.90716
0 0 288 8.87461
0 0 289 6.21125
0 0 290 1.31254
0 0 291 -1.14184
0 0 292 -0.638591
0 0 293 1.2256
0 0 294 -1.82231
0 0 295 -0.93452
0 0 296 5.15962
0 0 297 7.73437
0 0 298 5.38867
0 0 299 1.99133
0 0 300 -4.33353
0 0 301 -5.87838
0 0 302 -0.549979
0 0 303 0.00844104
0 0 304 -2.85221
0 0 305 -3.02776
0 0 306 -1.33912
0 0 307 -1.49294
0 0 308 -4.90198
0 0 309 -4.05766
0 0 310 -1.4595
0 0 311 -0.595121
0 0 312 -1.23045
0 0 313 -1.48124
0 0 314 -1.65679
0 0 315 -1.86578
0 0 316 -1.36086
0 0 317 -1.14184
0 0 318 -4.27668
0 0 319 -8.09199
0 0 320 -5.56907
0 0 321 0.489953
0 0 322 2.45278
0 0 323 3.56962
0 0 324 3.09814
0 0 325 1.10355
0 0 326 -1.15354
0 0 327 1.12695
0 0 328 4.79681
0 0 329 3.86555
0 0 330 0.807617
0 0 331 2.84736
0 0 332 4.89545
0 0 333 4.00767
0 0 334 -0.342661
0 0 335 -1.99786
0 0 336 0.381278
0 0 337 0.643769
0 0 338 -2.58972
0 0 339 -4.36529
0 0 340 -3.30195
0 0 341 -1.43777
0 0 342 0.140522
0 0 343 4.62293
0 0 344 4.79681
0 0 345 2.84736
0 0 346 4.19492
0 0 347 6.19955
0 0 348 3.43921
0 0 349 0.183992
0 0 350 0.775851
0 0 351 -0.451336
0 0 352 -3.71826
0 0 353 -3.23508
0 0 354 -2.97259
0 0 355 -3.88211
0 0 356 -3.72829
0 0 357 -4.39706
0 0 358 -5.4838
0 0 359 -1.63505
0 0 360 0.973137
0 0 361 -0.275785
0 0 362 -0.386131
0 0 363 0.841055
0 0 364 -2.12827
0 0 365 -2.98429
0 0 366 -1.14184
0 0 367 -1.48124
0 0 368 -0.0249973
0 0 369 2.05821
0 0 370 1.89269
0 0 371 2.23376
0 0 372 2.80221
0 0 373 3.14328
0 0 374 3.0112
0 0 375 2.75874
0 0 376 1.74055
0 0 377 0.446483
0 0 378 0.249197
0 0 379 -0.463039
0 0 380 -2.7101
0 0 381 -2.22691
0 0 382 1.2256
0 0 383 1.78402
0 0 384 0.831024
0 0 385 0.785882
0 0 386 -1.36086
0 0 387 -0.93452
0 0 388 2.21036
0 0 389 4.28186
0 0 390 3.58133
0 0 391 -0.922816
0 0 392 -3.41063
0 0 393 -0.200549
0 0 394 -0.287488
0 0 395 -0.429601
0 0 396 -1.71196
0 0 397 -0.845908
0 0 398 -0.0684671
0 0 399 -1.59158
0 0 400 -2.32555
0 0 401 -0.133672
0 0 402 4.25009
0 0 403 5.24656
0 0 404 2.2555
0 0 405 -1.04319
0 0 406 -2.18344
0 0 407 -0.275785
0 0 408 3.2854
0 0 409 4.327
0 0 410 2.77045
0 0 411 3.89899
0 0 412 4.20495
0 0 413 0.523391
0 0 414 -3.75003
0 0 415 -4.56258
0 0 416 -4.32015
0 0 417 -1.49294
0 0 418 1.74055
0 0 419 0.479921
0 0 420 -4.86854
0 0 421 -4.17804
0 0 422 -0.901082
0 0 423 -0.25405
0 0 424 -0.715499
0 0 425 2.49625
0 0 426 6.22295
0 0 427 5.10444
0 0 428 2.61663
0 0 429 5.26829
0 0 430 8.20585
0 0 431 5.87185
0 0 432 3.2854
0 0 433 1.87096
0 0 434 -2.53454
0 0 435 -6.66752
0 0 436 -5.62425
0 0 437 3.71174
0 0 438 10.6168
0 0 439 9.83931
0 0 440 4.33703
0 0 441 -1.35083
0 0 442 -2.66495
0 0 443 -0.473071
0 0 444 0.128819
0 0 445 1.05005
0 0 446 -0.244018
0 0 447 -0.111937
0 0 448 2.50628
0 0 449 4.70987
0 0 450 5.76151
0 0 451 5.55419
0 0 452 2.29897
0 0 453 0.961433
0 0 454 -0.0249973
0 0 455 -0.792407
0 0 456 -0.441305
0 0 457 2.20032
0 0 458 4.25009
0 0 459 2.16689
0 0 460 -3.23508
0 0 461 -7.30285
0 0 462 -8.19064
0 0 463 -6.61068
0 0 464 -3.95902
0 0 465 -3.59788
0 0 466 -2.58972
0 0 467 2.92426
0 0 468 1.89269
0 0 469 -1.8106
0 0 470 -2.05136
0 0 471 -0.605152
0 0 472 -1.88751
0 0 473 -2.33726
0 0 474 -3.15817
0 0 475 -5.58078
0 0 476 -3.8052
0 0 477 1.17042
0 0 478 -0.451336
0 0 479 -3.86037
0 0 480 -3.78347
0 0 481 0.150554
0 0 482 1.50982
0 0 483 -2.11824
0 0 484 -2.85221
0 0 485 0.535095
0 0 486 2.06824
0 0 487 3.03294
0 0 488 4.69817
0 0 489 6.02567
0 0 490 3.20849
0 0 491 1.37774
0 0 492 1.49812
0 0 493 1.92613
0 0 494 4.54602
0 0 495 7.09904
0 0 496 7.63572
0 0 497 7.50364
0 0 498 4.13975
0 0 499 5.02753
0 0 500 9.02843
0 0 501 11.4928
0 0 502 11.5162
0 0 503 12.9725
0 0 504 15.0992
0 0 505 17.9481
0 0 506 19.5481
0 0 507 16.9299
0 0 508 15.1978
0 0 509 18.9245
0 0 510 24.0957
0 0 511 27.9328
0 0 512 32.2396
0 0 513 39.8452
0 0 514 46.4743
0 0 515 50.9902
0 0 516 52.1622
0 0 517 52.5685
0 0 518 56.021
0 0 519 59.5604
0 0 520 62.9795
0 0 521 69.5652
0 0 522 74.0041
0 0 523 76.5906
0 0 524 82.4205
0 0 525 89.5446
0 0 526 95.3746
0 0 527 99.989
0 0 528 97.533
0 0 529 94.6724
0 0 530 95.2976
0 0 531 95.2976
0 0 532 95.9447
0 0 533 96.8107
0 0 534 93.3465
0 0 535 92.7229
0 0 536 92.3601
0 0 537 93.4452
0 0 538 95.3194
0 0 539 92.0541
0 0 540 85.1826
0 0 541 84.4486
0 0 542 86.3011
0 0 543 83.1763
0 0 544 79.1336
0 0 545 77.139
0 0 546 74.9471
0 0 547 71.0783
0 0 548 67.604
0 0 549 66.5407
0 0 550 64.9524
0 0 551 61.7189
0 0 552 55.9441
0 0 553 54.2889
0 0 554 53.1486
0 0 555 47.5929
0 0 556 44.1955
0 0 557 44.4363
0 0 558 41.6425
0 0 559 36.4696
0 0 560 32.5573
0 0 561 31.5709
0 0 562 29.379
0 0 563 26.4197
0 0 564 24.0957
0 0 565 23.0224
0 0 566 21.3789
0 0 567 17.4984
0 0 568 13.6078
0 0 569 15.4051
0 0 570 17.6204
0 0 571 14.6711
0 0 572 9.88278
0 0 573 9.65206
0 0 574 9.44474
0 0 575 7.82298
0 0 576 6.47374
0 0 577 7.16424
0 0 578 7.7561
0 0 579 4.53432
0 0 580 1.84922
0 0 581 3.58133
0 0 582 2.96773
0 0 583 3.20849
0 0 584 3.09814
0 0 585 3.2854
0 0 586 5.40037
0 0 587 7.83301
0 0 588 5.0058
0 0 589 0.708974
0 0 590 0.436452
0 0 591 0.961433
0 0 592 -0.177142
0 0 593 -2.52284
0 0 594 -1.90925
0 0 595 2.98947
0 0 596 3.55959
0 0 597 0.172289
0 0 598 -3.83864
0 0 599 -4.82507
0 0 600 -1.92095
0 0 601 2.21036
0 0 602 3.95416
0 0 603 3.74517
0 0 604 2.48455
0 0 605 0.983168
0 0 606 -0.780704
0 0 607 0.655473
0 0 608 1.57503
0 0 609 1.05005
0 0 610 -2.27038
0 0 611 -5.25141
0 0 612 -4.62778
0 0 613 -1.35083
0 0 614 1.74055
0 0 615 0.841055
0 0 616 1.41118
0 0 617 5.60769
0 0 618 6.18952
0 0 619 3.89899
0 0 620 0.128819
0 0 621 -0.72553
0 0 622 -0.12364
0 0 623 1.09351
0 0 624 -0.561682
0 0 625 -5.27482
0 0 626 -5.8115
0 0 627 -3.53101
0 0 628 -2.74186
0 0 629 -1.61332
0 0 630 -1.37256
0 0 631 -1.84404
0 0 632 -2.74186
0 0 633 0.282635
0 0 634 3.80035
0 0 635 2.69354
0 0 636 -0.232315
0 0 637 -3.54271
0 0 638 -5.93188
0 0 639 -5.72289
0 0 640 -1.26222
0 0 641 0.0736458
0 0 642 -4.11283
0 0 643 -4.50741
0 0 644 -4.92371
0 0 645 -5.51557
0 0 646 -3.82694
0 0 647 -0.352693
0 0 648 0.424748
0 0 649 -0.561682
0 0 650 -2.55628
0 0 651 -2.32555
0 0 652 -1.59158
0 0 653 -2.36902
0 0 654 -3.76173
0 0 655 -3.35545
0 0 656 -3.23508
0 0 657 -0.999725
0 0 658 -2.23861
0 0 659 -3.72829
0 0 660 -1.65679
0 0 661 0.807617
0 0 662 1.6302
0 0 663 0.249197
0 0 664 -3.42233
0 0 665 -2.13997
0 0 666 0.0853492
0 0 667 0.227462
0 0 668 -0.364396
0 0 669 2.47452
0 0 670 4.91886
0 0 671 3.3506
0 0 672 0.128819
0 0 673 -3.15817
0 0 674 -2.80874
0 0 675 1.09351
0 0 676 1.41118
0 0 677 0.55683
0 0 678 -1.52638
0 0 679 -4.31012
0 0 680 -4.40876
0 0 681 -2.11824
0 0 682 -1.02146
0 0 683 -0.595121
0 0 684 -1.32909
0 0 685 -1.03316
0 0 686 -0.0132939
0 0 687 2.29897
0 0 688 3.6365
0 0 689 0.687239
0 0 690 -2.75357
0 0 691 -0.845908
0 0 692 1.03834
0 0 693 -1.65679
0 0 694 -5.84327
0 0 695 -3.4541
0 0 696 2.26553
0 0 697 5.071
0 0 698 6.30989
0 0 699 7.08734
0 0 700 5.16965
0 0 701 1.99133
0 0 702 -1.84404
0 0 703 -0.68206
0 0 704 3.19679
0 0 705 4.13975
0 0 706 2.10168
0 0 707 0.720677
0 0 708 1.81745
0 0 709 4.67643
0 0 710 2.55143
0 0 711 1.48809
0 0 712 3.66827
0 0 713 4.63296
0 0 714 2.38591
0 0 715 2.06824
0 0 716 3.92073
0 0 717 3.52615
0 0 718 0.30437
0 0 719 1.62017
0 0 720 3.66827
0 0 721 0.140522
0 0 722 -3.56444
0 0 723 -2.19514
0 0 724 -1.24048
0 0 725 -0.265753
0 0 726 0.807617
0 0 727 -0.922816
0 0 728 -4.95715
0 0 729 -3.05953
0 0 730 0.951402
0 0 731 1.80575
0 0 732 -0.484774
0 0 733 -2.01959
0 0 734 -3.90384
0 0 735 -4.97721
0 0 736 -4.56258
0 0 737 -2.79703
0 0 738 -4.06769
0 0 739 -6.63241
0 0 740 -4.29842
0 0 741 -2.18344
0 0 742 -2.62148
0 0 743 -1.95272
0 0 744 -4.31012
0 0 745 -4.86854
0 0 746 0.545126
0 0 747 5.24656
0 0 748 3.82208
0 0 749 -0.451336
0 0 750 -5.69112
0 0 751 -5.91014
0 0 752 -1.8106
0 0 753 1.36771
0 0 754 0.282635
0 0 755 -1.06493
0 0 756 -2.49107
0 0 757 -3.64135
0 0 758 -3.77176
0 0 759 -2.11824
0 0 760 -1.90925
0 0 761 -0.506509
0 0 762 3.66827
0 0 763 3.81038
0 0 764 -1.23045
0 0 765 -3.02776
0 0 766 -0.693764
0 0 767 2.34244
0 0 768 6.74794
0 0 769 10.9896
0 0 770 5.32346
0 0 771 -0.966286
0 0 772 -1.08834
0 0 773 2.78048
0 0 774 4.94059
0 0 775 2.34244
0 0 776 2.06824
0 0 777 4.18322
0 0 778 2.74871
0 0 779 2.17859
0 0 780 1.44462
0 0 781 1.14869
0 0 782 -0.715499
0 0 783 -1.59158
0 0 784 -0.386131
0 0 785 1.6954
0 0 786 3.25196
0 0 787 5.92703
0 0 788 8.97326
0 0 789 10.3426
0 0 790 5.53245
0 0 791 0.917964
0 0 792 1.49812
0 0 793 3.77861
0 0 794 2.45278
0 0 795 -0.857612
0 0 796 0.0953807
0 0 797 2.98947
0 0 798 1.0049
0 0 799 -2.38073
0 0 800 -2.99432
0 0 801 -0.177142
0 0 802 0.884525
0 0 803 -1.15354
0 0 804 -4.19977
0 0 805 -1.3943
0 0 806 5.79494
0 0 807 8.87461
0 0 808 5.15962
0 0 809 1.6954
0 0 810 0.807617
0 0 811 1.58673
0 0 812 1.2256
0 0 813 -1.20871
0 0 814 -0.89105
0 0 815 2.01307
0 0 816 2.17859
0 0 817 1.78402
0 0 818 3.20849
0 0 819 3.51445
0 0 820 3.72344
0 0 821 4.19492
0 0 822 2.44108
0 0 823 2.14515
0 0 824 0.0519109
0 0 825 -0.758969
0 0 826 1.60847
0 0 827 3.53786
0 0 828 3.98593
0 0 829 5.43381
0 0 830 4.92889
0 0 831 2.68184
0 0 832 0.0736458
0 0 833 -0.922816
0 0 834 -0.68206
0 0 835 0.874494
0 0 836 1.19216
0 0 837 0.535095
0 0 838 -0.463039
0 0 839 -2.04133
0 0 840 -4.63781
0 0 841 -4.05766
0 0 842 -0.21058
0 0 843 1.67367
0 0 844 0.282635
0 0 845 1.08181
0 0 846 3.0112
0 0 847 3.81038
0 0 848 3.04464
0 0 849 0.884525
0 0 850 -0.670357
0 0 851 0.270932
0 0 852 0.994872
0 0 853 0.39131
0 0 854 2.6718
0 0 855 7.05557
0 0 856 3.49271
0 0 857 -4.01419
0 0 858 -8.2107
0 0 859 -7.21424
0 0 860 -3.25681
0 0 861 -0.638591
0 0 862 -0.561682
0 0 863 1.60847
0 0 864 4.76504
0 0 865 3.02291
0 0 866 -2.11824
0 0 867 -2.91741
0 0 868 -1.4712
0 0 869 1.2791
0 0 870 2.72698
0 0 871 3.92073
0 0 872 5.13788
0 0 873 0.90626
0 0 874 -2.72013
0 0 875 -2.73183
0 0 876 -2.22691
0 0 877 0.436452
0 0 878 2.85739
0 0 879 2.28726
0 0 880 -1.51467
0 0 881 -5.24305
0 0 882 -7.19418
0 0 883 -5.1862
0 0 884 -3.60791
0 0 885 -1.53641
0 0 886 0.030176
0 0 887 1.17042
0 0 888 0.0736458
0 0 889 0.535095
0 0 890 3.23022
0 0 891 2.47452
0 0 892 -2.28208
0 0 893 -4.96885
0 0 894 -5.41693
0 0 895 -2.68836
0 0 896 0.458187
0 0 897 1.75058
0 0 898 0.468218
0 0 899 -3.42233
0 0 900 -6.75279
0 0 901 -5.82153
0 0 902 -5.36343
0 0 903 -6.87317
0 0 904 -3.1147
0 0 905 4.62293
0 0 906 2.72698
0 0 907 -2.05136
0 0 908 -2.59975
0 0 909 1.03834
0 0 910 3.49271
0 0 911 4.96233
0 0 912 1.82749
0 0 913 -1.11007
0 0 914 0.205727
0 0 915 -0.626887
0 0 916 -3.76173
0 0 917 -5.87838
0 0 918 -4.65119
0 0 919 -2.04133
0 0 920 -1.7454
0 0 921 1.88266
0 0 922 5.57592
0 0 923 4.80851
0 0 924 0.819321
0 0 925 -2.05136
0 0 926 -1.93098
0 0 927 -3.99246
0 0 928 -6.03219
0 0 929 -1.13181
0 0 930 3.64653
0 0 931 4.70987
0 0 932 2.36417
0 0 933 -0.912785
0 0 934 0.545126
0 0 935 2.50628
0 0 936 0.107084
0 0 937 1.54326
0 0 938 3.76691
0 0 939 1.37774
0 0 940 -3.19161
0 0 941 -2.26035
0 0 942 4.327
0 0 943 9.74067
0 0 944 5.89359
0 0 945 -0.496478
0 0 946 0.665504
0 0 947 3.98593
0 0 948 4.97236
0 0 949 5.18135
0 0 950 1.58673
0 0 951 -2.56631
0 0 952 -2.44593
0 0 953 -3.76173
0 0 954 -5.70115
0 0 955 -3.56444
0 0 956 0.489953
0 0 957 3.41748
0 0 958 2.12342
0 0 959 -0.0249973
0 0 960 -0.473071
0 0 961 1.20219
0 0 962 4.18322
0 0 963 5.81668
0 0 964 3.26366
0 0 965 1.35601
0 0 966 1.45465
0 0 967 2.03648
0 0 968 -1.48124
0 0 969 -4.27668
0 0 970 -1.93098
0 0 971 0.742412
0 0 972 -1.19701
0 0 973 -3.50927
0 0 974 -3.1264
0 0 975 0.0418794
0 0 976 3.44925
0 0 977 4.61123
0 0 978 2.15685
0 0 979 0.0201445
0 0 980 -2.67666
0 0 981 -2.34729
0 0 982 -0.89105
0 0 983 -1.23045
0 0 984 -0.802438
0 0 985 -0.835877
0 0 986 -1.17528
0 0 987 -0.342661
0 0 988 1.03834
0 0 989 2.77045
0 0 990 1.82749
0 0 991 1.52153
0 0 992 3.30713
0 0 993 5.67457
0 0 994 1.30083
0 0 995 -5.66939
0 0 996 -7.62051
0 0 997 -5.64598
0 0 998 -2.4242
0 0 999 0.205727
0 0 1000 3.44925
0 0 1001 5.54248
0 0 1002 -0.922816
0 0 1003 -7.65395
0 0 1004 -7.59711
0 0 1005 -4.00249
0 0 1006 -0.549979
0 0 1007 0.797586
0 0 1008 -2.34729
0 0 1009 -4.0911
0 0 1010 -1.61332
0 0 1011 0.107084
0 0 1012 -1.70193
0 0 1013 -2.21688
0 0 1014 -2.95085
0 0 1015 -0.496478
0 0 1016 0.566861
0 0 1017 -0.275785
0 0 1018 -0.549979
0 0 1019 -1.54811
0 0 1020 -0.00326238
0 0 1021 -0.00326238
0 0 1022 -0.00326238
0 0 1023 -0.00326238
