0 0 0 -0.00288015
0 0 1 -0.025585
0 0 2 -0.0372135
0 0 3 -0.043672
0 0 4 -0.0229582
0 0 5 -0.0146258
0 0 6 -0.00957282
0 0 7 0.0211298
0 0 8 0.00106853
0 0 9 -0.00947243
0 0 10 0.0244259
0 0 11 0.033963
0 0 12 0.0614866
0 0 13 0.0345151
0 0 14 0.0613695
0 0 15 -0.014174
0 0 16 0.0132325
0 0 17 0.0197076
0 0 18 0.0975601
0 0 19 0.0794731
0 0 20 0.0336284
0 0 21 0.037577
0 0 22 0.0590772
0 0 23 0.0141192
0 0 24 0.045374
0 0 25 -0.0241628
0 0 26 0.00797871
0 0 27 0.00610476
0 0 28 0.102396
0 0 29 -0.00145796
0 0 30 -0.0399575
0 0 31 -0.00430234
0 0 32 0.0211298
0 0 33 -0.00179259
0 0 34 0.034398
0 0 35 0.0428475
0 0 36 0.00282535
0 0 37 0.0614866
0 0 38 0.0535892
0 0 39 0.0235392
0 0 40 0.084844
0 0 41 -0.00102293
0 0 42 0.0595122
0 0 43 0.061152
0 0 44 0.0942807
0 0 45 0.0448218
0 0 46 0.0405385
0 0 47 -0.0150608
0 0 48 0.00873163
0 0 49 0.0143367
0 0 50 0.0461269
0 0 51 0.0496406
0 0 52 -0.00376693
0 0 53 -0.0222889
0 0 54 0.0186033
0 0 55 0.00314325
0 0 56 0.0428475
0 0 57 0.0488709
0 0 58 0.037577
0 0 59 0.0110406
0 0 60 0.0181683
0 0 61 0.0173986
0 0 62 -0.0135215
0 0 63 -0.0227406
0 0 64 0.0711408
0 0 65 0.0377945
0 0 66 0.024861
0 0 67 0.0724458
0 0 68 0.0101706
0 0 69 0.0321058
0 0 70 0.0990994
0 0 71 0.0468966
0 0 72 0.0597298
0 0 73 0.0532546
0 0 74 0.0437176
0 0 75 0.0170807
0 0 76 0.0292447
0 0 77 0.0719104
0 0 78 0.00709193
0 0 79 0.0830872
0 0 80 0.0260656
0 0 81 0.0322062
0 0 82 0.022117
0 0 83 0.0682796
0 0 84 0.118291
0 0 85 0.00622188
0 0 86 0.0408732
0 0 87 -0.0163659
0 0 88 0.0609344
0 0 89 0.0213473
0 0 90 0.00829661
0 0 91 0.00249072
0 0 92 0.084844
0 0 93 0.0269357
0 0 94 0.0331933
0 0 95 0.00381252
0 0 96 0.0506277
0 0 97 -0.0319431
0 0 98 0.0428475
0 0 99 0.0667571
0 0 100 0.0833047
0 0 101 0.0291443
0 0 102 0.0819996
0 0 103 0.0712411
0 0 104 0.0647827
0 0 105 -0.0360089
0 0 106 0.048988
0 0 107 0.0726801
0 0 108 0.0967904
0 0 109 0.091202
0 0 110 0.0499752
0 0 111 0.0546935
0 0 112 0.0617041
0 0 113 0.102948
0 0 114 0.110611
0 0 115 0.122356
0 0 116 0.102713
0 0 117 0.139791
0 0 118 0.167197
0 0 119 0.186288
0 0 120 0.314152
0 0 121 0.394313
0 0 122 0.45013
0 0 123 0.572739
0 0 124 0.775059
0 0 125 0.789749
0 0 126 0.893385
0 0 127 0.953034
0 0 128 0.999983
0 0 129 0.925075
0 0 130 0.825287
0 0 131 0.686883
0 0 132 0.564943
0 0 133 0.441797
0 0 134 0.390247
0 0 135 0.301201
0 0 136 0.26645
0 0 137 0.170058
0 0 138 0.176851
0 0 139 0.140995
0 0 140 0.12751
0 0 141 0.0836393
0 0 142 0.105675
0 0 143 0.117421
0 0 144 0.186723
0 0 145 0.135507
0 0 146 0.0915367
0 0 147 0.123009
0 0 148 0.0720108
0 0 149 0.127292
0 0 150 0.124548
0 0 151 0.147789
0 0 152 0.0628084
0 0 153 0.0553461
0 0 154 0.0892277
0 0 155 0.124766
0 0 156 0.131676
0 0 157 0.170711
0 0 158 0.162161
0 0 159 0.144057
0 0 160 0.23727
0 0 161 0.203287
0 0 162 0.249668
0 0 163 0.238926
0 0 164 0.338379
0 0 165 0.385646
0 0 166 0.420732
0 0 167 0.532483
0 0 168 0.512305
0 0 169 0.441028
0 0 170 0.398262
0 0 171 0.422707
0 0 172 0.324241
0 0 173 0.225976
0 0 174 0.184632
0 0 175 0.144275
0 0 176 0.174542
0 0 177 0.127727
0 0 178 0.090332
0 0 179 0.0559986
0 0 180 0.0271699
0 0 181 0.0507449
0 0 182 0.00742656
0 0 183 0.0923063
0 0 184 0.0435
0 0 185 0.0887927
0 0 186 0.034833
0 0 187 0.0372591
0 0 188 0.0169636
0 0 189 0.0183858
0 0 190 0.0337455
0 0 191 0.00128604
0 0 192 0.0404381
0 0 193 0.0267182
0 0 194 0.0254131
0 0 195 0.00699154
0 0 196 -0.0254679
0 0 197 -0.0534433
0 0 198 -0.00321478
0 0 199 -0.0965273
0 0 200 0.0466791
0 0 201 0.0308844
0 0 202 0.0265007
0 0 203 -0.0382007
0 0 204 -0.00595877
0 0 205 0.0727805
0 0 206 0.0355023
0 0 207 0.00249072
0 0 208 -0.00990745
0 0 209 0.0115927
0 0 210 0.0497577
0 0 211 -0.000688299
0 0 212 -0.0411622
0 0 213 0.00653978
0 0 214 -0.0216363
0 0 215 0.0234388
0 0 216 0.0156418
0 0 217 -0.0395058
0 0 218 0.000181748
0 0 219 -0.0451109
0 0 220 -0.0206492
0 0 221 0.00479969
0 0 222 -0.00617629
0 0 223 0.0125799
0 0 224 -0.00453658
0 0 225 0.0130149
0 0 226 -0.0368789
0 0 227 -0.0321606
0 0 228 -0.00617629
0 0 229 0.00819622
0 0 230 -0.00892028
0 0 231 0.0140021
0 0 232 -0.0331477
0 0 233 0.00764407
0 0 234 0.0616037
0 0 235 0.0665395
0 0 236 -0.0568398
0 0 237 -0.0282119
0 0 238 0.0441526
0 0 239 -0.0263547
0 0 240 0.0464615
0 0 241 -0.00189298
0 0 242 -0.0277769
0 0 243 -3.57637e-05
0 0 244 0.00884875
0 0 245 0.0654353
0 0 246 0.0498581
0 0 247 0.0328587
0 0 248 0.0559986
0 0 249 0.00434793
0 0 250 -0.019662
0 0 251 -0.0330473
0 0 252 0.00555261
0 0 253 -0.0671465
0 0 254 -0.042919
0 0 255 0.0234388
