0 0 0 0.0340851
0 0 1 0.00688389
0 0 2 -0.00632716
0 0 3 0.0185367
0 0 4 0.00932285
0 0 5 0.0512933
0 0 6 0.0375234
0 0 7 0.0285297
0 0 8 -0.0028889
0 0 9 0.0215346
0 0 10 0.0311888
0 0 11 0.0421811
0 0 12 0.000786481
0 0 13 0.0263109
0 0 14 -0.00888468
0 0 15 -0.0238572
0 0 16 -0.0782766
0 0 17 -0.0563936
0 0 18 -0.0519561
0 0 19 -0.0253138
0 0 20 -0.00920649
0 0 21 -0.0276342
0 0 22 -0.0197584
0 0 23 -0.0533957
0 0 24 -0.0610514
0 0 25 -0.0308523
0 0 26 -0.0096638
0 0 27 0.031409
0 0 28 0.007663
0 0 29 -0.00576823
0 0 30 -0.00754664
0 0 31 -0.0114253
0 0 32 0.0293088
0 0 33 0.0499553
0 0 34 0.00654514
0 0 35 -0.0569526
0 0 36 -0.0584939
0 0 37 -0.025534
0 0 38 -0.00488749
0 0 39 -0.0147619
0 0 40 -0.00111049
0 0 41 -0.010426
0 0 42 -0.019318
0 0 43 -0.0391854
0 0 44 0.0179778
0 0 45 0.0179778
0 0 46 0.00522404
0 0 47 -0.0337485
0 0 48 -0.0176412
0 0 49 0.0217548
0 0 50 0.0227541
0 0 51 0.0261923
0 0 52 0.0187569
0 0 53 0.0390816
0 0 54 0.00676533
0 0 55 0.00554584
0 0 56 -0.000212816
0 0 57 0.0258705
0 0 58 -0.0127633
0 0 59 -0.0461805
0 0 60 -0.0478403
0 0 61 -0.00344783
0 0 62 0.0326454
0 0 63 -0.000991929
0 0 64 -0.0238572
0 0 65 -0.0765998
0 0 66 -0.0546152
0 0 67 -0.0114253
0 0 68 0.0236518
0 0 69 0.0192142
0 0 70 -0.0141014
0 0 71 -0.0114253
0 0 72 -0.0666068
0 0 73 -0.0949259
0 0 74 -0.0689441
0 0 75 -0.0139828
0 0 76 0.037083
0 0 77 0.0396405
0 0 78 0.0478551
0 0 79 0.0148783
0 0 80 -0.0286335
0 0 81 -0.0864742
0 0 82 -0.066827
0 0 83 0.0328656
0 0 84 0.0743788
0 0 85 0.0714995
0 0 86 -0.0128819
0 0 87 -0.0650486
0 0 88 -0.0600521
0 0 89 -0.0701636
0 0 90 0.0168769
0 0 91 -0.0325291
0 0 92 0.00322544
0 0 93 -0.0522779
0 0 94 -0.0096638
0 0 95 -0.0062086
0 0 96 0.0635051
0 0 97 0.0844734
0 0 98 0.0804762
0 0 99 0.0340851
0 0 100 0.00688389
0 0 101 -0.00632716
0 0 102 0.0185367
0 0 103 0.00932285
0 0 104 0.0512933
0 0 105 0.0375234
0 0 106 0.0285297
0 0 107 -0.0028889
0 0 108 0.0215346
0 0 109 0.0311888
0 0 110 0.0421811
0 0 111 0.000786481
0 0 112 0.0263109
0 0 113 -0.00888468
0 0 114 -0.0238572
0 0 115 -0.0782766
0 0 116 -0.0563936
0 0 117 -0.0519561
0 0 118 -0.0253138
0 0 119 -0.00920649
0 0 120 -0.0276342
0 0 121 -0.0197584
0 0 122 -0.0533957
0 0 123 -0.0610514
0 0 124 -0.0308523
0 0 125 -0.0096638
0 0 126 0.031409
0 0 127 0.007663
0 0 128 -0.00576823
0 0 129 -0.00754664
0 0 130 -0.0114253
0 0 131 0.0293088
0 0 132 0.0499553
0 0 133 0.00654514
0 0 134 -0.0569526
0 0 135 -0.0584939
0 0 136 -0.025534
0 0 137 -0.00488749
0 0 138 -0.0147619
0 0 139 -0.00111049
0 0 140 -0.010426
0 0 141 -0.019318
0 0 142 -0.0391854
0 0 143 0.0179778
0 0 144 0.0179778
0 0 145 0.00522404
0 0 146 -0.0337485
0 0 147 -0.0176412
0 0 148 0.0217548
0 0 149 0.0227541
0 0 150 0.0261923
0 0 151 0.0187569
0 0 152 0.0390816
0 0 153 0.00676533
0 0 154 0.00554584
0 0 155 -0.000212816
0 0 156 0.0258705
0 0 157 -0.0127633
0 0 158 -0.0461805
0 0 159 -0.0478403
0 0 160 -0.00344783
0 0 161 0.0326454
0 0 162 -0.000991929
0 0 163 -0.0238572
0 0 164 -0.0765998
0 0 165 -0.0546152
0 0 166 -0.0114253
0 0 167 0.0236518
0 0 168 0.0192142
0 0 169 -0.0224175
0 0 170 -0.00133067
0 0 171 0.00322544
0 0 172 0.00232777
0 0 173 -0.0244161
0 0 174 -0.0385249
0 0 175 -0.0269737
0 0 176 -0.0223159
0 0 177 0.00932285
0 0 178 0.0118804
0 0 179 0.0139806
0 0 180 0.0162163
0 0 181 0.0395219
0 0 182 0.0248712
0 0 183 0.0129982
0 0 184 0.00300526
0 0 185 0.00988178
0 0 186 0.00532566
0 0 187 0.0401825
0 0 188 0.0749377
0 0 189 0.0784776
0 0 190 0.0384041
0 0 191 0.0187569
0 0 192 -0.00321071
0 0 193 -0.00398982
0 0 194 -0.0114253
0 0 195 -0.0205375
0 0 196 -0.0170992
0 0 197 0.0218733
0 0 198 0.052733
0 0 199 0.0366426
0 0 200 -0.0076652
0 0 201 0.00232777
0 0 202 -0.00421001
0 0 203 0.0538339
0 0 204 0.0566116
0 0 205 0.0884706
0 0 206 0.0413004
0 0 207 0.0148783
0 0 208 -0.0260929
0 0 209 -0.0129835
0 0 210 7.3677e-06
0 0 211 0.00688389
0 0 212 -0.0329694
0 0 213 -0.0360689
0 0 214 0.00844211
0 0 215 0.0424013
0 0 216 0.0384041
0 0 217 0.0269715
0 0 218 0.0247527
0 0 219 0.0395219
0 0 220 0.02897
0 0 221 0.0498367
0 0 222 0.0499553
0 0 223 0.0498367
0 0 224 -0.0151006
0 0 225 -0.0419631
0 0 226 -0.0661664
0 0 227 -0.0206391
0 0 228 0.0300879
0 0 229 0.0364055
0 0 230 -0.0052093
0 0 231 -0.0741608
0 0 232 -0.0330711
0 0 233 -0.0052093
0 0 234 0.0261923
0 0 235 -0.0220957
0 0 236 -0.0137626
0 0 237 0.00332707
0 0 238 -0.00133067
0 0 239 -0.0124246
0 0 240 -0.0237556
0 0 241 -0.00498912
0 0 242 -0.0358488
0 0 243 -0.0309708
0 0 244 -0.00144923
0 0 245 0.0512933
0 0 246 0.0447386
0 0 247 0.0363039
0 0 248 -0.000449938
0 0 249 0.019536
0 0 250 0.0104407
0 0 251 0.00754444
0 0 252 -0.0385249
0 0 253 -0.0370682
0 0 254 -0.00732646
0 0 255 0.0142177
0 0 256 0.0112198
0 0 257 -0.0254154
0 0 258 -0.0774805
0 0 259 -0.0697063
0 0 260 -0.0717049
0 0 261 -0.0126617
0 0 262 -0.035527
0 0 263 -0.00421001
0 0 264 -0.0190978
0 0 265 -0.0589512
0 0 266 -0.0610514
0 0 267 -0.0768199
0 0 268 -0.0726026
0 0 269 -0.0773789
0 0 270 -0.0653873
0 0 271 -0.0388467
0 0 272 -0.0340704
0 0 273 -0.0457401
0 0 274 -0.00976542
0 0 275 -0.00798701
0 0 276 -0.0356286
0 0 277 -0.0761425
0 0 278 -0.0889131
0 0 279 -0.037407
0 0 280 -0.00888468
0 0 281 -0.00510768
0 0 282 -0.0339687
0 0 283 -0.0313096
0 0 284 -0.0391854
0 0 285 0.000108991
0 0 286 -0.00121211
0 0 287 -0.00332927
0 0 288 -0.0250936
0 0 289 -0.0384063
0 0 290 -0.0125431
0 0 291 0.0366426
0 0 292 0.0752595
0 0 293 0.0577295
0 0 294 0.0112198
0 0 295 -0.00566661
0 0 296 0.00988178
0 0 297 -0.0174211
0 0 298 -0.0132037
0 0 299 -0.0127633
0 0 300 -0.0305305
0 0 301 -0.0713831
0 0 302 -0.11
0 0 303 -0.0368481
0 0 304 0.00688389
0 0 305 0.07216
0 0 306 0.0472961
0 0 307 0.0390816
0 0 308 0.00154866
0 0 309 0.0148783
0 0 310 0.0104407
0 0 311 0.0501755
0 0 312 0.015217
0 0 313 0.0145395
0 0 314 -0.087609
0 0 315 -0.055496
0 0 316 -0.0684868
0 0 317 0.0317478
0 0 318 0.0772581
0 0 319 0.0955842
0 0 320 0.0993612
0 0 321 0.025752
0 0 322 0.0174358
0 0 323 -0.0348495
0 0 324 -0.0350697
0 0 325 -0.0364077
0 0 326 0.0395219
0 0 327 0.019536
0 0 328 0.0600499
0 0 329 0.0294274
0 0 330 0.0699412
0 0 331 -0.0134239
0 0 332 -0.0123229
0 0 333 0.00900104
0 0 334 0.0437393
0 0 335 -0.00698771
0 0 336 -0.0172009
0 0 337 0.00700245
0 0 338 0.0340851
0 0 339 0.0189771
0 0 340 0.025752
0 0 341 0.0331874
0 0 342 0.0596095
0 0 343 0.0182149
0 0 344 0.0185367
0 0 345 -0.043623
0 0 346 -0.0479589
0 0 347 -0.0538361
0 0 348 -0.0096638
0 0 349 -0.0239758
0 0 350 -0.0475185
0 0 351 -0.050618
0 0 352 -0.0488396
0 0 353 0.0086623
0 0 354 -0.00676753
0 0 355 0.0317478
0 0 356 -0.00632716
0 0 357 -0.0141014
0 0 358 -0.0294126
0 0 359 -0.019318
0 0 360 -0.00454875
0 0 361 0.0230928
0 0 362 0.0306468
0 0 363 0.0754797
0 0 364 0.0547316
0 0 365 0.0943647
0 0 366 0.13288
0 0 367 0.127545
0 0 368 0.0643858
0 0 369 -0.0103243
0 0 370 0.0418593
0 0 371 0.0853711
0 0 372 0.0772581
0 0 373 0.0874713
0 0 374 0.046517
0 0 375 0.02709
0 0 376 -0.000111193
0 0 377 0.00500385
0 0 378 0.058949
0 0 379 0.0259722
0 0 380 0.0159792
0 0 381 -0.0119842
0 0 382 0.00344563
0 0 383 0.00378437
0 0 384 -0.00532786
0 0 385 -0.0313096
0 0 386 -0.00732646
0 0 387 -0.0415227
0 0 388 -0.0429624
0 0 389 -0.0569526
0 0 390 -0.023095
0 0 391 0.0190956
0 0 392 0.0387428
0 0 393 0.0516151
0 0 394 0.020874
0 0 395 0.0224323
0 0 396 0.0223137
0 0 397 0.0530717
0 0 398 0.0632849
0 0 399 0.0537323
0 0 400 0.00488529
0 0 401 -0.0096638
0 0 402 0.000786481
0 0 403 0.0276489
0 0 404 0.0174358
0 0 405 0.0112198
0 0 406 -0.0191995
0 0 407 -0.0434028
0 0 408 0.00588459
0 0 409 0.0430788
0 0 410 0.0592877
0 0 411 0.0413004
0 0 412 0.0311888
0 0 413 0.0410802
0 0 414 0.0209757
0 0 415 0.021975
0 0 416 0.00844211
0 0 417 0.00332707
0 0 418 0.000786481
0 0 419 -0.0284133
0 0 420 -0.0152023
0 0 421 0.04274
0 0 422 0.0693823
0 0 423 0.0577295
0 0 424 0.0324083
0 0 425 0.0349658
0 0 426 0.0531734
0 0 427 0.0401825
0 0 428 0.077817
0 0 429 0.060287
0 0 430 0.0254302
0 0 431 0.0139806
0 0 432 0.000888104
0 0 433 -0.00576823
0 0 434 -0.0646082
0 0 435 -0.0435213
0 0 436 0.0269715
0 0 437 0.0449588
0 0 438 0.0358635
0 0 439 -0.0213166
0 0 440 -0.00642878
0 0 441 0.0306468
0 0 442 0.0531734
0 0 443 -0.000212816
0 0 444 -0.054395
0 0 445 -0.0526166
0 0 446 -0.0143215
0 0 447 -0.0123229
0 0 448 -0.0303103
0 0 449 -0.00542949
0 0 450 -0.0353068
0 0 451 0.00178578
0 0 452 0.000888104
0 0 453 0.0522926
0 0 454 0.0579497
0 0 455 0.0834741
0 0 456 0.0653851
0 0 457 0.00244633
0 0 458 -0.0419631
0 0 459 -0.0488396
0 0 460 -0.0561735
0 0 461 -0.0701636
0 0 462 -0.0451812
0 0 463 -0.00610698
0 0 464 0.0303081
0 0 465 0.0250914
0 0 466 0.0411818
0 0 467 0.0210942
0 0 468 0.00588459
0 0 469 -0.0226377
0 0 470 0.00100666
0 0 471 0.0234316
0 0 472 0.0256503
0 0 473 0.00232777
0 0 474 0.0300879
0 0 475 0.0884706
0 0 476 0.125326
0 0 477 0.0931452
0 0 478 0.0568318
0 0 479 0.0167583
0 0 480 0.0457379
0 0 481 0.00410618
0 0 482 0.0301895
0 0 483 0.045179
0 0 484 0.0548332
0 0 485 0.0349658
0 0 486 -0.0313096
0 0 487 0.0243123
0 0 488 0.0396405
0 0 489 0.0948051
0 0 490 0.0409616
0 0 491 0.00888248
0 0 492 -0.0314112
0 0 493 -0.0183187
0 0 494 0.02709
0 0 495 -0.00498912
0 0 496 -0.00410838
0 0 497 -0.0106631
0 0 498 0.0340851
0 0 499 0.0686032
0 0 500 0.0578311
0 0 501 0.0288684
0 0 502 -0.00610698
0 0 503 0.0328656
0 0 504 0.0440781
0 0 505 0.0393018
0 0 506 -0.0099856
0 0 507 -0.0143215
0 0 508 0.00254795
0 0 509 0.0461783
0 0 510 0.035186
0 0 511 0.0340851
0 0 512 -0.00542949
0 0 513 -0.00932505
0 0 514 -0.029311
0 0 515 -0.0178784
0 0 516 0.0559511
0 0 517 0.0800358
0 0 518 0.0980232
0 0 519 0.0810351
0 0 520 0.0909265
0 0 521 0.058949
0 0 522 0.00900104
0 0 523 0.00532566
0 0 524 -0.00332927
0 0 525 0.0369644
0 0 526 0.0319679
0 0 527 0.0617267
0 0 528 0.0468558
0 0 529 0.0144379
0 0 530 0.0150984
0 0 531 0.0169785
0 0 532 0.0365241
0 0 533 0.0326454
0 0 534 0.0495149
0 0 535 0.076479
0 0 536 0.0417407
0 0 537 0.047076
0 0 538 7.3677e-06
0 0 539 -0.0145417
0 0 540 -0.0642695
0 0 541 -0.0417429
0 0 542 0.00454655
0 0 543 0.00888248
0 0 544 0.00576603
0 0 545 -0.00532786
0 0 546 0.0347456
0 0 547 0.0325269
0 0 548 -0.0072079
0 0 549 -0.00976542
0 0 550 -0.0062086
0 0 551 0.0241937
0 0 552 0.0153186
0 0 553 0.0345255
0 0 554 0.0350844
0 0 555 0.0300879
0 0 556 0.0277506
0 0 557 0.0122191
0 0 558 0.0145395
0 0 559 -0.0062086
0 0 560 -0.00654734
0 0 561 -0.0144232
0 0 562 0.0240921
0 0 563 0.0533935
0 0 564 0.0760386
0 0 565 0.00476673
0 0 566 0.00722263
0 0 567 -0.039846
0 0 568 -0.0301917
0 0 569 -0.0628467
0 0 570 -0.035527
0 0 571 -0.0194196
0 0 572 0.000447736
0 0 573 -0.0304119
0 0 574 -0.0233152
0 0 575 -0.00310908
0 0 576 0.0571706
0 0 577 0.0263109
0 0 578 0.0481769
0 0 579 -0.0209779
0 0 580 0.0086623
0 0 581 -0.000890306
0 0 582 -0.00532786
0 0 583 0.0250914
0 0 584 -0.0224175
0 0 585 0.0448572
0 0 586 -0.0184203
0 0 587 0.0124393
0 0 588 0.015759
0 0 589 0.0830337
0 0 590 0.066503
0 0 591 0.050294
0 0 592 0.0424013
0 0 593 0.0411818
0 0 594 0.0105423
0 0 595 -0.0206391
0 0 596 -0.0314112
0 0 597 -0.0170992
0 0 598 -0.019877
0 0 599 0.0158776
0 0 600 -0.0156426
0 0 601 -0.023095
0 0 602 -0.064388
0 0 603 -0.0572744
0 0 604 -0.0437415
0 0 605 -0.0431826
0 0 606 -0.0408453
0 0 607 -0.025534
0 0 608 0.0413004
0 0 609 0.110455
0 0 610 0.10368
0 0 611 0.0675023
0 0 612 0.0522926
0 0 613 0.0933654
0 0 614 0.091587
0 0 615 0.16418
0 0 616 0.182049
0 0 617 0.321933
0 0 618 0.399083
0 0 619 0.561257
0 0 620 0.679716
0 0 621 0.831456
0 0 622 0.950576
0 0 623 0.999982
0 0 624 0.977777
0 0 625 0.914059
0 0 626 0.840789
0 0 627 0.7653
0 0 628 0.712235
0 0 629 0.653395
0 0 630 0.618318
0 0 631 0.629649
0 0 632 0.631529
0 0 633 0.581243
0 0 634 0.549282
0 0 635 0.534614
0 0 636 0.5233
0 0 637 0.507972
0 0 638 0.569471
0 0 639 0.624314
0 0 640 0.610442
0 0 641 0.648636
0 0 642 0.741096
0 0 643 0.849664
0 0 644 0.88696
0 0 645 0.845667
0 0 646 0.801376
0 0 647 0.627989
0 0 648 0.481008
0 0 649 0.310382
0 0 650 0.23679
0 0 651 0.208149
0 0 652 0.157083
0 0 653 0.0835926
0 0 654 0.0336447
0 0 655 -0.00542949
0 0 656 0.0471776
0 0 657 0.0672651
0 0 658 0.0701614
0 0 659 0.0353046
0 0 660 -0.0157612
0 0 661 -0.0153208
0 0 662 0.0248712
0 0 663 0.0184351
0 0 664 0.05839
0 0 665 0.015217
0 0 666 0.00144703
0 0 667 -0.0566138
0 0 668 -0.0782766
0 0 669 -0.0785984
0 0 670 -0.0783951
0 0 671 -0.0627282
0 0 672 -0.0291924
0 0 673 -0.0204189
0 0 674 -0.0289722
0 0 675 -0.0526166
0 0 676 -0.0126617
0 0 677 0.0140992
0 0 678 0.0316461
0 0 679 -0.00443019
0 0 680 -0.0038882
0 0 681 -0.0163201
0 0 682 0.00178578
0 0 683 -0.0178784
0 0 684 -0.0370682
0 0 685 -0.000890306
0 0 686 -0.0144232
0 0 687 0.0497351
0 0 688 0.0108811
0 0 689 0.0448572
0 0 690 0.0280893
0 0 691 0.0417407
0 0 692 0.0601684
0 0 693 0.0727189
0 0 694 0.0439595
0 0 695 0.00300526
0 0 696 -0.0229765
0 0 697 0.00700245
0 0 698 0.0381839
0 0 699 0.0620485
0 0 700 0.0367442
0 0 701 0.021975
0 0 702 -0.00133067
0 0 703 0.0197562
0 0 704 -0.00888468
0 0 705 0.000888104
0 0 706 -0.0250936
0 0 707 -0.00610698
0 0 708 -0.0344091
0 0 709 -0.0229765
0 0 710 -0.0601706
0 0 711 -0.0840352
0 0 712 -0.0520577
0 0 713 -0.0213166
0 0 714 0.00822193
0 0 715 0.0150984
0 0 716 0.0280893
0 0 717 0.0273102
0 0 718 -0.00443019
0 0 719 0.0128797
0 0 720 0.0271916
0 0 721 0.0405212
0 0 722 0.0271916
0 0 723 0.00566441
0 0 724 -0.011764
0 0 725 -0.0163201
0 0 726 -0.00221141
0 0 727 -0.0211981
0 0 728 -0.0521763
0 0 729 -0.0673859
0 0 730 -0.0180985
0 0 731 0.0729391
0 0 732 0.108677
0 0 733 0.107457
0 0 734 0.00488529
0 0 735 0.00210759
0 0 736 -0.0339687
0 0 737 -0.0062086
0 0 738 -0.00576823
0 0 739 -0.00942667
0 0 740 0.00722263
0 0 741 -0.0354084
0 0 742 -0.0415227
0 0 743 -0.0184203
0 0 744 0.0173172
0 0 745 0.035186
0 0 746 0.0297492
0 0 747 0.0132184
0 0 748 -0.0101042
0 0 749 -0.0333082
0 0 750 -0.0574946
0 0 751 -0.0536159
0 0 752 -0.0183187
0 0 753 -0.0113236
0 0 754 -0.0028889
0 0 755 0.0140992
0 0 756 0.0288684
0 0 757 0.0364055
0 0 758 -0.0115438
0 0 759 -0.00111049
0 0 760 0.0200949
0 0 761 -0.00398982
0 0 762 -0.0417429
0 0 763 -0.0478403
0 0 764 -0.043623
0 0 765 -0.0244161
0 0 766 -0.0148805
0 0 767 0.00632496
0 0 768 0.0216532
0 0 769 -0.0427422
0 0 770 -0.0427422
0 0 771 -0.0363061
0 0 772 -0.0464007
0 0 773 -0.0673859
0 0 774 -0.0553943
0 0 775 0.0221952
0 0 776 0.0227541
0 0 777 0.0371846
0 0 778 -0.0108833
0 0 779 -0.0260929
0 0 780 -0.0902512
0 0 781 -0.0917078
0 0 782 -0.0733986
0 0 783 -0.0344091
0 0 784 -0.0118826
0 0 785 -0.0138812
0 0 786 -0.0295312
0 0 787 -0.0350697
0 0 788 0.017656
0 0 789 0.0570689
0 0 790 0.0849307
0 0 791 0.0481769
0 0 792 0.0086623
0 0 793 -0.00221141
0 0 794 -0.0101042
0 0 795 -0.00476893
0 0 796 -0.00598841
0 0 797 -0.0168791
0 0 798 0.0156574
0 0 799 0.0244309
0 0 800 -0.00421001
0 0 801 -0.0114253
0 0 802 -0.0339687
0 0 803 -0.0052093
0 0 804 -0.0123229
0 0 805 0.0145395
0 0 806 0.000447736
0 0 807 -0.00566661
0 0 808 -0.0486194
0 0 809 0.0162163
0 0 810 -0.00810557
0 0 811 0.0436208
0 0 812 -0.0126617
0 0 813 -0.0167605
0 0 814 -0.0429624
0 0 815 0.021975
0 0 816 0.0727189
0 0 817 0.0441797
0 0 818 0.000549359
0 0 819 0.0243123
0 0 820 0.0311888
0 0 821 0.0188755
0 0 822 -0.0431826
0 0 823 0.00610477
0 0 824 0.00576603
0 0 825 0.0384041
0 0 826 -0.0234168
0 0 827 0.00322544
0 0 828 -0.00277034
0 0 829 0.0226525
0 0 830 -0.0129835
0 0 831 -0.0267535
0 0 832 0.0246511
0 0 833 0.0330858
0 0 834 0.0403011
0 0 835 -0.0264147
0 0 836 -0.00576823
0 0 837 0.00754444
0 0 838 0.0410802
0 0 839 0.0635051
0 0 840 0.0445184
0 0 841 0.0988023
0 0 842 0.0483971
0 0 843 0.0461783
0 0 844 -0.0165403
0 0 845 0.0336447
0 0 846 0.0475163
0 0 847 0.0207555
0 0 848 -0.0254154
0 0 849 -0.0726026
0 0 850 -0.0490598
0 0 851 -0.0333082
0 0 852 0.0227541
0 0 853 0.0158776
0 0 854 -0.011764
0 0 855 -0.0333082
0 0 856 -0.0379659
0 0 857 0.00722263
0 0 858 -0.0076652
0 0 859 -0.0182002
0 0 860 -0.029311
0 0 861 -0.0523965
0 0 862 -0.0356286
0 0 863 -0.0603908
0 0 864 -0.0254154
0 0 865 0.0184351
0 0 866 0.0200949
0 0 867 -0.00642878
0 0 868 -0.0582737
0 0 869 -0.0631685
0 0 870 -0.0244161
0 0 871 0.0311888
0 0 872 0.0655037
0 0 873 0.0601684
0 0 874 -0.0123229
0 0 875 -0.0523965
0 0 876 -0.0344091
0 0 877 -0.0201988
0 0 878 0.0420795
0 0 879 0.00266651
0 0 880 0.000447736
0 0 881 -0.0275326
0 0 882 -0.0246363
0 0 883 0.00732426
0 0 884 0.00400456
0 0 885 -0.0176412
0 0 886 -0.0534974
0 0 887 -0.0324105
0 0 888 0.0103221
0 0 889 0.0436208
0 0 890 0.0290886
0 0 891 0.0381839
0 0 892 0.0205353
0 0 893 0.0297492
0 0 894 0.0420795
0 0 895 0.0819328
0 0 896 0.0364055
0 0 897 0.003886
0 0 898 -0.0431826
0 0 899 -0.0264147
0 0 900 -0.0169807
0 0 901 -0.00421001
0 0 902 -0.0114253
0 0 903 -0.0260929
0 0 904 -0.021757
0 0 905 -0.00332927
0 0 906 -0.00832575
0 0 907 -0.0290908
0 0 908 -0.0519561
0 0 909 -0.043064
0 0 910 -0.0383047
0 0 911 -0.0101042
0 0 912 0.0174358
0 0 913 0.0102205
0 0 914 -0.0339687
0 0 915 -0.0566138
0 0 916 -0.0517359
0 0 917 -0.00232997
0 0 918 0.00888248
0 0 919 0.0347456
0 0 920 0.0163179
0 0 921 0.0115416
0 0 922 0.00588459
0 0 923 -0.0112051
0 0 924 -0.0347478
0 0 925 -0.0343075
0 0 926 0.00932285
0 0 927 0.0162163
0 0 928 -0.00532786
0 0 929 -0.00910487
0 0 930 -0.0231967
0 0 931 -0.0191995
0 0 932 -0.0329694
0 0 933 0.00832355
0 0 934 0.00644352
0 0 935 0.000447736
0 0 936 -0.0220957
0 0 937 -0.00177104
0 0 938 0.0155388
0 0 939 0.0189771
0 0 940 0.0150984
0 0 941 0.0316461
0 0 942 0.0305283
0 0 943 0.0379637
0 0 944 -0.0273124
0 0 945 -0.0144232
0 0 946 -0.0185389
0 0 947 0.010102
0 0 948 -0.00876612
0 0 949 0.00500385
0 0 950 0.0410802
0 0 951 0.0755983
0 0 952 0.0696025
0 0 953 0.0182149
0 0 954 -0.0196398
0 0 955 -0.0396258
0 0 956 0.0116602
0 0 957 0.0400809
0 0 958 0.0136588
0 0 959 -0.00842738
0 0 960 -0.0320718
0 0 961 -0.000331377
0 0 962 -0.0496187
0 0 963 -0.0746181
0 0 964 -0.0593915
0 0 965 -0.000670122
0 0 966 0.0349658
0 0 967 0.00476673
0 0 968 -0.0368481
0 0 969 -0.0378474
0 0 970 -0.00676753
0 0 971 0.0487358
0 0 972 0.0486172
0 0 973 0.0611677
0 0 974 0.0323067
0 0 975 0.0142177
0 0 976 -0.0128819
0 0 977 -0.00443019
0 0 978 -0.0105445
0 0 979 -0.0260929
0 0 980 -0.027973
0 0 981 0.0105423
0 0 982 0.0116602
0 0 983 -0.0205375
0 0 984 -0.0215368
0 0 985 -0.00532786
0 0 986 -0.00133067
0 0 987 -0.00876612
0 0 988 -0.00676753
0 0 989 0.0216532
0 0 990 0.0290886
0 0 991 0.0503957
0 0 992 0.0703816
0 0 993 0.0457379
0 0 994 0.0363039
0 0 995 0.0340851
0 0 996 0.0471776
0 0 997 0.0448572
0 0 998 0.0162163
0 0 999 0.00888248
0 0 1000 -0.0388467
0 0 1001 -0.0339687
0 0 1002 -0.0128819
0 0 1003 0.00566441
0 0 1004 0.0154372
0 0 1005 -0.0141014
0 0 1006 -0.0103243
0 0 1007 -0.0504995
0 0 1008 -0.0052093
0 0 1009 0.052733
0 0 1010 0.0366426
0 0 1011 0.0290886
0 0 1012 0.0503957
0 0 1013 0.0703816
0 0 1014 0.0457379
0 0 1015 0.0363039
0 0 1016 0.0340851
0 0 1017 0.0471776
0 0 1018 0.0448572
0 0 1019 0.0162163
0 0 1020 0.00888248
0 0 1021 -0.0388467
0 0 1022 -0.0339687
0 0 1023 -0.0128819
