0 0 0 -6.9904 -15.8246 6.54849 -17.1229
0 0 1 4.57091 5.28944 -12.7263 -5.86115
0 0 2 20.8296 -3.04396 4.73989 -1.22466
0 0 3 13.6135 -7.93052 -2.69447 5.52972
0 0 4 1.84333 11.2354 9.43686 1.87312
0 0 5 -8.65072 6.53898 -2.28456 -16.0639
0 0 6 5.94003 -4.12296 -6.80157 -11.7069
0 0 7 0.92398 -13.9464 7.59826 -13.5359
0 0 8 -9.26058 12.0149 -2.02462 -4.66211
0 0 9 -1.17544 -23.0696 26.4541 -12.3463
0 0 10 -17.0042 -10.1789 0.0639193 19.1997
0 0 11 10.8966 6.77867 3.74111 19.3601
0 0 12 23.0373 -4.03337 -4.51307 8.25808
0 0 13 -1.7548 0.113679 15.2226 -2.30395
0 0 14 3.06152 -2.77441 0.353856 -1.83435
0 0 15 5.76012 -9.71917 15.1626 2.90232
0 0 16 14.234 10.9155 -4.62305 -1.23483
0 0 17 -16.466 -18.5225 1.25266 -3.33315
0 0 18 -2.47443 -4.89312 -11.6375 -4.86247
0 0 19 4.99018 2.09251 8.21713 -8.17939
0 0 20 15.1534 -13.2666 1.9525 3.78125
0 0 21 -0.945221 -10.7982 4.92985 -2.03393
0 0 22 24.0573 -8.40047 -12.4573 -2.75398
0 0 23 -27.6766 -12.4571 10.6156 9.49704
0 0 24 -5.85149 26.9143 -14.116 17.4411
0 0 25 -19.4238 9.22666 -12.9362 5.80991
0 0 26 -16.2739 -11.4677 -8.9491 13.7743
0 0 27 -16.7038 -10.9483 -12.8962 -10.5078
0 0 28 -17.2039 -3.00388 1.36263 6.01967
0 0 29 -16.6246 -7.04091 8.29711 -10.8381
0 0 30 12.6545 -24.5871 16.1114 -7.37012
0 0 31 0.773042 -15.0749 6.71846 5.20022
0 0 32 8.93746 8.7072 1.78254 -13.0358
0 0 33 -9.08067 3.37112 -25.1975 -17.4031
0 0 34 -13.188 0.583631 -8.16027 -9.03876
0 0 35 8.89782 11.5749 3.00127 -4.19251
0 0 36 3.03255 2.93182 4.96984 1.67276
0 0 37 -15.7555 5.91971 -2.30456 -2.49413
0 0 38 -8.16131 12.3442 8.61704 2.01244
0 0 39 -5.73105 -7.25074 12.8341 -4.41244
0 0 40 19.3294 26.1347 -7.64039 -13.5759
0 0 41 26.4845 -1.27574 5.93963 -4.54236
0 0 42 12.8146 -2.22508 7.70824 11.4756
0 0 43 -1.29436 17.5711 -10.7577 -5.43147
0 0 44 -3.79324 -12.557 -3.64327 0.653734
0 0 45 2.24279 8.05807 6.70846 3.06199
0 0 46 7.56834 -4.31314 4.241 7.15922
0 0 47 -3.35262 -3.93357 -10.6587 -17.6927
0 0 48 -12.4486 -16.1845 9.09693 -3.59299
0 0 49 -3.97314 -2.68403 4.32998 -2.54423
0 0 50 12.6545 22.2376 6.25856 -7.17054
0 0 51 -20.6023 2.41157 1.81253 -3.65326
0 0 52 7.42807 9.8365 7.02839 -6.00125
0 0 53 -0.38568 10.3662 -4.20314 3.06199
0 0 54 -0.864416 -6.70141 -8.16027 -5.2718
0 0 55 5.47959 -6.38156 3.84109 -1.41484
0 0 56 5.58021 -3.6538 -1.6847 -10.788
0 0 57 -10.6587 6.649 -5.7718 8.66741
0 0 58 2.35256 1.49289 -8.19026 7.84797
0 0 59 -3.52338 1.09288 -4.33311 8.78794
0 0 60 16.2023 5.4694 3.09125 -5.14188
0 0 61 2.15284 11.4051 1.5026 7.66874
0 0 62 0.553494 3.06149 13.374 -12.0669
0 0 63 7.22834 -3.06439 10.4256 -0.096057
0 0 64 1.99275 -4.38309 26.754 6.59962
0 0 65 3.15147 9.1968 11.3254 8.21817
0 0 66 -1.38432 -7.46057 -10.3988 1.07324
0 0 67 9.22714 6.16883 1.81253 5.42015
0 0 68 -3.56302 -2.79405 7.34832 19.8391
0 0 69 -7.34259 -19.1819 5.33976 17.171
0 0 70 -5.55114 -3.70331 -12.2274 -15.3744
0 0 71 13.3543 -3.03374 -6.92154 -0.715143
0 0 72 12.8146 3.08114 10.3257 -1.4845
0 0 73 4.38033 14.8425 -7.79035 -6.27126
0 0 74 -10.2592 4.03047 -5.89177 7.84797
0 0 75 -6.83031 -4.99292 -1.63471 8.25808
0 0 76 10.0062 -3.22392 9.21691 -3.77301
0 0 77 -9.01968 10.0463 4.95984 -0.704968
0 0 78 -6.05122 15.3722 -2.5845 -0.765233
0 0 79 -19.2439 3.66111 -15.1447 -6.53111
0 0 80 1.21366 8.66712 -7.07051 -5.80167
0 0 81 -0.214921 -7.54073 2.68134 -13.2761
0 0 82 1.53383 5.21007 -11.4475 16.602
0 0 83 5.09995 1.62256 -7.69037 3.56132
0 0 84 2.12234 6.41874 -21.1904 1.87312
0 0 85 0.873668 -9.52899 -9.67894 1.373
0 0 86 -10.9499 -4.99292 0.413842 5.31997
0 0 87 -13.557 -6.38156 -5.92176 0.253793
0 0 88 -26.588 3.42142 7.39831 -1.87427
0 0 89 -4.76443 -5.15246 3.88108 12.115
0 0 90 8.45872 -2.98423 6.19857 1.41292
0 0 91 -5.821 -4.83261 13.404 -3.33315
0 0 92 -3.42275 3.10157 7.47829 -16.1539
0 0 93 1.84333 7.26827 3.92107 2.70196
0 0 94 12.4258 12.5446 -3.86322 9.14719
0 0 95 -13.7079 -7.53051 -9.10906 0.114479
0 0 96 6.86853 -5.18232 -2.16459 2.75205
0 0 97 -14.4565 2.69134 -8.83912 -9.81829
0 0 98 -6.29059 -9.70895 -29.3936 -3.66343
0 0 99 -18.8536 -12.8171 -17.4532 0.234227
0 0 100 1.67258 -8.15999 -4.57306 -2.7438
0 0 101 0.494034 -4.08367 14.3128 14.8129
0 0 102 9.48785 -4.06324 6.0696 -3.03339
0 0 103 14.1837 3.9008 2.59136 22.5777
0 0 104 -0.63572 -1.50522 7.29833 4.92081
0 0 105 -5.08155 -2.73433 6.77844 23.2265
0 0 106 -3.43342 -2.04511 5.1598 -13.1462
0 0 107 -6.88062 -2.51428 -4.34311 -3.37306
0 0 108 -18.0242 -4.83261 2.56137 -5.0417
0 0 109 -14.3666 -8.33053 -19.0719 8.69794
0 0 110 -14.766 7.09852 -6.74158 14.683
0 0 111 -2.41344 -7.01105 6.01961 -6.36127
0 0 112 -12.2489 -8.22051 1.00271 10.2265
0 0 113 3.2521 4.06033 -4.71303 8.10781
0 0 114 -11.9683 -20.7214 -13.1262 -4.54236
0 0 115 -4.41224 13.6236 -3.23336 -7.16037
0 0 116 -9.48927 4.70003 -2.71447 -0.475648
0 0 117 -1.86458 -8.22994 -9.13906 -5.99107
0 0 118 -1.2349 10.4958 -4.51307 4.15145
0 0 119 -7.5103 -17.9135 -8.37022 5.25031
0 0 120 2.78251 5.35938 -9.8389 -8.36958
0 0 121 7.4982 3.801 10.5456 -6.13117
0 0 122 3.31156 2.48151 12.4342 -3.50299
0 0 123 1.26397 -6.80122 -5.80179 -8.83918
0 0 124 0.303454 4.04069 -13.6561 -3.58282
0 0 125 -7.94024 -5.85188 0.752768 -4.5721
0 0 126 -2.96384 -2.11506 -0.465964 11.0858
0 0 127 -4.22471 15.4327 -23.7588 -6.10143
0 0 128 -0.565587 -9.15962 0.213886 14.7933
0 0 129 4.42149 -8.8995 6.55849 0.513637
0 0 130 6.17025 9.52687 -2.5745 -12.5467
0 0 131 8.77737 -11.0779 14.1628 6.19968
0 0 132 -0.585407 2.02256 -8.56018 11.8857
0 0 133 -1.5749 9.17715 -11.3276 0.823571
0 0 134 -0.905581 -4.2935 1.39263 3.45175
0 0 135 -11.5689 2.50195 6.99839 4.62105
0 0 136 2.36171 -1.44549 -12.3274 -11.6474
0 0 137 3.65155 -2.77441 4.63991 0.703824
0 0 138 2.01257 -15.6549 -4.88299 10.6061
0 0 139 -0.775987 -18.6828 -5.93176 12.9345
0 0 140 13.3452 20.7986 -7.96032 -2.50431
0 0 141 0.1144 -6.18195 -9.53897 -8.32967
0 0 142 14.4643 -1.43528 3.74111 0.74374
0 0 143 1.95311 5.42932 11.3254 2.48203
0 0 144 -13.0676 -4.15361 -13.1762 18.4906
0 0 145 -7.65971 -16.0447 4.98984 -9.00902
0 0 146 -17.3838 -6.08215 13.174 8.9977
0 0 147 -10.1494 -8.90972 -2.70447 6.3296
0 0 148 18.1203 1.23276 4.82987 -2.82364
0 0 149 -9.8003 -12.667 4.92985 1.64302
0 0 150 -2.6833 -0.705987 7.50828 3.0119
0 0 151 -0.36586 13.6236 4.15102 -0.945246
0 0 152 1.14353 11.2157 27.3029 -3.03339
0 0 153 8.85818 8.66712 1.80254 -13.9453
0 0 154 6.12908 0.0138729 2.97128 -2.20455
0 0 155 5.74945 3.51101 -8.36023 -19.3613
0 0 156 -12.1589 5.5197 13.8929 -1.22466
0 0 157 0.724253 -8.84999 -18.2021 -0.755059
0 0 158 -14.6166 -7.10142 -19.2018 11.3457
0 0 159 -3.91368 -15.5551 11.1555 7.56856
0 0 160 -2.90438 -4.41295 26.803 15.6824
0 0 161 -6.3409 -0.405783 13.274 4.66097
0 0 162 14.0633 6.18926 20.0785 -0.295636
0 0 163 3.88177 6.25921 -6.96054 -5.00179
0 0 164 -6.08324 12.9745 1.26266 -0.945246
0 0 165 -4.52201 2.53181 2.9013 3.39149
0 0 166 -14.6669 5.48984 -17.5032 -5.82123
0 0 167 8.06842 -3.49348 0.493825 16.8619
0 0 168 7.11857 0.373017 7.34832 4.12093
0 0 169 1.9028 -13.2265 -5.79179 10.077
0 0 170 6.81974 -3.98308 6.9484 -15.6139
0 0 171 10.9256 -1.60503 2.35242 -5.0417
0 0 172 12.2352 -2.68403 -2.20458 -12.1271
0 0 173 10.0672 -2.84435 5.6097 -20.6801
0 0 174 6.6688 4.3904 -3.05439 -10.7379
0 0 175 2.58278 8.7575 -8.60017 -4.35218
0 0 176 14.6838 6.91855 3.13124 -5.02213
0 0 177 2.61175 16.1816 -23.8678 11.8654
0 0 178 7.74824 3.77113 -1.34477 5.74026
0 0 179 1.7732 11.2354 0.912733 -5.33207
0 0 180 -1.06567 -2.76419 -5.55185 -28.0645
0 0 181 3.63173 4.61045 2.17246 9.73731
0 0 182 5.34999 -2.86399 10.9255 1.63284
0 0 183 -5.65177 -15.7445 -14.3559 10.1764
0 0 184 5.85007 -11.9173 7.53827 -4.49227
0 0 185 -9.87958 7.24862 -6.6516 15.2332
0 0 186 -8.13082 -0.985758 -11.0576 7.00895
0 0 187 -3.76275 5.59986 -17.1333 -11.1073
0 0 188 10.4865 5.83955 -5.09195 4.92081
0 0 189 1.4637 11.0554 4.79988 -7.83972
0 0 190 13.8148 -5.67192 -4.36311 -17.2426
0 0 191 1.98208 -9.15962 4.56993 11.8552
0 0 192 14.1441 -16.1547 8.35709 -10.9578
0 0 193 24.8958 9.77678 28.6126 -2.47379
0 0 194 15.4431 0.363586 4.19101 -2.06445
0 0 195 -3.61333 -7.25074 -1.88465 -2.78372
0 0 196 -11.8692 -8.7101 16.8012 -7.17054
0 0 197 -6.873 -7.4307 -7.39044 -7.32003
0 0 198 -24.5892 3.07171 9.55683 -3.56325
0 0 199 2.78251 9.63689 0.483827 -7.57988
0 0 200 -2.67416 4.76998 -2.43453 -14.4149
0 0 201 5.13045 5.63915 -15.7646 0.943319
0 0 202 0.224173 3.55109 9.86676 2.05235
0 0 203 -9.62039 -15.3649 -13.0762 -2.46361
0 0 204 1.07339 -2.15514 -17.8531 -2.48396
0 0 205 1.00326 -20.4911 4.03105 6.66928
0 0 206 12.156 5.47962 -4.04318 2.47264
0 0 207 -14.0967 -8.4099 13.524 -9.15929
0 0 208 -16.1855 -10.4485 10.0857 1.12333
0 0 209 -2.28385 -21.2409 -1.87465 -2.68354
0 0 210 -4.05243 -11.518 9.48685 14.8332
0 0 211 9.31709 14.8527 12.9441 -2.71406
0 0 212 14.0038 9.93631 -2.92442 0.0440396
0 0 213 3.45182 0.413096 -4.73303 9.23719
0 0 214 -17.1429 -8.44998 17.2711 -13.2158
0 0 215 -7.8198 -20.1713 -11.3876 20.189
0 0 216 -12.6285 -8.25037 -8.16027 1.01376
0 0 217 12.1651 4.65052 -0.865876 -3.55308
0 0 218 -8.17046 -6.0122 -1.53473 4.35103
0 0 219 0.243994 -7.29082 12.7141 -15.5943
0 0 220 -2.55371 -6.45151 -0.545946 3.31166
0 0 221 -4.9916 -5.92183 7.02839 -0.505389
0 0 222 -8.27109 -16.0046 0.632794 -6.04116
0 0 223 16.0423 17.5106 19.4687 -10.1979
0 0 224 4.13181 0.76281 0.642792 -12.4668
0 0 225 -8.56077 13.5435 16.8312 -4.12286
0 0 226 17.3809 -12.6269 -5.79179 -7.06019
0 0 227 5.00085 3.29096 5.36975 2.42255
0 0 228 18.9711 1.51253 10.8955 3.27174
0 0 229 5.29053 17.061 -5.86178 -0.265895
0 0 230 27.974 13.4036 0.233882 -6.80113
0 0 231 36.6172 -6.83108 4.57993 -11.4274
0 0 232 64.178 8.05807 0.712777 -6.0709
0 0 233 46.0806 -9.08968 -7.73037 -19.431
0 0 234 56.3734 -3.52413 -6.88155 -18.7618
0 0 235 35.0179 7.92762 -10.3788 -18.4918
0 0 236 30.1527 12.0747 -9.05907 -3.88258
0 0 237 0.17386 -13.3067 10.2857 -16.294
0 0 238 -3.73378 -1.89501 -3.90321 0.324233
0 0 239 -2.46376 -1.57516 5.04982 -19.1312
0 0 240 4.84991 -9.08968 -2.81445 -10.3082
0 0 241 8.60814 -10.5585 -3.33333 3.94092
0 0 242 -14.2675 -10.1192 -10.8877 -8.81961
0 0 243 -7.90213 -7.50065 14.8127 6.88921
0 0 244 -14.487 -11.408 3.7811 8.17825
0 0 245 17.111 -1.93509 14.3728 -12.6961
0 0 246 10.0672 -20.3615 -3.52329 -13.1462
0 0 247 -5.49168 -10.149 12.7041 16.732
0 0 248 -25.3485 8.3677 -1.25579 -1.14482
0 0 249 -4.93214 0.732947 5.97962 -8.14965
0 0 250 -16.2251 10.6059 -4.75302 6.12924
0 0 251 -0.445141 -2.33432 6.4985 20.5193
0 0 252 -0.585407 -5.70178 12.4242 -0.0561412
0 0 253 12.0157 -15.5346 -0.126039 -18.7015
0 0 254 7.51802 1.33257 8.15714 2.27228
0 0 255 -6.38054 0.823322 10.3257 -2.67415
0 0 256 -14.3361 -6.04207 -1.91465 -11.1778
0 0 257 -9.2499 -2.19443 2.65135 21.7676
0 0 258 -0.655541 -8.04054 5.68968 4.88089
0 0 259 3.76132 13.9631 -18.602 -11.9072
0 0 260 -3.4136 -5.50217 6.68846 -12.6061
0 0 261 10.1663 13.2338 10.9855 -8.42985
0 0 262 9.3674 -9.64922 19.8186 4.89029
0 0 263 5.81043 -18.9524 18.6398 -8.79926
0 0 264 -0.59608 -23.9191 11.0755 -8.68969
0 0 265 -9.19044 -3.61372 -2.80445 15.6229
0 0 266 1.17402 -14.5153 5.40974 -0.815324
0 0 267 -1.68467 -5.68214 3.53116 -6.03099
0 0 268 -18.3535 -12.377 4.29099 -14.5651
0 0 269 -1.14495 6.68908 -9.03908 -12.5764
0 0 270 2.49283 -0.116582 17.3911 -12.3964
0 0 271 -0.0563594 14.1234 8.99695 -0.895155
0 0 272 2.05221 18.6996 -9.11906 -10.8678
0 0 273 -19.3125 9.58659 4.52994 -9.93804
0 0 274 -4.72174 18.0701 3.26122 3.31166
0 0 275 -4.8742 -3.33395 -8.79013 2.88197
0 0 276 5.2204 -19.152 -3.70325 -11.4869
0 0 277 -2.56438 10.0762 3.75111 6.71937
0 0 278 2.88161 -3.06439 -0.715909 -5.63183
0 0 279 -0.0258667 -0.365704 -0.325995 6.89938
0 0 280 11.3555 14.4134 -0.315997 2.48203
0 0 281 0.0335941 -6.82165 1.24266 1.52327
0 0 282 6.47975 7.87811 15.8514 2.57204
0 0 283 -1.7548 -1.75513 2.05248 9.24737
0 0 284 15.8029 -23.149 -9.42899 -25.0771
0 0 285 -5.88351 5.44976 -7.75036 -7.92973
0 0 286 5.68999 -17.0639 18.05 14.0138
0 0 287 -35.7389 -11.3781 -9.57896 7.23906
0 0 288 -23.2308 -0.426216 1.68256 7.88867
0 0 289 -12.1177 5.08983 -5.11194 0.423631
0 0 290 9.45736 13.4334 -13.6661 13.0542
0 0 291 -2.44394 8.49737 5.47973 6.9886
0 0 292 9.98641 -4.95285 13.6829 -5.96133
0 0 293 13.365 10.3858 2.82131 -4.32243
0 0 294 -18.3321 -4.2432 1.5126 -11.7773
0 0 295 6.50872 10.6255 -3.74324 0.244401
0 0 296 -6.02073 -5.80237 -9.43899 6.29986
0 0 297 -9.44048 -5.84167 -7.98031 -13.0562
0 0 298 -1.68467 8.79758 3.91107 -13.6557
0 0 299 9.30794 -2.6746 11.7943 -14.8148
0 0 300 -4.22471 9.51665 5.84965 -5.90106
0 0 301 20.9485 4.61045 2.75133 -20.241
0 0 302 -1.69382 7.52839 9.61682 5.65964
0 0 303 5.94917 19.5491 -9.81891 8.40757
0 0 304 -6.30126 -13.9259 -4.52307 -6.17108
0 0 305 -24.9491 -7.96038 0.433838 4.32129
0 0 306 -13.9275 -5.89196 -25.1975 21.0789
0 0 307 4.33154 2.34163 -10.4188 -4.42262
0 0 308 -6.61076 -16.6537 0.373851 -2.02454
0 0 309 11.5065 -12.3974 1.30265 -2.57397
0 0 310 -0.565587 -1.80464 -9.24903 -9.51853
0 0 311 -7.3807 -4.80274 7.4283 6.0001
0 0 312 -5.81338 18.4402 10.9555 0.293709
0 0 313 14.5329 -1.28518 -2.96441 0.154395
0 0 314 5.06031 3.45128 -8.34023 -1.58468
0 0 315 -2.02466 3.98096 -4.87299 -5.48156
0 0 316 -15.7266 3.91102 -3.71325 14.8434
0 0 317 -9.55026 -15.6745 2.58137 4.4113
0 0 318 -10.4102 -7.34111 2.45139 11.5453
0 0 319 0.083907 -15.5048 3.73111 1.26343
0 0 320 -11.8494 -2.93394 17.86 -5.95115
0 0 321 10.9866 21.0281 3.09125 2.33254
0 0 322 26.0454 1.6925 11.8343 -0.545305
0 0 323 8.16752 22.4671 5.01983 -21.1802
0 0 324 11.6955 13.604 -12.4773 4.24068
0 0 325 -9.19959 -2.31467 -13.7061 -7.68006
0 0 326 -4.79187 6.22934 21.0483 16.2225
0 0 327 3.98087 7.6282 0.343858 -9.44887
0 0 328 10.7259 -5.13281 -21.9002 22.7976
0 0 329 9.61744 -1.68518 14.5027 -1.03525
0 0 330 -2.20457 -10.6984 11.5654 0.783656
0 0 331 5.11977 -12.5271 16.6213 -0.25572
0 0 332 -5.69141 7.01836 -3.69325 -8.35941
0 0 333 -1.50476 -10.109 12.5142 0.314058
0 0 334 -6.58027 15.3022 -7.5804 -3.69317
0 0 335 -26.9479 3.78056 -5.19192 -0.614962
0 0 336 -3.38311 13.0138 -21.6403 -2.79389
0 0 337 -0.734822 -5.51239 2.32242 -8.42985
0 0 338 6.55903 3.83086 9.57683 -10.2182
0 0 339 -0.416173 6.71894 -11.6875 1.88251
0 0 340 -9.10049 -5.17289 3.90108 -4.0125
0 0 341 -3.56302 12.1344 13.0341 7.71883
0 0 342 30.4912 7.88754 8.52706 -14.1652
0 0 343 11.1558 11.0059 -20.8605 1.50292
0 0 344 10.5063 -12.7966 5.33976 9.85706
0 0 345 6.49957 -7.31125 -2.68448 4.9302
0 0 346 14.3331 -4.35322 0.872741 11.6658
0 0 347 7.01947 -0.856089 -5.15193 6.25916
0 0 348 -12.319 -7.37098 -9.20904 9.92672
0 0 349 17.172 -1.12564 -4.81301 1.32291
0 0 350 16.8915 12.7442 -1.69469 18.1408
0 0 351 -7.34259 13.0743 -9.48898 -0.455299
0 0 352 10.0169 9.42706 5.1398 -2.43387
0 0 353 0.533674 -4.40273 4.221 2.18227
0 0 354 3.84213 -4.03337 0.493825 11.1962
0 0 355 12.156 -10.1891 -2.08461 -5.4119
0 0 356 -4.32229 -0.725634 -7.01052 -7.56031
0 0 357 -15.7662 -3.9037 8.72701 14.6532
0 0 358 3.54178 7.31856 -1.2258 6.68884
0 0 359 8.91764 -1.9846 -0.385982 -1.08534
0 0 360 9.76686 18.8599 -1.82467 -6.97096
0 0 361 15.1031 -6.88138 17.81 8.39818
0 0 362 12.4746 -0.0466393 2.74133 -21.3602
0 0 363 4.29037 -10.7282 1.9725 -11.0479
0 0 364 -4.14238 -7.08099 36.127 -1.02508
0 0 365 -11.1587 10.2365 2.4124 -1.2951
0 0 366 -3.2337 -5.62241 -10.4888 -8.84935
0 0 367 -12.5279 -18.2632 -0.98585 -0.60557
0 0 368 -8.64005 -12.4171 0.193891 4.58113
0 0 369 2.9121 -4.26285 -1.57472 -2.87373
0 0 370 -6.48117 4.99002 1.30265 -7.82015
0 0 371 -13.0371 8.63726 7.97818 -5.53165
0 0 372 -9.96953 -2.60466 14.5427 -2.70389
0 0 373 -3.08428 -8.06019 5.91963 -1.03525
0 0 374 -3.95332 -6.32184 -2.54451 3.74134
0 0 375 -4.40462 -7.41106 -5.65182 1.01376
0 0 376 -0.355188 -4.82318 -8.74014 1.71268
0 0 377 -9.75913 0.213485 -7.44043 8.27765
0 0 378 -6.33328 6.18926 -6.58162 10.0966
0 0 379 5.77994 11.2157 11.6854 6.36952
0 0 380 9.16768 9.11664 13.8529 8.41775
0 0 381 12.4456 9.0467 9.94575 9.44695
0 0 382 2.14216 9.35712 17.3811 7.31889
0 0 383 -3.17424 -0.885952 5.67968 6.04002
0 0 384 1.09321 4.32046 -1.40476 0.0244731
0 0 385 0.0945794 10.3065 -8.27025 -2.87373
0 0 386 -14.516 8.91703 -14.076 -8.00016
0 0 387 -22.5706 8.31741 -7.87034 -7.80998
0 0 388 -10.5901 1.59269 -14.4059 3.99101
0 0 389 -0.655541 -4.23299 -14.066 6.94869
0 0 390 3.67137 -8.50971 1.48261 -8.45959
0 0 391 4.99018 -2.46477 4.30099 -11.4274
0 0 392 2.3922 3.59117 1.49261 -8.21931
0 0 393 11.0857 3.89059 -1.92464 -1.44458
0 0 394 4.2614 -2.68403 -1.75468 16.8713
0 0 395 -7.96006 -10.5585 -4.3931 18.7505
0 0 396 5.67931 -7.00083 -3.39332 7.33845
0 0 397 -0.0151942 -3.7536 -0.305999 -14.0455
0 0 398 -4.39242 4.56015 -1.71469 -5.45182
0 0 399 0.0244463 6.35901 -3.36333 2.75205
0 0 400 -4.6943 3.81121 1.30265 -2.10437
0 0 401 1.59329 2.50195 12.0643 -6.94044
0 0 402 6.4889 2.06186 13.0441 -10.6777
0 0 403 4.10132 7.46788 -2.51451 -1.3851
0 0 404 -0.0456869 6.87847 -7.80035 2.23236
0 0 405 -4.08292 2.73142 -6.61161 -10.2879
0 0 406 -7.92195 8.57753 -1.6647 -7.11028
0 0 407 -3.77342 9.99603 -2.09461 -5.63183
0 0 408 -3.00348 3.22102 -11.4176 -7.69023
0 0 409 4.02051 7.79795 -5.91177 4.84098
0 0 410 11.5857 2.61197 -5.73181 8.94761
0 0 411 8.89782 -6.04207 -12.5273 -4.84212
0 0 412 4.61055 -1.12564 0.413842 -7.1408
0 0 413 6.75876 1.83238 2.12247 2.04296
0 0 414 -8.49978 4.53029 -12.4673 9.07753
0 0 415 -12.6376 3.66111 -10.2488 2.29263
0 0 416 -2.46376 1.57226 -4.34311 -7.20028
0 0 417 -1.95453 -0.405783 0.323862 -11.5871
0 0 418 -10.4102 -6.25189 11.0255 -10.8874
0 0 419 -5.79356 -0.865519 12.0843 -4.67228
0 0 420 2.63157 -2.61409 6.92841 8.97735
0 0 421 7.16888 1.41273 14.2028 11.6454
0 0 422 19.4407 2.75185 4.08104 3.07216
0 0 423 12.0553 0.783243 -6.16171 3.901
0 0 424 5.45977 -2.27459 -1.16581 -1.75452
0 0 425 4.03119 -10.1388 0.103911 -1.57451
0 0 426 -4.51439 -13.3868 9.46685 -4.7122
0 0 427 -7.49962 -7.95017 4.58992 -12.3666
0 0 428 -6.46287 -2.68403 3.12125 -5.13171
0 0 429 0.38426 -2.61409 14.7827 1.87312
0 0 430 4.63037 3.06149 5.31976 5.4405
0 0 431 6.86853 4.55072 -1.32478 12.8046
0 0 432 12.005 4.57037 4.66991 0.563727
0 0 433 2.15284 6.28907 3.28121 -4.8523
0 0 434 -8.99986 4.96016 4.30099 3.91117
0 0 435 -12.9776 -2.185 14.6527 8.51793
0 0 436 -7.53012 -8.56 0.702779 1.2736
0 0 437 -2.54456 -4.74302 -0.525951 -1.26457
0 0 438 2.57211 5.99908 4.89986 -0.295636
0 0 439 3.52196 10.1964 5.47973 -0.704968
0 0 440 -0.416173 6.8384 9.39687 6.08932
0 0 441 9.63727 6.97828 9.49684 10.1764
0 0 442 16.8122 -0.186525 -0.565942 3.87126
0 0 443 13.0753 0.552982 -13.836 -9.5287
0 0 444 14.5634 8.09736 -12.0874 -1.17457
0 0 445 15.4629 12.6248 -1.40476 8.07807
0 0 446 20.6985 7.01836 -3.36333 5.73008
0 0 447 9.54731 0.243348 -8.54019 6.11985
0 0 448 -8.26042 0.603278 -7.37045 2.3028
0 0 449 -9.0395 -1.48557 -1.13582 1.08342
0 0 450 -9.67985 2.20174 12.8241 -2.21394
0 0 451 -2.25488 8.28755 9.29689 0.74374
0 0 452 7.59883 5.0301 -6.82157 3.7116
0 0 453 10.0565 -6.71163 -10.7277 1.28299
0 0 454 6.93866 -13.9464 -10.9377 0.803222
0 0 455 3.01273 -7.80085 -11.3876 -7.70041
0 0 456 -4.34211 -1.32525 -2.03462 -6.42075
0 0 457 -13.7278 -5.15246 -2.52451 6.00949
0 0 458 -3.1041 -1.97517 -9.56896 11.6353
