0 0 0 -16.1079 10.7755 1.07778 15.7413
0 0 1 -13.5318 11.3 7.2697 8.96527
0 0 2 -14.8775 0.550812 10.6589 2.77197
0 0 3 -12.3015 -12.593 5.80863 0.727895
0 0 4 -13.0628 -14.4631 -1.08472 2.53807
0 0 5 -6.04969 -6.40067 0.434545 0.202127
0 0 6 -6.11121 -4.82272 6.97718 -5.2315
0 0 7 -5.17306 -0.675292 6.62799 -6.8088
0 0 8 3.70093 4.29096 2.1284 -7.45152
0 0 9 7.73805 -1.6114 -3.18749 -9.20373
0 0 10 7.8534 -13.704 -4.76495 -1.84299
0 0 11 15.2125 -18.086 -0.0325668 6.68625
0 0 12 22.9869 -13.704 4.46549 0.318045
0 0 13 25.9628 -2.60294 5.16693 -2.48571
0 0 14 29.7538 -3.42177 5.75044 -1.02535
0 0 15 31.5609 -17.0347 -1.49363 -4.88064
0 0 16 21.049 -20.0712 2.0702 -6.22507
0 0 17 13.6976 -20.8303 5.80863 -6.8088
0 0 18 17.3195 -16.508 6.56826 -10.4312
0 0 19 25.0862 -14.4055 4.2327 -11.0739
0 0 20 19.5957 -26.0311 -2.25326 -7.86034
0 0 21 10.8832 -23.6941 -11.4255 -2.07689
0 0 22 7.44584 -5.29184 -8.32879 0.843812
0 0 23 0.955682 -0.208307 3.99838 0.727895
0 0 24 -1.49735 -2.19566 7.85474 -7.0427
0 0 25 -2.02026 2.06905 10.3082 -8.26915
0 0 26 -10.0868 -0.967425 10.1903 0.727895
0 0 27 -15.0467 -5.93368 0.901658 6.21948
0 0 28 -7.51075 3.58942 -3.24569 0.668902
0 0 29 -6.58029 4.29096 -2.95317 -3.42029
0 0 30 -9.04101 -4.18088 3.18055 -4.82268
0 0 31 -1.20514 0.493238 5.05053 -7.62643
0 0 32 5.2235 8.7881 -4.82315 -6.04913
0 0 33 4.99281 13.6968 -11.4255 -7.27661
0 0 34 10.5294 11.8843 -4.59036 -9.49663
0 0 35 12.052 6.27619 3.12236 -3.94606
0 0 36 1.24789 3.12243 0.959855 1.60348
0 0 37 -4.12725 0.960224 1.4285 -1.08331
0 0 38 -6.74946 2.18633 3.35515 -4.23792
0 0 39 -9.61774 7.26986 4.46549 -1.95994
0 0 40 -10.7866 10.7755 4.2909 -1.55112
0 0 41 -19.1992 8.84781 -1.55183 2.12925
0 0 42 -20.8294 4.40611 -1.20111 7.97169
0 0 43 -14.7545 2.8303 -5.29026 11.4182
0 0 44 -10.6712 4.29096 -11.9508 14.047
0 0 45 -8.15669 1.13508 -8.09446 12.1778
0 0 46 -9.79461 -3.36206 6.74439 9.31509
0 0 47 -16.6846 -2.42809 14.7481 7.09507
0 0 48 -24.6897 -3.36206 4.4073 7.73779
0 0 49 -23.4055 -2.60294 -0.0907644 14.3399
0 0 50 -17.2075 -0.909851 7.3279 19.0128
0 0 51 -16.6231 -3.12963 11.1261 9.549
0 0 52 -21.1293 -10.5481 3.58947 7.38797
0 0 53 -25.2126 -13.1773 1.25237 18.9549
0 0 54 -19.7836 -2.07838 0.31815 16.8518
0 0 55 -15.585 10.4236 0.609138 4.64217
0 0 56 -14.1163 6.27619 1.4285 -1.02535
0 0 57 -14.7545 -5.23214 0.668867 5.51776
0 0 58 -10.8481 -11.6591 4.46549 3.76555
0 0 59 -10.0868 -13.8213 5.05053 -2.31079
0 0 60 -8.38738 -12.0088 0.142026 -1.95994
0 0 61 -5.46527 -2.8375 3.12236 -1.14231
0 0 62 -8.04903 2.8303 8.61284 -2.71961
0 0 63 -7.74913 0.201106 11.8857 -5.75726
0 0 64 -6.17273 -3.18721 5.63404 -5.87422
0 0 65 -11.371 -4.41544 2.1284 -6.34203
0 0 66 -14.816 -4.18088 7.2115 -9.96341
0 0 67 -5.34993 0.0838261 8.08753 -13.8777
0 0 68 -0.559202 4.5831 6.51007 -10.0804
0 0 69 -0.62072 -4.5903 4.05658 -6.04913
0 0 70 6.74607 -6.10853 6.97718 -2.89452
0 0 71 11.3599 -3.7139 8.43825 -3.59623
0 0 72 6.91525 -3.83118 9.13968 -6.16608
0 0 73 9.89119 1.36964 3.12236 -7.97729
0 0 74 15.028 -0.38316 -1.08472 -5.81522
0 0 75 5.57723 -5.52427 2.30453 4.58318
0 0 76 0.609642 -13.1197 6.51007 1.13671
0 0 77 3.53175 -2.48779 3.47307 -4.82268
0 0 78 0.255913 14.1638 -4.12171 2.2462
0 0 79 -4.2426 6.21861 -3.42181 7.50388
0 0 80 -10.4405 -3.24691 5.63404 8.49746
0 0 81 -10.9019 0.0262525 4.81621 8.2056
0 0 82 -3.1891 3.64699 5.86836 7.09507
0 0 83 -4.18108 0.201106 1.19418 3.94046
0 0 84 -16.1694 1.25236 -7.68555 2.94792
0 0 85 -18.1534 4.11398 -12.4761 7.97169
0 0 86 -19.899 7.97141 -19.9545 12.2368
0 0 87 -23.9976 4.87523 -24.5108 8.78932
0 0 88 -25.1664 -0.150733 -27.6657 4.81709
0 0 89 -23.7515 1.0178 -23.7511 1.95434
0 0 90 -17.2075 0.0838261 -9.08842 1.60348
0 0 91 -16.5078 -2.77993 2.42092 3.8825
0 0 92 -10.9558 6.39347 5.28332 2.12925
0 0 93 -0.674548 9.19751 1.89561 -0.499586
0 0 94 0.548124 3.88155 -0.208691 3.29774
0 0 95 -2.31247 4.87523 -0.908594 10.6005
0 0 96 -4.7655 3.18001 1.01805 2.48011
0 0 97 0.255913 -1.31926 6.74439 -1.78503
0 0 98 2.77047 -4.47302 2.94623 6.10253
0 0 99 6.7999 -8.7953 -0.908594 8.26356
0 0 100 16.1507 -8.91258 8.90536 3.47369
0 0 101 14.3359 -10.5481 6.80259 3.35673
0 0 102 -0.213162 -11.0172 -10.8987 5.10895
0 0 103 0.609642 -1.02713 -10.7241 5.92658
0 0 104 14.8049 0.610518 3.41334 1.01976
0 0 105 16.0891 -10.3732 7.2115 -3.12843
0 0 106 9.83736 -12.0685 6.04296 -4.70573
0 0 107 6.7999 -9.43927 1.60309 -6.34203
0 0 108 -3.65818 -8.27074 -5.99169 -2.71961
0 0 109 -11.5402 -0.967425 -11.9508 -3.36233
0 0 110 -13.6472 0.433532 -15.2221 -7.74338
0 0 111 -21.0063 -1.90353 -5.46638 -3.18638
0 0 112 -20.2527 1.0178 9.95751 3.82351
0 0 113 -16.5078 -0.675292 7.50402 4.17437
0 0 114 -11.0788 0.318385 4.4073 0.202127
0 0 115 -8.9718 -2.48779 3.35515 -3.53724
0 0 116 -12.1861 -4.18088 -0.966791 -6.39998
0 0 117 -15.8695 -0.792572 4.05658 -3.71215
0 0 118 -14.5238 3.47214 0.785263 -3.06943
0 0 119 -13.0012 3.00515 -4.88134 -2.48571
0 0 120 -12.8859 2.01148 -5.64098 0.610943
0 0 121 -9.14867 4.23126 -4.41423 -0.32364
0 0 122 -7.28006 7.0353 1.19418 -0.908402
0 0 123 -15.2851 5.34221 -0.0325668 6.8032
0 0 124 -27.7887 1.42721 -4.76495 13.1124
0 0 125 -26.6198 0.433532 -15.7474 16.384
0 0 126 -17.2767 1.30993 -27.8418 15.5084
0 0 127 -7.28006 6.45104 -21.8827 10.1917
0 0 128 3.00116 3.29729 -17.6174 0.143134
0 0 129 10.9524 -0.208307 -21.8245 -7.86034
0 0 130 36.9438 2.24603 -23.1676 -1.84299
0 0 131 106.282 12.0016 -28.7179 4.52522
0 0 132 243.752 30.8708 -48.5816 -4.00505
0 0 133 422.116 17.2599 -39.0586 -15.5719
0 0 134 475.291 -37.8892 2.65524 -23.4585
0 0 135 357.453 -84.3937 16.6181 -32.5725
0 0 136 257.955 -105.191 -9.32121 -37.0715
0 0 137 232.302 -108.871 -37.2469 -36.4867
0 0 138 232.479 -91.7546 -66.5157 -38.3559
0 0 139 237.916 -65.5821 -83.7498 -48.8133
0 0 140 239.369 -39.642 -81.1217 -42.2122
0 0 141 249.312 -16.2159 -67.626 -27.1399
0 0 142 251.119 5.34221 -50.6262 -25.0368
0 0 143 222.905 20.3561 -45.6595 -22.6998
0 0 144 171.023 23.802 -33.5084 -19.2523
0 0 145 110.912 13.5795 -16.916 -9.7295
0 0 146 66.6801 7.73685 -14.0536 4.11641
0 0 147 36.9976 11.5921 -17.6174 10.0168
0 0 148 13.2285 24.5036 -17.7338 4.52522
0 0 149 0.609642 29.5274 -14.9296 -1.84299
0 0 150 -4.41946 15.6244 -13.294 -0.557545
0 0 151 -11.371 2.42089 -12.885 1.19467
0 0 152 -21.5907 4.99038 -19.9545 0.434997
0 0 153 -24.1053 13.9889 -24.1019 -2.89452
0 0 154 -27.5503 18.0191 -21.4156 -1.14231
0 0 155 -28.6576 12.2937 -15.5729 -2.0179
0 0 156 -24.3975 7.97141 -7.39456 -4.64777
0 0 157 -20.1912 12.8204 -2.83677 -8.03525
0 0 158 -8.74111 12.2937 -3.83073 -6.10812
0 0 159 -0.0901262 4.75795 0.609138 1.89638
0 0 160 -4.29643 -1.66897 8.96356 7.38797
0 0 161 -11.2557 0.725665 6.04296 10.2497
0 0 162 -10.6712 -0.0334535 1.19418 11.0683
0 0 163 -9.21019 -2.01868 -1.37724 10.7175
0 0 164 -11.3095 -1.14228 -2.48605 3.99945
0 0 165 -1.38201 -3.7139 1.89561 -6.16608
0 0 166 8.61469 -0.675292 2.94623 -10.0804
0 0 167 4.17 4.87523 -1.43543 -6.04913
0 0 168 -9.04101 4.11398 -3.0129 -2.2518
0 0 169 -16.2848 3.29729 -2.07714 -3.18638
0 0 170 -14.2931 6.21861 0.434545 0.434997
0 0 171 -12.8321 14.8653 4.4073 -0.616539
0 0 172 -11.8324 18.3112 4.75801 -6.39998
0 0 173 -15.2851 11.5921 -3.42181 1.89638
0 0 174 -19.9605 8.32111 -9.03022 9.19814
0 0 175 -14.7007 9.60693 -0.383284 5.16794
0 0 176 -7.91831 9.02266 3.82226 -3.12843
0 0 177 -7.74913 5.57464 1.01805 -2.13485
0 0 178 -5.99586 2.24603 -2.19507 7.38797
0 0 179 -0.0362978 -1.02713 -6.04989 13.4633
0 0 180 4.75443 -1.0847 -5.58278 16.2091
0 0 181 7.20746 4.69824 0.84346 12.0609
0 0 182 7.90723 12.4685 6.80259 1.95434
0 0 183 4.93129 12.5858 7.50402 -0.0907708
0 0 184 0.609642 1.13508 3.29695 4.17437
0 0 185 2.53977 1.54449 -4.88134 6.27744
0 0 186 9.94502 5.57464 -6.22602 7.27101
0 0 187 12.1058 7.97141 1.25237 1.25366
0 0 188 5.33885 10.1315 -6.63493 -2.19384
0 0 189 0.494296 6.6856 -19.371 -3.01147
0 0 190 -5.2961 6.27619 -19.662 -5.81522
0 0 191 -10.8481 12.0016 -12.4179 1.07772
0 0 192 -5.17306 16.5008 -1.14292 4.81709
0 0 193 8.95304 17.0254 8.14573 0.0261814
0 0 194 11.2369 11.4173 9.60679 -0.32364
0 0 195 5.92327 9.25509 7.62042 3.41469
0 0 196 5.98479 12.1764 2.94623 5.69371
0 0 197 3.53175 10.4833 -2.42786 2.07129
0 0 198 -5.819 8.14626 -2.83677 -0.557545
0 0 199 -10.2022 7.85413 2.1866 3.18079
0 0 200 -9.73309 3.93912 1.4285 1.89638
0 0 201 -8.33355 -1.0847 -2.66218 -2.07689
0 0 202 -5.2961 1.54449 -7.56915 -2.71961
0 0 203 -11.4248 1.54449 -11.4837 -0.908402
0 0 204 -16.6846 -3.18721 -13.7029 -8.1522
0 0 205 -14.8775 -4.0636 -10.8405 -15.2211
0 0 206 -19.4991 -7.33677 -9.55553 -5.40641
0 0 207 -17.4998 -8.09589 -12.9432 -1.55112
0 0 208 -11.6017 -7.80376 -6.16629 -6.16608
0 0 209 -5.64214 -7.9189 8.90536 -3.06943
0 0 210 -0.266991 -8.56287 14.0467 -7.21762
0 0 211 -0.966759 -4.70758 4.46549 -11.6577
0 0 212 -3.36597 0.258679 -4.06352 -2.83656
0 0 213 -9.85613 -3.36206 -9.61373 -1.95994
0 0 214 -6.92633 -5.23214 -8.8541 -4.76369
0 0 215 4.45452 -4.64787 -7.91987 -4.23792
0 0 216 7.20746 -5.05728 -6.04989 -2.42775
0 0 217 7.38432 -2.42809 2.82984 -1.20027
0 0 218 6.50769 -2.07838 5.16693 -4.00505
0 0 219 3.99314 -0.150733 7.62042 -5.05659
0 0 220 2.47826 6.27619 5.05053 -1.72603
0 0 221 0.140567 3.76427 -5.75737 -1.72603
0 0 222 -2.08178 -0.617719 -8.62131 -6.22507
0 0 223 -8.33355 5.10766 -5.64098 -5.58235
0 0 224 -15.4543 12.0016 -6.69313 -3.06943
0 0 225 -15.7465 12.0016 -6.80952 -7.56847
0 0 226 -13.4703 9.25509 -6.10809 -11.0149
0 0 227 -13.0628 7.73685 -8.91229 -7.27661
0 0 228 -9.44857 5.92648 -11.8344 -3.71215
0 0 229 -4.12725 0.550812 -12.4179 -3.24538
0 0 230 0.786507 -4.82272 -7.45276 -6.8088
0 0 231 4.11617 -4.76515 1.01805 -10.1973
0 0 232 3.06268 -2.01868 8.02933 -7.97729
0 0 233 3.17802 -2.13596 13.287 -3.8881
0 0 234 8.72234 -8.15346 13.9303 -0.0317772
0 0 235 14.159 -15.5741 8.43825 3.6486
0 0 236 18.7806 -14.8128 5.57584 3.47369
0 0 237 20.8107 -10.6078 8.73077 5.86862
0 0 238 18.25 -9.61413 12.2364 13.1124
0 0 239 17.6579 -7.27706 11.417 16.267
0 0 240 19.5957 -4.18088 8.90536 12.7626
0 0 241 22.3947 -3.88875 7.38609 7.85474
0 0 242 25.0862 -6.46037 6.15935 7.15406
0 0 243 22.6331 -10.1984 6.91898 7.32897
0 0 244 16.3121 -11.8339 7.44582 4.11641
0 0 245 13.8591 -8.44559 2.42092 3.94046
0 0 246 14.6896 0.785371 -7.86167 6.16048
0 0 247 14.5743 7.44472 -12.4179 3.6486
0 0 248 16.3813 7.9117 -6.34241 -1.02535
0 0 249 19.8187 7.44472 -2.07714 -3.18638
0 0 250 20.1724 4.75795 -4.93954 -5.81522
0 0 251 16.4429 1.54449 -10.0808 -10.6651
0 0 252 13.167 5.51707 -11.5419 -14.2865
0 0 253 14.1052 8.55567 -5.8753 -14.0536
0 0 254 16.0891 2.8303 2.1866 -12.0085
0 0 255 17.0811 -0.26588 5.39972 -10.3143
0 0 256 15.2125 2.94545 1.71949 -5.34845
0 0 257 11.06 4.75795 0.200224 1.13671
0 0 258 12.2289 3.7067 5.22513 2.83097
0 0 259 15.0972 -0.558013 12.2364 2.94792
0 0 260 13.3439 -4.64787 16.5017 4.87504
0 0 261 11.4138 -3.77147 15.2152 9.02323
0 0 262 12.2827 -1.43441 9.89931 10.6005
0 0 263 14.4435 1.71934 4.17298 3.82351
0 0 264 15.5047 8.02898 0.0256308 -3.53724
0 0 265 13.2285 13.2277 0.84346 -6.22507
0 0 266 9.94502 11.5921 0.668867 -5.28946
0 0 267 5.86944 3.88155 -5.46638 -2.83656
0 0 268 5.2235 -3.36206 -9.49733 -4.53082
0 0 269 9.83736 -4.94 -10.257 -10.1973
0 0 270 12.9902 -0.792572 -12.4179 -12.7092
0 0 271 12.9902 3.82184 -13.003 -8.4451
0 0 272 9.78353 5.63435 -10.6659 -0.440593
0 0 273 4.45452 4.5831 -4.06352 3.82351
0 0 274 6.16165 6.56832 5.86836 3.76555
0 0 275 8.54548 7.9117 9.08148 0.143134
0 0 276 2.94733 7.15258 5.92656 -2.36875
