0 0 0 -0.010749
0 0 1 -0.00171172
0 0 2 -0.012803
0 0 3 0.0261889
0 0 4 0.0542868
0 0 5 -0.0105354
0 0 6 -0.0443514
0 0 7 -0.0605035
0 0 8 -0.000840854
0 0 9 0.0118607
0 0 10 0.0311348
0 0 11 0.0385783
0 0 12 0.00755563
0 0 13 0.0161657
0 0 14 0.00528809
0 0 15 0.0657066
0 0 16 0.0356699
0 0 17 0.027372
0 0 18 0.0340432
0 0 19 0.0036778
0 0 20 0.0162807
0 0 21 -0.0430533
0 0 22 -0.0455345
0 0 23 0.0189755
0 0 24 0.0466461
0 0 25 0.047517
0 0 26 0.0212266
0 0 27 0.00400643
0 0 28 0.0401885
0 0 29 0.00767065
0 0 30 0.0234942
0 0 31 -0.0136574
0 0 32 0.00798285
0 0 33 0.0185319
0 0 34 0.0122879
0 0 35 0.0298531
0 0 36 0.0237078
0 0 37 0.0391041
0 0 38 0.00670119
0 0 39 0.0315785
0 0 40 0.0164944
0 0 41 0.0205858
0 0 42 0.0233791
0 0 43 0.0421275
0 0 44 0.0407308
0 0 45 0.0148841
0 0 46 0.0490122
0 0 47 0.0294095
0 0 48 0.0087387
0 0 49 0.0603171
0 0 50 0.0507376
0 0 51 0.0213416
0 0 52 0.0151963
0 0 53 0.036853
0 0 54 0.0625846
0 0 55 0.0213416
0 0 56 -0.00547453
0 0 57 -0.030779
0 0 58 0.0521342
0 0 59 0.0564557
0 0 60 0.0203722
0 0 61 0.00313556
0 0 62 0.0329751
0 0 63 0.0449208
0 0 64 0.0440664
0 0 65 -0.00299338
0 0 66 -0.0178639
0 0 67 -0.0503818
0 0 68 0.02844
0 0 69 0.0180061
0 0 70 0.0347004
0 0 71 -0.00171172
0 0 72 0.00185391
0 0 73 -0.0129016
0 0 74 0.0124029
0 0 75 0.0218839
0 0 76 -0.00256616
0 0 77 0.00755563
0 0 78 0.00249474
0 0 79 0.0377074
0 0 80 0.0069148
0 0 81 0.0744317
0 0 82 0.0369515
0 0 83 0.0497681
0 0 84 0.0479442
0 0 85 0.0205858
0 0 86 0.0378224
0 0 87 0.00528809
0 0 88 0.0311348
0 0 89 0.0796077
0 0 90 0.013586
0 0 91 -0.0120471
0 0 92 -0.00343703
0 0 93 0.0407308
0 0 94 0.0465475
0 0 95 0.00949455
0 0 96 0.013586
0 0 97 0.0280128
0 0 98 -0.0278706
0 0 99 0.00862368
0 0 100 -0.00611536
0 0 101 0.0069148
0 0 102 0.0172502
0 0 103 -0.016993
0 0 104 0.0254331
0 0 105 0.0331887
0 0 106 0.0236092
0 0 107 -0.0168944
0 0 108 -0.0146269
0 0 109 0.0189755
0 0 110 0.00228113
0 0 111 -0.0290537
0 0 112 0.030379
0 0 113 0.0560121
0 0 114 0.0201586
0 0 115 -0.00213894
0 0 116 -0.0051459
0 0 117 -0.000528656
0 0 118 0.0351277
0 0 119 0.0158535
0 0 120 0.034799
0 0 121 0.0367379
0 0 122 0.0189755
0 0 123 0.0290973
0 0 124 0.0537609
0 0 125 0.0430969
0 0 126 0.226061
0 0 127 0.689265
0 0 128 0.999951
0 0 129 0.937166
0 0 130 0.460194
0 0 131 0.0882178
0 0 132 0.0895158
0 0 133 0.0283414
0 0 134 -0.00365064
0 0 135 -0.0328329
0 0 136 -0.0136574
0 0 137 0.0520356
0 0 138 0.0190741
0 0 139 -0.00956597
0 0 140 0.0171352
0 0 141 -0.0329315
0 0 142 -0.0504968
0 0 143 0.00152528
0 0 144 -0.00956597
0 0 145 -0.0153827
0 0 146 -0.0131152
0 0 147 -0.0368094
0 0 148 -0.00471868
0 0 149 -0.0320771
0 0 150 0.00270835
0 0 151 0.000769431
0 0 152 0.00237972
0 0 153 -0.0232534
0 0 154 -0.0768693
0 0 155 -0.0363821
0 0 156 -0.0342296
0 0 157 -0.0278706
0 0 158 -0.0162536
0 0 159 -0.0190469
0 0 160 -0.0363821
0 0 161 -0.0147419
0 0 162 0.0586082
0 0 163 0.00604394
0 0 164 0.0265011
0 0 165 -0.00580316
0 0 166 0.00583033
0 0 167 -0.00537594
0 0 168 0.0113184
0 0 169 0.0320057
0 0 170 0.0125015
0 0 171 -0.00644399
0 0 172 -0.00353562
0 0 173 -0.000413635
0 0 174 0.000884451
0 0 175 0.00992176
0 0 176 0.00486087
0 0 177 0.0230669
0 0 178 0.031677
0 0 179 0.0105626
0 0 180 0.0145554
0 0 181 0.0180061
0 0 182 0.0087387
0 0 183 0.0125015
0 0 184 0.0262875
0 0 185 0.0270434
0 0 186 0.00346419
0 0 187 0.0120743
0 0 188 -0.023352
0 0 189 -8.50059e-05
0 0 190 0.0121893
0 0 191 0.041158
0 0 192 -0.00277977
0 0 193 0.00334917
0 0 194 0.0570965
0 0 195 0.0360971
0 0 196 -0.00977958
0 0 197 0.0170366
0 0 198 -0.0199014
0 0 199 -0.033901
0 0 200 -0.00611536
0 0 201 0.0279142
0 0 202 0.0142268
0 0 203 0.0471884
0 0 204 -0.013871
0 0 205 0.0321043
0 0 206 0.0163793
0 0 207 -0.0269012
0 0 208 0.02844
0 0 209 -0.000413635
0 0 210 -0.0338024
0 0 211 -0.0176503
0 0 212 -0.0180775
0 0 213 0.0129452
0 0 214 -0.0144133
0 0 215 0.047402
0 0 216 0.0355549
0 0 217 -0.0495273
0 0 218 -0.0151691
0 0 219 0.0577374
0 0 220 0.0369515
0 0 221 0.0220975
0 0 222 -0.0288401
0 0 223 -0.0108641
0 0 224 -0.00816929
0 0 225 0.0198299
0 0 226 0.019945
0 0 227 0.00206752
0 0 228 -0.0108641
0 0 229 0.0161657
0 0 230 0.0230669
0 0 231 0.0191891
0 0 232 -0.00440648
0 0 233 -0.0412294
0 0 234 0.0296395
0 0 235 -0.0569544
0 0 236 -0.0246501
0 0 237 -0.0101082
0 0 238 -0.0487715
0 0 239 0.0223111
0 0 240 0.0843399
0 0 241 0.0357685
0 0 242 -0.00558955
0 0 243 0.00744061
0 0 244 0.0213416
0 0 245 0.00109806
0 0 246 -0.0161386
0 0 247 0.0127315
0 0 248 0.0132574
0 0 249 -0.0421003
0 0 250 0.00658617
0 0 251 0.0386769
0 0 252 0.0573101
0 0 253 0.00098304
0 0 254 0.0151963
0 0 255 -0.00935236
