0 0 0 -0.0185208
0 0 1 -0.0103243
0 0 2 -0.00527172
0 0 3 0.00555532
0 0 4 0.0263753
0 0 5 0.0391913
0 0 6 0.0348766
0 0 7 0.0274179
0 0 8 0.0210019
0 0 9 0.00849065
0 0 10 0.00302099
0 0 11 0.00460895
0 0 12 0.00565156
0 0 13 0.00890769
0 0 14 0.0177458
0 0 15 0.00964553
0 0 16 -0.00559252
0 0 17 0.00207463
0 0 18 0.00103202
0 0 19 -0.0103243
0 0 20 -0.0185208
0 0 21 -0.0145268
0 0 22 -0.0245198
0 0 23 -0.026204
0 0 24 -0.0307273
0 0 25 -0.0378651
0 0 26 -0.0293639
0 0 27 -0.0247283
0 0 28 -0.0129549
0 0 29 -0.0231564
0 0 30 -0.0417629
0 0 31 -0.0379774
0 0 32 -0.0336626
0 0 33 -0.0292516
0 0 34 -0.000764466
0 0 35 0.00061498
0 0 36 -0.015377
0 0 37 -0.0109499
0 0 38 0.00322951
0 0 39 -0.0127464
0 0 40 -0.0115915
0 0 41 -0.0099073
0 0 42 -0.0057048
0 0 43 0.000181898
0 0 44 -0.0147354
0 0 45 -0.0277759
0 0 46 -0.0226271
0 0 47 -0.0143183
0 0 48 -0.00454992
0 0 49 -0.00275343
0 0 50 0.000919741
0 0 51 -0.00644265
0 0 52 -0.015377
0 0 53 -0.0108537
0 0 54 -0.0118963
0 0 55 -0.0168526
0 0 56 -0.0121208
0 0 57 -0.00349128
0 0 58 0.0122761
0 0 59 0.019847
0 0 60 0.00913225
0 0 61 -0.0095865
0 0 62 -0.00360356
0 0 63 0.00765657
0 0 64 -0.0143183
0 0 65 -0.0307273
0 0 66 -0.000235144
0 0 67 0.00156134
0 0 68 0.0111212
0 0 69 -0.00244867
0 0 70 -0.0143183
0 0 71 0.00281247
0 0 72 -0.00580104
0 0 73 -0.0151684
0 0 74 -0.0122171
0 0 75 -0.00381208
0 0 76 0.00061498
0 0 77 0.0265838
0 0 78 0.0415011
0 0 79 0.0156445
0 0 80 -0.0122171
0 0 81 -0.0194672
0 0 82 -0.00106923
0 0 83 -0.00937798
0 0 84 -0.0338712
0 0 85 -0.0236857
0 0 86 -0.0105329
0 0 87 -0.0095865
0 0 88 -0.00517548
0 0 89 -0.013789
0 0 90 -0.04303
0 0 91 -0.0433348
0 0 92 -0.0327163
0 0 93 -0.0265248
0 0 94 -0.0284175
0 0 95 -0.0303103
0 0 96 -0.032203
0 0 97 -0.0227394
0 0 98 -0.0276797
0 0 99 -0.0417629
0 0 100 -0.0513067
0 0 101 -0.0461739
0 0 102 -0.0272466
0 0 103 -0.0231564
0 0 104 -0.0284175
0 0 105 -0.0263002
0 0 106 -0.0169489
0 0 107 -0.0149599
0 0 108 -0.0247283
0 0 109 -0.0101158
0 0 110 0.0108004
0 0 111 0.00890769
0 0 112 -0.0116877
0 0 113 -0.045436
0 0 114 -0.0348175
0 0 115 -0.0103243
0 0 116 0.0189006
0 0 117 -0.000331384
0 0 118 -0.00349128
0 0 119 -0.0335664
0 0 120 -0.0382982
0 0 121 -0.0163233
0 0 122 -0.00118151
0 0 123 0.0063894
0 0 124 0.0135433
0 0 125 0.0177458
0 0 126 0.0176335
0 0 127 0.00934077
0 0 128 0.0145859
0 0 129 0.00786509
0 0 130 0.00345407
0 0 131 -0.0131634
0 0 132 -0.0288346
0 0 133 -0.0154732
0 0 134 -0.0135805
0 0 135 -0.0199003
0 0 136 -0.0194672
0 0 137 -0.0191624
0 0 138 -0.0268296
0 0 139 -0.0249368
0 0 140 -0.0168526
0 0 141 8.56575e-05
0 0 142 0.0053468
0 0 143 0.00890769
0 0 144 -0.0143183
0 0 145 -0.0309358
0 0 146 -0.0195795
0 0 147 -0.00665117
0 0 148 -0.0191624
0 0 149 -0.0324115
0 0 150 -0.0374481
0 0 151 -0.0233649
0 0 152 -0.00843162
0 0 153 0.0121799
0 0 154 0.0119553
0 0 155 -0.00222411
0 0 156 -0.000122863
0 0 157 -0.0160025
0 0 158 -0.0208466
0 0 159 -0.0251454
0 0 160 -0.0130672
0 0 161 0.00712724
0 0 162 0.0157408
0 0 163 0.0129017
0 0 164 0.00576384
0 0 165 0.0118591
0 0 166 0.0163824
0 0 167 0.0147944
0 0 168 0.00387111
0 0 169 -0.0100035
0 0 170 -0.00916946
0 0 171 -2.66229e-05
0 0 172 0.00890769
0 0 173 0.023841
0 0 174 0.0268886
0 0 175 0.0603321
0 0 176 0.101234
0 0 177 0.155578
0 0 178 0.241585
0 0 179 0.344722
0 0 180 0.410038
0 0 181 0.403188
0 0 182 0.333799
0 0 183 0.258315
0 0 184 0.180392
0 0 185 0.143388
0 0 186 0.15484
0 0 187 0.142233
0 0 188 0.11952
0 0 189 0.115205
0 0 190 0.123514
0 0 191 0.119424
0 0 192 0.131101
0 0 193 0.150958
0 0 194 0.15075
0 0 195 0.164945
0 0 196 0.20458
0 0 197 0.299955
0 0 198 0.492981
0 0 199 0.782536
0 0 200 0.999879
0 0 201 0.94098
0 0 202 0.656782
0 0 203 0.361244
0 0 204 0.183023
0 0 205 0.0969195
0 0 206 0.0564344
0 0 207 0.0264716
0 0 208 0.00322951
0 0 209 -0.00411684
0 0 210 -0.00244867
0 0 211 -0.00106923
0 0 212 0.00396735
0 0 213 0.00271623
0 0 214 -0.00706821
0 0 215 -0.0167404
0 0 216 -0.011383
0 0 217 -0.00496696
0 0 218 -0.00780605
0 0 219 -0.0057048
0 0 220 0.00250771
0 0 221 -0.00517548
0 0 222 -0.0154732
0 0 223 -0.00727673
0 0 224 0.00228315
0 0 225 -0.00916946
0 0 226 -0.0226271
0 0 227 -0.0164196
0 0 228 -0.00916946
0 0 229 -0.019788
0 0 230 -0.00633037
0 0 231 0.0120676
0 0 232 0.00481748
0 0 233 -0.00896094
0 0 234 -0.0171574
0 0 235 -0.0132757
0 0 236 0.00239543
0 0 237 0.0047052
0 0 238 -0.015794
0 0 239 -0.0313529
0 0 240 -0.0277759
0 0 241 -0.0401909
0 0 242 -0.041025
0 0 243 -0.04303
0 0 244 -0.0294601
0 0 245 -0.0139013
0 0 246 -0.0173659
0 0 247 -0.00979502
0 0 248 -0.0186331
0 0 249 -0.0145268
0 0 250 -0.00432536
0 0 251 -0.0244075
0 0 252 -0.0442812
0 0 253 -0.0443934
0 0 254 -0.0372396
0 0 255 -0.0192587
0 0 256 -0.0356676
0 0 257 -0.0263002
0 0 258 -0.0182161
0 0 259 -0.0276797
0 0 260 -0.0256747
0 0 261 -0.0349298
0 0 262 -0.0444897
0 0 263 -0.0280967
0 0 264 -0.015377
0 0 265 -0.00811081
0 0 266 -0.00716445
0 0 267 -0.0106451
0 0 268 -0.005384
0 0 269 0.0116505
0 0 270 0.0115383
0 0 271 -0.00360356
0 0 272 -0.00307423
0 0 273 0.00440043
0 0 274 -0.00969878
0 0 275 -0.0164196
0 0 276 -0.0213599
0 0 277 -0.0314651
0 0 278 -0.0178953
0 0 279 -0.00706821
0 0 280 -0.00621809
0 0 281 -0.0118963
0 0 282 -0.00180707
0 0 283 0.000181898
0 0 284 -0.0101158
0 0 285 -0.00644265
0 0 286 -0.00517548
0 0 287 0.00407963
0 0 288 -0.0036998
0 0 289 -0.0146391
0 0 290 -0.0213599
0 0 291 -0.0223063
0 0 292 -0.0283053
0 0 293 -0.0258832
0 0 294 -0.0223063
0 0 295 -0.0216807
0 0 296 -0.0194672
0 0 297 -0.0186331
0 0 298 -0.0269418
0 0 299 -0.0220977
0 0 300 -0.026204
0 0 301 -0.0325077
0 0 302 -0.0241028
0 0 303 -0.0315614
0 0 304 -0.0128426
0 0 305 0.00922849
0 0 306 -0.00296195
0 0 307 -0.0126341
0 0 308 -0.0207343
0 0 309 -0.0351383
0 0 310 -0.0434471
0 0 311 -0.0355554
0 0 312 -0.0335664
0 0 313 -0.0156817
0 0 314 -0.0286261
0 0 315 -0.0283053
0 0 316 -0.0286261
0 0 317 -0.0107414
0 0 318 -0.00222411
0 0 319 -0.00139003
0 0 320 -0.000972987
0 0 321 0.0105919
0 0 322 0.0324705
0 0 323 0.0389828
0 0 324 0.027835
0 0 325 0.0120676
0 0 326 0.0247874
0 0 327 0.0146982
0 0 328 0.00860293
0 0 329 0.00144906
0 0 330 0.00807361
0 0 331 0.0195262
0 0 332 0.0142811
0 0 333 0.0109127
0 0 334 0.0227984
0 0 335 0.0239533
0 0 336 0.0159653
0 0 337 -0.00748525
0 0 338 -0.0040206
0 0 339 0.0120676
0 0 340 0.0223653
0 0 341 0.0330961
0 0 342 0.0326791
0 0 343 0.0217397
0 0 344 0.00387111
0 0 345 0.00765657
0 0 346 0.0115383
0 0 347 0.00996634
0 0 348 0.00544304
0 0 349 -0.00727673
0 0 350 0.000502699
0 0 351 0.00964553
0 0 352 0.0108004
0 0 353 0.017425
0 0 354 0.0313157
0 0 355 0.0261508
0 0 356 0.0277387
0 0 357 0.0237447
0 0 358 0.0124846
0 0 359 0.00218691
0 0 360 -0.00665117
0 0 361 0.00071122
0 0 362 0.0124846
0 0 363 0.0124846
0 0 364 -0.00549628
0 0 365 -0.0175745
0 0 366 -0.0232526
0 0 367 -0.00454992
0 0 368 0.00396735
0 0 369 -0.00875242
0 0 370 8.56575e-05
0 0 371 0.0067102
0 0 372 8.56575e-05
0 0 373 0.0047052
0 0 374 -0.0104366
0 0 375 -0.00738901
0 0 376 0.00922849
0 0 377 0.0192215
0 0 378 0.0268886
0 0 379 0.00417587
0 0 380 0.00586008
0 0 381 0.00849065
0 0 382 0.0167994
0 0 383 0.0101749
0 0 384 0.0151152
0 0 385 0.0188044
0 0 386 0.00901997
0 0 387 0.00680644
0 0 388 -0.00286571
0 0 389 0.00250771
0 0 390 0.000502699
0 0 391 0.00396735
0 0 392 0.00901997
0 0 393 0.00723953
0 0 394 0.0176335
0 0 395 0.0270009
0 0 396 0.0209057
0 0 397 0.0320375
0 0 398 0.0222691
0 0 399 0.00144906
