0 0 0 1.39367 -17.4233 7.24365 4.826
0 0 1 -7.37472 7.84195 -13.465 -0.421768
0 0 2 -8.06297 -1.77423 -15.979 1.99725
0 0 3 7.14291 -5.38724 3.88186 -6.17278
0 0 4 -17.6802 -1.36489 -14.5654 5.07688
0 0 5 -0.524272 -7.8071 -5.70336 -12.8657
0 0 6 3.27949 15.9809 -6.01659 -0.893102
0 0 7 -16.9874 0.205307 5.23313 -17.0135
0 0 8 -13.7204 -5.4815 7.11738 -0.798835
0 0 9 5.35344 -6.55068 6.17608 -0.704568
0 0 10 10.9788 -8.78073 5.67263 -11.6714
0 0 11 12.6765 0.739898 -12.1137 -10.7288
0 0 12 -11.9631 3.78862 -13.1813 3.69405
0 0 13 -9.69644 0.143326 -6.17402 -5.85807
0 0 14 2.08651 -6.32987 -12.9616 5.73675
0 0 15 2.99501 -6.26789 -2.18414 8.84755
0 0 16 4.44035 9.66395 -5.3885 -2.84153
0 0 17 6.20229 16.1371 8.24891 -3.81611
0 0 18 14.4063 11.77 1.36789 -8.43519
0 0 19 -17.46 -1.02012 -22.2959 -11.7976
0 0 20 0.512701 -13.2434 16.7338 -2.59065
0 0 21 0.23281 -10.6983 3.06355 0.803701
0 0 22 12.3324 -1.36489 -10.323 -8.49828
0 0 23 7.93211 2.37466 -4.47672 -2.96771
0 0 24 -10.6095 -10.6673 -9.12912 -6.76956
0 0 25 6.95478 -9.0958 -2.52852 12.8075
0 0 26 -0.836282 5.04503 10.7629 15.0387
0 0 27 2.93536 0.111044 1.49252 10.0418
0 0 28 12.2039 -5.4815 4.22623 -2.27593
0 0 29 3.9081 7.84195 1.99597 -5.60718
0 0 30 14.7504 5.10831 8.18659 -4.3498
0 0 31 -6.87 -8.65547 -7.52529 1.80872
0 0 32 -11.2703 -8.0589 -4.47672 4.35466
0 0 33 -8.5677 0.205307 -7.65157 -10.0689
0 0 34 -6.93423 12.7759 -0.517998 -3.25051
0 0 35 6.57854 11.7068 8.24891 3.47435
0 0 36 -1.43277 5.35882 -4.79158 4.38584
0 0 37 -18.3731 -1.02012 -0.988649 -1.64798
0 0 38 0.673294 -5.7333 2.12224 4.32275
0 0 39 8.15235 2.84598 -9.34886 -2.90462
0 0 40 10.0061 -8.37268 -13.6536 -4.53833
0 0 41 -5.30077 3.72534 -1.7758 -0.233234
0 0 42 -7.3426 5.26455 -6.55119 -8.3721
0 0 43 9.1572 7.90522 -4.88669 0.740609
0 0 44 -2.91023 -8.71874 -8.87657 3.47435
0 0 45 -9.66891 0.77218 -10.951 3.9776
0 0 46 -3.7912 5.98767 2.08944 -7.17854
0 0 47 -2.87811 5.89341 -19.2785 -2.18166
0 0 48 -6.80576 -4.16181 -0.988649 2.93992
0 0 49 1.01742 6.49127 5.67263 3.50552
0 0 50 -8.85218 10.6389 -7.11696 6.01955
0 0 51 10.5062 4.00813 -9.88183 -6.73839
0 0 52 0.356696 12.3666 -10.3541 -10.3517
0 0 53 -10.7976 -8.24743 -9.94579 -1.01929
0 0 54 -1.18041 2.71943 -7.33671 0.709434
0 0 55 -13.2157 -0.579792 12.5537 -4.94732
0 0 56 -4.95206 -19.9684 0.67585 -12.3944
0 0 57 1.61391 2.90796 4.50994 -1.74225
0 0 58 -2.46974 12.8379 16.86 4.826
0 0 59 5.10108 -1.89948 -5.76568 -3.56449
0 0 60 -8.75582 -0.233729 -2.40388 -10.9492
0 0 61 1.58179 -5.89084 -2.59247 -4.50716
0 0 62 22.2937 3.8506 -10.8559 -3.97273
0 0 63 -5.52101 0.960708 -10.7001 -1.30209
0 0 64 0.544819 14.0014 -8.15338 -2.21358
0 0 65 17.4209 8.03048 -10.0704 4.85717
0 0 66 -1.08864 -7.14725 -2.15134 11.5501
0 0 67 -0.524272 -5.07345 2.40431 7.18267
0 0 68 -5.80091 7.30736 -6.92837 -6.23513
0 0 69 4.82119 12.7437 -13.3699 -3.03006
0 0 70 1.80203 1.99761 -2.43504 -3.59566
0 0 71 8.05599 -0.108474 1.02187 -2.33902
0 0 72 9.72157 6.64751 17.1421 5.20307
0 0 73 -5.58066 -10.604 -2.4662 -1.23899
0 0 74 -2.18985 -4.31935 12.775 8.84755
0 0 75 -5.52101 12.5874 -1.93159 -0.673393
0 0 76 0.673294 -4.63313 2.05829 -5.13585
0 0 77 -1.21253 0.457107 -6.23797 4.03995
0 0 78 -18.5612 -11.0121 -7.71388 7.02531
0 0 79 3.71998 -3.31344 -12.4286 6.24
0 0 80 11.9836 -0.485529 -6.8349 9.38198
0 0 81 8.71672 6.89931 -12.773 7.27694
0 0 82 8.24412 -4.38133 -7.33671 -7.96385
0 0 83 -8.65946 -10.3522 2.27803 -10.0065
0 0 84 -4.64005 -1.30291 -4.98017 -4.97849
0 0 85 0.324577 1.87106 -15.2246 -1.52179
0 0 86 -12.7477 -3.1559 10.7317 -6.58103
0 0 87 -7.46649 -0.893574 1.71227 8.94182
0 0 88 -9.44866 -5.89084 -4.50952 12.0845
0 0 89 -11.362 -0.422256 -6.95953 7.27694
0 0 90 -3.09835 1.49401 1.39905 -0.265151
0 0 91 -1.43277 -2.59032 2.02713 2.90875
0 0 92 4.69271 -1.80522 -0.64427 9.60243
0 0 93 -12.7477 0.897435 -5.828 3.91451
0 0 94 -2.59822 -8.78073 -9.12912 -8.30975
0 0 95 1.14131 -1.45916 -1.39862 8.53358
0 0 96 1.26978 6.49127 5.45288 4.76291
0 0 97 15.2827 14.2209 -3.62889 18.2119
0 0 98 -8.2511 4.95077 -9.034 1.55784
0 0 99 5.35344 3.8506 -2.30877 1.49474
0 0 100 16.4803 -2.05702 6.4893 2.28005
0 0 101 -8.37957 15.6348 -1.05261 -4.57025
0 0 102 0.921066 8.43852 2.65521 -4.82113
0 0 103 21.2843 4.07141 4.94943 -2.24475
0 0 104 3.4355 4.91978 10.3857 -5.44982
0 0 105 -2.12562 -5.51378 -0.737745 1.33738
0 0 106 -13.2478 -6.98972 7.58967 -2.02505
0 0 107 -2.53398 7.65342 8.90979 2.37432
0 0 108 -14.7895 3.28502 -6.3626 3.25464
0 0 109 4.41282 10.5123 -8.15338 -0.390593
0 0 110 -2.0935 -10.1637 -5.48362 -2.0874
0 0 111 -1.93749 -2.84212 -0.298251 5.23424
0 0 112 18.3936 -7.27251 0.205198 8.72211
0 0 113 3.56397 -4.03655 -13.2141 10.9845
0 0 114 2.80689 -11.7042 3.37841 -5.98425
0 0 115 5.41768 3.66207 13.1522 6.67942
0 0 116 -0.680277 0.457107 6.99275 -2.43329
0 0 117 -17.5563 -3.72148 2.43546 3.16037
0 0 118 4.12834 -0.956847 15.3825 3.69405
0 0 119 3.40338 -10.7616 -0.267093 3.0661
0 0 120 18.7102 -8.15316 -5.1376 -9.37786
0 0 121 20.908 14.5347 -6.39376 5.01453
0 0 122 -12.3393 -5.32525 1.83854 2.87757
0 0 123 2.43064 5.23356 -10.259 -10.446
0 0 124 -11.5501 -9.12679 6.11212 -9.2205
0 0 125 13.6813 5.61062 -2.49736 4.2604
0 0 126 -1.74937 2.49992 8.94095 -7.27281
0 0 127 11.9836 9.75821 -9.41118 -12.3001
0 0 128 0.388815 0.866444 5.42172 -4.88422
0 0 129 -1.27677 -12.7088 12.6488 -1.58489
0 0 130 -11.7704 -1.36489 -4.03722 0.709434
0 0 131 4.75695 3.12877 0.990711 -12.3313
0 0 132 4.66059 -4.60214 1.83854 -1.71033
0 0 133 3.87598 -0.548801 13.8738 5.51704
0 0 134 3.53185 -0.862583 22.1077 -2.87345
0 0 135 4.56883 -1.20865 3.15866 -4.41289
0 0 136 -16.3266 -10.1017 -10.259 -9.25241
0 0 137 -4.01144 9.82149 -3.12708 12.3362
0 0 138 -1.27677 -4.35034 -1.17724 -1.64798
0 0 139 -15.1658 -2.33981 4.35251 5.35968
0 0 140 6.79878 -4.4446 -3.56657 -7.33516
0 0 141 4.16046 -1.23964 -0.864017 -0.642218
0 0 142 -9.60467 -8.0589 1.08419 -7.52369
0 0 143 -5.04841 0.803171 10.9826 9.47625
0 0 144 5.38556 5.23356 4.03765 1.84064
0 0 145 2.15075 -1.96276 12.6488 6.58515
0 0 146 -13.0597 -6.80119 -14.5654 4.88835
0 0 147 -14.9455 -5.89084 -14.344 -4.85305
0 0 148 -10.7655 -5.01018 -10.0081 -1.42753
0 0 149 -1.65301 8.40753 -12.3958 -2.68491
0 0 150 3.24737 -1.39717 -9.19143 -2.55873
0 0 151 6.57854 -5.63904 -6.20517 -1.58489
0 0 152 -6.77364 -11.7985 -3.25171 -0.610301
0 0 153 -0.0837882 -0.233729 -5.60825 -8.0893
0 0 154 12.3002 8.28228 14.9118 3.28581
0 0 155 0.420933 15.4463 10.2283 5.6744
0 0 156 7.33562 -4.91592 12.0518 -4.60142
0 0 157 2.49488 6.08193 5.01339 21.0406
0 0 158 2.83901 -3.03065 0.487261 10.7336
0 0 159 -2.94235 -12.2065 2.34199 4.22848
0 0 160 -1.58878 -2.46506 0.487261 -0.830752
0 0 161 0.168573 5.79914 -7.90247 10.3246
0 0 162 1.74239 -13.4319 -11.2971 -1.74225
0 0 163 3.24737 -8.37268 2.40431 10.5132
0 0 164 -9.4762 -5.70231 9.06558 -4.13009
0 0 165 7.99176 -9.00154 10.5431 -0.987368
0 0 166 12.7683 4.41618 4.25903 1.40048
0 0 167 4.50459 15.006 -7.17927 10.4508
0 0 168 -7.56284 -7.08398 -5.79684 7.27694
0 0 169 9.34533 -6.73921 -9.7572 -2.74726
0 0 170 -4.54369 11.393 5.26429 -6.99001
0 0 171 2.55912 2.56319 -17.0154 8.5024
0 0 172 -0.271912 14.3461 3.8507 -3.09316
0 0 173 -8.87971 12.4609 -8.27965 2.06034
0 0 174 -15.23 5.95668 -15.5067 -9.91228
0 0 175 -5.1723 -7.08398 -4.00607 -10.2893
0 0 176 -2.2495 -2.30753 3.44072 9.068
0 0 177 0.700824 2.65745 -2.81222 7.81062
0 0 178 4.09622 1.21122 -9.28491 2.93992
0 0 179 0.420933 1.93433 -11.7366 4.29157
0 0 180 9.0012 -3.91001 -3.40914 2.31197
0 0 181 -4.32345 3.44255 -8.81426 2.5005
0 0 182 -5.86514 7.99949 -4.4144 -13.0543
0 0 183 0.200691 5.70488 1.46136 9.91641
0 0 184 11.0109 5.01404 16.1992 -0.516034
0 0 185 15.7553 -4.66412 5.42172 1.27503
0 0 186 -8.03086 1.05497 7.84058 4.98261
0 0 187 8.08811 -0.391265 0.802122 3.88333
0 0 188 -3.7912 -13.0549 1.1793 -1.96195
0 0 189 11.355 11.1102 -1.55442 6.58515
0 0 190 11.6716 17.2063 -2.02671 1.05458
0 0 191 16.5399 8.03048 1.83854 8.69094
0 0 192 3.97234 6.05094 -11.9563 3.0661
0 0 193 11.8598 -7.64956 -10.5116 -3.37596
0 0 194 2.02228 -23.6137 -8.0599 7.11958
0 0 195 -8.53558 -2.02474 -2.33993 -3.25051
0 0 196 -8.94394 -9.72336 -1.99555 -4.00465
0 0 197 -0.804163 -14.217 -3.03197 6.45971
0 0 198 -13.8168 -11.1386 -8.87657 -0.579126
0 0 199 -8.5677 5.70488 -0.455682 -0.579126
0 0 200 12.392 3.63108 -9.034 3.09728
0 0 201 5.32132 -12.6778 -7.36786 1.49474
0 0 202 7.71186 3.72534 -16.5136 9.25654
0 0 203 -6.27351 -9.44057 -8.02874 -11.7345
0 0 204 -4.2638 -5.85855 -0.140821 2.46859
0 0 205 2.2104 1.93433 6.80416 8.53358
0 0 206 9.34533 8.18801 2.08944 18.5266
0 0 207 15.6589 3.81961 3.8507 1.05458
0 0 208 16.0398 -6.07936 -4.1635 3.41125
0 0 209 2.71512 5.67389 -11.9875 7.0884
0 0 210 3.53185 11.0469 -0.988649 4.35466
0 0 211 2.61877 5.1393 -0.64427 -10.4779
0 0 212 -1.84114 -4.25607 -8.02874 7.99915
0 0 213 0.356696 6.61652 3.34725 -5.00967
0 0 214 -4.38769 7.62243 -5.29503 -0.642218
0 0 215 -17.8362 -2.71686 -10.7313 0.646342
0 0 216 13.4611 -2.27654 5.61031 7.0884
0 0 217 -3.28648 5.95668 18.5885 -4.31862
0 0 218 -5.14018 -2.02474 14.6281 -7.08428
0 0 219 -5.39254 6.58553 0.707008 3.00301
0 0 220 -10.7976 -6.95873 -3.59773 7.46547
0 0 221 0.23281 -3.97328 -9.44234 0.30045
0 0 222 2.65088 -3.56524 -3.4403 25.4393
0 0 223 -4.07568 11.1735 -5.89195 -17.5167
0 0 224 3.94022 4.41618 3.00123 -4.13009
0 0 225 7.80363 5.07602 -2.65479 -7.61796
0 0 226 3.34373 9.82149 8.24891 -0.327501
0 0 227 5.67004 -9.00154 5.61031 5.48587
0 0 228 -8.15933 -0.297001 6.39582 -1.39635
0 0 229 -10.6095 -0.297001 -2.65479 3.91451
0 0 230 1.74239 15.7924 20.8811 9.63361
0 0 231 11.1348 -5.35625 5.67263 2.06034
0 0 232 13.0849 -2.59032 -3.78632 3.44317
0 0 233 13.3051 14.3461 10.7629 -5.51292
0 0 234 12.1396 -0.422256 9.28697 -4.31862
0 0 235 13.7777 -5.35625 7.52572 11.2992
0 0 236 6.86301 5.79914 15.0365 10.7336
0 0 237 -8.69158 -4.88493 -3.50262 1.27503
0 0 238 -13.0001 -2.30753 -3.34683 -3.43905
0 0 239 3.40338 -1.74195 18.1162 7.3712
0 0 240 1.39367 -7.27251 3.69327 3.41125
0 0 241 -1.43277 5.64161 5.86122 5.32851
0 0 242 9.81793 11.1412 -0.203137 -7.14663
0 0 243 8.52859 -0.391265 1.52532 0.992234
0 0 244 2.71512 -10.4788 5.86122 3.69405
0 0 245 -3.13047 -8.56121 -1.33467 5.13997
0 0 246 -2.12562 -10.5098 11.1089 -0.893102
0 0 247 -12.5275 -1.71096 5.7661 -8.87535
0 0 248 5.79392 9.60197 -4.25697 -4.57025
0 0 249 -5.86514 8.81558 -7.02348 2.34314
0 0 250 -14.8538 -12.049 1.30393 12.4928
0 0 251 -17.6802 -7.58758 -8.34196 -6.01543
0 0 252 9.46921 -1.93047 -11.202 3.28581
0 0 253 0.829299 0.645635 -2.49736 -3.47022
0 0 254 -5.42466 -9.59811 23.2392 -4.09892
0 0 255 -0.551803 -1.89948 11.5795 -2.27593
0 0 256 -2.81846 8.62705 6.26955 -7.36708
0 0 257 -8.2511 -4.28706 5.16918 -8.6549
0 0 258 1.23766 -11.2949 -3.4403 0.457808
0 0 259 2.49488 5.07602 7.49456 -0.170884
0 0 260 -10.0452 -5.23099 0.205198 -1.39635
0 0 261 15.1909 8.09375 -11.9251 -12.3313
0 0 262 6.01416 0.866444 14.9741 -6.07852
0 0 263 -2.87811 -2.02474 10.9515 -3.15625
0 0 264 -0.395798 -5.10445 2.05829 -10.446
0 0 265 -0.772045 -7.49332 8.46866 0.206183
0 0 266 -12.7156 14.5669 -3.06312 -1.77342
0 0 267 2.87113 4.54272 -0.329409 8.56475
0 0 268 7.39527 -5.82756 14.3149 -6.07852
0 0 269 16.9483 3.97714 -6.26913 3.75715
0 0 270 0.921066 7.96721 5.04455 7.24502
0 0 271 3.05925 -0.0452013 1.61879 2.68904
0 0 272 12.7407 -4.88493 -7.77784 -2.18166
0 0 273 -5.61278 -14.2803 8.94095 -14.4059
0 0 274 3.21525 -11.1063 14.1575 -6.0466
0 0 275 -0.524272 13.1207 15.3202 -8.18356
0 0 276 8.02387 9.60197 5.64147 4.826
0 0 277 -8.15933 13.153 -5.57709 4.22848
0 0 278 -7.05812 -15.8208 -6.52003 22.517
0 0 279 -6.02115 -4.1928 1.11534 -7.33516
0 0 280 7.55586 -8.78073 3.8507 -1.64798
0 0 281 15.5672 4.79323 -4.47672 6.20808
0 0 282 8.212 -3.18818 2.93891 12.0534
0 0 283 -3.85543 7.52817 16.514 -2.52755
0 0 284 5.44979 -3.37671 9.03442 0.143833
0 0 285 0.829299 3.97714 0.802122 -2.0874
0 0 286 0.388815 -8.78073 2.87496 6.27117
0 0 287 4.66059 -6.07936 1.61879 -7.68105
0 0 288 -5.42466 -1.64768 -10.7313 -4.25553
0 0 289 6.89513 -7.36677 5.89237 0.646342
0 0 290 6.89513 0.897435 8.53261 5.92528
0 0 291 16.0994 -8.12088 4.41482 1.99725
0 0 292 15.2827 1.87106 9.56903 1.0865
0 0 293 -6.68187 16.0429 12.1142 -10.3836
0 0 294 -6.20927 -4.28706 -0.768903 2.68904
0 0 295 -4.76393 8.43852 -6.61515 -3.62758
0 0 296 3.87598 13.4035 10.3234 -11.9542
0 0 297 -11.9631 19.4687 4.8248 1.9349
0 0 298 -20.603 3.28502 16.4189 -7.96385
0 0 299 6.54642 -0.79931 -8.37476 -3.18742
0 0 300 -3.85543 1.71482 -3.56657 -1.33326
0 0 301 13.429 7.05685 0.0477679 5.07688
0 0 302 10.2859 -2.68458 -5.1376 -5.44982
0 0 303 -0.395798 -1.52243 7.36992 5.32851
0 0 304 -7.87485 -2.55933 -2.81222 1.0865
0 0 305 2.08651 18.7778 -10.7001 -12.1747
0 0 306 -10.894 -4.28706 7.96685 7.87371
0 0 307 -2.15773 -8.27842 6.33187 9.50816
0 0 308 -5.89726 -2.74786 1.27277 2.40624
0 0 309 2.24252 -4.31935 16.0106 -12.8657
0 0 310 -1.90537 -0.266011 5.5152 -4.72687
0 0 311 3.53185 6.20848 -8.7831 -12.4887
0 0 312 7.33562 -11.0753 -6.23797 -4.3498
0 0 313 -9.13207 1.93433 -6.48888 0.803701
0 0 314 -5.08053 -12.395 20.0332 4.32275
0 0 315 5.44979 -5.76429 -2.05786 7.3712
0 0 316 -2.53398 -2.6226 3.62931 6.49088
0 0 317 -3.00658 -6.70693 1.77622 -4.44407
0 0 318 -5.6449 -3.56524 -4.94901 -12.4887
0 0 319 -3.7912 -8.87499 10.794 4.98261
0 0 320 3.46762 -10.0694 5.95469 -17.3282
0 0 321 2.80689 -10.5098 -11.8628 8.94182
0 0 322 12.4562 13.4358 7.05506 2.75139
0 0 323 -5.83302 -2.84212 18.3999 -0.0447005
0 0 324 5.82604 2.53091 4.50994 7.59091
0 0 325 17.0446 -6.20462 0.141242 7.9368
0 0 326 -0.460035 9.47542 -0.706586 -6.895
0 0 327 2.71512 -6.29888 -2.96965 10.4508
0 0 328 -7.3426 6.45899 -1.21004 7.27694
0 0 329 -3.09835 12.7759 3.66211 -8.6549
0 0 330 -0.30403 15.6348 -11.9563 -14.8453
0 0 331 -0.836282 8.21901 0.298673 -0.579126
0 0 332 -3.7912 -4.82165 -3.09428 -5.70145
0 0 333 4.66059 13.2782 7.7471 -6.895
0 0 334 -9.44866 -0.391265 -2.68595 12.6813
0 0 335 1.54967 -8.87499 -5.57709 13.5616
0 0 336 -5.58066 -3.50196 -1.39862 -3.37596
0 0 337 -4.91994 6.6798 -4.03722 -7.99503
0 0 338 -7.12236 9.38116 8.62609 -9.75492
0 0 339 1.89839 13.53 -8.7831 5.70557
0 0 340 -1.24465 6.39701 11.2975 -2.87345
0 0 341 -3.19471 -9.22105 5.7661 -6.20396
0 0 342 -5.4889 -12.4583 4.63621 1.33738
0 0 343 3.31161 -4.97919 10.4169 -8.3721
0 0 344 19.0865 -5.57576 -5.07528 -4.31862
0 0 345 -6.39739 7.24538 3.8507 9.03609
0 0 346 -20.5388 1.87106 -0.926333 -0.453685
0 0 347 8.12023 -8.53022 9.06558 -3.87846
0 0 348 -15.1015 -1.74195 14.0312 -5.79572
0 0 349 -5.23654 -8.81301 14.7544 4.826
0 0 350 0.324577 0.897435 -1.11492 0.206183
0 0 351 3.09137 8.7536 -2.59247 -9.18932
0 0 352 2.27464 -12.0812 7.11738 2.43741
0 0 353 -3.25436 -13.6837 1.02187 4.29157
0 0 354 0.388815 -5.63904 -1.42978 0.771784
0 0 355 -4.45192 6.11422 8.37518 0.488983
0 0 356 -0.932638 -4.72739 2.27803 -6.20396
0 0 357 -0.551803 0.0490623 -5.19991 12.3985
0 0 358 -20.5709 14.1266 -7.62041 9.3508
0 0 359 -24.6867 1.99761 -9.81952 -2.33902
0 0 360 -4.57581 -5.89084 -1.64953 -6.48676
0 0 361 -7.65461 0.803171 -2.84338 0.552075
0 0 362 -0.0195509 5.86242 -0.140821 2.15461
0 0 363 11.5753 9.06738 4.88712 1.77754
0 0 364 -4.67216 -8.43595 5.48404 0.552075
0 0 365 -2.94235 8.53279 0.990711 -8.87535
0 0 366 -15.3539 0.52038 -1.86928 -1.58489
0 0 367 -1.08864 0.393835 -8.65683 -0.327501
0 0 368 6.95478 12.8379 -1.11492 -8.18356
0 0 369 5.54156 5.73587 2.40431 -1.11355
0 0 370 -3.66272 -16.1346 15.6334 1.40048
0 0 371 -6.24139 -13.5895 -3.84864 -13.9346
0 0 372 8.17988 -4.31935 8.40634 2.2177
0 0 373 0.985304 -4.53886 -5.01133 3.31699
0 0 374 -3.25436 -5.7333 3.47352 -12.1747
0 0 375 -11.7704 -7.36677 7.21249 -6.48676
0 0 376 -2.43763 -3.21917 -2.05786 1.80872
0 0 377 -13.1561 2.24812 10.3857 -0.987368
0 0 378 -10.894 -12.5526 1.8697 -3.34478
0 0 379 2.71512 -4.1928 -5.70336 3.22272
0 0 380 9.34533 5.42209 -3.47146 4.13421
0 0 381 -2.53398 3.53682 4.63621 -4.47598
0 0 382 -15.1658 -8.5922 6.96159 0.363542
0 0 383 -6.71399 2.46893 -11.3282 2.68904
0 0 384 -14.6335 3.19075 -4.91785 3.50552
0 0 385 -2.53398 8.28228 6.80416 -5.04158
0 0 386 -3.00658 8.59606 -3.53542 -5.32438
0 0 387 9.81793 12.4609 -6.77094 -10.3836
0 0 388 -8.65946 5.92569 1.49252 5.61131
0 0 389 1.86627 14.7865 9.19185 0.929142
0 0 390 7.3035 2.12286 7.55851 11.9903
0 0 391 -5.67702 -2.52834 -2.56131 -5.41865
0 0 392 11.8276 -4.75838 -24.2113 0.2381
0 0 393 -7.71885 -10.7293 -8.59451 -10.3517
0 0 394 -27.949 -5.19871 -9.56861 15.4781
0 0 395 0.076805 12.7759 12.7422 -2.55873
0 0 396 8.96908 6.23947 5.16918 3.82024
0 0 397 13.429 4.1024 -15.8527 7.9368
0 0 398 -1.52913 -6.73921 -6.17402 18.9348
0 0 399 -0.427916 0.26858 6.70904 -8.43519
0 0 400 -1.02441 1.36875 -2.78106 -0.956194
0 0 401 -9.50831 -2.18227 -6.33145 0.111916
0 0 402 6.32617 4.32192 7.08622 13.2469
0 0 403 6.92725 -3.25016 1.1793 9.82214
0 0 404 9.28109 16.0752 0.456103 6.05147
0 0 405 -5.67702 -6.29888 -1.02145 -19.8734
0 0 406 -7.15448 -3.12491 -19.0276 -0.987368
0 0 407 -11.0821 16.0429 8.53261 8.56475
0 0 408 5.41768 10.1676 7.27481 7.02531
0 0 409 -4.91994 3.91387 -3.31403 6.39662
0 0 410 -8.15933 12.9322 -13.8733 17.4897
0 0 411 2.27464 -0.768319 -5.32619 7.74827
0 0 412 11.7038 9.35017 2.34199 1.46357
0 0 413 1.74239 3.25402 -11.5791 -7.64988
0 0 414 -1.78149 1.87106 -1.99555 -3.87846
0 0 415 -16.2349 7.2131 -8.40592 -6.80073
0 0 416 0.292459 -17.5485 0.456103 3.09728
0 0 417 -8.12721 7.37063 8.46866 4.63746
0 0 418 -2.18985 12.0528 4.66737 -4.97849
0 0 419 -3.38283 12.8702 9.50672 0.0807412
0 0 420 -0.712396 9.2869 11.8009 1.52592
0 0 421 2.65088 -1.02012 -0.768903 5.48587
0 0 422 11.6716 1.49401 8.34403 -0.202059
0 0 423 16.7601 -8.5922 -4.66531 -14.9396
0 0 424 36.9995 -0.705047 0.17404 -6.895
0 0 425 48.0896 0.803171 1.96481 3.75715
0 0 426 82.8787 10.7641 7.02391 14.41
0 0 427 94.4092 -11.1063 -15.7904 1.11768
0 0 428 115.057 -36.5278 -37.378 4.66864
0 0 429 134.539 -30.2754 -34.3934 5.42277
0 0 430 126.432 -7.49332 -36.4367 7.71635
0 0 431 107.67 -2.05702 -41.4614 21.6686
0 0 432 71.9124 0.0490623 -32.5075 -4.94732
0 0 433 60.8177 -10.0384 -23.5832 7.49664
0 0 434 52.8064 1.58827 -33.4193 18.8094
0 0 435 42.3082 8.31327 -21.0069 12.2731
0 0 436 38.0043 7.96721 -13.9996 8.31387
0 0 437 42.1201 14.3461 -14.1554 3.44317
0 0 438 36.5269 7.33964 -29.272 4.69981
0 0 439 30.0848 15.5406 -7.05464 10.9845
0 0 440 46.424 10.9836 -14.8786 7.81062
0 0 441 34.8613 22.9254 -24.5885 -0.861927
0 0 442 40.5784 19.4687 -24.2113 8.40814
0 0 443 37.9722 32.2588 -24.6524 -16.4798
0 0 444 39.1973 47.9711 -17.2679 -9.2205
0 0 445 43.7214 47.9066 -6.73978 0.615167
0 0 446 61.6023 22.1713 6.52046 -3.31286
0 0 447 46.3001 37.8836 -1.86928 -3.40713
0 0 448 40.739 33.8923 -1.27235 -12.7091
0 0 449 83.0989 48.0964 12.5864 2.56285
0 0 450 126.62 46.8697 24.7463 -2.81035
0 0 451 168.791 34.6464 45.2992 -12.5206
0 0 452 272.746 4.73125 66.0079 -23.2039
0 0 453 261.527 -8.0589 46.3356 -0.233234
0 0 454 197.483 -18.0199 19.8447 -13.7141
0 0 455 126.179 2.46893 4.44762 -8.0893
0 0 456 53.9352 -5.16772 -2.7171 -7.08428
0 0 457 35.0173 -3.84803 13.0259 -5.73263
0 0 458 9.50133 -7.71284 -6.26913 -2.40211
0 0 459 18.5817 18.0237 0.17404 -3.43905
0 0 460 5.7618 16.5775 -5.79684 -2.99889
0 0 461 -4.16744 7.2131 -4.1635 -4.067
0 0 462 7.77151 -16.7634 -2.56131 7.49664
0 0 463 -0.772045 7.43391 5.57751 -1.1759
0 0 464 5.32132 -5.63904 11.1089 -7.86959
0 0 465 11.7634 -6.04708 14.9741 -8.3721
0 0 466 20.5318 -0.643065 10.0725 7.05648
0 0 467 -8.78794 -4.72739 4.32135 11.0164
0 0 468 3.75209 2.46893 4.72968 15.0387
0 0 469 -5.92938 -6.58167 12.4913 -4.85305
0 0 470 -11.1142 7.43391 3.22098 0.960317
0 0 471 -4.23168 7.24538 -0.549156 -1.01929
0 0 472 -9.22842 15.4463 -5.51478 0.929142
0 0 473 -6.77364 0.426117 -3.59773 -8.21548
0 0 474 -8.12721 -2.71686 6.89763 -14.2174
0 0 475 -8.63193 -5.45051 -16.7022 -8.71799
0 0 476 -13.5966 -11.7985 -4.03722 5.86293
0 0 477 -8.78794 0.331853 -11.9251 2.90875
0 0 478 -6.30563 -4.00427 -7.05464 1.0865
0 0 479 -21.64 1.58827 15.6022 6.20808
0 0 480 -9.00818 -6.58167 6.11212 7.40238
0 0 481 -2.50186 3.91387 -15.6953 3.41125
0 0 482 4.28435 -1.11438 7.55851 10.8591
0 0 483 16.5078 14.8497 7.55851 -2.05622
0 0 484 14.5944 -9.34631 4.88712 -11.5772
0 0 485 6.39041 -5.7333 -11.0773 -10.7607
0 0 486 3.4355 -15.1597 -9.56861 3.66288
0 0 487 -14.2252 1.46302 7.52572 10.168
0 0 488 0.861417 -1.61669 -9.16027 -6.51793
0 0 489 -7.1866 5.61062 -4.50952 8.94182
0 0 490 -4.51157 10.4181 -15.2869 0.897968
0 0 491 -10.6095 -1.3339 -5.35735 5.45395
0 0 492 -7.97121 2.43664 8.97211 6.17691
0 0 493 4.94507 -1.83621 9.94621 -8.52945
0 0 494 7.08326 1.74581 -3.06312 -2.24475
0 0 495 2.2104 -0.831592 2.75032 -13.6199
0 0 496 -10.7655 -6.45642 2.1534 -14.2797
0 0 497 -22.989 -8.40367 9.75762 -11.4206
0 0 498 -21.7639 -9.22105 -3.06312 -7.86959
0 0 499 0.609057 -3.28245 10.1971 5.83102
0 0 500 2.49488 5.79914 -8.09106 10.168
0 0 501 0.0125678 13.0264 -6.99069 -3.18742
0 0 502 -17.1158 -0.360274 -9.85067 13.1846
0 0 503 -2.68999 -11.7042 1.02187 -6.36132
0 0 504 -14.0049 -4.82165 10.5431 -1.1759
0 0 505 -8.2511 -5.9851 3.34725 17.0495
0 0 506 -2.31374 0.0800531 8.81468 2.65712
0 0 507 -18.3409 2.78271 9.06558 -1.58489
0 0 508 -19.5339 -9.75564 11.0466 -8.02695
0 0 509 -7.78308 -8.27842 13.0259 8.62784
0 0 510 0.512701 8.15573 -7.36786 4.85717
0 0 511 -5.95691 -1.93047 -0.424524 5.58013
