0 0 0 -0.393191
0 0 1 0.331018
0 0 2 0.175188
0 0 3 -0.245834
0 0 4 0.164534
0 0 5 -0.586245
0 0 6 0.223965
0 0 7 -0.0973208
0 0 8 0.197394
0 0 9 0.555776
0 0 10 -0.454676
0 0 11 0.50071
0 0 12 -0.946681
0 0 13 0.224992
0 0 14 0.391475
0 0 15 -0.0517529
0 0 16 0.31831
0 0 17 0.160298
0 0 18 0.263115
0 0 19 0.716997
0 0 20 1.7467
0 0 21 2.82609
0 0 22 5.43783
0 0 23 6.1727
0 0 24 7.46541
0 0 25 7.18007
0 0 26 5.85462
0 0 27 3.40833
0 0 28 2.46668
0 0 29 0.955619
0 0 30 0.0405382
0 0 31 0.827259
0 0 32 -0.237362
0 0 33 0.754093
0 0 34 0.955619
0 0 35 1.09553
0 0 36 1.32992
0 0 37 0.81776
0 0 38 0.0637714
0 0 39 0.831494
0 0 40 0.936493
0 0 41 -0.408081
0 0 42 0.51868
0 0 43 0.291739
0 0 44 0.169797
0 0 45 0.36606
0 0 46 0.847411
0 0 47 0.355406
0 0 48 0.695818
0 0 49 0.632151
0 0 50 -0.41758
0 0 51 -0.162014
0 0 52 -0.125945
0 0 53 -0.537468
0 0 54 -0.573538
0 0 55 0.287503
0 0 56 0.115757
0 0 57 0.489029
0 0 58 -0.460067
0 0 59 0.038356
0 0 60 -0.421816
0 0 61 -0.269195
0 0 62 0.0988137
0 0 63 -0.530023
0 0 64 0.527152
0 0 65 -0.125945
0 0 66 -0.392164
0 0 67 0.789136
0 0 68 0.481584
0 0 69 -0.385746
0 0 70 -0.0942402
0 0 71 0.652303
0 0 72 -0.143017
0 0 73 0.684137
0 0 74 -0.0422542
0 0 75 -0.387929
0 0 76 0.386212
0 0 77 0.0478547
0 0 78 0.0722432
0 0 79 -0.220418
0 0 80 -0.149307
0 0 81 -0.83013
0 0 82 0.228201
0 0 83 0.424336
0 0 84 0.11473
0 0 85 -0.1271
0 0 86 -0.257514
0 0 87 0.0691625
0 0 88 0.609945
0 0 89 -0.342361
0 0 90 0.205866
0 0 91 0.108312
0 0 92 0.0192304
0 0 93 -0.139808
0 0 94 -0.263804
0 0 95 -0.180113
0 0 96 0.167743
0 0 97 -0.0305735
0 0 98 0.0256484
0 0 99 0.775273
0 0 100 0.399947
0 0 101 -0.350832
0 0 102 0.494292
0 0 103 0.346934
0 0 104 0.0807149
0 0 105 0.159271
0 0 106 -0.288193
0 0 107 0.093551
0 0 108 -0.260724
0 0 109 -0.262777
0 0 110 0.191105
0 0 111 0.197394
0 0 112 -0.493954
0 0 113 0.0171766
0 0 114 -0.401663
0 0 115 -0.0136299
0 0 116 -0.0316003
0 0 117 0.521889
0 0 118 -0.216182
0 0 119 0.0945779
0 0 120 -0.0156837
0 0 121 -0.197057
0 0 122 0.558985
0 0 123 -0.285112
0 0 124 0.170952
0 0 125 0.877191
0 0 126 0.343725
0 0 127 -0.191794
0 0 128 -0.437732
0 0 129 -0.357122
0 0 130 0.436016
0 0 131 0.035147
0 0 132 -0.169459
0 0 133 -0.451595
0 0 134 0.00446892
0 0 135 0.399947
0 0 136 -0.425025
0 0 137 -0.377275
0 0 138 0.1508
0 0 139 -0.321053
0 0 140 0.0246215
0 0 141 -0.0783235
0 0 142 0.245145
0 0 143 -0.0432811
0 0 144 -0.0602247
0 0 145 0.179424
0 0 146 0.339489
0 0 147 -0.502426
0 0 148 0.00973169
0 0 149 0.104077
0 0 150 0.0977869
0 0 151 -0.156752
0 0 152 0.39892
0 0 153 0.0977869
0 0 154 -0.140835
0 0 155 0.83573
0 0 156 0.184687
0 0 157 0.194185
0 0 158 -0.27664
0 0 159 -0.689062
0 0 160 0.129492
0 0 161 0.460405
0 0 162 -0.012603
0 0 163 0.413682
0 0 164 -0.0114478
0 0 165 0.324728
0 0 166 -0.218236
0 0 167 0.373505
0 0 168 0.247198
0 0 169 0.131674
0 0 170 0.573875
0 0 171 0.191105
0 0 172 0.48582
0 0 173 0.974744
0 0 174 0.450906
0 0 175 0.0998406
0 0 176 -0.54594
0 0 177 0.321519
0 0 178 -0.586245
0 0 179 -0.0114478
0 0 180 -0.191794
0 0 181 0.0149945
0 0 182 0.463614
0 0 183 0.107286
0 0 184 0.188923
0 0 185 -0.101557
0 0 186 0.486847
0 0 187 0.628942
0 0 188 0.108312
0 0 189 -0.391138
0 0 190 -0.434523
0 0 191 0.0192304
0 0 192 -0.34865
0 0 193 0.416891
0 0 194 0.0563265
0 0 195 0.156062
0 0 196 0.63536
0 0 197 -0.240571
0 0 198 -0.329653
0 0 199 0.385057
0 0 200 0.325755
0 0 201 0.244118
0 0 202 0.0988137
0 0 203 0.51868
0 0 204 0.041565
0 0 205 -0.199111
0 0 206 -0.251096
0 0 207 0.632151
0 0 208 -0.184349
0 0 209 -0.551203
0 0 210 0.105103
0 0 211 0.542042
0 0 212 -0.253279
0 0 213 -0.153543
0 0 214 0.246171
0 0 215 0.851647
0 0 216 0.300339
0 0 217 -0.160988
0 0 218 -0.906504
0 0 219 0.395711
0 0 220 0.107286
0 0 221 -0.172668
0 0 222 0.0776343
0 0 223 -0.210791
0 0 224 0.310865
0 0 225 0.30342
0 0 226 0.0192304
0 0 227 -0.358277
0 0 228 0.391475
0 0 229 -0.946681
0 0 230 0.758329
0 0 231 -0.414371
0 0 232 -0.0454632
0 0 233 0.0447741
0 0 234 -0.29782
0 0 235 0.0669804
0 0 236 0.437043
0 0 237 -0.446204
0 0 238 0.601473
0 0 239 0.272742
0 0 240 -0.118629
0 0 241 0.160298
0 0 242 0.81776
0 0 243 -0.216182
0 0 244 0.597237
0 0 245 -0.359304
0 0 246 -0.288193
0 0 247 0.43178
0 0 248 0.974744
0 0 249 -0.339152
0 0 250 -0.262777
0 0 251 -0.189612
0 0 252 0.28545
0 0 253 0.532543
0 0 254 -0.151489
0 0 255 0.660775
