0 0 0 -0.00106219
0 0 1 -0.00115491
0 0 2 0.00440855
0 0 3 0.00440855
0 0 4 -0.00317939
0 0 5 -0.00571386
0 0 6 0.000158684
0 0 7 0.00511944
0 0 8 0.00623213
0 0 9 0.00796299
0 0 10 -0.00297849
0 0 11 -0.00368938
0 0 12 -0.00297849
0 0 13 -0.00824833
0 0 14 0.000668668
0 0 15 -0.00511115
0 0 16 -0.00551296
0 0 17 -0.00175762
0 0 18 -0.00419936
0 0 19 0.00349676
0 0 20 0.00634031
0 0 21 0.00320313
0 0 22 -0.0003513
0 0 23 0.00491854
0 0 24 0.00249225
0 0 25 -0.00155672
0 0 26 -0.00155672
0 0 27 -0.00115491
0 0 28 0.00440855
0 0 29 0.00796299
0 0 30 0.0057376
0 0 31 0.00229134
0 0 32 -0.00217488
0 0 33 -0.00217488
0 0 34 -0.00257669
0 0 35 -0.00520388
0 0 36 0.000266862
0 0 37 0.00238407
0 0 38 -0.00146399
0 0 39 0.0072521
0 0 40 0.00623213
0 0 41 -0.00146399
0 0 42 0.000761392
0 0 43 0.00542852
0 0 44 0.00603123
0 0 45 -0.000444025
0 0 46 0.00238407
0 0 47 -0.00297849
0 0 48 -0.00500297
0 0 49 -0.0020667
0 0 50 -0.00328757
0 0 51 -0.00277759
0 0 52 0.00300223
0 0 53 0.00491854
0 0 54 -0.00106219
0 0 55 -0.00217488
0 0 56 0.000359587
0 0 57 -0.000552203
0 0 58 0.00127138
0 0 59 0.00158046
0 0 60 -0.00419936
0 0 61 -0.00480207
0 0 62 0.00238407
0 0 63 -0.00197398
0 0 64 -0.00480207
0 0 65 -0.00257669
0 0 66 -0.00571386
0 0 67 -0.00348848
0 0 68 0.00300223
0 0 69 0.00258497
0 0 70 0.000158684
0 0 71 -0.0018658
0 0 72 -0.00824833
0 0 73 -0.00835651
0 0 74 -0.00419936
0 0 75 -0.00277759
0 0 76 0.000467765
0 0 77 0.000158684
0 0 78 -0.00480207
0 0 79 -0.00246851
0 0 80 6.59593e-05
0 0 81 -0.00155672
0 0 82 -0.00308667
0 0 83 -0.00146399
0 0 84 0.00320313
0 0 85 0.00258497
0 0 86 0.0076539
0 0 87 0.00511944
0 0 88 0.00491854
0 0 89 0.00349676
0 0 90 0.00269315
0 0 91 0.00117865
0 0 92 0.00440855
0 0 93 0.00623213
0 0 94 0.00552124
0 0 95 0.00117865
0 0 96 -0.0035812
0 0 97 -0.00155672
0 0 98 -0.000954009
0 0 99 0.000977749
0 0 100 0.00258497
0 0 101 -4.22191e-05
0 0 102 0.000467765
0 0 103 0.00756118
0 0 104 0.00542852
0 0 105 0.00137955
0 0 106 -0.0018658
0 0 107 -0.00237578
0 0 108 0.00198226
0 0 109 0.000668668
0 0 110 0.000467765
0 0 111 0.000761392
0 0 112 0.00167318
0 0 113 0.00400675
0 0 114 0.00613941
0 0 115 0.00229134
0 0 116 0.00269315
0 0 117 0.00249225
0 0 118 0.00218317
0 0 119 0.00229134
0 0 120 -0.00175762
0 0 121 0.00349676
0 0 122 0.00816389
0 0 123 0.00329586
0 0 124 0.00440855
0 0 125 0.00420765
0 0 126 0.00249225
0 0 127 -0.00175762
0 0 128 -0.00480207
0 0 129 -0.000644928
0 0 130 -0.0035812
0 0 131 -0.00793925
0 0 132 -0.00135581
0 0 133 0.000266862
0 0 134 -0.00520388
0 0 135 -0.00916012
0 0 136 -0.00804742
0 0 137 -0.00500297
0 0 138 -0.00793925
0 0 139 -0.00824833
0 0 140 -0.00673383
0 0 141 -0.00571386
0 0 142 -0.00440026
0 0 143 -0.0101801
0 0 144 -0.00328757
0 0 145 0.000359587
0 0 146 0.00178136
0 0 147 0.00623213
0 0 148 0.000869571
0 0 149 0.00198226
0 0 150 -0.00297849
0 0 151 -0.0035812
0 0 152 -0.00126309
0 0 153 -0.00135581
0 0 154 -0.00875831
0 0 155 -0.00571386
0 0 156 0.000560489
0 0 157 0.00522762
0 0 158 0.00482581
0 0 159 0.00502671
0 0 160 0.00714392
0 0 161 0.00583033
0 0 162 0.00583033
0 0 163 0.00309496
0 0 164 -0.00155672
0 0 165 -0.00288577
0 0 166 -0.000954009
0 0 167 0.00471763
0 0 168 0.00320313
0 0 169 0.00107047
0 0 170 0.00380584
0 0 171 0.00643303
0 0 172 0.00380584
0 0 173 0.000761392
0 0 174 0.00431583
0 0 175 0.00137955
0 0 176 -0.000753106
0 0 177 -0.0003513
0 0 178 -0.0022676
0 0 179 -0.00571386
0 0 180 0.00188954
0 0 181 -0.00673383
0 0 182 -0.00419936
0 0 183 0.00158046
0 0 184 0.00623213
0 0 185 0.000359587
0 0 186 0.00329586
0 0 187 0.000467765
0 0 188 -0.00197398
0 0 189 -0.00237578
0 0 190 0.00269315
0 0 191 -0.000644928
0 0 192 0.00440855
0 0 193 0.00380584
0 0 194 -0.00084583
0 0 195 0.00491854
0 0 196 0.00340404
0 0 197 0.00258497
0 0 198 0.00634031
0 0 199 0.00847297
0 0 200 0.00836479
0 0 201 0.00694302
0 0 202 0.00542852
0 0 203 0.00482581
0 0 204 -0.00115491
0 0 205 -0.00146399
0 0 206 0.00309496
0 0 207 0.00694302
0 0 208 0.00431583
0 0 209 0.00198226
0 0 210 0.00369766
0 0 211 0.0122129
0 0 212 0.00400675
0 0 213 0.00391402
0 0 214 0.00532034
0 0 215 0.00714392
0 0 216 0.00269315
0 0 217 -0.00146399
0 0 218 0.00178136
0 0 219 0.00229134
0 0 220 0.00440855
0 0 221 0.00978656
0 0 222 0.0112083
0 0 223 0.012321
0 0 224 0.0141446
0 0 225 0.0142373
0 0 226 0.0125219
0 0 227 0.0212226
0 0 228 0.0445273
0 0 229 0.104087
0 0 230 0.22534
0 0 231 0.39127
0 0 232 0.494704
0 0 233 0.493591
0 0 234 0.432903
0 0 235 0.372942
0 0 236 0.311852
0 0 237 0.273464
0 0 238 0.241551
0 0 239 0.22585
0 0 240 0.218957
0 0 241 0.210767
0 0 242 0.21582
0 0 243 0.212791
0 0 244 0.212992
0 0 245 0.209237
0 0 246 0.218262
0 0 247 0.240129
0 0 248 0.266973
0 0 249 0.300709
0 0 250 0.330087
0 0 251 0.376991
0 0 252 0.459654
0 0 253 0.608044
0 0 254 0.847211
0 0 255 0.999867
0 0 256 0.857442
0 0 257 0.525195
0 0 258 0.242973
0 0 259 0.103485
0 0 260 0.0638758
0 0 261 0.0469536
0 0 262 0.0350076
0 0 263 0.0266006
0 0 264 0.0195072
0 0 265 0.0181936
0 0 266 0.0181936
0 0 267 0.0146391
0 0 268 0.0057376
0 0 269 0.00734482
0 0 270 0.00451673
0 0 271 0.00249225
0 0 272 0.0076539
0 0 273 0.00674211
0 0 274 0.0100802
0 0 275 -0.000150398
0 0 276 0.00117865
0 0 277 0.00654121
0 0 278 0.00623213
0 0 279 0.00623213
0 0 280 0.00482581
0 0 281 0.00400675
0 0 282 0.00209044
0 0 283 -0.0016649
0 0 284 0.00147228
0 0 285 0.00289405
0 0 286 0.00542852
0 0 287 0.000266862
0 0 288 0.00258497
0 0 289 0.00734482
0 0 290 0.00349676
0 0 291 -0.000644928
0 0 292 0.000467765
0 0 293 0.00137955
0 0 294 0.00502671
0 0 295 0.000761392
0 0 296 -0.00440026
0 0 297 -0.00824833
0 0 298 -0.00460117
0 0 299 -0.00197398
0 0 300 -0.000150398
0 0 301 0.00127138
0 0 302 -0.000954009
0 0 303 0.00451673
0 0 304 0.00147228
0 0 305 -0.00409118
0 0 306 -0.00460117
0 0 307 -0.00328757
0 0 308 -0.000954009
0 0 309 0.00258497
0 0 310 0.000467765
0 0 311 -0.00288577
0 0 312 -0.00146399
0 0 313 -0.00409118
0 0 314 -0.00297849
0 0 315 -0.00246851
0 0 316 0.00127138
0 0 317 0.000560489
0 0 318 0.0057376
0 0 319 0.0103893
0 0 320 -0.000552203
0 0 321 0.00107047
0 0 322 0.0059385
0 0 323 0.00583033
0 0 324 -0.000150398
0 0 325 -0.000644928
0 0 326 0.000761392
0 0 327 -0.000954009
0 0 328 -0.0020667
0 0 329 -0.000753106
0 0 330 -0.0003513
0 0 331 0.00188954
0 0 332 0.00400675
0 0 333 0.00552124
0 0 334 0.00329586
0 0 335 0.00552124
0 0 336 -0.00115491
0 0 337 -0.000954009
0 0 338 0.000761392
0 0 339 -0.00155672
0 0 340 0.00482581
0 0 341 0.00634031
0 0 342 -0.0020667
0 0 343 -0.00379756
0 0 344 -0.00571386
0 0 345 -0.00673383
0 0 346 -0.00562114
0 0 347 -0.00175762
0 0 348 -0.00308667
0 0 349 0.000359587
0 0 350 -0.00106219
0 0 351 -0.00511115
0 0 352 0.00258497
0 0 353 -0.0003513
0 0 354 -0.00500297
0 0 355 -0.00277759
0 0 356 -0.00297849
0 0 357 -0.000644928
0 0 358 -0.00409118
0 0 359 -0.00155672
0 0 360 -0.00328757
0 0 361 -0.00308667
0 0 362 -0.00419936
0 0 363 -0.00713563
0 0 364 -0.0117873
0 0 365 -0.00399846
0 0 366 -0.00126309
0 0 367 0.00218317
0 0 368 -0.00308667
0 0 369 -0.00531205
0 0 370 -0.00106219
0 0 371 -0.00520388
0 0 372 -0.00653293
0 0 373 -0.00591476
0 0 374 -0.0018658
0 0 375 0.00147228
0 0 376 0.00440855
0 0 377 0.000668668
0 0 378 -0.00084583
0 0 379 -0.00115491
0 0 380 0.00178136
0 0 381 -0.00642475
0 0 382 -0.00784652
0 0 383 -0.0111846
0 0 384 -0.0129
0 0 385 -0.00460117
0 0 386 -0.00246851
0 0 387 -0.00540478
0 0 388 -0.00429209
0 0 389 -0.00175762
0 0 390 -0.00197398
0 0 391 0.000560489
0 0 392 -0.00197398
0 0 393 -0.00722836
0 0 394 -0.00793925
0 0 395 -0.00744472
0 0 396 0.000467765
0 0 397 0.00391402
0 0 398 -0.00146399
0 0 399 0.00289405
0 0 400 0.000359587
0 0 401 0.000158684
0 0 402 0.000266862
0 0 403 -0.00440026
0 0 404 -0.0018658
0 0 405 -0.00642475
0 0 406 -0.00368938
0 0 407 0.00178136
0 0 408 -0.00317939
0 0 409 -0.00500297
0 0 410 -0.0109837
0 0 411 -0.0117873
0 0 412 -0.00895921
0 0 413 -0.0096701
0 0 414 -0.00491025
0 0 415 -0.00379756
0 0 416 -0.0033803
0 0 417 -0.00297849
0 0 418 0.000977749
0 0 419 -0.00449299
0 0 420 -0.00520388
0 0 421 0.000668668
0 0 422 0.00147228
0 0 423 0.000869571
0 0 424 0.00137955
0 0 425 -0.000444025
0 0 426 -0.000243122
0 0 427 -0.00702746
0 0 428 -0.00956192
0 0 429 0.00289405
0 0 430 0.00511944
0 0 431 0.000158684
0 0 432 -0.00126309
0 0 433 -0.00642475
0 0 434 -0.00449299
0 0 435 -0.00480207
0 0 436 0.00117865
0 0 437 0.00278587
0 0 438 0.0103893
0 0 439 0.010992
0 0 440 0.00411492
0 0 441 0.00209044
0 0 442 0.00209044
0 0 443 0.00137955
0 0 444 -0.00389028
0 0 445 -0.00288577
0 0 446 -0.000644928
0 0 447 -0.000444025
0 0 448 0.00238407
0 0 449 0.00460945
0 0 450 0.00107047
0 0 451 0.000977749
0 0 452 -0.00217488
0 0 453 -0.00429209
0 0 454 -0.0033803
0 0 455 -0.00348848
0 0 456 0.00623213
0 0 457 0.00349676
0 0 458 0.00460945
0 0 459 0.00542852
0 0 460 0.00137955
0 0 461 -0.00328757
0 0 462 -0.00246851
0 0 463 0.00218317
0 0 464 0.00209044
0 0 465 6.59593e-05
0 0 466 -0.00460117
0 0 467 -0.000753106
0 0 468 -0.000552203
0 0 469 -0.0020667
0 0 470 -0.00480207
0 0 471 -0.000444025
0 0 472 -0.00662565
0 0 473 -0.00814015
0 0 474 0.00229134
0 0 475 0.00552124
0 0 476 0.00269315
0 0 477 0.00400675
0 0 478 0.00349676
0 0 479 0.00258497
0 0 480 0.000467765
0 0 481 -4.22191e-05
0 0 482 0.00360494
0 0 483 0.00502671
0 0 484 -0.00084583
0 0 485 -0.00379756
0 0 486 0.00349676
0 0 487 0.00107047
0 0 488 -0.00348848
0 0 489 0.00349676
0 0 490 0.00471763
0 0 491 0.000869571
0 0 492 0.00137955
0 0 493 -0.00470935
0 0 494 -0.0035812
0 0 495 -0.00277759
0 0 496 -0.00328757
0 0 497 -0.000552203
0 0 498 0.000977749
0 0 499 -0.000954009
0 0 500 -0.00084583
0 0 501 0.00360494
0 0 502 0.00158046
0 0 503 0.00431583
0 0 504 -0.00146399
0 0 505 -0.00246851
0 0 506 0.00471763
0 0 507 0.00816389
0 0 508 0.00562942
0 0 509 0.00420765
0 0 510 0.000761392
0 0 511 0.00542852
