0 0 0 -3.23868 12.0524 -9.47868 -2.0483
0 0 1 -4.14028 -7.10025 1.7889 -5.36788
0 0 2 -0.269534 0.178214 2.7226 -3.38125
0 0 3 -0.261085 5.56446 0.951481 7.03341
0 0 4 11.9643 1.31911 24.7483 -5.0013
0 0 5 -9.76596 -5.91895 -5.95951 3.55354
0 0 6 -26.5404 4.77461 -3.03906 18.285
0 0 7 -19.4133 4.04032 -0.326214 4.81489
0 0 8 8.57996 1.93343 -7.17301 4.0883
0 0 9 1.82094 -2.00065 -0.286098 1.17602
0 0 10 12.7935 -10.348 -3.09522 -9.30237
0 0 11 4.67059 -5.29642 -21.6168 -3.82798
0 0 12 11.6131 6.52225 6.20166 -7.45896
0 0 13 0.201184 -2.06442 -1.81051 -3.80368
0 0 14 -3.74922 -2.3277 -16.7968 -2.9181
0 0 15 -5.824 -16.5961 -5.24945 -0.029483
0 0 16 0.568103 2.06918 5.69119 -15.7182
0 0 17 -5.25673 20.4156 31.1558 -19.1021
0 0 18 -4.03648 0.273552 -6.05578 3.2428
0 0 19 1.58196 7.46363 4.36636 -5.20824
0 0 20 3.44069 -3.14975 -17.1238 -17.3546
0 0 21 9.61795 4.28782 -7.06069 8.30199
0 0 22 -8.04241 3.29846 11.0296 -9.93304
0 0 23 -8.34536 -6.41395 8.78714 10.265
0 0 24 7.60714 -0.500512 7.33494 5.12562
0 0 25 15.3474 2.90701 -18.6873 6.09923
0 0 26 10.7827 -12.3829 -0.0303581 0.856746
0 0 27 5.43581 -3.90803 6.60082 -5.51175
0 0 28 -8.08224 0.313328 9.95251 5.70046
0 0 29 9.14723 -5.91895 2.31543 -9.53362
0 0 30 -4.88981 7.76732 5.32413 -2.95818
0 0 31 1.52644 10.9753 3.56905 1.03215
0 0 32 -2.99125 -1.87312 3.32936 -7.16333
0 0 33 -1.88204 3.10652 15.2518 -8.36096
0 0 34 -7.96275 -0.492304 8.93156 1.67859
0 0 35 6.6814 4.39137 -0.254005 2.20547
0 0 36 9.40191 -7.29914 1.80495 -7.69021
0 0 37 2.77082 3.60152 -6.36668 2.3408
0 0 38 4.44609 3.44178 16.4092 -0.874981
0 0 39 7.0966 -20.4266 34.1094 -5.89476
0 0 40 1.44557 -6.7088 0.879273 9.81035
0 0 41 -7.07684 17.1198 -19.1988 -7.53057
0 0 42 -4.02079 8.26989 -1.89776 1.16748
0 0 43 -8.32122 -0.157045 5.15664 -16.3331
0 0 44 -0.652143 7.91064 -1.65807 -7.75393
0 0 45 3.78467 -1.1704 -0.429512 -4.1788
0 0 46 -6.03884 -1.01887 -17.6513 15.3807
0 0 47 -5.79986 -1.69759 -0.81262 -3.29322
0 0 48 4.83715 7.3203 10.136 7.10502
0 0 49 2.58736 -7.03585 3.553 -4.075
0 0 50 -2.49639 6.13143 -1.66609 -1.72114
0 0 51 13.887 -5.99851 25.5536 0.369944
0 0 52 9.45018 -8.00185 13.241 2.54052
0 0 53 10.0006 7.3443 22.569 -1.58515
0 0 54 1.56627 4.16028 3.0335 -7.31509
0 0 55 -15.2166 8.56537 -14.8502 -8.84776
0 0 56 9.17137 2.81167 2.84997 17.8225
0 0 57 6.18654 17.1198 7.14339 2.90775
0 0 58 7.69405 4.44756 -0.907896 -11.1458
0 0 59 -3.93268 8.79645 31.8819 -12.4465
0 0 60 -13.6126 -7.4191 14.1667 7.44795
0 0 61 -0.979231 -0.556072 -14.6426 -6.6128
0 0 62 1.35022 -10.6429 -3.43019 10.8956
0 0 63 17.3824 1.43907 -4.86634 5.6525
0 0 64 1.0871 -15.6149 -18.7836 -8.61585
0 0 65 -1.00337 8.90821 -12.1364 -4.75363
0 0 66 -5.19276 6.44207 -1.65004 13.7527
0 0 67 8.14907 18.548 9.083 -3.82798
0 0 68 -5.27363 -3.89162 2.26027 14.024
0 0 69 -0.620761 -9.2627 -0.772504 1.34355
0 0 70 -4.69911 -4.42639 -5.5764 0.896163
0 0 71 -6.07143 0.106238 1.00664 17.703
0 0 72 12.091 -5.10511 -2.08931 1.28771
0 0 73 -0.956299 -19.4051 22.1789 7.40853
0 0 74 -9.35921 -11.1619 16.0261 -5.80672
0 0 75 -9.43887 3.57753 13.8949 0.561117
0 0 76 -12.8377 -5.66325 10.9745 -5.99067
0 0 77 -3.53318 0.106238 11.8681 -1.33813
0 0 78 -3.90854 11.4621 -3.65384 -1.36178
0 0 79 -8.35381 -12.566 -19.5177 -8.85564
0 0 80 1.6061 -10.396 9.42599 -2.92599
0 0 81 13.129 0.281759 10.9424 -11.9834
0 0 82 3.80036 -18.8943 0.639579 13.0025
0 0 83 4.46299 11.3182 1.66956 -6.80463
0 0 84 16.5206 -3.74009 9.89735 14.9733
0 0 85 11.6131 -3.67632 16.5205 -2.39123
0 0 86 10.8623 11.9489 4.36636 -6.68507
0 0 87 -5.93504 3.54533 3.01746 7.23247
0 0 88 19.8398 -0.899539 0.496165 11.0474
0 0 89 3.41776 -12.2074 -3.82132 -0.715341
0 0 90 16.9829 -2.08841 -3.65384 8.03855
0 0 91 10.703 8.62093 1.19017 10.7123
0 0 92 7.25592 8.26168 -10.963 2.8276
0 0 93 4.40626 -6.25421 -5.38484 5.63673
0 0 94 5.01337 -3.60434 9.67371 -3.85952
0 0 95 -2.24051 -7.60283 0.368796 4.0088
0 0 96 0.0491061 -1.4261 -5.53728 3.37025
0 0 97 -3.93268 6.95285 -12.3761 -0.572126
0 0 98 -13.0779 -2.63897 -9.86179 -4.2031
0 0 99 -19.2938 3.50555 2.80284 -4.67348
0 0 100 -15.831 -1.41032 -0.828667 -7.06807
0 0 101 -5.48847 4.12808 9.01079 2.756
0 0 102 -8.24156 5.57266 6.68105 7.83949
0 0 103 -7.9543 12.8821 -4.55544 6.07558
0 0 104 -5.99901 -2.18438 -9.11964 7.24889
0 0 105 8.06941 -1.26637 -1.4274 0.832439
0 0 106 7.98975 2.67593 -2.52056 3.6258
0 0 107 7.07246 5.40472 -0.556881 6.96115
0 0 108 4.82991 12.8347 -5.74388 -6.30995
0 0 109 -0.452993 13.4888 -3.31787 -16.4204
0 0 110 11.0699 2.98719 -11.7773 -23.1956
0 0 111 6.6814 18.5562 -9.12767 -5.47956
0 0 112 -5.54399 -1.76136 -4.8503 3.84128
0 0 113 1.46971 7.67956 -12.6709 -2.17575
0 0 114 8.87567 6.31453 -17.4357 -3.18942
0 0 115 0.855361 -0.915324 11.4368 -7.32297
0 0 116 1.66162 3.13872 0.512211 -15.2872
0 0 117 6.21068 0.241983 8.26864 0.106506
0 0 118 24.4045 7.63915 10.1681 5.46133
0 0 119 11.677 -11.84 7.54254 -6.13389
0 0 120 -2.48794 -20.7297 8.06104 -8.57644
0 0 121 -4.82584 -11.6247 19.9284 2.6522
0 0 122 -12.2559 -5.21687 5.11653 5.45344
0 0 123 -4.58686 -7.81812 -8.77665 3.05885
0 0 124 15.2123 7.39228 -15.8631 -1.71325
0 0 125 8.02958 5.7324 -21.5757 -3.0219
0 0 126 2.13233 -15.942 -7.58822 9.43523
0 0 127 -4.14028 3.15451 10.4871 6.75421
0 0 128 -18.193 13.6403 1.34161 11.3588
0 0 129 -12.4792 -8.51263 -19.5257 1.77451
0 0 130 -14.1473 -0.516296 -19.0544 4.53568
0 0 131 -15.831 4.04853 0.12108 -8.95944
0 0 132 -5.26518 -1.47409 7.04811 -11.5445
0 0 133 -13.7164 5.42113 1.43789 4.04034
0 0 134 -5.68037 5.60423 -0.0143117 2.53263
0 0 135 -13.2288 -5.05713 -7.29236 9.96999
0 0 136 -1.68169 -6.94052 4.03139 3.6258
0 0 137 10.1768 10.9829 8.1172 -3.68411
0 0 138 18.914 -4.84183 -6.11897 -1.72902
0 0 139 11.6131 -6.13425 6.4574 -9.40617
0 0 140 8.65962 0.959854 3.94414 8.2225
0 0 141 13.8786 -2.27214 -1.8416 6.5223
0 0 142 -6.97304 -13.3641 -1.36321 8.17454
0 0 143 -14.2824 -12.734 -0.693275 2.11744
0 0 144 4.98078 -8.15338 -9.75849 -7.62648
0 0 145 -10.8993 -12.0717 -5.40891 -3.8201
0 0 146 -18.1049 -7.6748 -5.5764 -4.6656
0 0 147 -7.5548 15.6677 -14.0118 -5.1524
0 0 148 -10.6833 -1.57763 -12.8073 7.76723
0 0 149 -2.44811 4.41536 0.12108 1.88619
0 0 150 0.479994 -4.91318 6.9047 -0.45256
0 0 151 7.19195 -13.4121 11.8761 -6.13389
0 0 152 1.32608 -9.16674 6.3852 6.12353
0 0 153 5.88359 -0.68361 -3.89253 14.9733
0 0 154 8.72359 6.82531 -10.8356 10.5685
0 0 155 -1.28339 16.3136 15.1395 -8.45621
0 0 156 4.45454 11.5739 -7.30038 -12.3749
0 0 157 0.831222 2.48399 -14.1472 -8.13693
0 0 158 9.57812 -11.3456 -2.39219 1.32712
0 0 159 12.7862 -2.80692 -13.2536 -2.38334
0 0 160 11.35 4.26383 -3.22259 -13.6915
0 0 161 7.49489 7.87086 4.1748 0.266146
0 0 162 9.88107 -10.5791 -8.05055 9.29136
0 0 163 6.15395 -0.74801 -31.6147 -3.65258
0 0 164 4.72611 -6.94052 -28.1276 0.576884
0 0 165 -2.85486 5.82774 -16.2142 -8.70388
0 0 166 -16.3101 6.31453 -15.2644 -1.13054
0 0 167 -2.73537 13.3051 -1.76237 -3.10139
0 0 168 6.54501 -6.62104 7.71805 -0.922938
0 0 169 -0.883881 -4.07535 -8.57708 6.16361
0 0 170 4.39902 5.82016 -6.97344 -7.3072
0 0 171 -5.0093 -0.500512 -2.24877 4.77481
0 0 172 -4.65807 2.35645 -11.6018 -0.0373664
0 0 173 -0.357642 -15.3037 -2.20063 -1.49777
0 0 174 -3.83613 -4.07535 2.89009 -1.80917
0 0 175 2.02853 3.66529 7.71003 -5.2805
0 0 176 3.20171 -6.94809 9.49018 -2.8465
0 0 177 5.21252 -2.47923 27.5574 0.154464
0 0 178 2.45218 16.2896 -6.08788 0.106506
0 0 179 -0.134353 20.4478 -9.61508 19.8578
0 0 180 -12.9186 2.30089 -0.157726 0.70499
0 0 181 6.02722 9.96134 -0.421489 -18.815
0 0 182 3.64104 9.4032 1.86111 1.28771
0 0 183 1.52644 8.23011 2.83393 3.10681
0 0 184 7.37541 -0.308574 11.0537 -12.7336
0 0 185 5.91497 18.149 7.78224 -5.20036
0 0 186 10.878 6.40229 -3.03906 3.23491
0 0 187 -0.189874 13.2413 -1.99404 -0.356645
0 0 188 0.00927616 18.0297 -3.85341 -4.73786
0 0 189 -8.31398 1.68593 6.95183 -10.611
0 0 190 -9.11178 0.13023 -1.45147 -15.2156
0 0 191 -8.60848 0.297544 3.08966 -5.13663
0 0 192 -1.69858 -12.71 2.22015 6.28317
0 0 193 -9.6863 8.02239 13.0806 2.7238
0 0 194 -2.93452 5.69199 0.631556 -0.595776
0 0 195 3.2174 -1.2348 -12.5596 -3.31687
0 0 196 -2.6714 0.648587 5.22885 -2.38334
0 0 197 -7.12391 -1.00308 11.1179 -1.72114
0 0 198 -4.88981 2.69992 -2.61584 -12.71
0 0 199 -1.08303 10.4248 0.35275 -12.2869
0 0 200 -4.82584 -5.08112 -7.47589 -7.49049
0 0 201 -3.38231 -6.36597 -21.354 -4.36274
0 0 202 -16.2691 -0.196821 -12.4874 0.553234
0 0 203 -18.9425 -8.59219 -6.58231 -3.44498
0 0 204 -1.68169 -9.92502 11.7006 -3.23738
0 0 205 7.0797 1.32731 10.9263 -0.707458
0 0 206 13.0011 3.80103 9.32269 10.0974
0 0 207 21.8675 -0.739802 -1.33112 12.8908
0 0 208 37.1417 18.6598 -6.91727 6.36267
0 0 209 48.1782 14.8134 -9.15174 -7.52268
0 0 210 42.4004 3.16271 -17.8348 -8.47264
0 0 211 29.6476 8.35765 0.552327 4.29589
0 0 212 20.7015 -2.69516 -2.05722 -0.986663
0 0 213 34.5081 2.01362 5.94693 0.026358
0 0 214 25.9289 -0.572488 1.23831 -7.28355
0 0 215 13.6553 5.65222 4.77353 5.22942
0 0 216 -7.25185 6.25076 0.61551 -1.92085
0 0 217 4.00796 14.3027 -1.98601 -12.279
0 0 218 1.94043 5.25319 -4.50731 -2.62313
0 0 219 -20.6432 -1.95267 -6.90925 3.01089
0 0 220 5.27649 0.361312 12.9933 -11.4572
0 0 221 0.448613 3.21827 -1.57884 -0.715341
0 0 222 21.3087 -4.75407 2.92218 -2.39123
0 0 223 4.41471 -14.3301 -5.52124 -1.68895
0 0 224 5.61927 -14.6174 -2.29691 1.98145
0 0 225 4.91802 -2.04043 -1.71423 -0.963013
0 0 226 -6.0147 11.733 5.93088 -3.39702
0 0 227 -6.36593 17.0081 -7.50798 3.22637
0 0 228 -7.41962 5.42113 8.78012 6.61822
0 0 229 0.241014 7.73512 12.9692 -2.36758
0 0 230 -1.96895 7.97441 -8.43366 0.170231
0 0 231 1.40574 14.1833 -8.75258 6.6261
0 0 232 2.46787 1.64616 8.79517 1.21544
0 0 233 13.6154 -3.85184 -1.56279 -16.1813
0 0 234 14.2539 -0.380551 17.3429 -4.21887
0 0 235 7.3911 4.61487 -0.772504 -7.17187
0 0 236 2.22768 6.1952 -2.26482 6.06769
0 0 237 -1.3546 2.34824 1.13501 13.7527
0 0 238 8.84429 0.680787 -1.62698 0.736524
0 0 239 8.19735 5.07009 -9.05646 4.27224
0 0 240 -1.72152 -1.89711 -8.33036 8.43798
0 0 241 -3.31834 0.704779 -4.06001 1.43092
0 0 242 -8.86436 5.07767 6.13046 -2.11991
0 0 243 -2.58329 -5.3122 5.33215 -1.15419
0 0 244 -8.09793 2.59574 1.54119 -6.03863
0 0 245 -20.403 3.80861 14.9169 1.63852
0 0 246 -12.8305 7.02482 6.62489 0.162347
0 0 247 -5.87952 1.01605 4.96509 6.39486
0 0 248 10.6789 4.3276 8.64373 2.7238
0 0 249 13.8629 -1.62562 -4.1242 3.05885
0 0 250 -2.94297 8.82865 -1.64202 0.896163
0 0 251 8.90705 4.14387 13.2801 8.42944
0 0 252 21.4438 0.776756 6.5607 12.787
0 0 253 24.3406 4.37558 4.6221 -8.74396
0 0 254 13.2328 -6.72459 -4.24455 8.00702
0 0 255 1.42988 -2.17618 -12.3119 7.44007
0 0 256 10.0887 -10.2761 -6.35064 -4.15514
0 0 257 19.4089 3.46577 12.2351 -13.5397
0 0 258 3.51311 6.8493 1.77286 -0.779723
0 0 259 3.90416 10.0175 -7.97834 -14.5054
0 0 260 -0.652143 -0.779578 -2.18559 -3.14935
0 0 261 -12.8546 4.44756 -1.4274 4.9581
0 0 262 -9.71768 5.7002 -12.8384 4.51926
0 0 263 5.3646 -3.4768 -15.3767 -7.92999
0 0 264 0.887949 -1.95267 -12.3921 -0.620083
0 0 265 10.8466 0.297544 -8.18594 10.2571
0 0 266 7.33558 -6.0225 -6.29447 -3.57243
0 0 267 7.35971 -12.4069 -14.9776 3.29076
0 0 268 1.5023 7.08859 -9.95005 4.63094
0 0 269 4.17573 10.7436 -2.2247 -0.436137
0 0 270 -6.57353 5.60423 -5.0258 -1.40186
0 0 271 -14.6976 -6.85275 -10.4044 3.84128
0 0 272 -5.97487 1.48642 -8.20199 2.09313
0 0 273 -7.28443 10.1609 -4.02892 1.09588
0 0 274 12.4193 1.28691 12.2351 5.12562
0 0 275 13.3366 -0.364766 0.552327 -3.79579
0 0 276 13.8158 15.316 -3.79725 1.97357
0 0 277 18.6835 -1.49808 3.50487 -0.978779
0 0 278 17.1832 -1.4179 16.0652 -1.30594
0 0 279 10.0404 8.37344 18.3157 -5.3843
0 0 280 -2.62312 0.505265 14.4455 -7.16333
0 0 281 7.03987 -0.739802 10.0247 5.40549
0 0 282 6.94452 1.58239 8.38899 -3.59674
0 0 283 13.1689 -7.21958 -2.83146 -1.25798
0 0 284 11.9245 10.6476 -6.86914 1.55049
0 0 285 -1.99308 0.712356 0.935435 -1.18638
0 0 286 6.73692 2.37224 5.36424 9.39516
0 0 287 13.1845 8.58873 -0.126637 7.99913
0 0 288 10.0247 -11.8242 4.27108 -12.5182
0 0 289 -6.63026 -0.0137231 -3.57361 -10.6031
0 0 290 -30.9205 -8.41667 -5.6807 -8.99886
0 0 291 -14.8895 -5.51993 9.80107 -10.8981
0 0 292 -18.951 0.161799 2.03662 0.362061
0 0 293 -7.73101 -4.29064 0.871249 -9.23864
0 0 294 -17.3312 -11.1537 -2.16152 -11.7843
0 0 295 -4.611 -8.40088 -6.59835 -16.4927
0 0 296 -0.0377956 -1.10663 -8.65731 -12.4866
0 0 297 6.24206 -4.57792 -3.67791 -2.47926
0 0 298 -9.13592 1.87787 -2.44835 13.0261
0 0 299 -22.0396 1.83809 -4.62665 12.7627
0 0 300 -10.5481 2.18914 -13.5334 -3.42067
0 0 301 -4.29115 5.58024 -13.3729 -4.85743
0 0 302 -8.2657 -5.72765 -6.35064 -1.50566
0 0 303 -6.72561 6.84109 1.31052 -1.3539
0 0 304 -3.12643 -1.92868 -6.45494 3.52989
0 0 305 -5.88797 -10.4674 7.84642 5.1657
0 0 306 -14.9933 -2.3839 -4.58754 -3.38914
0 0 307 -9.22283 6.49005 -16.166 -1.64953
0 0 308 -11.2264 -2.3599 -5.80004 2.52409
0 0 309 -18.5841 -4.94538 15.4434 10.1934
0 0 310 -18.5442 9.68227 -2.63188 3.76902
0 0 311 -0.022105 10.0017 10.12 -2.51933
0 0 312 -8.20173 1.1278 4.40647 11.55
0 0 313 -3.82888 0.385305 -6.93332 3.33017
0 0 314 -5.07327 -4.01158 -5.36178 4.91014
0 0 315 -8.21742 -1.3939 -1.95392 3.07527
0 0 316 -13.796 10.1293 2.81888 -5.50387
0 0 317 -10.612 7.27232 1.72472 -2.0483
0 0 318 -25.08 -11.2099 7.44727 -7.09961
0 0 319 -22.5019 -1.94446 12.3946 -0.029483
0 0 320 -9.81424 -4.64989 10.0959 -9.04681
0 0 321 -7.67549 -13.532 8.1493 4.20852
0 0 322 -0.381782 -0.348982 10.463 9.44312
0 0 323 10.1442 10.4721 12.1709 0.968428
0 0 324 -3.18195 -4.13154 1.59735 0.672799
0 0 325 -9.15162 -10.7231 -11.8495 3.139
0 0 326 -2.75951 -7.72216 -2.57572 2.66008
0 0 327 -4.88981 0.959854 -7.08476 5.58878
0 0 328 0.209633 16.8004 2.69051 -1.17061
0 0 329 -5.70451 11.2064 4.36636 0.218188
0 0 330 -6.19092 -1.94446 -3.63779 -3.30899
0 0 331 6.58484 -7.35533 -3.15038 -3.94755
0 0 332 -6.67009 -1.76136 -2.69607 2.756
0 0 333 -2.52777 9.16328 12.9853 -2.69474
0 0 334 -2.75951 8.62914 -6.16711 -3.72418
0 0 335 -2.56036 3.01876 -4.26761 3.28221
0 0 336 -5.05758 -11.9839 5.38029 3.76902
0 0 337 3.17033 -6.41395 -6.86111 5.66038
0 0 338 9.64209 -0.29279 3.66433 -0.133281
0 0 339 -4.88257 15.316 0.344727 12.8107
0 0 340 -12.3839 -3.10177 -6.76584 -2.39123
0 0 341 -3.78905 -0.899539 3.11373 0.385711
0 0 342 1.15831 2.59574 6.99997 9.81035
0 0 343 15.6347 13.074 6.4574 10.7603
0 0 344 17.2231 13.521 2.53907 1.11164
0 0 345 0.457061 -11.2976 -2.53661 6.64187
0 0 346 10.639 -3.94781 -18.3614 10.3208
0 0 347 14.6136 -13.3881 -11.65 17.4875
0 0 348 10.5835 6.95285 -1.40333 0.457319
0 0 349 1.02313 -4.1871 -4.63467 4.97452
0 0 350 1.87766 -12.1115 -0.13466 12.7069
0 0 351 10.4314 -3.34106 10.136 1.60633
0 0 352 15.0517 2.5244 8.38899 4.00092
0 0 353 17.1506 -5.38418 5.06839 6.68194
0 0 354 17.7179 2.46 22.1227 11.3187
0 0 355 8.2927 -9.98878 15.0041 -8.87929
0 0 356 8.3096 3.426 -0.501721 -0.643734
0 0 357 -6.59767 -5.04135 -13.4131 7.56817
0 0 358 12.1478 -0.643833 6.21771 5.80426
0 0 359 17.701 7.63915 7.14339 -2.6389
0 0 360 7.51903 -0.71581 -9.38341 -1.44981
0 0 361 -0.452993 1.74213 3.62421 0.202421
0 0 362 8.2058 -7.50686 14.4375 -0.0774405
0 0 363 1.07141 -5.51172 6.58477 -7.98584
0 0 364 8.33253 2.09317 13.8548 9.02858
0 0 365 11.6529 3.88879 0.296587 -4.4107
0 0 366 5.83531 7.85508 -2.74421 -11.0577
0 0 367 5.73996 2.10138 16.2096 -11.3291
0 0 368 11.006 15.715 5.89879 -18.1449
0 0 369 7.85457 7.95042 -9.52682 -2.83007
0 0 370 4.92526 7.89485 -6.50207 0.984195
0 0 371 -1.92912 2.36466 -13.03 2.30073
0 0 372 -2.13671 12.507 -7.62733 -1.99246
0 0 373 3.65674 14.4542 -6.03974 -4.17091
0 0 374 1.54937 -9.21472 -5.82411 -7.47473
0 0 375 1.63748 -8.00943 4.43857 -11.6648
0 0 376 -15.3361 -3.12576 1.02269 1.854
0 0 377 -9.49439 -9.0392 -6.93332 2.77965
0 0 378 -4.00389 -4.19531 0.048871 2.57993
0 0 379 9.05068 -4.84941 -3.44624 3.20272
0 0 380 -2.61588 -3.01401 0.592443 4.71897
0 0 381 4.68628 9.01175 0.782994 5.14993
0 0 382 -2.29603 5.40472 11.5963 -0.922938
0 0 383 5.18838 -9.70151 -4.98669 -0.499861
0 0 384 0.457061 -5.18467 -7.38864 3.77756
0 0 385 -9.76596 14.5899 5.06137 3.04308
0 0 386 -7.80222 7.9984 -2.32098 0.70499
0 0 387 -5.63209 3.51376 10.0809 -1.44981
0 0 388 -14.0833 -4.41881 20.7096 5.79637
0 0 389 1.19935 0.545042 14.8768 3.63368
0 0 390 -0.516962 -13.6356 2.18806 2.756
0 0 391 -5.0093 -12.2952 6.9759 -0.364529
0 0 392 4.20711 -10.6429 6.77633 2.74811
0 0 393 12.371 -9.88524 -3.37403 4.39181
0 0 394 10.9504 6.96926 1.98046 -8.01737
0 0 395 -4.57841 14.0792 6.13046 6.16361
0 0 396 -10.9705 2.40444 -6.07985 8.55754
0 0 397 -1.76135 20.6467 -1.17968 -3.32541
0 0 398 -1.84221 13.4888 -1.20375 -5.19247
0 0 399 -4.67497 1.08739 -10.4124 -5.07291
0 0 400 -14.729 3.82502 4.36636 -4.24318
0 0 401 -14.3464 0.983846 1.31854 1.67071
0 0 402 -5.69606 15.1885 1.15106 -11.3534
0 0 403 1.37436 0.321536 2.84195 -9.02316
0 0 404 -10.7955 5.89151 6.16255 1.0558
0 0 405 -24.8169 7.11258 0.951481 11.502
0 0 406 -15.5992 -13.0768 -4.07606 7.67985
0 0 407 -1.80963 -18.8469 -11.2027 8.33418
0 0 408 -6.99718 -0.660249 -10.8597 7.28831
0 0 409 -14.6578 -3.45281 -3.05511 4.55933
0 0 410 -9.08765 -0.165253 17.3028 -4.16303
0 0 411 -6.07867 -7.89768 -1.88171 -6.42951
0 0 412 -1.87359 -4.49836 -5.44101 7.35269
0 0 413 -9.40629 -8.1376 -4.56347 -4.67348
0 0 414 -0.676282 -12.0635 -6.10392 2.90775
0 0 415 -11.8323 -13.556 -0.0383813 -4.27471
0 0 416 -0.492823 -10.4194 2.18806 2.51621
