0 0 0 -15.502 -25.2517 -13.4053 3.58271
0 0 1 -4.49043 3.37536 28.1197 18.3692
0 0 2 -4.60308 -8.57922 23.2948 7.88074
0 0 3 -18.7547 -1.23679 -20.3262 11.6578
0 0 4 -0.406867 45.2164 -17.8118 6.2029
0 0 5 -8.58808 -7.00498 -8.373 35.3544
0 0 6 -1.35031 34.9394 -12.0445 13.9639
0 0 7 -18.1211 18.476 -8.16195 -4.17825
0 0 8 -24.7393 12.9193 10.3992 -43.7109
0 0 9 -31.8644 -31.9644 -35.9545 -44.8639
0 0 10 -5.85631 11.7657 -15.6104 -18.5433
0 0 11 -17.9239 14.3878 15.85 -30.3916
0 0 12 3.69078 24.6648 56.6436 18.1585
0 0 13 -51.902 -1.44829 44.7923 23.7168
0 0 14 -18.2337 2.43322 23.5058 -9.94343
0 0 15 -7.10954 35.9897 -19.2782 27.9114
0 0 16 -0.406867 12.8136 -63.6379 18.055
0 0 17 4.83136 -3.22922 -19.7003 -6.48433
0 0 18 -21.0641 29.3827 4.52626 -15.609
0 0 19 -35.3284 15.0151 -3.86462 -22.3204
0 0 20 6.30989 39.8688 -5.43655 -22.4238
0 0 21 4.52157 5.26444 15.0131 -18.3326
0 0 22 -3.33577 -31.6496 43.8499 -16.3407
0 0 23 -19.7123 24.4533 16.585 3.47928
0 0 24 -7.01098 -4.9092 -9.94492 -8.26559
0 0 25 -19.8249 -21.2668 -13.3035 -11.9392
0 0 26 42.3861 11.136 41.3319 -12.8816
0 0 27 11.8579 -19.5893 8.72171 2.95448
0 0 28 19.4195 5.05294 19.9399 25.3946
0 0 29 27.0657 11.9748 28.3308 -0.715316
0 0 30 -15.8258 30.0124 -9.94492 -1.13669
0 0 31 -34.6102 -0.609499 18.579 0.0163446
0 0 32 -38.5952 -21.8965 19.4159 -1.34738
0 0 33 -16.9805 1.48868 22.6653 -13.6171
0 0 34 0.226789 -20.428 30.3211 2.84722
0 0 35 -24.7393 -29.1332 6.72769 -26.197
0 0 36 -55.4787 -10.151 7.77564 -0.508459
0 0 37 10.6047 -3.33497 15.537 -7.95148
0 0 38 52.6513 12.9193 -6.90659 -15.2949
0 0 39 5.36645 -19.9041 10.9231 -2.60384
0 0 40 32.6278 0.0201953 30.6377 -16.8655
0 0 41 21.8274 -21.5817 -4.28307 17.6337
0 0 42 -4.70165 -15.1862 27.0718 -5.43472
0 0 43 -28.7243 -33.642 35.3571 -28.9245
0 0 44 -31.0195 -22.1056 5.05024 -16.0266
0 0 45 -30.8224 -33.0123 -7.114 -18.4399
0 0 46 0.959014 -3.02012 -20.0133 -35.111
0 0 47 -36.7928 -32.1735 -20.4317 7.35593
0 0 48 -14.6712 -18.5414 -5.0181 10.5048
0 0 49 -31.2448 -4.17376 9.87518 1.80144
0 0 50 -14.2487 -27.8738 11.76 13.0215
0 0 51 -19.5996 -13.4029 3.79124 -6.3809
0 0 52 -44.2559 19.4205 -10.7855 -8.47628
0 0 53 -27.2598 5.68264 -0.298678 23.7168
0 0 54 -23.1622 -13.612 -38.9928 9.87269
0 0 55 -1.13909 -18.2265 5.15576 4.21094
0 0 56 3.36691 0.964737 35.5645 5.04986
0 0 57 -14.6712 -13.7177 -15.9233 11.0296
0 0 58 -51.1698 9.66749 -38.4688 -6.69501
0 0 59 -6.70119 18.5818 -30.6056 19.5222
0 0 60 34.9371 -36.9972 22.8763 47.9382
0 0 61 -6.58854 -13.1938 1.27325 14.0673
0 0 62 56.9602 17.6372 -7.95454 14.8028
0 0 63 31.4731 16.1687 1.37877 25.1839
0 0 64 -0.195649 65.9819 12.6006 31.7919
0 0 65 -20.5571 2.43322 -10.9965 -7.95148
0 0 66 -31.3575 18.5818 12.284 -25.2547
0 0 67 29.2764 17.4281 20.0454 -40.88
0 0 68 8.08413 29.1736 59.1616 13.3356
0 0 69 5.98602 52.3473 7.88116 12.6001
0 0 70 -32.5121 25.8184 -36.5803 22.4565
0 0 71 -23.0495 -10.675 -16.8658 -10.3648
0 0 72 17.8424 25.6069 2.00827 -14.6628
0 0 73 15.0121 -16.4432 -20.3262 -27.668
0 0 74 -5.22266 -35.2138 -3.86462 -4.80649
0 0 75 24.6578 15.2266 3.05622 -1.03326
0 0 76 2.74733 -23.2593 21.3044 0.43772
0 0 77 -30.7097 -33.4305 24.3464 -13.4064
0 0 78 7.3519 26.6572 56.9566 -16.0266
0 0 79 -3.75821 13.6524 20.3583 51.2939
0 0 80 -11.7282 5.89173 -13.6164 46.3676
0 0 81 -45.2979 -13.9268 8.61618 20.1504
0 0 82 -8.7993 -11.2013 -4.70153 -3.96757
0 0 83 2.74733 -18.5414 25.6017 52.8683
0 0 84 -19.9094 9.35265 14.278 23.4027
0 0 85 14.8009 50.9846 -9.42095 -12.8816
0 0 86 -3.87086 -2.39043 2.63777 -5.33129
0 0 87 6.8309 -23.2593 -5.855 0.855264
0 0 88 23.0807 -35.7378 12.7061 2.95448
0 0 89 7.77434 -54.7199 6.09819 6.41359
0 0 90 20.363 3.16626 35.1461 -8.37285
0 0 91 19.2083 18.476 10.3992 2.64036
0 0 92 14.8009 16.9042 -38.6799 -22.0063
0 0 93 4.73279 5.89173 44.4794 -9.94343
0 0 94 -14.6712 -0.294652 22.2468 27.1759
0 0 95 -10.8974 21.5187 -17.3897 8.30211
0 0 96 23.0807 -6.90163 -21.0612 13.7532
0 0 97 5.67623 -10.675 -13.8274 -22.4238
0 0 98 -20.2192 39.1357 25.4998 -11.6213
0 0 99 -33.6668 9.56415 -8.79145 -39.6197
0 0 100 -16.3468 4.42565 7.04062 -38.2598
0 0 101 -18.1211 -19.695 7.67012 -10.5755
0 0 102 7.14069 6.31233 -25.9917 -8.26559
0 0 103 32.839 0.75564 13.3356 -11.5178
0 0 104 50.4546 6.73293 35.1461 6.93839
0 0 105 -16.2342 -18.3299 9.34757 2.32242
0 0 106 25.1788 -22.2114 0.436343 -1.87218
0 0 107 53.3976 -7.52892 -24.2087 18.1585
0 0 108 26.7559 -1.13344 -3.02408 -6.17021
0 0 109 -4.70165 25.083 12.9135 -14.3487
0 0 110 -15.9244 3.79596 34.0981 8.93035
0 0 111 -32.5121 -48.0072 23.9243 -1.87218
0 0 112 4.63422 -7.84377 11.76 -25.4654
0 0 113 -21.4865 -15.4986 -9.42095 -10.0507
0 0 114 -16.8679 -30.705 9.66413 -2.81453
0 0 115 -2.71619 -12.4583 -2.5001 -3.65345
0 0 116 -2.50497 9.98234 -32.072 -2.91796
0 0 117 10.8159 -23.7832 -44.8657 34.3086
0 0 118 -0.618086 -4.27951 -11.5205 52.1328
0 0 119 -19.487 28.9621 -6.17157 -25.4654
0 0 120 -8.16564 12.7102 -14.2459 -51.2612
0 0 121 21.8274 17.6372 -18.5469 -17.8117
0 0 122 -5.75774 35.6748 -19.5948 9.35172
0 0 123 -5.33531 -2.60193 0.64375 3.26859
0 0 124 -8.47543 2.32747 -21.0612 -10.8896
0 0 125 -27.0345 -2.70527 -1.34663 3.37202
0 0 126 -4.60308 -8.78831 -20.4317 31.3705
0 0 127 -4.08207 10.7178 -16.0289 -26.3043
0 0 128 6.09867 1.48868 -44.7602 -10.0507
0 0 129 -12.7843 0.858986 -33.4365 -9.21177
0 0 130 18.2649 -36.8914 -7.7435 -16.4479
0 0 131 18.3634 -42.5539 8.29961 14.1746
0 0 132 42.0622 -35.9493 -6.37898 24.1343
0 0 133 -33.9766 -11.5138 -13.3035 -12.5675
0 0 134 -0.406867 6.62718 -24.4161 3.89683
0 0 135 14.3784 26.0275 -64.2674 36.6147
0 0 136 17.7298 49.2012 -23.1607 1.06595
0 0 137 -6.06753 -15.2895 -2.71115 48.8844
0 0 138 -21.0641 -5.95709 -38.6799 44.165
0 0 139 6.61968 5.68264 -11.2039 -2.81453
0 0 140 9.56266 -1.02769 -55.3525 15.5383
0 0 141 -7.95442 -13.2971 -16.8658 0.644577
0 0 142 8.408 2.64232 39.447 -19.5929
0 0 143 -22.6412 -9.41801 -4.91257 -3.44276
0 0 144 -1.23766 -0.503749 0.119775 6.83496
0 0 145 25.2914 11.136 -10.2615 -9.62932
0 0 146 -35.0045 -22.3147 19.6269 18.576
0 0 147 9.97102 -55.7678 2.63777 -1.55424
0 0 148 51.4966 29.8033 32.2096 35.8792
0 0 149 -5.33531 -7.11073 6.30924 -22.1097
0 0 150 -2.39232 19.5263 -30.3945 -2.39316
0 0 151 -4.08207 34.7303 -48.5372 20.7787
0 0 152 -12.6716 4.1108 -15.9233 20.2538
0 0 153 2.74733 -43.0802 -6.80107 -6.06678
0 0 154 11.6608 3.79596 -18.9653 -3.12865
0 0 155 -19.8249 -8.89406 -12.3574 -2.50041
0 0 156 6.19724 -14.5565 2.84881 12.3895
0 0 157 -16.5581 16.5893 0.749273 8.09143
0 0 158 -15.7132 9.56415 11.5526 -16.0266
0 0 159 -40.6933 -31.9644 -5.54207 -20.746
0 0 160 3.15569 2.22172 -14.6643 -38.8881
0 0 161 20.1518 -21.6874 -4.91257 -0.194343
0 0 162 4.52157 -11.2013 -48.4317 36.7181
0 0 163 -9.10908 -12.1435 -42.6643 13.8604
0 0 164 24.2353 26.5515 -42.4532 -15.8159
0 0 165 -18.8674 8.41051 -33.4365 -26.3043
0 0 166 22.1372 5.47354 -52.8345 -23.3661
0 0 167 23.7143 -1.44829 -40.9868 9.97995
0 0 168 7.14069 14.4911 35.1461 -15.0842
0 0 169 -8.7993 6.20658 16.585 -27.9821
0 0 170 5.46502 32.7379 -36.2674 -11.4144
0 0 171 -11.9394 12.0805 -13.4053 6.62427
0 0 172 -6.27875 -20.6371 10.1881 35.6723
0 0 173 -18.6562 2.64232 -7.95454 13.8604
0 0 174 17.5326 40.7076 -22.9497 -10.8896
0 0 175 16.6878 -10.675 -13.1979 -20.8494
0 0 176 11.3369 -10.4659 -12.9869 -5.95952
0 0 177 14.8995 -9.52135 22.6653 2.74379
0 0 178 -13.4039 28.3348 11.3416 -0.611888
0 0 179 -23.0495 39.9745 35.0406 -5.22786
0 0 180 16.378 -20.3223 -9.42095 1.4835
0 0 181 -10.1511 -33.7453 -28.6115 20.6752
0 0 182 18.1522 22.9848 -19.1727 35.5651
0 0 183 -0.294217 1.06808 -8.373 -4.90991
0 0 184 -12.7843 -15.8135 -14.1404 -16.6548
0 0 185 9.97102 -4.80345 -23.8921 -1.76492
0 0 186 41.0202 -1.02769 -10.0504 1.4835
0 0 187 42.5832 -21.5817 -23.3682 20.9893
0 0 188 15.4345 -30.9141 -8.06007 10.5048
0 0 189 5.36645 5.47354 -19.3838 7.77731
0 0 190 11.5481 -11.9344 -23.8921 -12.1461
0 0 191 18.9971 17.3224 -3.86462 0.0163446
0 0 192 7.04212 20.1536 7.46271 7.88074
0 0 193 -16.4454 -11.5138 -5.64759 39.028
0 0 194 14.5897 17.6372 -17.8118 5.78535
0 0 195 0.860445 16.0654 13.4375 -43.8143
0 0 196 9.87245 31.7957 31.7912 -38.8881
0 0 197 30.6282 15.4357 -4.49412 -13.6171
0 0 198 39.0206 43.3297 32.3152 5.26055
0 0 199 21.926 -10.5716 10.8176 -7.95148
0 0 200 12.7028 -10.2568 -20.9557 6.2029
0 0 201 -7.7432 -3.22922 -8.06007 12.9143
0 0 202 13.7589 -5.95709 17.5274 -2.91796
0 0 203 1.59267 25.6069 18.0514 -54.3027
0 0 204 29.896 12.3954 3.16174 -10.993
0 0 205 19.3069 2.43322 -4.59964 -9.73658
0 0 206 56.0167 -12.4583 -26.4101 -10.6789
0 0 207 99.1054 -30.8108 -33.1199 22.0389
0 0 208 173.567 -51.3648 -83.0359 61.6789
0 0 209 208.179 -57.1306 -87.5479 51.2939
0 0 210 236.271 -47.7981 -86.9184 5.26055
0 0 211 237.426 -91.5258 -68.4592 -0.715316
0 0 212 285.358 -45.2817 -49.8981 4.63232
0 0 213 310.31 0.0201953 -23.3682 11.133
0 0 214 332.643 0.125945 1.17136 9.14103
0 0 215 366.832 5.36779 16.6905 -12.2533
0 0 216 399.656 19.2114 31.2672 -23.6803
0 0 217 427.128 1.80353 57.4805 -31.3378
0 0 218 537.553 18.2669 64.0885 -33.8546
0 0 219 653.428 -9.31226 125.332 -104.427
0 0 220 753.687 -52.3069 123.127 -150.357
0 0 221 786.721 -16.025 133.406 -169.966
0 0 222 851.833 16.1687 143.787 -182.761
0 0 223 859.183 37.5615 121.031 -189.051
0 0 224 806.534 24.3499 150.29 -124.351
0 0 225 774.231 14.3878 114.423 -189.365
0 0 226 733.762 37.1433 82.6496 -174.789
0 0 227 641.473 10.2972 75.3103 -122.462
0 0 228 620.816 -9.73285 85.8989 -129.595
0 0 229 552.128 -39.1987 61.152 -130.851
0 0 230 526.443 -53.0424 58.5321 -64.3698
0 0 231 479.454 -75.1682 44.6904 -51.6826
0 0 232 435.211 -76.2161 16.3739 -23.2627
0 0 233 418.637 -87.1227 -9.73751 -34.0653
0 0 234 405.528 -55.2439 -23.3682 -32.3874
0 0 235 359.496 -45.9114 -30.0816 -7.32325
0 0 236 317.435 -62.793 -54.5156 28.7503
0 0 237 296.158 -40.0375 -61.2254 -6.48433
0 0 238 246.24 -43.4984 -54.3045 -49.0585
0 0 239 233.229 -44.8611 -82.5119 4.63232
0 0 240 226.625 -41.7151 -88.1701 5.04986
0 0 241 216.67 -41.9266 -28.0876 -31.4412
0 0 242 186.775 -18.2265 20.2564 22.8779
0 0 243 130.042 -31.1256 -28.7171 11.0296
0 0 244 97.4297 -35.5287 -5.96052 -38.8881
0 0 245 66.9156 -63.5284 -17.9174 0.962523
0 0 246 88.5163 -10.675 -20.6428 1.16938
0 0 247 115.89 -11.7253 -11.6224 -28.821
0 0 248 102.147 -33.1181 -28.0876 6.93839
0 0 249 28.4315 -7.94952 -59.6535 22.9813
0 0 250 95.5428 -29.6571 -45.8118 -16.6548
0 0 251 52.9752 -43.7075 -28.8226 -8.26559
0 0 252 77.2935 -4.59436 -1.0337 17.6337
0 0 253 87.3616 -1.65739 -7.63797 3.16134
0 0 254 50.2434 7.88416 1.06584 1.59076
0 0 255 42.1748 7.88416 -49.4796 31.4778
0 0 256 61.2549 -20.8486 -29.4521 19.3115
0 0 257 12.4916 -3.85891 5.05024 25.2874
0 0 258 69.5347 -2.60193 0.64375 -4.49237
0 0 259 44.794 -1.34254 3.5802 -24.9406
0 0 260 31.7829 2.22172 -13.1979 6.7277
0 0 261 25.6998 -11.6195 -21.6907 8.19485
0 0 262 14.5897 6.20658 11.5526 -4.38894
0 0 263 27.3895 -26.9293 -21.6907 -13.0923
0 0 264 14.8009 -36.1584 4.52626 35.3544
0 0 265 10.7173 -11.5138 -7.53245 -10.0507
0 0 266 18.1522 -3.75557 -34.1715 -12.6709
0 0 267 8.929 10.1914 -39.4149 -1.76492
0 0 268 8.61922 4.1108 -20.8538 -20.9566
0 0 269 -24.9364 4.1108 -8.58404 -30.6023
0 0 270 -2.92741 17.6372 -17.9174 -13.8239
0 0 271 -10.1511 8.30476 5.88714 -23.052
0 0 272 -40.4821 -22.8411 27.7013 9.24446
0 0 273 -48.0297 7.67507 -2.08165 21.7248
0 0 274 -5.33531 22.146 8.72171 -3.12865
0 0 275 23.8129 0.544139 -4.3886 21.4107
0 0 276 -18.7547 31.166 2.11379 37.3502
0 0 277 1.80389 -10.5716 6.51664 8.61623
0 0 278 30.0086 -7.11073 24.1353 -15.609
0 0 279 -29.7663 -0.397999 33.8871 -6.9057
0 0 280 2.21225 19.6296 26.6533 2.11556
0 0 281 28.2203 6.41808 9.87518 -10.8896
0 0 282 11.5481 13.6524 -30.1835 -15.2949
0 0 283 -11.3058 21.3072 -4.17755 -10.0507
0 0 284 11.5481 21.0981 2.53225 -0.611888
0 0 285 11.0271 -24.622 -4.70153 -8.16217
0 0 286 28.5442 20.3651 7.67012 -19.0681
0 0 287 18.7859 41.5464 18.2624 -60.0718
0 0 288 21.3064 -1.86648 -5.2255 -46.5418
0 0 289 -4.70165 -11.7253 -9.73751 2.32242
0 0 290 -32.7233 22.3575 -43.6067 22.5637
0 0 291 -10.3623 47.1055 0.330821 3.47928
0 0 292 7.04212 -26.1962 19.103 -5.01717
0 0 293 12.0691 -30.1811 -26.4101 -13.8239
0 0 294 43.6393 29.4884 -33.1199 -18.6506
0 0 295 14.2799 6.10323 13.7541 -0.508459
0 0 296 12.6042 26.5515 -11.415 5.57467
0 0 297 24.6578 18.7908 -36.3729 -24.1016
0 0 298 24.6578 17.1133 -9.84304 -0.4012
0 0 299 -7.64463 -5.64225 -24.1032 24.7664
0 0 300 11.5481 14.4911 -20.2243 3.05791
0 0 301 -33.6668 2.64232 6.62217 -17.0762
0 0 302 -27.1472 -37.9417 -8.58404 1.4835
0 0 303 -16.8679 -14.7656 -20.4317 35.9865
0 0 304 9.23879 16.2745 -5.33103 -1.76492
0 0 305 36.6128 -7.74042 -14.6643 -0.508459
0 0 306 34.8244 5.36779 3.16174 -21.1673
0 0 307 -3.02598 11.136 -9.52647 -25.2547
0 0 308 -23.0495 35.2542 -8.68592 -8.47628
0 0 309 -29.3438 43.3297 12.1821 -15.609
0 0 310 29.5862 27.0754 22.2468 -9.73658
0 0 311 -9.84131 -34.166 -1.76508 2.0083
0 0 312 6.09867 -48.9517 10.7121 12.1826
0 0 313 1.48002 -9.8362 16.3739 12.7074
0 0 314 27.7979 16.2745 -19.2782 15.9558
0 0 315 1.80389 -8.36772 32.5226 -12.985
0 0 316 15.6458 30.1157 -0.822653 -13.5098
0 0 317 11.7593 17.1133 4.83919 -11.5178
0 0 318 32.4165 27.0754 4.42074 20.7787
0 0 319 6.52111 7.88416 -4.59964 49.4092
0 0 320 -10.475 20.3651 13.9615 7.67388
0 0 321 -12.8829 0.75564 7.46271 -21.899
0 0 322 -11.0945 12.2896 -14.6643 -1.97561
0 0 323 -0.294217 22.6724 4.31522 -0.0870839
0 0 324 15.5331 -5.748 37.5586 18.3692
0 0 325 -8.06707 -10.4659 10.7121 5.57467
0 0 326 -16.4454 8.61961 -13.1979 21.3035
0 0 327 -46.875 -16.6523 -0.611608 2.42968
0 0 328 -27.7949 0.858986 39.6545 -44.8639
0 0 329 -14.7697 29.2769 42.0669 -14.6628
0 0 330 -30.3999 27.496 -1.8706 10.3975
0 0 331 -29.9775 -0.397999 18.0514 17.5302
0 0 332 -0.406867 -3.22922 -16.8658 -5.64541
0 0 333 -24.4295 -9.20891 3.05622 10.1906
0 0 334 37.1338 -20.428 -23.7866 3.89683
0 0 335 18.5747 -40.1432 -3.65358 4.10751
0 0 336 9.14022 -21.7908 13.4375 -9.94343
0 0 337 -13.3053 -6.90163 33.0502 -19.3822
0 0 338 26.5447 7.04537 56.1197 -3.86414
0 0 339 -5.22266 -9.31226 18.368 14.8028
0 0 340 -23.8099 -10.151 9.45309 -11.1003
0 0 341 -2.92741 -9.73285 16.061 -20.9566
0 0 342 9.35144 -5.01255 14.1725 -44.4464
0 0 343 13.3364 -23.4684 -15.7123 -16.8655
0 0 344 12.393 3.69021 -11.8334 -2.1863
0 0 345 -22.5426 -12.3526 -43.8178 3.16134
0 0 346 -30.6252 -15.7101 -49.6906 11.6578
0 0 347 -11.8408 -37.6269 21.7228 6.62427
0 0 348 -27.457 -15.1862 52.9722 -26.515
0 0 349 2.21225 9.56415 41.754 -21.2708
0 0 350 15.3219 0.0201953 -7.95454 -11.3072
0 0 351 8.08413 -0.503749 -4.59964 -7.95148
0 0 352 8.81635 -29.2365 15.537 23.192
0 0 353 23.1933 -13.088 -23.5792 25.2874
0 0 354 -2.92741 -25.3574 -44.9712 10.2941
0 0 355 -19.7123 -18.7505 -37.6319 57.2736
0 0 356 22.3484 -55.7678 -0.611608 37.1395
0 0 357 0.0155702 -4.9092 -27.3526 1.38007
0 0 358 8.08413 4.7405 -7.114 5.99604
0 0 359 -22.5426 -19.9041 1.79722 25.8122
0 0 360 24.1368 -7.84377 -18.2303 41.8589
0 0 361 12.4916 11.6599 -24.3142 24.6591
0 0 362 21.7148 39.1357 -35.849 -7.84805
0 0 363 7.98556 13.3375 -18.8598 9.14103
0 0 364 -26.6262 -9.52135 31.6857 -20.0105
0 0 365 18.9971 -35.2138 10.6066 -27.2466
0 0 366 -10.8974 13.2342 13.019 5.6781
0 0 367 -50.4376 31.5842 19.6269 -4.5958
0 0 368 7.98556 21.8336 -21.4797 23.192
0 0 369 2.21225 11.3451 -9.73751 -4.5958
0 0 370 7.25333 7.98991 -16.7639 -27.5607
0 0 371 -4.60308 -6.48104 -38.0504 2.5331
0 0 372 -63.6317 1.59443 -10.0504 9.14103
0 0 373 -41.3129 12.7102 -6.80107 18.2619
0 0 374 4.00057 29.3827 14.6965 17.7409
0 0 375 29.0652 -27.4532 -5.2255 24.0309
0 0 376 -11.3058 -25.1483 0.854796 6.62427
0 0 377 -5.54653 -17.5968 17.7385 -27.5607
0 0 378 19.7293 -11.3047 35.6701 -29.5527
0 0 379 13.7589 4.3199 19.4159 3.26859
0 0 380 10.6047 1.38293 9.45309 -10.0507
0 0 381 -3.02598 -9.20891 3.05622 7.46319
0 0 382 25.2914 3.58686 -21.2723 1.4835
0 0 383 -1.6601 -7.00498 1.69534 22.8779
0 0 384 -5.02552 -8.99741 7.14614 15.8524
0 0 385 -8.16564 5.36779 -35.0084 8.19485
0 0 386 3.78935 22.8815 -33.542 -8.26559
0 0 387 29.4876 -12.9823 17.0034 -15.9231
0 0 388 36.6128 5.68264 0.119775 3.89683
0 0 389 -0.927874 8.09566 -3.7591 0.644577
0 0 390 10.1822 16.0654 -8.373 0.855264
0 0 391 -1.56153 32.2139 -2.18717 22.7706
0 0 392 -18.1211 42.8058 3.47831 23.9275
0 0 393 27.6993 23.5112 1.48429 31.8953
0 0 394 44.8925 37.8764 17.9495 20.2538
0 0 395 -2.92741 -18.0174 56.6436 -11.7285
0 0 396 10.7173 -3.64982 4.52626 18.1585
0 0 397 -23.2748 -17.3877 -7.63797 31.3705
0 0 398 -13.0941 -9.10316 41.3319 2.95448
0 0 399 26.0236 6.94202 -17.6008 -22.3204
0 0 400 20.2503 4.21415 -13.6164 -33.4332
0 0 401 27.9105 -12.3526 11.2361 -13.2991
0 0 402 15.1107 21.8336 3.37279 3.89683
0 0 403 15.8429 55.39 -28.2986 -3.33933
0 0 404 49.2014 -1.44829 -25.1511 -11.9392
0 0 405 33.2614 -37.9417 -6.90659 -18.6506
0 0 406 23.9255 -32.9066 7.46271 17.6337
0 0 407 -2.08254 3.06051 -2.2927 11.2364
0 0 408 16.6878 42.2818 -14.4569 -23.7875
0 0 409 6.19724 -17.5968 -22.1092 -50.8436
0 0 410 -33.4415 -23.1559 -21.1667 8.93035
0 0 411 9.56266 9.35265 7.56459 16.7947
0 0 412 47.9341 0.125945 50.2468 -33.8546
0 0 413 15.6458 39.03 31.1617 15.2242
0 0 414 26.8544 -19.7983 23.5058 21.2
0 0 415 -3.54699 5.15869 14.067 -5.43472
0 0 416 15.0121 0.229292 -2.18717 6.93839
0 0 417 15.2233 -16.3374 32.1041 -1.03326
0 0 418 11.0271 42.3852 17.6329 -25.9902
0 0 419 5.36645 6.62718 -6.17157 14.0673
0 0 420 14.8995 14.7026 -12.8814 5.6781
0 0 421 26.7559 3.79596 25.8128 16.2699
0 0 422 37.0352 0.858986 2.74329 27.5973
0 0 423 26.8544 -3.44072 17.9495 22.2496
0 0 424 17.1102 -6.16619 7.98669 23.0886
0 0 425 -7.85585 -24.622 -25.9917 22.9813
0 0 426 -4.49043 -19.1711 -18.9653 12.7074
0 0 427 8.81635 1.17383 -9.31542 28.7503
0 0 428 -9.63009 29.6975 11.0287 27.7007
0 0 429 4.00057 -7.00498 12.808 3.58271
0 0 430 -12.2492 -1.76314 3.89676 -9.10451
0 0 431 7.3519 36.8285 7.56459 19.5222
0 0 432 -7.53198 -20.6371 43.5333 3.68614
0 0 433 -26.3023 7.67507 66.2899 -1.03326
0 0 434 4.52157 32.2139 -11.5205 4.42163
0 0 435 -1.6601 28.02 25.0777 -7.21982
0 0 436 29.6848 -5.5365 78.9781 -21.2708
0 0 437 22.2499 -15.3953 26.1257 -25.4654
0 0 438 16.6878 -12.6674 -5.96052 1.16938
0 0 439 4.83136 -38.1508 -13.0924 21.4107
0 0 440 -6.91241 -31.0199 -11.9389 1.80144
0 0 441 -31.6673 -12.9823 -3.54805 29.3785
0 0 442 18.0537 11.6599 11.2361 3.26859
0 0 443 3.57813 -36.4732 -17.7063 10.7116
0 0 444 -6.27875 -21.1635 -21.4797 -11.9392
0 0 445 -4.49043 -21.2668 -36.3729 -32.3874
0 0 446 5.15523 9.2493 -32.9125 -1.45081
0 0 447 12.0691 18.9999 -58.0779 12.6001
0 0 448 -5.75774 -2.49618 -20.3262 -8.16217
0 0 449 -8.47543 11.9748 -11.9389 -10.4682
0 0 450 -29.9775 15.6448 -6.80107 6.93839
0 0 451 -26.1052 29.4884 -9.42095 8.93035
0 0 452 -0.195649 1.59443 0.0178908 -41.0907
0 0 453 1.38145 9.4584 6.93873 -38.9915
0 0 454 3.05712 6.41808 -18.8598 -10.7824
0 0 455 -22.2187 -1.65739 0.854796 30.5316
0 0 456 -17.2903 -1.86648 21.3044 33.0483
0 0 457 -15.8258 -36.8914 33.1521 -0.4012
0 0 458 6.09867 9.77324 1.37877 0.541148
0 0 459 -37.9475 4.21415 18.9974 4.10751
0 0 460 6.09867 11.136 -1.76508 2.95448
0 0 461 -18.445 11.4508 -15.0828 22.2496
0 0 462 7.67577 17.6372 -50.2146 0.644577
0 0 463 4.73279 -5.748 -12.9869 -1.55424
0 0 464 -7.7432 5.15869 -5.0181 3.89683
0 0 465 -7.10954 -22.9444 -8.16195 10.8189
0 0 466 14.7023 -7.11073 -12.7758 5.47124
0 0 467 42.9071 30.7454 0.330821 7.67388
0 0 468 22.7709 2.32747 -4.17755 1.16938
0 0 469 3.57813 -50.7351 11.9711 -47.6948
0 0 470 3.78935 -36.0526 15.326 -15.8159
0 0 471 1.90246 -20.3223 -23.2626 -22.6345
0 0 472 22.6723 -14.8714 -23.5792 -22.3204
0 0 473 9.56266 14.1763 8.72171 30.114
0 0 474 11.9706 9.98234 -31.2351 9.97995
0 0 475 26.4461 8.09566 -1.76508 -16.3407
0 0 476 32.318 31.0603 5.05024 -15.3983
0 0 477 17.6312 0.125945 11.2361 6.41359
0 0 478 33.1488 -30.1811 20.4639 2.11556
0 0 479 0.114139 -7.94952 -18.9653 -7.00913
0 0 480 0.747795 44.6924 -11.6224 1.27664
0 0 481 -34.6947 11.5566 21.9339 -19.8036
0 0 482 -5.02552 11.3451 18.7864 -14.2453
0 0 483 3.26834 33.7881 -2.91856 -24.1016
0 0 484 -16.6566 27.2845 -5.855 9.14103
0 0 485 -35.7649 1.27958 0.119775 22.2496
0 0 486 22.1372 -4.80345 10.9231 44.4791
0 0 487 -1.56153 13.7581 -9.94492 -1.66149
0 0 488 31.3745 -15.2895 11.9711 -9.73658
0 0 489 -3.87086 -8.89406 28.0142 1.69418
0 0 490 -5.33531 -15.4986 -18.2303 -35.0076
0 0 491 17.3214 -7.31983 -33.2254 11.6578
0 0 492 7.46455 9.0378 16.4795 11.9719
0 0 493 -13.7277 13.1284 16.8979 8.82692
0 0 494 38.4996 11.4508 -22.0073 19.2081
0 0 495 -12.9955 -5.64225 -10.9965 -5.54198
0 0 496 26.2349 -2.28708 29.3787 -5.43472
0 0 497 -9.95396 -27.4532 6.93873 -32.9084
0 0 498 -1.87132 -31.7529 -12.674 -25.044
0 0 499 6.52111 -14.8714 -27.5636 -42.1365
0 0 500 7.25333 1.80353 -1.24111 -19.6964
0 0 501 -19.0645 -26.6144 6.30924 -44.8639
0 0 502 -38.0601 -30.5993 7.35719 -27.9821
0 0 503 -48.5366 -30.1811 -2.2927 -29.0317
0 0 504 -18.5435 60.5285 -12.7758 -30.813
0 0 505 -18.8674 -3.22922 -34.4844 -6.58775
0 0 506 21.6162 -0.188902 19.8344 8.93035
0 0 507 27.1783 3.58686 -13.5109 -16.3407
0 0 508 27.6993 40.9167 -33.2254 -15.9231
0 0 509 -12.4604 26.8663 -35.6379 -21.7956
0 0 510 22.7709 8.8287 -50.9496 -10.1541
0 0 511 -29.1467 -41.9266 -27.4581 -9.10451
