0 0 0 7.38098
0 0 1 -0.00921004
0 0 2 -0.00921004
0 0 3 -0.00921004
0 0 4 -0.00921004
0 0 5 -0.00921004
0 0 6 -0.00921004
0 0 7 -0.00921004
0 0 8 -0.00921004
0 0 9 -0.00921004
0 0 10 -0.00921004
0 0 11 -0.00921004
0 0 12 -0.00921004
0 0 13 -0.00921004
0 0 14 -0.00921004
0 0 15 -0.00921004
0 0 16 -0.00921004
0 0 17 -0.00921004
0 0 18 -0.00921004
0 0 19 -0.00921004
0 0 20 -0.00921004
0 0 21 -0.00921004
0 0 22 -0.00921004
0 0 23 -0.00921004
0 0 24 -0.00921004
0 0 25 -0.00921004
0 0 26 -0.00921004
0 0 27 -0.00921004
0 0 28 -0.00921004
0 0 29 -0.00921004
0 0 30 -0.00921004
0 0 31 -0.00921004
0 0 32 -0.00921004
0 0 33 -0.00921004
0 0 34 -0.00921004
0 0 35 -0.00921004
0 0 36 -0.00921004
0 0 37 -0.00921004
0 0 38 -0.00921004
0 0 39 -0.00921004
0 0 40 -0.00921004
0 0 41 -0.00921004
0 0 42 -0.00921004
0 0 43 -0.00921004
0 0 44 -0.00921004
0 0 45 -0.00921004
0 0 46 -0.00921004
0 0 47 -0.00921004
0 0 48 -0.00921004
0 0 49 -0.00921004
0 0 50 -0.00921004
0 0 51 -0.00921004
0 0 52 -0.00921004
0 0 53 -0.00921004
0 0 54 -0.00921004
0 0 55 -0.00921004
0 0 56 -0.00921004
0 0 57 -0.00921004
0 0 58 -0.00921004
0 0 59 -0.00921004
0 0 60 -0.00921004
0 0 61 -0.00921004
0 0 62 -0.00921004
0 0 63 -0.00921004
0 0 64 -0.00921004
0 0 65 -0.00921004
0 0 66 -0.00921004
0 0 67 -0.00921004
0 0 68 -0.00921004
0 0 69 -0.00921004
0 0 70 -0.00921004
0 0 71 -0.00921004
0 0 72 -0.00921004
0 0 73 -0.00921004
0 0 74 -0.00921004
0 0 75 -0.00921004
0 0 76 -0.00921004
0 0 77 -0.00921004
0 0 78 -0.00921004
0 0 79 -0.00921004
0 0 80 -0.00921004
0 0 81 -0.00921004
0 0 82 -0.00921004
0 0 83 -0.00921004
0 0 84 -0.00921004
0 0 85 9.28728
0 0 86 5.81815
0 0 87 3.98744
0 0 88 3.43856
0 0 89 3.15755
0 0 90 2.91104
0 0 91 1.52076
0 0 92 -0.0190702
0 0 93 -0.957429
0 0 94 -0.406903
0 0 95 0.141979
0 0 96 0.260301
0 0 97 -0.203127
0 0 98 -0.0733011
0 0 99 -0.0305737
0 0 100 -0.0634409
0 0 101 -0.891695
0 0 102 -1.54904
0 0 103 -1.83991
0 0 104 -1.33376
0 0 105 -1.12998
0 0 106 -0.548232
0 0 107 0.293168
0 0 108 1.46653
0 0 109 1.52076
0 0 110 0.842051
0 0 111 -0.267218
0 0 112 -0.38554
0 0 113 -0.0404339
0 0 114 0.518309
0 0 115 0.20607
0 0 116 -0.342812
0 0 117 -1.3124
0 0 118 -1.80705
0 0 119 -1.9911
0 0 120 -1.26967
0 0 121 -0.569596
0 0 122 -0.160399
0 0 123 -0.945926
0 0 124 -1.59177
0 0 125 -1.47344
0 0 126 -0.0848046
0 0 127 0.981737
0 0 128 1.50926
0 0 129 0.960373
0 0 130 0.163343
0 0 131 -1.02152
0 0 132 -1.76432
0 0 133 -2.08806
0 0 134 -1.16121
0 0 135 -0.0519374
0 0 136 0.896282
0 0 137 0.766456
0 0 138 0.475581
0 0 139 -0.0848046
0 0 140 -0.428267
0 0 141 -0.924562
0 0 142 -0.515365
0 0 143 0.335896
0 0 144 1.70317
0 0 145 2.5873
0 0 146 2.87818
0 0 147 1.82314
0 0 148 0.626771
0 0 149 -0.267218
0 0 150 0.271805
0 0 151 1.46653
0 0 152 2.85681
0 0 153 2.88804
0 0 154 2.06964
0 0 155 0.723729
0 0 156 -0.0848046
0 0 157 -1.17271
0 0 158 -1.91551
0 0 159 -1.81855
0 0 160 -0.0305737
0 0 161 1.73604
0 0 162 2.71713
0 0 163 2.59716
0 0 164 2.83545
0 0 165 3.03922
0 0 166 2.88804
0 0 167 1.35971
0 0 168 -0.0848046
0 0 169 -0.38554
0 0 170 1.16579
0 0 171 2.56594
0 0 172 3.4172
0 0 173 3.61111
0 0 174 4.05154
0 0 175 4.14849
0 0 176 4.43937
0 0 177 4.16
0 0 178 3.32024
0 0 179 1.33835
0 0 180 -0.482498
0 0 181 -1.646
0 0 182 -1.43072
0 0 183 -1.08561
0 0 184 -0.666554
0 0 185 -0.428267
0 0 186 0.345756
0 0 187 0.615267
0 0 188 0.442714
0 0 189 -0.331309
0 0 190 -0.461134
0 0 191 -0.288581
0 0 192 0.120615
0 0 193 -0.676415
0 0 194 -2.44303
0 0 195 -4.77003
0 0 196 -5.84807
0 0 197 -6.04199
0 0 198 -5.58842
0 0 199 -5.51283
0 0 200 -5.20059
0 0 201 -4.84562
0 0 202 -3.79058
0 0 203 -2.78813
0 0 204 -1.54904
0 0 205 -0.579456
0 0 206 0.659638
0 0 207 1.26275
0 0 208 1.05733
0 0 209 -0.60082
0 0 210 -2.02397
0 0 211 -2.53999
0 0 212 -1.68872
0 0 213 -1.05439
0 0 214 -0.719142
0 0 215 -0.697778
0 0 216 0.0992518
0 0 217 0.723729
0 0 218 0.927506
0 0 219 0.0335174
0 0 220 -0.730646
0 0 221 -1.07575
0 0 222 -0.309945
0 0 223 0.659638
0 0 224 1.90859
0 0 225 2.41475
0 0 226 2.33915
0 0 227 1.35971
0 0 228 0.626771
0 0 229 0.0877483
0 0 230 0.442714
0 0 231 0.756596
0 0 232 0.745093
0 0 233 -0.461134
0 0 234 -1.72159
0 0 235 -2.69118
0 0 236 -2.30334
0 0 237 -1.13984
0 0 238 0.766456
0 0 239 2.10251
0 0 240 2.98499
0 0 241 2.72699
0 0 242 1.96282
0 0 243 0.57254
0 0 244 -0.439771
0 0 245 -1.51617
0 0 246 -2.08806
0 0 247 -2.20638
0 0 248 -1.08561
0 0 249 0.20607
0 0 250 1.34821
0 0 251 1.60621
0 0 252 1.36957
0 0 253 -0.212987
0 0 254 -2.33621
0 0 255 -4.231
0 0 256 -4.34933
0 0 257 -3.67062
0 0 258 -2.64845
0 0 259 -2.09792
0 0 260 -1.13984
0 0 261 0.00229349
0 0 262 1.32684
0 0 263 1.20852
0 0 264 0.00229349
0 0 265 -2.02397
0 0 266 -3.76758
0 0 267 -5.36328
0 0 268 -5.65416
0 0 269 -4.80289
0 0 270 -2.69118
0 0 271 -0.763513
0 0 272 0.702365
0 0 273 1.20852
0 0 274 1.81163
0 0 275 2.24219
0 0 276 2.64153
0 0 277 2.06964
0 0 278 1.50926
0 0 279 1.25125
0 0 280 1.67195
0 0 281 1.63908
0 0 282 1.62922
0 0 283 1.12142
0 0 284 0.421351
0 0 285 -0.645191
0 0 286 -1.13984
0 0 287 -1.78568
0 0 288 -2.27047
0 0 289 -2.83086
0 0 290 -2.66981
0 0 291 -2.45453
0 0 292 -1.83991
0 0 293 -1.19407
0 0 294 0.260301
0 0 295 1.95132
0 0 296 3.72944
0 0 297 4.09591
0 0 298 3.02936
0 0 299 0.454218
0 0 300 -1.80705
0 0 301 -3.03628
0 0 302 -2.821
0 0 303 -2.70268
0 0 304 -2.61558
0 0 305 -2.33621
0 0 306 -0.666554
0 0 307 1.31534
0 0 308 3.08195
0 0 309 3.58811
0 0 310 3.35146
0 0 311 2.36052
0 0 312 1.74754
0 0 313 1.27261
0 0 314 1.4353
0 0 315 1.4353
0 0 316 1.62922
0 0 317 1.70317
0 0 318 2.32929
0 0 319 2.53307
0 0 320 2.05978
0 0 321 0.303029
0 0 322 -1.30089
0 0 323 -2.51862
0 0 324 -2.66981
0 0 325 -2.3888
0 0 326 -1.48495
0 0 327 -0.924562
0 0 328 -0.827604
0 0 329 -2.15215
0 0 330 -3.84317
0 0 331 -5.52433
0 0 332 -6.558
0 0 333 -7.66727
0 0 334 -7.71
0 0 335 -6.6221
0 0 336 -4.51202
0 0 337 -2.97055
0 0 338 -1.80705
0 0 339 -1.18257
0 0 340 -0.494002
0 0 341 -0.59096
0 0 342 -0.697778
0 0 343 -0.60082
0 0 344 0.120615
0 0 345 -0.0733011
0 0 346 -0.945926
0 0 347 -1.90401
0 0 348 -1.10698
0 0 349 0.78782
0 0 350 2.67276
0 0 351 2.63003
0 0 352 1.32684
0 0 353 -0.494002
0 0 354 -0.881835
0 0 355 0.281665
0 0 356 2.98499
0 0 357 5.42045
0 0 358 7.17556
0 0 359 7.47794
0 0 360 6.97179
0 0 361 5.49605
0 0 362 4.12713
0 0 363 2.56594
0 0 364 1.29398
0 0 365 -0.0190702
0 0 366 -0.127532
0 0 367 0.842051
0 0 368 2.54457
0 0 369 3.16905
0 0 370 2.83545
0 0 371 1.52076
0 0 372 0.766456
0 0 373 0.518309
0 0 374 0.820687
0 0 375 0.636631
0 0 376 0.648134
0 0 377 0.399987
0 0 378 -0.0634409
0 0 379 -1.53918
0 0 380 -2.69118
0 0 381 -3.11188
0 0 382 -2.4118
0 0 383 -1.88264
0 0 384 -1.30089
0 0 385 -0.839107
0 0 386 0.368763
0 0 387 0.960373
0 0 388 0.368763
0 0 389 -1.75446
0 0 390 -3.44548
0 0 391 -4.26387
0 0 392 -3.35838
0 0 393 -1.41921
0 0 394 0.939009
0 0 395 1.68181
0 0 396 1.20852
0 0 397 0.141979
0 0 398 0.0992518
0 0 399 0.659638
0 0 400 1.74754
0 0 401 2.12387
0 0 402 2.06964
0 0 403 1.19702
0 0 404 0.153483
0 0 405 -1.51617
0 0 406 -2.67967
0 0 407 -2.821
0 0 408 -1.3124
0 0 409 0.163343
0 0 410 1.13293
0 0 411 0.960373
0 0 412 0.766456
0 0 413 0.518309
0 0 414 0.809184
0 0 415 0.745093
0 0 416 0.681002
0 0 417 0.303029
0 0 418 0.271805
0 0 419 0.217574
0 0 420 0.853555
0 0 421 1.34821
0 0 422 1.67195
0 0 423 1.38107
0 0 424 1.833
0 0 425 2.78122
0 0 426 4.13863
0 0 427 4.9143
0 0 428 5.77542
0 0 429 6.19612
0 0 430 6.47549
0 0 431 6.09916
0 0 432 6.13039
0 0 433 6.42126
0 0 434 7.33826
0 0 435 7.86578
0 0 436 8.38179
0 0 437 8.45739
0 0 438 8.58721
0 0 439 8.05969
0 0 440 7.34812
0 0 441 6.30294
0 0 442 6.23885
0 0 443 7.06875
0 0 444 8.6513
0 0 445 9.61103
0 0 446 10.4837
0 0 447 11.2807
0 0 448 12.7351
0 0 449 13.823
0 0 450 14.6841
0 0 451 15.5238
0 0 452 17.841
0 0 453 20.5443
0 0 454 22.5147
0 0 455 22.7201
0 0 456 22.73
0 0 457 23.1507
0 0 458 25.0027
0 0 459 27.3412
0 0 460 29.6781
0 0 461 30.9287
0 0 462 32.1777
0 0 463 33.4808
0 0 464 35.7651
0 0 465 38.8136
0 0 466 43.0682
0 0 467 47.2473
0 0 468 50.8561
0 0 469 53.1075
0 0 470 55.326
0 0 471 57.9653
0 0 472 61.4229
0 0 473 64.1049
0 0 474 65.8288
0 0 475 66.3563
0 0 476 66.6915
0 0 477 66.519
0 0 478 66.7983
0 0 479 67.7466
0 0 480 70.0522
0 0 481 72.5074
0 0 482 74.813
0 0 483 76.5583
0 0 484 78.8524
0 0 485 81.0068
0 0 486 82.9772
0 0 487 84.2821
0 0 488 85.9189
0 0 489 87.5671
0 0 490 89.6559
0 0 491 91.4225
0 0 492 93.1579
0 0 493 94.203
0 0 494 95.2909
0 0 495 96.0551
0 0 496 96.7338
0 0 497 96.3575
0 0 498 95.1069
0 0 499 92.4249
0 0 500 89.107
0 0 501 84.8638
0 0 502 80.6519
0 0 503 76.698
0 0 504 73.9404
0 0 505 71.5592
0 0 506 69.6644
0 0 507 67.574
0 0 508 65.9372
0 0 509 64.4401
0 0 510 63.5675
0 0 511 62.2199
0 0 512 60.5076
0 0 513 58.1493
0 0 514 56.2529
0 0 515 54.5832
0 0 516 53.6778
0 0 517 52.935
0 0 518 52.3647
0 0 519 50.6507
0 0 520 48.465
0 0 521 46.2777
0 0 522 45.0287
0 0 523 43.7896
0 0 524 43.0041
0 0 525 42.0559
0 0 526 40.9894
0 0 527 39.1357
0 0 528 37.8012
0 0 529 37.1981
0 0 530 37.4134
0 0 531 36.9713
0 0 532 36.2285
0 0 533 35.3773
0 0 534 35.5383
0 0 535 35.9689
0 0 536 36.475
0 0 537 35.9475
0 0 538 35.1932
0 0 539 34.3206
0 0 540 34.3206
0 0 541 34.5901
0 0 542 35.3231
0 0 543 35.678
0 0 544 35.678
0 0 545 34.0741
0 0 546 31.3593
0 0 547 28.536
0 0 548 27.7833
0 0 549 28.4719
0 0 550 29.6781
0 0 551 30.153
0 0 552 30.6806
0 0 553 31.0257
0 0 554 31.4135
0 0 555 31.047
0 0 556 30.6592
0 0 557 30.3026
0 0 558 30.5294
0 0 559 30.6806
0 0 560 31.4562
0 0 561 32.5228
0 0 562 34.0955
0 0 563 34.9467
0 0 564 35.2261
0 0 565 34.7742
0 0 566 34.6986
0 0 567 34.6772
0 0 568 35.3231
0 0 569 36.3567
0 0 570 38.0379
0 0 571 39.0173
0 0 572 39.2868
0 0 573 38.641
0 0 574 38.4684
0 0 575 38.5539
0 0 576 38.6081
0 0 577 37.3477
0 0 578 35.8078
0 0 579 34.9467
0 0 580 36.1086
0 0 581 38.4569
0 0 582 41.4627
0 0 583 43.3476
0 0 584 43.811
0 0 585 42.8414
0 0 586 42.0871
0 0 587 41.2145
0 0 588 40.2778
0 0 589 39.1258
0 0 590 39.2655
0 0 591 40.0839
0 0 592 41.2589
0 0 593 42.0444
0 0 594 43.0567
0 0 595 43.2621
0 0 596 43.2293
0 0 597 43.5201
0 0 598 45.244
0 0 599 46.774
0 0 600 47.2374
0 0 601 46.235
0 0 602 45.5891
0 0 603 45.3623
0 0 604 45.4264
0 0 605 44.8776
0 0 606 44.9647
0 0 607 45.7715
0 0 608 47.3442
0 0 609 48.087
0 0 610 48.0657
0 0 611 47.0649
0 0 612 46.1495
0 0 613 45.4922
0 0 614 46.1051
0 0 615 47.1717
0 0 616 48.5077
0 0 617 49.5858
0 0 618 51.5775
0 0 619 53.916
0 0 620 56.1888
0 0 621 57.4805
0 0 622 58.6226
0 0 623 59.2471
0 0 624 59.8075
0 0 625 59.98
0 0 626 60.4106
0 0 627 60.1625
0 0 628 59.5166
0 0 629 58.1165
0 0 630 56.8774
0 0 631 56.0376
0 0 632 57.1683
0 0 633 60.1625
0 0 634 64.4286
0 0 635 67.413
0 0 636 68.3168
0 0 637 66.8197
0 0 638 64.708
0 0 639 62.9529
0 0 640 63.017
0 0 641 64.2462
0 0 642 66.5075
0 0 643 69.0284
0 0 644 72.1524
0 0 645 74.3825
0 0 646 75.3405
0 0 647 74.9954
0 0 648 75.2863
0 0 649 76.2773
0 0 650 78.0767
0 0 651 79.7349
0 0 652 81.7496
0 0 653 83.8071
0 0 654 86.1456
0 0 655 87.2434
0 0 656 87.2335
0 0 657 86.7372
0 0 658 87.6953
0 0 659 89.7101
0 0 660 92.3395
0 0 661 94.0946
0 0 662 95.4191
0 0 663 96.3788
0 0 664 97.6278
0 0 665 98.198
0 0 666 98.6401
0 0 667 99.0707
0 0 668 99.986
0 0 669 99.9548
0 0 670 99.2334
0 0 671 98.134
0 0 672 97.7034
0 0 673 97.2285
0 0 674 96.9918
0 0 675 96.4216
0 0 676 96.2605
0 0 677 96.0765
0 0 678 96.2063
0 0 679 95.9368
0 0 680 95.5161
0 0 681 94.1159
0 0 682 92.4791
0 0 683 90.6156
0 0 684 89.2253
0 0 685 87.8038
0 0 686 87.158
0 0 687 86.9854
0 0 688 87.2861
0 0 689 86.5976
0 0 690 85.1646
0 0 691 83.0101
0 0 692 81.2435
0 0 693 79.5097
0 0 694 78.4432
0 0 695 77.753
0 0 696 77.9683
0 0 697 78.0652
0 0 698 77.6462
0 0 699 75.6643
0 0 700 73.1861
0 0 701 70.7309
0 0 702 69.1582
0 0 703 67.5099
0 0 704 66.3136
0 0 705 65.3012
0 0 706 64.6653
0 0 707 63.2865
0 0 708 61.865
0 0 709 60.3564
0 0 710 59.1403
0 0 711 57.4378
0 0 712 56.0048
0 0 713 54.5192
0 0 714 53.5282
0 0 715 52.5044
0 0 716 51.7074
0 0 717 50.5225
0 0 718 50.1445
0 0 719 50.3286
0 0 720 50.9531
0 0 721 50.9103
0 0 722 50.4354
0 0 723 48.8956
0 0 724 47.2259
0 0 725 45.7929
0 0 726 45.7075
0 0 727 45.9868
0 0 728 45.9326
0 0 729 44.2629
0 0 730 41.9803
0 0 731 39.6862
0 0 732 38.6295
0 0 733 38.3074
0 0 734 38.641
0 0 735 38.4471
0 0 736 38.2959
0 0 737 38.2318
0 0 738 38.8349
0 0 739 39.2227
0 0 740 39.9442
0 0 741 40.5046
0 0 742 41.1718
0 0 743 41.2802
0 0 744 41.6253
0 0 745 42.3681
0 0 746 44.4355
0 0 747 46.9252
0 0 748 49.5858
0 0 749 51.2982
0 0 750 52.2349
0 0 751 51.9867
0 0 752 51.2768
0 0 753 49.6384
0 0 754 47.9589
0 0 755 46.5899
0 0 756 47.0649
0 0 757 48.82
0 0 758 51.3294
0 0 759 53.3984
0 0 760 55.7681
0 0 761 57.9439
0 0 762 59.7746
0 0 763 60.3136
0 0 764 60.5618
0 0 765 60.4007
0 0 766 59.9587
0 0 767 58.6111
0 0 768 57.5676
0 0 769 56.9201
0 0 770 57.1255
0 0 771 57.2323
0 0 772 57.6645
0 0 773 57.8798
0 0 774 57.9981
0 0 775 56.6736
0 0 776 54.2069
0 0 777 51.2554
0 0 778 49.6499
0 0 779 49.0353
0 0 780 49.359
0 0 781 49.4658
0 0 782 49.0566
0 0 783 47.1618
0 0 784 44.9318
0 0 785 42.756
0 0 786 41.3986
0 0 787 40.2564
0 0 788 39.7831
0 0 789 39.254
0 0 790 39.1258
0 0 791 38.9204
0 0 792 39.0601
0 0 793 38.6295
0 0 794 37.9081
0 0 795 36.6805
0 0 796 35.9475
0 0 797 34.9681
0 0 798 33.9328
0 0 799 32.7052
0 0 800 32.1662
0 0 801 31.3593
0 0 802 30.3256
0 0 803 28.7085
0 0 804 27.3297
0 0 805 25.6289
0 0 806 24.4226
0 0 807 23.8179
0 0 808 24.347
0 0 809 24.7349
0 0 810 25.2082
0 0 811 25.1654
0 0 812 24.7119
0 0 813 23.1178
0 0 814 21.4054
0 0 815 19.9083
0 0 816 19.5205
0 0 817 19.3266
0 0 818 19.251
0 0 819 18.6807
0 0 820 18.26
0 0 821 17.3989
0 0 822 16.7416
0 0 823 16.0086
0 0 824 15.6323
0 0 825 14.9207
0 0 826 14.7909
0 0 827 15.3842
0 0 828 16.9897
0 0 829 17.818
0 0 830 17.6142
0 0 831 16.4178
0 0 832 15.5353
0 0 833 14.4146
0 0 834 13.2412
0 0 835 11.9906
0 0 836 12.0021
0 0 837 12.648
0 0 838 13.3595
0 0 839 12.9717
0 0 840 12.2601
0 0 841 11.2149
0 0 842 10.6447
0 0 843 9.86903
0 0 844 8.94218
0 0 845 7.68172
0 0 846 7.80004
0 0 847 8.89945
0 0 848 9.94463
0 0 849 9.12623
0 0 850 7.13284
0 0 851 4.42951
0 0 852 2.84531
0 0 853 2.51171
0 0 854 3.16905
0 0 855 2.97513
0 0 856 2.24219
0 0 857 1.39093
0 0 858 1.89709
0 0 859 3.27587
0 0 860 5.12958
0 0 861 5.72119
0 0 862 5.08685
0 0 863 3.27587
0 0 864 2.01541
0 0 865 1.47803
0 0 866 1.97268
0 0 867 2.53307
0 0 868 3.51416
0 0 869 4.60206
0 0 870 6.4114
0 0 871 7.69322
0 0 872 7.70308
0 0 873 5.5815
0 0 874 3.11482
0 0 875 1.58485
0 0 876 2.15674
0 0 877 3.35146
0 0 878 4.42951
0 0 879 4.36377
0 0 880 3.92335
0 0 881 3.03922
0 0 882 2.49034
0 0 883 1.63908
0 0 884 0.77796
0 0 885 -0.60082
0 0 886 -1.32226
0 0 887 -1.16121
0 0 888 0.399987
0 0 889 1.8445
0 0 890 2.81408
0 0 891 2.67276
0 0 892 2.13538
0 0 893 0.712225
0 0 894 -0.719142
0 0 895 -1.76432
0 0 896 -1.41921
0 0 897 -0.80624
0 0 898 -0.331309
0 0 899 -0.687918
0 0 900 -0.870331
0 0 901 -1.18257
0 0 902 -1.18257
0 0 903 -1.16121
0 0 904 -0.181763
0 0 905 1.05733
0 0 906 2.35066
0 0 907 2.53307
0 0 908 1.86586
0 0 909 0.109112
0 0 910 -1.39785
0 0 911 -2.24911
0 0 912 -1.52768
0 0 913 -0.278721
0 0 914 1.0146
0 0 915 1.15429
0 0 916 0.884778
0 0 917 0.454218
0 0 918 0.593903
0 0 919 0.293168
0 0 920 0.00229349
0 0 921 -0.267218
0 0 922 0.345756
0 0 923 1.06883
0 0 924 1.98419
0 0 925 1.95132
0 0 926 1.06883
0 0 927 -0.666554
0 0 928 -1.44222
0 0 929 -1.18257
0 0 930 0.250441
0 0 931 1.60621
0 0 932 2.72699
0 0 933 2.47884
0 0 934 1.03597
0 0 935 -1.71009
0 0 936 -3.68212
0 0 937 -3.79058
0 0 938 -1.30089
0 0 939 1.56349
0 0 940 3.32024
0 0 941 2.60866
0 0 942 0.626771
0 0 943 -1.50631
0 0 944 -1.72159
0 0 945 -0.80624
0 0 946 0.335896
0 0 947 0.745093
0 0 948 1.57499
0 0 949 2.44761
0 0 950 3.38433
0 0 951 3.46979
0 0 952 3.11482
0 0 953 2.04828
0 0 954 0.884778
0 0 955 -1.11848
0 0 956 -3.36988
0 0 957 -5.5572
0 0 958 -5.94503
0 0 959 -4.36083
0 0 960 -1.01002
0 0 961 2.00555
0 0 962 4.16986
0 0 963 4.54783
0 0 964 3.62097
0 0 965 1.4353
0 0 966 -0.579456
0 0 967 -2.08806
0 0 968 -2.04533
0 0 969 -1.04288
0 0 970 0.669498
0 0 971 1.62922
0 0 972 1.88723
0 0 973 1.20852
0 0 974 0.917646
0 0 975 0.648134
0 0 976 0.659638
0 0 977 0.0121537
0 0 978 -1.07575
0 0 979 -2.62708
0 0 980 -2.75527
0 0 981 -1.51617
0 0 982 0.174846
0 0 983 0.335896
0 0 984 -0.245854
0 0 985 -1.20393
0 0 986 -1.63614
0 0 987 -1.78568
0 0 988 -0.924562
0 0 989 0.120615
0 0 990 1.17565
0 0 991 1.29398
0 0 992 1.27261
0 0 993 0.917646
0 0 994 0.702365
0 0 995 -0.0404339
0 0 996 -0.848968
0 0 997 -2.4003
0 0 998 -4.12419
0 0 999 -5.93353
0 0 1000 -6.05185
0 0 1001 -4.09132
0 0 1002 -0.418407
0 0 1003 2.01541
0 0 1004 2.24219
0 0 1005 0.475581
0 0 1006 -1.02152
0 0 1007 -1.43072
0 0 1008 -0.428267
0 0 1009 0.378623
0 0 1010 0.99324
0 0 1011 1.14443
0 0 1012 1.35971
0 0 1013 0.605407
0 0 1014 -0.860471
0 0 1015 -2.70268
0 0 1016 -3.45534
0 0 1017 -3.80044
0 0 1018 -3.5523
0 0 1019 -2.75527
0 0 1020 -0.00921004
0 0 1021 -0.00921004
0 0 1022 -0.00921004
0 0 1023 -0.00921004
