0 0 0 0.0915657
0 0 1 0.0365646
0 0 2 -0.0387425
0 0 3 -0.109743
0 0 4 -0.129908
0 0 5 -0.0981107
0 0 6 -0.105617
0 0 7 -0.0654078
0 0 8 0.0249526
0 0 9 0.00253353
0 0 10 -0.0289819
0 0 11 -0.00485228
0 0 12 0.0469892
0 0 13 0.122296
0 0 14 0.173876
0 0 15 0.175325
0 0 16 0.155402
0 0 17 0.0785047
0 0 18 0.0202031
0 0 19 -0.0597528
0 0 20 -0.0582635
0 0 21 -0.0511595
0 0 22 -0.0105275
0 0 23 -0.0357237
0 0 24 -0.0758124
0 0 25 -0.063013
0 0 26 -0.0673801
0 0 27 -0.0833391
0 0 28 -0.0503545
0 0 29 -0.0312359
0 0 30 -0.0350596
0 0 31 -0.0623891
0 0 32 -0.0466716
0 0 33 -0.0904834
0 0 34 -0.078328
0 0 35 -0.0829567
0 0 36 -0.10117
0 0 37 -0.10445
0 0 38 -0.0591893
0 0 39 -0.0590685
0 0 40 -0.0510186
0 0 41 -0.0163234
0 0 42 -0.00934011
0 0 43 0.00148704
0 0 44 -0.031095
0 0 45 -0.0388833
0 0 46 -0.0353212
0 0 47 -0.0763557
0 0 48 -0.0405939
0 0 49 -0.0268889
0 0 50 0.000822922
0 0 51 -0.0237092
0 0 52 -0.0680442
0 0 53 -0.113687
0 0 54 -0.0701372
0 0 55 -0.0189598
0 0 56 -0.0301693
0 0 57 0.0509337
0 0 58 0.021793
0 0 59 0.0467276
0 0 60 0.0191566
0 0 61 0.0299637
0 0 62 0.0741577
0 0 63 0.11807
0 0 64 0.175587
0 0 65 0.126261
0 0 66 0.139584
0 0 67 0.218453
0 0 68 0.108974
0 0 69 0.212657
0 0 70 -0.00603964
0 0 71 0.0134814
0 0 72 0.0140047
0 0 73 0.0690058
0 0 74 0.136283
0 0 75 0.00688049
0 0 76 -0.0319
0 0 77 -0.0126406
0 0 78 0.00832948
0 0 79 -0.0221395
0 0 80 0.0224571
0 0 81 0.0116299
0 0 82 -0.00946086
0 0 83 0.00847035
0 0 84 -0.0226627
0 0 85 -0.0850497
0 0 86 -0.0944278
0 0 87 -0.0808436
0 0 88 -0.0144921
0 0 89 -0.0142103
0 0 90 0.0374903
0 0 91 0.0621432
0 0 92 0.0402474
0 0 93 0.0458019
0 0 94 0.057273
0 0 95 0.045661
0 0 96 -0.0164643
0 0 97 0.0963152
0 0 98 0.136021
0 0 99 0.0915657
0 0 100 0.0365646
0 0 101 -0.0387425
0 0 102 -0.109743
0 0 103 -0.129908
0 0 104 -0.0981107
0 0 105 -0.105617
0 0 106 -0.0654078
0 0 107 0.0249526
0 0 108 0.00253353
0 0 109 -0.0289819
0 0 110 -0.00485228
0 0 111 0.0469892
0 0 112 0.122296
0 0 113 0.173876
0 0 114 0.175325
0 0 115 0.155402
0 0 116 0.0785047
0 0 117 0.0202031
0 0 118 -0.0597528
0 0 119 -0.0582635
0 0 120 -0.0511595
0 0 121 -0.0105275
0 0 122 -0.0357237
0 0 123 -0.0758124
0 0 124 -0.063013
0 0 125 -0.0673801
0 0 126 -0.0833391
0 0 127 -0.0503545
0 0 128 -0.0312359
0 0 129 -0.0350596
0 0 130 -0.0623891
0 0 131 -0.0466716
0 0 132 -0.0904834
0 0 133 -0.078328
0 0 134 -0.0829567
0 0 135 -0.10117
0 0 136 -0.10445
0 0 137 -0.0591893
0 0 138 -0.0590685
0 0 139 -0.0510186
0 0 140 -0.0163234
0 0 141 -0.00934011
0 0 142 0.00148704
0 0 143 -0.031095
0 0 144 -0.0388833
0 0 145 -0.0353212
0 0 146 -0.0763557
0 0 147 -0.0405939
0 0 148 -0.0268889
0 0 149 0.000822922
0 0 150 -0.0237092
0 0 151 -0.0680442
0 0 152 -0.113687
0 0 153 -0.0701372
0 0 154 -0.0189598
0 0 155 -0.0301693
0 0 156 0.0509337
0 0 157 0.021793
0 0 158 0.0467276
0 0 159 0.0191566
0 0 160 0.0299637
0 0 161 0.0741577
0 0 162 0.11807
0 0 163 0.175587
0 0 164 0.126261
0 0 165 0.139584
0 0 166 0.218453
0 0 167 0.108974
0 0 168 0.212657
0 0 169 0.141294
0 0 170 0.134572
0 0 171 0.107404
0 0 172 0.125456
0 0 173 0.119398
0 0 174 0.0803562
0 0 175 0.0482974
0 0 176 -0.00273917
0 0 177 -0.078328
0 0 178 -0.0359854
0 0 179 -0.0482414
0 0 180 -0.0189598
0 0 181 0.0208672
0 0 182 0.0469892
0 0 183 0.0315535
0 0 184 0.0378727
0 0 185 0.0467276
0 0 186 0.0737552
0 0 187 0.0543751
0 0 188 0.0741577
0 0 189 0.0980258
0 0 190 0.071783
0 0 191 0.0316743
0 0 192 -0.0129022
0 0 193 -0.0762149
0 0 194 -0.0950718
0 0 195 -0.0927172
0 0 196 -0.170278
0 0 197 -0.159471
0 0 198 -0.0508777
0 0 199 0.000561299
0 0 200 -0.0636972
0 0 201 -0.0679033
0 0 202 0.0109658
0 0 203 0.00635725
0 0 204 0.0810203
0 0 205 0.103439
0 0 206 0.104365
0 0 207 0.178887
0 0 208 0.143669
0 0 209 0.0773173
0 0 210 0.045661
0 0 211 0.0845824
0 0 212 0.0741577
0 0 213 0.00319765
0 0 214 0.0198207
0 0 215 -0.0162027
0 0 216 -0.0355829
0 0 217 -0.0654078
0 0 218 -0.103142
0 0 219 -0.0821718
0 0 220 -0.0944278
0 0 221 -0.170922
0 0 222 -0.166555
0 0 223 -0.194146
0 0 224 -0.156553
0 0 225 -0.123065
0 0 226 -0.0734578
0 0 227 -0.109743
0 0 228 -0.0716063
0 0 229 -0.0655487
0 0 230 -0.074786
0 0 231 -0.0574787
0 0 232 -0.00221593
0 0 233 0.00925522
0 0 234 0.0530468
0 0 235 0.071783
0 0 236 0.0213905
0 0 237 -0.00221593
0 0 238 0.0692674
0 0 239 0.0832542
0 0 240 0.0742785
0 0 241 0.0864138
0 0 242 0.0944637
0 0 243 0.105552
0 0 244 0.0989515
0 0 245 0.0684825
0 0 246 0.0100602
0 0 247 0.0526644
0 0 248 0.0303661
0 0 249 -0.0133047
0 0 250 -0.0328258
0 0 251 0.00476739
0 0 252 -0.0510186
0 0 253 -0.0404732
0 0 254 0.00595475
0 0 255 0.0369671
0 0 256 0.0551599
0 0 257 0.0626866
0 0 258 0.0824693
0 0 259 0.146567
0 0 260 0.167799
0 0 261 0.15198
0 0 262 0.205392
0 0 263 0.270958
0 0 264 0.252222
0 0 265 0.236263
0 0 266 0.177036
0 0 267 0.148418
0 0 268 0.268584
0 0 269 0.238899
0 0 270 0.170435
0 0 271 0.208954
0 0 272 0.243126
0 0 273 0.206841
0 0 274 0.21648
0 0 275 0.141294
0 0 276 0.0712598
0 0 277 0.151578
0 0 278 0.161479
0 0 279 0.0736345
0 0 280 0.0712598
0 0 281 0.0893319
0 0 282 0.0567498
0 0 283 0.0829925
0 0 284 0.0639947
0 0 285 0.0279914
0 0 286 0.0989515
0 0 287 0.181262
0 0 288 0.0796921
0 0 289 0.0957919
0 0 290 0.0782431
0 0 291 0.125738
0 0 292 0.137591
0 0 293 0.129561
0 0 294 0.122558
0 0 295 0.189574
0 0 296 0.246165
0 0 297 0.254999
0 0 298 0.277157
0 0 299 0.327006
0 0 300 0.305251
0 0 301 0.387421
0 0 302 0.320143
0 0 303 0.25355
0 0 304 0.258421
0 0 305 0.222679
0 0 306 0.228998
0 0 307 0.203017
0 0 308 0.137068
0 0 309 0.123081
0 0 310 0.132318
0 0 311 0.142079
0 0 312 0.120847
0 0 313 0.118211
0 0 314 0.183757
0 0 315 0.167275
0 0 316 0.196557
0 0 317 0.183757
0 0 318 0.199998
0 0 319 0.304064
0 0 320 0.27438
0 0 321 0.310262
0 0 322 0.385448
0 0 323 0.402192
0 0 324 0.407867
0 0 325 0.415917
0 0 326 0.406157
0 0 327 0.379894
0 0 328 0.330447
0 0 329 0.259085
0 0 330 0.247875
0 0 331 0.287843
0 0 332 0.274259
0 0 333 0.265806
0 0 334 0.254858
0 0 335 0.314488
0 0 336 0.356549
0 0 337 0.477902
0 0 338 0.463392
0 0 339 0.501911
0 0 340 0.601106
0 0 341 0.602152
0 0 342 0.595692
0 0 343 0.651619
0 0 344 0.611249
0 0 345 0.624571
0 0 346 0.626564
0 0 347 0.596356
0 0 348 0.507968
0 0 349 0.598993
0 0 350 0.667055
0 0 351 0.625759
0 0 352 0.58726
0 0 353 0.611651
0 0 354 0.564036
0 0 355 0.564438
0 0 356 0.575769
0 0 357 0.562325
0 0 358 0.570114
0 0 359 0.620365
0 0 360 0.565747
0 0 361 0.509035
0 0 362 0.501247
0 0 363 0.481343
0 0 364 0.407867
0 0 365 0.407465
0 0 366 0.455342
0 0 367 0.369489
0 0 368 0.374098
0 0 369 0.363291
0 0 370 0.294162
0 0 371 0.291667
0 0 372 0.312114
0 0 373 0.345481
0 0 374 0.380961
0 0 375 0.428053
0 0 376 0.383335
0 0 377 0.398107
0 0 378 0.451136
0 0 379 0.40984
0 0 380 0.363814
0 0 381 0.390319
0 0 382 0.373172
0 0 383 0.268966
0 0 384 0.206317
0 0 385 0.217004
0 0 386 0.215293
0 0 387 0.223605
0 0 388 0.232037
0 0 389 0.228213
0 0 390 0.292311
0 0 391 0.337169
0 0 392 0.312758
0 0 393 0.325698
0 0 394 0.385046
0 0 395 0.422116
0 0 396 0.374762
0 0 397 0.346668
0 0 398 0.366189
0 0 399 0.325698
0 0 400 0.307364
0 0 401 0.302071
0 0 402 0.299978
0 0 403 0.278344
0 0 404 0.226905
0 0 405 0.214367
0 0 406 0.151196
0 0 407 0.177438
0 0 408 0.130085
0 0 409 0.118875
0 0 410 0.0932763
0 0 411 0.114508
0 0 412 0.0897142
0 0 413 0.0923506
0 0 414 0.102252
0 0 415 0.198267
0 0 416 0.235478
0 0 417 0.29549
0 0 418 0.298388
0 0 419 0.354054
0 0 420 0.362365
0 0 421 0.344957
0 0 422 0.333084
0 0 423 0.283617
0 0 424 0.33254
0 0 425 0.356167
0 0 426 0.340852
0 0 427 0.319499
0 0 428 0.314871
0 0 429 0.305774
0 0 430 0.294303
0 0 431 0.295088
0 0 432 0.289151
0 0 433 0.369872
0 0 434 0.399556
0 0 435 0.314347
0 0 436 0.313019
0 0 437 0.241013
0 0 438 0.23745
0 0 439 0.197483
0 0 440 0.221894
0 0 441 0.215555
0 0 442 0.22294
0 0 443 0.269368
0 0 444 0.166229
0 0 445 0.173615
0 0 446 0.210664
0 0 447 0.271079
0 0 448 0.346406
0 0 449 0.402192
0 0 450 0.542804
0 0 451 0.684463
0 0 452 0.741577
0 0 453 0.794063
0 0 454 0.834292
0 0 455 0.851056
0 0 456 0.935862
0 0 457 0.977943
0 0 458 0.960797
0 0 459 0.964761
0 0 460 0.95816
0 0 461 0.943771
0 0 462 0.905655
0 0 463 0.896035
0 0 464 0.884564
0 0 465 0.88561
0 0 466 0.946951
0 0 467 0.898671
0 0 468 0.888508
0 0 469 0.968183
0 0 470 0.981505
0 0 471 0.99998
0 0 472 0.955524
0 0 473 0.872167
0 0 474 0.877701
0 0 475 0.843006
0 0 476 0.829563
0 0 477 0.82916
0 0 478 0.83721
0 0 479 0.715193
0 0 480 0.610987
0 0 481 0.578808
0 0 482 0.537129
0 0 483 0.525658
0 0 484 0.535801
0 0 485 0.472367
0 0 486 0.398107
0 0 487 0.344152
0 0 488 0.29706
0 0 489 0.18732
0 0 490 0.236927
0 0 491 0.191284
0 0 492 0.158964
0 0 493 0.116359
0 0 494 0.031956
0 0 495 -0.0107891
0 0 496 0.0646588
0 0 497 0.142079
0 0 498 0.121632
0 0 499 0.096456
0 0 500 0.175325
0 0 501 0.161479
0 0 502 0.167014
0 0 503 0.194061
0 0 504 0.125858
0 0 505 0.133647
0 0 506 0.123625
0 0 507 0.0506721
0 0 508 0.00595475
0 0 509 0.122699
0 0 510 0.141033
0 0 511 0.0812819
0 0 512 0.0937996
0 0 513 0.0814027
0 0 514 0.0504105
0 0 515 0.12455
0 0 516 0.131131
0 0 517 0.141294
0 0 518 0.143266
0 0 519 0.130749
0 0 520 0.00438501
0 0 521 -0.0076295
0 0 522 0.00094367
0 0 523 -0.00603964
0 0 524 0.068885
0 0 525 0.0381545
0 0 526 0.000420425
0 0 527 0.0449969
0 0 528 0.0136223
0 0 529 0.0233828
0 0 530 -0.0151361
0 0 531 -0.01739
0 0 532 -0.0122381
0 0 533 -0.0150153
0 0 534 -0.0122381
0 0 535 -0.0582635
0 0 536 -0.00893761
0 0 537 0.0588629
0 0 538 0.04711
0 0 539 0.0680801
0 0 540 0.086293
0 0 541 0.174259
0 0 542 0.243126
0 0 543 0.254858
0 0 544 0.251035
0 0 545 0.257495
0 0 546 0.241013
0 0 547 0.239302
0 0 548 0.189694
0 0 549 0.174259
0 0 550 0.152906
0 0 551 0.176251
0 0 552 0.173735
0 0 553 0.108974
0 0 554 0.113321
0 0 555 0.122035
0 0 556 0.0816643
0 0 557 0.0804769
0 0 558 0.0696699
0 0 559 0.0315535
0 0 560 -0.0121173
0 0 561 0.0165203
0 0 562 -0.0619665
0 0 563 -0.0866596
0 0 564 -0.0884709
0 0 565 -0.0999621
0 0 566 -0.0886118
0 0 567 -0.0564523
0 0 568 -0.0549832
0 0 569 -0.0795355
0 0 570 0.0339282
0 0 571 0.106861
0 0 572 0.0704548
0 0 573 0.0795713
0 0 574 0.116762
0 0 575 0.167939
0 0 576 0.161479
0 0 577 0.168865
0 0 578 0.218332
0 0 579 0.238759
0 0 580 0.26633
0 0 581 0.251558
0 0 582 0.281101
0 0 583 0.371723
0 0 584 0.404567
0 0 585 0.402454
0 0 586 0.374762
0 0 587 0.334915
0 0 588 0.30986
0 0 589 0.273454
0 0 590 0.25182
0 0 591 0.281765
0 0 592 0.238376
0 0 593 0.213965
0 0 594 0.213039
0 0 595 0.222417
0 0 596 0.220304
0 0 597 0.270153
0 0 598 0.266068
0 0 599 0.219117
0 0 600 0.242723
0 0 601 0.270958
0 0 602 0.232037
0 0 603 0.258682
0 0 604 0.233486
0 0 605 0.147895
0 0 606 0.135357
0 0 607 0.118473
0 0 608 0.0401267
0 0 609 0.0406499
0 0 610 0.0832542
0 0 611 0.0194182
0 0 612 -0.0510186
0 0 613 -0.0317592
0 0 614 -0.0703988
0 0 615 -0.0940455
0 0 616 -0.0341339
0 0 617 -0.0105275
0 0 618 -0.0434919
0 0 619 -0.044961
0 0 620 -0.0111916
0 0 621 -0.0209521
0 0 622 -0.00644214
0 0 623 0.0680801
0 0 624 0.0138839
0 0 625 0.0125557
0 0 626 0.074681
0 0 627 0.00412339
0 0 628 -0.0208113
0 0 629 0.0192774
0 0 630 0.0567498
0 0 631 0.0699315
0 0 632 0.0781223
0 0 633 0.105291
0 0 634 0.0785047
0 0 635 0.122296
0 0 636 0.129018
0 0 637 0.0861521
0 0 638 0.136142
0 0 639 0.131272
0 0 640 0.108048
0 0 641 0.0510746
0 0 642 0.0299637
0 0 643 0.0766532
0 0 644 0.0822077
0 0 645 0.101467
0 0 646 0.104888
0 0 647 0.0435479
0 0 648 0.0650613
0 0 649 0.0212697
0 0 650 0.0183516
0 0 651 0.0336666
0 0 652 0.0874804
0 0 653 0.119922
0 0 654 0.114508
0 0 655 0.133647
0 0 656 0.145259
0 0 657 0.127569
0 0 658 0.181926
0 0 659 0.219781
0 0 660 0.254456
0 0 661 0.266591
0 0 662 0.258159
0 0 663 0.284402
0 0 664 0.191687
0 0 665 0.182188
0 0 666 0.134572
0 0 667 0.0671744
0 0 668 0.128374
0 0 669 0.144856
0 0 670 0.064518
0 0 671 0.114649
0 0 672 0.0910425
0 0 673 0.0824693
0 0 674 0.058722
0 0 675 0.0699315
0 0 676 0.0753451
0 0 677 0.184683
0 0 678 0.232037
0 0 679 0.196959
0 0 680 0.207102
0 0 681 0.253269
0 0 682 0.164116
0 0 683 0.133506
0 0 684 0.153429
0 0 685 0.143407
0 0 686 0.163049
0 0 687 0.136686
0 0 688 0.00345927
0 0 689 -0.00314167
0 0 690 -0.0716063
0 0 691 -0.119886
0 0 692 -0.161967
0 0 693 -0.146672
0 0 694 -0.135724
0 0 695 -0.176074
0 0 696 -0.152589
0 0 697 -0.112218
0 0 698 -0.133711
0 0 699 -0.0763557
0 0 700 -0.129103
0 0 701 -0.0511595
0 0 702 -0.0661927
0 0 703 -0.0651261
0 0 704 -0.0831982
0 0 705 -0.0516827
0 0 706 -0.00696538
0 0 707 0.0100602
0 0 708 -0.0184365
0 0 709 -0.0192214
0 0 710 -0.00775025
0 0 711 0.0453994
0 0 712 0.0107042
0 0 713 0.08259
0 0 714 0.0816643
0 0 715 0.15844
0 0 716 0.183234
0 0 717 0.122558
0 0 718 0.0473716
0 0 719 0.0804769
0 0 720 0.126523
0 0 721 0.0927531
0 0 722 0.0592453
0 0 723 -0.00525477
0 0 724 -0.0750275
0 0 725 -0.0222602
0 0 726 -0.106825
0 0 727 -0.128439
0 0 728 -0.10763
0 0 729 -0.0163234
0 0 730 -0.0553656
0 0 731 -0.10602
0 0 732 -0.0659512
0 0 733 -0.0271506
0 0 734 0.0241677
0 0 735 0.0361621
0 0 736 -0.0300485
0 0 737 0.0344515
0 0 738 0.0173051
0 0 739 -0.0473156
0 0 740 -0.136368
0 0 741 -0.110266
0 0 742 -0.0618256
0 0 743 -0.121737
0 0 744 -0.148523
0 0 745 -0.078328
0 0 746 0.00832948
0 0 747 0.0219137
0 0 748 0.0158562
0 0 749 0.0894526
0 0 750 0.108712
0 0 751 0.147633
0 0 752 0.154878
0 0 753 0.125858
0 0 754 0.164639
0 0 755 0.190238
0 0 756 0.116098
0 0 757 0.073232
0 0 758 0.0996156
0 0 759 0.098549
0 0 760 0.0220546
0 0 761 0.126261
0 0 762 0.0897142
0 0 763 0.0415757
0 0 764 0.0816643
0 0 765 0.134955
0 0 766 0.146446
0 0 767 0.183496
0 0 768 0.143669
0 0 769 0.129682
0 0 770 0.107525
0 0 771 0.0943429
0 0 772 0.00913447
0 0 773 0.0163794
0 0 774 0.108048
0 0 775 0.11479
0 0 776 0.046466
0 0 777 0.0808794
0 0 778 0.0520003
0 0 779 0.0670336
0 0 780 0.0526644
0 0 781 0.0530468
0 0 782 0.113864
0 0 783 0.171763
0 0 784 0.190499
0 0 785 0.112274
0 0 786 0.0584604
0 0 787 0.00398252
0 0 788 -0.0804612
0 0 789 -0.100626
0 0 790 -0.117652
0 0 791 -0.092838
0 0 792 -0.101552
0 0 793 -0.145867
0 0 794 -0.171325
0 0 795 -0.176879
0 0 796 -0.148121
0 0 797 -0.0919323
0 0 798 -0.0564523
0 0 799 -0.0196239
0 0 800 -0.00261842
0 0 801 0.00977846
0 0 802 0.0324793
0 0 803 0.0324793
0 0 804 0.0248318
0 0 805 0.0539726
0 0 806 0.0229803
0 0 807 -0.0122381
0 0 808 -0.0419222
0 0 809 -0.023186
0 0 810 0.00386177
0 0 811 -0.013023
0 0 812 0.0386777
0 0 813 0.00398252
0 0 814 0.0382752
0 0 815 0.0432863
0 0 816 -0.00682451
0 0 817 0.0496256
0 0 818 0.0713805
0 0 819 0.00714211
0 0 820 0.0262808
0 0 821 -0.0215961
0 0 822 0.0303661
0 0 823 -0.0758124
0 0 824 -0.10775
0 0 825 -0.149711
0 0 826 -0.135825
0 0 827 -0.190846
0 0 828 -0.26893
0 0 829 -0.275672
0 0 830 -0.295455
0 0 831 -0.311937
0 0 832 -0.3189
0 0 833 -0.288733
0 0 834 -0.248222
0 0 835 -0.24309
0 0 836 -0.28662
0 0 837 -0.309039
0 0 838 -0.188189
0 0 839 -0.132262
0 0 840 -0.103383
0 0 841 -0.00273917
0 0 842 -0.0255607
0 0 843 -0.0275329
0 0 844 -0.0371727
0 0 845 -0.0266072
0 0 846 -0.0350596
0 0 847 0.0628074
0 0 848 0.00398252
0 0 849 -0.063818
0 0 850 -0.0965409
0 0 851 -0.10117
0 0 852 -0.0849088
0 0 853 -0.0552448
0 0 854 -0.0824133
0 0 855 -0.106704
0 0 856 -0.0467924
0 0 857 0.00768548
0 0 858 0.00476739
0 0 859 0.0824693
0 0 860 0.146164
0 0 861 0.190761
0 0 862 0.173876
0 0 863 0.130869
0 0 864 0.160292
0 0 865 0.189433
0 0 866 0.195772
0 0 867 0.125597
0 0 868 0.10674
0 0 869 0.0620225
0 0 870 0.0482974
0 0 871 0.0370878
0 0 872 0.00675974
0 0 873 -0.0438944
0 0 874 -0.0209521
0 0 875 -0.10775
0 0 876 -0.0618256
0 0 877 -0.138481
0 0 878 -0.113023
0 0 879 -0.138622
0 0 880 -0.106543
0 0 881 -0.0989157
0 0 882 -0.14311
0 0 883 -0.135825
0 0 884 -0.112218
0 0 885 -0.135825
0 0 886 -0.0871628
0 0 887 -0.0950718
0 0 888 -0.0291228
0 0 889 -0.0411172
0 0 890 0.0129582
0 0 891 0.00768548
0 0 892 0.041314
0 0 893 0.0249526
0 0 894 0.0266632
0 0 895 0.0674361
0 0 896 0.108591
0 0 897 0.079028
0 0 898 0.078384
0 0 899 0.0957919
0 0 900 0.0754659
0 0 901 0.0585811
0 0 902 0.0551599
0 0 903 0.0231011
0 0 904 -0.018839
0 0 905 0.0278505
0 0 906 0.0277298
0 0 907 -0.0432303
0 0 908 0.0154537
0 0 909 -0.007227
0 0 910 -0.0237092
0 0 911 0.0299637
0 0 912 0.00476739
0 0 913 0.0206056
0 0 914 0.0265424
0 0 915 0.0634715
0 0 916 0.0291788
0 0 917 0.0026744
0 0 918 0.0367055
0 0 919 -0.0444177
0 0 920 0.0154537
0 0 921 -0.0601351
0 0 922 -0.0438944
0 0 923 0.00120529
0 0 924 -0.0599943
0 0 925 -0.129385
0 0 926 -0.0726528
0 0 927 -0.0378368
0 0 928 -0.0734578
0 0 929 -0.152729
0 0 930 -0.073337
0 0 931 -0.139145
0 0 932 -0.105919
0 0 933 -0.162731
0 0 934 -0.227131
0 0 935 -0.203263
0 0 936 -0.123589
0 0 937 -0.134657
0 0 938 -0.211293
0 0 939 -0.0904834
0 0 940 -0.0386217
0 0 941 -0.0671185
0 0 942 -0.0576195
0 0 943 -0.00459065
0 0 944 0.0316743
0 0 945 0.10356
0 0 946 0.139322
0 0 947 0.117285
0 0 948 0.104103
0 0 949 0.165565
0 0 950 0.154878
0 0 951 0.168724
0 0 952 0.181524
0 0 953 0.228354
0 0 954 0.175325
0 0 955 0.218191
0 0 956 0.226503
0 0 957 0.142884
0 0 958 0.135881
0 0 959 0.178746
0 0 960 0.130608
0 0 961 0.106478
0 0 962 0.149203
0 0 963 0.0886677
0 0 964 0.0406499
0 0 965 0.0118916
0 0 966 -0.0169875
0 0 967 -0.0272713
0 0 968 -0.018034
0 0 969 -0.0460075
0 0 970 -0.119745
0 0 971 -0.0544398
0 0 972 -0.0895576
0 0 973 -0.144156
0 0 974 -0.116324
0 0 975 -0.108797
0 0 976 -0.0105275
0 0 977 -0.0402116
0 0 978 -0.111192
0 0 979 -0.0268889
0 0 980 -0.0328258
0 0 981 0.0130789
0 0 982 -0.0810851
0 0 983 -0.0539166
0 0 984 -0.047859
0 0 985 -0.0503545
0 0 986 -0.0729345
0 0 987 -0.114211
0 0 988 -0.0813668
0 0 989 -0.0412581
0 0 990 -0.0902217
0 0 991 0.0054315
0 0 992 -0.0359854
0 0 993 0.0741577
0 0 994 0.0406499
0 0 995 0.0584604
0 0 996 0.0828517
0 0 997 0.113321
0 0 998 0.139181
0 0 999 0.203943
0 0 1000 0.254738
0 0 1001 0.278203
0 0 1002 0.24707
0 0 1003 0.287038
0 0 1004 0.245098
0 0 1005 0.264096
0 0 1006 0.297865
0 0 1007 0.305251
0 0 1008 0.330166
0 0 1009 0.00253353
0 0 1010 -0.0289819
0 0 1011 -0.00485228
0 0 1012 0.0469892
0 0 1013 0.122296
0 0 1014 0.173876
0 0 1015 0.175325
0 0 1016 0.155402
0 0 1017 0.0785047
0 0 1018 0.0202031
0 0 1019 -0.0597528
0 0 1020 -0.0582635
0 0 1021 -0.0511595
0 0 1022 -0.0105275
0 0 1023 -0.0357237
