0 0 0 -0.000610112 0.00215997 -0.0014501 -0.000970028
0 0 1 0.000929394 0.000899944 0.00110994 -0.0015101
0 0 2 4.95821e-05 -0.000180029 -0.000150003 -0.000860036
0 0 3 -0.00319023 0.00088992 0.00203997 -0.00146005
0 0 4 0.000249929 0.00174999 -0.00115003 -0.000330006
0 0 5 0.00215981 -0.00134007 -0.000270056 -0.00141015
0 0 6 -0.000730056 0.0011399 -0.000310073 5.9909e-05
0 0 7 0.000519474 -0.00205003 0.00027988 -0.00134001
0 0 8 0.000669734 0.00136995 0.00347993 -0.000180004
0 0 9 -0.000240393 0.00013999 -0.00017008 0.000339985
0 0 10 -0.00203033 0.00213993 -0.00328005 0.000429895
0 0 11 -0.00234008 0.000319924 -0.00379011 -0.00126014
0 0 12 -0.000210078 -0.00117003 0.000149925 9.99198e-05
0 0 13 0.00301985 0.0029 0.00228998 -0.00177009
0 0 14 0.0035596 -0.00124008 -0.00180008 -0.00139007
0 0 15 -0.000330022 0.000809977 -0.00268006 -8.00529e-05
0 0 16 -0.00152024 -0.000420105 0.00118997 -0.00216001
0 0 17 0.000249929 0.000159914 0.00111998 -0.00118012
0 0 18 0.00101968 -0.000420105 -0.0009901 0.00015986
0 0 19 0.00210973 0.000519905 0.000879872 -0.00370004
0 0 20 -0.0026004 -0.000230024 -0.0022301 -0.000240096
0 0 21 -0.00347032 0.000399991 0.00149994 0.00271994
0 0 22 -0.00207053 -0.000430006 -0.000600098 0.00109989
0 0 23 0.000249929 0.00236998 0.00199996 0.000749982
0 0 24 -0.00146027 0.00062992 0.00244992 -0.000670023
0 0 25 0.00103945 0.00304999 -0.000960121 -0.00102008
0 0 26 -0.00251011 -0.00202008 0.00138993 0.000519957
0 0 27 0.000479932 -0.00374009 -0.000330014 -0.00145001
0 0 28 -0.00189062 -0.000550044 -0.000480046 -0.00175001
0 0 29 0.000859536 -0.00146011 -0.00122003 -0.00168003
0 0 30 -0.00171004 -0.00227006 0.000869969 -0.00135005
0 0 31 0.00159963 0.00276994 0.00115999 0.0024099
0 0 32 -0.000970604 -0.00233007 -0.000580022 -0.00185011
0 0 33 -0.00193016 0.0034799 -0.00217001 -0.00121009
0 0 34 -0.00138052 -0.00113006 0.00387997 0.000539887
0 0 35 0.000289471 0.00134 0.00159992 -0.00164002
0 0 36 0.00189949 -0.000450053 0.00181994 0.00154989
0 0 37 0.00124968 -0.000170005 0.000289918 -0.000950098
0 0 38 0.00174989 -0.000160105 0.00229988 -0.00134001
0 0 39 -0.00029048 0.00251996 -0.000130062 -0.00284004
0 0 40 0.0014296 0.000259905 -0.00162007 -0.00100015
0 0 41 -5.04557e-07 -0.0028101 0.00113992 -0.000840107
0 0 42 -0.000150106 -0.000250072 -0.00220012 -0.000680063
0 0 43 -0.00178056 0.000829901 -0.00148008 -0.00158008
0 0 44 0.00185995 -0.000880087 -0.00338003 -0.000160075
0 0 45 -0.00378007 0.00154988 -0.000230038 0.000109961
0 0 46 0.000279585 0.00212 -0.000940044 0.000739941
0 0 47 0.00124968 0.00254991 0.000429912 0.00110993
0 0 48 0.00179932 -0.00111002 -0.000300035 0.000539887
0 0 49 0.000639418 -0.00181007 0.00104998 2.99389e-05
0 0 50 0.00082988 -0.00038001 -0.000970023 0.000209912
0 0 51 0.000489818 -0.00146011 -0.000180118 -0.00148013
0 0 52 -0.000840115 0.000619896 -0.000410049 -0.000920128
0 0 53 0.000769907 -0.000760049 -0.00122003 -0.00120005
0 0 54 -0.000390653 0.000809977 0.000469929 0.00239986
0 0 55 -0.000530369 -0.00120011 0.00276992 -0.000640052
0 0 56 0.00361957 0.00246997 -0.00281002 -0.00335014
0 0 57 0.000979481 0.00046991 0.00158988 -0.000940058
0 0 58 0.00132943 0.00345998 0.000419874 4.98682e-05
0 0 59 0.00104934 -0.000830092 -0.00121013 -0.00252011
0 0 60 -0.00303009 -0.000420105 0.00100996 -0.00202005
0 0 61 0.00219935 0.00147996 -0.000390108 -0.00052002
0 0 62 -0.00085066 -0.00165006 -0.00174012 0.000609868
0 0 63 0.00147969 -0.00168001 -0.00217001 -0.0012501
0 0 64 -0.00131067 0.00113 -6.00654e-05 -0.000190045
0 0 65 -0.000650313 0.00213993 0.000939966 -0.000620123
0 0 66 0.00299942 0.00102988 0.00348996 0.00171998
0 0 67 0.000979481 -0.00173001 0.000479968 -0.000110023
0 0 68 -0.00229065 0.00114992 -0.000670095 -0.00186
0 0 69 0.000919508 0.00191 0.00132997 -0.000970028
0 0 70 -0.000970604 -0.00197008 -0.00080005 0.000299974
0 0 71 0.00269956 -0.00027012 -0.000580022 -0.000930017
0 0 72 -0.000300366 0.000499981 0.00139996 0.000969965
0 0 73 0.0016194 -0.00235012 -0.00129003 0.00102991
0 0 74 -0.00127047 -0.00212007 0.0011699 -0.000300036
0 0 75 -0.000670084 -0.00144006 -0.000860009 0.000599979
0 0 76 0.000229499 0.00140992 -8.00063e-05 0.000269852
0 0 77 -0.00168038 0.000349995 0.00151988 0.00465994
0 0 78 4.95821e-05 -0.000130034 -0.00123007 0.00170994
0 0 79 -0.00057057 -0.00243006 -0.000930006 -0.000690104
0 0 80 0.00133997 -0.000490025 -0.00114013 0.000659919
0 0 81 -0.000430195 -0.000470101 0.000989886 0.000329944
0 0 82 -0.000910632 -0.000150081 -0.00203001 -7.00121e-05
0 0 83 -0.000940289 -0.00158002 -0.00342005 0.00101986
0 0 84 0.00011944 0.00221999 -0.00226008 -0.00234013
0 0 85 5.94676e-05 -0.00236002 -0.000320111 -0.00139007
0 0 86 -0.000460511 0.000129967 7.99282e-05 -0.000260026
0 0 87 -1.03901e-05 0.00276994 -0.000790012 -0.00236006
0 0 88 0.00255985 -0.000670082 0.00393992 0.000469906
0 0 89 -0.00227022 0.0016 0.000159963 -0.00105005
0 0 90 -0.00128035 -6.01146e-05 0.000879872 -0.00252011
0 0 91 -0.0035303 0.00131995 -0.00220012 0.000139931
0 0 92 -0.000900087 0.00056 0.00210997 0.00170994
0 0 93 -0.00014022 0.000759982 0.00212991 0.000609868
0 0 94 0.000889852 0.00072991 0.000649941 0.00176988
0 0 95 9.96688e-05 -0.00276011 -0.00153013 0.00159995
0 0 96 -0.00226034 -0.00190004 0.00163993 -0.000230055
0 0 97 0.00209984 0.00206988 0.00122999 -0.000940058
0 0 98 -0.000860545 0.0005699 -0.00078011 8.98791e-05
0 0 99 0.00242936 0.00100996 -0.000970023 0.0015899
0 0 100 -0.000190307 0.00213993 0.00048987 0.000939995
0 0 101 -0.00155055 -0.0023401 -0.000900026 0.0036799
0 0 102 0.000869422 -0.000140058 -0.000130062 -0.00190001
0 0 103 -0.00142007 -0.000580115 -0.000930006 0.000969965
0 0 104 0.00011944 0.000849948 0.000549965 -0.00191005
0 0 105 0.000499703 0.000119943 -0.000310073 0.000509917
0 0 106 0.00041996 0.000899944 -0.00323013 0.00066996
0 0 107 0.00162995 0.000489957 0.000319898 0.00109989
0 0 108 0.00105988 0.00175989 6.98899e-05 -3.12176e-08
0 0 109 -0.00192027 0.00126996 0.000739878 -0.00274009
0 0 110 0.000369873 -0.000340039 -0.00122003 0.000579898
0 0 111 0.000409415 -0.00129007 0.00147986 0.0021499
0 0 112 0.00179932 -0.00168001 0.000589982 0.00153985
0 0 113 0.00254996 0.00243 0.0035799 0.00488996
0 0 114 -0.000320137 0.00204996 -0.000890124 -0.0013601
0 0 115 -4.00467e-05 0.00173996 0.000469929 0.00153985
0 0 116 0.00222967 -0.00129007 0.00111998 -9.00936e-05
0 0 117 -0.000180421 -0.00159004 -0.000390108 0.00162992
0 0 118 -0.000640428 0.00178996 0.00158988 0.00274991
0 0 119 -0.000800573 0.0026999 -0.00142012 0.000659919
0 0 120 0.00166949 0.00176991 -0.00151006 -0.00139007
0 0 121 -0.00267026 0.000229957 0.000409971 0.00109989
0 0 122 -0.00243037 -0.00150008 -0.000560081 0.00230995
0 0 123 0.000789678 0.00182993 0.000959907 -0.00171015
0 0 124 -0.00042031 -0.000240048 -0.000760033 0.00363989
0 0 125 -0.000490168 0.00233991 -0.000580022 -0.00113007
0 0 126 0.00127934 -0.00111002 -0.00122003 -0.00217005
0 0 127 0.00185995 -0.000250072 -0.000290132 0.000429895
0 0 128 0.000499703 -0.00108007 0.000869969 -0.00107013
0 0 129 -2.02756e-05 -0.00164004 -0.00218004 -0.000420069
0 0 130 0.000459502 -0.000440029 -0.000670095 -0.000780014
0 0 131 0.00169981 0.00240995 -0.00209011 0.00249996
0 0 132 -0.000460511 -8.00385e-05 -0.00059006 -0.00135005
0 0 133 0.00223956 0.000549977 -0.00265008 0.000979854
0 0 134 0.00149946 -0.00275008 -0.000390108 0.00175999
0 0 135 0.000869422 -0.00263005 0.000249901 -0.00158008
0 0 136 0.000879966 0.00123989 0.00112988 -0.00142004
0 0 137 -0.000180421 0.00151993 -0.000400011 -0.00163013
0 0 138 -0.00161053 0.00271995 -0.000360129 0.000459865
0 0 139 0.00105988 -0.00268004 -0.000770071 -0.000720074
0 0 140 0.00107965 -0.000860039 0.000389894 0.00117991
0 0 141 0.00167938 0.000229957 0.000629864 -0.000680063
0 0 142 -0.000970604 -5.00908e-05 -0.00172005 0.00112986
0 0 143 -0.00178056 -0.00105012 0.000119946 -0.00142004
0 0 144 -0.00261028 0.000239981 0.000389894 -0.00170011
0 0 145 0.000149755 -0.00256 0.000529888 -0.00169007
0 0 146 0.000849651 0.000820001 0.00197988 0.00271994
0 0 147 -0.000530369 -0.000440029 -0.00329009 -0.000860036
0 0 148 0.000479932 0.000429938 -0.00101004 -0.00126014
0 0 149 0.00174989 -0.00280008 0.000269977 -0.00229008
0 0 150 -0.000440081 -0.00027012 -0.000310073 -0.00156015
0 0 151 0.000509589 -0.000760049 -0.00017008 0.000289933
0 0 152 -0.0024106 6.99474e-05 -0.000600098 0.000149971
0 0 153 -0.00221025 -0.000100086 0.000309995 0.000209912
0 0 154 -0.00300043 0.000369919 0.000719937 0.000739941
0 0 155 -0.000660199 0.000159914 0.000599885 0.00117991
0 0 156 0.000289471 0.000459886 0.00276992 -0.00216001
0 0 157 -0.000190307 0.00260993 -0.00219008 0.000539887
0 0 158 -0.000350452 -0.000570091 0.00256997 3.99796e-05
0 0 159 -0.000300366 -0.000570091 -0.00115003 0.00232988
0 0 160 0.000619647 -0.000930082 0.000379992 -0.000550142
0 0 161 -0.00105035 -0.00157012 -0.00109008 -0.000740003
0 0 162 -0.00118018 5.99236e-05 0.00107996 0.000339985
0 0 163 0.0031398 0.00261995 0.00257987 0.00166993
0 0 164 -0.0020903 -0.000400058 4.99489e-05 0.00348
0 0 165 0.000409415 -0.00268004 0.00208989 0.00106992
0 0 166 -0.00105035 -0.00200003 -0.00242001 0.000619909
0 0 167 0.00113963 0.00205998 0.00067992 0.000909873
0 0 168 0.00151989 0.00270992 0.00204988 -0.00211011
0 0 169 0.000869422 0.000619896 0.00175999 -0.00300008
0 0 170 0.000849651 -0.00096003 -0.000620039 0.00159995
0 0 171 0.00175978 -0.000430006 -0.000490084 -0.000350088
0 0 172 0.00244979 -0.000580115 -0.00181012 -0.000130104
0 0 173 -2.02756e-05 0.000639943 0.00316996 0.000549928
0 0 174 -0.00179044 -0.0028601 0.00125997 -0.000770126
0 0 175 -0.00098049 -0.000710053 0.000369953 0.00173991
0 0 176 0.000229499 -0.00102005 -0.00181012 0.00253997
0 0 177 0.000849651 -0.00328011 0.000179904 4.98682e-05
0 0 178 -0.000200192 -0.000990101 -0.000620039 0.000199871
0 0 179 5.94676e-05 0.000769882 0.000459891 0.00130998
0 0 180 0.00039953 -0.00106002 -0.000850106 -0.000990109
0 0 181 0.000599876 0.0018699 -0.000440028 0.000289933
0 0 182 -0.00202045 0.00166992 -0.000900026 -0.00162009
0 0 183 0.000249929 0.00201989 -0.000950082 0.00121992
0 0 184 -0.00307029 -0.00116001 -0.000760033 0.000409966
0 0 185 0.000859536 0.000739934 -0.00125001 -2.01127e-05
0 0 186 0.000759363 -0.00158002 -0.00116007 -0.000970028
0 0 187 0.00149946 -0.000350063 -0.000670095 -0.00120005
0 0 188 -0.00160064 -0.00191006 0.000259939 -9.00936e-05
0 0 189 0.0002697 0.00173996 0.000819913 -0.00175001
0 0 190 -0.00170016 -0.00101003 0.00137989 -0.000870077
0 0 191 2.98111e-05 -0.00117003 0.000199981 -0.000510131
0 0 192 0.00159963 0.000319924 -0.000440028 -0.00196011
0 0 193 -0.00029048 -0.000240048 0.00172987 -0.000650093
0 0 194 0.000599876 0.00102988 -0.000350091 1.98981e-05
0 0 195 -0.00203033 0.000899944 -0.00141008 0.000509917
0 0 196 -0.0018603 -0.000610063 -0.000310073 -0.00161005
0 0 197 0.00284982 0.000129967 0.00048987 0.000249922
0 0 198 0.00095971 -0.00215002 0.00157998 0.00165989
0 0 199 -0.000670084 -0.00028002 -0.00237009 0.00171998
0 0 200 0.00193969 -0.000330015 -0.00201007 -0.000150034
0 0 201 0.000599876 -0.000100086 -9.00446e-05 -0.00205002
0 0 202 2.98111e-05 0.000699962 0.00043995 -0.000390099
0 0 203 -0.00214039 0.000709986 -0.000890124 -0.0015101
0 0 204 0.00103945 0.000389967 -0.00125001 0.000619909
0 0 205 -0.00201056 -0.000690006 -0.00112005 -0.00120005
0 0 206 0.000249929 -0.000320115 -0.00316013 -0.00283015
0 0 207 -0.00112021 -0.00188012 -0.000820127 0.00229991
0 0 208 0.00126946 0.00116997 0.00185996 -0.00135005
0 0 209 0.00111985 -0.00194001 0.000159963 0.000369955
0 0 210 0.00236939 0.000959963 0.00103994 -0.000270066
0 0 211 0.00205964 -0.0015101 0.000519985 -0.000330006
0 0 212 0.000239384 -0.00261012 0.000259939 -0.00100015
0 0 213 -0.00200002 -0.000520096 0.0019499 0.000889944
0 0 214 -0.000630542 -0.00117003 0.000429912 -0.00142004
0 0 215 0.00180986 0.000229957 0.000779896 -0.00169007
0 0 216 -0.0014405 -0.000830092 0.00207999 0.000279892
0 0 217 -0.00140029 -0.00214012 -0.000550043 -0.000540101
0 0 218 0.00108954 -0.000690006 -0.00104002 0.0032699
0 0 219 -0.0016705 0.00154988 -0.000850106 -0.000130104
0 0 220 -0.000770257 0.00300989 -0.00192013 -0.000300036
0 0 221 -0.00336027 -0.00220001 -0.000530102 -0.00108002
0 0 222 0.00223956 -0.000510072 0.00177993 -0.000790055
0 0 223 0.00449939 -0.00131012 -0.000980061 0.000339985
0 0 224 0.00139994 9.92832e-06 0.00171997 -0.000250137
0 0 225 0.00251965 0.00293997 -0.00226008 0.00125993
0 0 226 -0.000740601 -0.000240048 -0.000240076 -0.00044015
0 0 227 0.00233973 -0.0023 -0.000770071 0.000479947
0 0 228 0.00106977 0.00301992 -0.00194008 -0.00139007
0 0 229 -0.00115052 -0.000440029 -0.00233008 -0.000990109
0 0 230 0.00249987 0.00109992 -0.000120024 0.000609868
0 0 231 0.00180986 -0.00247004 0.00191992 -0.000260026
0 0 232 -0.00109055 0.00158998 0.000549965 0.00193996
0 0 233 0.000729706 -0.00102005 0.00390994 -0.000920128
0 0 234 -0.00206065 -0.000680106 0.00048987 -0.000980068
0 0 235 -0.00131067 0.0013999 -0.00193004 -0.00138002
0 0 236 -0.000120449 0.000609996 0.000659979 0.00159995
0 0 237 -0.00014022 -0.000880087 0.000449989 -0.000950098
0 0 238 -0.00400019 0.00206988 -0.00284013 -0.00261002
0 0 239 -0.00309006 -0.00132002 -0.00213012 -0.000100134
0 0 240 0.00155943 0.00144989 0.000419874 0.00146987
0 0 241 0.00173935 0.000829901 -0.00120009 -0.00047012
0 0 242 -0.000630542 0.00105995 0.000769993 0.00192992
0 0 243 0.000629533 -0.000610063 0.00132997 -0.00223014
0 0 244 -0.00107012 0.00161993 0.000689958 -0.00141015
0 0 245 0.000299356 -0.00172011 2.98723e-05 0.000519957
0 0 246 0.00445984 0.000229957 0.0010299 0.00139989
0 0 247 0.000349443 -0.000400058 0.00432992 0.00140993
0 0 248 0.00333949 0.000439962 -0.000740092 0.000709971
0 0 249 0.00128989 0.00272997 0.000819913 0.00221989
0 0 250 -0.00187019 0.000349995 -0.00291013 0.00063999
0 0 251 0.00101968 -0.00209012 0.000349877 -0.000920128
0 0 252 5.94676e-05 0.00173996 -0.000430126 -0.00267011
0 0 253 -0.00199013 -0.00258005 -0.00112005 -0.00128007
0 0 254 -0.000750486 0.0003099 0.00126987 -0.00150006
0 0 255 -7.03623e-05 -0.000230024 0.00138993 -0.00160001
0 0 256 -0.000300366 -0.000680106 0.00105988 0.0012899
0 0 257 -0.00158021 -0.000300067 -0.00284013 -0.00260013
0 0 258 -0.00189062 -0.000710053 0.000309995 0.00139989
0 0 259 -0.00207053 -0.000610063 -0.000870047 -0.000410028
0 0 260 0.00157986 -0.000630111 0.00144988 -0.000170115
0 0 261 -0.00113009 0.000479934 0.00113992 -0.00191005
0 0 262 0.00198978 -0.000590015 -0.00253003 0.000169901
0 0 263 0.0025895 0.000649967 -6.00654e-05 -0.00124006
0 0 264 0.00106977 0.000389967 -0.00195011 -0.00047012
0 0 265 -0.00157033 0.00131995 0.00067992 0.00210989
0 0 266 -0.00248045 0.0003099 0.00122999 -8.00529e-05
0 0 267 0.000279585 -0.00181007 0.00273994 0.000859973
0 0 268 -0.00252065 0.00200999 0.00171997 0.00104999
0 0 269 -0.000430195 0.000349995 0.000189942 -0.00128007
0 0 270 -0.000390653 -0.000750025 0.000479968 -0.000200085
0 0 271 -0.000530369 -0.00127003 0.00206995 0.000439936
0 0 272 -0.00106023 -0.000910035 -0.00152009 0.000859973
0 0 273 9.38097e-06 -2.00194e-05 -0.000620039 -0.0022201
0 0 274 -0.00183064 -0.000620087 0.000309995 -0.00109006
0 0 275 0.000289471 -0.00105012 0.000309995 0.000769911
0 0 276 -0.000730056 0.00115994 -2.00478e-05 0.000379996
0 0 277 0.000889852 0.00062992 -0.0026201 0.00211993
0 0 278 -0.000930403 -0.000130034 0.000809875 -5.00828e-05
0 0 279 0.00274965 0.000699962 0.000599885 0.00174995
0 0 280 0.00052936 -0.000150081 0.00208989 0.00268997
0 0 281 0.000239384 0.000119943 0.000469929 -0.0018101
0 0 282 0.000359329 0.000849948 -0.00146014 0.00109
0 0 283 -0.00027005 -0.00195004 -0.00115003 0.00213986
0 0 284 0.000579446 0.00292995 -0.000760033 -0.000380058
0 0 285 -0.000880316 -0.000160105 0.000619961 0.00103995
0 0 286 0.0012398 -0.00124008 0.00173991 9.85739e-06
0 0 287 0.0016194 0.00355997 0.00257987 0.00174995
0 0 288 -0.000660199 -0.00140009 -0.00110011 0.00195989
0 0 289 0.00159963 0.00241997 0.00128995 -0.000980068
0 0 290 0.000599876 -8.00385e-05 -0.000910065 -0.00312012
0 0 291 -0.00255031 -0.00118006 -0.000910065 -0.00111014
0 0 292 0.00136963 0.00020991 0.000819913 0.00292989
0 0 293 0.000409415 0.00139 0.00143998 0.000359914
0 0 294 -0.00156044 0.000689939 -0.000420087 -0.000930017
0 0 295 -0.00245014 0.00103991 0.000119946 0.00109
0 0 296 -0.00340047 0.00115994 -0.00059006 0.00156998
0 0 297 -0.00240005 -0.00278003 -0.000250115 -0.00426004
0 0 298 0.000329672 0.000219933 -1.00095e-05 -0.00221006
0 0 299 -0.00176013 -0.000930082 -0.00179004 -0.000350088
0 0 300 0.000459502 -0.000870063 0.000539926 -0.000120064
0 0 301 0.00136963 -0.00197008 -0.00222006 0.00179985
0 0 302 -0.0018603 -0.0002101 -0.000390108 -3.00013e-05
0 0 303 -0.000150106 -0.00126 0.000379992 0.00300991
0 0 304 0.00170969 7.99712e-05 0.00181994 0.000889944
0 0 305 0.000459502 -0.000870063 -0.00130007 0.000939995
0 0 306 0.00340934 0.00206988 0.0011699 0.000959924
0 0 307 0.000389644 0.000239981 0.000599885 0.00221989
0 0 308 0.00302974 -0.00274006 -0.000200059 0.00176988
0 0 309 -0.00172059 0.00131995 -0.00108004 -0.000980068
0 0 310 0.00260993 -0.00110012 0.00256997 -0.00139007
0 0 311 0.00169981 5.99236e-05 1.99697e-05 0.00306985
0 0 312 -0.000280594 -0.000460077 -0.00122003 0.00379993
0 0 313 3.96966e-05 -0.000620087 0.00027988 0.000739941
0 0 314 0.000429845 -0.00141011 0.000599885 -0.000390099
0 0 315 -0.00128035 -0.000290043 -0.000540004 0.000199871
0 0 316 -0.00138052 -0.000660058 0.00234994 0.000909873
0 0 317 0.000159641 0.00151993 0.000179904 0.00153985
0 0 318 -0.00294046 -0.00188012 -0.00279007 -6.01235e-05
0 0 319 -0.000120449 0.000999934 -0.00109008 0.00247988
0 0 320 0.000209728 0.000189986 -0.00153013 8.98791e-05
0 0 321 -3.01611e-05 0.00056 0.000569905 0.00298998
0 0 322 -0.00104046 0.000509881 0.00230992 0.00196993
0 0 323 -0.000790029 0.0003099 -0.00146014 -0.00211011
0 0 324 -0.00239017 0.000369919 2.98723e-05 -4.00421e-05
0 0 325 0.000849651 0.000119943 -0.000680134 -0.00204013
0 0 326 -0.000170536 -0.000640011 0.00132997 -0.00101004
0 0 327 -0.00192027 0.000739934 -0.00205009 0.00245995
0 0 328 0.000569561 1.99521e-05 0.000549965 0.000999935
0 0 329 0.000899737 0.00129991 0.00143998 0.000999935
0 0 330 -0.00466054 -0.00038001 -0.00197005 -0.00047012
0 0 331 -0.000860545 -0.00122003 0.000899948 0.00124989
0 0 332 0.00155943 -0.000890111 -0.00112005 -0.00259009
0 0 333 -0.00083023 -0.00252003 -0.000100083 -0.00190001
0 0 334 -0.00196047 0.000649967 0.00167995 -0.00158008
0 0 335 -0.00177001 -0.00221004 0.00241994 -0.00257
0 0 336 0.00170969 -0.00261012 0.000919889 0.00228987
0 0 337 -0.000180421 0.00121996 -4.01244e-05 -0.00267011
0 0 338 -0.00151035 -0.00133004 -0.000710113 0.00063999
0 0 339 -0.00134032 0.000779905 0.00228998 0.00189995
0 0 340 -0.00180033 -0.00126 -0.00121013 -0.00128007
0 0 341 -0.000460511 0.000199886 0.00161999 -0.00452004
0 0 342 -0.000800573 0.00111997 -0.00355 -9.00936e-05
0 0 343 -0.00153012 -0.000620087 0.00265991 0.00165989
0 0 344 0.00229953 0.000519905 -0.00083003 -0.00113007
0 0 345 0.000439731 0.00269 0.000699996 -0.00196011
0 0 346 -0.0014405 0.00201989 9.9314e-06 -0.000330006
0 0 347 -0.000640428 0.00280991 -0.000390108 -0.00046008
0 0 348 0.000459502 -0.0002101 0.00114996 0.000179941
0 0 349 -0.00222013 0.000529929 0.000269977 0.00126997
0 0 350 -0.00461045 -0.00011011 0.000569905 0.000619909
0 0 351 -5.05912e-05 0.000389967 -0.000340052 0.00210989
0 0 352 4.95821e-05 0.000909967 -0.00120009 -0.000760085
0 0 353 -7.03623e-05 0.0016 -0.000370032 0.00119999
0 0 354 0.00360969 0.000839924 0.000319898 -0.00144012
0 0 355 -0.00177001 -7.00147e-05 -0.000790012 0.000329944
0 0 356 0.000279585 0.00225996 0.000939966 -0.00100015
0 0 357 0.00112974 0.00146994 -0.00200003 0.00140993
0 0 358 -0.0037603 0.0013499 -0.000550043 0.0035299
0 0 359 0.000939938 -0.000690006 0.00265991 -0.00287001
0 0 360 0.00226987 0.00108 0.000289918 -0.00201001
0 0 361 0.00101968 -9.00623e-05 0.000539926 -0.000220015
0 0 362 0.000889852 0.000659991 -0.0044 0.00307989
0 0 363 -0.000200192 0.000439962 0.00190988 0.00175999
0 0 364 0.00179932 0.000249881 0.00124993 0.00152996
0 0 365 -0.000350452 0.0016599 0.000289918 -0.00165006
0 0 366 0.00368943 3.99998e-05 0.000219922 -0.0016601
0 0 367 0.00466942 0.00113 0.000149925 -0.000960139
0 0 368 9.96688e-05 -0.00143004 -0.00078011 -0.00139007
0 0 369 0.000819335 -0.000950006 9.9314e-06 0.00223997
0 0 370 -0.000280594 -0.000450053 -9.00446e-05 0.000179941
0 0 371 0.0021295 -0.00106002 -0.00038007 0.000629949
0 0 372 0.00218947 0.000779905 5.99872e-05 0.000279892
0 0 373 -0.00113009 0.00188995 -0.00104002 -0.00044015
0 0 374 -0.000150106 -0.00198011 -0.000480046 -0.00120005
0 0 375 0.000869422 0.00171992 -0.000420087 -0.000720074
0 0 376 0.00288936 0.000159914 -0.00212009 0.000509917
0 0 377 0.000169526 0.000619896 0.000499909 0.00109
0 0 378 0.00158975 0.00186 -0.000130062 0.000859973
0 0 379 -0.00338004 -4.0067e-05 0.00151988 -0.000300036
0 0 380 -0.00348021 -0.000940106 0.000619961 -0.00118012
0 0 381 -0.00146027 0.00109992 0.000259939 0.00119999
0 0 382 0.000779793 0.000279952 0.000599885 -0.00225007
0 0 383 0.000229499 -0.000340039 -0.000980061 0.00129994
0 0 384 0.00112974 -0.00137002 -0.00113009 0.00183986
0 0 385 -0.000640428 0.00153998 0.00110994 0.00135988
0 0 386 0.000509589 -0.00181007 0.000909987 0.000119849
0 0 387 -0.000770257 -0.000610063 0.00067992 -0.00177009
0 0 388 -0.00314015 0.00236998 -0.00141008 -0.00200012
0 0 389 -0.00239017 0.000779905 -8.00063e-05 0.000179941
0 0 390 -0.00153012 -0.000160105 0.00138993 0.000839892
0 0 391 -0.00150047 -0.00149005 0.0014899 0.00292989
0 0 392 -0.000170536 0.00345998 0.0014199 0.00330991
0 0 393 0.00143949 -0.00191006 -0.00198009 -0.000320118
0 0 394 -0.00096006 0.000399991 6.98899e-05 0.000139931
0 0 395 0.00067962 0.0029599 -0.000860009 0.000909873
0 0 396 -0.000190307 -0.00142001 -0.000650019 0.00264996
0 0 397 -0.00230054 -0.000610063 0.000499909 -0.000760085
0 0 398 -5.04557e-07 0.00139 -0.00359002 0.000149971
0 0 399 -0.000250279 0.00014989 -0.000580022 0.00105988
0 0 400 0.000619647 0.00329997 -0.00109008 -5.00828e-05
0 0 401 -0.00147015 0.00129991 0.000449989 -0.000690104
0 0 402 0.00082988 0.00329997 0.000499909 -0.0011001
0 0 403 0.00221978 -4.0067e-05 -0.000810089 0.00226994
0 0 404 -0.00202045 0.00062992 0.00169989 -0.000670023
0 0 405 -0.00156044 -0.00121001 0.000519985 -0.000310077
0 0 406 0.00131954 0.000379943 5.99872e-05 0.00101986
0 0 407 0.00110997 -0.00214012 0.00254989 -0.00145001
0 0 408 -0.000220622 -0.00386 -0.00199013 0.00146987
0 0 409 0.000629533 0.00152996 -0.00112005 -0.0016601
0 0 410 0.000769907 -0.00327008 8.99665e-05 0.00106992
0 0 411 -0.000220622 -0.00161009 0.000159963 0.0021499
0 0 412 0.00144937 -0.00012001 -0.000500122 -0.000320118
0 0 413 -1.03901e-05 0.000609996 0.00449 -0.000150034
0 0 414 0.000349443 0.00135993 0.000219922 -1.0072e-05
0 0 415 3.96966e-05 -0.0010401 0.000669881 0.000259963
0 0 416 0.00112974 0.00119992 -0.00075013 -0.000290148
0 0 417 0.0012398 0.00100996 -0.000120024 -0.000610082
0 0 418 0.00292957 -0.000880087 -0.00330013 0.00144994
0 0 419 0.000789678 0.00140992 -0.000160041 0.000399925
0 0 420 0.00113963 0.000939915 -0.00196002 -0.00187004
0 0 421 -5.05912e-05 0.00146994 0.000399933 -0.00233009
0 0 422 0.00145992 0.00108 8.99665e-05 0.00477997
0 0 423 0.00260993 -0.00141011 0.00197988 0.000359914
0 0 424 -0.00212062 0.00147996 0.00213995 0.000929954
0 0 425 0.00241947 0.00013999 0.000249901 -0.0013601
0 0 426 -0.00110043 -0.00120011 0.000419874 -0.00101004
0 0 427 -0.00405027 1.99521e-05 0.00237992 -0.000590001
0 0 428 -2.02756e-05 7.99712e-05 0.000529888 -0.00212015
0 0 429 -0.00244025 -0.00123005 4.99489e-05 0.000119849
0 0 430 -0.00273023 0.00416993 0.000139887 -0.000570071
0 0 431 -0.00127047 -0.00205003 -0.00140004 0.000469906
0 0 432 -0.00227022 0.00196989 -0.00075013 -0.00160001
0 0 433 -0.00426051 0.00100996 0.00232986 -0.00219013
0 0 434 -0.000870431 0.000919991 -0.00113009 0.00222993
0 0 435 -0.00112021 0.00100996 -0.000790012 -0.000510131
0 0 436 0.000919508 0.000239981 0.000109907 -0.00307006
0 0 437 0.000489818 -5.00908e-05 0.00139996 0.00138985
0 0 438 -0.00269003 -0.000240048 -0.00080005 -0.00047012
0 0 439 -0.000330022 -0.000310091 -0.000200059 -0.000510131
0 0 440 0.000799564 -0.00262002 -0.000220135 -0.000120064
0 0 441 0.00067962 0.00140992 3.99106e-05 -0.00233009
0 0 442 -0.000840115 -0.00356003 -0.0009901 0.00336985
0 0 443 -0.000300366 -4.0067e-05 -0.00200003 -0.00106009
0 0 444 0.00121937 -0.00134007 0.000249901 -0.000260026
0 0 445 0.000669734 -0.00080002 -0.000890124 -0.000200085
0 0 446 -0.00014022 -2.00194e-05 0.000859931 0.00222993
0 0 447 0.00136963 -0.000580115 -0.00159009 0.00162992
0 0 448 0.0045297 -0.00132002 -0.000570119 0.00130998
0 0 449 -0.00242048 0.00098991 -4.01244e-05 0.000599979
0 0 450 -0.00152024 -0.00133004 0.00121995 -0.00044015
0 0 451 0.000789678 0.00136995 -3.00861e-05 0.000979854
0 0 452 0.00259939 -0.00301008 -0.000630078 -1.0072e-05
0 0 453 -0.00121049 0.00183995 -5.00271e-05 0.00134999
0 0 454 0.00275953 0.000189986 0.00178997 0.00181993
0 0 455 -0.00118018 -0.00079012 -0.000220135 -0.000870077
0 0 456 0.00110997 0.00056 0.000369953 0.00132991
0 0 457 -0.00309006 -0.000610063 0.00150998 -0.00270008
0 0 458 -0.000880316 0.00129991 -0.0013101 -0.00163013
0 0 459 -0.00382027 0.00102988 -0.000430126 -0.00141015
0 0 460 -0.00125004 0.00200999 0.000509947 8.98791e-05
0 0 461 0.000639418 0.00180988 0.00067992 -0.000390099
0 0 462 -0.00196047 0.000979887 0.00176989 -0.00141015
0 0 463 0.00110997 -0.00271011 0.00110994 -0.000160075
0 0 464 0.00144937 0.000599972 0.000309995 0.000869862
0 0 465 -0.00238028 -0.00028002 -0.000870047 0.000299974
0 0 466 0.00163983 -0.000870063 -0.000460105 -0.000170115
0 0 467 -0.00103058 -0.000680106 0.00254989 0.000439936
0 0 468 0.00133997 -0.000480001 -0.001 0.00176988
0 0 469 -6.04767e-05 0.0011399 -0.000250115 -0.000130104
0 0 470 -0.000300366 -0.00267002 -0.000960121 -0.00274009
0 0 471 9.38097e-06 0.00142997 -0.000150003 -0.000910087
0 0 472 -0.00143061 0.00132998 0.000149925 0.000359914
0 0 473 -0.00212062 0.0018699 -0.000390108 -0.000320118
0 0 474 -7.03623e-05 0.0005699 0.00207999 -0.000190045
0 0 475 0.000369873 0.00110995 -0.000280094 0.00167997
0 0 476 0.00244979 0.00253989 -0.000700074 -0.00100015
0 0 477 0.00226987 0.00120994 0.00228998 -0.00135005
0 0 478 0.000949824 0.000679915 0.00250987 0.000989895
0 0 479 0.000929394 0.00180988 -0.00152009 -0.0026301
0 0 480 0.000309901 -0.000550044 -0.00080005 -0.000680063
0 0 481 5.94676e-05 -0.000670082 -0.00119005 0.00260995
0 0 482 -0.00083023 -0.000170005 -0.00135012 -0.00103012
0 0 483 -0.000780143 6.99474e-05 0.000849893 -0.000220015
0 0 484 0.00255985 0.00309998 0.00125997 0.000479947
0 0 485 0.00150934 -0.00181007 -0.00080005 -0.000280107
0 0 486 0.00241947 0.00088992 0.00157998 -0.00052002
0 0 487 0.00169981 0.00257998 -0.000280094 0.00195989
0 0 488 -0.00055014 -0.00109009 -0.000880086 5.9909e-05
0 0 489 -0.00232031 0.000669891 -0.00387001 -0.00211011
0 0 490 0.00263959 0.000429938 -0.000320111 0.000659919
0 0 491 -0.000560025 -0.000670082 -0.00226008 -0.00171015
0 0 492 -0.00236051 -0.000340039 0.00333993 0.000779952
0 0 493 0.00011944 0.000829901 -0.00213012 0.000879903
0 0 494 0.00140983 -0.00164004 -0.00206013 0.00154989
0 0 495 -0.000320137 0.0026499 0.0015599 0.000379996
0 0 496 -0.00269003 -0.00223008 0.00384999 -0.000870077
0 0 497 -0.00131067 -0.00143004 0.000749916 -0.000120064
0 0 498 0.00467996 -8.00385e-05 0.00111998 0.00178996
0 0 499 0.00435967 -0.000390034 -6.00654e-05 -0.000900047
0 0 500 0.00327951 -0.00152 0.00027988 0.000899984
0 0 501 0.00464965 0.0005699 -0.000100083 -0.000100134
0 0 502 0.00490997 0.000799953 -0.00162007 0.00234996
0 0 503 0.0043399 -3.00432e-05 0.000799972 0.00126997
0 0 504 0.00574958 0.00127998 0.00147986 0.00124989
0 0 505 0.00964975 -0.00129007 -0.00080005 -0.00148013
0 0 506 0.00928991 -0.00163002 -0.00187008 0.00121992
0 0 507 0.0105796 0.00118989 0.00183989 0.00140993
0 0 508 0.0155395 -0.00113006 -0.000270056 0.000629949
0 0 509 0.0173598 0.0023899 -0.00146014 0.0025599
0 0 510 0.0226294 0.000379943 0.00227994 0.000779952
0 0 511 0.0268993 0.000849948 0.000699996 0.00131987
0 0 512 0.0314295 -0.00293002 -0.000840068 -0.000880117
0 0 513 0.0347596 -0.000840115 0.000239863 -0.000560031
0 0 514 0.0383099 -0.000840115 -0.000570119 0.000559968
0 0 515 0.0326198 -0.00336005 0.000259939 0.00154989
0 0 516 0.0344598 0.00174999 0.000149925 0.000689889
0 0 517 0.0317195 -0.00215002 -0.000130062 -0.00242
0 0 518 0.0246296 -0.00190004 -0.001 0.00343999
0 0 519 0.0223395 0.00126996 -0.00207003 0.00166993
0 0 520 0.0109494 0.000659991 -0.00211005 0.00322989
0 0 521 0.0135394 0.00101998 0.00119988 0.000519957
0 0 522 0.0107998 -0.00133004 0.000869969 0.000999935
0 0 523 0.0085999 0.00173996 0.000569905 -0.00203009
0 0 524 0.00840944 -0.000230024 -7.01037e-05 0.00370987
0 0 525 0.00991995 0.000619896 -0.000180118 0.000659919
0 0 526 0.00458967 -0.00166009 -0.00142012 0.00219996
0 0 527 0.00555977 0.00153998 0.000409971 -0.000220015
0 0 528 0.00550969 0.00102988 -0.000640116 0.000369955
0 0 529 0.00601978 3.99998e-05 -0.00078011 0.0012899
0 0 530 0.00509977 -0.00190004 0.000999924 -0.000530061
0 0 531 0.00543983 0.00200999 -0.00110011 0.00170994
0 0 532 0.00696945 0.00120994 -0.000650019 -0.00412008
0 0 533 0.00678953 0.00226999 0.0010299 -0.00104001
0 0 534 0.00171958 -0.000160105 0.0028699 -0.000350088
0 0 535 0.00200955 -0.000520096 -0.00159009 -0.000320118
0 0 536 0.00338957 0.000239981 -0.000370032 0.000939995
0 0 537 0.00164972 0.00130993 0.00112988 0.00105988
0 0 538 0.000999911 0.00149989 0.00083999 0.00157986
0 0 539 0.0025895 0.000179962 -0.00214003 -0.00267011
0 0 540 0.00397941 0.00258988 -0.000890124 -0.00171015
0 0 541 0.00132943 -0.000590015 -1.06894e-07 -0.000670023
0 0 542 0.000869422 0.00141994 0.000559867 0.000119849
0 0 543 0.00394975 -0.00295007 -0.000650019 -0.00141015
0 0 544 0.00376983 0.00106998 0.00117994 0.000339985
0 0 545 0.00354972 0.00135993 -0.000680134 9.99198e-05
0 0 546 0.00213938 0.000489957 0.000359915 0.00111997
0 0 547 0.000309901 -0.00133004 0.000149925 1.98981e-05
0 0 548 0.00122991 -0.0018201 0.00283992 -0.00144012
0 0 549 0.00275953 0.00303997 0.00123989 0.00346996
0 0 550 0.00484933 -0.000130034 0.00122999 0.000609868
0 0 551 0.00292957 0.000549977 -0.000120024 -0.000920128
0 0 552 0.00663993 0.000489957 -0.00112005 -0.00107013
0 0 553 0.00260993 0.00163997 -0.000110121 -0.0011001
0 0 554 0.000999911 0.000539953 0.00284995 0.00135988
0 0 555 0.000449616 -0.000190053 0.00140987 0.00175999
0 0 556 0.00499959 -0.000690006 0.00132997 6.99497e-05
0 0 557 0.00274965 -0.00144006 0.000779896 0.000209912
0 0 558 0.00608964 0.000579924 -0.00132001 0.00259991
0 0 559 0.0011996 0.000579924 0.000249901 0.000939995
0 0 560 0.00476959 -0.000710053 0.0015599 0.000799881
0 0 561 0.0030594 -0.000330015 -0.000700074 -0.00132008
0 0 562 0.0043399 0.00170989 0.000339974 0.00172987
0 0 563 0.00335992 -0.000480001 -0.000100083 -0.000360129
0 0 564 0.00408947 -0.000200077 -0.000290132 -0.00047012
0 0 565 0.00476959 -0.00380011 -2.00478e-05 0.00411987
0 0 566 0.00421996 0.00207991 -0.00124011 0.00196993
0 0 567 0.00277996 0.00170989 -0.0026901 0.000979854
0 0 568 0.00510965 0.000929891 0.000699996 0.00374988
0 0 569 0.0045699 -0.0036 0.000969945 0.00297994
0 0 570 0.00678953 -0.000900011 0.00118997 0.0011399
0 0 571 0.00685939 -0.000200077 0.000759955 0.00531
0 0 572 0.00814978 0.0016099 -7.01037e-05 0.00335997
0 0 573 0.00420941 -0.00120011 0.000769993 0.00248992
0 0 574 0.00523948 -0.000190053 -0.00292003 0.00104999
0 0 575 0.00548992 8.9995e-05 0.00134991 0.00209985
0 0 576 0.00953969 -0.000810044 -0.00183006 0.00286995
0 0 577 0.0101895 0.000749958 -0.000680134 0.00101986
0 0 578 0.00663993 0.00150991 0.00168999 0.00353994
0 0 579 0.00718957 -0.00197008 -0.00217001 0.00496998
0 0 580 0.00902959 -0.00174003 -0.000260017 0.00185994
0 0 581 0.00666959 -0.000820068 -0.000160041 0.00131987
0 0 582 0.00459956 0.000329948 0.00088991 0.00262988
0 0 583 0.00888988 0.00127998 0.00022996 0.00257998
0 0 584 0.00583986 0.000109919 -0.00075013 -0.000640052
0 0 585 0.0095298 0.00115994 0.00130989 0.000719859
0 0 586 0.00882991 0.00013999 -0.00209011 0.00238997
0 0 587 0.00624978 -0.000740001 -0.00185 0.000789993
0 0 588 0.0108894 0.00136995 -0.00083003 0.000569857
0 0 589 0.0108096 0.00122999 0.00250987 0.00134999
0 0 590 0.00965963 -0.000810044 -0.000740092 0.00171998
0 0 591 0.0107694 -0.00152 -0.000850106 0.00252993
0 0 592 0.00946983 -0.000230024 -0.00130007 0.00221
0 0 593 0.0112894 0.000589948 0.000719937 0.00251989
0 0 594 0.0117797 0.000849948 -0.00283009 0.00193996
0 0 595 0.00668936 -0.000860039 -0.00136002 0.00493986
0 0 596 0.00972949 -0.000720077 -0.00166009 0.000889944
0 0 597 0.0114997 -0.00108007 -0.00017008 0.00234996
0 0 598 0.0117593 -0.00315005 0.00027988 0.000519957
0 0 599 0.0134293 -0.00108007 -0.00146014 0.000459865
0 0 600 0.00763969 0.00200999 0.000799972 0.00131987
0 0 601 0.00970972 -0.000660058 -0.0013101 0.00189995
0 0 602 0.0101394 -0.0023401 -0.00164001 -7.00121e-05
0 0 603 0.0100195 0.000109919 0.00158988 -0.000410028
0 0 604 0.00766935 -0.00137002 -0.00196002 -0.000740003
0 0 605 0.00677965 -0.00267002 -0.00173008 0.00277988
0 0 606 0.00978946 -0.000390034 -0.0026901 -0.000930017
0 0 607 0.00653976 1.99521e-05 -0.00217001 -0.00466
0 0 608 0.00713948 -0.000340039 0.00216993 0.00200994
0 0 609 0.0035596 0.00106998 -0.0021601 0.00105988
0 0 610 0.00634996 -0.00115011 4.99489e-05 -0.00325004
0 0 611 0.00830993 -0.00012001 0.00043995 -0.000480009
0 0 612 0.00473993 0.00137997 0.00121995 -0.00176005
0 0 613 0.00397941 -0.00296009 0.00212991 -0.000550142
0 0 614 0.0056896 -0.000190053 -0.000570119 0.0016999
0 0 615 0.00290979 -0.00292012 -0.00180008 -0.000340047
0 0 616 0.00451982 -0.000490025 -0.000860009 9.99198e-05
0 0 617 0.00498971 -0.00186007 0.000719937 -0.000890006
0 0 618 0.00261982 -8.00385e-05 -0.000520063 -0.00147009
0 0 619 0.00350952 0.00102988 0.000919889 -0.000230055
0 0 620 0.00524937 0.000109919 4.99489e-05 -0.00242
0 0 621 0.00300997 -0.000740001 -0.00173008 -0.00175001
0 0 622 0.00114951 0.000529929 0.000469929 -0.000420069
0 0 623 0.00120948 0.000249881 0.000939966 -0.00231001
0 0 624 0.00200955 -0.000310091 -0.0019101 0.00012989
0 0 625 0.00225933 0.000699962 0.00202993 -0.000600042
0 0 626 -0.0014405 0.00111997 -0.00186004 -0.00132008
0 0 627 0.000749477 -0.000420105 0.00302997 9.85739e-06
0 0 628 0.000199842 -0.000230024 -0.00105006 0.0014399
0 0 629 0.00106977 0.0003099 -0.00149012 0.0007299
0 0 630 0.00263959 -9.00623e-05 -0.000690036 0.00205999
0 0 631 0.00200955 0.000289976 0.00135995 0.00277
0 0 632 0.00184941 -0.000490025 4.99489e-05 1.98981e-05
0 0 633 -0.00130012 -0.000720077 0.00231996 -0.00256012
0 0 634 0.00215981 0.00146994 0.000649941 -0.000220015
0 0 635 0.00457979 -0.00185005 -0.000530102 0.00293993
0 0 636 0.00164972 0.000449986 0.00395986 0.00182997
0 0 637 0.00255985 0.00152996 1.99697e-05 0.00376996
0 0 638 0.00039953 -0.00224011 -0.001 0.00187987
0 0 639 0.00134986 0.000239981 -0.00271004 0.00133995
0 0 640 0.00236939 0.00140992 0.00114996 0.00185994
0 0 641 0.00207941 0.000219933 0.000109907 -9.00936e-05
0 0 642 -0.00109055 -0.000250072 -0.00110011 -0.00296007
0 0 643 0.00104934 9.92832e-06 0.000759955 0.00136992
0 0 644 -0.00132055 0.00102988 -0.000370032 -0.00202005
0 0 645 0.000899737 -0.00119008 -0.00185 0.00157986
0 0 646 -0.00014022 0.00121996 0.00254989 0.000879903
0 0 647 0.000669734 -0.000840115 -0.00240007 0.000119849
0 0 648 -0.00042031 -1.01193e-05 -0.0021601 -0.00240007
0 0 649 -0.00111032 0.000799953 9.98691e-05 -0.0011001
0 0 650 -0.00297012 0.00239993 -0.000690036 0.00136992
0 0 651 -0.00269003 -0.000820068 -0.00231014 2.99389e-05
0 0 652 -0.000200192 0.00104993 0.00259995 0.00215995
0 0 653 -0.00189062 -0.00257003 -0.000930006 0.000419854
0 0 654 -0.00342024 -0.000820068 -0.00165005 1.98981e-05
0 0 655 -0.000750486 -0.000610063 -0.00188012 -0.00216001
0 0 656 0.000879966 -0.00096003 -0.000710113 -0.00213004
0 0 657 0.00312991 0.00104993 -0.00075013 -0.00229008
0 0 658 0.00114951 0.000189986 0.000329936 0.000559968
0 0 659 0.000709935 -0.00210002 0.00172987 0.00249996
0 0 660 0.00334937 0.00218992 0.00137989 0.00161987
0 0 661 -0.000190307 0.000999934 -0.000200059 0.00238997
0 0 662 0.00171958 0.00158998 -0.00243005 7.99904e-05
0 0 663 0.000479932 -0.000770073 0.000969945 0.000259963
0 0 664 0.000319786 0.0026499 -3.00861e-05 -0.00047012
0 0 665 0.00380938 -0.0012501 0.00203997 -0.000790055
0 0 666 0.000289471 0.00293997 0.00236988 -0.00140011
0 0 667 -0.0007004 -0.000260096 -0.00059006 0.0007299
0 0 668 0.000179412 0.00317993 -0.000220135 0.000579898
0 0 669 0.00431947 -0.00114009 0.00135995 0.000649879
0 0 670 0.000159641 8.9995e-05 -0.00202011 0.00234996
0 0 671 0.000319786 0.000669891 -0.00128013 0.00202987
0 0 672 0.00111985 -0.000160105 -0.000960121 0.00407986
0 0 673 0.000659849 0.00141994 -0.00132001 0.00293993
0 0 674 0.0011594 0.0010899 0.00115999 -0.000370017
0 0 675 0.000439731 -0.000300067 -0.000520063 0.000229993
0 0 676 0.00248933 0.00132998 -0.000600098 0.00176988
0 0 677 0.00106977 -0.00163002 0.00167995 -6.01235e-05
0 0 678 -0.000300366 -0.00134007 0.00151988 0.000239882
0 0 679 -0.000110563 -0.000340039 -0.000630078 0.00233992
0 0 680 -0.00189062 -0.00159004 0.0024 0.00163996
0 0 681 0.000819335 -0.000730101 0.000569905 0.00126997
0 0 682 -0.000620657 0.000419915 0.000999924 0.000959924
0 0 683 0.000339558 0.000719886 0.000649941 0.000959924
0 0 684 -0.00200002 0.00123989 0.00185996 0.00210989
0 0 685 0.000369873 -0.00102005 -0.000840068 0.000619909
0 0 686 -0.000660199 0.0003099 -0.00104002 0.00258987
0 0 687 -6.04767e-05 -0.0015601 0.00182998 0.000999935
0 0 688 -0.00421042 0.000809977 -0.00115003 -0.0011001
0 0 689 -0.00135021 0.000589948 0.000919889 0.00150988
0 0 690 -0.00127047 0.000699962 0.00133987 -0.000780014
0 0 691 0.00139994 -0.000310091 0.00103994 0.00262988
0 0 692 -7.03623e-05 -0.00136012 0.000989886 0.00191988
0 0 693 6.93532e-05 -0.000550044 -0.00212009 -0.00245012
0 0 694 -0.00098049 -0.000160105 0.00145992 -0.00164002
0 0 695 0.00196935 -0.0013001 0.00316996 9.99198e-05
0 0 696 0.000769907 -0.000330015 -0.00209011 -0.00052002
0 0 697 0.00124968 0.000419915 -0.000340052 -0.00239003
0 0 698 -0.00317046 0.00123989 -0.000620039 -0.00206006
0 0 699 2.98111e-05 -0.00215002 -0.000320111 -0.00177009
0 0 700 0.000169526 0.00142997 0.000799972 0.000839892
0 0 701 -0.000780143 -0.000920058 -0.00112005 0.000319903
0 0 702 0.000509589 0.000999934 0.000449989 -0.000710033
0 0 703 -0.00242048 0.000939915 0.000619961 -0.000180004
0 0 704 -6.04767e-05 -0.00306008 0.000219922 -0.00260013
0 0 705 -0.0015901 -0.00132002 0.00149994 -0.00137014
0 0 706 0.000149755 -0.000510072 0.00126987 -0.00285008
0 0 707 -0.000680629 0.00281994 -0.000720015 -0.00154007
0 0 708 -0.00137064 -0.000710053 0.00105988 0.00174995
0 0 709 -0.00243037 -0.00028002 -0.00102008 -0.00049005
0 0 710 4.95821e-05 0.000669891 -0.00117011 0.000739941
0 0 711 -0.000930403 0.00106998 -0.000390108 -0.00043011
0 0 712 -0.00143061 -0.000650034 -0.00214003 -0.000410028
0 0 713 0.000949824 -0.000290043 0.0014899 0.00231999
0 0 714 -0.00178056 -0.00106002 0.00117994 -0.00152014
0 0 715 0.00054979 0.000409891 0.000409971 -0.00259009
0 0 716 -0.00197036 -0.0013001 -0.000280094 -0.000320118
0 0 717 -0.000800573 0.000339972 0.000739878 -0.000600042
0 0 718 -0.00161053 -0.000320115 -0.00111002 0.000709971
0 0 719 -0.000200192 0.000459886 -0.0031501 0.000799881
0 0 720 0.00389966 -0.000140058 -0.00215007 0.00063999
0 0 721 0.00163983 -0.00133004 0.000789934 -0.000650093
0 0 722 -0.000690514 0.000739934 -0.00342005 -0.000600042
0 0 723 -0.00198025 -0.00237005 0.00122999 -0.000760085
0 0 724 -0.00197036 0.00181991 -0.00103012 0.00066996
0 0 725 0.000109554 -0.000520096 0.00199996 -0.000970028
0 0 726 -0.000560025 -0.00273004 -0.000180118 0.000219952
0 0 727 -0.00104046 -0.000550044 -0.00146014 0.0014399
0 0 728 0.00041996 -0.000100086 -0.00141008 0.000539887
0 0 729 0.00152977 0.00119992 0.000789934 -0.000530061
0 0 730 -0.00085066 -0.000190053 -4.01244e-05 0.00100998
0 0 731 -0.00194004 -0.00132002 -0.00197005 -0.00117008
0 0 732 4.95821e-05 0.00062992 0.000919889 -0.000920128
0 0 733 0.0016596 -0.000460077 0.000259939 -0.00179002
0 0 734 -0.00142007 -5.00908e-05 0.000539926 -0.00122013
0 0 735 -1.03901e-05 -0.00038001 -0.00141008 0.00406997
0 0 736 -0.000780143 -0.000220001 -0.000640116 -0.000480009
0 0 737 -0.00139041 0.000329948 0.00158988 0.00267993
0 0 738 -0.00257008 0.00241997 -0.000900026 7.99904e-05
0 0 739 0.000769907 0.00191 0.000379992 -0.00362002
0 0 740 0.00117983 -0.00188012 0.00120991 -0.00148013
0 0 741 0.000189957 0.000529929 -0.000470008 -0.00347002
0 0 742 -0.00146027 0.0005699 -0.000880086 -0.00116004
0 0 743 0.000929394 -0.00168001 -0.000640116 -0.00104001
0 0 744 0.00054979 -0.00114009 -0.00190006 -0.000730115
0 0 745 0.00041996 -0.000630111 -0.000100083 -8.00529e-05
0 0 746 0.000429845 1.99521e-05 -0.00075013 0.00216999
0 0 747 -0.00104046 0.00186 -0.000450067 0.000719859
0 0 748 0.00195947 -0.00141011 -2.00478e-05 -0.000670023
0 0 749 0.000129325 -0.000970054 -0.000850106 -0.000200085
0 0 750 0.00104934 0.00131995 0.00126987 0.000239882
0 0 751 0.00129977 0.00195999 -0.000470008 -0.00215012
0 0 752 0.00268968 0.000839924 -0.000570119 -0.00194002
0 0 753 -0.00255031 -0.00103007 -0.00159009 0.000169901
0 0 754 0.000209728 -5.00908e-05 0.00110994 -0.00182014
0 0 755 0.00109942 0.00122999 0.00149994 0.00109
0 0 756 -0.00208042 0.000369919 0.0019499 0.00132991
0 0 757 0.000939938 -0.00212007 -0.000420087 -0.00175001
0 0 758 -0.000450625 0.00113 0.000479968 -0.000530061
0 0 759 -0.000640428 6.99474e-05 -0.000910065 -0.00189012
0 0 760 -0.000440081 0.000189986 -0.000900026 0.00127986
0 0 761 -0.00117029 0.00239993 0.00337995 7.99904e-05
0 0 762 0.000919508 -0.00180005 -0.00017008 0.000389884
0 0 763 0.00039953 -0.0015101 -0.000400011 0.00100998
0 0 764 -0.00155055 -0.000940106 0.00144988 -0.000420069
0 0 765 -0.00196047 0.000919991 0.000329936 -0.000660134
0 0 766 0.00327951 -0.000430006 0.00145992 0.000479947
0 0 767 -0.00160064 0.000789929 -0.00238013 -0.00285008
0 0 768 0.00107965 -0.00195004 -0.00122003 -0.000690104
0 0 769 -0.000430195 0.000219933 0.00203997 -0.00189012
0 0 770 -0.00346044 0.00088992 -0.00152009 -0.000350088
0 0 771 -0.000460511 -0.0015601 -0.00110011 -6.01235e-05
0 0 772 -0.00232031 -0.000840115 0.000529888 -0.00129011
0 0 773 0.00164972 -0.00133004 0.00243988 -0.00159012
0 0 774 0.000329672 -2.00194e-05 -0.00110011 9.85739e-06
0 0 775 -0.00200002 0.00135993 0.000649941 -0.00281007
0 0 776 -0.00042031 0.00110995 0.00043995 0.000509917
0 0 777 -0.000620657 -0.000550044 0.00176989 -0.00112003
0 0 778 -0.000740601 0.00147996 -0.00075013 -0.00126014
0 0 779 -0.00152024 -0.000830092 0.00117994 -0.00192009
0 0 780 -0.000230508 -0.000470101 0.00227994 0.00287999
0 0 781 -0.00146027 0.00212 -0.000610137 0.000239882
0 0 782 0.00246956 0.000449986 -0.00374005 0.000899984
0 0 783 0.00103945 -0.00158002 0.00027988 0.000459865
0 0 784 0.00149946 0.00130993 0.00270996 -0.00176005
0 0 785 0.000199842 -0.00165006 0.000419874 0.000359914
0 0 786 -0.00238028 -0.000240048 0.00339989 0.00104999
0 0 787 -0.00245014 0.0016599 -0.000550043 -0.000710033
0 0 788 0.000339558 -0.000970054 -0.00101004 0.00177992
0 0 789 -0.00185042 -0.00037011 0.00120991 0.000239882
0 0 790 4.95821e-05 0.000909967 0.000649941 0.000279892
0 0 791 0.00175978 -0.000910035 -0.000560081 -0.000180004
0 0 792 -0.00389013 -0.000720077 0.00112988 0.000149971
0 0 793 -0.00200002 0.00104993 0.00157998 -0.000800096
0 0 794 -0.00255031 0.000399991 8.99665e-05 -0.00218009
0 0 795 -0.00219048 1.99521e-05 6.98899e-05 -0.00415005
0 0 796 -0.00332006 0.000399991 6.98899e-05 0.000769911
0 0 797 0.000199842 -0.00136012 -8.00063e-05 0.000789993
0 0 798 0.00121937 0.000279952 -4.01244e-05 0.000949884
0 0 799 -0.00111032 0.0042 -0.000600098 0.000179941
0 0 800 0.000929394 2.99759e-05 -0.000310073 0.000859973
0 0 801 -0.00191039 -0.000980078 -0.000190021 0.000449977
0 0 802 0.000899737 -0.000500048 0.00261989 0.000689889
0 0 803 0.00261982 -0.00241002 -0.000350091 -0.00163013
0 0 804 5.94676e-05 -0.00271011 -0.00169007 0.000349873
0 0 805 -0.000310251 0.00020991 -0.00130007 -1.0072e-05
0 0 806 -0.000370223 0.000609996 -0.00104002 -0.000830066
0 0 807 -7.03623e-05 -0.000160105 -0.000200059 0.000339985
0 0 808 0.00269956 -0.000250072 -0.000850106 0.00156998
0 0 809 0.00182964 0.000509881 -0.000420087 -0.00169007
0 0 810 0.00244979 9.92832e-06 0.00245995 -0.000200085
0 0 811 -0.00332006 0.00126996 -0.000310073 0.00173991
0 0 812 0.00460945 -0.00202008 0.000319898 0.000119849
0 0 813 0.00153966 0.000999934 -0.000560081 -0.00285008
0 0 814 0.00393987 0.00165 -0.00312012 -0.00138002
0 0 815 0.000579446 -0.00273004 -0.00227012 -0.00104001
0 0 816 -0.000670084 -0.00037011 -0.000220135 -0.0016601
0 0 817 -0.00083023 -0.00298001 -0.000220135 -0.00044015
0 0 818 -0.00112021 -0.00143004 -8.00063e-05 -0.00261002
0 0 819 -0.000380109 0.0036899 0.0010999 0.00161987
0 0 820 -3.01611e-05 0.00118989 0.000619961 0.00172987
0 0 821 -0.00096006 -0.000850016 9.98691e-05 8.98791e-05
0 0 822 -0.0016705 0.000909967 0.000109907 0.00165
0 0 823 2.98111e-05 0.000389967 -0.000610137 0.00106992
0 0 824 -0.00204022 0.00144989 0.000109907 -0.000950098
0 0 825 -0.000750486 0.000799953 0.00117994 -0.000730115
0 0 826 -0.00179044 -0.0015101 -0.000940044 0.00152996
0 0 827 -0.00188007 -0.00235012 -0.00017008 0.000209912
0 0 828 -0.000280594 -9.00623e-05 -0.00128013 0.00205999
0 0 829 -0.000380109 -0.00314002 0.000669881 -0.00104001
0 0 830 -1.03901e-05 -0.000840115 -0.000160041 3.99796e-05
0 0 831 -0.000400539 0.00234993 0.00252995 -0.00116004
0 0 832 -0.00233019 0.000229957 -0.00107013 0.000809922
0 0 833 -0.000900087 -0.000550044 0.000969945 2.99389e-05
0 0 834 0.00144937 0.00161993 0.00331999 0.000589938
0 0 835 -0.00290026 -0.00238007 -0.000620039 0.000899984
0 0 836 -0.000940289 0.00342 2.98723e-05 -0.000380058
0 0 837 -0.00212062 -0.000130034 0.00244992 0.0015899
0 0 838 -0.00268014 0.00167994 0.000929928 0.00355987
0 0 839 0.00154955 2.99759e-05 -0.00306002 0.00202987
0 0 840 0.000799564 -0.000610063 0.000789934 0.00133995
0 0 841 0.00110997 -0.000330015 -3.00861e-05 0.000619909
0 0 842 -5.04557e-07 0.000529929 -0.00151006 -0.00101004
0 0 843 0.00232984 0.000319924 0.000189942 -0.000790055
0 0 844 -0.000250279 0.000749958 -0.000970023 -0.00204013
0 0 845 -0.00108066 0.00194997 -0.000570119 6.99497e-05
0 0 846 -0.00116041 -0.00101003 0.00229988 -0.000350088
0 0 847 0.00225933 -0.00180005 -0.00101004 0.00364993
0 0 848 0.00188961 0.000479934 -0.0034701 0.00211993
0 0 849 -0.00225045 -8.00385e-05 -0.00112005 0.0011399
0 0 850 -0.000710285 -0.00148003 0.0023399 0.000549928
0 0 851 0.000159641 -0.00128005 -0.000770071 -0.00186
0 0 852 0.00128989 0.00145992 0.000519985 -0.00175001
0 0 853 -0.000680629 -0.00210002 -0.00130007 -0.000420069
0 0 854 0.00364989 -0.0023 0.000349877 6.99497e-05
0 0 855 0.00233973 0.000519905 -0.00078011 -0.0013601
0 0 856 0.00274965 -0.000460077 0.00048987 -0.00109006
0 0 857 0.000469387 -0.000150081 -0.00122003 -0.00338011
0 0 858 -0.00149058 -0.00262002 -0.0017701 -0.00141015
0 0 859 -0.000370223 -0.000430006 -0.00105006 -0.00253015
0 0 860 0.00260993 -0.000510072 0.000459891 0.000319903
0 0 861 -0.00124015 0.000899944 -0.00183006 -0.00134001
0 0 862 -0.000750486 0.00072991 -0.000900026 -0.000390099
0 0 863 0.00011944 0.00128988 0.000449989 -0.00119001
0 0 864 0.0002697 0.000479934 -0.00147004 -0.00150006
0 0 865 -0.00096006 0.00104993 -0.000120024 -0.00101004
0 0 866 -0.00251011 0.00131995 0.000929928 -0.00238014
0 0 867 0.00136963 0.00162995 -0.000130062 0.000779952
0 0 868 0.00190938 0.000820001 0.00122999 -0.000220015
0 0 869 0.00221978 -0.00164004 -0.00331003 0.000499876
0 0 870 0.00105988 -0.000970054 0.000479968 0.00243987
0 0 871 -0.000560025 0.00128988 -0.000280094 0.00137996
0 0 872 -0.00118018 -0.00106002 0.000149925 -0.000740003
0 0 873 -0.00337015 1.99521e-05 -0.0013101 -0.00118012
0 0 874 -0.000150106 0.000249881 0.000369953 -0.00164002
0 0 875 0.00201944 0.00134 -0.00297009 -0.000280107
0 0 876 0.000709935 -0.000550044 -0.00142012 0.000739941
0 0 877 -0.000840115 -0.00172011 0.00174995 -0.000630012
0 0 878 0.0030996 0.00252999 0.00303987 0.00192992
0 0 879 0.00147969 0.000119943 -0.000190021 -0.000530061
0 0 880 0.00276942 -0.000980078 -0.000550043 -0.000850147
0 0 881 -0.00166061 -0.00129007 0.000339974 -0.00188008
0 0 882 0.00179932 -0.00053012 -0.0019101 -0.00190001
0 0 883 0.000729706 0.00195999 -0.000130062 0.00123985
0 0 884 0.00284982 0.00148999 -0.00374005 8.98791e-05
0 0 885 -0.00339058 -0.00175005 0.00158988 -0.00320014
0 0 886 0.00327951 -0.000310091 -0.00239003 0.00063999
0 0 887 7.98977e-05 0.000429938 -1.06894e-07 -0.000870077
0 0 888 0.00472939 0.000429938 -0.000570119 -0.000260026
0 0 889 0.00260993 0.000619896 0.000379992 -0.000140145
0 0 890 0.000989366 -0.00163002 0.00114996 0.00114994
0 0 891 -0.000840115 0.000719886 -0.00108004 -0.000910087
0 0 892 -0.000450625 -0.00246001 0.00145992 0.00264996
0 0 893 0.00202932 -0.00391 -0.00104002 -6.01235e-05
0 0 894 0.00350952 0.000499981 0.00200999 0.00104999
0 0 895 0.00346931 0.000739934 0.0010299 0.000419854
0 0 896 -0.00151035 -0.00111002 0.00043995 0.00330991
0 0 897 0.00300997 -0.00298001 0.00282988 1.98981e-05
0 0 898 -0.00369044 -0.00011011 0.000999924 0.00198986
0 0 899 -0.000510598 -0.000360086 -0.00225004 0.00171998
0 0 900 -0.00171004 -0.00180005 -0.00374005 0.0007299
0 0 901 -0.000480282 0.00221999 -0.00291013 0.00168986
0 0 902 0.00154955 -2.00194e-05 0.000899948 -0.000780014
0 0 903 -0.00177001 -0.000680106 0.00139996 -7.00121e-05
0 0 904 -0.00114064 0.000609996 -0.000960121 -0.0013
0 0 905 -0.00174036 0.00143999 -0.00263 0.000869862
0 0 906 -0.00157033 -0.00168001 -0.000270056 -0.000790055
0 0 907 -0.000460511 -0.00196006 0.000119946 -0.000770126
0 0 908 0.000599876 0.00098991 -0.000180118 0.000549928
0 0 909 -0.000660199 0.00161993 0.00177993 -0.00193014
0 0 910 0.00487965 0.000289976 -0.00194008 -0.00314004
0 0 911 -0.00219048 -0.000770073 0.000419874 0.000649879
0 0 912 0.00166949 0.000659991 -0.00391002 -7.00121e-05
0 0 913 0.00302974 -0.00291009 -0.00196002 -0.000650093
0 0 914 0.00303962 -0.000590015 0.00151988 -0.00123002
0 0 915 1.99255e-05 0.00062992 0.000219922 -0.00316013
0 0 916 0.00041996 0.00248989 -0.000210097 -0.00247005
0 0 917 0.00279974 -0.00170006 -0.0013101 -0.000860036
0 0 918 0.00182964 2.99759e-05 0.000809875 0.000679849
0 0 919 -0.000740601 0.000249881 0.000469929 -0.0027801
0 0 920 0.00417975 -0.000740001 -0.000740092 -0.00247005
0 0 921 0.00101968 0.000409891 -0.0030101 -0.000950098
0 0 922 -0.00488 0.000479934 -0.000890124 -0.00208014
0 0 923 -0.000620657 0.00224994 -7.01037e-05 -0.00315009
0 0 924 -0.00162041 0.000639943 0.0015599 0.00313998
0 0 925 -0.000380109 0.00262998 -0.00126005 0.00137996
0 0 926 -0.00105035 -0.00133004 0.00236988 -0.000120064
0 0 927 1.99255e-05 0.00228991 0.000459891 4.98682e-05
0 0 928 -0.000230508 -0.00167011 -8.00063e-05 0.000889944
0 0 929 -0.00274011 0.00230996 0.000509947 -0.00267011
0 0 930 -0.000310251 0.000699962 -0.00173008 0.000109961
0 0 931 0.0026297 0.000459886 0.00144988 -0.00298
0 0 932 -0.000510598 -0.00214012 -0.000160041 -0.00046008
0 0 933 0.000259814 0.0003099 -0.000230038 -0.00114011
0 0 934 -0.000530369 0.00364993 0.00167995 -0.00190001
0 0 935 5.94676e-05 -5.00908e-05 0.00108986 0.000579898
0 0 936 0.00330983 -0.000410082 0.00157998 -0.000850147
0 0 937 7.98977e-05 -0.000650034 0.00157998 -0.00187004
0 0 938 -0.000180421 -7.00147e-05 0.000669881 0.000949884
0 0 939 -0.00133044 -0.00193011 0.00208989 0.000609868
0 0 940 0.0030996 0.00111997 0.00155 0.00294997
0 0 941 0.000779793 0.000189986 0.00113992 0.0019999
0 0 942 -0.00392044 -0.000880087 -0.00104002 -0.000100134
0 0 943 -0.00135021 -0.00027012 0.00176989 0.000749982
0 0 944 8.97832e-05 -0.00111002 0.00108986 -0.00261002
0 0 945 -0.000540254 0.00113 -0.00128013 -0.00283015
0 0 946 -0.000670084 -0.00141011 -0.000220135 -0.000160075
0 0 947 -0.000100019 -0.000330015 -0.000420087 0.000999935
0 0 948 -0.00143061 0.0013999 0.000449989 -0.00213004
0 0 949 -0.000890202 -0.000810044 0.00155 -0.00146005
0 0 950 -0.000170536 0.000699962 0.00137989 -0.00236006
0 0 951 -0.00154067 0.000289976 0.000939966 0.000289933
0 0 952 0.00325974 -0.000610063 -0.00108004 -9.00936e-05
0 0 953 -0.000900087 -0.000820068 0.00135995 -0.00234013
0 0 954 -0.000660199 0.000199886 0.00367988 -0.00149002
0 0 955 -0.000970604 0.000259905 -2.00478e-05 0.00069993
0 0 956 -0.0039501 0.000769882 -0.00147004 -0.00148013
0 0 957 -0.000470397 0.000769882 0.00291995 -0.00219013
0 0 958 -0.000230508 0.00128988 -0.00148008 -0.00123002
0 0 959 -0.000240393 -0.000620087 0.000859931 0.00292989
0 0 960 4.95821e-05 0.00218992 0.000179904 0.00174995
0 0 961 -0.00178056 0.000419915 -0.00304008 -0.00282011
0 0 962 -0.00218059 -0.000100086 -0.00243005 0.00115998
0 0 963 -0.0028304 0.000499981 0.00197988 -0.000730115
0 0 964 -0.00200002 -0.000810044 -0.00296005 -0.000820025
0 0 965 0.0014698 -0.000610063 0.000209883 -0.00118012
0 0 966 -0.000690514 -0.000490025 -0.00194008 0.000469906
0 0 967 0.000929394 -0.000250072 -8.00063e-05 0.00237993
0 0 968 0.00107965 0.00186 0.000589982 0.000959924
0 0 969 -0.000710285 0.00314998 0.000749916 -0.000420069
0 0 970 -0.000320137 0.00100996 0.0023399 -0.000480009
0 0 971 -0.000210078 -0.00131012 -0.000240076 0.000929954
0 0 972 0.00385946 0.00156993 0.000149925 0.000509917
0 0 973 0.000409415 0.00173996 -0.00078011 0.00103995
0 0 974 0.000739592 0.00135993 0.00138993 0.00205999
0 0 975 0.00310948 -0.0025501 -0.00167013 5.9909e-05
0 0 976 0.0014698 -0.00233007 -3.00861e-05 -0.00271012
0 0 977 0.000669734 0.000179962 -0.000160041 -0.00362002
0 0 978 0.000999911 0.00247999 -0.00173008 -0.000210126
0 0 979 0.00117983 -0.00028002 -0.00206013 -0.000990109
0 0 980 -0.00176013 -0.000970054 -0.00285003 -0.000930017
0 0 981 0.000229499 0.00117999 -0.0022301 0.00245995
0 0 982 0.000349443 -0.00184002 0.000649941 0.00063999
0 0 983 0.00194958 0.00102988 0.000919889 0.000659919
0 0 984 0.00137951 -0.000190053 0.00238996 -0.000280107
0 0 985 0.000869422 -0.00219011 0.000249901 0.00488996
0 0 986 -0.00014022 -0.00155007 -0.00179004 0.000219952
0 0 987 -0.000460511 0.0016599 -0.00103012 0.000109961
0 0 988 0.000879966 0.00113 -4.01244e-05 -0.00195006
0 0 989 0.00215981 -0.000330015 0.000259939 -0.00190001
0 0 990 -0.00121049 -0.000880087 -0.00083003 0.00252993
0 0 991 -0.00145038 -0.00148003 0.000619961 0.00323993
0 0 992 0.00039953 0.00072991 -0.000470008 0.000479947
0 0 993 0.000259814 -0.00231003 0.000599885 0.00117991
0 0 994 -0.00228011 0.000699962 -0.000630078 -0.00252011
0 0 995 -0.00296023 -0.000170005 0.00259995 0.000539887
0 0 996 0.000259814 -0.000140058 -0.000850106 0.00130998
0 0 997 0.0045699 -0.00053012 0.000969945 0.0019999
0 0 998 -0.00206065 -0.00161009 0.00178997 -0.00193014
0 0 999 0.00144937 0.00104993 -0.00222006 0.00131987
0 0 1000 -0.000480282 -0.00309003 0.0028699 0.00353994
0 0 1001 -0.00289037 -0.00195004 -0.000820127 0.000839892
0 0 1002 -0.000130334 -0.000310091 0.00180991 -0.00147009
0 0 1003 -0.00125004 0.00113 0.00300989 0.00194985
0 0 1004 -0.00315003 0.00123989 -0.00289005 0.00122996
0 0 1005 -0.00128035 0.00013999 0.00277996 0.00104999
0 0 1006 -0.00104046 -9.00623e-05 0.00104998 0.00100998
0 0 1007 -0.00136009 -0.00105012 -0.000200059 0.00131987
0 0 1008 -0.00042031 -0.00102005 -0.000710113 1.98981e-05
0 0 1009 0.00181975 -0.0012501 0.00143998 0.000599979
0 0 1010 0.00176966 0.00189997 0.00088991 0.00234996
0 0 1011 0.00274965 -0.00221004 -0.00160013 0.00110993
0 0 1012 0.000669734 0.00108 -0.000490084 0.000249922
0 0 1013 -0.000900087 0.00130993 -0.00159009 0.00117991
0 0 1014 0.000149755 0.0011399 0.00192996 -0.000360129
0 0 1015 0.00116994 -0.000170005 0.000549965 -0.00275013
0 0 1016 -0.000110563 -0.00113006 -0.000690036 4.98682e-05
0 0 1017 0.000909623 -0.000780096 -0.000790012 -0.00127003
0 0 1018 0.0024399 -0.00326006 0.00133987 0.00131987
0 0 1019 -0.000130334 -0.000850016 5.99872e-05 -0.000550142
0 0 1020 0.000249929 0.00200999 -0.000900026 -0.000560031
0 0 1021 -0.00146027 -0.000550044 0.000199981 0.000509917
0 0 1022 -0.000250279 -0.00134007 -0.00181012 -0.000930017
0 0 1023 0.00420941 0.000509881 0.00235998 -0.000110023
