0 0 0 -2.88968 -4.7448 6.24127 3.1881
0 0 1 -3.28002 3.18738 3.57703 0.793791
0 0 2 0.883529 5.64123 8.45622 1.5713
0 0 3 5.37038 3.51631 7.31883 5.37345
0 0 4 -0.555576 -0.913225 -4.65341 5.25335
0 0 5 -3.66641 -11.3287 2.43964 0.0155888
0 0 6 6.00122 -5.73159 6.15152 5.49355
0 0 7 4.71194 -1.81069 -2.43901 3.068
0 0 8 2.52766 -2.46961 3.63686 -4.56407
0 0 9 6.23778 -7.55805 6.80969 -6.62933
0 0 10 -0.106102 -2.82901 8.57588 -0.583509
0 0 11 -3.03951 -3.96608 3.21802 1.5713
0 0 12 -0.914366 -14.7115 1.51221 1.09299
0 0 13 -1.06419 -13.1551 -1.51104 1.06314
0 0 14 -1.96314 -14.0232 -5.97085 -4.29472
0 0 15 3.06781 -8.21592 -5.70105 1.39219
0 0 16 5.19296 -12.4363 3.78699 7.22836
0 0 17 3.30832 -8.93473 9.26398 6.95901
0 0 18 -0.555576 -3.48688 4.62467 4.505
0 0 19 -3.63881 -0.853324 6.48061 7.76776
0 0 20 -1.3047 -2.61883 4.65458 6.09126
0 0 21 -2.29039 -2.76911 3.45736 3.21795
0 0 22 -2.73986 -2.82901 1.93105 7.64766
0 0 23 2.94559 -0.733522 2.79918 8.03711
0 0 24 -0.255926 0.283748 -3.5764 0.374492
0 0 25 -3.87537 2.01983 0.913326 -4.59392
0 0 26 -4.32485 3.72649 -4.32432 -1.21176
0 0 27 -9.95115 6.33062 -5.16254 2.85835
0 0 28 -6.24102 1.27159 3.69724 3.93645
0 0 29 0.162005 -1.51224 2.23022 -0.373859
0 0 30 4.47538 -0.404591 7.76758 -0.194061
0 0 31 -3.03951 7.61691 8.84514 0.224544
0 0 32 -3.28002 -6.36003 8.4263 -1.09236
0 0 33 -4.2657 1.06246 -5.07279 -0.523807
0 0 34 -7.5579 0.88276 -4.74371 -1.57136
0 0 35 -4.95569 2.73865 -3.96532 -2.28917
0 0 36 -2.91728 -0.853324 3.42744 4.2655
0 0 37 -0.106102 -0.0746087 4.6845 0.972895
0 0 38 -1.3323 3.63611 2.76927 -0.104508
0 0 39 -5.4643 7.43721 2.31997 -0.88271
0 0 40 -4.6245 3.45641 -0.942071 -4.23502
0 0 41 -1.09179 -1.96097 -1.54096 -3.87542
0 0 42 -3.21693 5.46257 -1.00191 1.63169
0 0 43 0.911128 -0.913225 3.12827 3.63655
0 0 44 -1.18247 -0.464492 1.51221 5.6428
0 0 45 -2.1997 2.73865 0.434654 0.972895
0 0 46 -6.72204 1.54167 1.24241 -2.52867
0 0 47 -5.58258 -5.76207 -4.05507 1.4519
0 0 48 0.102864 -5.79149 -1.95979 2.79865
0 0 49 -2.40867 -3.51735 -0.134313 -3.03752
0 0 50 -1.36384 -3.00872 3.27786 1.0326
0 0 51 -2.25884 -2.64931 3.78699 5.49355
0 0 52 -4.14742 4.41483 -3.81573 5.25335
0 0 53 -5.97292 7.85652 -5.88109 0.613992
0 0 54 3.4542 -0.644195 -1.75037 3.03815
0 0 55 7.9174 -4.11531 3.21802 0.464044
0 0 56 6.92777 -6.63011 1.27233 -3.36657
0 0 57 -1.15487 -15.1298 -6.35977 0.464044
0 0 58 0.611479 -10.1023 -9.5326 1.84134
0 0 59 -4.23416 -0.164986 -8.21516 -0.673061
0 0 60 -1.12333 1.36197 -6.50935 -3.27702
0 0 61 5.96968 4.17522 -0.523233 3.39775
0 0 62 -1.21402 7.01895 -4.29441 9.83301
0 0 63 -1.9316 7.49711 -9.0833 3.03815
0 0 64 -1.03265 2.58837 -6.09051 -3.21732
0 0 65 6.75034 -2.1701 2.0208 -5.13262
0 0 66 8.75326 -7.13875 16.7171 -2.82787
0 0 67 6.56898 1.8107 9.83294 -2.94797
0 0 68 -1.18247 4.74376 -3.87557 -11.688
0 0 69 -3.66641 -4.98335 -10.4899 -3.66647
0 0 70 -6.931 -6.65954 -4.32432 6.06141
0 0 71 -4.47467 5.04327 -0.732652 3.1881
0 0 72 -4.47467 7.16818 -1.95979 2.14055
0 0 73 -5.61413 5.22297 -11.2085 5.10341
0 0 74 1.00181 -1.00255 -6.95811 7.43871
0 0 75 4.0259 7.91642 -9.05338 3.9663
0 0 76 5.96968 11.8678 9.56314 4.505
0 0 77 4.6528 7.97632 11.1798 2.8889
0 0 78 3.39506 -0.434016 5.55264 -1.09236
0 0 79 1.86922 7.37731 -3.00743 -2.04967
0 0 80 3.48574 4.77318 -0.373649 -2.55852
0 0 81 2.43697 6.47984 -2.70826 1.00275
0 0 82 0.911128 -8.96416 -3.78582 -1.00211
0 0 83 0.911128 -7.49815 7.22908 -0.972263
0 0 84 -2.1721 -3.18737 9.86286 -1.30201
0 0 85 -0.823683 -0.314214 3.21802 -2.01982
0 0 86 1.86922 1.00256 3.15819 -0.314158
0 0 87 -0.914366 -3.81686 -4.92321 -2.97782
0 0 88 -0.283526 0.0147176 -3.18693 -1.75046
0 0 89 -0.196785 -1.51224 -0.0445616 -0.583509
0 0 90 0.911128 -4.59452 1.39254 0.0752902
0 0 91 -1.3047 -0.34469 -6.2401 -2.11006
0 0 92 -0.732999 3.00768 1.42246 -10.2211
0 0 93 -5.04243 -4.6849 -8.5448 -7.13818
0 0 94 -5.79155 -0.853324 -5.22238 -7.40753
0 0 95 -1.69109 0.852283 -3.78582 -5.01322
0 0 96 4.23487 7.40779 1.45238 -4.83342
0 0 97 3.84453 7.82709 1.57204 0.613992
0 0 98 4.17573 -2.91834 6.89944 -0.762613
0 0 99 -0.732999 -5.01383 4.08616 4.77435
0 0 100 1.03335 -11.2089 4.17591 7.25821
0 0 101 3.57643 5.22297 10.2518 5.7025
0 0 102 2.10972 7.34789 4.44516 4.3849
0 0 103 2.88645 1.27159 -0.882237 5.7025
0 0 104 -0.106102 1.7508 1.24241 0.134992
0 0 105 3.09541 0.523352 0.404737 -4.02467
0 0 106 -1.57281 3.87572 -12.8844 -0.583509
0 0 107 -1.96314 8.84436 -12.2561 2.3495
0 0 108 1.84162 15.0405 -4.65341 -5.34227
0 0 109 2.31869 9.68193 6.03185 -2.73832
0 0 110 -2.88968 -0.882749 2.14047 1.84134
0 0 111 -0.614717 -8.24639 3.0086 9.14436
0 0 112 2.13732 4.29503 6.33102 9.44426
0 0 113 1.45128 8.09612 11.5388 2.2301
0 0 114 -1.84091 -1.66146 3.09835 -2.52867
0 0 115 1.90076 -2.49903 0.554322 -2.34956
0 0 116 3.30832 -7.01894 4.6845 -0.823009
0 0 117 -1.78177 -19.0496 2.52993 0.344641
0 0 118 -0.0469607 -10.1317 -7.76641 -2.34956
0 0 119 4.0259 -3.72648 -1.57087 -2.88826
0 0 120 6.23778 -4.02599 5.40305 1.8108
0 0 121 -0.43335 -6.98952 0.823575 0.0454395
0 0 122 -0.0745599 -1.72137 -4.35424 4.505
0 0 123 2.43697 1.12236 2.50001 -0.0746577
0 0 124 0.761303 6.21081 3.78699 -4.08438
0 0 125 1.06095 3.63611 6.39086 2.8285
0 0 126 -2.40867 -1.75079 3.72716 5.73235
0 0 127 0.883529 -0.374115 2.08063 -1.09236
0 0 128 -2.47175 -5.13363 1.51221 -5.46237
0 0 129 -1.42298 -9.7124 7.70775 -0.223911
0 0 130 -1.63195 -6.2108 0.943243 -0.762613
0 0 131 -5.40516 -5.76207 -7.67666 0.523746
0 0 132 -5.70087 -3.27775 -5.46171 2.61955
0 0 133 -1.87245 0.463451 2.23022 1.72125
0 0 134 1.03335 3.66659 2.50001 2.4696
0 0 135 -2.04988 5.52247 1.72163 0.254395
0 0 136 0.643021 -0.613719 -5.07279 1.18254
0 0 137 0.493196 0.0441428 -4.92321 -1.63106
0 0 138 -4.71518 0.523352 -3.24677 -2.40926
0 0 139 -10.582 0.942661 -8.69438 1.30195
0 0 140 -1.72263 2.49904 -4.14482 2.2301
0 0 141 1.21078 6.98848 3.18811 1.5116
0 0 142 1.06095 5.70113 5.76205 1.2721
0 0 143 2.43697 0.104044 5.88172 3.3075
0 0 144 -0.283526 3.99552 7.91717 2.2301
0 0 145 -1.66349 -0.913225 -2.43901 5.37345
0 0 146 -7.34894 -8.00679 -9.20297 1.2124
0 0 147 -6.80878 -1.00255 -14.1115 -1.18191
0 0 148 0.611479 -2.88891 2.17038 -0.223911
0 0 149 4.74348 0.733532 2.17038 -2.64876
0 0 150 6.41915 1.12236 3.21802 -4.89312
0 0 151 28.6878 -7.61796 -2.55868 -4.59392
0 0 152 116.923 -27.0123 -6.29993 -2.97782
0 0 153 245.445 -41.1689 7.82742 10.0121
0 0 154 241.521 -37.6673 2.58977 21.3859
0 0 155 188.397 -36.8886 -6.35977 26.4141
0 0 156 166.578 -47.3945 -18.9298 33.0291
0 0 157 173.88 -53.8291 -7.07832 21.8948
0 0 158 166.755 -46.9751 -0.104396 14.5314
0 0 159 124.374 -33.5363 2.58977 12.0475
0 0 160 74.6012 -15.7887 -1.39137 2.49945
0 0 161 42.5742 -4.08589 -0.16423 -0.762613
0 0 162 21.3543 4.08485 9.95261 1.39219
0 0 163 10.9375 6.27071 1.2125 8.06627
0 0 164 2.28715 7.52759 -4.68387 3.57685
0 0 165 -0.405751 7.55701 -1.24179 -4.71402
0 0 166 0.820445 -0.493917 3.90666 2.91875
0 0 167 0.970269 -2.82901 -0.612984 1.06314
0 0 168 0.970269 -4.5651 3.90666 -1.48111
0 0 169 -0.0745599 7.43721 6.54044 -1.96011
0 0 170 1.26992 9.74183 1.09283 -2.73832
0 0 171 -0.224384 -0.105085 -3.81573 -4.92228
0 0 172 -2.32193 -4.77423 3.48728 -2.82787
0 0 173 -3.96606 -0.0746087 3.90666 -2.67861
0 0 174 -3.9976 0.643155 3.09835 -3.84557
0 0 175 0.374914 -1.63099 4.56483 2.8285
0 0 176 -2.08142 -0.733522 -1.15203 5.61226
0 0 177 -12.9437 0.283748 -9.17305 1.6914
0 0 178 -8.30702 -1.15283 -5.22238 0.673694
0 0 179 -5.25533 -0.224887 -2.73818 -4.26487
0 0 180 -6.20948 4.20465 -4.86337 -4.56407
0 0 181 -1.90005 -3.15794 -0.0744786 1.84134
0 0 182 0.193547 -2.76911 5.28338 2.6494
0 0 183 3.03627 -2.64931 0.883409 5.2832
0 0 184 -0.196785 1.7508 0.703907 2.61955
0 0 185 -2.53089 2.79855 -6.92819 -0.762613
0 0 186 -7.97583 2.79855 -5.22238 -1.39156
0 0 187 -2.49935 -0.194411 -0.912154 0.434193
0 0 188 2.73662 -6.00167 -0.822403 2.61955
0 0 189 3.4266 0.374125 5.91164 -2.19961
0 0 190 -3.63881 0.792382 5.22355 4.17595
0 0 191 -3.06711 -2.58941 -2.10938 6.50986
0 0 192 -0.555576 -3.09804 -3.54648 11.0597
0 0 193 2.82731 4.95289 2.0208 5.97116
0 0 194 2.20041 2.46856 6.69003 3.57685
0 0 195 4.95245 0.88276 5.43297 4.1454
0 0 196 4.53452 4.50415 1.93105 1.7511
0 0 197 3.81694 1.12236 -0.0744786 5.0437
0 0 198 3.1861 -0.673621 6.83961 2.97845
0 0 199 0.134406 3.51631 0.614156 -3.69632
0 0 200 -2.23124 3.96504 3.51719 0.374492
0 0 201 -0.823683 -0.254312 2.2003 -2.19961
0 0 202 -1.42298 -7.82708 -5.52155 -4.86258
0 0 203 2.05058 -1.36196 2.40972 -1.42141
0 0 204 3.90368 -6.53973 0.37482 -4.98268
0 0 205 1.81008 -2.1701 1.90113 -3.54637
0 0 206 -0.106102 -2.4097 6.60027 -3.45682
0 0 207 1.9599 -0.194411 0.823575 0.554291
0 0 208 1.60111 7.73672 0.67399 -0.823009
0 0 209 1.06095 6.71945 -4.02515 -0.85286
0 0 210 2.67748 5.01279 -4.77362 -4.32457
0 0 211 4.92091 3.99552 -5.85063 0.434193
0 0 212 6.92777 -3.48688 -6.27002 -0.793158
0 0 213 5.37038 -0.882749 -6.44952 1.30195
0 0 214 0.58388 11.8972 -0.792486 3.6671
0 0 215 -4.23416 11.5683 -3.66615 0.913194
0 0 216 -3.28002 11.2982 -5.94093 0.733395
0 0 217 0.611479 5.52247 -4.71379 2.08015
0 0 218 1.69179 1.06246 3.66732 -0.463412
0 0 219 -0.255926 2.61884 7.1687 -5.49153
0 0 220 -0.7054 4.74376 3.09835 -1.90041
0 0 221 -4.35639 2.19953 -0.16423 -0.254456
0 0 222 -7.31739 8.09612 -3.69607 2.2301
0 0 223 2.01904 1.90003 -1.98971 2.73895
0 0 224 4.35315 2.49904 -1.12212 1.78095
0 0 225 8.63498 -0.553818 4.11608 1.2124
0 0 226 2.97713 -5.88187 -3.18693 -3.00767
0 0 227 -4.71518 -8.90425 -4.23457 -3.96567
0 0 228 -2.70832 -7.28797 -4.80354 -3.21732
0 0 229 0.434055 -4.71432 -7.28774 2.43975
0 0 230 4.0259 -7.19865 -3.69607 4.65426
0 0 231 5.2521 -3.81686 -7.10824 2.25995
0 0 232 6.32847 -3.81686 -2.07946 -5.49153
0 0 233 1.9599 4.74376 -0.224064 -12.4648
0 0 234 3.78539 1.6909 3.99641 -9.59149
0 0 235 1.81008 2.17011 2.8291 -3.15761
0 0 236 -4.23416 6.06053 -3.03735 -5.43183
0 0 237 -7.94823 4.50415 -2.58859 -2.34956
0 0 238 0.193547 0.0147176 -0.0445616 -2.58906
0 0 239 -0.882824 3.03815 1.93105 -3.99552
0 0 240 -5.70087 3.15795 -6.4196 -5.28257
0 0 241 -3.28002 4.56406 -14.501 -7.22773
0 0 242 -1.3047 4.62396 -3.63623 -5.61162
0 0 243 4.47538 -0.733522 6.74986 -4.02467
0 0 244 -0.792141 0.852283 4.47508 0.404343
0 0 245 -4.6245 1.8107 1.57204 -2.79802
0 0 246 -1.96314 -6.24128 -1.18195 -7.10763
0 0 247 -0.374209 -2.26048 6.30111 -2.79802
0 0 248 -4.71518 1.8107 1.24241 2.08015
0 0 249 -1.57281 -0.254312 -5.7908 1.06314
0 0 250 -0.315068 3.54679 -7.76641 2.25995
0 0 251 -2.799 -3.93666 -3.84565 1.9906
0 0 252 2.25955 -0.793423 -0.732652 -5.04238
0 0 253 4.86176 1.4513 -1.87004 -3.27702
0 0 254 0.911128 9.71241 -10.6102 -1.75046
0 0 255 -1.72263 0.792382 -11.5376 0.344641
0 0 256 -2.73986 -3.21785 -2.91768 -3.30687
0 0 257 -3.00797 -4.35492 0.554322 -7.01877
0 0 258 0.611479 4.14475 4.38533 -5.94068
0 0 259 7.19587 3.12748 1.06291 -6.35998
0 0 260 5.64243 -2.14067 -4.20466 -2.70847
0 0 261 3.39506 0.40355 1.54213 -1.36171
0 0 262 -1.15487 6.27071 -0.283898 -6.62933
0 0 263 -1.96314 4.53463 0.255152 -2.19961
0 0 264 6.15104 -1.69089 3.06844 3.75665
0 0 265 5.96968 3.93562 2.23022 8.81531
0 0 266 5.5202 -0.194411 -2.28888 1.5713
0 0 267 5.81985 3.54679 2.11055 0.434193
0 0 268 7.67689 4.44425 -2.58859 -0.373859
0 0 269 2.50006 0.762957 -11.1487 -0.583509
0 0 270 4.53452 -1.66146 -9.05338 -2.28917
0 0 271 0.820445 -1.81069 -1.84013 -3.33672
0 0 272 -5.37362 -6.92962 1.99088 0.374492
0 0 273 -8.1848 -2.08077 0.763741 2.85835
0 0 274 -4.95569 5.34277 -0.672818 7.94756
0 0 275 -0.7054 1.5112 2.2003 4.8646
0 0 276 7.945 -5.94177 3.78699 1.5116
0 0 277 2.05058 -10.5804 -1.89996 -2.52867
0 0 278 1.26992 -6.65954 -5.55146 -3.12776
0 0 279 -1.63195 3.24728 -0.283898 -0.61336
0 0 280 -5.58258 3.24728 5.04405 4.2058
0 0 281 -3.30762 -4.59452 8.57588 2.79865
0 0 282 0.162005 1.90003 7.28891 3.87605
0 0 283 3.21764 4.44425 7.76758 0.344641
0 0 284 4.0259 1.84013 0.67399 3.27765
0 0 285 1.66025 3.27671 -7.19799 5.01385
0 0 286 1.03335 1.631 -5.67113 3.09785
0 0 287 1.81008 7.31741 1.72163 1.9309
0 0 288 1.09249 0.972086 1.27233 3.0083
0 0 289 0.31183 -5.16306 0.165401 1.09299
0 0 290 -3.63881 -2.85844 1.2125 -1.33186
0 0 291 2.76816 8.48496 -5.28221 -3.93582
0 0 292 5.43346 2.25944 0.0751064 -2.82787
0 0 293 -0.646259 4.65443 4.98421 -5.61162
0 0 294 -6.57221 10.9693 1.87121 -8.03578
0 0 295 -4.98329 8.42506 3.18811 -4.14477
0 0 296 -5.85069 4.17522 1.96096 0.374492
0 0 297 -2.08142 -3.96608 2.79918 -0.942412
0 0 298 -2.49935 -3.60668 2.29005 1.96075
0 0 299 -4.83346 -8.93473 -1.12212 -0.16421
0 0 300 -8.27548 -11.8667 -8.06558 0.344641
0 0 301 -4.865 -15.0699 -0.283898 3.547
0 0 302 -6.99015 -8.51542 2.58977 2.6494
0 0 303 -8.33462 3.06758 -1.30162 1.5116
0 0 304 -5.58258 1.4513 -4.80354 0.224544
0 0 305 2.5868 -2.43913 -1.12212 -2.97782
0 0 306 6.38761 0.463451 6.39086 -5.28257
0 0 307 6.17864 6.50927 6.33102 -5.91083
0 0 308 2.5592 3.84629 -1.42129 -5.58177
0 0 309 2.13732 -0.553818 -1.39137 -7.22773
0 0 310 -1.54126 0.0441428 0.733824 -2.79802
0 0 311 -5.19225 3.60669 -3.33652 0.972895
