0 0 0 0.00739261
0 0 1 0.00693777
0 0 2 -0.0123406
0 0 3 -0.0425177
0 0 4 -0.0676216
0 0 5 -0.0792901
0 0 6 -0.0778381
0 0 7 -0.070683
0 0 8 -0.0625483
0 0 9 -0.0506524
0 0 10 -0.031584
0 0 11 -0.00280638
0 0 12 0.0167694
0 0 13 0.0188687
0 0 14 0.0162271
0 0 15 0.0102266
0 0 16 -0.0107137
0 0 17 -0.0332284
0 0 18 -0.0497078
0 0 19 -0.0571602
0 0 20 -0.0483257
0 0 21 -0.0288374
0 0 22 -0.0134777
0 0 23 0.00545078
0 0 24 0.0385844
0 0 25 0.0597521
0 0 26 0.0627436
0 0 27 0.0549763
0 0 28 0.0392317
0 0 29 0.0328464
0 0 30 0.0422231
0 0 31 0.0492382
0 0 32 0.0507077
0 0 33 0.0540316
0 0 34 0.0557635
0 0 35 0.0416808
0 0 36 0.010489
0 0 37 -0.0268081
0 0 38 -0.0458066
0 0 39 -0.0536439
0 0 40 -0.0711729
0 0 41 -0.0876522
0 0 42 -0.0965916
0 0 43 -0.110972
0 0 44 -0.129043
0 0 45 -0.133102
0 0 46 -0.102907
0 0 47 -0.0660122
0 0 48 -0.0384591
0 0 49 -0.0158044
0 0 50 0.00842476
0 0 51 0.0284904
0 0 52 0.0375522
0 0 53 0.0357154
0 0 54 0.0328464
0 0 55 0.0374298
0 0 56 0.0417508
0 0 57 0.0370624
0 0 58 0.0284904
0 0 59 0.0278781
0 0 60 0.0367125
0 0 61 0.031132
0 0 62 0.00258176
0 0 63 -0.02142
0 0 64 -0.0392988
0 0 65 -0.0480108
0 0 66 -0.0510723
0 0 67 -0.0565829
0 0 68 -0.0563905
0 0 69 -0.0537489
0 0 70 -0.0552009
0 0 71 -0.0462614
0 0 72 -0.0225571
0 0 73 0.00371887
0 0 74 0.0233296
0 0 75 0.035488
0 0 76 0.0392317
0 0 77 0.0322691
0 0 78 0.0138129
0 0 79 -0.00142436
0 0 80 -0.0100314
0 0 81 -0.0241665
0 0 82 -0.0454567
0 0 83 -0.0567054
0 0 84 -0.0469787
0 0 85 -0.0333509
0 0 86 -0.0351353
0 0 87 -0.0528392
0 0 88 -0.0655573
0 0 89 -0.0567054
0 0 90 -0.0261958
0 0 91 -0.0018967
0 0 92 0.0106115
0 0 93 0.0214928
0 0 94 0.0235221
0 0 95 0.0178365
0 0 96 0.011976
0 0 97 0.0062555
0 0 98 0.000290052
0 0 99 -0.0236767
0 0 100 -0.0201254
0 0 101 -0.0281902
0 0 102 -0.0397362
0 0 103 -0.0178337
0 0 104 0.00681531
0 0 105 0.0240294
0 0 106 0.0237495
0 0 107 0.0228748
0 0 108 0.0118711
0 0 109 0.000744896
0 0 110 -0.0168366
0 0 111 -0.0305518
0 0 112 -0.040191
0 0 113 -0.0550959
0 0 114 -0.0697734
0 0 115 -0.089874
0 0 116 -0.124582
0 0 117 -0.146467
0 0 118 -0.139942
0 0 119 -0.113683
0 0 120 -0.081127
0 0 121 -0.0473286
0 0 122 -0.00889429
0 0 123 0.0273532
0 0 124 0.0685866
0 0 125 0.0829491
0 0 126 0.0736248
0 0 127 0.0589649
0 0 128 0.0388118
0 0 129 0.0158772
0 0 130 0.013673
0 0 131 0.0408761
0 0 132 0.0661024
0 0 133 0.0692688
0 0 134 0.0548713
0 0 135 0.0322691
0 0 136 0.0247117
0 0 137 0.0217202
0 0 138 -0.000637129
0 0 139 -0.0452643
0 0 140 -0.0643852
0 0 141 -0.0704556
0 0 142 -0.0715228
0 0 143 -0.0613238
0 0 144 -0.0392988
0 0 145 -0.00934913
0 0 146 0.0159997
0 0 147 0.0336161
0 0 148 0.0503578
0 0 149 0.0667847
0 0 150 0.0728376
0 0 151 0.0732925
0 0 152 0.0704584
0 0 153 0.0384619
0 0 154 -0.0212975
0 0 155 -0.0623209
0 0 156 -0.0554808
0 0 157 -0.0119732
0 0 158 0.0415584
0 0 159 0.0965595
0 0 160 0.136008
0 0 161 0.128433
0 0 162 0.100915
0 0 163 0.084751
0 0 164 0.0621663
0 0 165 0.0231022
0 0 166 -0.0166791
0 0 167 -0.0456841
0 0 168 -0.0517721
0 0 169 -0.0261958
0 0 170 0.0146176
0 0 171 0.0443224
0 0 172 0.0787856
0 0 173 0.126369
0 0 174 0.17628
0 0 175 0.196818
0 0 176 0.228079
0 0 177 0.289763
0 0 178 0.346549
0 0 179 0.387607
0 0 180 0.416804
0 0 181 0.432899
0 0 182 0.455256
0 0 183 0.475199
0 0 184 0.50926
0 0 185 0.562897
0 0 186 0.613699
0 0 187 0.650751
0 0 188 0.69753
0 0 189 0.760701
0 0 190 0.813323
0 0 191 0.854609
0 0 192 0.886011
0 0 193 0.906776
0 0 194 0.906426
0 0 195 0.904572
0 0 196 0.921313
0 0 197 0.95436
0 0 198 0.986584
0 0 199 1
0 0 200 0.993231
0 0 201 0.983819
0 0 202 0.970052
0 0 203 0.954797
0 0 204 0.945858
0 0 205 0.941379
0 0 206 0.935431
0 0 207 0.896
0 0 208 0.821003
0 0 209 0.748088
0 0 210 0.694067
0 0 211 0.646728
0 0 212 0.614399
0 0 213 0.599144
0 0 214 0.590555
0 0 215 0.59617
0 0 216 0.614749
0 0 217 0.629391
0 0 218 0.628027
0 0 219 0.622744
0 0 220 0.625403
0 0 221 0.622989
0 0 222 0.617373
0 0 223 0.608066
0 0 224 0.579988
0 0 225 0.553835
0 0 226 0.538143
0 0 227 0.530235
0 0 228 0.512234
0 0 229 0.483072
0 0 230 0.448451
0 0 231 0.413516
0 0 232 0.375868
0 0 233 0.347126
0 0 234 0.335632
0 0 235 0.32874
0 0 236 0.316966
0 0 237 0.326448
0 0 238 0.331959
0 0 239 0.315707
0 0 240 0.288958
0 0 241 0.271219
0 0 242 0.265219
0 0 243 0.254023
0 0 244 0.242214
0 0 245 0.227275
0 0 246 0.221571
0 0 247 0.221239
0 0 248 0.232925
0 0 249 0.240238
0 0 250 0.229566
0 0 251 0.193791
0 0 252 0.152785
0 0 253 0.131338
0 0 254 0.12546
0 0 255 0.11778
0 0 256 0.114456
0 0 257 0.126947
0 0 258 0.130883
0 0 259 0.13739
0 0 260 0.15198
0 0 261 0.144406
0 0 262 0.124882
0 0 263 0.119721
0 0 264 0.109435
0 0 265 0.0868503
0 0 266 0.0654202
0 0 267 0.041226
0 0 268 0.0341934
0 0 269 0.0553261
0 0 270 0.0882323
0 0 271 0.113879
0 0 272 0.108036
0 0 273 0.103942
0 0 274 0.0970318
0 0 275 0.100915
0 0 276 0.133979
0 0 277 0.15359
0 0 278 0.152663
0 0 279 0.152435
0 0 280 0.165626
0 0 281 0.170402
0 0 282 0.143951
0 0 283 0.111954
0 0 284 0.0799402
0 0 285 0.0563233
0 0 286 0.0391267
0 0 287 0.0117486
0 0 288 -0.00705742
0 0 289 -0.00418841
0 0 290 0.00419121
0 0 291 0.00177704
0 0 292 0.0100342
0 0 293 0.0350331
0 0 294 0.0638807
0 0 295 0.101493
0 0 296 0.12511
0 0 297 0.118235
0 0 298 0.0878824
0 0 299 0.05872
0 0 300 0.0260937
0 0 301 -0.0101888
0 0 302 -0.0382317
0 0 303 -0.0484482
0 0 304 -0.0366747
0 0 305 -0.0101888
0 0 306 0.00739261
0 0 307 0.0212653
0 0 308 0.0447423
0 0 309 0.0676769
0 0 310 0.0779109
0 0 311 0.0979765
0 0 312 0.117885
0 0 313 0.127174
0 0 314 0.113756
0 0 315 0.0921335
0 0 316 0.0690414
0 0 317 0.0446198
0 0 318 0.0329688
0 0 319 0.026741
0 0 320 0.0132356
0 0 321 -0.00738981
0 0 322 -0.0241665
0 0 323 -0.0299046
0 0 324 -0.038739
0 0 325 -0.0461565
0 0 326 -0.0492529
0 0 327 -0.0485532
0 0 328 -0.0453518
0 0 329 -0.0411007
0 0 330 -0.027228
0 0 331 -0.00441583
0 0 332 0.0188687
0 0 333 0.0241344
0 0 334 0.0108214
0 0 335 0.00396379
0 0 336 0.0187462
0 0 337 0.0357154
0 0 338 0.0390042
0 0 339 0.0405262
0 0 340 0.0585275
0 0 341 0.0894744
0 0 342 0.109662
0 0 343 0.100496
0 0 344 0.0830716
0 0 345 0.0491333
0 0 346 0.013673
0 0 347 -0.0050981
0 0 348 -0.0254261
0 0 349 -0.0494803
0 0 350 -0.0636855
0 0 351 -0.0425877
0 0 352 -0.0139326
0 0 353 0.000290052
0 0 354 0.018029
0 0 355 0.0336161
0 0 356 0.0371674
0 0 357 0.0355929
0 0 358 0.0342984
0 0 359 0.0355929
0 0 360 0.0345783
0 0 361 0.0436227
0 0 362 0.0546264
0 0 363 0.0595247
0 0 364 0.0510401
0 0 365 0.0299773
0 0 366 0.00602808
0 0 367 -0.0189708
0 0 368 -0.0389665
0 0 369 -0.0519995
0 0 370 -0.0689686
0 0 371 -0.0781705
0 0 372 -0.0768059
0 0 373 -0.0627758
0 0 374 -0.0421679
0 0 375 -0.0201254
0 0 376 0.00831979
0 0 377 0.0281055
0 0 378 0.0327414
0 0 379 0.0261986
0 0 380 0.0284904
0 0 381 0.0216152
0 0 382 0.00910702
0 0 383 -0.0182011
0 0 384 -0.0450369
0 0 385 -0.0592595
0 0 386 -0.0601342
0 0 387 -0.0439697
0 0 388 -0.0278053
0 0 389 -0.0198105
0 0 390 0.0266185
0 0 391 0.0228748
0 0 392 -0.0369022
0 0 393 -0.0376719
0 0 394 0.0154224
0 0 395 0.0338435
0 0 396 0.0172592
0 0 397 0.0161046
0 0 398 0.0682367
