0 0 0 5.63816 -4.6312 -4.14013 2.53612
0 0 1 1.58206 -4.10707 -0.244827 -0.86339
0 0 2 -2.83262 -2.03443 2.68707 -0.528145
0 0 3 -3.51719 0.137532 1.23779 -0.31101
0 0 4 -1.53908 1.68606 -2.3365 -3.07782
0 0 5 -0.466794 2.28116 -4.18723 -3.56406
0 0 6 -1.36915 2.49833 -3.06368 -2.76147
0 0 7 -0.202537 1.47366 1.11496 -1.80771
0 0 8 2.06827 1.58224 2.76279 0.378378
0 0 9 3.38123 -0.410159 0.954452 0.331134
0 0 10 3.31464 -3.63963 0.604813 -0.36279
0 0 11 1.60564 -4.87194 0.368943 1.44553
0 0 12 -0.377321 -2.39329 -1.26476 2.50777
0 0 13 -0.296865 1.68156 -1.44882 1.11029
0 0 14 -0.589558 2.17257 0.897568 -0.584838
0 0 15 0.836457 0.420912 1.18561 0.175417
0 0 16 2.96091 -0.802123 -2.48759 2.48415
0 0 17 3.06911 -2.27517 -3.53578 1.6107
0 0 18 4.10325 -2.35542 -1.53867 -0.06534
0 0 19 5.93987 -0.750215 0.00988375 -0.0182847
0 0 20 4.64633 -1.09954 0.0903188 0.350031
0 0 21 1.54461 -2.50664 0.968583 0.0384084
0 0 22 0.042993 -2.60092 4.57113 -1.64235
0 0 23 -3.083 -1.652 4.59939 -3.62075
0 0 24 -3.18219 -1.92584 0.340682 -2.39788
0 0 25 -1.00086 -1.93061 -4.29122 -1.06163
0 0 26 -0.651288 0.0668199 -5.65572 -1.80771
0 0 27 1.69997 0.878823 -1.68505 0.0667549
0 0 28 3.12113 2.48402 3.69287 2.94223
0 0 29 0.8642 5.13773 1.43598 2.81467
0 0 30 0.108884 3.53703 -3.47455 0.0714794
0 0 31 0.170613 1.66725 -4.29122 -1.31656
0 0 32 -2.82291 1.28006 -3.12962 -0.00883586
0 0 33 -3.54077 -1.31671 -4.5981 0.302787
0 0 34 -1.37817 -0.849265 -7.34594 -0.145655
0 0 35 -1.55781 1.69559 -6.1847 1.842
0 0 36 -3.04971 0.179907 -1.14193 5.23679
0 0 37 -1.32615 -0.0560663 4.18381 2.8005
0 0 38 2.2056 0.340666 5.47295 -2.64809
0 0 39 3.28204 -2.18539 2.32837 -3.85679
0 0 40 2.11127 -2.73308 -2.21839 -3.00223
0 0 41 2.13 -1.15145 -3.71513 -1.45829
0 0 42 2.68209 -0.21656 -0.325262 -0.358065
0 0 43 2.98935 -1.02406 1.61061 -0.0842377
0 0 44 1.38855 -2.89357 1.15735 0.74197
0 0 45 0.472323 -2.64356 1.07728 1.54455
0 0 46 1.14788 0.0713222 0.401914 0.935482
0 0 47 0.727563 -2.8843 1.53054 0.850631
0 0 48 -0.726889 -4.78692 3.41424 0.647481
0 0 49 -2.97897 -4.54141 1.4925 -1.71322
0 0 50 -2.69113 -5.0846 2.19141 -2.68116
0 0 51 -1.25055 -4.2914 1.90808 0.548457
0 0 52 -2.00656 -2.06753 -3.39882 2.1113
0 0 53 -1.20338 1.68156 -7.10065 3.13574
0 0 54 0.297539 5.05748 -5.48579 2.60698
0 0 55 1.49745 2.10636 -4.03615 -0.197624
0 0 56 0.19905 -2.04847 -6.1184 -0.99076
0 0 57 0.425159 -0.513976 -6.86442 0.132897
0 0 58 -0.523668 0.0384819 -4.95716 -0.594287
0 0 59 -2.89851 -3.21483 -5.25934 -2.87467
0 0 60 -0.0423182 -2.37422 -5.14593 -4.39972
0 0 61 4.11296 -0.410159 -1.88324 -3.23354
0 0 62 4.8114 -1.63293 2.39431 -2.7851
0 0 63 1.53004 -1.38292 3.80627 -1.81716
0 0 64 -1.09033 0.373506 2.01678 -0.358065
0 0 65 -0.565977 0.425415 2.16786 0.850631
0 0 66 1.091 1.36507 4.24541 0.987451
0 0 67 2.60649 1.41698 3.68345 0.430347
0 0 68 -0.410613 0.0384819 3.98562 -0.216522
0 0 69 -2.12932 -2.97408 3.90048 0.425622
0 0 70 -1.80334 -3.38485 -0.391205 2.01681
0 0 71 -1.88379 -0.0560663 -1.55751 3.85348
0 0 72 -1.87894 0.775005 -3.64919 4.04226
0 0 73 -0.486214 2.01658 -3.20064 2.98002
0 0 74 2.78613 4.75053 1.02981 1.67211
0 0 75 4.49513 1.53987 1.61532 -0.0464423
0 0 76 1.39826 -1.58579 -0.145914 0.628583
0 0 77 -1.37817 1.36984 -1.7086 1.44553
0 0 78 -1.25055 3.05555 -3.22419 0.109275
0 0 79 -1.64728 0.977873 -4.68796 -0.0135603
0 0 80 -3.66839 0.553068 -5.74086 0.23211
0 0 81 -4.22049 1.80894 -3.26187 -0.787799
0 0 82 -3.96594 1.69083 -2.56802 0.27463
0 0 83 -0.683886 1.06289 -2.4452 2.00264
0 0 84 1.80887 2.56427 -0.282509 1.42191
0 0 85 0.850328 3.00814 1.15264 0.449244
0 0 86 -1.19437 -0.107975 2.47946 0.52956
0 0 87 -0.86838 -1.79369 0.585973 1.58235
0 0 88 -0.0374631 -0.126779 -2.11476 0.666379
0 0 89 -0.816361 0.652119 -2.16657 0.420898
0 0 90 -2.51149 -0.339446 -1.42056 0.350031
0 0 91 -6.28876 -0.311108 -0.0796093 0.293338
0 0 92 -7.06766 0.675689 0.954452 -0.0275446
0 0 93 -3.31397 0.69926 3.51823 0.236834
0 0 94 -1.16107 2.22448 4.70338 -0.386412
0 0 95 -1.12778 4.46715 1.02981 -4.96173
0 0 96 -3.76272 0.992174 0.817495 -6.03342
0 0 97 -4.20176 0.746667 2.78634 -1.81243
0 0 98 0.335687 2.46045 1.55409 2.0546
0 0 99 0.911364 0.161103 3.10736 4.66079
0 0 100 -3.01642 -3.31388 6.75701 3.55603
0 0 101 -3.57823 -5.12221 3.93852 0.199039
0 0 102 -3.25293 -3.56892 2.46533 -1.15139
0 0 103 -3.24808 -3.76728 3.10265 -1.5575
0 0 104 -2.53022 -2.96932 0.213145 -2.91719
0 0 105 -3.03584 -0.131546 -2.36005 -2.67643
0 0 106 -2.04401 0.401844 -2.14773 -1.14194
0 0 107 -0.178955 1.03455 -0.967294 -0.688586
0 0 108 -0.00417093 1.51629 -0.0136671 -1.0758
0 0 109 -2.1855 0.31683 1.5588 -1.72739
0 0 110 -3.68712 -1.85963 -1.90679 -2.78037
0 0 111 -3.82861 -2.40733 -6.26007 -1.9965
0 0 112 -1.81721 -0.783055 -4.69738 -0.145655
0 0 113 -0.103354 -1.52911 -1.63795 -0.688586
0 0 114 0.633236 -2.15255 -3.66803 -2.66226
0 0 115 1.34624 -0.466835 -7.3271 -4.05502
0 0 116 2.17231 0.137532 -4.37636 -2.11933
0 0 117 2.87144 2.66835 -0.731061 0.0714794
0 0 118 1.62021 3.929 -0.740844 1.57763
0 0 119 -0.476504 2.1347 1.88453 2.47942
0 0 120 -2.37901 1.18577 3.38598 0.161243
0 0 121 -1.80334 2.27162 -0.528162 -3.1485
0 0 122 0.977948 2.3426 -1.60933 -3.14377
0 0 123 3.68779 0.66642 0.392494 -0.981311
0 0 124 3.41868 -1.51508 -0.169465 -0.830319
0 0 125 1.41699 -1.91631 -1.60461 -1.46301
0 0 126 2.465 1.30363 -3.40824 -1.84078
0 0 127 2.25762 1.44055 -6.00536 -1.19863
0 0 128 1.49745 -2.8843 -5.72202 0.501213
0 0 129 1.24706 -2.2847 -0.972004 1.29907
0 0 130 -0.722034 2.68239 3.1925 0.963829
0 0 131 -1.83177 3.74943 4.79287 1.13863
0 0 132 -0.42934 -2.80882 4.62294 1.81385
0 0 133 0.486889 -5.74538 2.15373 -1.44412
0 0 134 -0.212247 -2.62926 -2.94085 -4.14951
0 0 135 -0.367611 -2.04847 -1.49157 -5.54718
0 0 136 -1.01958 -4.03636 2.72982 -6.24583
0 0 137 -0.67487 -5.46703 -1.37345 -5.51411
0 0 138 -0.660304 -2.4309 -4.89086 -4.99934
0 0 139 -2.36029 -1.84083 -2.92201 -3.90403
0 0 140 -2.27567 -2.0437 -1.02853 -2.95026
0 0 141 0.066575 -3.63036 -1.16548 -3.38472
0 0 142 1.96908 -4.90027 -1.38759 -2.79455
0 0 143 1.22833 -6.01472 -1.26947 -0.887012
0 0 144 -0.599269 -3.44603 -2.22781 0.10455
0 0 145 -0.0749168 -0.405392 -3.12962 1.66267
0 0 146 0.793454 0.109194 -2.88433 3.60799
0 0 147 0.170613 -0.466835 -2.01549 3.49461
0 0 148 0.194195 -0.244898 -3.87093 3.38122
0 0 149 -0.608979 -0.226094 -7.28471 4.86866
0 0 150 -0.084627 -1.77939 -5.45753 4.10368
0 0 151 -1.24639 -2.54425 -3.66332 1.48333
0 0 152 -3.73428 -3.0636 -3.73868 -1.42049
0 0 153 -1.74161 -6.2838 -1.07128 -2.21835
0 0 154 0.845473 -6.36405 5.232 -0.797248
0 0 155 1.21862 -4.20639 6.37476 -2.31757
0 0 156 -0.466794 -2.40733 2.44649 -3.62075
0 0 157 -2.48791 0.869288 0.340682 -2.86522
0 0 158 -1.43504 3.89112 0.364233 -1.08525
0 0 159 0.921074 2.45118 0.604813 2.16308
0 0 160 1.07713 1.32746 -0.235407 2.6684
0 0 161 -0.471649 1.62488 -2.3981 2.6495
0 0 162 -0.160228 -0.688772 -2.59629 4.35861
0 0 163 2.04469 -1.78892 -0.589756 3.40484
0 0 164 2.15843 -1.03333 0.666408 1.99319
0 0 165 -1.75617 -0.367784 0.359523 2.0546
0 0 166 -3.50748 -1.31671 -1.61404 3.26802
0 0 167 -3.36599 -0.367784 -3.28542 2.1489
0 0 168 -2.22781 2.30473 -5.52347 0.265181
0 0 169 -0.136646 1.85609 -4.53687 1.77605
0 0 170 2.81457 -2.4309 -2.3365 1.60125
0 0 171 5.71792 -5.01839 -0.174175 0.170692
0 0 172 4.37722 -3.46033 0.0808985 0.694725
0 0 173 1.99752 -0.273236 -0.258958 0.935482
0 0 174 0.345397 -0.551849 0.538871 0.170692
0 0 175 -0.41963 -1.33075 2.3425 -0.702759
0 0 176 0.260086 -1.33075 4.0849 -0.73583
0 0 177 0.147031 1.39818 4.4436 -1.60928
0 0 178 0.722708 1.90349 2.48888 -1.72267
0 0 179 1.55848 -1.97775 -0.924902 -0.164553
0 0 180 1.51617 -5.41963 -0.46693 3.23968
0 0 181 1.66252 -4.53691 0.666408 4.67968
0 0 182 0.921074 -0.0844043 -2.19012 4.4531
0 0 183 -0.901673 3.53226 -4.44231 1.18115
0 0 184 -1.88795 5.43515 -3.53578 0.27463
0 0 185 -2.17649 2.31426 -1.72744 -0.556491
0 0 186 -2.49276 -0.0277283 0.170754 0.128172
0 0 187 -2.8562 0.298026 2.40373 3.44736
0 0 188 -1.13264 -1.02883 5.52005 2.1489
0 0 189 1.19504 -1.51984 5.53889 -2.99751
0 0 190 1.07713 -2.32708 3.67874 -5.65566
0 0 191 1.1999 -1.54818 -0.924902 -4.31959
0 0 192 0.0381379 1.73823 -1.52925 -2.10988
0 0 193 -0.854509 2.41331 1.67221 -0.0417179
0 0 194 -1.21309 -2.19969 3.707 1.37939
0 0 195 0.349559 -8.15358 0.817495 0.090377
0 0 196 3.71623 -9.72091 -2.78034 -2.52053
0 0 197 4.00407 -5.69824 -0.915482 -1.96342
0 0 198 2.82358 1.63415 -0.915482 -0.277939
0 0 199 0.675544 4.11783 -2.53976 -0.853941
0 0 200 -0.358594 5.35013 -1.42056 -0.518696
0 0 201 1.78528 3.20174 3.96678 -1.58566
0 0 202 4.81626 -4.80122 5.10918 -2.17602
0 0 203 4.85857 -7.86543 1.67221 -1.49608
0 0 204 2.74868 -3.57845 1.13851 -1.55278
0 0 205 1.64795 2.27162 0.401914 0.217937
0 0 206 0.722708 3.89112 -0.532872 2.24339
0 0 207 -2.76673 2.27162 2.60228 3.34834
0 0 208 -4.57005 -0.329912 1.95989 2.44654
0 0 209 -2.44976 -2.17135 -2.90788 -0.282663
0 0 210 0.831602 0.411378 -4.02673 -2.82743
0 0 211 0.694271 4.67029 -3.21948 -4.02686
0 0 212 0.996675 4.32546 -1.84085 -2.70006
0 0 213 1.26579 3.82968 0.538871 -0.254317
0 0 214 3.96176 4.55693 1.11967 2.17725
0 0 215 6.11465 4.70789 0.817495 1.73353
0 0 216 6.53011 3.78731 5.51063 -3.57351
0 0 217 15.0009 1.45008 12.1679 -7.14763
0 0 218 29.8596 -1.27884 16.3987 -6.63305
0 0 219 37.4891 -2.00132 15.9215 -3.33275
0 0 220 34.4914 0.789041 6.8186 -0.15038
0 0 221 28.0604 4.39167 0.279088 1.50695
0 0 222 18.8676 4.83555 -0.339393 1.3038
0 0 223 9.50491 2.20091 -0.783235 1.4597
0 0 224 2.08283 -1.50554 -1.15135 2.14418
0 0 225 0.44458 -5.4387 -3.0731 2.59753
0 0 226 2.30894 -6.79362 -4.45644 2.94223
0 0 227 3.48943 -4.07397 -4.31948 0.723072
0 0 228 -0.335012 -0.754982 -2.41223 -1.98232
0 0 229 -5.1603 1.89396 -1.07599 -1.49136
0 0 230 -4.62207 0.751434 -2.61042 -0.306286
0 0 231 -3.04971 -3.59249 -3.07781 -1.038
0 0 232 -1.87894 -2.74738 1.40771 -0.853941
0 0 233 0.595088 -0.934279 5.42548 0.690001
0 0 234 0.212922 -0.646132 5.2744 1.74298
0 0 235 -0.698452 1.22338 4.05157 2.09712
0 0 236 1.84216 1.39341 0.841046 2.74872
0 0 237 2.27149 0.232081 -1.13722 1.266
0 0 238 0.547924 1.1622 -2.91259 -2.42623
0 0 239 -2.62038 1.13837 -4.53687 -3.80009
0 0 240 -5.19775 0.784274 -1.48179 -2.25143
0 0 241 -3.09202 2.81931 1.42185 2.31426
0 0 242 0.387706 3.25842 1.01097 2.60226
0 0 243 -0.537539 2.02135 -0.0277975 1.41246
0 0 244 -2.17163 2.09683 0.5059 2.99892
0 0 245 -1.65213 0.246117 -1.5999 3.09795
0 0 246 -1.41631 -2.24206 -2.54918 1.37939
0 0 247 1.01055 -2.87 -1.39701 -0.466727
0 0 248 2.39425 -1.68034 -0.650988 -0.636806
0 0 249 -0.712323 0.392574 0.434885 -0.674413
0 0 250 -1.34071 1.10076 2.01206 -2.21835
0 0 251 0.760856 1.37937 4.19323 -4.39972
0 0 252 1.2755 2.35187 5.44469 -3.83789
0 0 253 1.67639 2.64928 4.18852 -1.12304
0 0 254 1.1999 1.60131 0.642857 1.60125
0 0 255 0.595088 5.63351 -1.78396 2.1489
0 0 256 0.760856 6.11023 0.170754 1.27545
0 0 257 3.00808 1.65322 2.43236 -0.518696
0 0 258 4.13654 -0.825694 -1.07599 -0.773626
0 0 259 0.17963 -1.50077 -3.08252 2.97058
0 0 260 -2.1529 -0.159884 -2.69556 3.83458
0 0 261 -3.01642 1.27529 -2.32708 0.222661
0 0 262 -4.95708 2.46045 -2.81803 -0.957689
0 0 263 -4.85789 0.66642 -0.868018 -1.14194
0 0 264 0.642252 -0.159884 5.33128 -2.58667
0 0 265 4.69835 -0.311108 8.08383 -2.42623
0 0 266 3.56988 -0.754982 7.00737 -2.13823
0 0 267 0.642252 -0.504707 6.65339 -2.4404
0 0 268 0.439725 -0.178953 3.51352 -2.29867
0 0 269 1.21862 -1.17025 1.46424 -1.85495
0 0 270 1.26579 -2.6764 4.01388 -0.52342
0 0 271 1.30324 -2.52068 4.29722 1.22821
0 0 272 1.24221 -1.68034 5.36425 1.62015
0 0 273 1.9885 -2.31304 4.82584 0.175417
0 0 274 2.04469 -3.6775 0.567132 -1.11832
0 0 275 2.44142 -0.905941 -0.49048 -0.0275446
0 0 276 2.66337 -0.939046 1.24721 1.79022
0 0 277 1.78043 -2.88907 3.24432 2.04988
0 0 278 3.14471 -4.46117 2.75337 1.81385
0 0 279 5.25044 -3.50747 1.54467 -1.04745
0 0 280 5.32188 -2.4309 0.0432172 -5.31569
0 0 281 6.02518 -1.46317 -1.94954 -5.38655
0 0 282 5.1797 -0.117509 -1.47708 -3.6302
0 0 283 1.70483 0.16587 1.12438 -2.02484
0 0 284 -0.155373 1.78537 0.302638 -2.61029
0 0 285 -1.81721 2.17734 -1.58106 -3.15322
0 0 286 -2.89365 -0.117509 -3.15824 -3.69634
0 0 287 -1.70901 -0.14108 -2.62455 -2.62919
0 0 288 -1.89766 1.58224 0.142131 0.501213
0 0 289 -0.434195 2.62095 1.02039 2.74872
0 0 290 1.02511 0.000609658 -1.29773 3.92434
0 0 291 -0.745616 -3.37055 -3.14411 0.477591
0 0 292 -2.41231 -1.35458 -5.08434 -2.2656
0 0 293 -2.10505 4.72696 -4.86731 -1.6329
0 0 294 -4.52775 7.63518 -1.82672 -4.66901
0 0 295 -6.8693 3.62681 2.90917 -6.46316
0 0 296 -5.13186 -3.12028 5.3407 -2.76147
0 0 297 -1.10004 -3.73895 4.14142 1.72408
0 0 298 0.0145559 -0.301574 2.68236 2.21977
0 0 299 -2.62454 -0.254432 0.156261 2.91861
0 0 300 -4.82529 -1.70391 -1.69447 4.65606
0 0 301 -4.72611 -0.509209 3.0175 4.78362
0 0 302 -3.29524 1.69083 5.35012 4.70803
0 0 303 -1.93997 2.82408 6.05375 4.35861
0 0 304 -1.60497 2.66359 6.42657 4.09896
0 0 305 -1.13749 3.10746 4.62765 3.29637
0 0 306 0.250376 2.50309 0.0196664 -0.90591
0 0 307 3.31048 -0.584954 -3.08723 -3.092
0 0 308 0.614509 -0.839731 -3.05426 1.73826
0 0 309 -4.31481 -1.97775 -2.99774 4.41058
0 0 310 -4.6408 -2.30827 -0.792655 1.66739
0 0 311 -2.61553 2.18184 2.67765 -0.731106
0 0 312 -1.24639 6.41718 2.8762 -1.16556
0 0 313 -2.36029 5.82235 0.11387 -1.62346
0 0 314 -3.43673 4.53787 -2.60571 -2.63864
0 0 315 -3.26195 3.96184 -4.69738 -1.93035
0 0 316 -3.81959 1.86085 -6.62855 -0.896461
0 0 317 -4.93349 1.91753 -6.58579 -2.52998
0 0 318 -5.56188 3.99971 -6.10898 -0.547042
0 0 319 -2.35543 3.65965 -5.58035 2.72982
0 0 320 1.24706 3.1358 -4.89086 0.600237
0 0 321 -0.943981 4.75053 -3.05897 -2.38843
0 0 322 -4.59849 3.55107 -1.68976 -2.21835
0 0 323 -4.26765 0.331131 -0.953163 -0.981311
0 0 324 -3.97496 0.472821 -0.792655 0.0478572
0 0 325 -5.65621 1.84205 -0.523452 -0.683862
0 0 326 -6.59117 2.93743 2.18199 -3.30913
0 0 327 -4.46116 4.80244 3.77294 -5.17414
0 0 328 -2.60582 5.48229 2.44649 -4.41861
0 0 329 -4.14974 4.45312 0.826916 -2.2845
0 0 330 -3.58308 1.93183 1.4925 -0.669688
0 0 331 -4.31967 2.58811 0.755901 -0.273215
0 0 332 -2.62454 4.02805 0.789234 -0.646066
0 0 333 -0.339867 3.88636 2.11569 -1.37325
0 0 334 0.581217 5.01484 1.73344 -1.98232
0 0 335 2.29993 6.29429 -1.09954 -2.11933
0 0 336 2.12514 4.55217 -2.61513 -1.00493
0 0 337 -2.03916 3.08839 -2.61984 0.416173
0 0 338 -3.60666 2.73907 -1.16548 -0.787799
0 0 339 -1.34071 0.84095 1.20445 -1.73684
0 0 340 -0.0374631 0.543534 -0.070189 1.38411
0 0 341 -0.443212 3.23962 -4.30535 4.76472
0 0 342 -1.27413 1.56344 -5.33941 4.25486
0 0 343 -1.01958 -3.28077 -3.41295 1.13391
0 0 344 -0.774053 -4.29591 -2.29411 -0.471451
0 0 345 -1.61884 -3.24793 -0.0937398 0.0620305
0 0 346 -2.705 -2.57735 4.25954 -0.263766
0 0 347 -2.62454 -0.377054 7.95629 -2.12406
0 0 348 -0.495231 3.34343 9.92043 -3.21937
0 0 349 1.23735 4.15093 7.24361 -1.71794
0 0 350 0.37314 1.85609 0.524741 0.74197
0 0 351 -0.821217 0.84095 -4.33361 1.69574
0 0 352 -1.19853 0.963836 -4.03615 1.9176
0 0 353 -1.50579 1.05362 -1.6615 2.40875
0 0 354 -2.17649 0.425415 -2.37418 2.34733
0 0 355 -1.44406 -0.377054 -6.08072 1.05359
0 0 356 -0.41963 0.0384819 -6.48688 -0.957689
0 0 357 -1.05218 1.31793 -4.0173 -1.33545
0 0 358 -2.99284 1.17147 -2.75679 -1.49136
0 0 359 -2.13834 -1.16098 -2.03433 -2.7851
0 0 360 2.71053 -2.84643 -2.24701 -2.31284
0 0 361 3.58376 -2.02013 -2.9644 -0.26849
0 0 362 -0.811506 -1.38742 -1.28831 0.496489
0 0 363 -3.29039 -2.22803 1.01097 -0.320459
0 0 364 -1.23182 -2.08157 3.73055 -0.716933
0 0 365 2.09185 0.161103 6.81389 -0.164553
0 0 366 2.74382 1.69559 4.51896 0.642757
0 0 367 1.87476 0.765471 -2.69085 1.46443
0 0 368 1.2755 -0.197756 -5.88253 2.88554
0 0 369 1.17631 0.302793 -2.36947 3.37669
0 0 370 2.52187 -0.29204 1.25663 3.58437
0 0 371 3.02195 -1.76985 0.973293 3.38122
0 0 372 1.36983 0.208245 1.35554 1.73353
0 0 373 -1.45377 3.29152 2.88091 1.87035
0 0 374 -1.83177 2.28592 2.88562 3.50406
0 0 375 -0.414774 1.23768 2.5454 2.68257
0 0 376 -0.0374631 2.29996 2.07801 -0.52342
0 0 377 1.11944 1.5208 2.21025 -2.22308
0 0 378 1.70968 0.274455 3.23019 -0.259041
0 0 379 0.685255 1.11003 3.28671 1.3038
0 0 380 0.567345 3.80611 2.82402 0.775041
0 0 381 0.293378 5.77044 2.18199 0.213212
0 0 382 -1.35944 5.04318 0.74177 -0.36279
0 0 383 -1.72773 2.57381 -1.51983 -0.52342
0 0 384 -1.10004 0.770238 -2.54447 -0.518696
0 0 385 -0.750471 0.0572856 -1.53396 -1.98705
0 0 386 0.19905 1.55867 1.11025 -2.76147
0 0 387 1.13331 4.04685 3.6599 -2.21835
0 0 388 1.94065 3.31033 3.10265 -3.41307
0 0 389 2.65851 1.29436 0.624016 -3.26661
0 0 390 3.19188 -1.32148 0.619306 0.430347
0 0 391 1.47386 -2.66237 3.9762 2.15363
0 0 392 -1.01473 -2.07204 6.00628 0.949655
0 0 393 -2.04401 -1.19382 3.76352 0.307512
0 0 394 -3.11075 -2.00609 -1.45353 -0.188175
0 0 395 -4.3058 -3.0448 -3.6539 -0.584838
0 0 396 -3.18219 -1.76058 -0.230697 -0.452554
0 0 397 -0.523668 -0.693539 2.43707 -0.981311
0 0 398 -1.10004 1.17147 0.619306 -2.52998
0 0 399 -5.38225 4.99127 -2.9173 -2.74258
0 0 400 -7.96447 5.55777 -3.47926 -0.679137
0 0 401 -6.7611 3.30556 -1.85027 1.11973
0 0 402 -3.2668 1.67202 0.269667 0.628583
0 0 403 -0.806651 0.647351 2.05917 -1.65653
0 0 404 -0.977274 -0.589721 1.6059 -3.54989
0 0 405 -1.42533 -2.05323 -0.986134 -3.53571
0 0 406 -1.52451 -0.495173 -2.55389 -2.79927
0 0 407 -0.735905 1.7618 -0.943743 -1.78409
0 0 408 -0.188665 1.31316 0.0243766 0.373654
0 0 409 -0.967563 0.723096 -1.32599 1.61542
0 0 410 -1.51966 -0.901174 -1.60461 1.85145
0 0 411 -0.74076 -2.75215 0.803365 0.841183
0 0 412 -0.0984988 -2.20446 3.46606 -0.537593
0 0 413 1.37468 -0.74068 5.27947 -0.754728
0 0 414 3.8813 1.33673 4.2407 -1.01438
0 0 415 4.39595 0.321597 0.463146 -1.12304
0 0 416 2.89017 -2.62449 -1.31657 -0.556491
0 0 417 1.54877 -3.2572 -1.45824 0.671103
0 0 418 1.28937 -1.40649 -2.92201 3.52768
0 0 419 1.50646 0.945033 -2.37418 3.83458
0 0 420 2.86659 2.18661 -0.618017 0.789214
0 0 421 2.6918 1.84682 -0.585046 -1.08525
0 0 422 0.468162 0.534 -0.528162 -1.63763
0 0 423 -0.315592 0.227314 0.227276 -2.7284
0 0 424 0.302395 -0.509209 0.883438 -2.12406
0 0 425 0.845473 -1.55745 1.72873 -0.0984109
0 0 426 2.11543 -1.0524 3.95736 1.48805
0 0 427 3.34794 -0.485638 5.16606 2.85719
0 0 428 2.79099 -1.28837 3.26787 2.20087
0 0 429 2.17716 -1.92584 2.10627 -0.334632
0 0 430 1.57721 -2.64807 2.10627 -0.556491
0 0 431 0.703982 -2.058 0.364233 0.65693
0 0 432 -0.192827 -1.21289 -1.07599 0.27463
0 0 433 -2.28954 -1.96822 0.562422 -1.25533
0 0 434 -3.28137 -1.60486 2.55011 -1.14667
0 0 435 -0.254556 -0.178953 3.18308 0.708899
0 0 436 2.11543 -0.792589 3.25374 2.41347
0 0 437 3.06495 -1.652 0.765321 4.28321
0 0 438 5.22686 -2.06277 -3.2952 5.22753
