0 0 0 2.83191 0.801837 -10.7084 3.17211
0 0 1 -3.63462 -0.225575 -12.2381 17.1929
0 0 2 1.99088 -9.96182 -5.47861 0.0315225
0 0 3 1.12681 -8.23358 0.88384 -15.4369
0 0 4 1.39509 0.556722 5.052 -11.3739
0 0 5 3.97577 3.66243 -0.505104 -6.73983
0 0 6 0.321995 5.77525 -10.1832 -4.48654
0 0 7 -5.44341 4.64289 -6.28396 -1.59135
0 0 8 -9.30785 1.32728 -6.98441 -7.70872
0 0 9 -7.55667 -0.622592 -2.38469 -7.20644
0 0 10 -0.83339 -5.52558 -17.7368 -21.4255
0 0 11 -7.2308 1.98115 -23.8071 -10.3349
0 0 12 -11.0475 8.35552 -19.8262 -6.69269
0 0 13 -9.07414 6.10184 -5.11677 -5.85254
0 0 14 -8.22489 8.20362 -5.22167 -4.25263
0 0 15 -4.38183 4.38604 -2.93376 0.206805
0 0 16 -11.4096 6.96631 -3.02672 5.4949
0 0 17 -13.9903 1.42049 4.60849 4.74784
0 0 18 -7.75582 -1.74322 17.672 13.1421
0 0 19 -3.26101 -1.89512 19.7036 12.2548
0 0 20 7.57195 6.53407 5.21533 5.81041
0 0 21 5.27106 7.67817 8.30925 10.3865
0 0 22 5.71543 -4.80197 15.8389 8.951
0 0 23 4.83984 -10.0668 18.6062 5.16852
0 0 24 -1.18231 -3.70414 15.08 -3.12054
0 0 25 -5.02372 2.37817 4.49164 0.136692
0 0 26 -2.09575 -6.89132 -8.59577 5.61156
0 0 27 1.50042 -14.7364 -9.05123 4.87658
0 0 28 10.7698 -17.1178 -7.75523 5.19148
0 0 29 14.1323 -7.25312 0.160155 5.64661
0 0 30 14.2491 -1.53262 3.90805 1.51417
0 0 31 15.8012 -1.71974 -1.77786 2.16816
0 0 32 13.4674 -11.2109 -2.09323 5.29665
0 0 33 -0.331406 -17.1295 5.32023 9.56932
0 0 34 -5.65407 -9.87965 -0.680382 7.28158
0 0 35 -6.16758 -5.22178 -9.00409 -2.40853
0 0 36 -2.78207 -5.74722 -6.98441 -6.22607
0 0 37 2.23611 -8.98136 -2.93376 -1.29942
0 0 38 2.07318 -5.96886 -8.73586 3.45195
0 0 39 -0.227718 -2.09328 -9.51797 0.253346
0 0 40 -2.95653 3.00856 -0.166499 6.45231
0 0 41 0.43885 -2.37361 3.70953 15.4649
0 0 42 1.45434 -7.59214 4.66692 12.9432
0 0 43 0.764727 -4.91866 3.82572 4.63118
0 0 44 1.25519 -2.99227 0.0904421 -0.867255
0 0 45 1.89707 -0.610854 3.65111 -9.51776
0 0 46 3.43923 0.346821 4.05942 -9.55282
0 0 47 11.7623 -0.984395 1.6779 -3.14412
0 0 48 8.39981 -4.75502 -5.52509 -0.0615587
0 0 49 -2.99274 -7.35807 -8.1755 6.97755
0 0 50 -9.28481 -10.0785 -2.88663 5.95064
0 0 51 -12.3428 -5.5608 0.825414 7.24652
0 0 52 -10.9422 -2.82863 3.86091 8.43724
0 0 53 0.262744 -0.225575 5.50746 6.3822
0 0 54 13.046 1.45571 0.417096 0.755621
0 0 55 11.2027 -0.809017 -4.33466 -3.19066
0 0 56 -1.89496 -5.2922 -1.47444 -5.84045
0 0 57 -7.66201 -8.17558 -0.481867 -2.42002
0 0 58 6.35731 -7.88352 4.64302 5.96212
0 0 59 7.56043 -1.01892 9.39478 7.29306
0 0 60 -2.85284 5.1566 -1.22879 5.21506
0 0 61 -1.64973 -1.15908 -5.18648 0.229773
0 0 62 8.31916 -3.23738 -3.36532 -4.3578
0 0 63 8.30764 -0.972658 0.720513 -1.48618
0 0 64 -3.37787 -5.61879 7.16463 2.24976
0 0 65 -9.35558 -3.4825 8.41415 2.16816
0 0 66 -6.74033 -0.797279 0.895791 5.23802
0 0 67 -2.16323 2.49486 -3.0619 7.26949
0 0 68 -4.7324 7.49106 -3.49412 4.3743
0 0 69 -9.92669 2.69302 -8.33883 4.3743
0 0 70 -9.23873 4.59594 -12.3895 7.0247
0 0 71 0.84702 7.56149 -10.814 2.81006
0 0 72 1.81642 11.6594 -0.575481 7.43329
0 0 73 -2.47924 8.03998 4.69016 11.2387
0 0 74 2.13078 3.66243 5.43708 6.56896
0 0 75 7.09301 -3.64614 11.3793 2.38998
0 0 76 5.33031 -9.34316 18.4541 -1.5563
0 0 77 5.08507 -15.6002 11.6243 -1.71949
0 0 78 2.48135 -16.3244 -0.983799 -3.48259
0 0 79 4.69995 -17.1882 0.521997 1.63083
0 0 80 9.75434 -9.09805 -1.29917 7.4212
0 0 81 8.41133 -2.25692 -9.55316 1.91128
0 0 82 4.62918 1.37423 -14.678 0.0200385
0 0 83 1.61728 0.428295 -2.17489 -3.19066
0 0 84 0.67256 -1.88338 5.41384 -2.37348
0 0 85 -2.85284 -4.50991 7.84184 -5.07041
0 0 86 -15.1342 -5.45515 8.531 7.92348
0 0 87 -10.8023 -8.65408 4.69016 18.1854
0 0 88 -11.4326 1.71256 -0.248163 6.17246
0 0 89 -0.6112 5.27329 4.03619 -3.43545
0 0 90 -5.89931 5.75178 1.80604 -7.37024
0 0 91 -13.5805 7.58496 5.50746 -5.49049
0 0 92 5.86685 3.40558 11.7531 -0.70406
0 0 93 7.89783 7.21142 8.11073 -5.36175
0 0 94 5.36487 5.45971 -1.12389 -8.74772
0 0 95 5.0966 0.451771 -12.7633 -2.66541
0 0 96 4.54853 2.7165 -6.42405 1.92276
0 0 97 0.182098 -0.178623 -0.680382 2.5296
0 0 98 0.986917 -8.52565 -0.820472 -0.55235
0 0 99 4.10415 -2.82863 -7.03155 10.5854
0 0 100 -0.693493 0.0312782 -5.4899 12.5117
0 0 101 -10.8253 2.20279 -3.51736 8.79868
0 0 102 -4.52173 -1.20603 -4.03058 13.4685
0 0 103 -6.52966 -3.03853 0.124967 12.7915
0 0 104 -15.7415 2.0281 -2.54802 5.27308
0 0 105 -13.5574 5.64683 1.72438 6.3822
0 0 106 -3.28406 2.63502 2.25021 -5.8755
0 0 107 -0.55195 -5.47863 3.4174 -4.31126
0 0 108 -0.984808 -8.56086 -1.55611 13.0369
0 0 109 -2.02334 -11.1639 -7.39339 16.7722
0 0 110 1.67653 -11.6894 -8.24522 11.741
0 0 111 -2.72447 -8.67755 -2.73525 5.20297
0 0 112 16.3394 -11.001 3.06751 -0.24893
0 0 113 19.0353 -5.42063 10.6204 5.32023
0 0 114 1.26671 5.76352 3.00908 14.7764
0 0 115 3.63673 3.74391 -7.86013 -2.72344
0 0 116 9.68522 3.1722 -17.5967 -4.60319
0 0 117 17.4832 0.498723 -11.9347 -2.33842
0 0 118 11.0743 0.510461 -11.2807 -0.423608
0 0 119 1.61728 -4.28827 -5.43214 5.77536
0 0 120 -14.8659 -7.30008 8.12202 11.8577
0 0 121 -16.4179 -8.09411 9.18431 7.39823
0 0 122 -9.21404 3.592 0.860602 7.82979
0 0 123 -11.2927 10.7017 -10.2417 -0.762085
0 0 124 -10.9537 8.08693 -4.03058 -3.68084
0 0 125 -0.507512 0.147967 2.0517 -2.4315
0 0 126 5.29574 -1.59131 -3.71588 5.69376
0 0 127 2.07318 -0.283574 -7.20616 10.5733
0 0 128 -5.08132 5.45971 -3.63421 12.5932
0 0 129 -2.98122 -0.213837 0.0320162 6.76782
0 0 130 8.7619 -3.68066 9.18431 5.16852
0 0 131 10.5361 -10.1482 6.27762 6.95459
0 0 132 0.636351 -16.7325 -0.890184 7.77177
0 0 133 -6.34368 -10.0081 2.86899 -1.96489
0 0 134 -7.39373 -13.1373 0.907742 -8.07017
0 0 135 -3.84529 -18.1804 -8.43244 -12.39
0 0 136 -1.80115 -11.0355 -8.3853 -9.93844
0 0 137 -7.68505 -2.06981 -7.03155 -3.65727
0 0 138 -4.88382 6.28896 -5.89888 -0.330527
0 0 139 0.718644 12.6979 -3.01543 7.4212
0 0 140 7.67728 -0.599116 -2.75849 6.06729
0 0 141 11.2833 -6.20293 -3.97282 4.7013
0 0 142 8.94952 -12.8335 -3.08514 8.82225
0 0 143 2.23611 -17.947 -4.14743 6.546
0 0 144 5.03735 -21.0058 -9.54121 -3.17917
0 0 145 26.542 -17.8069 -7.69681 -5.5606
0 0 146 42.7239 -12.9736 -6.73942 -1.36953
0 0 147 42.454 -8.64234 -6.75071 -1.12413
0 0 148 42.6647 -2.75889 -4.20586 -1.3925
0 0 149 50.9071 1.96941 -5.57223 3.35887
0 0 150 64.2154 1.77125 -1.22879 2.02793
0 0 151 68.2329 -5.80591 6.90835 1.0119
0 0 152 64.2269 -7.26486 -1.71943 0.953872
0 0 153 68.9439 -15.7286 -15.9853 3.8956
0 0 154 77.0003 -25.8501 -20.9011 -2.73553
0 0 155 84.2849 -24.4609 -15.4953 -12.8101
0 0 156 90.8814 -24.7882 -15.7523 -14.9582
0 0 157 86.9232 -19.6628 -11.5841 -13.5456
0 0 158 74.1975 -11.3745 -2.75849 -12.0745
0 0 159 71.0802 -7.73162 -5.7236 -14.2697
0 0 160 71.9673 -11.5492 -7.9418 -16.4874
0 0 161 68.6872 -15.2038 -8.37402 -20.702
0 0 162 62.6403 -13.1835 -5.92212 -19.5578
0 0 163 56.2544 -13.1953 2.9739 -8.72415
0 0 164 70.4499 -13.0323 2.65853 -4.77848
0 0 165 79.9645 -12.8335 -5.58351 2.06299
0 0 166 72.0842 -13.9541 -7.90661 7.86485
0 0 167 69.4344 -5.2922 -4.99992 10.1181
0 0 168 66.5969 4.54968 2.89223 15.3482
0 0 169 57.2815 0.218394 3.73277 14.2506
0 0 170 49.9739 -10.0902 2.76343 4.03583
0 0 171 43.6802 -14.7951 1.52586 -1.81318
0 0 172 41.2641 -13.7442 -6.78589 -0.178817
0 0 173 50.2998 -8.74729 -10.7436 3.65081
0 0 174 55.3558 -6.05103 -12.5648 8.35503
0 0 175 45.6881 -3.17869 -5.68842 7.69017
0 0 176 40.6568 -0.30705 -4.04253 0.533798
0 0 177 39.1508 -3.35407 -12.5767 -3.41248
0 0 178 36.9437 -3.43554 -11.1639 -1.59135
0 0 179 29.3449 -0.785542 -8.05865 2.56466
0 0 180 22.8767 -4.04315 -10.2536 0.41654
0 0 181 21.7213 -4.40496 -9.51797 -1.71949
0 0 182 21.4645 -4.48643 2.28473 -6.52949
0 0 183 26.1453 -0.622592 3.25407 -5.75885
0 0 184 27.5229 0.755576 -8.54863 2.48306
0 0 185 26.0515 -3.16695 -9.4715 4.24617
0 0 186 25.831 1.49092 -6.57609 -0.517294
0 0 187 22.3517 -1.00787 -4.20586 0.229773
0 0 188 21.2308 -4.39322 0.662087 -3.93772
0 0 189 12.1359 0.67341 5.06329 -8.33913
0 0 190 9.42846 -2.68846 5.07524 -7.23002
0 0 191 22.5623 -10.6854 -0.902135 2.40147
0 0 192 32.2169 -13.8029 -5.64194 8.77571
0 0 193 32.2399 -8.39722 -5.82851 2.26124
0 0 194 20.9741 -4.49817 -9.37788 -5.28015
0 0 195 11.9729 4.92322 -9.83334 -8.75921
0 0 196 15.2877 3.93102 -14.6077 -5.92205
0 0 197 15.0787 -10.7559 -4.42761 0.650452
0 0 198 9.00713 -13.7559 -0.353728 11.379
0 0 199 3.91817 -13.5923 -2.78172 11.5307
0 0 200 6.43961 -10.8953 0.440334 3.65081
0 0 201 10.7353 -3.52945 -3.36532 6.67413
0 0 202 17.238 -0.155147 3.09075 9.81472
0 0 203 16.0826 -2.63046 -2.84015 13.107
0 0 204 5.50477 0.627149 -8.31559 9.11419
0 0 205 -5.18665 4.0705 -4.62613 7.04767
0 0 206 -1.49831 3.34689 -7.63838 1.18718
0 0 207 3.73054 -2.5483 -9.915 0.428629
0 0 208 2.7381 -11.4442 -6.97312 0.638363
0 0 209 5.58706 -7.54519 -0.71557 7.12926
0 0 210 11.155 4.47925 -4.29947 11.8812
0 0 211 17.2841 10.6782 -12.0861 13.9357
0 0 212 18.5448 5.64683 -16.4873 7.99359
0 0 213 8.82115 2.98509 -9.05123 9.77966
0 0 214 2.62124 3.84886 -9.31946 8.04013
0 0 215 2.46982 4.35083 -17.6664 3.88412
0 0 216 0.298953 5.56535 -13.6622 1.98139
0 0 217 9.57988 4.1644 -5.93407 -11.8762
0 0 218 13.1283 -2.32666 -12.9505 -15.2036
0 0 219 9.30009 -14.5147 -11.8059 -6.06227
0 0 220 8.49362 -5.9806 -3.94892 -4.12449
0 0 221 10.1279 3.62722 9.05617 -4.97673
0 0 222 4.3033 6.44086 10.8309 -2.58321
0 0 223 -1.46375 1.14085 -2.81691 7.70165
0 0 224 -8.92273 -0.727543 -6.48248 0.393572
0 0 225 1.25519 2.03915 -8.52539 -4.86007
0 0 226 3.82436 1.75951 -3.93763 0.183233
0 0 227 3.20552 4.91148 -2.20942 3.45195
0 0 228 10.2794 3.28889 -0.260114 1.5728
0 0 229 15.5922 1.02348 -1.68425 -5.81748
0 0 230 15.8259 -6.54125 -6.29591 -9.97349
0 0 231 12.5572 -9.06283 -3.70393 -6.27261
0 0 232 2.51591 -6.20293 -8.864 1.64231
0 0 233 -9.507 1.5144 -9.79815 1.6544
0 0 234 -12.9863 1.89968 -9.43631 -3.57568
0 0 235 -6.08529 -1.95312 -5.98055 -7.57998
0 0 236 6.31123 -0.505213 -5.98055 -0.131672
0 0 237 13.3966 2.9264 -1.73072 9.93137
0 0 238 6.7194 4.68984 1.19921 15.0097
0 0 239 -3.75148 5.14486 0.136917 17.321
0 0 240 -5.17513 5.2146 5.8454 14.1224
0 0 241 -3.79756 7.78312 10.6908 13.13
0 0 242 -0.331406 13.0603 3.12527 3.70883
0 0 243 5.64466 19.3995 -3.34208 -7.81329
0 0 244 7.29051 14.3322 -10.3698 -12.0044
0 0 245 0.741686 10.0361 -14.7829 -12.6233
0 0 246 0.0175131 5.53014 -5.385 -6.7628
0 0 247 -5.87626 0.451771 -1.97638 -1.73098
0 0 248 -16.9775 5.10965 -3.49412 0.125208
0 0 249 -16.0328 9.76752 -2.0109 -2.65333
0 0 250 -9.90365 8.49568 -2.11647 2.90314
0 0 251 -2.09575 5.34302 -6.75071 13.3633
0 0 252 1.19759 6.02037 -5.98055 7.95853
0 0 253 3.69598 7.58496 -2.1397 -0.563834
0 0 254 3.63673 0.194918 0.475522 -1.26436
0 0 255 -4.60402 -2.37361 -2.87534 -3.17917
0 0 256 -6.26139 -0.365739 -7.75523 -10.674
0 0 257 0.473413 -3.19043 -6.86756 -11.1177
0 0 258 3.49683 -5.89912 -2.27979 -6.33124
0 0 259 10.6069 -2.16302 -0.808521 0.0200385
0 0 260 14.3314 -3.61092 -0.365015 -2.82861
0 0 261 8.19079 -7.39329 -1.40407 -8.68909
0 0 262 1.4889 -2.81689 -8.08189 -5.33878
0 0 263 1.69957 3.04378 -10.148 -3.12054
0 0 264 3.5314 4.35083 -9.13289 4.25765
0 0 265 -0.670451 5.06339 -12.0515 9.42909
0 0 266 0.0537217 4.19892 -12.5767 13.072
0 0 267 1.85099 1.65387 -6.06221 5.0162
0 0 268 5.50477 -2.58351 3.95452 -0.867255
0 0 269 8.41133 1.43223 9.30116 -1.05402
0 0 270 5.30726 -0.225575 9.663 -1.28793
0 0 271 -0.0861753 -5.8287 5.99744 -4.1946
0 0 272 -5.63103 -2.86384 2.65853 -3.84404
0 0 273 -4.19421 5.56535 -5.02316 6.65117
0 0 274 6.77701 6.95457 -8.1755 10.2813
0 0 275 14.6228 4.2224 -6.79784 10.7485
0 0 276 13.6896 5.62335 -4.49799 -1.19425
0 0 277 7.04692 6.34696 -3.8792 -8.86438
0 0 278 -1.61681 1.5144 -3.23718 -6.65763
0 0 279 -9.02806 7.16447 -2.88663 -5.38532
0 0 280 -10.4632 11.134 -6.33044 -4.42791
0 0 281 -3.1672 4.78306 -1.8011 -9.03966
0 0 282 0.555705 -6.89132 7.41028 -7.26507
0 0 283 -2.68826 -10.1255 10.7372 -5.5606
0 0 284 -10.2773 -12.4482 10.6436 -0.528778
0 0 285 -5.63103 -12.7982 8.15721 1.61934
0 0 286 6.7194 -7.03149 -2.68811 2.75143
0 0 287 8.86723 1.22233 -4.82464 4.25765
0 0 288 2.92572 1.22233 2.86899 2.40147
0 0 289 -0.83339 -9.00414 18.2908 6.56896
0 0 290 3.91817 -15.1451 9.74467 4.60761
0 0 291 14.9026 -13.2892 4.93515 2.01645
0 0 292 18.1597 -13.312 8.30925 6.66265
0 0 293 8.92648 -11.456 12.4887 9.33601
0 0 294 8.85571 -7.62667 9.96708 5.27308
0 0 295 14.5174 -4.54512 -1.67296 -4.31126
0 0 296 12.4157 -5.79417 -11.0005 -8.30408
0 0 297 9.31161 -12.2852 -6.07416 -2.96883
0 0 298 11.1434 -9.05109 -8.56058 -2.20968
0 0 299 14.4236 3.1722 -6.55285 -3.03895
0 0 300 7.46662 2.75171 -6.94922 -5.22212
0 0 301 7.6526 1.35076 -5.98055 -6.37778
0 0 302 12.2297 4.51447 -8.89919 -4.31126
0 0 303 8.938 4.18788 -7.26459 6.10235
0 0 304 3.01789 5.50666 -5.10482 3.84906
0 0 305 5.62162 5.34302 -7.75523 5.54205
0 0 306 2.64428 1.1519 -6.21425 1.43258
0 0 307 -3.01578 1.9342 -7.07802 4.74784
0 0 308 1.27823 2.66954 1.40967 5.39034
0 0 309 -5.78245 2.85666 -4.98797 -0.493721
0 0 310 -9.89213 -0.458952 0.0784914 -3.43545
0 0 311 -11.2812 0.942001 -5.11677 -17.1528
0 0 312 -10.2312 5.74004 -3.17876 -11.2107
0 0 313 -6.35521 6.6625 0.101729 1.5728
0 0 314 -5.04676 8.77532 -2.59516 8.48378
0 0 315 -5.44341 11.9625 -1.78915 14.3908
0 0 316 -10.009 5.34302 9.13783 13.7604
0 0 317 -8.88816 -9.87965 6.63946 5.84547
0 0 318 -7.53363 -14.048 1.15273 -7.67366
0 0 319 -4.72088 -6.61099 -4.71974 -9.1678
