0 0 0 -0.0527228
0 0 1 0.0209709
0 0 2 0.0609628
0 0 3 0.0771847
0 0 4 0.0763571
0 0 5 0.284841
0 0 6 0.498954
0 0 7 0.649536
0 0 8 0.905776
0 0 9 1.00009
0 0 10 0.94729
0 0 11 0.791511
0 0 12 0.392088
0 0 13 0.142354
0 0 14 0.0337498
0 0 15 -0.0233248
0 0 16 -0.0207591
0 0 17 -0.0469458
0 0 18 -0.000878972
0 0 19 -0.0146179
0 0 20 -0.0322799
0 0 21 0.046479
0 0 22 0.0279728
0 0 23 0.0664915
0 0 24 -0.0304756
0 0 25 0.0325083
0 0 26 -0.00081276
0 0 27 0.0510973
0 0 28 -0.0156939
0 0 29 0.0204247
0 0 30 0.02256
0 0 31 0.0258871
0 0 32 0.00446763
0 0 33 0.0363983
0 0 34 -0.0203287
0 0 35 -0.0423276
0 0 36 0.0048649
0 0 37 -0.00783121
0 0 38 -0.0103142
0 0 39 0.0413476
0 0 40 -0.0847031
0 0 41 0.0403213
0 0 42 -0.00238529
0 0 43 -0.0208418
0 0 44 0.0450058
0 0 45 0.00981423
0 0 46 0.0396095
0 0 47 0.0388481
0 0 48 0.0322435
0 0 49 0.0340146
0 0 50 0.0334849
0 0 51 -0.0138896
0 0 52 0.0604663
0 0 53 -0.0123667
0 0 54 -0.0199149
0 0 55 -0.00693735
0 0 56 0.0283701
0 0 57 -0.0277279
0 0 58 -0.0298301
0 0 59 -0.0145352
0 0 60 -0.0165712
0 0 61 0.000395605
0 0 62 -0.0295818
0 0 63 0.0351402
0 0 64 0.0428539
0 0 65 -0.0653527
0 0 66 -0.0281417
0 0 67 -0.0218185
0 0 68 0.0453038
0 0 69 0.0436816
0 0 70 -0.0260891
0 0 71 0.0117178
0 0 72 0.0079272
0 0 73 -0.01965
0 0 74 -0.0535836
0 0 75 0.0187032
0 0 76 0.00170329
0 0 77 0.00200124
0 0 78 -0.0122674
0 0 79 0.0116516
0 0 80 -0.0145352
0 0 81 -0.0405067
0 0 82 0.0372756
0 0 83 0.0716726
0 0 84 0.0326076
0 0 85 0.0587447
0 0 86 -0.0100493
0 0 87 0.0104101
0 0 88 -0.00528206
0 0 89 -0.0533353
0 0 90 -0.0162401
0 0 91 -0.0340511
0 0 92 0.0385667
0 0 93 0.00253094
0 0 94 0.0176603
0 0 95 -0.0174816
0 0 96 -0.0319654
0 0 97 -0.00561311
0 0 98 0.0143332
0 0 99 0.076324
0 0 100 -0.0467969
0 0 101 -0.0128633
0 0 102 0.0201267
0 0 103 0.0129262
0 0 104 -0.0390501
0 0 105 -0.032611
0 0 106 -0.002137
0 0 107 0.0119661
0 0 108 0.0905761
0 0 109 0.047555
0 0 110 -0.00877473
0 0 111 -0.00993343
0 0 112 -0.0495446
0 0 113 0.00168674
0 0 114 -0.00601039
0 0 115 0.0598207
0 0 116 0.0371431
0 0 117 -0.00955272
0 0 118 -0.054047
0 0 119 -0.0197659
0 0 120 -0.0420793
0 0 121 -0.00548069
0 0 122 0.0274597
0 0 123 -0.0190044
0 0 124 -0.00463649
0 0 125 0.0269465
0 0 126 0.0253906
0 0 127 0.00223298
0 0 128 -0.015429
0 0 129 -0.0192196
0 0 130 -0.00169007
0 0 131 -0.0564472
0 0 132 -0.0190044
0 0 133 0.0445258
0 0 134 -0.0115556
0 0 135 0.00469937
0 0 136 -0.00268324
0 0 137 0.0449727
0 0 138 0.0227255
0 0 139 0.0296943
0 0 140 0.0281549
0 0 141 0.0382853
0 0 142 -0.0754997
0 0 143 0.0296447
0 0 144 0.00986389
0 0 145 -0.0428407
0 0 146 0.0353058
0 0 147 0.00190192
0 0 148 0.0219641
0 0 149 0.039444
0 0 150 -0.00430543
0 0 151 -0.0510344
0 0 152 -0.0306412
0 0 153 0.052405
0 0 154 0.071474
0 0 155 -0.0218185
0 0 156 -0.0639126
0 0 157 -0.0086092
0 0 158 -0.0390501
0 0 159 -0.00322949
0 0 160 0.0250098
0 0 161 0.05022
0 0 162 -0.0496771
0 0 163 0.00691747
0 0 164 0.0184218
0 0 165 -0.0196169
0 0 166 -0.0211729
0 0 167 -0.000299619
0 0 168 -0.0364016
0 0 169 -0.0400764
0 0 170 -0.0227785
0 0 171 0.00592429
0 0 172 0.0677496
0 0 173 -0.0407881
0 0 174 -0.0315516
0 0 175 0.0416456
0 0 176 0.0293467
0 0 177 0.0124958
0 0 178 0.0310351
0 0 179 0.0406689
0 0 180 0.00594084
0 0 181 0.0652004
0 0 182 -0.0103969
0 0 183 -0.027463
0 0 184 0.011602
0 0 185 0.0170479
0 0 186 0.0107412
0 0 187 -0.00468615
0 0 188 0.0589765
0 0 189 -0.0100162
0 0 190 -0.0194017
0 0 191 -0.0227123
0 0 192 0.0498889
0 0 193 0.020855
0 0 194 0.00516285
0 0 195 0.0134228
0 0 196 0.0163692
0 0 197 0.0610622
0 0 198 -0.0115556
0 0 199 -0.0589633
0 0 200 -0.035425
0 0 201 0.0285191
0 0 202 0.00474903
0 0 203 0.00504698
0 0 204 0.0190508
0 0 205 0.0205074
0 0 206 -0.0191865
0 0 207 -0.0365671
0 0 208 -0.00685459
0 0 209 0.0246126
0 0 210 0.083061
0 0 211 -0.0570928
0 0 212 -0.0732816
0 0 213 0.0185707
0 0 214 0.023487
0 0 215 0.0396592
0 0 216 -0.0049841
0 0 217 0.0398909
0 0 218 0.0483164
0 0 219 0.0527029
0 0 220 0.00580842
0 0 221 -0.0225964
0 0 222 -0.00514963
0 0 223 -0.0350277
0 0 224 -0.0137241
0 0 225 -0.0129461
0 0 226 -8.44303e-05
0 0 227 0.0489123
0 0 228 0.060847
0 0 229 -0.0386031
0 0 230 0.0430691
0 0 231 0.00504698
0 0 232 -0.0522593
0 0 233 0.00145499
0 0 234 0.0281218
0 0 235 0.0279728
0 0 236 -0.0152469
0 0 237 -0.0372127
0 0 238 -0.0227123
0 0 239 0.0272114
0 0 240 0.00883761
0 0 241 0.0419601
0 0 242 0.0360838
0 0 243 0.0256885
0 0 244 -0.0219012
0 0 245 -0.021835
0 0 246 -0.0139061
0 0 247 -0.00387506
0 0 248 -0.0382886
0 0 249 0.00359032
0 0 250 -0.0140717
0 0 251 0.0612773
0 0 252 0.00665262
0 0 253 0.0160381
0 0 254 -0.00293154
0 0 255 0.0225103
