0 0 0 -14.122 -11.8543 10.7512 2.79815
0 0 1 -5.6994 -8.44005 11.4206 3.46653
0 0 2 -4.29311 -1.15042 7.14112 1.3933
0 0 3 -1.21591 11.486 0.454927 -0.010411
0 0 4 -1.88881 9.41358 2.79397 4.06909
0 0 5 0.92377 9.41358 6.87413 10.4896
0 0 6 -0.618612 0.989322 8.34449 3.33376
0 0 7 3.72879 4.60046 6.94182 -1.48221
0 0 8 5.53579 13.8951 7.60743 -0.144314
0 0 9 -2.22148 18.5787 2.86166 2.66424
0 0 10 -7.16617 10.9523 2.72628 3.66738
0 0 11 -7.16617 7.40855 9.14548 9.75316
0 0 12 -6.8335 6.33608 10.8189 8.4164
0 0 13 -4.36116 6.13921 8.81455 2.06282
0 0 14 3.32807 1.79237 10.4165 0.390163
0 0 15 -4.15702 2.19131 10.0179 0.457115
0 0 16 -5.42721 -2.42494 4.06502 5.00528
0 0 17 7.74352 -4.36262 -6.76902 -2.01669
0 0 18 3.19954 -6.50236 -10.5822 -3.62239
0 0 19 -4.55773 -3.69428 -7.90846 -3.15373
0 0 20 -3.68825 -5.16567 -5.49797 2.19672
0 0 21 4.66631 1.45561 -3.35824 3.06595
0 0 22 8.54495 9.68299 -1.08688 -1.2144
0 0 23 4.40169 8.81259 5.2007 -1.0805
0 0 24 4.9385 7.20649 5.33608 0.992727
0 0 25 7.67547 1.12403 0.721924 -0.612974
0 0 26 5.86846 7.00961 -1.41781 -8.8378
0 0 27 7.07817 7.07178 -6.03572 -10.911
0 0 28 11.4861 5.93715 -3.89223 -7.23323
0 0 29 7.07817 2.32601 -4.96398 -2.5523
0 0 30 -1.01933 -0.482074 -3.02355 -0.41212
0 0 31 -8.90513 -0.953543 -6.36665 -4.75829
0 0 32 -13.5928 2.19131 -1.55319 -1.88278
0 0 33 -3.89239 -4.42997 -0.349823 -1.94973
0 0 34 3.79683 -4.42997 2.92935 0.324346
0 0 35 0.855723 -0.482074 3.26027 -2.28449
0 0 36 -6.36474 0.585206 -1.01919 -3.68934
0 0 37 -8.70855 0.186271 -1.7525 -2.28449
0 0 38 -8.70855 2.46072 -6.76902 -2.81897
0 0 39 -10.5836 7.27384 -7.77308 2.26367
0 0 40 -7.83907 -2.02082 2.1246 8.01469
0 0 41 -4.69383 -9.04104 3.79803 2.33062
0 0 42 -3.42363 -9.3778 -2.29025 -6.6318
0 0 43 -1.94929 -3.62692 -10.7815 -6.4979
0 0 44 -5.6994 -14.1236 -12.9212 -2.01669
0 0 45 -3.68825 -13.2583 -7.03602 -3.95601
0 0 46 -3.89239 -9.77674 -10.7138 -2.08364
0 0 47 -3.159 3.93211 -9.9805 -4.35772
0 0 48 -3.68825 12.289 0.721924 -1.81583
0 0 49 8.21228 4.3984 1.32361 6.07537
0 0 50 13.5652 -3.69428 -3.35824 6.87765
0 0 51 6.54136 0.787264 2.1246 3.46653
0 0 52 -4.22506 0.0515659 1.25592 0.257395
0 0 53 -11.7177 -1.68924 3.06096 -3.35458
0 0 54 -16.3978 -2.08818 1.99298 0.925775
0 0 55 -11.317 -3.69428 2.3239 1.99586
0 0 56 -6.10011 -8.24317 5.00139 -1.61611
0 0 57 -3.35558 -9.84409 -0.0828266 0.524066
0 0 58 -3.22705 -3.22281 -3.76061 1.46025
0 0 59 -0.210335 8.61053 -11.9209 3.53348
0 0 60 -4.15702 9.14935 -15.8657 -7.23323
0 0 61 -1.68467 3.33112 -14.3277 -4.82524
0 0 62 -3.02291 4.53311 -2.55725 -2.4184
0 0 63 -4.82992 4.19634 0.853542 -5.09305
0 0 64 -10.3114 8.48101 2.92935 -3.62239
0 0 65 -15.7324 5.40351 -1.41781 -5.09305
0 0 66 -11.5816 -1.41983 -3.15893 -0.946597
0 0 67 -6.8335 1.65767 -1.15081 -2.4184
0 0 68 -4.69383 2.72495 -2.95586 0.0565405
0 0 69 -9.24536 -4.76156 -0.214445 5.00528
0 0 70 -13.3886 -9.3778 4.4674 6.47708
0 0 71 -17.1312 1.19138 0.251859 4.53662
0 0 72 -12.0504 -5.03097 4.4674 2.19672
0 0 73 -8.7766 -9.04104 0.785852 -2.88592
0 0 74 -8.90513 -8.97887 -1.41781 -5.16
0 0 75 -7.37031 -3.89633 -1.4855 0.925775
0 0 76 -2.28953 -1.01571 -1.7525 4.80442
0 0 77 -7.16617 6.80755 1.52291 -0.479071
0 0 78 -10.5156 5.66774 3.26027 -8.23637
0 0 79 -16.2617 0.585206 -2.01949 -4.08991
0 0 80 -17.2673 -2.55446 -1.08688 2.19672
0 0 81 -17.9326 -8.97887 -6.76902 5.60671
0 0 82 -17.736 -6.83394 -4.8286 3.13291
0 0 83 -13.8574 -5.76666 -6.36665 -0.278217
0 0 84 -10.2434 -4.29527 -0.282134 5.34003
0 0 85 -9.30585 -3.29016 6.87413 4.3369
0 0 86 1.65716 -2.15553 4.80208 -5.0261
0 0 87 -0.278381 1.3209 2.79397 -5.76143
0 0 88 -5.0265 -1.41983 -1.88787 -1.28135
0 0 89 -5.56331 -10.8492 -0.150516 2.7312
0 0 90 -2.22148 -17.2011 -0.481441 -0.879646
0 0 91 2.12592 -20.548 -6.30272 -4.8922
0 0 92 -0.278381 -14.595 -5.29866 -6.23009
0 0 93 -3.22705 -6.43501 4.80208 -2.75202
0 0 94 -4.15702 -11.4502 11.823 -1.61611
0 0 95 -0.278381 -7.37277 8.47987 -2.48535
0 0 96 4.9385 -0.549427 -0.752198 3.26681
0 0 97 3.06345 -5.90137 -6.16734 11.4258
0 0 98 -3.02291 -9.51251 -7.23909 6.74375
0 0 99 -4.15702 -6.56972 0.921231 5.20613
0 0 100 -5.49526 -1.81876 -6.09965 -0.479071
0 0 101 -5.63135 -3.02593 -5.16328 -1.54916
0 0 102 -0.679098 1.3209 -2.75655 -3.88906
0 0 103 0.787677 9.14935 0.921231 -5.42781
0 0 104 0.719631 2.99436 -0.816127 -7.76884
0 0 105 4.80241 0.517853 3.46334 -8.70503
0 0 106 3.53221 -7.30541 3.12865 -7.50103
0 0 107 3.93293 -9.77674 -0.752198 -3.28763
0 0 108 5.80798 -7.30541 -2.15487 -5.09305
0 0 109 -0.482519 -5.56461 -9.31113 -0.010411
0 0 110 -7.37031 -8.84416 -6.30272 8.54917
0 0 111 -8.64051 -6.96865 -5.43028 1.05968
0 0 112 -9.71413 -7.83905 3.26027 1.46025
0 0 113 -12.0504 -4.36262 10.2172 1.5272
0 0 114 -12.5872 -9.10839 15.1661 0.190443
0 0 115 -10.7121 -10.8492 8.2768 1.32748
0 0 116 -8.43637 -7.97376 -2.55725 -1.34831
0 0 117 -8.97318 -4.02586 -5.83265 -8.10246
0 0 118 -6.03207 1.65767 -2.68886 -1.28135
0 0 119 -0.0137565 12.3564 3.19634 0.0565405
0 0 120 -0.0137565 8.07689 5.93776 1.59416
0 0 121 -1.94929 4.53311 8.0098 0.992727
0 0 122 2.45859 -3.22281 7.81049 -0.678791
0 0 123 5.86846 -5.63196 7.07343 3.80129
0 0 124 -2.41806 -5.63196 6.06938 5.07223
0 0 125 -14.1901 -2.02082 3.39565 6.34317
0 0 126 -15.0595 4.33105 2.52697 5.00528
0 0 127 -12.315 4.3984 -2.95586 1.32748
0 0 128 -5.56331 -7.83905 -6.30272 0.324346
0 0 129 -2.15343 -5.63196 -3.15893 -0.812694
0 0 130 3.46416 -1.81876 0.785852 -1.0805
0 0 131 6.00456 -4.22792 2.79397 7.67993
0 0 132 7.67547 -0.818837 0.721924 11.8264
0 0 133 7.07817 6.20656 7.81049 4.87137
0 0 134 -3.02291 1.52296 7.87818 0.0565405
0 0 135 -8.64051 3.59535 8.0098 0.724921
0 0 136 -8.90513 -4.29527 3.79803 -6.23009
0 0 137 -3.09096 -0.217845 -5.03166 -7.30018
0 0 138 0.250868 5.2688 0.120241 -7.83466
0 0 139 3.19954 8.07689 2.86166 -8.63808
0 0 140 4.00097 7.74531 4.33202 -2.35144
0 0 141 8.28032 -1.55454 -4.62929 -1.54916
0 0 142 5.80798 -7.10336 -4.42998 -0.010411
0 0 143 4.40169 -8.44005 -4.16299 4.13604
0 0 144 11.7582 -3.76163 3.06096 -0.278217
0 0 145 17.2397 0.186271 1.99298 -9.70817
0 0 146 17.5119 1.92708 0.586545 -7.43408
0 0 147 11.8263 1.38826 -0.54913 -4.08991
0 0 148 8.14423 2.25866 -1.2185 -2.61925
0 0 149 10.5561 3.26377 -3.09124 -2.28449
0 0 150 8.34837 2.99436 -1.41781 -0.278217
0 0 151 2.05787 4.80252 -2.48956 -3.08678
0 0 152 -4.36116 3.59535 -5.43028 -3.42153
0 0 153 -1.14786 1.59031 -6.36665 -0.278217
0 0 154 4.9385 -2.48711 0.120241 2.19672
0 0 155 5.60384 -5.16567 2.3239 0.457115
0 0 156 3.06345 -9.17574 2.92935 -0.879646
0 0 157 2.59468 -8.04111 -4.5616 0.992727
0 0 158 6.14065 -9.17574 -3.22662 0.524066
0 0 159 6.20869 -8.91151 -10.0482 0.657969
0 0 160 -1.94929 -4.96361 -12.0525 0.123492
0 0 161 -11.5816 -1.01571 -7.50608 -0.41212
0 0 162 -10.0468 6.0045 -0.214445 -0.41212
0 0 163 0.523053 5.06675 -3.89223 0.925775
0 0 164 12.4236 8.48101 -1.41781 3.06595
0 0 165 13.4972 3.528 2.86166 2.7312
0 0 166 3.26002 -0.818837 1.12054 -4.29077
0 0 167 -1.54858 -0.150492 0.921231 -4.55857
0 0 168 -1.14786 0.854616 2.25997 -2.01669
0 0 169 3.6683 4.99939 8.81455 -3.68934
0 0 170 8.74909 2.72495 13.628 -3.82211
0 0 171 4.9385 0.517853 9.75092 -0.211265
0 0 172 1.25644 -5.36255 2.59466 0.791872
0 0 173 0.455007 -2.62182 -1.88787 0.123492
0 0 174 1.32449 -8.5074 -0.951506 -1.28135
0 0 175 2.9954 -1.21777 3.32796 -4.62552
0 0 176 2.59468 0.320976 6.40406 -7.30018
0 0 177 -1.54858 7.94219 5.80238 -6.96542
0 0 178 -1.01933 -0.482074 0.785852 -7.50103
0 0 179 3.60026 -8.30534 -5.09935 -4.75829
0 0 180 7.3428 -3.82898 0.251859 -6.09619
0 0 181 2.26201 -9.84409 9.01386 -3.22068
0 0 182 -2.81877 -4.56468 6.67106 0.524066
0 0 183 0.122336 2.0566 6.06938 2.06282
0 0 184 5.73993 3.46064 1.5906 -0.745743
0 0 185 3.72879 -6.50236 -5.29866 -4.49162
0 0 186 -0.210335 -8.70946 -5.23097 -7.43408
0 0 187 -1.14786 -6.36766 -8.04008 -1.81583
0 0 188 1.25644 -2.35759 -11.2516 1.5272
0 0 189 8.613 -0.88619 -16.3997 -2.35144
0 0 190 13.2931 5.53821 -14.3953 -5.42781
0 0 191 9.88319 10.9523 -7.03602 -8.57112
0 0 192 4.80241 8.81259 -1.15081 -7.16628
0 0 193 0.38696 3.73006 -0.214445 -0.278217
0 0 194 0.855723 3.86476 5.2007 3.93519
0 0 195 -2.01734 5.1341 5.2007 4.20299
0 0 196 -0.747144 1.52296 3.53103 -1.28135
0 0 197 0.190382 -3.02593 -0.61682 -2.08364
0 0 198 2.52664 -5.69931 3.86571 -1.54916
0 0 199 -4.89796 -4.82891 0.785852 -5.42781
0 0 200 -4.15702 -6.77177 -3.95992 -7.03237
0 0 201 3.6683 -1.88612 -0.150516 -5.42781
0 0 202 11.2214 0.989322 0.98892 -8.10246
0 0 203 11.4861 8.48101 2.92935 -5.62866
0 0 204 7.07817 10.5534 -6.56972 -5.96229
0 0 205 0.787677 4.3984 -6.50203 -7.30018
0 0 206 0.523053 3.73006 -5.16328 -1.28135
0 0 207 4.19755 0.921969 -0.214445 2.59729
0 0 208 4.87045 -1.55454 2.05691 7.67993
0 0 209 -1.54858 -3.62692 -4.16299 5.27308
0 0 210 0.787677 2.32601 -1.62088 5.07223
0 0 211 5.06703 2.25866 -1.7525 3.80129
0 0 212 7.07817 -4.42997 0.921231 5.13918
0 0 213 7.67547 -6.1656 2.99327 -1.01355
0 0 214 11.8943 -8.6421 9.75092 -0.812694
0 0 215 12.0909 -7.70435 12.4246 -0.678791
0 0 216 8.34837 3.39329 16.1701 4.46967
0 0 217 6.33723 6.80755 7.67512 8.21554
0 0 218 6.14065 1.59031 2.39159 10.8232
0 0 219 7.60742 1.25355 7.81049 8.14859
0 0 220 13.225 -5.4299 12.0223 3.06595
0 0 221 10.488 -10.3829 15.5007 1.3933
0 0 222 11.2214 -5.09832 6.20475 -3.08678
0 0 223 15.9695 8.00954 6.06938 -3.68934
0 0 224 13.8299 20.0501 0.454927 -2.15059
0 0 225 12.4916 21.8531 1.12054 -4.42467
0 0 226 17.6405 17.9104 2.52697 -0.678791
0 0 227 23.7268 18.1073 0.921231 0.925775
0 0 228 37.5704 14.0972 -2.29025 -2.48535
0 0 229 62.5812 15.7033 -11.6502 -0.745743
0 0 230 105.45 25.2622 -32.3857 -3.42153
0 0 231 163.97 37.9037 -50.376 -3.55544
0 0 232 212.653 57.2339 -60.6008 -1.0805
0 0 233 237.4 76.2274 -56.6598 0.724921
0 0 234 249.24 82.0456 -48.1685 4.40385
0 0 235 271.438 92.0086 -40.2752 -0.0773625
0 0 236 300.267 111.468 -20.2806 -8.30332
0 0 237 324.408 132.068 8.61148 -15.727
0 0 238 330.895 148.388 48.1383 -25.3567
0 0 239 319.123 131.4 86.3902 -36.8598
0 0 240 308.493 112.204 127.252 -41.8086
0 0 241 303.941 68.2642 166.643 -42.7448
0 0 242 307.215 -5.63196 185.841 -46.4895
0 0 243 320.061 -78.5956 179.486 -44.6841
0 0 244 338.985 -140.389 158.555 -33.182
0 0 245 358.915 -179.246 120.032 -22.6151
0 0 246 370.884 -191.147 75.5562 -8.10246
0 0 247 380.584 -189.411 42.05 7.88079
0 0 248 420.777 -185.396 14.3651 14.5022
0 0 249 477.55 -180.049 -9.44651 22.2595
0 0 250 468.054 -146.409 -15.9334 27.8766
0 0 251 364.533 -90.9004 -12.8573 24.8014
0 0 252 225.764 -43.8209 -10.5145 10.3557
0 0 253 119.498 -16.398 -9.04414 -2.08364
0 0 254 61.5152 -8.77681 -6.83671 -1.41526
0 0 255 33.2231 -10.4503 -1.4855 2.59729
0 0 256 19.5155 -8.04111 4.19664 9.82011
0 0 257 9.61857 -9.84409 -0.150516 10.2888
0 0 258 8.28032 -11.3155 -3.5613 8.08164
0 0 259 11.2895 -9.84409 -3.42592 -0.010411
0 0 260 16.0376 -9.31045 -5.83265 -2.28449
0 0 261 14.2986 -8.91151 -3.95992 -1.2144
0 0 262 9.34638 -5.96872 7.2765 0.457115
0 0 263 10.7527 -3.49222 9.48016 0.791872
0 0 264 10.9568 -6.3003 1.18823 1.92891
0 0 265 1.52106 -12.6522 -11.7856 -0.010411
0 0 266 -3.28754 -6.77177 -15.3956 -4.35772
0 0 267 -0.278381 3.59535 -7.50608 -1.74888
0 0 268 -1.14786 -0.0157867 -2.35418 0.791872
0 0 269 0.787677 -4.62685 3.12865 -0.0773625
0 0 270 2.12592 -2.82387 7.20881 4.13604
0 0 271 6.47332 3.33112 3.46334 3.86824
0 0 272 5.86846 3.79741 -1.4855 -2.28449
0 0 273 5.80798 0.989322 -0.349823 -7.30018
0 0 274 4.9385 2.52807 3.92964 -1.48221
0 0 275 -1.28395 1.25355 5.67076 1.32748
0 0 276 -1.14786 -0.0157867 3.12865 3.40071
0 0 277 -0.0818027 -5.4299 -1.4855 3.26681
0 0 278 -1.352 -1.28512 -4.16299 1.99586
0 0 279 -1.68467 5.73509 -9.37882 -0.612974
0 0 280 -2.55415 6.7402 -9.9805 -1.28135
0 0 281 1.39253 1.79237 -9.37882 -1.48221
0 0 282 3.53221 -0.414722 -1.35388 1.32748
0 0 283 6.20869 1.25355 1.8576 -0.211265
0 0 284 12.0229 -0.0831393 -1.2185 -5.96229
0 0 285 13.8299 -4.89626 -2.48956 -7.30018
0 0 286 16.0376 -6.09825 -1.08688 -6.56485
0 0 287 15.4327 -3.55957 4.4674 -3.48848
0 0 288 12.4236 2.12395 6.53944 -1.01355
0 0 289 8.34837 1.3209 5.2007 2.33062
0 0 290 7.60742 -1.81876 -4.62929 0.524066
0 0 291 10.7527 -2.55446 -10.8492 -1.14745
0 0 292 12.4236 -5.56461 -6.50203 0.324346
0 0 293 8.68104 -8.24317 -6.09965 1.72806
0 0 294 4.33364 -7.17071 -5.29866 7.27936
0 0 295 1.12035 -2.89123 -1.62088 6.00841
0 0 296 4.2656 2.12395 4.4674 3.19986
0 0 297 7.20671 1.65767 8.74686 -0.879646
0 0 298 3.32807 5.66774 5.93776 -3.28763
0 0 299 -2.88682 5.20145 4.59901 -1.2144
0 0 300 -3.89239 -0.0157867 1.32361 -3.75516
0 0 301 -2.28953 0.253624 -0.214445 -2.75202
0 0 302 1.8613 4.06682 -4.5616 1.26053
0 0 303 8.613 4.53311 -4.96398 1.79501
0 0 304 8.68104 2.59542 -3.02355 -1.14745
0 0 305 3.93293 0.0515659 2.19229 -5.56171
0 0 306 3.13149 1.25355 6.34013 -3.55544
0 0 307 9.34638 1.3209 10.1495 0.457115
0 0 308 13.225 -4.62685 8.34449 2.59729
0 0 309 2.12592 -3.29016 0.18417 2.93205
0 0 310 -5.56331 3.33112 -9.04414 0.190443
0 0 311 -2.55415 3.93211 -9.64582 -3.55544
0 0 312 -0.278381 -2.02082 -5.36635 -2.35144
0 0 313 -2.4861 -5.49725 -4.02761 3.80129
0 0 314 -0.278381 3.26377 -10.1121 5.20613
0 0 315 -2.22148 13.8278 -6.16734 3.19986
0 0 316 -3.02291 18.444 4.6667 2.33062
0 0 317 1.39253 17.1747 6.47175 1.19358
0 0 318 3.32807 14.2992 8.41218 0.324346
0 0 319 3.46416 9.68299 10.2172 -5.22695
0 0 320 4.2656 2.59542 7.87818 -5.29391
0 0 321 1.52106 -0.0157867 9.14548 1.19358
0 0 322 -0.883236 5.66774 10.5519 7.0785
0 0 323 -3.09096 11.3564 6.53944 8.95088
0 0 324 -8.30784 11.486 -3.76061 12.4289
0 0 325 -12.1184 7.74531 -5.29866 7.74688
0 0 326 -7.03764 6.80755 3.32796 0.390163
0 0 327 -6.96959 7.34119 4.59901 -5.36086
0 0 328 -7.03764 3.86476 -1.15081 0.0565405
0 0 329 -2.01734 -0.0157867 -2.08718 4.87137
0 0 330 0.250868 -3.09328 -0.0151373 5.94146
0 0 331 -2.15343 -8.84416 1.3913 5.4728
0 0 332 -4.29311 -7.30541 1.78991 8.88392
0 0 333 -2.88682 -0.684132 3.12865 10.6893
0 0 334 -1.07981 1.79237 0.586545 7.48021
0 0 335 2.52664 -3.42487 -2.35418 3.46653
0 0 336 2.92735 -7.44012 -3.62523 -0.144314
0 0 337 -0.951283 -6.56972 -3.95992 0.925775
0 0 338 -2.55415 -2.35759 4.19664 4.80442
0 0 339 -1.61662 -5.03097 6.73875 5.4728
0 0 340 0.122336 -8.10846 11.823 4.06909
0 0 341 -1.94929 -9.71457 12.2253 2.7312
0 0 342 -2.41806 -1.28512 7.00574 0.724921
0 0 343 0.455007 5.1341 -2.42187 -0.612974
0 0 344 4.87045 8.61053 -3.76061 -2.5523
0 0 345 4.33364 12.1543 0.0525519 -0.211265
0 0 346 2.85931 3.19642 3.26027 2.39757
0 0 347 1.98983 2.66278 6.73875 2.999
0 0 348 1.32449 7.13913 8.14518 -0.144314
0 0 349 4.2656 6.27391 4.53133 1.79501
0 0 350 6.87404 1.38826 -0.214445 2.53034
0 0 351 6.94208 -2.62182 -1.88787 0.591018
0 0 352 4.87045 -3.62692 -0.0151373 -0.144314
0 0 353 -0.482519 1.38826 2.05691 -2.21754
0 0 354 -5.23064 5.06675 1.92529 -0.678791
0 0 355 -4.89796 3.93211 5.06908 2.93205
0 0 356 -1.07981 6.07185 3.66265 2.79815
0 0 357 -0.618612 3.59535 5.46769 2.59729
0 0 358 -3.49168 -2.15553 2.92935 2.8651
0 0 359 -5.56331 -2.75652 0.387238 -0.345168
0 0 360 -4.69383 -0.482074 4.13271 -3.42153
0 0 361 -4.69383 2.85965 6.53944 -6.83152
0 0 362 -0.482519 4.99939 3.59496 -4.55857
0 0 363 -1.42005 3.46064 0.853542 1.72806
0 0 364 -2.4861 -3.09328 -1.88787 5.27308
0 0 365 1.92934 -4.49733 -3.35824 2.66424
0 0 366 2.45859 -0.414722 -3.8283 0.724921
0 0 367 3.86488 3.6627 0.654234 -1.14745
0 0 368 -0.679098 5.2688 0.251859 -4.35772
0 0 369 -2.41806 4.33105 -4.02761 -2.28449
0 0 370 0.591099 6.80755 -7.70539 0.992727
0 0 371 7.27475 7.4759 -4.89629 -1.68193
0 0 372 10.8207 7.80748 -6.30272 -0.946597
0 0 373 10.6846 8.48101 -9.84512 1.5272
0 0 374 5.73993 6.27391 -11.3155 -0.345168
0 0 375 6.14065 3.6627 -5.16328 -4.42467
0 0 376 2.52664 1.98925 -1.28619 -4.22382
0 0 377 -2.4861 1.79237 6.67106 0.123492
0 0 378 -4.15702 -0.150492 7.81049 4.20299
0 0 379 -3.96044 -5.16567 2.86166 4.53662
0 0 380 -7.5064 -7.83905 -0.481441 6.6768
0 0 381 -10.0468 -10.3156 -1.01919 6.74375
0 0 382 -11.385 -8.04111 -1.4855 5.27308
0 0 383 -12.9199 -10.9166 -4.5616 0.925775
0 0 384 -9.97875 -13.6573 -4.22691 -1.48221
0 0 385 -7.03764 -6.77177 -3.09124 -2.5523
0 0 386 -3.22705 6.67285 -2.75655 -5.76143
0 0 387 0.591099 8.00954 -2.75655 -7.50103
0 0 388 3.93293 0.186271 -0.0151373 -3.35458
0 0 389 6.47332 -4.22792 1.18823 -0.0773625
0 0 390 8.07619 -8.97887 -2.62493 1.26053
0 0 391 10.42 -8.6421 -7.37071 0.190443
0 0 392 8.34837 -7.37277 -3.35824 -4.22382
0 0 393 7.3428 -7.637 1.12054 -2.48535
0 0 394 5.06703 -4.6942 -2.29025 -0.745743
0 0 395 3.06345 -2.75652 -8.97645 -0.479071
0 0 396 3.26002 1.12403 -7.23909 3.13291
0 0 397 2.05787 -2.08818 -8.04008 3.80129
0 0 398 -1.48809 -9.77674 -11.6502 2.53034
0 0 399 -3.42363 -11.4502 -7.23909 -1.14745
0 0 400 -4.55773 -7.83905 -6.30272 -6.23009
0 0 401 -0.747144 -2.22288 -7.97239 -9.77512
0 0 402 3.46416 -1.81876 -7.23909 -5.96229
0 0 403 4.40169 -2.02082 -8.30707 -1.88278
0 0 404 3.93293 -4.82891 -7.37071 -2.81897
0 0 405 4.87045 -1.68924 -6.16734 -0.745743
0 0 406 1.39253 2.66278 -7.03602 3.80129
0 0 407 -5.36673 1.3209 -5.16328 3.40071
0 0 408 -5.09454 2.99436 1.18823 0.324346
0 0 409 1.92934 -0.549427 -3.22662 -0.546023
0 0 410 8.00814 -5.09832 -12.6542 0.0565405
0 0 411 9.7471 -7.70435 -9.44651 -0.745743
0 0 412 6.60941 -8.91151 -7.30302 -2.01669
0 0 413 0.591099 -10.5124 -3.15893 -1.34831
0 0 414 -2.55415 -7.97376 2.65859 1.5272
0 0 415 -0.0137565 -4.6942 4.6667 0.190443
0 0 416 2.39054 -8.44005 6.13707 -2.75202
0 0 417 1.92934 -14.1236 5.26839 -4.15686
0 0 418 3.53221 -13.994 1.52291 -4.69248
0 0 419 5.67189 -3.16064 -1.4855 -4.08991
0 0 420 6.60941 4.53311 -0.816127 -3.01982
0 0 421 8.87762 5.20145 0.98892 -5.0261
0 0 422 8.00814 0.320976 0.18417 -7.30018
0 0 423 -0.0137565 0.0515659 -1.7525 -6.89847
0 0 424 -3.22705 0.787264 -4.69698 -4.8922
0 0 425 0.92377 3.99947 -5.49797 -0.946597
0 0 426 4.73436 1.79237 -4.76467 2.7312
0 0 427 1.92934 -1.15042 0.654234 3.93519
0 0 428 -2.22148 -2.75652 3.39565 2.53034
0 0 429 -0.618612 4.12899 1.45522 4.20299
0 0 430 1.58911 9.082 0.319549 7.48021
0 0 431 -3.42363 3.6627 6.00545 8.48335
0 0 432 -7.70298 -6.09825 9.95023 6.41012
0 0 433 -6.23621 -7.10336 9.01386 5.80756
0 0 434 -2.81877 2.72495 8.14518 3.86824
0 0 435 1.25644 6.87491 2.99327 2.26367
0 0 436 2.73078 2.46072 -5.43028 5.20613
0 0 437 2.05787 -1.01571 -9.04414 5.67366
0 0 438 0.991816 4.3984 -6.9044 5.4728
0 0 439 4.46973 9.75034 -4.36229 5.13918
0 0 440 4.80241 11.4186 0.785852 2.59729
0 0 441 3.06345 11.2217 1.12054 -1.14745
0 0 442 6.00456 13.3615 0.387238 -2.35144
0 0 443 7.13866 11.688 1.3913 -1.68193
0 0 444 12.5597 11.9574 1.72222 -0.278217
0 0 445 13.7618 12.5584 2.59466 4.87137
0 0 446 11.0853 7.20649 7.60743 8.14859
0 0 447 9.81515 -2.02082 12.6916 4.53662
0 0 448 7.27475 -5.76666 13.6957 2.79815
0 0 449 6.47332 -5.63196 10.7512 5.00528
0 0 450 9.68661 -0.217845 11.6237 2.8651
0 0 451 9.01371 6.40344 11.289 -2.95287
0 0 452 8.54495 7.13913 9.21317 -4.49162
0 0 453 10.42 8.41365 7.60743 -4.15686
0 0 454 10.8207 3.46064 3.73034 -3.35458
0 0 455 11.1534 0.921969 -0.349823 -1.34831
0 0 456 14.5633 4.33105 3.73034 0.123492
0 0 457 15.7049 5.73509 5.93776 0.524066
0 0 458 10.6846 2.72495 3.73034 -0.0773625
0 0 459 7.41084 1.45561 0.98892 -2.88592
0 0 460 8.68104 -4.36262 4.06502 -1.74888
0 0 461 7.41084 -10.7818 3.79803 0.925775
0 0 462 3.32807 -7.30541 2.99327 2.46339
0 0 463 0.122336 2.59542 -5.36635 5.34003
0 0 464 -1.07981 5.73509 -3.95992 8.95088
0 0 465 0.991816 4.73516 -2.15487 3.60043
0 0 466 4.80241 4.12899 -7.70539 -4.55857
0 0 467 4.9385 2.12395 -11.5862 -4.35772
0 0 468 2.9954 6.07185 -10.1121 -0.745743
0 0 469 1.58911 9.94722 -8.64176 0.190443
0 0 470 1.7252 6.40344 -10.2475 -2.01669
0 0 471 5.33921 -0.88619 -9.57813 -5.09305
0 0 472 2.9954 -1.41983 -9.9805 -5.16
0 0 473 -5.23064 4.86469 -6.76902 -0.211265
0 0 474 -4.49725 4.19634 -0.684509 6.41012
0 0 475 -1.28395 0.585206 3.46334 6.34317
0 0 476 1.32449 3.12906 10.4165 -2.21754
0 0 477 3.72879 1.65767 9.88254 -4.02296
0 0 478 5.33921 -3.55957 5.53538 -2.95287
0 0 479 2.12592 -2.02082 1.72222 -0.546023
0 0 480 -4.89796 5.73509 2.92935 2.46339
0 0 481 -12.2545 9.01465 9.54785 4.00214
0 0 482 -13.4567 0.921969 12.6916 6.54289
0 0 483 -13.3886 -6.36766 8.61148 4.73747
