0 0 0 -1.06504 0.683755 -0.0941998 0.423473
0 0 1 0.507921 1.76477 -0.443108 -1.02222
0 0 2 1.63615 1.00249 -0.390152 0.151734
0 0 3 2.01773 0.635138 -0.614672 0.992567
0 0 4 0.943983 0.945433 0.166036 0.303282
0 0 5 0.264817 0.364912 -0.195672 -0.154273
0 0 6 -0.608957 1.04694 0.0573379 -1.01657
0 0 7 -0.205708 0.437784 0.740909 -1.37971
0 0 8 -0.0426755 0.399211 2.13076 -1.36973
0 0 9 0.873817 0.50649 2.31956 -2.03315
0 0 10 0.384925 0.12033 -0.138484 -0.867845
0 0 11 -0.797786 -1.5412 1.27139 0.849587
0 0 12 -1.27244 -3.02408 1.92627 0.689389
0 0 13 -0.946373 -1.23091 0.396233 1.30431
0 0 14 0.131708 0.176106 0.477783 0.663687
0 0 15 0.953888 -2.36641 0.0902674 -0.580387
0 0 16 0.420627 -2.40776 1.53163 -0.320127
0 0 17 -1.7215 -1.15237 1.09126 0.323328
0 0 18 -2.4178 -2.14897 0.7566 -0.0612811
0 0 19 -0.3415 -2.62093 1.57602 -0.447387
0 0 20 0.818097 -1.55702 1.55021 -1.11521
0 0 21 0.566531 -0.677526 -0.159956 -1.56703
0 0 22 0.178967 -0.877765 -0.200008 -1.95455
0 0 23 -0.218503 0.96691 -1.43832 0.0945088
0 0 24 -0.687584 1.00837 -0.990729 1.35006
0 0 25 0.174633 0.959751 0.140333 -0.420272
0 0 26 0.204763 0.710896 1.90056 -1.37398
0 0 27 -0.861967 0.559381 1.19129 -0.179974
0 0 28 -0.284336 0.638023 2.10506 0.537841
0 0 29 0.529178 -0.191354 1.80766 -0.0598671
0 0 30 -0.431684 -2.00184 0.943957 0.234662
0 0 31 -1.97596 -3.14001 -1.4569 -0.882152
0 0 32 -0.62753 -3.53889 -2.09609 -0.484567
0 0 33 0.100339 -0.581787 -0.889256 -0.970735
0 0 34 -0.464497 2.08799 0.979674 -0.874999
0 0 35 0.240465 0.732373 1.28285 0.565039
0 0 36 1.24714 -0.570354 -0.405946 0.629335
0 0 37 0.916742 1.39442 -0.693331 -1.60712
0 0 38 -0.856395 2.46539 -1.17231 -2.61938
0 0 39 -0.949262 -0.587451 -0.272886 -0.819187
0 0 40 -1.38264 0.070324 0.0245116 -1.25952
0 0 41 0.73658 1.21566 -0.627575 -1.69579
0 0 42 1.67041 1.67458 1.3357 -1.23241
0 0 43 1.62439 0.487898 1.75904 0.89392
0 0 44 1.42297 0.978343 -0.619007 1.76328
0 0 45 1.26117 0.705232 -0.172859 1.22563
0 0 46 0.82243 2.31537 0.264722 1.09122
0 0 47 0.301964 1.71465 0.374865 0.828127
0 0 48 1.93064 0.595069 0.412027 0.70802
0 0 49 1.12538 1.01403 1.36296 0.449174
0 0 50 -0.201375 -0.38016 1.82769 0.420561
0 0 51 0.144709 -1.70565 0.247586 0.35768
0 0 52 0.653619 -0.879154 0.077364 0.76092
0 0 53 0.533511 -0.979273 -0.992174 0.839522
0 0 54 0.883929 -1.55841 -2.54224 -0.227219
0 0 55 0.307535 -1.67562 -1.39115 -0.0441467
0 0 56 -1.10652 -0.666093 0.635101 1.01403
0 0 57 -1.73141 0.333391 0.0702413 0.366247
0 0 58 -0.917893 -0.172762 0.153236 -0.0484719
0 0 59 0.00458337 -0.903516 1.91491 0.720829
0 0 60 1.71622 0.349098 0.469215 -0.467433
0 0 61 0.871134 1.0697 -0.867785 -0.824926
0 0 62 0.467885 -0.340091 -0.711912 0.307608
0 0 63 -1.10941 0.986892 -0.556039 0.0644821
0 0 64 -1.79435 1.08552 0.427717 -1.02222
0 0 65 -0.511756 -0.0455024 2.42682 -1.73288
0 0 66 0.783839 1.99642 0.617965 -0.820601
0 0 67 1.95912 1.93787 -0.986497 -1.78437
0 0 68 1.30843 0.788149 0.633656 -1.09941
0 0 69 0.24191 0.067439 -0.503186 0.76092
0 0 70 -0.387315 -0.0927305 -0.553148 1.49304
0 0 71 1.27005 -1.25388 -0.511754 0.673668
0 0 72 0.879595 -0.297243 -0.661847 -0.152859
0 0 73 -0.377409 1.43588 0.0330795 0.828127
0 0 74 1.82188 2.7744 0.566455 0.975433
0 0 75 0.918186 1.46729 -1.00363 0.740875
0 0 76 -1.08361 -1.12235 -1.34676 0.293301
0 0 77 -0.952151 -1.04798 -1.72147 -1.99464
0 0 78 0.552085 1.45308 -0.839191 -0.375938
0 0 79 1.44278 2.567 0.839594 1.07982
0 0 80 0.156059 2.34678 0.0416473 0.0244741
0 0 81 0.121802 -0.510304 0.71087 0.637902
0 0 82 0.0658755 -1.22952 1.39155 1.6203
0 0 83 0.500698 -2.16617 0.0559959 0.785208
0 0 84 0.617917 -1.15654 -0.862108 -0.00838072
0 0 85 0.0588589 -0.111323 -0.0870771 0.743786
0 0 86 -0.227171 -1.39973 0.221779 0.278995
0 0 87 -0.518773 -2.7624 2.00069 -1.31683
0 0 88 -0.444479 -1.87009 1.07691 0.513553
0 0 89 1.17285 0.244812 1.74325 1.50593
0 0 90 0.589438 1.74617 1.34004 2.83152
0 0 91 -0.264318 0.228998 0.223224 1.50452
0 0 92 -0.381536 -0.0255213 0.233237 0.576435
0 0 93 1.28284 -0.7863 -0.683318 0.294715
0 0 94 0.660842 -2.43939 -0.973593 2.31957
0 0 95 -0.42735 1.13135 0.0602282 1.72186
0 0 96 -0.48307 0.121826 -1.04079 1.29575
0 0 97 0.24191 -1.30389 -1.31682 -0.251506
0 0 98 -0.443035 -0.0712535 -0.214253 -1.53268
0 0 99 1.01374 0.136037 1.19418 -0.791988
0 0 100 1.70466 0.898205 -0.10989 -0.0784987
0 0 101 0.746692 -0.507419 -0.057038 -0.999348
0 0 102 0.390497 -1.30389 0.979674 -2.00179
0 0 103 -0.570365 -0.0526614 0.70798 -0.2901
0 0 104 -1.64989 -0.298632 -0.687654 -0.0284263
0 0 105 0.663731 -0.648997 -1.93877 -1.23099
0 0 106 0.788173 -0.614591 -2.84676 -1.89167
0 0 107 -0.377409 -2.29781 -1.72715 -1.40691
0 0 108 0.474902 -3.43738 0.34049 0.227508
0 0 109 0.556419 -2.75962 1.1756 -0.208587
0 0 110 -2.72818 -1.67295 0.433498 -0.600432
0 0 111 -0.866301 -2.09758 1.67037 0.220355
0 0 112 1.07131 -0.50026 1.89344 1.20558
0 0 113 1.18853 1.36717 1.09405 -0.151445
0 0 114 1.463 0.174717 1.3643 -0.282947
0 0 115 1.16562 -0.992095 -0.425972 0.725154
0 0 116 0.314758 0.237653 -2.04034 0.17178
0 0 117 -0.262873 -0.72048 -1.89737 1.35721
0 0 118 -1.70293 -0.618972 -0.930651 1.92631
0 0 119 -1.55125 -0.132693 -0.700454 2.57126
0 0 120 0.29763 -0.873491 0.783748 0.892423
0 0 121 0.534956 0.284774 -0.546026 0.157474
0 0 122 0.559308 2.7214 -0.608994 -0.644765
0 0 123 1.92197 1.43876 -0.290125 -0.450298
0 0 124 1.74181 0.436395 0.249031 0.06024
0 0 125 -0.546014 -1.16819 -0.395933 0.350527
0 0 126 -1.03511 -3.82055 1.51594 0.168869
0 0 127 -0.48307 -3.83198 2.79575 0.0945088
0 0 128 1.3755 -2.18754 1.08837 -0.0470579
0 0 129 1.1712 0.203247 -1.54413 0.715173
0 0 130 -0.239966 -0.241467 -2.61233 1.67611
0 0 131 -1.99886 -0.237086 -3.00552 0.270428
0 0 132 -1.26253 -0.772089 -1.95312 -1.15098
0 0 133 -0.250078 -2.91114 -0.271544 -0.690513
0 0 134 -0.774879 -1.18528 -2.37779 -0.221479
0 0 135 1.23847 -0.267111 -2.45645 0.509228
0 0 136 1.83055 0.124604 -0.789126 -1.07229
0 0 137 -0.119858 0.0431839 0.396233 -0.945033
0 0 138 -2.23495 -0.749009 0.826691 -0.474586
0 0 139 -2.5994 -0.145622 -1.49128 0.480615
0 0 140 -2.04179 0.602228 -0.407391 -0.105614
0 0 141 -2.47785 0.833881 1.92348 -0.17856
0 0 142 -3.05837 0.354868 1.08404 1.04688
0 0 143 -2.39633 -0.185691 0.0116082 1.81194
0 0 144 -0.816359 -0.507419 -1.31249 2.23523
0 0 145 1.24714 -1.24533 -0.124239 1.14412
0 0 146 0.382035 -0.937922 1.61173 1.46301
0 0 147 -0.610401 -0.943585 0.656572 0.680821
0 0 148 0.587993 -1.48831 1.61029 1.05262
0 0 149 0.88104 -1.11369 1.77473 0.696542
0 0 150 2.1236 0.410644 0.494918 -0.657575
0 0 151 3.93801 -2.37934 1.59604 -0.924988
0 0 152 1.91619 -2.61238 2.21087 -0.580387
0 0 153 1.1941 -1.85737 1.31712 1.48015
0 0 154 1.31153 -1.56129 0.214656 0.795189
0 0 155 1.9618 -0.754779 0.138887 -0.0027247
0 0 156 3.22624 -1.56706 1.1627 -1.37689
0 0 157 0.81108 0.583636 1.70608 -1.48402
0 0 158 0.925409 1.43011 1.18128 -1.08519
0 0 159 1.85903 0.456377 1.60595 -0.620395
0 0 160 0.474902 -1.83312 1.83625 -1.2982
0 0 161 -0.172895 -0.989424 1.17415 -0.317299
0 0 162 1.18709 -0.30718 -1.80437 0.544994
0 0 163 3.2446 -0.814829 0.287638 1.0369
0 0 164 2.76974 -1.46117 0.872421 0.833866
0 0 165 4.24282 -1.16231 -1.01075 -0.467433
0 0 166 4.1483 1.51602 -0.3373 -1.01083
0 0 167 4.67455 0.630864 0.61652 0.101662
0 0 168 6.31065 -1.37548 0.201856 -1.74153
0 0 169 6.37896 0.0374139 1.30432 -0.780593
0 0 170 6.7723 0.878224 2.00069 1.22139
0 0 171 7.11426 1.91489 1.43584 1.33575
0 0 172 8.7516 3.1705 0.400569 0.5064
0 0 173 10.4659 3.04174 -0.310151 0.44776
0 0 174 9.25061 0.0889161 2.53407 -0.308732
0 0 175 7.45291 -3.17143 2.36674 0.667929
0 0 176 4.05254 -2.93411 1.72043 0.829541
0 0 177 4.69023 -1.10098 0.672263 1.05262
0 0 178 5.9817 -0.743346 -0.0756189 1.68036
0 0 179 3.43756 -1.86314 -0.0312312 1.13838
0 0 180 0.164727 -0.221379 -0.86345 1.31288
0 0 181 -0.508867 2.51251 -0.227157 -0.784835
0 0 182 -0.570365 2.77141 1.37297 -1.41689
0 0 183 1.5503 0.763787 2.76571 0.197482
0 0 184 0.677971 -0.0255213 2.76571 0.76666
0 0 185 -1.23963 -0.277155 0.316232 -0.657575
0 0 186 0.108801 -1.52988 2.59549 -1.3511
0 0 187 -0.318593 -0.62752 1.24714 -0.105614
0 0 188 0.556419 0.490676 -0.3501 -0.248678
0 0 189 -0.0455647 -0.390097 0.32769 -0.700494
0 0 190 -1.03078 -0.448758 -0.460244 -0.188625
0 0 191 -1.64845 1.32999 -1.31104 0.33622
0 0 192 -0.62753 1.64616 0.527848 -0.257245
0 0 193 0.486459 0.353479 1.33003 -0.779179
0 0 194 0.562197 0.048847 -0.903502 -0.573234
0 0 195 -0.217059 0.201858 0.00448549 0.556389
0 0 196 1.40295 -0.989424 0.186062 -0.344415
0 0 197 1.52285 -0.331542 0.439176 -0.653333
0 0 198 -0.204264 1.82054 2.81856 -0.185713
0 0 199 -0.350168 2.10081 1.54164 0.984
0 0 200 0.529178 1.59893 -0.842082 0.0373665
0 0 201 0.38348 0.932611 -0.533122 -2.03465
0 0 202 0.517827 -3.22432 1.47444 -1.22534
0 0 203 -0.587494 -3.62191 0.576468 -0.00838072
0 0 204 0.0188229 0.221839 -0.341532 0.871046
0 0 205 0.889707 2.64137 -1.2682 0.480615
0 0 206 0.755153 1.43588 -0.749074 0.826713
0 0 207 0.649492 1.97932 -1.90594 2.81006
0 0 208 0.710784 0.76945 -0.919296 2.41963
0 0 209 1.06553 0.0831461 -0.411624 0.174608
0 0 210 -0.716269 -0.305791 0.745141 -0.4231
0 0 211 0.0458575 0.387778 -0.00263719 0.467806
0 0 212 -0.197041 0.402096 -0.0255537 2.25951
0 0 213 0.485014 2.03083 0.685166 1.01827
0 0 214 1.3398 3.03031 2.35384 1.12266
0 0 215 0.675082 1.32871 1.88911 0.206049
0 0 216 1.25705 -0.629016 0.507822 0.61794
0 0 217 0.196095 -1.45978 -1.17096 -0.00838072
0 0 218 -0.447368 -0.318613 -1.61567 0.138842
0 0 219 0.0202675 1.52884 -2.32484 -1.21245
0 0 220 0.0388409 1.93348 -1.77288 0.237573
0 0 221 -0.247189 -0.129915 0.341936 0.307608
0 0 222 -1.23963 1.60321 -0.643266 -0.840647
0 0 223 -1.53412 0.658004 -2.08752 0.334806
0 0 224 0.0646372 -0.689066 -1.44978 -0.0198591
0 0 225 -0.0313251 0.304862 -0.707576 -0.0112919
0 0 226 -0.268651 1.08552 -1.36111 0.157474
0 0 227 -1.06504 0.380619 -0.24006 1.66464
0 0 228 -1.00787 -0.421618 0.90824 1.34715
0 0 229 -0.876413 -0.44021 0.697966 -0.397398
0 0 230 -0.596162 -0.0540505 -0.0498121 -0.64044
0 0 231 -0.205708 0.140418 -0.272886 -0.653333
0 0 232 0.166172 -0.384434 -1.2138 -0.235786
0 0 233 -0.411666 0.00450383 -1.08797 0.0144929
0 0 234 -1.12509 -1.23379 1.1084 0.167455
0 0 235 -2.74242 -1.4554 0.135997 0.0201489
0 0 236 -2.18191 -1.05802 0.321909 0.433454
0 0 237 -2.62829 -1.36821 0.319019 1.05121
0 0 238 -1.60139 0.293429 0.869633 1.57888
0 0 239 -0.167117 1.04844 2.83291 1.22563
0 0 240 -0.17434 0.546452 3.08169 0.144581
0 0 241 -0.456036 -0.0956155 -1.44545 0.669426
0 0 242 0.206208 0.34632 -3.4559 0.190328
0 0 243 -0.786229 -0.403026 -0.341532 1.21274
0 0 244 -1.01943 -0.630405 2.03073 0.682235
0 0 245 -1.25098 0.104623 1.39723 0.314761
0 0 246 -0.304354 0.656615 0.748032 -0.138552
0 0 247 -0.381536 -0.364346 -0.0541476 0.464895
0 0 248 -1.5013 -0.754779 1.26572 0.35768
0 0 249 -0.405888 1.69905 0.213211 -0.0970471
0 0 250 2.14093 0.647853 0.915363 -0.340172
0 0 251 1.59756 0.487898 1.55599 -0.506027
0 0 252 -0.0626935 1.6733 0.749477 -0.115679
0 0 253 0.094561 2.04653 0.274735 -0.0369935
0 0 254 0.177522 1.90634 1.7418 -0.433081
0 0 255 -0.00697339 0.858243 2.00493 -1.04659
0 0 256 -1.96027 1.12131 0.264722 -0.64618
0 0 257 -0.800675 0.207628 -0.0312312 -0.112767
0 0 258 0.869689 -1.07095 0.319019 -0.500288
0 0 259 1.9519 -1.63844 1.56879 0.630749
0 0 260 2.53675 -1.00641 1.53597 0.386293
0 0 261 2.12917 -0.00115927 0.00593067 -0.817773
0 0 262 0.306297 2.04354 -1.89015 0.184672
0 0 263 0.888263 0.660889 -2.99262 1.45728
0 0 264 1.36415 -0.0884565 0.027402 0.454913
0 0 265 0.573547 -0.198513 0.895337 -0.690513
0 0 266 -1.47695 -0.00115927 1.566 -1.23815
0 0 267 -1.69715 0.0846421 0.965428 -0.437406
0 0 268 -1.19381 -0.38016 -0.598981 1.12981
0 0 269 -1.83583 -0.989424 -0.507419 1.74332
0 0 270 -0.739177 -0.996476 1.18417 0.0716353
0 0 271 -0.00119501 0.210406 0.62932 -0.34874
0 0 272 -0.810581 0.0374139 0.0187309 1.16558
0 0 273 -0.222837 -0.524515 1.47733 1.87341
0 0 274 0.204763 -0.0426174 1.50159 1.27279
0 0 275 0.0574143 -0.0941196 -0.0898643 1.20558
0 0 276 -0.764766 -0.414459 -1.49696 -1.33971
0 0 277 -0.962263 -0.976495 0.167481 -2.28767
0 0 278 -0.537552 0.546452 0.809555 -1.58566
0 0 279 0.107356 1.28864 -0.48027 -0.2372
0 0 280 -0.0554705 1.57746 -0.251518 0.998307
0 0 281 -0.832043 1.93787 -1.62847 1.68751
0 0 282 -0.251523 2.3954 -2.3621 1.25283
0 0 283 -0.245744 0.121826 -1.55414 0.248968
0 0 284 -0.935022 -1.12523 -1.54413 0.507814
0 0 285 -0.398665 -1.66141 -0.391598 2.03352
0 0 286 -0.112842 -1.1481 -0.327287 0.52212
0 0 287 -0.0183238 1.48022 0.915363 -1.24247
0 0 288 1.8031 2.20371 1.79909 -1.54133
0 0 289 1.22134 0.878224 0.138887 -1.8287
0 0 290 1.08101 0.515038 -0.248628 -0.277208
0 0 291 -0.659105 1.2257 0.184617 0.177519
0 0 292 -0.837822 0.989777 0.00304031 -0.381595
0 0 293 -1.54567 0.260519 0.246141 -0.973646
0 0 294 -1.60985 -0.999254 0.936834 0.756595
0 0 295 -1.91879 0.244812 0.71087 0.941081
0 0 296 -2.06903 0.772442 0.218992 0.67084
0 0 297 -0.454591 1.7076 1.37431 0.706606
0 0 298 0.237576 1.42594 2.23801 -0.101372
0 0 299 0.783839 0.22622 0.00593067 -1.55696
0 0 300 1.26262 -0.839191 -2.60944 -2.02741
0 0 301 0.716562 -2.4536 -2.28623 -0.664728
0 0 302 -0.0313251 -1.8859 -1.13514 -0.171407
0 0 303 -0.521662 0.699462 0.241805 -0.504613
0 0 304 -0.202819 2.53986 -0.287235 -1.17527
0 0 305 0.0116 1.80184 -0.222924 -0.756305
0 0 306 1.31566 1.43161 1.01684 1.00113
0 0 307 1.50861 1.67458 1.63888 1.77044
0 0 308 0.254705 0.68087 -0.30148 0.6122
0 0 309 -1.00085 0.679481 -0.607549 0.406255
0 0 310 -0.751971 0.117445 -1.64705 0.892423
0 0 311 -0.473165 -0.420122 -2.78245 -0.1042
0 0 312 0.760932 -1.01357 -3.44733 -1.4569
0 0 313 1.54741 -0.461687 -3.3344 -0.421686
0 0 314 0.206208 -0.244245 -1.57272 -0.69908
0 0 315 -1.23385 -0.167099 -0.566052 0.363419
0 0 316 -0.48307 -1.04937 -0.331519 0.666515
0 0 317 0.196095 -1.37676 0.0301891 0.951062
0 0 318 1.19844 -1.73567 0.552106 1.56457
0 0 319 0.320537 -1.14083 -1.11801 -0.302993
0 0 320 -1.13809 -0.458802 -1.08374 0.19324
0 0 321 -0.651882 -0.298632 -0.789126 1.01261
0 0 322 0.286279 -1.91304 -0.171414 0.0659792
0 0 323 1.47023 -2.35925 -0.128471 -0.285858
0 0 324 0.177522 -2.93112 -0.078406 -0.496046
0 0 325 -0.335928 -1.75148 0.952525 0.0431057
0 0 326 0.97824 -0.435936 -1.00508 -1.17236
0 0 327 0.97824 0.410644 -0.759087 -1.26393
0 0 328 -0.630419 0.839651 -0.643266 -0.135641
0 0 329 0.0774322 -0.66043 0.0516604 -0.277208
0 0 330 0.649492 -0.598884 0.364852 -0.82634
0 0 331 1.95912 -0.151285 1.74758 0.818063
0 0 332 0.919631 2.76286 2.28663 0.238987
0 0 333 -0.0626935 1.19985 3.3091 -1.36258
0 0 334 -0.884874 -0.145622 2.59838 -0.763459
0 0 335 0.0173784 0.404874 1.33292 1.50593
0 0 336 0.941093 0.073209 -0.832069 1.99493
0 0 337 0.88104 0.343435 -0.320164 0.178933
0 0 338 -0.42735 -0.285703 -1.83874 0.573607
0 0 339 -0.505978 1.02269 -1.91306 -0.721954
0 0 340 0.206208 0.811015 -1.26531 -1.62425
0 0 341 0.8668 -2.48074 -0.992174 -0.997934
0 0 342 -0.530329 -3.1944 -1.06082 0.868135
0 0 343 -0.887763 -0.760442 -1.57128 -0.724782
0 0 344 -0.747638 0.31341 -0.0698382 -0.819187
0 0 345 -0.543124 0.759513 -0.634698 -0.568992
0 0 346 0.474902 2.11225 -0.159956 -0.129985
0 0 347 0.998258 1.20423 0.186062 -0.168579
0 0 348 0.444978 1.96639 0.828136 -0.354479
0 0 349 0.266261 1.50886 -1.19099 -0.854953
0 0 350 -0.852061 2.21653 -2.05892 -0.185713
0 0 351 -0.964946 1.2428 -0.0698382 -0.341587
