0 0 0 -0.00536691
0 0 1 -0.00536691
0 0 2 -0.00536691
0 0 3 -0.00536691
0 0 4 -0.00536691
0 0 5 -0.00536691
0 0 6 -0.00536691
0 0 7 -0.00536691
0 0 8 -0.00536691
0 0 9 -0.00536691
0 0 10 -0.00536691
0 0 11 -0.00536691
0 0 12 -0.00536691
0 0 13 -0.00536691
0 0 14 -0.00536691
0 0 15 -0.00536691
0 0 16 -0.00536691
0 0 17 -0.00536691
0 0 18 -0.00536691
0 0 19 -0.00536691
0 0 20 -0.00536691
0 0 21 -0.00536691
0 0 22 -0.00536691
0 0 23 -0.00536691
0 0 24 -0.00536691
0 0 25 -0.00536691
0 0 26 -0.00536691
0 0 27 -0.00536691
0 0 28 -0.00536691
0 0 29 -0.00536691
0 0 30 -0.00536691
0 0 31 -0.00536691
0 0 32 -0.00536691
0 0 33 -0.00536691
0 0 34 -0.00536691
0 0 35 -0.00536691
0 0 36 -0.00536691
0 0 37 -0.00536691
0 0 38 -0.00536691
0 0 39 -0.00536691
0 0 40 -0.00536691
0 0 41 -0.00536691
0 0 42 -0.00536691
0 0 43 -0.00536691
0 0 44 -0.00536691
0 0 45 -0.00536691
0 0 46 -0.00536691
0 0 47 -0.00536691
0 0 48 -0.00536691
0 0 49 -0.00536691
0 0 50 -0.00536691
0 0 51 -0.00536691
0 0 52 -0.00536691
0 0 53 -0.00536691
0 0 54 -0.00536691
0 0 55 -0.00536691
0 0 56 -0.00536691
0 0 57 -0.00536691
0 0 58 -0.00536691
0 0 59 -0.00536691
0 0 60 -0.00536691
0 0 61 -0.00536691
0 0 62 -0.00536691
0 0 63 -0.00536691
0 0 64 -0.00536691
0 0 65 -0.00536691
0 0 66 -0.00536691
0 0 67 -0.00536691
0 0 68 -0.00536691
0 0 69 -0.00536691
0 0 70 -0.00536691
0 0 71 -0.00536691
0 0 72 -0.00536691
0 0 73 -0.00536691
0 0 74 -0.00536691
0 0 75 -0.00536691
0 0 76 -0.00536691
0 0 77 -0.00536691
0 0 78 -0.00536691
0 0 79 -0.00536691
0 0 80 -0.00536691
0 0 81 -0.00536691
0 0 82 -0.00536691
0 0 83 -0.00536691
0 0 84 -0.00536691
0 0 85 -0.00536691
0 0 86 -0.00536691
0 0 87 -0.00536691
0 0 88 -0.00536691
0 0 89 -0.00536691
0 0 90 -0.00536691
0 0 91 -0.00536691
0 0 92 -0.00536691
0 0 93 -0.00536691
0 0 94 -0.00536691
0 0 95 -0.00536691
0 0 96 -0.00536691
0 0 97 -0.00536691
0 0 98 -0.00536691
0 0 99 -0.00536691
0 0 100 -0.00536691
0 0 101 -0.00536691
0 0 102 -0.00536691
0 0 103 -0.00536691
0 0 104 -0.00536691
0 0 105 -0.00536691
0 0 106 -0.00536691
0 0 107 -0.00536691
0 0 108 -0.00536691
0 0 109 -0.00536691
0 0 110 -0.00536691
0 0 111 -0.00536691
0 0 112 -0.00536691
0 0 113 -0.00536691
0 0 114 -0.00536691
0 0 115 -0.00536691
0 0 116 -0.00536691
0 0 117 -0.00536691
0 0 118 -0.00536691
0 0 119 -0.00536691
0 0 120 -0.00536691
0 0 121 -0.00536691
0 0 122 -0.00536691
0 0 123 -0.00536691
0 0 124 -0.00536691
0 0 125 -0.00536691
0 0 126 -0.00536691
0 0 127 -0.00536691
0 0 128 -0.00536691
0 0 129 -0.00536691
0 0 130 -0.00536691
0 0 131 -0.00536691
0 0 132 -0.00536691
0 0 133 -0.00536691
0 0 134 -0.00536691
0 0 135 -0.00536691
0 0 136 -0.00536691
0 0 137 -0.00536691
0 0 138 -0.00536691
0 0 139 -0.00536691
0 0 140 -0.00536691
0 0 141 -0.00536691
0 0 142 -0.00536691
0 0 143 -0.00536691
0 0 144 -0.00536691
0 0 145 -0.00536691
0 0 146 -0.00536691
0 0 147 1.16515
0 0 148 1.52077
0 0 149 1.59413
0 0 150 1.12369
0 0 151 0.391717
0 0 152 -0.998873
0 0 153 -0.412019
0 0 154 -0.412019
0 0 155 1.04076
0 0 156 1.95932
0 0 157 1.35333
0 0 158 1.27997
0 0 159 0.988139
0 0 160 -0.65282
0 0 161 -1.74041
0 0 162 -1.96049
0 0 163 -1.64633
0 0 164 1.66749
0 0 165 2.3261
0 0 166 2.47282
0 0 167 -0.746909
0 0 168 -2.74349
0 0 169 -0.955816
0 0 170 0.685144
0 0 171 -0.600195
0 0 172 0.245003
0 0 173 -0.391288
0 0 174 1.11412
0 0 175 -1.20778
0 0 176 -0.861728
0 0 177 -0.788371
0 0 178 -0.235006
0 0 179 -0.297199
0 0 180 -1.96049
0 0 181 0.391717
0 0 182 -0.694283
0 0 183 0.747338
0 0 184 0.0679899
0 0 185 0.391717
0 0 186 1.83493
0 0 187 0.350254
0 0 188 1.05033
0 0 189 1.05033
0 0 190 1.83493
0 0 191 2.39946
0 0 192 1.64676
0 0 193 -0.00536691
0 0 194 0.370985
0 0 195 -0.308362
0 0 196 -1.26997
0 0 197 -1.3529
0 0 198 -2.19012
0 0 199 -1.42626
0 0 200 -2.29378
0 0 201 -1.68779
0 0 202 -0.120186
0 0 203 1.62602
0 0 204 2.07573
0 0 205 2.47282
0 0 206 1.55267
0 0 207 -0.00536691
0 0 208 0.267329
0 0 209 0.193972
0 0 210 -0.109023
0 0 211 1.50004
0 0 212 0.809532
0 0 213 0.423611
0 0 214 0.643681
0 0 215 1.52077
0 0 216 2.3883
0 0 217 -0.235006
0 0 218 0.339091
0 0 219 -3.77048
0 0 220 -1.96049
0 0 221 2.53501
0 0 222 2.20012
0 0 223 0.976976
0 0 224 -0.455076
0 0 225 0.673981
0 0 226 -1.43742
0 0 227 0.621355
0 0 228 0.276897
0 0 229 0.664413
0 0 230 -1.68779
0 0 231 -0.705446
0 0 232 -0.966979
0 0 233 -1.31144
0 0 234 -2.28421
0 0 235 -0.799534
0 0 236 0.967408
0 0 237 2.09647
0 0 238 -1.38479
0 0 239 -1.38479
0 0 240 -0.976547
0 0 241 -0.443913
0 0 242 -2.05457
0 0 243 0.182809
0 0 244 -3.33991
0 0 245 -3.11187
0 0 246 -1.41669
0 0 247 -1.46772
0 0 248 1.62602
0 0 249 1.58456
0 0 250 -0.558732
0 0 251 0.0153644
0 0 252 -0.85216
0 0 253 -0.255737
0 0 254 -2.74349
0 0 255 -0.340257
0 0 256 0.726606
0 0 257 -0.152081
0 0 258 -0.831428
0 0 259 -0.443913
0 0 260 -2.45325
0 0 261 0.925946
0 0 262 2.42976
0 0 263 2.74392
0 0 264 0.737769
0 0 265 0.705875
0 0 266 -1.74041
0 0 267 -0.538001
0 0 268 -1.93816
0 0 269 -2.71319
0 0 270 -1.45815
0 0 271 -0.255737
0 0 272 -0.758072
0 0 273 -0.976547
0 0 274 -0.976547
0 0 275 1.0918
0 0 276 1.55267
0 0 277 -0.0149352
0 0 278 0.391717
0 0 279 -1.72925
0 0 280 -0.694283
0 0 281 -2.6191
0 0 282 -0.18238
0 0 283 2.92253
0 0 284 -0.632089
0 0 285 0.297629
0 0 286 -1.16472
0 0 287 -0.590627
0 0 288 -0.569895
0 0 289 1.42669
0 0 290 -0.0149352
0 0 291 -0.485376
0 0 292 -1.57297
0 0 293 0.224272
0 0 294 -0.308362
0 0 295 -1.53151
0 0 296 -0.558732
0 0 297 -0.549164
0 0 298 0.224272
0 0 299 -0.329094
0 0 300 -2.32567
0 0 301 -0.872891
0 0 302 -0.600195
0 0 303 -0.600195
0 0 304 -0.0149352
0 0 305 -0.370556
0 0 306 -1.17589
0 0 307 -0.746909
0 0 308 -1.6559
0 0 309 -0.161649
0 0 310 -2.02268
0 0 311 0.643681
0 0 312 -0.120186
0 0 313 0.433179
0 0 314 -0.600195
0 0 315 -0.255737
0 0 316 -1.22851
0 0 317 -2.02268
0 0 318 -0.412019
0 0 319 -2.15982
0 0 320 -0.255737
0 0 321 0.15251
0 0 322 -0.705446
0 0 323 -0.778803
0 0 324 0.549593
0 0 325 0.809532
0 0 326 -1.38479
0 0 327 -1.29071
0 0 328 1.60529
0 0 329 0.0887212
0 0 330 -1.61443
0 0 331 0.0472586
0 0 332 -0.955816
0 0 333 0.40288
0 0 334 0.768069
0 0 335 0.267329
0 0 336 0.914783
0 0 337 -0.758072
0 0 338 -2.14866
0 0 339 -4.52
0 0 340 -0.317931
0 0 341 -0.0356665
0 0 342 -0.0356665
0 0 343 0.28806
0 0 344 -0.120186
0 0 345 -2.38787
0 0 346 -1.0499
0 0 347 -0.569895
0 0 348 0.809532
0 0 349 0.779232
0 0 350 0.476236
0 0 351 1.12369
0 0 352 0.831858
0 0 353 1.46815
0 0 354 0.7888
0 0 355 -1.0818
0 0 356 -1.04034
0 0 357 -0.120186
0 0 358 -1.29071
0 0 359 0.0360956
0 0 360 -2.8296
0 0 361 -1.66706
0 0 362 -1.84407
0 0 363 -0.872891
0 0 364 -0.0149352
0 0 365 -2.22042
0 0 366 -3.06722
0 0 367 0.256166
0 0 368 -0.0468295
0 0 369 -0.391288
0 0 370 0.0360956
0 0 371 0.162078
0 0 372 0.412448
0 0 373 0.109452
0 0 374 -0.746909
0 0 375 -0.746909
0 0 376 -1.96049
0 0 377 -3.62218
0 0 378 -1.8664
0 0 379 -1.90786
0 0 380 -1.40553
0 0 381 -1.5937
0 0 382 -0.893622
0 0 383 -1.67822
0 0 384 -0.946248
0 0 385 -0.611358
0 0 386 -2.14866
0 0 387 -1.19662
0 0 388 -1.60486
0 0 389 -0.684715
0 0 390 -2.45325
0 0 391 -2.8902
0 0 392 -0.255737
0 0 393 -0.579464
0 0 394 0.15251
0 0 395 0.224272
0 0 396 -2.0769
0 0 397 -3.24582
0 0 398 -1.63516
0 0 399 -1.76115
0 0 400 0.308792
0 0 401 -1.68779
0 0 402 0.0998842
0 0 403 0.433179
0 0 404 0.862157
0 0 405 0.203541
0 0 406 2.19055
0 0 407 -0.412019
0 0 408 0.297629
0 0 409 1.66749
0 0 410 -0.109023
0 0 411 0.0887212
0 0 412 -2.93167
0 0 413 1.88756
0 0 414 0.799963
0 0 415 0.549593
0 0 416 -1.49961
0 0 417 0.0153644
0 0 418 0.0887212
0 0 419 0.120615
0 0 420 -0.663983
0 0 421 -1.6256
0 0 422 -1.6256
0 0 423 0.455505
0 0 424 0.0472586
0 0 425 0.779232
0 0 426 0.600624
0 0 427 0.40288
0 0 428 1.59413
0 0 429 -0.684715
0 0 430 1.00887
0 0 431 3.46473
0 0 432 5.85839
0 0 433 6.82001
0 0 434 6.39262
0 0 435 5.08496
0 0 436 8.54549
0 0 437 11.0444
0 0 438 12.8305
0 0 439 12.7061
0 0 440 14.6086
0 0 441 20.3161
0 0 442 21.2458
0 0 443 24.8833
0 0 444 31.9192
0 0 445 35.6508
0 0 446 38.2949
0 0 447 40.7715
0 0 448 43.9401
0 0 449 50.0447
0 0 450 56.9434
0 0 451 60.758
0 0 452 65.5884
0 0 453 69.9579
0 0 454 69.6517
0 0 455 72.1522
0 0 456 74.1488
0 0 457 72.7167
0 0 458 74.8792
0 0 459 75.6957
0 0 460 76.7099
0 0 461 75.4533
0 0 462 72.7694
0 0 463 69.2769
0 0 464 67.1879
0 0 465 66.7685
0 0 466 64.2393
0 0 467 63.1006
0 0 468 60.0786
0 0 469 61.49
0 0 470 62.2746
0 0 471 64.5949
0 0 472 68.4206
0 0 473 71.138
0 0 474 75.6127
0 0 475 80.4304
0 0 476 86.1586
0 0 477 91.3127
0 0 478 95.3872
0 0 479 97.3646
0 0 480 99.9895
0 0 481 99.425
0 0 482 97.9196
0 0 483 93.4448
0 0 484 88.1249
0 0 485 82.0091
0 0 486 77.0863
0 0 487 72.1411
0 0 488 67.2899
0 0 489 62.2538
0 0 490 56.5767
0 0 491 50.63
0 0 492 49.4164
0 0 493 46.3434
0 0 494 44.9321
0 0 495 46.3641
0 0 496 46.2397
0 0 497 46.2605
0 0 498 48.434
0 0 499 50.5773
0 0 500 51.1626
0 0 501 56.3151
0 0 502 56.9323
0 0 503 55.6788
0 0 504 55.0202
0 0 505 52.9295
0 0 506 48.8838
0 0 507 42.3821
0 0 508 35.3686
0 0 509 30.779
0 0 510 30.3197
0 0 511 31.5731
0 0 512 33.3815
0 0 513 32.3051
0 0 514 26.8592
0 0 515 21.7067
0 0 516 17.5142
0 0 517 13.1351
0 0 518 11.7237
0 0 519 9.59002
0 0 520 6.11036
0 0 521 3.49662
0 0 522 5.10569
0 0 523 3.1729
0 0 524 3.39137
0 0 525 1.95932
0 0 526 0.882888
0 0 527 -1.16472
0 0 528 -1.06107
0 0 529 -1.00844
0 0 530 -1.74041
0 0 531 -2.01152
0 0 532 -1.72925
0 0 533 -0.579464
0 0 534 -0.18238
0 0 535 1.20821
0 0 536 -0.2669
0 0 537 0.203541
0 0 538 -0.0675607
0 0 539 1.16515
0 0 540 0.559162
0 0 541 0.0472586
0 0 542 0.591056
0 0 543 0.517699
0 0 544 -2.93167
0 0 545 -2.05457
0 0 546 -0.966979
0 0 547 0.779232
0 0 548 0.224272
0 0 549 -1.51078
0 0 550 -0.434345
0 0 551 -2.27305
0 0 552 -0.788371
0 0 553 -0.872891
0 0 554 -1.98122
0 0 555 0.31836
0 0 556 0.726606
0 0 557 0.370985
0 0 558 1.16515
0 0 559 -1.66706
0 0 560 -3.30802
0 0 561 -0.882459
0 0 562 -0.684715
0 0 563 -0.746909
0 0 564 -1.10253
0 0 565 -0.223843
0 0 566 0.831858
0 0 567 -2.15982
0 0 568 -1.42626
0 0 569 -0.904785
0 0 570 -1.00844
0 0 571 -1.02917
0 0 572 -0.746909
0 0 573 0.779232
0 0 574 -0.475807
0 0 575 1.8445
0 0 576 -1.76115
0 0 577 -0.569895
0 0 578 -1.60486
0 0 579 -3.28888
0 0 580 -0.632089
0 0 581 0.182809
0 0 582 2.26391
0 0 583 0.65325
0 0 584 1.08223
0 0 585 1.20821
0 0 586 0.956245
0 0 587 -1.23808
0 0 588 -0.340257
0 0 589 -1.0818
0 0 590 -0.152081
0 0 591 -0.788371
0 0 592 -0.663983
0 0 593 -1.6559
0 0 594 -2.94283
0 0 595 -2.01152
0 0 596 -2.22042
0 0 597 -0.129755
0 0 598 -0.799534
0 0 599 2.42019
0 0 600 -0.297199
0 0 601 0.214704
0 0 602 -1.17589
0 0 603 -0.976547
0 0 604 -0.088292
0 0 605 -0.538001
0 0 606 -1.72925
0 0 607 -0.129755
0 0 608 0.579893
0 0 609 1.62602
0 0 610 1.20821
0 0 611 0.841426
0 0 612 1.23851
0 0 613 -0.820265
0 0 614 -0.538001
0 0 615 -0.317931
0 0 616 0.214704
0 0 617 1.27997
0 0 618 -0.955816
0 0 619 0.809532
0 0 620 0.611787
0 0 621 1.35333
0 0 622 0.90362
0 0 623 1.72968
0 0 624 1.23851
0 0 625 -0.882459
0 0 626 0.256166
0 0 627 -0.235006
0 0 628 1.11412
0 0 629 -1.49004
0 0 630 -1.00844
0 0 631 -1.42626
0 0 632 0.433179
0 0 633 1.0296
0 0 634 -0.391288
0 0 635 0.256166
0 0 636 0.391717
0 0 637 1.52077
0 0 638 1.04076
0 0 639 1.39639
0 0 640 -0.193543
0 0 641 -0.872891
0 0 642 -0.746909
0 0 643 0.361417
0 0 644 1.92902
0 0 645 -0.443913
0 0 646 0.914783
0 0 647 1.75041
0 0 648 0.444342
0 0 649 -0.412019
0 0 650 -2.12634
0 0 651 -0.099455
0 0 652 0.0887212
0 0 653 -1.91743
0 0 654 -0.904785
0 0 655 0.28806
0 0 656 -1.36406
0 0 657 -1.10253
0 0 658 -1.16472
0 0 659 -1.43742
0 0 660 -1.21735
0 0 661 -0.684715
0 0 662 -1.11369
0 0 663 -1.29071
0 0 664 -1.21735
0 0 665 0.361417
0 0 666 -1.40553
0 0 667 -0.276468
0 0 668 -2.01152
0 0 669 -0.935085
0 0 670 -0.925516
0 0 671 -1.24924
0 0 672 -1.02917
0 0 673 -1.90786
0 0 674 1.0918
0 0 675 0.182809
0 0 676 1.59413
0 0 677 1.23851
0 0 678 1.97048
0 0 679 0.820695
0 0 680 0.779232
0 0 681 0.591056
0 0 682 -1.04034
0 0 683 -0.558732
0 0 684 -0.423182
0 0 685 0.549593
0 0 686 1.24967
0 0 687 -1.0499
0 0 688 -1.79304
0 0 689 0.0791529
0 0 690 0.485805
0 0 691 -0.246169
0 0 692 1.86523
0 0 693 0.914783
0 0 694 0.664413
0 0 695 -1.22851
0 0 696 -0.705446
0 0 697 -1.45815
0 0 698 -1.49004
0 0 699 0.0360956
0 0 700 0.988139
0 0 701 1.67865
0 0 702 0.455505
0 0 703 -0.966979
0 0 704 0.297629
0 0 705 0.559162
0 0 706 0.193972
0 0 707 0.0153644
0 0 708 -1.85523
0 0 709 -0.120186
0 0 710 0.0360956
0 0 711 1.29113
0 0 712 -1.16472
0 0 713 -1.09296
0 0 714 -0.73734
0 0 715 -0.18238
0 0 716 0.120615
0 0 717 1.20821
0 0 718 0.820695
0 0 719 -1.36406
0 0 720 -2.04341
0 0 721 0.632518
0 0 722 -0.73734
0 0 723 0.935514
0 0 724 1.36449
0 0 725 1.38522
0 0 726 0.53843
0 0 727 -0.140918
0 0 728 0.203541
0 0 729 -1.40553
0 0 730 0.737769
0 0 731 1.25924
0 0 732 2.85874
0 0 733 1.31187
0 0 734 0.632518
0 0 735 1.52077
0 0 736 -0.140918
0 0 737 -0.172812
0 0 738 -0.600195
0 0 739 0.559162
0 0 740 0.361417
0 0 741 -0.976547
0 0 742 -0.402451
0 0 743 0.0887212
0 0 744 0.0679899
0 0 745 -0.255737
0 0 746 -1.85523
0 0 747 -0.569895
0 0 748 -1.92859
0 0 749 -1.09296
0 0 750 -0.663983
0 0 751 -2.70203
0 0 752 -0.569895
0 0 753 0.0472586
0 0 754 1.44742
0 0 755 -0.955816
0 0 756 -0.810697
0 0 757 -1.8345
0 0 758 -0.73734
0 0 759 0.0791529
0 0 760 -2.32567
0 0 761 -0.831428
0 0 762 -1.25881
0 0 763 -0.558732
0 0 764 -1.53151
0 0 765 0.256166
0 0 766 1.34376
0 0 767 -0.893622
0 0 768 -1.17589
0 0 769 0.130184
0 0 770 -0.549164
0 0 771 -1.3226
0 0 772 -1.39596
0 0 773 -0.611358
0 0 774 0.549593
0 0 775 -0.0675607
0 0 776 1.67865
0 0 777 -0.2669
0 0 778 -0.088292
0 0 779 0.433179
0 0 780 -2.08487
0 0 781 1.0918
0 0 782 -0.98771
0 0 783 -0.381719
0 0 784 -1.56181
0 0 785 -0.0579924
0 0 786 -0.18238
0 0 787 0.0265274
0 0 788 1.38522
0 0 789 -0.705446
0 0 790 -2.45325
0 0 791 -2.97313
0 0 792 -1.0818
0 0 793 -3.30802
0 0 794 -3.25539
0 0 795 -1.06107
0 0 796 -0.904785
0 0 797 -0.673552
0 0 798 -1.12326
0 0 799 -0.246169
0 0 800 0.28806
0 0 801 1.70895
0 0 802 -0.193543
0 0 803 -1.57297
0 0 804 0.0153644
0 0 805 -0.443913
0 0 806 0.768069
0 0 807 0.976976
0 0 808 -0.0356665
0 0 809 -0.246169
0 0 810 0.820695
0 0 811 0.715443
0 0 812 0.852589
0 0 813 0.31836
0 0 814 1.3326
0 0 815 2.44092
0 0 816 0.737769
0 0 817 2.34684
0 0 818 -0.109023
0 0 819 0.673981
0 0 820 -2.09604
0 0 821 -1.79304
0 0 822 -0.464644
0 0 823 -0.663983
0 0 824 0.726606
0 0 825 0.444342
0 0 826 -0.423182
0 0 827 0.256166
0 0 828 -0.246169
0 0 829 -0.360988
0 0 830 -0.349825
0 0 831 -2.11677
0 0 832 -0.976547
0 0 833 -1.28114
0 0 834 0.779232
0 0 835 2.39946
0 0 836 0.862157
0 0 837 0.53843
0 0 838 2.3883
0 0 839 0.664413
0 0 840 0.664413
0 0 841 0.779232
0 0 842 1.14442
0 0 843 1.20821
0 0 844 -0.18238
0 0 845 -1.0818
0 0 846 -0.705446
0 0 847 -0.506107
0 0 848 -2.22042
0 0 849 -1.36406
0 0 850 -0.632089
0 0 851 -1.53151
0 0 852 -0.506107
0 0 853 -3.02575
0 0 854 -2.17099
0 0 855 -2.26508
0 0 856 0.120615
0 0 857 2.36757
0 0 858 1.2704
0 0 859 -0.203111
0 0 860 -0.73734
0 0 861 0.308792
0 0 862 1.05033
0 0 863 1.87639
0 0 864 0.862157
0 0 865 1.38522
0 0 866 -1.84407
0 0 867 -1.80261
0 0 868 -1.61443
0 0 869 1.97048
0 0 870 0.779232
0 0 871 1.19705
0 0 872 0.382148
0 0 873 1.18588
0 0 874 0.549593
0 0 875 -0.663983
0 0 876 -1.57297
0 0 877 -0.140918
0 0 878 0.841426
0 0 879 2.10603
0 0 880 0.925946
0 0 881 -0.569895
0 0 882 1.17632
0 0 883 0.841426
0 0 884 0.0887212
0 0 885 0.715443
0 0 886 -0.705446
0 0 887 -2.04341
0 0 888 -1.98122
0 0 889 1.23851
0 0 890 -0.98771
0 0 891 -2.74349
0 0 892 -0.0260982
0 0 893 1.46815
0 0 894 1.0918
0 0 895 0.997708
0 0 896 1.23851
0 0 897 2.1475
0 0 898 1.77114
0 0 899 1.0615
0 0 900 -0.099455
0 0 901 -1.61443
0 0 902 -1.80261
0 0 903 2.50312
0 0 904 1.5415
0 0 905 -0.538001
0 0 906 -1.30187
0 0 907 -1.07064
0 0 908 -0.120186
0 0 909 2.40903
0 0 910 1.67865
0 0 911 0.694712
0 0 912 0.423611
0 0 913 -0.76764
0 0 914 -0.434345
0 0 915 -2.96356
0 0 916 0.31836
0 0 917 -0.893622
0 0 918 -1.0196
0 0 919 -0.558732
0 0 920 -0.590627
0 0 921 -0.65282
0 0 922 -1.88713
0 0 923 -1.0818
0 0 924 -0.538001
0 0 925 -0.506107
0 0 926 -0.0468295
0 0 927 -0.246169
0 0 928 -0.455076
0 0 929 1.58456
0 0 930 3.83151
0 0 931 1.93859
0 0 932 -0.120186
0 0 933 0.361417
0 0 934 1.31187
0 0 935 0.496968
0 0 936 -2.1375
0 0 937 -0.161649
0 0 938 -0.349825
0 0 939 1.25924
0 0 940 -1.70852
0 0 941 -0.443913
0 0 942 -1.79304
0 0 943 -1.92859
0 0 944 0.15251
0 0 945 -0.088292
0 0 946 0.925946
0 0 947 -0.00536691
0 0 948 -0.632089
0 0 949 -0.464644
0 0 950 0.611787
0 0 951 0.621355
0 0 952 2.42976
0 0 953 -0.893622
0 0 954 0.705875
0 0 955 -0.73734
0 0 956 -1.90786
0 0 957 0.862157
0 0 958 0.882888
0 0 959 2.52385
0 0 960 3.54925
0 0 961 -0.329094
0 0 962 -2.49312
0 0 963 -1.5937
0 0 964 -0.223843
0 0 965 2.09647
0 0 966 1.00887
0 0 967 -0.214274
0 0 968 0.914783
0 0 969 0.559162
0 0 970 -0.840997
0 0 971 0.109452
0 0 972 -0.308362
0 0 973 0.382148
0 0 974 0.496968
0 0 975 0.496968
0 0 976 0.0887212
0 0 977 0.0153644
0 0 978 -0.287631
0 0 979 0.109452
0 0 980 -1.37523
0 0 981 1.69938
0 0 982 -0.904785
0 0 983 -1.91743
0 0 984 -1.74041
0 0 985 -1.53151
0 0 986 -0.810697
0 0 987 -0.370556
0 0 988 0.496968
0 0 989 0.549593
0 0 990 -0.00536691
0 0 991 0.224272
0 0 992 -1.46772
0 0 993 -1.56181
0 0 994 -1.58413
0 0 995 1.37406
0 0 996 1.87639
0 0 997 2.95283
0 0 998 0.988139
0 0 999 0.329523
0 0 1000 0.203541
0 0 1001 -0.0675607
0 0 1002 -0.778803
0 0 1003 -1.00844
0 0 1004 0.862157
0 0 1005 2.37873
0 0 1006 3.19363
0 0 1007 2.98472
0 0 1008 -0.340257
0 0 1009 -1.99078
0 0 1010 -1.04034
0 0 1011 -0.976547
0 0 1012 -0.611358
0 0 1013 -1.0196
0 0 1014 0.87332
0 0 1015 1.69938
0 0 1016 1.77114
0 0 1017 1.76158
0 0 1018 2.29421
0 0 1019 -0.705446
0 0 1020 -0.00536691
0 0 1021 -0.00536691
0 0 1022 -0.00536691
0 0 1023 -0.00536691
