0 0 0 -0.886239 -3.64093 4.86184 0.252436
0 0 1 2.34279 0.76423 4.5533 3.32655
0 0 2 2.85916 -0.722566 -0.414161 -4.61439
0 0 3 -1.60227 -8.20115 -5.28065 -2.87193
0 0 4 -1.90521 -1.5403 4.29806 3.07027
0 0 5 -5.23751 -8.50913 1.2239 5.17077
0 0 6 -2.98614 2.14695 -0.209404 0.0476629
0 0 7 0.449435 2.09597 3.47903 0.202185
0 0 8 3.9332 -1.95024 0.301087 0.355451
0 0 9 -0.0669336 2.65883 3.88854 0.71349
0 0 10 0.600904 -5.69059 -1.79697 1.63685
0 0 11 0.958919 1.27611 -4.41113 -3.02645
0 0 12 4.49777 5.78535 7.32173 1.27756
0 0 13 -0.424949 3.37674 6.91222 1.58535
0 0 14 -3.49562 2.91584 2.86476 -5.33172
0 0 15 -3.90872 0.76423 0.250599 -2.92344
0 0 16 0.704177 3.22382 -0.672211 -0.258869
0 0 17 1.37201 -0.567515 -0.158916 1.48233
0 0 18 -2.7314 -5.63961 1.32768 1.84163
0 0 19 -1.39572 1.22514 2.04573 1.48233
0 0 20 3.32045 6.45016 3.52952 0.764998
0 0 21 -1.0859 -4.30787 -4.77016 -0.51515
0 0 22 1.8333 -1.64438 -0.0551345 -1.74505
0 0 23 6.54259 -0.414587 0.455356 -2.10309
0 0 24 1.06219 2.91584 -2.05502 3.83911
0 0 25 -1.96029 3.27479 -8.66335 -2.2061
0 0 26 1.26874 -0.722566 -11.0699 -0.719923
0 0 27 -6.97939 -0.773542 -3.33405 1.68711
0 0 28 -1.75374 3.63375 -8.71384 3.99238
0 0 29 4.64924 9.47261 -6.04919 1.73861
0 0 30 2.29459 3.01779 0.250599 -0.310376
0 0 31 -3.49562 4.24758 0.35438 3.83911
0 0 32 1.16547 3.9927 -0.977944 5.32529
0 0 33 0.139614 -0.977446 4.81135 2.55896
0 0 34 -0.886239 1.02123 -4.10259 -1.38701
0 0 35 -2.62812 -4.66682 -5.12918 -3.58926
0 0 36 -2.16683 8.08989 -3.28357 -1.38701
0 0 37 -0.36987 2.45493 -3.18259 1.02128
0 0 38 0.752372 1.99402 4.04281 -7.02141
0 0 39 0.242888 -4.56487 5.88563 2.917
0 0 40 2.80408 2.50591 -2.51502 -3.74253
0 0 41 -8.40457 0.354299 -0.927456 -1.18098
0 0 42 -1.24425 3.63375 3.27427 -2.77017
0 0 43 -1.85701 1.58409 2.19719 -4.71614
0 0 44 -1.34753 1.83897 -2.156 1.48233
0 0 45 3.87812 -2.05431 0.713406 2.0464
0 0 46 5.52362 2.045 7.21795 -0.925953
0 0 47 3.26537 -0.92647 1.12292 6.96473
0 0 48 0.297967 -4.4608 -4.92443 -0.258869
0 0 49 -2.93106 -5.74157 1.63341 -0.310376
0 0 50 -3.85364 -1.23445 5.17038 0.406959
0 0 51 -1.44392 1.37806 -2.10551 -1.74505
0 0 52 -1.80882 -1.74633 -4.46162 2.40444
0 0 53 -3.39235 7.16807 0.455356 -1.18098
0 0 54 2.03985 -0.0556319 -0.259892 -2.30912
0 0 55 2.34279 3.52967 -0.773187 -1.69354
0 0 56 2.80408 -0.259535 4.29806 0.0991703
0 0 57 3.72666 -0.106608 7.83222 -0.15711
0 0 58 -2.06356 -0.875494 0.149623 -4.51137
0 0 59 -2.27011 1.43116 1.42865 -3.12821
0 0 60 -3.28908 0.815206 0.301087 7.52754
0 0 61 -0.321676 -0.92647 3.68379 0.508717
0 0 62 -2.00848 3.01779 -3.18259 -5.07544
0 0 63 0.552709 -1.48933 -0.0551345 -1.02771
0 0 64 -1.39572 -3.2841 -0.823675 1.53384
0 0 65 4.13975 -7.27934 3.06951 4.09539
0 0 66 3.01063 2.65883 3.6333 -0.77143
0 0 67 5.67509 8.49982 -2.71978 -4.97242
0 0 68 9.20705 -2.10529 7.936 1.53384
0 0 69 10.3844 0.0463198 2.81146 7.93835
0 0 70 20.5327 0.507227 -2.87405 3.07027
0 0 71 49.9933 -0.465563 -25.9779 3.42956
0 0 72 136.42 -2.41327 -69.4734 2.81399
0 0 73 284.122 -4.30787 -50.9807 14.0853
0 0 74 408.512 35.4469 66.8528 5.3768
0 0 75 412.305 81.4548 114.342 24.025
0 0 76 392.222 71.1555 83.2473 39.138
0 0 77 442.792 63.7789 54.4018 51.2297
0 0 78 438.895 51.1241 12.752 18.03
0 0 79 331.972 30.7848 -0.209404 -4.51137
0 0 80 290.477 5.27347 -0.876968 -1.64203
0 0 81 277.361 -26.3379 26.0219 -12.4008
0 0 82 183.657 -57.7412 53.019 -31.1005
0 0 83 79.9634 -33.5616 38.6243 -20.598
0 0 84 27.1423 -7.38129 15.4671 -3.64077
0 0 85 10.646 -3.89794 -0.108427 -1.84806
0 0 86 3.26537 -4.7178 -4.87113 4.91574
0 0 87 2.54934 -5.84564 4.34855 -3.79404
0 0 88 7.21043 -9.17394 0.35438 0.202185
0 0 89 4.13975 -4.40982 6.34843 0.969771
0 0 90 0.49763 -2.51522 4.45233 -4.61439
0 0 91 4.18795 -4.66682 -2.41405 -8.86689
0 0 92 -5.23751 -0.0556319 -1.38746 -6.25383
0 0 93 1.93658 3.58277 5.57989 0.816505
0 0 94 0.242888 7.21905 5.27135 -3.12821
0 0 95 0.297967 0.507227 9.78162 2.19967
0 0 96 2.39787 -4.25689 5.17038 -2.25761
0 0 97 -6.66957 -3.89794 -5.43492 -4.20358
0 0 98 -0.886239 2.96681 5.11709 1.02128
0 0 99 -0.934433 7.62898 -7.28054 -0.310376
0 0 100 3.52011 1.07221 0.455356 -2.41087
0 0 101 2.19132 -3.99989 1.78768 3.07027
0 0 102 -4.67294 -2.71912 1.58292 2.86549
0 0 103 3.1139 -1.89926 0.200111 -1.59178
0 0 104 -3.95691 -2.15626 3.78757 0.560224
0 0 105 -0.934433 -3.38606 -1.95124 1.22605
0 0 106 1.37201 1.27611 -4.71686 5.22227
0 0 107 2.65261 1.68604 1.6867 -3.64077
0 0 108 -0.679691 5.78535 2.25049 -2.35937
0 0 109 3.32045 -2.25821 -5.17967 -0.925953
0 0 110 1.42021 4.24758 -1.74648 -2.10309
0 0 111 -2.93106 -0.157584 2.45524 2.30268
0 0 112 0.600904 -0.00465604 0.559137 4.50494
0 0 113 -2.88287 -5.33163 -5.0254 0.71349
0 0 114 3.47191 0.611302 -2.82356 3.17328
0 0 115 2.65261 2.91584 -3.48832 -2.15459
0 0 116 -0.0118542 0.354299 3.27427 -0.208618
0 0 117 0.958919 -0.977446 -5.69297 -2.00133
0 0 118 0.346162 -1.64438 4.6066 -2.61565
0 0 119 -2.52485 -5.07676 1.32768 2.19967
0 0 120 -0.934433 3.42772 1.2239 -0.874445
0 0 121 1.26874 3.9927 5.78465 -3.28147
0 0 122 -0.0118542 -2.25821 -3.48832 4.60795
0 0 123 3.26537 -3.2841 0.301087 4.76122
0 0 124 0.704177 -5.84564 -4.46162 -2.30912
0 0 125 -4.62475 0.201371 -6.972 -9.12191
0 0 126 -2.46977 -4.05087 -5.0254 -2.5654
0 0 127 2.08805 -7.02233 3.6333 -2.05283
0 0 128 -3.95691 0.354299 5.47611 -0.00258819
0 0 129 2.08805 2.2489 4.5533 1.1758
0 0 130 5.72328 -0.824518 8.14076 3.68584
0 0 131 0.194693 -3.18003 5.68087 0.764998
0 0 132 3.67846 6.14431 -7.79103 -6.09931
0 0 133 -0.528223 4.04368 1.32768 -0.925953
0 0 134 1.21366 0.303323 1.2239 -0.77143
0 0 135 -1.65046 3.9396 0.918163 -1.23248
0 0 136 -1.85701 -0.20856 -5.23016 -2.10309
0 0 137 -4.01199 -5.84564 -3.1293 -2.71866
0 0 138 3.01063 -2.36017 1.73719 4.60795
0 0 139 -5.08604 1.37806 6.5027 3.73735
0 0 140 2.65261 2.91584 6.24465 5.42705
0 0 141 8.90412 -0.106608 3.47903 -0.0540956
0 0 142 1.47529 -2.30919 -0.414161 -4.66589
0 0 143 3.87812 0.201371 1.89146 -6.76639
0 0 144 -5.34078 3.27479 -11.0195 -7.22744
0 0 145 1.57856 -2.30919 -0.414161 -0.105603
0 0 146 3.1139 -1.5934 5.73416 -1.94982
0 0 147 4.39449 5.78535 -0.0551345 3.89062
0 0 148 -3.85364 -1.23445 -1.33697 6.40066
0 0 149 0.49763 -0.875494 5.93892 2.0464
0 0 150 -0.266596 -0.516539 2.55622 4.60795
0 0 151 -2.98614 -10.0448 -7.33102 -0.00258819
0 0 152 -3.39235 6.75814 0.713406 2.19967
0 0 153 1.11727 3.63375 0.918163 -3.38449
