0 0 0 2.43574 2.85619 2.18338 -1.59711
0 0 1 0.805531 0.48542 -0.73568 -1.12367
0 0 2 1.31813 -1.57224 -2.0385 -0.703561
0 0 3 1.71705 -0.931407 -1.95322 1.54264
0 0 4 0.844839 1.70285 -2.46924 1.11541
0 0 5 -0.190974 2.50728 -3.01393 1.56399
0 0 6 -2.6084 1.7349 -1.20906 1.65654
0 0 7 -2.64399 0.919617 0.613392 0.0332723
0 0 8 -0.33705 1.07624 0.456804 -0.0236769
0 0 9 0.189887 0.0439859 -1.17003 -0.543444
0 0 10 0.271689 -0.660938 -0.212433 -1.53655
0 0 11 -1.21669 0.14 1.51775 -0.767629
0 0 12 -2.4942 0.417706 1.51053 -0.596781
0 0 13 -1.83234 -0.00227674 -1.6398 -0.596781
0 0 14 -1.49079 -0.746356 -2.62607 0.55304
0 0 15 -0.0879236 -1.26248 -1.46538 0.823548
0 0 16 1.58159 -1.88897 -1.35505 -0.162544
0 0 17 0.477789 -0.546962 -0.536451 -0.643105
0 0 18 -0.564929 -0.0949313 -0.394076 -0.703561
0 0 19 -0.148479 -0.902977 -0.212433 0.286037
0 0 20 -1.19492 0.289514 1.47487 1.11903
0 0 21 -1.91414 1.18311 1.29347 1.40377
0 0 22 -0.575552 0.460479 -0.942136 1.51767
0 0 23 -0.963849 0.30024 -0.561264 0.759481
0 0 24 -1.71123 1.7455 -0.0486167 -0.458021
0 0 25 -1.4621 2.20825 -0.632572 -0.0842385
0 0 26 -0.870892 -0.0308355 -1.22351 -0.0913571
0 0 27 -0.166539 -1.02406 -0.48297 -1.19847
0 0 28 0.410329 -0.180349 1.23276 -0.945701
0 0 29 -0.625484 0.129404 3.19422 -0.0486453
0 0 30 -2.67586 0.122296 3.60376 0.538803
0 0 31 -2.42302 1.38237 1.69217 0.424904
0 0 32 -1.45148 2.40054 -0.312168 0.980159
0 0 33 -1.55825 1.83815 -2.14546 1.52479
0 0 34 -2.07456 1.0407 -2.00309 0.841398
0 0 35 -1.71813 -0.518532 0.464031 0.734512
0 0 36 -1.0244 -1.21273 2.52859 0.656207
0 0 37 -1.08124 -1.49741 1.67796 -0.675086
0 0 38 -0.020463 -1.39416 1.05497 -0.00943958
0 0 39 -0.0417104 -0.959966 1.8025 2.13359
0 0 40 0.289218 -0.361911 1.11905 1.69925
0 0 41 0.99782 0.407109 -0.329995 -0.792597
0 0 42 -0.297742 1.0407 -0.603905 0.339374
0 0 43 -1.54019 1.34684 -0.764107 0.111577
0 0 44 -1.43342 0.385658 -0.90311 -0.518476
0 0 45 -0.558023 -1.05598 -1.10957 0.382192
0 0 46 -0.0879236 -0.25866 -0.24086 -0.212374
0 0 47 -0.508092 1.98405 0.438977 -0.112713
0 0 48 -0.190974 2.45753 0.912597 0.407054
0 0 49 -0.600518 1.15455 -0.0736709 0.738125
0 0 50 -1.08496 -0.219505 -0.123538 1.31484
0 0 51 0.161203 0.987331 -0.255073 1.66727
0 0 52 1.08334 2.5821 0.357069 0.453379
0 0 53 -0.308897 1.43225 1.49993 -0.796103
0 0 54 -2.06022 -0.187457 1.05136 0.702531
0 0 55 -1.49079 -1.11659 -0.511397 0.937447
0 0 56 0.595713 -2.43365 -1.2982 -0.411696
0 0 57 0.246724 -3.03881 -1.66124 -1.20558
0 0 58 0.0438105 -2.51196 -2.28422 -1.42265
0 0 59 0.940984 -2.48353 -2.12763 -1.00265
0 0 60 1.4318 -3.64398 -0.678826 -0.799716
0 0 61 1.83444 -3.71518 0.382123 -0.347628
0 0 62 0.364116 -2.14173 1.01571 0.111577
0 0 63 -0.746594 -1.978 1.74902 1.06208
0 0 64 0.146861 -2.23439 1.63869 -0.479377
0 0 65 0.908581 -0.849607 0.481858 -1.44762
0 0 66 0.221758 0.211204 -0.30494 0.0368848
0 0 67 0.488944 0.517338 -1.04548 0.592139
0 0 68 0.620678 0.595778 0.221921 0.0261537
0 0 69 0.958513 1.329 1.38959 -0.611018
0 0 70 2.08728 1.15817 0.7059 -2.30196
0 0 71 1.7776 -0.479377 -0.105711 -2.47281
0 0 72 -0.248342 0.097356 -0.660999 -0.95282
0 0 73 -1.49079 0.189881 -0.892269 -0.803328
0 0 74 -1.3803 -0.272875 -1.16281 0.132933
0 0 75 -1.09877 -1.11659 0.0012508 2.06591
0 0 76 -1.87165 -0.329863 -1.42997 2.56432
0 0 77 -2.12077 0.859139 -2.78627 0.916091
0 0 78 -1.07062 -0.746356 -2.02429 0.200614
0 0 79 -0.215939 -0.269256 -1.33385 0.933941
0 0 80 -0.942071 -0.817559 -0.190992 0.741631
0 0 81 -0.3907 -1.03117 1.04775 -1.18412
0 0 82 -0.433194 -1.6185 0.257575 -0.931464
0 0 83 -2.43045 -1.88186 -0.0416304 0.0368848
0 0 84 -2.67958 1.41093 0.268174 -0.301304
0 0 85 -1.80365 3.51472 2.15134 1.28637
0 0 86 0.0719634 2.92028 2.12628 1.44298
0 0 87 0.250442 0.047475 1.6529 -0.425934
0 0 88 -0.0486158 -1.83922 -0.0380168 -1.98513
0 0 89 0.286031 -2.09547 -0.967191 -2.43371
0 0 90 0.403423 -1.66838 -1.69328 -1.20909
0 0 91 0.410329 -1.37646 -2.59403 -0.586156
0 0 92 1.02969 -2.61521 -2.59403 -0.0700012
0 0 93 1.01535 -2.13824 -1.92479 -0.682205
0 0 94 0.114989 -0.596843 -1.16642 -1.58287
0 0 95 -0.721628 -0.251552 -1.90696 -1.50096
0 0 96 -1.08124 -0.913703 -1.12378 -1.68615
0 0 97 0.146861 -1.08803 0.727341 -1.28389
0 0 98 0.901676 0.200607 1.81672 -0.404578
0 0 99 0.641926 1.76695 1.7206 0.656207
0 0 100 -0.661073 2.21549 1.68494 1.32908
0 0 101 -0.034805 1.65297 0.39995 0.684682
0 0 102 1.03713 1.26853 -0.571864 -0.65373
0 0 103 -0.0130264 -0.194564 -0.667985 -1.01328
0 0 104 -0.312084 -0.137576 -0.0165762 -0.244355
0 0 105 0.382176 -0.159027 0.791422 0.887616
0 0 106 0.107553 -1.31585 2.53221 1.24365
0 0 107 -0.262153 -0.984777 3.72469 0.581514
0 0 108 -0.134137 -0.0842056 1.90922 -0.0663888
0 0 109 0.0225631 0.168559 0.24312 0.040391
0 0 110 0.919205 -0.589735 0.599179 0.186376
0 0 111 0.349774 -0.593224 -0.0736709 -0.312035
0 0 112 -1.19863 -0.482866 -1.20569 0.0475096
0 0 113 -0.828397 -0.799726 1.00511 0.432023
0 0 114 0.577652 0.873354 3.13014 0.414173
0 0 115 1.25757 2.81703 2.041 -0.0272893
0 0 116 2.5356 2.30091 -0.0307897 0.211239
0 0 117 2.99455 0.581434 -0.628959 0.0119164
0 0 118 1.40736 0.161452 -0.767721 0.239713
0 0 119 0.399705 0.439028 -0.828188 1.00863
0 0 120 -1.09186 2.06597 -0.329995 1.13326
0 0 121 -0.703568 3.11244 1.38959 1.50704
0 0 122 -0.269589 2.38271 2.4609 0.214851
0 0 123 0.812437 0.702518 2.12628 -0.65373
0 0 124 1.3824 -0.183838 -0.148352 0.019035
0 0 125 0.666892 -0.739249 -0.98839 -0.315541
0 0 126 0.428389 -2.86436 0.100745 -0.945701
0 0 127 -0.504373 -3.76855 0.154226 -0.77836
0 0 128 -1.56887 -2.5369 1.05497 -0.482883
0 0 129 -0.134137 -2.16667 1.48571 1.23292
0 0 130 1.35372 -1.04887 1.46427 1.59959
0 0 131 0.342868 -0.376126 1.59243 0.698919
0 0 132 0.289218 -0.155409 -0.942136 0.595752
0 0 133 -0.290837 0.286025 -2.72556 1.25428
0 0 134 -0.89267 0.880462 -1.74676 2.53585
0 0 135 -0.654168 0.59216 -0.717853 2.64975
0 0 136 0.161203 -1.02406 1.01571 0.876991
0 0 137 0.65255 -1.04538 1.50691 -1.15214
0 0 138 0.143673 0.278918 0.104358 -1.93881
0 0 139 -1.11311 1.00503 -0.579091 -1.5936
0 0 140 -2.03525 0.983713 0.292988 0.207732
0 0 141 -1.94601 0.620589 -0.0558439 0.830667
0 0 142 -0.3907 0.225548 -0.767721 0.0653593
0 0 143 0.520815 -1.14863 -0.871069 0.0831028
0 0 144 -0.418852 -1.30875 -0.0700573 -0.176781
0 0 145 -1.28044 -0.347696 0.246734 0.350105
0 0 146 -1.23422 1.22937 0.350082 1.16174
0 0 147 -0.486844 1.6102 0.318042 0.859142
0 0 148 -0.508092 1.17238 0.353696 1.75269
0 0 149 0.56331 0.0403676 -0.265914 1.69574
0 0 150 1.64587 0.275299 -0.582705 -0.632374
0 0 151 2.10481 -0.105528 -0.454543 -2.98185
0 0 152 2.44636 -1.62922 -2.04211 -2.92851
0 0 153 1.53166 -0.874548 -2.41238 -1.11294
0 0 154 -0.223376 0.143619 -2.28061 -0.358253
0 0 155 -0.202129 -0.725034 -3.28808 -0.247967
0 0 156 0.570747 -0.262149 -0.618359 1.05135
0 0 157 0.987197 0.179156 1.53197 0.844904
0 0 158 -0.0703944 0.1935 0.994265 -0.596781
0 0 159 -0.237718 -0.593224 -0.888896 -2.03145
0 0 160 1.28254 -1.06322 -0.682199 -2.391
0 0 161 0.33915 0.609993 0.513898 -1.38355
0 0 162 0.399705 1.43225 1.73842 1.38603
0 0 163 0.510192 1.64586 1.83792 1.48569
0 0 164 -1.11683 2.3756 2.25107 0.346493
0 0 165 -2.04216 1.45719 0.221921 -0.0236769
0 0 166 0.481508 0.442646 -0.910096 1.4536
0 0 167 1.51041 1.72417 -0.454543 1.90218
0 0 168 -0.732252 1.3219 -1.45117 0.998008
0 0 169 -2.25251 0.21844 -1.04548 1.46433
0 0 170 -1.43714 -0.454436 -1.18063 2.12286
0 0 171 0.211134 0.428431 0.563525 3.06985
0 0 172 -0.141573 0.460479 2.08364 1.98761
0 0 173 -1.40155 -1.15212 2.15495 0.307393
0 0 174 -1.82171 -1.40851 1.02992 -0.856665
0 0 175 -0.863986 -1.11659 -1.0597 -0.667968
0 0 176 -0.340768 0.0368785 -1.33385 0.157902
0 0 177 0.638208 1.5996 -1.0703 0.681175
0 0 178 0.631302 2.45753 -0.475743 0.873379
0 0 179 -1.02069 1.79887 0.036664 1.95563
0 0 180 -0.508092 1.02287 0.7059 1.4501
0 0 181 -0.0772999 -0.055776 1.32551 -0.137575
0 0 182 -0.636107 -1.34441 1.29347 -1.47248
0 0 183 -1.45838 -0.945622 1.06557 -1.57575
0 0 184 -1.29478 -0.806834 0.649047 -0.479377
0 0 185 0.30356 -0.00589505 -0.258687 -0.504239
0 0 186 0.748694 0.90902 -0.760734 -0.692936
0 0 187 0.791189 -0.369018 0.260947 -0.137575
0 0 188 1.95874 -1.94247 0.424763 0.631345
0 0 189 1.69208 -1.7609 1.92705 0.531684
0 0 190 0.556405 -0.0734799 2.92729 0.86626
0 0 191 -0.83902 0.264703 2.09424 0.716769
0 0 192 -2.41611 0.189881 1.43223 -0.771241
0 0 193 -2.48039 0.930343 1.98752 -1.33723
0 0 194 -1.47273 0.535171 1.68133 -0.397459
0 0 195 -0.558023 -1.54019 -0.312168 -0.351135
0 0 196 -0.0379921 -2.17378 -1.50465 -2.26637
0 0 197 0.0613397 -0.518532 -1.74676 -3.20614
0 0 198 1.3824 0.43192 -2.71135 -2.94625
0 0 199 -0.159102 -0.571902 -2.30904 -0.475764
0 0 200 -0.333863 -0.226612 -1.14498 0.770212
0 0 201 -0.646731 -0.41877 -0.671599 -1.61847
0 0 202 -0.0629578 -1.4014 -0.426116 -2.60806
0 0 203 0.228663 -0.507806 -0.465143 -0.945701
0 0 204 0.33915 -0.41877 -0.497183 -0.885139
0 0 205 -0.351392 -0.0130024 -1.43334 -1.29101
0 0 206 0.439013 0.96239 -2.02091 -0.593275
0 0 207 1.44295 0.27181 -0.475743 -0.728529
0 0 208 0.741258 -0.404555 0.812862 0.0653593
0 0 209 -0.522434 -1.22695 -0.223033 0.770212
0 0 210 -0.0842053 -1.08803 -1.02766 -0.529207
0 0 211 0.0581526 1.04781 0.524498 0.908972
0 0 212 0.61696 1.49273 2.6888 0.891229
0 0 213 -0.162821 0.186392 2.96295 -0.504239
0 0 214 -0.461878 1.27201 1.01209 -0.482883
0 0 215 -0.209034 3.33678 -0.589691 0.617108
0 0 216 -0.137855 2.27597 -0.73568 0.456885
0 0 217 -0.365734 -0.892252 0.182653 0.869873
0 0 218 0.0719634 -1.66838 0.140013 0.371461
0 0 219 -0.504373 -0.621783 -0.294341 -0.351135
0 0 220 -2.2201 0.204096 -1.469 0.296662
0 0 221 -1.62199 0.905402 -1.30518 0.706038
0 0 222 1.24323 1.84875 0.549312 1.43936
0 0 223 1.3893 1.41804 0.88393 0.695413
0 0 224 0.30356 0.581434 -0.386848 -1.42265
0 0 225 0.954794 0.0760338 -0.326381 -2.67213
0 0 226 1.26129 -0.055776 0.403323 -3.08151
0 0 227 1.24695 -1.10586 0.154226 -1.69327
0 0 228 0.335432 0.0225345 0.307201 -0.664461
0 0 229 0.360397 1.6708 0.698914 -0.0735074
0 0 230 0.196792 1.35045 -0.0664437 -0.00943958
0 0 231 0.274876 -0.0984204 -0.74628 -0.158931
0 0 232 1.44614 0.649148 -0.974177 -0.486495
0 0 233 1.92315 1.40731 0.168439 1.03711
0 0 234 2.45008 0.321562 1.82732 1.27213
0 0 235 2.05488 -0.119743 2.40766 0.60287
0 0 236 0.976573 -1.09514 1.36815 -0.251474
0 0 237 0.552687 -2.44076 -0.970563 -0.710679
0 0 238 1.26819 -1.3302 -2.30904 -0.461527
0 0 239 2.38953 -0.764189 -3.03898 0.83428
0 0 240 2.82776 -0.564795 -1.60077 1.20445
0 0 241 3.78495 1.29347 -0.547051 1.45721
0 0 242 4.55411 3.75327 -0.846015 1.63879
0 0 243 4.56102 4.62192 0.752395 0.545921
0 0 244 5.36204 3.74965 1.07979 -0.0557639
0 0 245 9.34913 1.42153 0.87333 -0.500733
0 0 246 18.1843 -1.9068 2.33635 -1.20197
0 0 247 26.7566 -3.8435 6.67579 0.193495
0 0 248 31.3875 -3.10291 11.5811 0.207732
0 0 249 28.5722 -2.33402 10.1289 -2.49778
0 0 250 22.1109 0.282407 6.4621 -3.89314
0 0 251 14.9521 3.30473 3.28697 -2.60456
0 0 252 10.054 1.95911 -0.415275 -1.22333
0 0 253 6.06321 -0.828156 -0.74628 -0.628868
0 0 254 2.82032 -1.05249 -0.226646 0.652701
0 0 255 0.0900237 -0.255042 0.239748 1.28637
0 0 256 -0.725347 -0.945622 0.406936 0.545921
0 0 257 0.567029 -0.721416 0.0190778 0.432023
0 0 258 1.06528 -0.0343246 -0.671599 0.983771
0 0 259 0.520815 0.0724155 -0.429489 1.2223
0 0 260 -0.280213 0.855521 0.549312 1.75269
0 0 261 0.310466 1.53189 1.53197 1.9093
0 0 262 0.332244 1.11539 2.30792 1.62456
0 0 263 -0.393887 0.00831974 2.27227 0.677563
0 0 264 0.274876 1.09058 1.98752 -0.222999
0 0 265 0.374739 2.08019 1.22578 -0.361866
0 0 266 0.517097 1.1048 1.00848 -0.796103
0 0 267 0.527721 -0.404555 0.378509 -0.493614
0 0 268 0.542063 -0.401066 -0.543437 0.994396
0 0 269 -0.369452 0.695411 -0.938523 1.27564
0 0 270 -0.792807 1.23286 -0.2623 0.969534
0 0 271 -0.568647 1.09058 1.31467 1.46072
0 0 272 -0.0379921 -0.0486686 1.51053 1.19021
0 0 273 0.161203 -0.959966 0.456804 -0.162544
0 0 274 -0.19841 -0.732141 -1.25194 0.229088
0 0 275 0.880428 -0.518532 -3.02115 0.77733
0 0 276 1.47854 0.100845 -3.71882 0.275306
0 0 277 1.9019 0.827092 -2.23435 -0.62175
0 0 278 1.22198 1.12612 0.90537 -0.500733
0 0 279 0.203698 0.520957 1.98752 0.197001
0 0 280 -0.586176 0.926724 1.0834 0.496091
0 0 281 -0.885234 0.677578 0.488844 1.42513
0 0 282 -1.48707 0.442646 -0.0129626 0.634851
0 0 283 -1.01006 0.606375 -0.874442 -0.479377
0 0 284 0.527721 -0.0450503 -0.760734 -1.26965
0 0 285 1.50351 -1.07032 -1.79302 -2.03496
0 0 286 0.524534 -0.771297 -1.2411 -2.28061
0 0 287 -0.194692 0.318073 -1.57572 -2.35179
0 0 288 0.809249 1.5996 -3.62631 -1.69327
0 0 289 1.13327 1.75622 -4.09608 0.264681
0 0 290 1.36062 1.36467 -2.64028 0.581514
0 0 291 1.90934 2.06946 -1.91756 -0.788985
0 0 292 2.0586 2.21898 -1.17702 -0.65373
0 0 293 1.44295 2.40765 -0.2623 0.16502
0 0 294 1.05838 1.94489 0.257575 0.243326
0 0 295 1.11521 -0.315648 0.859116 0.282425
0 0 296 0.246724 -0.358293 0.072318 0.478241
0 0 297 -1.99594 0.638423 -0.760734 0.634851
0 0 298 -3.42324 0.357228 -0.992004 0.556546
0 0 299 -2.51226 -0.116253 -1.12017 0.720275
0 0 300 -1.01378 -0.589735 -1.17702 -0.112713
0 0 301 -1.22732 -1.47247 -0.21966 -0.714292
0 0 302 -1.59384 -0.913703 1.70277 -0.368984
0 0 303 -0.308897 -0.475758 2.93091 0.250444
0 0 304 0.520815 -0.212397 1.71337 -0.703561
0 0 305 0.983478 -0.319137 2.60327 -1.89259
0 0 306 1.37496 -0.546962 3.63218 -2.2379
0 0 307 1.28254 -0.596843 2.31515 -2.20581
0 0 308 -0.297742 0.606375 0.823462 -2.01722
0 0 309 -1.63633 0.14 0.154226 -1.6683
0 0 310 -1.23794 -0.725034 1.09039 -1.7075
0 0 311 -0.351392 0.463968 0.581352 -1.06672
0 0 312 0.463979 2.01248 -0.212433 -1.23045
0 0 313 -0.0454287 2.88113 -0.308554 -0.967057
0 0 314 -0.525621 1.83091 -0.0914979 -0.297798
0 0 315 -0.746594 1.27563 -0.369021 -0.810447
0 0 316 -0.682321 1.37527 -0.205205 -1.98162
0 0 317 1.21508 2.03742 -0.69304 -1.13079
0 0 318 1.83763 0.944557 -1.20906 -0.582544
0 0 319 1.04775 0.503124 -1.89275 -0.974176
0 0 320 0.445918 1.68502 -1.25555 -0.849546
0 0 321 -0.586176 -0.0805873 1.05136 0.0653593
0 0 322 -0.625484 -0.813941 2.22602 0.6918
0 0 323 -0.365734 -0.557687 1.08701 1.01225
0 0 324 -0.102266 -1.67898 0.759381 1.80252
0 0 325 -0.169726 -0.660938 0.830689 1.66727
0 0 326 -0.0592395 -0.60395 0.367909 1.30411
0 0 327 0.000784477 -1.12718 0.748782 0.634851
0 0 328 -0.19841 -1.52597 0.641819 -0.408084
0 0 329 0.809249 0.346502 0.182653 -1.51881
0 0 330 1.37868 2.89185 0.403323 -1.68615
0 0 331 0.556405 4.28012 -1.70051 -0.333391
0 0 332 1.5067 1.87731 -4.20641 -0.0307955
0 0 333 2.32207 0.21844 -3.96791 -1.05599
0 0 334 2.84157 0.0403676 -2.07777 -1.68965
0 0 335 2.19405 -0.817559 0.823462 -0.301304
0 0 336 1.04403 -1.3302 2.15832 -0.646612
0 0 337 1.48173 -1.62561 1.32888 -1.64694
0 0 338 1.60656 0.403491 0.0332913 -2.19869
0 0 339 1.08334 0.933961 -1.06331 -1.1379
0 0 340 -0.202129 -0.091313 -1.61499 -0.354747
0 0 341 -0.308897 -1.03828 -0.354808 -0.265711
0 0 342 -0.123513 -1.35152 1.12965 0.200614
0 0 343 0.20051 0.24687 1.08701 -0.1839
0 0 344 0.705668 1.48562 0.684701 -0.899377
0 0 345 0.994102 1.91995 1.24722 0.407054
0 0 346 0.0438105 0.503124 2.28648 0.371461
0 0 347 0.30356 -1.56151 0.787808 -0.593275
0 0 348 0.445918 -2.01005 -0.24086 -1.52943
0 0 349 -0.447536 -0.0842056 0.161453 -2.19869
0 0 350 -1.56515 2.26524 0.805635 -1.37643
0 0 351 -1.80737 2.18344 1.53895 -0.379609
0 0 352 -1.65439 0.545897 1.88441 1.3753
0 0 353 -1.36596 -0.0949313 1.98752 2.26885
0 0 354 -1.49397 0.439028 1.3431 1.22942
0 0 355 -1.3054 0.214822 0.599179 0.464004
0 0 356 -0.408229 -0.0237281 -1.15221 -0.368984
0 0 357 0.784284 -1.14863 -1.83927 0.585021
0 0 358 1.83444 -1.4191 0.0581046 0.919703
0 0 359 1.27882 -0.240827 1.3113 -0.365372
0 0 360 0.801813 -0.60395 -0.0736709 -1.18412
0 0 361 -0.109171 0.727459 -0.635945 -1.03824
0 0 362 -0.415665 2.17982 0.150612 -0.710679
0 0 363 -0.162821 1.89152 0.851889 -0.368984
0 0 364 -0.408229 -1.06322 -0.233873 -0.219493
0 0 365 -0.461878 -2.58317 -0.628959 -0.77836
0 0 366 0.517097 0.0653081 -0.992004 -0.614631
0 0 367 1.01216 -0.00227674 -2.24495 0.531684
0 0 368 0.136237 -0.65732 -2.80048 0.802193
0 0 369 -0.276495 -1.03828 -2.29145 -0.191018
0 0 370 1.15452 -0.511425 -2.9178 -0.554069
0 0 371 0.862368 0.887569 -1.39793 0.00841017
0 0 372 -0.799713 1.22226 -0.134138 -0.0379142
0 0 373 -0.383263 0.00831974 -1.64703 -0.465139
0 0 374 0.250442 -1.72524 -1.75375 -0.0272893
0 0 375 0.613242 -1.0596 -0.447316 -0.422427
0 0 376 -0.586176 1.11539 0.627606 -0.493614
0 0 377 -1.39783 2.68535 1.4927 -0.240849
0 0 378 0.111271 1.20094 2.06943 -0.792597
0 0 379 1.88065 -0.653831 2.08725 -0.294185
0 0 380 1.88065 -1.56862 1.50691 0.268188
0 0 381 0.798626 -2.88219 0.962224 -0.109101
0 0 382 0.869805 -3.84686 1.04413 -0.632374
0 0 383 0.193074 -2.69352 2.35779 -0.710679
0 0 384 -0.5968 -1.14502 2.52498 -0.522088
0 0 385 -0.711005 0.239762 1.58183 -0.468645
0 0 386 -0.13095 1.43225 0.382123 -0.988413
0 0 387 1.12955 1.3113 -1.08451 -0.838921
0 0 388 1.5067 1.00503 -0.678826 -0.244355
0 0 389 1.99114 0.83071 0.172053 -0.297798
0 0 390 2.67796 -0.329863 -0.924309 -0.995532
0 0 391 0.851744 -0.582628 -1.28398 -2.07767
0 0 392 -1.22732 -0.102039 -0.119925 -1.87474
0 0 393 -0.518715 0.83071 0.584966 0.314512
0 0 394 0.453355 0.606375 -1.19485 1.01936
0 0 395 0.869805 -0.0130024 -1.31964 1.06208
0 0 396 0.780565 0.122296 0.146999 1.28275
0 0 397 0.872992 0.00483066 -0.287113 0.652701
0 0 398 0.791189 -0.554069 -1.09174 -0.568307
0 0 399 -0.322708 -0.340459 -0.148352 -0.440171
0 0 400 -0.539963 0.189881 0.350082 -0.714292
0 0 401 -1.01697 -0.461544 0.496071 -1.53304
0 0 402 -1.31603 -1.76801 -0.2729 -0.643105
0 0 403 -0.0379921 -0.0272172 -1.66124 -0.518476
0 0 404 0.830497 1.54623 -0.635945 -1.43689
0 0 405 -0.18035 -0.187457 0.111586 -1.78931
0 0 406 0.0475288 -2.32691 -1.03464 -0.724917
0 0 407 1.25066 -1.02044 0.193494 0.481853
0 0 408 -0.223376 0.0760338 1.68133 1.37891
0 0 409 -1.75372 -0.992014 0.734568 2.34003
0 0 410 -1.86793 -2.45148 -0.732066 1.32908
0 0 411 -2.40921 -2.09547 -0.717853 1.27213
0 0 412 -1.81428 -0.653831 -0.564878 1.34682
0 0 413 -1.23794 0.161452 -0.194606 -0.176781
0 0 414 -1.18801 0.0403676 0.0687044 -0.440171
0 0 415 -0.832115 0.560112 -1.83927 0.0546282
0 0 416 -0.692944 0.691793 -3.38781 0.214851
0 0 417 -1.20926 0.0866303 -1.56512 1.49281
0 0 418 -0.970755 -0.457925 1.58183 2.41122
0 0 419 0.517097 -0.173242 1.99812 1.54625
0 0 420 1.57788 0.0154271 0.691687 -0.134069
0 0 421 2.71355 -0.187457 1.46789 0.460497
0 0 422 2.7672 0.492527 3.18 1.15462
0 0 423 1.37496 0.460479 2.23324 0.0511221
0 0 424 0.0294685 -0.0521577 0.595565 -0.977682
0 0 425 -0.985097 0.795044 0.520885 -0.408084
0 0 426 -1.28415 1.8061 0.830689 1.32547
0 0 427 0.346587 1.57828 0.150612 2.06591
0 0 428 2.10481 1.2578 -0.532837 1.49281
0 0 429 1.94492 0.417706 -0.568491 0.862754
0 0 430 0.620678 -0.269256 0.86273 0.720275
0 0 431 -0.550587 -0.31203 1.0834 1.2223
0 0 432 -0.728534 -0.00227674 -0.244473 0.698919
0 0 433 0.670079 0.108082 -0.287113 -0.6039
0 0 434 2.46814 0.161452 0.264561 -0.963445
0 0 435 2.68859 0.221929 -0.0450031 -1.43689
0 0 436 1.8594 -0.888763 -1.19147 -1.4405
0 0 437 0.0294685 -1.12718 -0.931536 -0.500733
0 0 438 -0.711005 -0.764189 -0.226646 0.147171
0 0 439 0.164921 -1.4832 -0.390462 -0.593275
0 0 440 1.0759 -2.95701 1.15808 -0.974176
0 0 441 0.193074 -2.8181 1.7418 -0.586156
0 0 442 -0.219658 -1.62922 0.948011 -0.0272893
0 0 443 1.29688 -1.86054 -0.362035 -0.781866
0 0 444 0.751881 -1.19839 -0.696653 -0.646612
0 0 445 -0.985097 -0.408174 -0.995617 -0.141188
0 0 446 -0.572365 -1.64344 -2.09559 -1.19485
0 0 447 0.0719634 -1.42983 -2.64727 -0.319154
0 0 448 -0.365734 0.414217 -2.46924 0.588633
0 0 449 -1.07752 0.275299 -2.20954 0.36073
0 0 450 -1.3479 1.49273 -1.55091 -0.479377
0 0 451 -1.04193 2.06236 -1.17365 -0.838921
0 0 452 0.314184 0.780829 -0.162565 -0.269323
0 0 453 1.80575 1.30057 0.517271 1.19382
0 0 454 1.67402 1.57828 -0.301327 1.37891
0 0 455 2.2971 1.57104 -0.340595 0.150783
0 0 456 1.93377 0.097356 1.63146 0.460497
0 0 457 1.04032 -0.685879 2.08003 0.0368848
0 0 458 0.908581 -0.155409 0.374896 0.0297661
0 0 459 1.11521 -0.0592651 -0.23026 1.0336
0 0 460 1.54229 0.567219 0.111586 1.00863
0 0 461 0.9123 0.827092 -0.707253 0.649088
0 0 462 -0.863986 -0.593224 -1.99224 1.06919
0 0 463 -1.71495 -0.279982 -1.87492 1.65654
0 0 464 -1.12745 -0.664427 -1.33024 1.47145
0 0 465 0.175545 -2.68293 -0.70364 1.86298
0 0 466 -1.16995 -3.0246 0.0617182 1.6032
0 0 467 -1.8573 -0.874548 -0.0450031 1.15111
0 0 468 -0.187787 0.375061 1.02293 0.453379
0 0 469 1.71333 1.08335 0.204093 -0.134069
0 0 470 1.9019 0.994438 -2.47285 0.0226475
0 0 471 1.08653 0.631315 -3.41624 -0.554069
0 0 472 0.118708 1.83091 -1.49044 0.182764
0 0 473 1.22889 2.15488 1.36815 0.926822
0 0 474 2.60678 0.449754 1.79166 -0.870902
0 0 475 0.922923 -0.614676 0.0012508 -1.80716
0 0 476 -0.589894 0.179156 -0.618359 -0.618137
0 0 477 -0.109171 0.492527 0.0759316 0.157902
0 0 478 0.65255 0.37855 -0.824815 0.268188
0 0 479 0.577652 1.62454 0.054491 0.862754
0 0 480 0.139955 2.41475 1.20072 0.955297
0 0 481 0.203698 1.98766 0.834062 1.28987
0 0 482 -0.102266 -0.589735 -0.173165 1.99473
0 0 483 -0.447536 -1.31585 -0.287113 2.51088
0 0 484 0.0581526 1.1119 0.111586 1.42874
0 0 485 0.499568 1.15106 0.887543 0.0867153
0 0 486 0.314184 1.26853 1.23999 -0.781866
0 0 487 0.424671 1.60309 0.88393 -0.176781
0 0 488 0.317902 0.620589 0.880557 0.108071
0 0 489 0.595713 -0.123361 0.271788 0.424904
0 0 490 0.3928 0.560112 -0.134138 0.752362
0 0 491 -0.112889 1.16179 -1.30181 0.713156
0 0 492 -0.775278 1.25431 -2.13125 1.51767
