0 0 0 0.00362028
0 0 1 2.71755e-05
0 0 2 0.0137712
0 0 3 -0.00354982
0 0 4 0.0292876
0 0 5 0.0522158
0 0 6 0.0567435
0 0 7 0.0103876
0 0 8 -0.056673
0 0 9 -0.0525643
0 0 10 -0.0112677
0 0 11 0.0103876
0 0 12 0.032349
0 0 13 0.0415332
0 0 14 0.0248567
0 0 15 0.00362028
0 0 16 0.00679446
0 0 17 0.0228426
0 0 18 0.0103876
0 0 19 0.0142868
0 0 20 0.0434345
0 0 21 0.0556961
0 0 22 0.0382623
0 0 23 0.0234871
0 0 24 -0.0054511
0 0 25 -0.00282475
0 0 26 0.0247439
0 0 27 -0.00229304
0 0 28 0.00436146
0 0 29 0.0452391
0 0 30 0.0534726
0 0 31 0.00120339
0 0 32 -0.009157
0 0 33 -0.015602
0 0 34 -0.0501313
0 0 35 0.00542489
0 0 36 0.0399542
0 0 37 0.0227459
0 0 38 0.011016
0 0 39 -0.00767464
0 0 40 -0.0310218
0 0 41 -0.0181317
0 0 42 -0.0137974
0 0 43 -0.00883474
0 0 44 -0.00714292
0 0 45 0.00943692
0 0 46 0.00922746
0 0 47 -0.0326008
0 0 48 -0.0446369
0 0 49 -0.0463287
0 0 50 -0.0201458
0 0 51 -0.00883474
0 0 52 -0.00894753
0 0 53 -0.00334035
0 0 54 -0.0105266
0 0 55 -0.0132657
0 0 56 -0.0464415
0 0 57 -0.0391425
0 0 58 0.00890521
0 0 59 0.0303511
0 0 60 0.0712126
0 0 61 0.227634
0 0 62 0.797954
0 0 63 0.999249
0 0 64 0.530437
0 0 65 0.202079
0 0 66 0.0462864
0 0 67 -0.0257368
0 0 68 -0.0267842
0 0 69 -0.00651453
0 0 70 -0.0132657
0 0 71 -0.0501313
0 0 72 -0.0404154
0 0 73 -0.0122184
0 0 74 -0.0214026
0 0 75 -0.0331325
0 0 76 -0.0025025
0 0 77 0.026339
0 0 78 0.0208446
0 0 79 0.0196845
0 0 80 0.00141286
0 0 81 -0.0139102
0 0 82 -0.0236261
0 0 83 -0.0118961
0 0 84 -0.00852861
0 0 85 -0.0140069
0 0 86 0.00405532
0 0 87 0.0156725
0 0 88 0.009018
0 0 89 -0.024045
0 0 90 -0.00524164
0 0 91 0.03077
0 0 92 0.00795457
0 0 93 -0.013169
0 0 94 0.0109193
0 0 95 0.0337186
0 0 96 0.0474626
0 0 97 0.0419682
0 0 98 0.0226331
0 0 99 0.0340408
0 0 100 0.0202001
0 0 101 0.0240027
0 0 102 0.0282403
0 0 103 0.00436146
0 0 104 0.0117571
0 0 105 0.03077
0 0 106 0.0218919
0 0 107 0.0095336
0 0 108 -0.0153926
0 0 109 -0.00134239
0 0 110 0.0455613
0 0 111 0.0211508
0 0 112 -0.0133785
0 0 113 0.00331414
0 0 114 0.00879242
0 0 115 -0.0105266
0 0 116 0.000139964
0 0 117 -0.00957592
0 0 118 -0.00524164
0 0 119 0.0270641
0 0 120 0.0205224
0 0 121 0.0217953
0 0 122 0.0197812
0 0 123 -0.00303422
0 0 124 0.00120339
0 0 125 0.0367961
0 0 126 0.0548422
0 0 127 0.0481877
