0 0 0 0.00372871
0 0 1 -0.00298032
0 0 2 0.00362025
0 0 3 0.0102518
0 0 4 0.00159049
0 0 5 0.000660836
0 0 6 0.000257985
0 0 7 0.000800285
0 0 8 -0.00487063
0 0 9 -0.00556787
0 0 10 0.00191587
0 0 11 -0.0016943
0 0 12 -0.000935076
0 0 13 -0.00535095
0 0 14 0.00523165
0 0 15 -0.00271692
0 0 16 -0.00341416
0 0 17 -0.00161682
0 0 18 -0.00686939
0 0 19 0.00013403
0 0 20 -0.00200418
0 0 21 -0.00544391
0 0 22 0.000443916
0 0 23 0.00241169
0 0 24 -0.00429734
0 0 25 0.00214829
0 0 26 -0.000470247
0 0 27 -0.00110551
0 0 28 0.00207082
0 0 29 0.00375969
0 0 30 -0.00535095
0 0 31 0.00205532
0 0 32 -0.00392547
0 0 33 -0.00205066
0 0 34 0.00465836
0 0 35 -0.00562985
0 0 36 0.00397661
0 0 37 -0.00786102
0 0 38 0.00248916
0 0 39 -0.00522699
0 0 40 0.00111017
0 0 41 0.00639372
0 0 42 0.00221027
0 0 43 -0.00533545
0 0 44 0.00200884
0 0 45 -0.00426635
0 0 46 -0.00177177
0 0 47 -0.0111613
0 0 48 0.0086249
0 0 49 0.00506121
0 0 50 0.00035095
0 0 51 -0.00640456
0 0 52 -0.00110551
0 0 53 -0.00753564
0 0 54 -0.00310428
0 0 55 -0.0030268
0 0 56 0.00138907
0 0 57 0.000583365
0 0 58 5.6559e-05
0 0 59 0.00354277
0 0 60 -0.00889914
0 0 61 -0.00504106
0 0 62 -0.00327471
0 0 63 -0.00319724
0 0 64 -0.00019135
0 0 65 0.00107918
0 0 66 0.00264411
0 0 67 -0.00645104
0 0 68 -0.0057538
0 0 69 0.000459411
0 0 70 -0.00267044
0 0 71 0.000149525
0 0 72 -0.00029981
0 0 73 0.000257985
0 0 74 -0.00660599
0 0 75 0.000893251
0 0 76 -0.0129432
0 0 77 -0.00747367
0 0 78 0.00250466
0 0 79 -0.0046692
0 0 80 0.00208631
0 0 81 -0.00229857
0 0 82 0.0010172
0 0 83 -0.00360009
0 0 84 -0.00421987
0 0 85 -0.00877519
0 0 86 -0.00482414
0 0 87 -0.00914705
0 0 88 0.00244268
0 0 89 -0.000113878
0 0 90 -0.0113008
0 0 91 -0.0146785
0 0 92 -0.012122
0 0 93 -0.00730323
0 0 94 0.000738308
0 0 95 -0.00225209
0 0 96 -0.000966064
0 0 97 -0.0101852
0 0 98 -0.00550589
0 0 99 -0.00349163
0 0 100 -0.00519601
0 0 101 -0.00558336
0 0 102 -0.00530447
0 0 103 -0.00349163
0 0 104 0.00149753
0 0 105 -0.00476217
0 0 106 -0.00958089
0 0 107 -0.00688488
0 0 108 -0.00672994
0 0 109 -0.0081864
0 0 110 0.00109468
0 0 111 -0.00611017
0 0 112 -0.00906958
0 0 113 -0.0163829
0 0 114 -0.00234506
0 0 115 -0.00933298
0 0 116 -0.00232956
0 0 117 -0.000795627
0 0 118 -0.0103091
0 0 119 -0.00352262
0 0 120 -0.0109599
0 0 121 -0.0095499
0 0 122 -0.000113878
0 0 123 -0.00883716
0 0 124 -0.00604819
0 0 125 -0.00936397
0 0 126 -0.00708631
0 0 127 -0.00826388
0 0 128 -0.00843431
0 0 129 -0.0132995
0 0 130 -0.00659049
0 0 131 -0.00299582
0 0 132 -0.00318175
0 0 133 -0.00598621
0 0 134 0.000769296
0 0 135 -0.00408042
0 0 136 -0.00813992
0 0 137 -0.00566083
0 0 138 -0.013315
0 0 139 -0.0130826
0 0 140 -0.00908507
0 0 141 -0.0129896
0 0 142 -0.0110683
0 0 143 -0.0127107
0 0 144 -0.00941045
0 0 145 -0.0112388
0 0 146 -0.0128192
0 0 147 -0.00821739
0 0 148 -0.0153912
0 0 149 -0.00378603
0 0 150 -0.00745817
0 0 151 -0.0130981
0 0 152 -0.00539743
0 0 153 -0.0129896
0 0 154 -0.00606369
0 0 155 -0.00631159
0 0 156 -0.0156392
0 0 157 -0.0092865
0 0 158 -0.00869772
0 0 159 -0.00841882
0 0 160 -0.0121529
0 0 161 -0.00810893
0 0 162 -0.0122769
0 0 163 -0.00623412
0 0 164 -0.0137489
0 0 165 -0.00851178
0 0 166 -0.0111768
0 0 167 -0.012122
0 0 168 -0.0129896
0 0 169 -0.00446777
0 0 170 -0.00595523
0 0 171 -0.00553688
0 0 172 -0.00996825
0 0 173 -0.0073807
0 0 174 -0.0100457
0 0 175 -0.0065595
0 0 176 -0.00542842
0 0 177 -0.0035846
0 0 178 -0.0073807
0 0 179 -0.0110528
0 0 180 -0.00638907
0 0 181 -0.00457623
0 0 182 -0.00298032
0 0 183 -0.00217462
0 0 184 -0.00941045
0 0 185 -0.0128812
0 0 186 -0.00660599
0 0 187 -0.016042
0 0 188 -0.0140278
0 0 189 -0.00801597
0 0 190 -0.0101852
0 0 191 -0.0162899
0 0 192 -0.0140432
0 0 193 -0.0103401
0 0 194 -0.0126333
0 0 195 -0.00911606
0 0 196 -0.0114402
0 0 197 -0.0117501
0 0 198 -0.0111613
0 0 199 -0.0128502
0 0 200 -0.0123854
0 0 201 -0.0065595
0 0 202 -0.00851178
0 0 203 -0.000826616
0 0 204 -0.00342966
0 0 205 -0.0156237
0 0 206 -0.0118121
0 0 207 -0.0136559
0 0 208 -0.0168012
0 0 209 -0.0106655
0 0 210 -0.00672994
0 0 211 -0.00522699
0 0 212 -0.00721026
0 0 213 -0.00587775
0 0 214 -0.00406492
0 0 215 -0.0118895
0 0 216 -0.00226758
0 0 217 -0.00589325
0 0 218 0.00193137
0 0 219 -0.0184281
0 0 220 -0.00781454
0 0 221 -0.00538194
0 0 222 -0.00758213
0 0 223 -0.0102317
0 0 224 -0.0159955
0 0 225 -0.00373954
0 0 226 -0.0090076
0 0 227 -0.0044058
0 0 228 -0.0149109
0 0 229 -0.0027634
0 0 230 -0.0189239
0 0 231 -0.00866673
0 0 232 -0.0135474
0 0 233 -0.00995275
0 0 234 -0.00807794
0 0 235 -0.0143221
0 0 236 -0.0117966
0 0 237 -0.013408
0 0 238 -0.0111148
0 0 239 -0.00866673
0 0 240 -0.00965836
0 0 241 -0.010774
0 0 242 -0.00741169
0 0 243 -0.00468469
0 0 244 -0.010681
0 0 245 -0.0174675
0 0 246 -0.00775256
0 0 247 -0.00807794
0 0 248 -0.00804695
0 0 249 -0.0131291
0 0 250 -0.00524249
0 0 251 -0.0126488
0 0 252 -0.0169097
0 0 253 -0.00761312
0 0 254 -0.00776806
0 0 255 -0.0149884
0 0 256 -0.00809344
0 0 257 -0.00953441
0 0 258 -0.00390998
0 0 259 -0.0052115
0 0 260 -0.0134545
0 0 261 -0.021496
0 0 262 -0.0108359
0 0 263 -0.00781454
0 0 264 -0.0135939
0 0 265 -0.0170956
0 0 266 -0.0137334
0 0 267 -0.0113627
0 0 268 -0.0143221
0 0 269 -0.0131136
0 0 270 -0.0104486
0 0 271 -0.010743
0 0 272 -0.0117036
0 0 273 -0.010712
0 0 274 -0.0110219
0 0 275 -0.00779905
0 0 276 -0.0128967
0 0 277 -0.00965836
0 0 278 -0.00561435
0 0 279 -0.0122614
0 0 280 -0.010681
0 0 281 -0.0084653
0 0 282 -0.00862024
0 0 283 -0.0125868
0 0 284 -0.0170336
0 0 285 -0.00838783
0 0 286 -0.00821739
0 0 287 -0.00863574
0 0 288 -0.0136869
0 0 289 -0.00062519
0 0 290 -0.00993726
0 0 291 -0.00559886
0 0 292 -0.00634258
0 0 293 -0.0164449
0 0 294 -0.00837234
0 0 295 -0.00827937
0 0 296 -0.0159026
0 0 297 -0.0150504
0 0 298 -0.00541293
0 0 299 -0.0146165
0 0 300 -0.0128347
0 0 301 -0.0133305
0 0 302 -0.012122
0 0 303 -0.0154997
0 0 304 -0.00869772
0 0 305 -0.0110374
0 0 306 -0.00708631
0 0 307 -0.00518051
0 0 308 -0.00225209
0 0 309 -0.0104951
0 0 310 -0.0016788
0 0 311 -0.0109134
0 0 312 -0.0110683
0 0 313 -0.0121374
0 0 314 -0.00899211
0 0 315 -0.0111613
0 0 316 -0.0109444
0 0 317 -0.00865123
0 0 318 -0.0113317
0 0 319 -0.00975133
0 0 320 -0.0115797
0 0 321 -0.00626511
0 0 322 -0.00471568
0 0 323 -0.0123079
0 0 324 -0.00995275
0 0 325 -0.00519601
0 0 326 -0.011905
0 0 327 -0.00880618
0 0 328 -0.0115022
0 0 329 -0.00990627
0 0 330 -0.0084653
0 0 331 -0.0117191
0 0 332 -0.0116106
0 0 333 -0.0076596
0 0 334 -0.0068384
0 0 335 -0.00734971
0 0 336 -0.00477766
0 0 337 -0.000873098
0 0 338 -0.00349163
0 0 339 -0.00308878
0 0 340 -0.0126023
0 0 341 -0.0104796
0 0 342 -0.0103401
0 0 343 -0.0098133
0 0 344 -0.00756663
0 0 345 -0.00716378
0 0 346 -0.00319724
0 0 347 -0.000919581
0 0 348 -0.00882167
0 0 349 -0.000377281
0 0 350 -0.00844981
0 0 351 -0.0119515
0 0 352 -0.00831036
0 0 353 -0.00880618
0 0 354 -0.0112233
0 0 355 -0.013315
0 0 356 -0.00621863
0 0 357 0.00140456
0 0 358 -0.00487063
0 0 359 -0.00507205
0 0 360 0.00160599
0 0 361 -0.00536644
0 0 362 -0.00646654
0 0 363 -0.00752015
0 0 364 -0.00905408
0 0 365 -0.00459173
0 0 366 -0.0102007
0 0 367 -8.28897e-05
0 0 368 -0.00672994
0 0 369 -0.00442129
0 0 370 -0.0144151
0 0 371 -0.00112101
0 0 372 -0.00745817
0 0 373 -0.00172528
0 0 374 -0.00586226
0 0 375 -0.00296483
0 0 376 -0.00753564
0 0 377 -0.0142292
0 0 378 -0.0113782
0 0 379 -0.00421987
0 0 380 -0.0114247
0 0 381 -0.0112543
0 0 382 -0.0194043
0 0 383 -0.00857376
0 0 384 -0.00857376
0 0 385 0.00247367
0 0 386 -0.0087442
0 0 387 -0.0090076
0 0 388 -0.010526
0 0 389 -0.00638907
0 0 390 -0.0101232
0 0 391 -0.00387899
0 0 392 -0.00105903
0 0 393 -0.0145855
0 0 394 -0.00325922
0 0 395 -0.00930199
0 0 396 -0.0162124
0 0 397 -0.0043903
0 0 398 -0.00346065
0 0 399 -0.00170979
0 0 400 -0.00886815
0 0 401 -0.0101077
0 0 402 -0.00586226
0 0 403 -0.00893013
0 0 404 -0.00197319
0 0 405 -0.00784553
0 0 406 0.00111017
0 0 407 -0.010743
0 0 408 -0.00750466
0 0 409 0.00180741
0 0 410 -0.00201968
0 0 411 -0.000749144
0 0 412 -0.00471568
0 0 413 -0.00990627
0 0 414 -0.0104176
0 0 415 -0.0092865
0 0 416 -0.00102804
0 0 417 -0.00372405
0 0 418 -0.00614116
0 0 419 -0.00646654
0 0 420 -0.0016788
0 0 421 -0.00504106
0 0 422 -0.00501007
0 0 423 -0.00400295
0 0 424 -0.00975133
0 0 425 -0.00251549
0 0 426 -0.00333669
0 0 427 -0.00370855
0 0 428 -0.00449876
0 0 429 -0.00485513
0 0 430 0.00270608
0 0 431 -0.00118298
0 0 432 -0.00958089
0 0 433 -0.00132243
0 0 434 0.000180513
0 0 435 -0.00434382
0 0 436 -0.00471568
0 0 437 -0.00408042
0 0 438 -0.00567633
0 0 439 -0.00282538
0 0 440 -0.00129144
0 0 441 -0.00366207
0 0 442 -0.00180276
0 0 443 -0.00404943
0 0 444 -0.000873098
0 0 445 -0.00626511
0 0 446 0.001575
0 0 447 -0.00282538
0 0 448 -0.00804695
0 0 449 -0.00784553
0 0 450 -0.00270142
0 0 451 -0.00291834
0 0 452 0.000257985
0 0 453 0.000288973
0 0 454 -0.00127595
0 0 455 -0.00468469
0 0 456 -0.00813992
0 0 457 -0.00401844
0 0 458 -0.00817091
0 0 459 0.00424002
0 0 460 -0.00155485
0 0 461 0.00337234
0 0 462 -0.00910057
0 0 463 -0.00662148
0 0 464 7.20532e-05
0 0 465 -0.0108514
0 0 466 -0.00744268
0 0 467 -0.00761312
0 0 468 -0.00697785
0 0 469 -0.00558336
0 0 470 -0.00626511
0 0 471 -0.0122459
0 0 472 -0.0125713
0 0 473 -0.00377053
0 0 474 -0.0090076
0 0 475 -0.00581578
0 0 476 -0.00786102
0 0 477 0.00379068
0 0 478 0.00137357
0 0 479 -0.00220561
0 0 480 0.00143555
0 0 481 -0.00153935
0 0 482 -0.00835684
0 0 483 -0.00462272
0 0 484 -0.00112101
0 0 485 -5.4182e-06
0 0 486 0.0100504
0 0 487 0.0140479
0 0 488 0.0195949
0 0 489 0.0298676
0 0 490 0.0497777
0 0 491 0.0865612
0 0 492 0.132641
0 0 493 0.182827
0 0 494 0.232672
0 0 495 0.304008
0 0 496 0.350723
0 0 497 0.410981
0 0 498 0.446726
0 0 499 0.473671
0 0 500 0.489382
0 0 501 0.515893
0 0 502 0.512019
0 0 503 0.489692
0 0 504 0.465257
0 0 505 0.445115
0 0 506 0.439847
0 0 507 0.46095
0 0 508 0.505325
0 0 509 0.601901
0 0 510 0.710733
0 0 511 0.852583
0 0 512 0.993922
0 0 513 0.935989
0 0 514 0.701297
0 0 515 0.452118
0 0 516 0.284749
0 0 517 0.175297
0 0 518 0.111631
0 0 519 0.0584236
0 0 520 0.0352131
0 0 521 0.0233755
0 0 522 0.0165425
0 0 523 0.0132422
0 0 524 0.00616131
0 0 525 0.0045654
0 0 526 0.00208631
0 0 527 0.00524715
0 0 528 0.0051077
0 0 529 0.000381939
0 0 530 -0.00510304
0 0 531 0.00396112
0 0 532 -0.00322823
0 0 533 -0.00226758
0 0 534 -0.00254648
0 0 535 0.0070135
0 0 536 0.00642471
0 0 537 0.000381939
0 0 538 -0.00161682
0 0 539 -0.000113878
0 0 540 -0.00211264
0 0 541 0.000877756
0 0 542 4.10647e-05
0 0 543 -0.00127595
0 0 544 -0.00550589
0 0 545 0.0010172
0 0 546 0.00137357
0 0 547 0.00391464
0 0 548 -0.000501236
0 0 549 0.00193137
0 0 550 -0.00541293
0 0 551 0.000118536
0 0 552 -0.00051673
0 0 553 0.000939734
0 0 554 0.0042865
0 0 555 0.00162148
0 0 556 -0.000997053
0 0 557 -0.00147738
0 0 558 0.00597538
0 0 559 0.0102518
0 0 560 0.0023962
0 0 561 0.000598859
0 0 562 -0.00291834
0 0 563 0.00272158
0 0 564 -0.00514952
0 0 565 -0.000315304
0 0 566 -0.00676093
0 0 567 -0.00862024
0 0 568 0.00377519
0 0 569 -0.000346293
0 0 570 0.00114116
0 0 571 -0.00390998
0 0 572 -0.00620313
0 0 573 0.00840798
0 0 574 0.00355827
0 0 575 0.00461188
0 0 576 0.00554154
0 0 577 0.00475133
0 0 578 -0.000532224
0 0 579 0.00434848
0 0 580 0.00853194
0 0 581 0.0119407
0 0 582 0.00118764
0 0 583 0.00394563
0 0 584 -0.000439258
0 0 585 -0.00118298
0 0 586 -0.0071018
0 0 587 0.000103042
0 0 588 -0.00201968
0 0 589 0.0048288
0 0 590 0.00120314
0 0 591 0.00623878
0 0 592 0.000939734
0 0 593 0.00202433
0 0 594 0.00530912
0 0 595 0.00812908
0 0 596 0.00286103
0 0 597 -0.00462272
0 0 598 -0.00491711
0 0 599 0.00786568
0 0 600 0.00210181
0 0 601 0.00516968
0 0 602 0.00771074
0 0 603 0.00729239
0 0 604 0.00465836
0 0 605 0.000536882
0 0 606 0.00100171
0 0 607 0.00331036
0 0 608 0.0116618
0 0 609 0.00763327
0 0 610 0.00493726
0 0 611 0.00532462
0 0 612 0.00662614
0 0 613 0.00180741
0 0 614 -0.000470247
0 0 615 -0.00110551
0 0 616 0.00758678
0 0 617 -0.0014154
0 0 618 0.00690504
0 0 619 0.00247367
0 0 620 0.000366445
0 0 621 0.00182291
0 0 622 0.00983346
0 0 623 0.00242719
0 0 624 0.00582044
0 0 625 0.00723042
0 0 626 0.0176891
0 0 627 0.00190038
0 0 628 0.00526264
0 0 629 0.00642471
0 0 630 0.00410057
0 0 631 -0.00299582
0 0 632 0.00331036
0 0 633 -6.73954e-05
0 0 634 0.00307795
0 0 635 0.00190038
0 0 636 0.00523165
0 0 637 0.000707319
0 0 638 0.00422452
0 0 639 0.00729239
0 0 640 -0.00138441
0 0 641 0.0135056
0 0 642 -0.000547718
0 0 643 0.00470485
0 0 644 0.00513869
0 0 645 0.00205532
0 0 646 0.00143555
0 0 647 0.00123413
0 0 648 0.00295399
0 0 649 0.00882633
0 0 650 0.00180741
0 0 651 -0.00040827
0 0 652 -0.00342966
0 0 653 -0.00102804
0 0 654 0.00112567
0 0 655 0.0056345
0 0 656 0.0100814
0 0 657 0.00977148
0 0 658 0.00902775
0 0 659 0.00287652
0 0 660 -0.00240703
0 0 661 -0.00095057
0 0 662 0.00318641
0 0 663 0.00732338
0 0 664 0.00177643
0 0 665 0.00450342
0 0 666 0.00919819
0 0 667 0.00797414
0 0 668 0.00425551
0 0 669 0.00930665
0 0 670 0.0124055
0 0 671 0.00431749
0 0 672 0.0110885
0 0 673 -0.00178726
0 0 674 0.00208631
0 0 675 0.00853194
0 0 676 0.00115665
0 0 677 0.0067191
0 0 678 0.00295399
0 0 679 0.00177643
0 0 680 -0.0022211
0 0 681 0.00433298
0 0 682 -0.00062519
0 0 683 0.00774173
0 0 684 -0.00144639
0 0 685 -0.00263945
0 0 686 0.00267509
0 0 687 0.00888831
0 0 688 0.00217928
0 0 689 0.0115223
0 0 690 0.00213279
0 0 691 0.00403859
0 0 692 0.0114604
0 0 693 0.009725
0 0 694 0.00620779
0 0 695 0.0128548
0 0 696 0.00255114
0 0 697 0.00236521
0 0 698 0.00430199
0 0 699 0.00377519
0 0 700 -0.000222338
0 0 701 0.00278355
0 0 702 0.0107786
0 0 703 0.0116618
0 0 704 0.0026596
0 0 705 0.00458089
0 0 706 -0.000129373
0 0 707 0.00625428
0 0 708 0.00626977
0 0 709 0.00724591
0 0 710 0.00831502
0 0 711 -0.000857604
0 0 712 0.0075403
0 0 713 0.00126511
0 0 714 0.0109955
0 0 715 0.0129168
0 0 716 0.00442595
0 0 717 -0.000811121
0 0 718 0.00882633
0 0 719 0.00527814
0 0 720 0.00816007
0 0 721 0.00289201
0 0 722 0.00309344
0 0 723 0.00540209
0 0 724 0.00921369
0 0 725 0.00516968
0 0 726 0.0105927
0 0 727 0.0146522
0 0 728 0.0108251
0 0 729 0.0094461
0 0 730 0.0115223
0 0 731 0.0106701
0 0 732 0.00256663
0 0 733 0.000211502
0 0 734 0.00578945
0 0 735 0.00695152
0 0 736 0.00490627
0 0 737 0.00924467
0 0 738 0.00603736
0 0 739 0.00441045
0 0 740 0.00172994
0 0 741 0.00485979
0 0 742 0.00552604
0 0 743 -0.001152
0 0 744 0.000846768
0 0 745 0.0034653
0 0 746 0.00535561
0 0 747 0.00910523
0 0 748 0.00803612
0 0 749 0.00712196
0 0 750 0.00166797
0 0 751 0.00227224
0 0 752 0.00422452
0 0 753 0.000753802
0 0 754 0.00441045
0 0 755 0.00406958
0 0 756 0.00856292
0 0 757 0.00757129
0 0 758 -0.00459173
0 0 759 0.00664163
0 0 760 -0.00129144
0 0 761 0.0048288
0 0 762 -0.00112101
0 0 763 -0.00544391
0 0 764 0.00771074
0 0 765 0.00459639
0 0 766 -0.00253099
0 0 767 0.00640922
0 0 768 0.00778821
0 0 769 0.00112567
0 0 770 0.00341882
0 0 771 -0.00311977
0 0 772 0.0072614
0 0 773 0.00668812
0 0 774 0.0113519
0 0 775 0.00961654
0 0 776 0.00532462
0 0 777 0.00382167
0 0 778 0.00279905
0 0 779 0.00585142
0 0 780 0.0103913
0 0 781 0.0113519
0 0 782 0.00551055
0 0 783 -0.00144639
0 0 784 0.0112589
0 0 785 0.015055
0 0 786 0.00752481
0 0 787 0.00681207
0 0 788 0.00675009
0 0 789 0.00904325
0 0 790 0.0102673
0 0 791 0.00817557
0 0 792 0.00950808
0 0 793 0.0109955
0 0 794 0.0131182
0 0 795 0.00190038
0 0 796 0.0145437
0 0 797 0.00893479
0 0 798 0.0108871
0 0 799 0.00262861
0 0 800 0.00623878
0 0 801 0.0100969
0 0 802 0.00642471
0 0 803 0.0072614
0 0 804 0.00186939
0 0 805 0.000304468
0 0 806 -0.000919581
0 0 807 0.00422452
0 0 808 0.0117702
0 0 809 0.0067191
0 0 810 0.0132422
0 0 811 0.00568099
0 0 812 0.00800513
0 0 813 0.0101743
0 0 814 0.00485979
0 0 815 0.00580494
0 0 816 0.00396112
0 0 817 0.00120314
0 0 818 0.0078192
0 0 819 0.00817557
0 0 820 0.00978697
0 0 821 0.00534011
0 0 822 0.00769524
0 0 823 0.0114139
0 0 824 0.00331036
0 0 825 0.00622329
0 0 826 0.0113984
0 0 827 0.0160002
0 0 828 0.00202433
0 0 829 0.00791216
0 0 830 0.00383717
0 0 831 0.0059289
0 0 832 0.00898127
0 0 833 0.00919819
0 0 834 0.00676559
0 0 835 0.0104222
0 0 836 0.0175806
0 0 837 0.00518517
0 0 838 0.00448793
0 0 839 0.00332585
0 0 840 0.00540209
0 0 841 0.00688954
0 0 842 0.00675009
0 0 843 0.00111017
0 0 844 0.00908973
0 0 845 -0.00157034
0 0 846 -9.83839e-05
0 0 847 0.0106237
0 0 848 0.0145747
0 0 849 0.00693602
0 0 850 -0.000656178
0 0 851 0.00389914
0 0 852 0.00462737
0 0 853 0.00664163
0 0 854 0.00523165
0 0 855 0.0141719
0 0 856 0.00351179
0 0 857 0.00820656
0 0 858 0.00566549
0 0 859 0.0134436
0 0 860 0.00513869
0 0 861 0.00881083
0 0 862 0.00276806
0 0 863 0.00165247
0 0 864 0.00812908
0 0 865 -0.00040827
0 0 866 0.0107011
0 0 867 0.00481331
0 0 868 0.00586692
0 0 869 0.00871787
0 0 870 0.00620779
0 0 871 0.00467386
0 0 872 0.0104687
0 0 873 0.00197785
0 0 874 0.00806711
0 0 875 0.00200884
0 0 876 0.0149156
0 0 877 0.00160599
0 0 878 0.00600637
0 0 879 0.0123125
0 0 880 0.00171445
0 0 881 -0.000423764
0 0 882 0.00867139
0 0 883 0.00436397
0 0 884 0.00203983
0 0 885 0.00839249
0 0 886 0.00698251
0 0 887 0.0107011
0 0 888 0.00476682
0 0 889 0.00411606
0 0 890 0.00024249
0 0 891 0.00938412
0 0 892 0.0125914
0 0 893 -0.00119848
0 0 894 0.00448793
0 0 895 0.00670361
0 0 896 0.00385266
0 0 897 0.0133197
0 0 898 0.0158607
0 0 899 0.0170383
0 0 900 0.00750931
0 0 901 0.000691825
0 0 902 0.00842348
0 0 903 0.00975598
0 0 904 0.00651768
0 0 905 -0.000811121
0 0 906 0.0103448
0 0 907 -0.00215912
0 0 908 0.00462737
0 0 909 0.00159049
0 0 910 0.00258213
0 0 911 -0.000609696
0 0 912 0.00205532
0 0 913 0.00385266
0 0 914 0.00957005
0 0 915 0.00735437
0 0 916 0.0138775
0 0 917 0.00975598
0 0 918 0.00247367
0 0 919 0.0117083
0 0 920 -0.000578707
0 0 921 0.00599087
0 0 922 0.00997291
0 0 923 0.00661064
0 0 924 0.00366673
0 0 925 0.00752481
0 0 926 0.00300047
0 0 927 0.00958555
0 0 928 0.00490627
0 0 929 0.0109181
0 0 930 0.00408507
0 0 931 0.00851644
0 0 932 -5.4182e-06
0 0 933 0.011073
0 0 934 0.010949
0 0 935 0.0010327
0 0 936 0.00433298
0 0 937 0.00777272
0 0 938 0.00301597
0 0 939 0.00461188
0 0 940 0.0075558
0 0 941 0.0105152
0 0 942 5.6559e-05
0 0 943 0.0129168
0 0 944 0.00747832
0 0 945 -0.000206844
0 0 946 -0.00160133
0 0 947 0.0140789
0 0 948 0.00637823
0 0 949 0.00860941
0 0 950 0.00518517
0 0 951 0.00487528
0 0 952 0.00231873
0 0 953 0.00287652
0 0 954 0.00532462
0 0 955 0.0042865
0 0 956 0.00986444
0 0 957 0.00295399
0 0 958 0.0051077
0 0 959 0.000908745
0 0 960 0.00530912
0 0 961 -0.00539743
0 0 962 0.00473583
0 0 963 0.00805161
0 0 964 0.0182469
0 0 965 0.00933764
0 0 966 0.00375969
0 0 967 0.00504572
0 0 968 0.00616131
0 0 969 0.00250466
0 0 970 0.0018384
0 0 971 0.00394563
0 0 972 0.00234971
0 0 973 -0.00531996
0 0 974 0.00262861
0 0 975 0.000165019
0 0 976 0.000955228
0 0 977 -0.00482414
0 0 978 0.00574296
0 0 979 0.00681207
0 0 980 0.00169895
0 0 981 0.00467386
0 0 982 0.00222576
0 0 983 0.00231873
0 0 984 0.00628526
0 0 985 -0.000284315
0 0 986 0.00135808
0 0 987 0.00758678
0 0 988 -0.000532224
0 0 989 0.00244268
0 0 990 0.00524715
0 0 991 0.00327937
0 0 992 0.00616131
0 0 993 0.00338783
0 0 994 0.00613032
0 0 995 -0.00316625
0 0 996 0.000691825
0 0 997 0.00349629
0 0 998 -0.000175855
0 0 999 0.00309344
0 0 1000 0.00439496
0 0 1001 0.00543308
0 0 1002 -0.00234506
0 0 1003 -5.19011e-05
0 0 1004 0.00121863
0 0 1005 0.00800513
0 0 1006 0.0067346
0 0 1007 0.0029385
0 0 1008 0.00540209
0 0 1009 -0.000237833
0 0 1010 -0.00844981
0 0 1011 0.000738308
0 0 1012 0.00871787
0 0 1013 -0.00649753
0 0 1014 0.000707319
0 0 1015 -0.000284315
0 0 1016 0.00307795
0 0 1017 0.00626977
0 0 1018 -0.00084211
0 0 1019 -0.00136892
0 0 1020 -0.00465371
0 0 1021 0.00221027
0 0 1022 0.00761777
0 0 1023 0.00166797
