0 0 0 0.00582768
0 0 1 -0.009633
0 0 2 -0.0251725
0 0 3 -0.00477888
0 0 4 -0.00458976
0 0 5 -0.021327
0 0 6 -0.000838851
0 0 7 -0.0267642
0 0 8 0.00330606
0 0 9 0.00264414
0 0 10 -0.0051256
0 0 11 -0.015937
0 0 12 0.0126045
0 0 13 -0.00626033
0 0 14 -0.0208227
0 0 15 -0.00452672
0 0 16 -0.0161577
0 0 17 0.00781345
0 0 18 -0.0128323
0 0 19 -0.0263702
0 0 20 0.0158669
0 0 21 0.0139441
0 0 22 0.00833354
0 0 23 0.00551248
0 0 24 -0.000492129
0 0 25 -0.00525168
0 0 26 -0.0113193
0 0 27 -0.00904987
0 0 28 -0.0209488
0 0 29 -0.0191994
0 0 30 -0.0113666
0 0 31 -0.041957
0 0 32 -0.0097118
0 0 33 -0.0193412
0 0 34 -0.0246051
0 0 35 -0.000145406
0 0 36 -0.0023203
0 0 37 -0.00633913
0 0 38 0.00371582
0 0 39 0.00109964
0 0 40 0.00105236
0 0 41 -0.0119182
0 0 42 -0.00470008
0 0 43 0.0109655
0 0 44 -0.0114927
0 0 45 -0.0113351
0 0 46 -0.00225726
0 0 47 -0.0104525
0 0 48 -0.00679618
0 0 49 -0.00895531
0 0 50 -0.0113193
0 0 51 -0.0228715
0 0 52 -0.00849827
0 0 53 -0.0178125
0 0 54 -0.0158582
0 0 55 -0.0376072
0 0 56 -0.00470008
0 0 57 -0.00651249
0 0 58 -0.0179386
0 0 59 -0.0168511
0 0 60 -0.0209015
0 0 61 -0.0125171
0 0 62 0.0139284
0 0 63 -0.0151806
0 0 64 -0.0279935
0 0 65 0.00798681
0 0 66 -0.0122019
0 0 67 0.0210677
0 0 68 -0.0140143
0 0 69 -0.00287191
0 0 70 0.00987803
0 0 71 0.0198227
0 0 72 -0.0102161
0 0 73 0.00675753
0 0 74 0.00524455
0 0 75 -0.0128796
0 0 76 -0.000129646
0 0 77 -5.08452e-05
0 0 78 -0.0158582
0 0 79 -0.00804123
0 0 80 -0.013967
0 0 81 -0.00222574
0 0 82 0.00630048
0 0 83 -0.0184429
0 0 84 0.0100672
0 0 85 0.0176478
0 0 86 0.0140702
0 0 87 0.0092949
0 0 88 -0.00818307
0 0 89 -0.0119813
0 0 90 0.0210677
0 0 91 -0.0076945
0 0 92 0.0130773
0 0 93 -0.00493648
0 0 94 -0.0107835
0 0 95 0.011391
0 0 96 -0.000287247
0 0 97 -0.0122177
0 0 98 -0.00301375
0 0 99 -0.0172294
0 0 100 -0.0020051
0 0 101 -0.00681194
0 0 102 0.00949979
0 0 103 0.0323835
0 0 104 0.0127464
0 0 105 0.00308542
0 0 106 0.00168277
0 0 107 0.00497663
0 0 108 0.0171907
0 0 109 0.0116904
0 0 110 0.0288217
0 0 111 -0.0107362
0 0 112 0.00256533
0 0 113 -0.00982212
0 0 114 -0.0371029
0 0 115 -0.0106732
0 0 116 -0.00912867
0 0 117 -0.0149442
0 0 118 -0.0122492
0 0 119 0.0112807
0 0 120 0.0113752
0 0 121 0.00213981
0 0 122 0.00371582
0 0 123 0.136936
0 0 124 0.476141
0 0 125 0.900041
0 0 126 0.990882
0 0 127 0.856984
0 0 128 0.617068
0 0 129 0.473147
0 0 130 0.336223
0 0 131 0.271985
0 0 132 0.218164
0 0 133 0.164611
0 0 134 0.15019
0 0 135 0.158228
0 0 136 0.138071
0 0 137 0.116133
0 0 138 0.105936
0 0 139 0.109309
0 0 140 0.0743054
0 0 141 0.100042
0 0 142 0.0859048
0 0 143 0.0666775
0 0 144 0.0674182
0 0 145 0.054558
0 0 146 0.0513429
0 0 147 0.0318634
0 0 148 0.0490262
0 0 149 0.0269935
0 0 150 0.0209259
0 0 151 0.0322416
0 0 152 0.0469773
0 0 153 0.0354252
0 0 154 0.0157408
0 0 155 0.0290266
0 0 156 0.0296255
0 0 157 -0.00422728
0 0 158 0.00475599
0 0 159 -0.000318767
0 0 160 0.0160245
0 0 161 0.0139441
0 0 162 0.0100199
0 0 163 0.01251
0 0 164 0.0170962
0 0 165 0.0127779
0 0 166 0.0100672
0 0 167 -0.0147393
0 0 168 -0.00104373
0 0 169 -0.0213585
0 0 170 -0.00704834
0 0 171 0.00986227
0 0 172 -0.00129589
0 0 173 -0.00537777
0 0 174 -0.000318767
0 0 175 -0.0223829
0 0 176 -0.0176707
0 0 177 0.00751401
0 0 178 -0.00194206
0 0 179 -0.0183799
0 0 180 -0.00112253
0 0 181 0.00954707
0 0 182 0.0035267
0 0 183 0.0169543
0 0 184 0.00502391
0 0 185 0.030839
0 0 186 0.010934
0 0 187 0.0284907
0 0 188 0.0264892
0 0 189 -0.0139355
0 0 190 -0.0208542
0 0 191 -0.0128323
0 0 192 -0.000949172
0 0 193 0.0156147
0 0 194 0.00619016
0 0 195 -0.00498376
0 0 196 -0.00670162
0 0 197 0.00749825
0 0 198 0.0010366
0 0 199 0.00683633
0 0 200 0.0105715
0 0 201 0.00797105
0 0 202 0.00187189
0 0 203 0.0311699
0 0 204 -0.00399087
0 0 205 -0.00356535
0 0 206 -0.00214694
0 0 207 -0.0279463
0 0 208 -0.00529896
0 0 209 -0.00654401
0 0 210 -0.0168669
0 0 211 -0.00479464
0 0 212 0.0181048
0 0 213 -0.0228557
0 0 214 0.0132349
0 0 215 -0.0102949
0 0 216 0.0188455
0 0 217 -0.00334471
0 0 218 -0.0319966
0 0 219 0.00201373
0 0 220 0.00242349
0 0 221 0.012904
0 0 222 -0.00999548
0 0 223 0.0292157
0 0 224 2.79554e-05
0 0 225 -0.00588209
0 0 226 0.00833354
0 0 227 0.0127306
0 0 228 -0.00603969
0 0 229 0.000122516
0 0 230 -0.0115715
0 0 231 0.00693089
0 0 232 0.00732489
0 0 233 0.0160087
0 0 234 -0.00818307
0 0 235 0.00710425
0 0 236 0.00997259
0 0 237 -0.0221623
0 0 238 -0.00413272
0 0 239 0.0115328
0 0 240 0.0032115
0 0 241 0.0147794
0 0 242 -0.0264963
0 0 243 0.00385766
0 0 244 0.00399951
0 0 245 0.0106345
0 0 246 0.00786073
0 0 247 -0.0181907
0 0 248 -0.0146605
0 0 249 -0.0106732
0 0 250 -0.0101688
0 0 251 0.00100508
0 0 252 -0.0135888
0 0 253 0.0181679
0 0 254 -0.0211379
0 0 255 -0.0110987
