0 0 0 5.36222 -0.880554 2.89287 -6.3255
0 0 1 6.33772 3.54971 3.91311 -6.72815
0 0 2 -0.0614999 1.89408 1.61757 -7.64535
0 0 3 -5.02834 -1.76196 0.328657 -11.3727
0 0 4 -2.51794 -8.26364 7.1484 -11.6053
0 0 5 2.20728 -8.08476 9.39896 -7.03234
0 0 6 3.43819 2.86492 -1.60885 -1.46136
0 0 7 0.381583 9.82335 -10.6212 -0.673736
0 0 8 -0.897901 2.99942 -7.04559 -2.65625
0 0 9 -0.168823 -3.54731 0.834042 0.851857
0 0 10 -3.05516 0.282825 3.02247 3.24585
0 0 11 -4.9522 3.58999 -0.29331 0.256935
0 0 12 -0.98304 0.592103 -2.85278 -1.44789
0 0 13 4.03297 -0.795212 -0.0246392 -1.18409
0 0 14 4.07794 2.17127 5.28664 -2.59777
0 0 15 2.26124 5.25927 10.7908 -5.06371
0 0 16 4.59716 6.88349 13.7575 -6.29857
0 0 17 8.23956 10.6242 9.08117 -6.62086
0 0 18 9.4297 12.2798 1.41163 -8.72833
0 0 19 9.53283 6.45815 -2.11009 -8.69257
0 0 20 9.36255 -0.0298675 -3.34042 -3.23771
0 0 21 7.67536 -0.996618 -4.97848 1.81871
0 0 22 5.70697 -3.07281 -1.66744 4.50344
0 0 23 5.89883 -8.63095 4.74516 2.83858
0 0 24 7.2011 -8.16532 6.1903 -1.30484
0 0 25 9.83262 -5.7266 1.37553 0.382314
0 0 26 9.89497 -4.52703 -0.212827 3.07587
0 0 27 1.94766 1.95689 1.68444 0.851857
0 0 28 -1.57362 5.9304 -4.00736 0.874577
0 0 29 2.60119 5.25449 -6.35202 0.350759
0 0 30 0.086594 5.36646 -0.87977 -4.2357
0 0 31 -4.73276 -0.477741 -0.114591 -5.74825
0 0 32 -1.78826 -6.85857 -1.16146 -5.81094
0 0 33 1.25456 -5.79351 -0.38267 -4.80411
0 0 34 -0.486596 -3.51181 -2.40539 -0.383007
0 0 35 -2.54912 -0.213523 -4.91161 2.38671
0 0 36 -0.428437 2.26958 -1.11234 0.0196387
0 0 37 4.33275 -0.540552 4.30664 -1.93553
0 0 38 1.751 -0.616336 -0.409892 2.40017
0 0 39 -2.80873 -0.665493 -9.1269 5.43411
0 0 40 2.06398 -4.83153 -10.1649 5.12529
0 0 41 8.58371 -6.25025 -5.62708 3.27278
0 0 42 10.1768 -8.95251 1.05774 -1.06334
0 0 43 6.2256 -10.6218 9.13917 -3.04543
0 0 44 -3.02818 -3.51591 9.32736 -0.866434
0 0 45 -9.05926 2.01902 2.65556 3.80964
0 0 46 -8.19648 -1.74831 -0.454276 5.51026
0 0 47 -3.62295 -2.76422 -2.66519 3.17433
0 0 48 0.404366 0.659011 -3.0676 0.605726
0 0 49 -2.4376 -1.89168 -2.29355 -0.834879
0 0 50 -6.22329 -6.25435 -2.0521 1.11145
0 0 51 -3.09952 -11.8835 1.81404 1.25913
0 0 52 0.346208 -16.3001 1.14295 -2.31167
0 0 53 1.45122 -13.9331 -6.01233 -2.32934
0 0 54 2.38175 -9.74039 -3.90912 0.753405
0 0 55 -0.848736 -2.98815 5.7074 3.25932
0 0 56 -10.3256 3.75999 7.45672 3.75621
0 0 57 -14.2012 0.48901 5.46122 0.261563
0 0 58 -9.34585 -6.4025 3.16982 -3.78803
0 0 59 -6.6256 -4.78647 -1.64909 -3.87765
0 0 60 -4.28068 1.55407 -5.63655 -2.63395
0 0 61 0.354602 4.32802 -11.4532 -5.55134
0 0 62 3.05747 -2.34775 -15.3513 -7.70342
0 0 63 0.0638103 -5.43985 -8.49546 -5.90014
0 0 64 -3.52042 -0.441556 4.52146 -8.28529
0 0 65 2.61918 -2.10196 10.2807 -9.8963
0 0 66 10.6426 -6.45576 7.44784 -4.26683
0 0 67 7.36658 -3.279 2.59283 -1.31368
0 0 68 -0.132849 3.78661 -2.66045 -2.13243
0 0 69 -0.387666 0.435074 -6.38811 -0.248792
0 0 70 2.78886 -5.59688 -7.3906 1.82755
0 0 71 1.56334 4.12662 -5.66318 1.79178
0 0 72 -2.16 14.128 -0.651341 2.49442
0 0 73 -4.42398 9.67997 3.72018 2.93703
0 0 74 -5.05053 -0.831397 5.36712 0.230007
0 0 75 -5.13567 -6.12053 5.34049 -2.5355
0 0 76 -3.34595 -6.67082 3.47873 -5.75708
0 0 77 -0.7594 -8.16054 2.3644 -9.52942
0 0 78 -1.09036 -10.9707 3.5817 -7.57383
0 0 79 -0.119658 -13.589 2.20344 -2.08321
0 0 80 4.45806 -10.2866 -2.62021 -1.64943
0 0 81 4.42689 -2.95675 -8.6298 -4.50413
0 0 82 0.354602 0.247322 -13.8926 -4.19994
0 0 83 -0.974047 0.33676 -12.2989 -0.298018
0 0 84 -3.30997 2.9052 -5.31402 1.16531
0 0 85 -5.08171 10.7136 0.69083 -2.7993
0 0 86 -3.95451 17.5246 3.07632 -1.26024
0 0 87 -1.90458 12.2662 2.01584 3.68005
0 0 88 2.50706 2.80689 0.784924 -1.00486
0 0 89 6.785 -1.55168 0.431628 -7.01467
0 0 90 6.81618 -8.16532 -0.257803 -3.74806
0 0 91 3.96582 -14.6895 -2.49949 2.38671
0 0 92 -1.56942 -8.72038 -2.92025 2.91473
0 0 93 -7.1898 5.16027 2.52596 -1.25562
0 0 94 -6.22329 11.707 6.79037 -2.41895
0 0 95 -1.23786 5.70168 2.7899 0.632653
0 0 96 1.98364 -3.04618 -1.89527 1.66178
0 0 97 2.20308 -2.52731 -0.767922 2.11407
0 0 98 2.04179 3.20492 -3.65406 3.59506
0 0 99 0.771304 4.92814 -5.91824 2.70899
0 0 100 -0.580129 7.74237 -2.07873 0.0196387
0 0 101 3.24993 11.1117 -4.2133 -1.12561
0 0 102 5.59905 6.20349 -9.7755 -0.637974
0 0 103 -0.548951 0.0547915 -11.6769 0.766868
0 0 104 -5.9235 -1.22943 -9.1488 4.23501
0 0 105 -3.09533 2.11323 -4.74117 7.81001
0 0 106 4.08693 4.04196 -5.42173 7.2193
0 0 107 8.06028 5.13365 -8.6659 1.08452
0 0 108 5.03545 9.18362 -4.00322 -4.33415
0 0 109 -0.947066 8.83406 5.51034 -3.0143
0 0 110 -5.7928 4.07746 8.66515 1.72447
0 0 111 -4.40179 -0.786336 3.82315 2.49442
0 0 112 2.88299 0.00563468 -2.49475 -0.884105
0 0 113 6.06012 -0.602681 -5.23354 -2.95582
0 0 114 5.06663 -5.86997 -2.92025 -2.1459
0 0 115 3.97061 -2.94787 -1.36267 0.780332
0 0 116 2.72231 1.13351 -6.5982 4.23921
0 0 117 0.967963 -1.59606 -6.71892 7.55042
0 0 118 2.15391 -3.76647 5.03631 9.7879
0 0 119 6.28855 -0.392399 13.2385 10.1506
0 0 120 5.72436 8.48519 8.0343 9.57332
0 0 121 0.502696 18.0257 1.8815 8.64265
0 0 122 -1.13533 19.2205 6.19977 5.98906
0 0 123 0.323424 9.45603 12.1821 2.65093
0 0 124 0.354602 4.68646 10.5849 -0.81258
0 0 125 -3.85558 9.49222 5.53697 -5.25599
0 0 126 -9.42679 8.73165 1.25954 -4.71913
0 0 127 -6.53986 1.66604 0.162957 1.07148
0 0 128 -0.41045 -2.25831 2.61946 4.76303
0 0 129 1.15143 0.721822 4.50371 6.49016
0 0 130 -1.44831 6.82546 -0.503986 5.98443
0 0 131 -3.49344 9.75166 -9.51156 0.932639
0 0 132 -2.63006 6.78928 -14.8193 -2.53971
0 0 133 0.225095 0.0281649 -11.6769 0.225379
0 0 134 1.46021 -3.30562 2.5881 -0.481459
0 0 135 1.01713 -4.98788 11.82 -8.35261
0 0 136 0.905008 -4.96125 6.36961 -11.5923
0 0 137 -2.41481 0.833791 0.194322 -7.52923
0 0 138 -5.25198 5.74196 -0.0157624 -3.0143
0 0 139 -0.17302 5.01758 0.43577 -0.347244
0 0 140 7.35759 2.11801 1.08496 0.503066
0 0 141 6.03793 -0.625211 4.29777 -1.63596
0 0 142 -0.361285 -4.89434 6.73652 -7.12196
0 0 143 -3.43528 -4.39731 2.85262 -12.4287
0 0 144 -5.69507 4.53421 -3.53748 -12.2991
0 0 145 -7.1808 11.765 -6.81302 -8.7237
0 0 146 -3.93173 13.7832 -10.2815 -4.36991
0 0 147 0.976957 10.8795 -12.1065 -0.861806
0 0 148 5.12479 6.09562 -9.05056 -0.302646
0 0 149 9.63536 7.60856 -5.00984 -4.10611
0 0 150 10.9508 8.44491 -0.776799 -11.0104
0 0 151 4.14929 1.27211 5.22391 -12.3795
0 0 152 -3.10852 -1.38168 11.614 -9.0279
0 0 153 -4.48213 6.43562 7.78812 -7.96764
0 0 154 -4.98817 10.8393 -3.05458 -5.18446
0 0 155 -4.43297 2.35014 -5.82414 0.677672
0 0 156 -3.38612 -5.91025 -4.82639 2.17213
0 0 157 -1.94055 -6.83194 -5.47085 0.0196387
0 0 158 -1.72171 -5.5566 -5.59571 1.60371
0 0 159 -3.93173 -2.17365 -7.45747 5.86368
0 0 160 -3.88256 0.439853 -10.4288 6.45439
0 0 161 -2.24034 -2.8359 -9.35474 2.97321
0 0 162 -0.808565 -11.0471 -4.31627 1.64411
0 0 163 1.87212 -11.9641 -2.23969 4.97761
0 0 164 3.27691 -3.32815 -5.62293 8.01154
0 0 165 1.751 5.82253 -9.71277 9.09873
0 0 166 -1.19769 6.95518 -12.4646 9.08527
0 0 167 -4.50912 2.2607 -15.2436 5.2595
0 0 168 -2.62107 2.58295 -15.0471 -1.90439
0 0 169 -0.616103 8.17659 -6.31177 -5.05445
0 0 170 -3.12231 11.537 3.81901 0.216544
0 0 171 -2.55392 8.66406 2.57922 4.69571
0 0 172 0.797685 6.86574 -3.33627 3.61274
0 0 173 2.97233 7.49181 -3.43451 5.52793
0 0 174 2.0376 8.15884 -0.0560039 9.71637
0 0 175 0.130962 6.76265 2.43186 9.35412
0 0 176 2.1671 0.967606 3.1207 6.64667
0 0 177 6.46723 -4.67041 2.19456 4.16348
0 0 178 8.58371 -10.4381 2.60644 2.24366
0 0 179 7.52787 -15.4637 2.10046 1.55912
0 0 180 5.35742 -10.4518 0.0374983 0.717642
0 0 181 4.08213 -2.53618 3.45625 -0.535314
0 0 182 1.56753 -2.27196 8.21776 -0.888733
0 0 183 -0.696445 -3.26125 11.4128 -2.62049
0 0 184 0.717342 -4.32153 10.9157 -3.30923
0 0 185 3.9928 -3.83816 6.80339 0.654952
0 0 186 5.59005 -2.23168 6.84363 3.15666
0 0 187 2.99031 -3.21619 11.3945 3.21893
0 0 188 2.05978 -3.05506 11.3187 4.39152
0 0 189 9.76067 -0.495492 4.33327 1.43836
0 0 190 16.4417 2.81099 -2.25804 -5.26061
0 0 191 13.6675 3.24521 -7.51547 -5.12598
0 0 192 7.79168 3.90746 -12.7066 0.445004
0 0 193 3.55871 5.64365 -14.5459 5.28643
0 0 194 0.757514 2.26958 -9.56127 2.21673
0 0 195 0.87383 -0.124085 -4.9696 -2.08783
0 0 196 4.10911 2.30986 -4.35651 -0.0472585
0 0 197 5.99776 2.94549 -2.40539 4.34692
0 0 198 5.34843 -2.75056 1.23705 5.05376
0 0 199 1.98843 -9.21673 2.92423 1.71563
0 0 200 -4.82269 -4.08872 2.03359 0.614982
0 0 201 -6.33421 3.83577 1.93476 3.17433
0 0 202 0.766507 -0.754931 2.95974 3.19242
0 0 203 7.38037 -10.4381 2.73131 -0.884105
0 0 204 8.62448 -15.9963 1.66195 -2.61123
0 0 205 5.22791 -14.5462 -1.40291 2.10061
0 0 206 1.71083 -11.3871 -1.68933 7.79655
0 0 207 1.66167 -9.31095 4.5262 9.34486
0 0 208 2.29721 -5.50744 12.1733 7.48352
0 0 209 1.62569 -3.8204 18.6616 6.15904
0 0 210 2.79785 -7.34604 20.7293 6.6959
0 0 211 5.48273 -9.37786 15.6861 4.37806
0 0 212 4.57438 -5.0821 7.67627 -1.28675
0 0 213 1.92548 -3.70844 2.19929 -5.26945
0 0 214 0.949976 -9.0201 -0.226438 -4.71913
0 0 215 -3.31417 -11.396 -1.0721 -0.476831
0 0 216 -11.1584 -5.47125 2.32889 3.56351
0 0 217 -15.4357 4.96365 8.27102 2.99972
0 0 218 -13.1447 10.4364 5.60857 -0.535314
0 0 219 -6.85404 7.52322 -4.91575 -1.27329
0 0 220 -0.419444 3.23633 -11.9503 -0.62451
0 0 221 2.61918 -0.0885826 -13.3777 -1.75671
0 0 222 -0.477602 -4.91687 -8.49546 -0.977929
0 0 223 -5.20282 -7.03745 0.0913509 2.26596
0 0 224 -4.22732 -3.46675 2.85677 2.93282
0 0 225 -3.18047 1.12464 1.74243 0.963773
0 0 226 -7.40444 4.77589 5.79203 0.811887
0 0 227 -10.9881 8.1049 10.5222 3.59044
0 0 228 -8.73249 8.13631 6.91997 5.77869
0 0 229 -1.82424 5.09815 -1.12595 4.64649
0 0 230 2.91897 2.40408 -6.44197 2.74013
0 0 231 2.14912 1.55407 -8.31201 2.72708
0 0 232 -1.25584 3.72858 -7.17105 3.88579
0 0 233 -3.90535 5.99731 -3.09897 4.69571
0 0 234 -3.22064 4.86533 -2.33379 4.39615
0 0 235 0.0997846 3.13324 -5.86912 2.31518
0 0 236 2.21627 4.11774 -6.05257 -0.45916
0 0 237 1.31691 6.89237 -5.02346 0.489602
0 0 238 -0.387666 8.83406 -7.24265 3.03128
0 0 239 1.16043 7.16068 -7.01896 2.10944
0 0 240 6.31973 4.8114 -1.9225 0.091164
0 0 241 10.714 2.58295 2.94198 0.569963
0 0 242 13.9091 -5.00631 4.55697 2.61937
0 0 243 19.1044 -10.8232 5.76066 3.42509
0 0 244 22.8901 -6.82716 7.00519 0.919175
0 0 245 22.2365 0.869293 5.31801 -3.06352
0 0 246 19.337 3.92111 3.93086 -2.57126
0 0 247 14.7413 1.5452 4.53507 1.95713
0 0 248 8.38705 1.08435 2.5301 3.74695
0 0 249 2.20308 6.26152 -4.45948 0.753405
0 0 250 0.27426 11.2325 -9.98558 -4.56682
0 0 251 3.93044 12.7946 -9.31923 -10.0574
0 0 252 7.93497 13.6269 -7.50659 -12.366
0 0 253 6.69087 17.8018 -7.04559 -8.2449
0 0 254 2.30561 24.7063 -4.6027 -2.70968
0 0 255 -1.07717 25.4136 3.72018 -4.58491
0 0 256 -4.04805 18.1868 12.3567 -11.1177
0 0 257 -3.14869 10.1497 10.173 -14.4512
0 0 258 4.19425 4.82505 2.54371 -14.3574
0 0 259 10.3111 2.39042 -2.82615 -11.4623
0 0 260 11.0719 1.40592 -9.44469 -4.82641
0 0 261 7.45652 3.0083 -13.7091 0.731105
0 0 262 1.13344 4.69533 -11.597 0.0600295
0 0 263 1.80017 -1.04168 -9.07719 -3.48384
0 0 264 11.3675 -7.27026 -10.7602 -4.26263
0 0 265 19.5918 -6.13351 -14.6483 -4.72333
0 0 266 22.751 -5.19407 -16.9805 -7.51114
0 0 267 21.6723 -6.92138 -16.9533 -8.57182
0 0 268 17.1444 -7.57476 -15.5614 -6.22705
0 0 269 12.5439 -6.81829 -13.2883 -2.6024
0 0 270 11.2776 -2.01662 -11.7846 0.10042
0 0 271 11.2824 6.14955 -11.7757 0.95031
0 0 272 9.07176 10.0473 -11.1265 1.71563
0 0 273 6.27956 6.75377 -6.32065 1.87677
0 0 274 4.18946 1.2407 3.07632 -1.3629
0 0 275 2.90098 -1.47999 10.115 -5.08138
0 0 276 1.42424 -3.18956 8.62491 -4.08802
0 0 277 -1.24265 -5.74435 -0.669094 1.54986
0 0 278 -3.19785 -2.84956 -11.6461 6.40517
0 0 279 -4.42877 8.64631 -17.087 6.08751
0 0 280 -4.48693 15.8505 -14.7873 1.84522
0 0 281 -2.47777 8.26603 -10.1199 -1.85517
0 0 282 -0.0614999 -1.85618 -8.62092 -1.65826
0 0 283 1.58552 -2.55393 -8.81799 0.762661
0 0 284 1.00394 2.76661 -7.60956 2.09135
0 0 285 -0.50878 6.92787 -2.14146 0.999536
0 0 286 -0.320515 6.28337 8.05206 -2.21321
0 0 287 1.45122 1.91183 16.2678 -4.84871
0 0 288 1.36188 -1.69028 14.3392 -5.27366
0 0 289 -3.1355 -0.271555 4.78125 -2.3205
0 0 290 -5.52059 0.242543 -2.74094 3.3443
0 0 291 -2.54013 -3.78012 -4.41451 6.22593
0 0 292 -1.16231 -3.44422 -2.99185 3.73391
0 0 293 -4.87186 2.91886 -3.31379 0.664208
0 0 294 -9.01909 5.29955 -4.89326 0.91034
0 0 295 -8.51365 -0.791116 -0.817041 1.78716
0 0 296 -5.52479 -9.20786 4.46761 1.96639
0 0 297 -7.09926 -10.7385 2.23066 3.04895
0 0 298 -12.7736 -6.11166 -4.94238 4.25268
0 0 299 -14.3397 -2.28972 -10.4513 3.91272
0 0 300 -8.33018 -0.325491 -10.1199 3.31317
0 0 301 -1.52026 0.0595706 -5.70342 5.9533
0 0 302 -0.383469 1.40183 -1.28218 10.1056
0 0 303 -3.71708 5.23674 1.72468 9.64485
0 0 304 -7.67305 6.84321 1.91287 4.76724
0 0 305 -8.52324 5.31252 1.38026 0.288069
0 0 306 -6.56264 3.97505 2.34665 -1.20639
0 0 307 -4.41498 -0.0749279 2.99584 -2.6024
0 0 308 -3.10432 -5.83379 3.71131 -2.95582
0 0 309 -2.64745 -5.25688 4.93334 2.70016
0 0 310 -2.4418 -3.449 5.67604 9.9625
0 0 311 -2.24514 -4.62125 3.18343 10.862
0 0 312 -2.17319 -2.23168 -2.9019 5.62218
0 0 313 -2.64325 0.793509 -7.32787 0.861113
0 0 314 -5.14886 2.55633 -7.35036 -2.61586
0 0 315 -7.84753 4.06858 -4.50387 -6.67429
0 0 316 -8.68872 2.02789 0.0511094 -7.84226
0 0 317 -7.28333 -2.82225 4.56644 -5.42596
0 0 318 -3.39931 -8.44251 7.49282 -4.77719
0 0 319 -2.23135 -8.44251 8.42784 -7.43961
0 0 320 -3.07254 -3.05506 7.78812 -9.30558
0 0 321 1.56334 -2.34365 5.06295 -8.57182
0 0 322 8.81215 -3.53366 1.05774 -6.28048
0 0 323 10.5839 -1.18027 -2.53973 -5.13944
0 0 324 4.22123 3.48689 -5.61406 -4.4995
0 0 325 -5.7928 9.63969 -6.29402 -0.262255
0 0 326 -10.0132 9.75166 -3.24218 2.85204
0 0 327 -5.37729 2.65942 2.66917 -0.0114959
0 0 328 0.16274 -4.44647 8.99181 -1.43906
0 0 329 0.713145 -13.3425 9.52856 1.83638
0 0 330 -0.200001 -19.3287 5.22391 2.40901
0 0 331 -0.168823 -15.0295 2.63781 0.901083
0 0 332 0.243082 -6.16082 2.01584 3.62199
0 0 333 -1.26963 1.34789 2.37328 6.74975
0 0 334 -6.31262 7.42012 3.94861 5.85022
0 0 335 -8.81403 11.935 5.26001 4.62419
0 0 336 -10.0617 14.0474 2.50347 4.39615
0 0 337 -15.3913 14.3471 -4.58908 5.58641
0 0 338 -16.4022 16.7012 -12.5681 8.72301
0 0 339 -8.11134 21.3725 -18.0534 6.68243
0 0 340 0.744323 20.8085 -17.1989 -1.91323
0 0 341 2.67254 14.3471 -10.1288 -8.29413
0 0 342 0.547064 10.5388 0.0960851 -10.2901
0 0 343 -2.11503 11.5234 10.8039 -11.8022
0 0 344 -6.36179 11.6087 16.4554 -12.6302
0 0 345 -9.01549 9.61716 13.7575 -11.0773
0 0 346 -8.12393 6.80293 8.36511 -5.76171
0 0 347 -8.37035 3.16055 5.73876 1.94367
0 0 348 -9.5605 -0.0209919 1.7738 4.38689
0 0 349 -7.8787 0.820136 -3.30491 -0.597583
0 0 350 -5.19802 4.89196 -0.71407 -5.90939
0 0 351 -4.38381 8.05097 4.94636 -8.05263
0 0 352 -3.28779 9.48334 3.16982 -7.50651
0 0 353 0.279056 7.84956 -2.02488 -3.33195
0 0 354 4.8298 2.5652 -5.20218 1.21453
0 0 355 8.27073 -1.11746 -7.47108 1.69333
0 0 356 9.51484 -0.768585 -6.82189 -0.145711
0 0 357 7.74251 -1.16662 -0.718212 0.869949
0 0 358 3.38004 -4.10237 2.20817 5.76523
0 0 359 -2.62107 -6.8811 -3.09897 8.79916
0 0 360 -7.14483 -4.78647 -5.28266 4.14076
0 0 361 -6.68855 0.44395 1.02637 -5.60941
0 0 362 -3.5558 0.242543 4.97359 -10.1824
0 0 363 -1.52925 -7.29279 2.49874 -5.9359
0 0 364 -1.05919 -13.5214 0.615081 1.75602
0 0 365 -2.64325 -11.6732 0.274805 7.55504
0 0 366 -6.0704 -7.05998 0.48548 10.7859
0 0 367 -5.83357 -4.84041 1.79629 11.9492
0 0 368 -0.423641 -3.59647 5.84174 8.02038
0 0 369 1.15563 -1.32774 10.6027 2.20327
0 0 370 -3.45327 -0.267459 10.1594 2.22556
0 0 371 -5.88273 -3.8204 7.36263 8.08307
0 0 372 -3.24702 -8.90814 5.66242 12.0073
0 0 373 1.34809 -10.4074 2.64195 7.6535
0 0 374 5.91682 -6.7111 -4.22218 -2.67855
0 0 375 7.72932 -2.92056 -10.4513 -10.4062
0 0 376 4.34175 -2.97928 -7.67229 -10.0036
0 0 377 -1.11255 -1.98112 -2.69182 -3.17502
0 0 378 -5.67708 0.91367 -5.44836 4.48114
0 0 379 -6.60701 1.5452 -11.3869 6.8705
0 0 380 -0.50878 -2.00775 -15.6957 3.1697
0 0 381 6.52538 -8.0397 -16.3224 -1.6671
0 0 382 4.81601 -10.1965 -12.0977 -2.35626
0 0 383 -2.11083 -9.29729 -7.38113 1.00879
0 0 384 -5.3683 -8.11617 -3.84639 3.47852
0 0 385 -4.1062 -1.58309 -0.677971 2.99972
0 0 386 -0.262356 4.65915 -0.776799 1.37567
0 0 387 4.86517 0.551822 -5.27852 0.395778
0 0 388 8.3157 -5.90547 -8.23685 0.480767
0 0 389 7.69814 -6.45576 -6.09281 1.6845
0 0 390 6.69986 -3.56984 -3.21969 0.999536
0 0 391 6.80299 -1.99 -1.26917 -3.73881
0 0 392 5.59905 -7.16717 3.47459 -7.44424
0 0 393 4.62834 -13.2128 11.2424 -7.08619
0 0 394 3.90766 -10.1343 14.2853 -6.98311
0 0 395 0.931989 -0.455211 7.22415 -8.87601
0 0 396 -1.58261 7.2235 -3.51499 -7.77536
0 0 397 0.0374292 8.05984 -9.56956 -5.33635
0 0 398 0.560854 2.04633 -8.2765 -4.82179
0 0 399 0.41276 -9.05151 -1.43013 -2.95582
0 0 400 5.1068 -16.0721 3.75628 -2.11476
0 0 401 5.662 -13.2305 3.46512 -3.46617
0 0 402 -2.49576 -10.0265 3.4521 -2.71431
0 0 403 -7.44461 -10.9666 9.09005 -0.302646
0 0 404 -3.8382 -9.69123 16.3708 2.10481
0 0 405 0.493703 -6.75548 15.4665 3.60853
0 0 406 0.833659 -6.31238 5.77013 2.91936
0 0 407 0.990147 -4.45535 -0.62471 1.43374
0 0 408 2.51605 0.520416 3.19231 -0.320317
0 0 409 2.09576 4.98618 6.36073 -3.64498
0 0 410 -1.19349 2.2607 -1.13897 -6.22705
0 0 411 -5.94089 -6.73773 -11.078 -6.65662
0 0 412 -10.4071 -10.107 -8.68779 -5.42596
0 0 413 -13.0734 -6.3711 3.66692 -1.86863
0 0 414 -11.7717 -0.0571768 8.23078 1.34412
0 0 415 -6.68376 9.33519 4.3244 2.70436
0 0 416 -1.81105 13.8324 6.01572 1.54565
0 0 417 1.09327 4.09999 9.19302 -2.42779
0 0 418 1.56334 -5.51631 5.53282 -5.16637
0 0 419 2.3146 -4.2676 4.17704 -2.89313
0 0 420 3.87228 -2.39281 6.05655 3.15666
0 0 421 3.59888 -1.94084 4.65106 6.36941
0 0 422 4.6817 0.797606 3.79652 4.05577
0 0 423 6.39588 3.02195 1.55898 2.53439
0 0 424 6.88812 3.65689 -6.22715 5.11645
0 0 425 7.8948 3.95252 -11.5651 6.13674
0 0 426 7.46071 3.76408 -7.78887 2.9059
0 0 427 4.67331 5.13843 0.686688 0.145018
0 0 428 1.64368 9.34475 6.86612 -0.62451
0 0 429 -0.383469 13.3893 7.90411 -1.04988
0 0 430 -0.379272 14.0652 3.20592 -1.31831
0 0 431 1.2006 12.4184 -5.36788 -1.69865
0 0 432 -0.52197 11.2817 -11.3011 -2.7547
0 0 433 -6.73292 9.79604 -8.60317 -4.14187
0 0 434 -9.74397 4.62365 -0.785676 -5.15291
0 0 435 -5.74423 -1.15365 4.58833 -4.66064
0 0 436 1.49139 -3.81153 6.15006 -1.43906
0 0 437 5.58586 -5.22547 5.10792 2.40017
0 0 438 1.09327 -0.772682 2.78516 4.23038
0 0 439 -7.29232 11.8415 1.13881 6.22593
0 0 440 -10.2992 19.2512 0.964235 7.8727
0 0 441 -8.4465 11.7207 3.35328 5.18335
0 0 442 -8.74148 1.27211 8.01596 1.34875
0 0 443 -11.2795 -1.33252 9.81084 -0.248792
0 0 444 -9.78414 -2.85365 7.42535 -0.0695576
0 0 445 -3.53841 -3.37731 5.895 -0.159175
0 0 446 1.57653 0.323106 5.25528 -3.65382
0 0 447 1.97944 2.42183 3.23729 -6.67892
0 0 448 0.439741 1.96576 -0.472621 -4.06993
0 0 449 0.0776005 -0.468865 -4.91575 0.986072
0 0 450 -1.8782 -3.22984 -7.68117 4.3242
0 0 451 -4.67939 -2.13747 -10.2637 7.48352
0 0 452 -3.42629 -1.84253 -11.7757 12.2311
0 0 453 -0.276146 -5.08688 -8.02559 13.1214
0 0 454 0.417557 -4.50928 -4.12394 7.61773
0 0 455 -2.8489 3.35308 -3.67655 3.11627
0 0 456 -7.22517 11.3178 -3.25993 4.11846
0 0 457 -7.185 11.0495 -5.26905 7.21046
0 0 458 -4.09721 5.77815 -11.297 8.04268
0 0 459 -2.20497 2.8697 -11.6461 6.83011
0 0 460 -2.19597 2.73998 -1.57334 4.44075
0 0 461 -4.51811 1.47761 10.4861 1.52756
0 0 462 -6.67476 -4.64788 15.1132 1.83638
0 0 463 -3.75725 -13.0783 9.58715 5.38025
0 0 464 1.85413 -15.4276 3.64443 7.53737
0 0 465 4.65053 -10.8184 5.08543 5.60871
0 0 466 4.78483 -4.24984 8.86635 -0.45916
0 0 467 3.91665 4.05083 9.74338 -5.68556
0 0 468 3.82732 8.80266 8.46394 -4.79949
0 0 469 3.26372 5.46477 5.2464 0.0600295
0 0 470 -1.13953 1.48648 -1.01411 5.33103
0 0 471 -5.43545 2.80211 -3.80142 8.5888
0 0 472 -4.20034 1.89817 -0.0921028 8.3292
0 0 473 1.03511 -7.31941 2.42299 4.6061
0 0 474 5.79631 -14.2239 2.77628 0.865321
0 0 475 6.0871 -9.40448 7.07679 0.829558
0 0 476 1.80496 -0.987743 11.7525 0.646117
0 0 477 -1.39495 -1.5114 8.00294 -0.320317
0 0 478 -0.790578 -8.16532 -1.497 3.26394
0 0 479 1.04411 -12.3266 -4.12394 7.16123
0 0 480 0.681368 -10.1118 2.61058 3.24585
0 0 481 -2.86689 -1.63634 7.52833 -4.2357
0 0 482 -4.42398 8.89688 3.58644 -5.81977
0 0 483 -0.0123351 13.6132 -1.91303 -2.96507
0 0 484 4.06475 5.11999 -1.86864 -2.29358
0 0 485 2.28822 -9.04195 -0.933031 -2.1459
0 0 486 -2.00771 -16.1212 0.100228 0.323832
0 0 487 -3.20265 -14.6895 2.0111 1.09378
