0 0 0 3.18912
0 0 1 5.01122
0 0 2 9.75251
0 0 3 14.9967
0 0 4 16.7167
0 0 5 13.4278
0 0 6 7.66658
0 0 7 3.43514
0 0 8 0.567281
0 0 9 -0.0625144
0 0 10 -0.604277
0 0 11 -0.296028
0 0 12 0.0856258
0 0 13 -0.0938978
0 0 14 -0.206133
0 0 15 -0.227676
0 0 16 -0.309592
0 0 17 -0.326614
0 0 18 -0.115441
0 0 19 -0.317837
0 0 20 0.614888
0 0 21 0.366481
0 0 22 0.62792
0 0 23 0.999734
0 0 24 1.20107
0 0 25 0.720209
0 0 26 -0.129537
0 0 27 -0.0231522
0 0 28 -0.351082
0 0 29 0.0563701
0 0 30 0.283501
0 0 31 -0.0784721
0 0 32 0.147595
0 0 33 0.31515
0 0 34 0.356108
0 0 35 -0.117302
0 0 36 0.910637
0 0 37 0.0561042
0 0 38 0.295469
0 0 39 -0.079004
0 0 40 -0.258528
0 0 41 0.206904
0 0 42 0.197063
0 0 43 -0.501882
0 0 44 -0.342837
0 0 45 0.268873
0 0 46 -0.12209
0 0 47 0.205308
0 0 48 0.277118
0 0 49 0.533504
0 0 50 -0.494169
0 0 51 -0.156665
0 0 52 -0.182197
0 0 53 0.260894
0 0 54 -0.180601
0 0 55 -0.449222
0 0 56 -0.189112
0 0 57 -0.219963
0 0 58 -0.111451
0 0 59 0.16435
0 0 60 0.288288
0 0 61 0.0898812
0 0 62 0.15318
0 0 63 -0.127409
0 0 64 -0.531138
0 0 65 0.11169
0 0 66 0.00317793
0 0 67 -0.260655
0 0 68 0.495206
0 0 69 0.27499
0 0 70 0.415152
0 0 71 -0.00373706
0 0 72 -0.390178
0 0 73 -0.490978
0 0 74 0.278448
0 0 75 -0.584596
0 0 76 0.156903
0 0 77 -0.0407056
0 0 78 -0.377944
0 0 79 0.409566
0 0 80 0.0803066
0 0 81 0.219404
0 0 82 -0.00586475
0 0 83 0.342012
0 0 84 0.365151
0 0 85 -0.377944
0 0 86 0.292012
0 0 87 -0.635128
0 0 88 0.0475934
0 0 89 -0.148154
0 0 90 0.444939
0 0 91 0.288554
0 0 92 0.328714
0 0 93 -0.0114499
0 0 94 -0.0566633
0 0 95 -0.0635783
0 0 96 -0.28406
0 0 97 0.0475934
0 0 98 0.356108
0 0 99 0.351853
0 0 100 -0.13592
0 0 101 0.499195
0 0 102 -0.31305
0 0 103 0.108764
0 0 104 -0.618639
0 0 105 0.322331
0 0 106 0.0292421
0 0 107 -0.554276
0 0 108 -0.44603
0 0 109 -0.316507
0 0 110 -0.434062
0 0 111 -0.608532
0 0 112 0.106105
0 0 113 0.379247
0 0 114 1.23803
0 0 115 -0.589117
0 0 116 0.398928
0 0 117 0.137488
0 0 118 0.0882854
0 0 119 -0.0114499
0 0 120 -0.161452
0 0 121 0.0292421
0 0 122 -0.348157
0 0 123 -0.0157053
0 0 124 0.0965302
0 0 125 -0.0298012
0 0 126 0.214617
0 0 127 0.577122
0 0 128 0.970478
0 0 129 -0.146026
0 0 130 0.499727
0 0 131 0.687761
0 0 132 -0.442307
0 0 133 -0.332997
0 0 134 0.296001
0 0 135 -0.278475
0 0 136 -0.223687
0 0 137 -0.603479
0 0 138 0.186159
0 0 139 -0.506403
0 0 140 -0.0409716
0 0 141 0.230043
0 0 142 -0.23007
0 0 143 -0.0728869
0 0 144 0.237224
0 0 145 -0.500286
0 0 146 0.467014
0 0 147 0.986436
0 0 148 -0.217836
0 0 149 -0.0832594
0 0 150 0.0582319
0 0 151 0.12286
0 0 152 0.294139
0 0 153 0.091211
0 0 154 -0.700555
0 0 155 -0.00267321
0 0 156 -0.045227
0 0 157 0.27499
0 0 158 0.735635
0 0 159 0.299458
0 0 160 -0.210655
0 0 161 -0.713055
0 0 162 -0.0149074
0 0 163 0.219404
0 0 164 0.287756
0 0 165 0.449726
0 0 166 -0.523425
0 0 167 -0.123154
0 0 168 0.571802
0 0 169 0.109296
0 0 170 -0.207197
0 0 171 0.446801
0 0 172 -0.0470887
0 0 173 0.390683
0 0 174 0.169404
0 0 175 -0.0127797
0 0 176 0.0561042
0 0 177 0.357438
0 0 178 0.487493
0 0 179 0.446801
0 0 180 0.256107
0 0 181 -0.138313
0 0 182 0.448929
0 0 183 0.198393
0 0 184 0.150254
0 0 185 0.813827
0 0 186 -0.710661
0 0 187 -0.142037
0 0 188 0.276586
0 0 189 0.191744
0 0 190 -0.146558
0 0 191 0.192276
0 0 192 0.387758
0 0 193 -0.085919
0 0 194 -0.513052
0 0 195 0.00370985
0 0 196 0.308767
0 0 197 0.74122
0 0 198 0.349725
0 0 199 -0.429275
0 0 200 -0.474754
0 0 201 0.157967
0 0 202 0.016476
0 0 203 -0.0242161
0 0 204 -0.00373706
0 0 205 0.244936
0 0 206 0.370204
0 0 207 -0.0298012
0 0 208 0.461429
0 0 209 0.756645
0 0 210 0.54893
0 0 211 0.310363
0 0 212 0.888562
0 0 213 -0.0686315
0 0 214 0.296001
0 0 215 -0.184591
0 0 216 0.084828
0 0 217 -0.0816636
0 0 218 0.792018
0 0 219 -0.256932
0 0 220 0.0959983
0 0 221 -0.35454
0 0 222 0.0821683
0 0 223 0.242011
0 0 224 0.131637
0 0 225 -0.114909
0 0 226 0.293075
0 0 227 -0.0952276
0 0 228 0.0858918
0 0 229 0.784571
0 0 230 0.637761
0 0 231 -0.441243
0 0 232 0.492812
0 0 233 0.166212
0 0 234 -0.305603
0 0 235 0.58776
0 0 236 0.0372209
0 0 237 0.140414
0 0 238 -0.0542696
0 0 239 0.277118
0 0 240 -0.00107745
0 0 241 0.267809
0 0 242 -0.21491
0 0 243 -0.0718231
0 0 244 -0.307996
0 0 245 -0.283262
0 0 246 -0.481935
0 0 247 0.043338
0 0 248 -0.581936
0 0 249 0.24866
0 0 250 -0.326082
0 0 251 -0.502946
0 0 252 0.121265
0 0 253 0.576324
0 0 254 1.0008
0 0 255 1.38485
