0 0 0 36908.8 -297.496 -1454.05 596.752
0 0 1 36908.9 -297.138 -1454.29 597.313
0 0 2 36909.4 -297.353 -1454.28 597.158
0 0 3 36909.1 -297.828 -1454.14 597.3
0 0 4 36910.2 -297.475 -1454.67 597.623
0 0 5 36910.1 -297.403 -1454.09 596.819
0 0 6 36910.4 -297.8 -1454.07 597.152
0 0 7 36910.2 -297.448 -1454.23 597.174
0 0 8 36910.6 -297.528 -1454.19 596.765
0 0 9 36910.7 -297.446 -1454.21 597.365
0 0 10 36911.4 -297.423 -1453.71 597.219
0 0 11 36911.5 -297.178 -1454.15 597.065
0 0 12 36912.1 -298.445 -1453.55 597.465
0 0 13 36912.3 -298.069 -1453.42 597.442
0 0 14 36912.6 -298.449 -1453.9 597.642
0 0 15 36913.3 -297.906 -1454.23 597.226
0 0 16 36913.8 -297.987 -1453.59 597.197
0 0 17 36914.8 -297.908 -1454.07 597.648
0 0 18 36915.3 -298.494 -1453.79 597.319
0 0 19 36915.7 -298.142 -1453.81 597.394
0 0 20 36916.5 -297.823 -1453.8 597.519
0 0 21 36916.9 -297.721 -1454.01 597.819
0 0 22 36917 -297.41 -1454.31 597.271
0 0 23 36918.7 -297.722 -1454.23 597.384
0 0 24 36919.3 -297.099 -1454.86 597.261
0 0 25 36920.2 -297.235 -1454.63 596.642
0 0 26 36921.6 -297.011 -1455.23 597.007
0 0 27 36922.8 -297.205 -1454.36 596.707
0 0 28 36924.4 -297.195 -1455.28 596.087
0 0 29 36926.8 -296.468 -1454.93 596.145
0 0 30 36928 -297.054 -1454.54 596.455
0 0 31 36930 -296.701 -1455.94 595.268
0 0 32 36932.7 -297.095 -1455.05 595.068
0 0 33 36935.1 -297.581 -1456.25 595.174
0 0 34 36938.1 -297.011 -1455.86 594.749
0 0 35 36941.9 -298 -1455.67 594.5
0 0 36 36945.3 -297.84 -1455.87 594.384
0 0 37 36949.5 -298.854 -1455.82 593.5
0 0 38 36954.3 -299.626 -1455.71 593.474
0 0 39 36959.3 -300.607 -1455.23 592.994
0 0 40 36965.3 -301.356 -1454.61 592.365
0 0 41 36971.8 -303.183 -1453.14 592.542
0 0 42 36979.2 -304.706 -1452.15 592.255
0 0 43 36986.9 -307.067 -1449.67 591.929
0 0 44 36996 -308.972 -1447.8 591.668
0 0 45 37005.4 -310.936 -1444.37 592.11
0 0 46 37015.3 -312.338 -1441.06 592.62
0 0 47 37026.3 -314.163 -1437.38 593.487
0 0 48 37036.5 -315.119 -1431.73 595.461
0 0 49 37047.8 -314.651 -1428.07 596.516
0 0 50 37057 -313.724 -1424.05 600.023
0 0 51 37065.9 -311.521 -1421.72 602.681
0 0 52 37071.6 -308.474 -1420.36 605.877
0 0 53 37075.9 -303.804 -1420.84 610.58
0 0 54 37076.2 -300.2 -1423.29 614.067
0 0 55 37074.9 -295.844 -1427.17 616.461
0 0 56 37070.4 -292.487 -1431.89 619.396
0 0 57 37063.8 -289.568 -1437.84 621.157
0 0 58 37055.4 -287.639 -1444.49 621.874
0 0 59 37045.5 -286.985 -1450.57 622.18
0 0 60 37036 -286.773 -1455.53 621.425
0 0 61 37024.7 -287.45 -1460.24 620.177
0 0 62 37014.2 -288.663 -1464.86 618.116
0 0 63 37004.5 -289.531 -1467.07 615.419
0 0 64 36995.2 -291.006 -1469.84 612.2
0 0 65 36987.4 -292.965 -1471.71 608.693
0 0 66 36979.1 -294.843 -1472.31 604.964
0 0 67 36973.8 -296.961 -1473.29 601.51
0 0 68 36969.7 -298.296 -1473.64 597.429
0 0 69 36965.3 -299.239 -1474.01 593.858
0 0 70 36963.5 -300.158 -1473.59 590.884
0 0 71 36961.9 -300.375 -1473.26 588.007
0 0 72 36961.2 -300.298 -1473.82 586.284
0 0 73 36961 -299.893 -1473.84 584.981
0 0 74 36960.9 -299.292 -1474.54 583.846
0 0 75 36961.1 -297.719 -1475.22 582.752
0 0 76 36960.9 -296.388 -1476.27 582.62
0 0 77 36960.9 -294.731 -1476.49 583.004
0 0 78 36960.9 -293.501 -1477.05 583.123
0 0 79 36960 -291.293 -1477.87 584.313
0 0 80 36959.1 -289.843 -1476.92 585.887
0 0 81 36958.5 -288.537 -1477.77 588.158
0 0 82 36957.3 -286.616 -1477.41 590.023
0 0 83 36956.1 -285.611 -1477.28 592.932
0 0 84 36954.9 -284.799 -1477.03 595.89
0 0 85 36955.2 -284.153 -1476.58 599.184
0 0 86 36953.8 -283.05 -1476.01 601.897
0 0 87 36953.2 -283.483 -1474.87 605.842
0 0 88 36952.5 -283.152 -1473.15 608.645
0 0 89 36952.1 -283.543 -1471.99 612.061
0 0 90 36952.1 -283.574 -1469.79 615.235
0 0 91 36951.9 -283.396 -1469.56 618.112
0 0 92 36953.3 -283.675 -1467.34 621.067
0 0 93 36954.2 -284.362 -1466.44 624.544
0 0 94 36955.7 -285.005 -1465.53 627.977
0 0 95 36958.3 -284.444 -1464.37 630.722
0 0 96 36961.5 -283.937 -1463.2 635.109
0 0 97 36965.5 -284.12 -1463.13 639.225
0 0 98 36969.5 -283.859 -1462.91 642.844
0 0 99 36974.6 -283.772 -1461.62 648.179
0 0 100 36978.9 -284.217 -1460.76 652.282
0 0 101 36984.1 -283.816 -1459.4 656.366
0 0 102 36989.5 -283.082 -1458.93 661.018
0 0 103 36993.9 -284.29 -1457.45 664.927
0 0 104 36999.3 -283.694 -1455.54 668.847
0 0 105 37004.2 -284.101 -1453.79 672.521
0 0 106 37009.3 -284.181 -1452.85 676.475
0 0 107 37013.9 -285.071 -1451.42 679.74
0 0 108 37017.8 -286.179 -1450.22 681.495
0 0 109 37021.4 -286.922 -1448.82 684.34
0 0 110 37025 -287.784 -1447.8 685.565
0 0 111 37028.6 -289.014 -1446.98 687.011
0 0 112 37031.2 -289.637 -1447.41 688.314
0 0 113 37033.3 -290.648 -1446.04 688.12
0 0 114 37035.1 -291.527 -1446.06 688.091
0 0 115 37035.8 -293.123 -1447.08 687.101
0 0 116 37036.5 -294.169 -1447.15 686.391
0 0 117 37035.3 -294.951 -1447.97 683.853
0 0 118 37034.7 -295.482 -1448.96 682.059
0 0 119 37031.9 -296.023 -1450.2 678.127
0 0 120 37028.8 -296.726 -1451 674.301
0 0 121 37025.7 -296.365 -1451.06 669.95
0 0 122 37019.7 -296.43 -1451.84 665.385
0 0 123 37014.7 -296.295 -1452.57 660.815
0 0 124 37008.1 -296.576 -1453.74 655.079
0 0 125 37001.4 -295.582 -1454.21 649.373
0 0 126 36994.7 -295.952 -1454.31 644.531
0 0 127 36987.6 -295.553 -1454.49 638.989
0 0 128 36980.4 -294.795 -1455.45 634.125
0 0 129 36973.3 -295.171 -1454.92 628.648
0 0 130 36966.4 -294.096 -1455.2 624.041
0 0 131 36959.5 -293.987 -1455.19 619.683
0 0 132 36953.2 -293.922 -1455.57 615.838
0 0 133 36947.9 -293.745 -1455.06 612.513
0 0 134 36942.9 -294.009 -1455.41 609.626
0 0 135 36938.2 -293.468 -1455.3 607.403
0 0 136 36934.1 -293.974 -1454.85 605.226
0 0 137 36929.8 -293.154 -1455.3 603.352
0 0 138 36926.8 -293.724 -1455.36 602.223
0 0 139 36924.2 -293.535 -1455.43 600.771
0 0 140 36921.9 -293.705 -1455.66 599.758
0 0 141 36919 -293.548 -1456.14 598.974
0 0 142 36917.1 -293.676 -1455.42 597.555
0 0 143 36915.7 -293.735 -1456.02 597.932
0 0 144 36913.8 -293.14 -1456.19 596.748
0 0 145 36912.8 -293.62 -1455.48 596.703
0 0 146 36912.1 -293.096 -1456.12 596.607
0 0 147 36910.3 -293.288 -1455.66 596.378
0 0 148 36909.8 -293.199 -1455.55 596.423
0 0 149 36908.7 -293.039 -1456.04 595.984
0 0 150 36908 -293.211 -1456.04 595.658
0 0 151 36907.4 -292.88 -1456.37 595.481
0 0 152 36906.6 -293.156 -1455.81 595.468
0 0 153 36906.2 -293.016 -1455.78 595.336
0 0 154 36906 -292.954 -1456.38 595.458
0 0 155 36905.7 -292.761 -1455.31 594.907
0 0 156 36904.5 -292.639 -1455.61 595.107
0 0 157 36904.9 -293.492 -1455.88 595.245
0 0 158 36904.3 -293.419 -1456.39 595.552
0 0 159 36904.7 -293.416 -1456.15 595.081
0 0 160 36903.9 -292.789 -1455.8 595.523
0 0 161 36904.3 -292.85 -1455.89 595.678
0 0 162 36903.7 -292.92 -1455.9 595.645
0 0 163 36903.5 -293.002 -1455.77 595.545
0 0 164 36903.2 -293.204 -1456.35 595.387
0 0 165 36902.9 -293.6 -1455.74 594.878
0 0 166 36902.6 -293.099 -1455.8 595.452
0 0 167 36902.5 -293.419 -1456.19 595.378
0 0 168 36902.6 -293.309 -1456.03 596.21
0 0 169 36902.1 -293.055 -1456.08 595.416
0 0 170 36901.8 -292.684 -1456.13 595.01
0 0 171 36902.4 -293.429 -1456.27 595.403
0 0 172 36901.8 -293.482 -1455.33 595.419
0 0 173 36901.7 -293.406 -1455.87 594.565
0 0 174 36902.1 -292.861 -1455.89 595.178
0 0 175 36902.1 -292.749 -1455.8 595.136
0 0 176 36901.6 -292.796 -1455.66 595.136
0 0 177 36901.4 -292.895 -1456.06 595.487
0 0 178 36901.2 -292.901 -1455.91 595.19
0 0 179 36901.9 -293.406 -1455.78 595.249
0 0 180 36901.4 -293.156 -1455.55 595.045
0 0 181 36901.3 -293.041 -1456.72 594.868
0 0 182 36901.1 -293.603 -1456.18 594.971
0 0 183 36901.3 -293.309 -1455.82 595.645
0 0 184 36901.3 -292.859 -1455.91 594.736
0 0 185 36901.5 -292.991 -1456.17 595.378
0 0 186 36900.8 -292.89 -1456.24 595.448
0 0 187 36901.2 -293.05 -1455.33 594.713
0 0 188 36901.9 -292.925 -1455.9 595.416
0 0 189 36900.7 -292.614 -1455.43 594.823
0 0 190 36901.3 -293.149 -1455.3 595.078
0 0 191 36901.3 -292.854 -1455.93 594.845
0 0 192 36901.2 -292.994 -1455.73 594.894
0 0 193 36901 -293.519 -1456.19 595.561
0 0 194 36901.1 -292.819 -1455.5 594.955
0 0 195 36901.5 -292.964 -1455.57 595.439
0 0 196 36901 -293.198 -1455.6 594.968
0 0 197 36901.1 -293.476 -1455.64 594.797
0 0 198 36901.4 -292.858 -1455.59 595.519
0 0 199 36900.3 -292.941 -1455.56 594.894
0 0 200 36901.6 -292.966 -1455.7 595.481
0 0 201 36901.2 -293.35 -1456.13 595.081
0 0 202 36901.1 -292.984 -1455.8 595.339
0 0 203 36901.1 -293.212 -1456.41 595.545
0 0 204 36900.9 -292.975 -1455.91 594.642
0 0 205 36901.2 -292.966 -1456.27 594.523
0 0 206 36901.3 -292.914 -1456.33 595.332
0 0 207 36901.3 -293.005 -1456.16 594.803
0 0 208 36901.3 -292.741 -1456.38 595.155
0 0 209 36901.5 -292.733 -1456.02 595.332
0 0 210 36900.8 -292.853 -1455.88 594.587
0 0 211 36901.5 -292.734 -1456.48 595.336
0 0 212 36901.3 -292.684 -1455.91 594.487
0 0 213 36901 -293.322 -1455.79 595.042
0 0 214 36900.9 -293.082 -1456.15 594.526
0 0 215 36901.1 -293.199 -1455.76 594.636
0 0 216 36900.9 -293.143 -1455.98 595.245
0 0 217 36901.2 -293.328 -1456.07 595.252
0 0 218 36901 -293.406 -1455.77 595.407
0 0 219 36901.2 -292.968 -1456.16 595.258
0 0 220 36901 -293.253 -1455.96 594.687
0 0 221 36901 -292.942 -1455.69 595.642
0 0 222 36901.4 -292.577 -1456.44 595.249
0 0 223 36901.4 -292.379 -1455.72 595.387
0 0 224 36901.5 -293.014 -1456.19 595.081
0 0 225 36901.5 -293.185 -1456.32 595.01
0 0 226 36901.8 -292.665 -1456.2 595.2
0 0 227 36900.5 -292.766 -1455.99 595.01
0 0 228 36901.1 -293.02 -1456.01 594.778
0 0 229 36901.4 -292.5 -1456.41 595.152
0 0 230 36901.1 -293.013 -1455.83 594.578
0 0 231 36900.7 -292.739 -1456.1 595.074
0 0 232 36901.1 -292.959 -1455.98 594.5
0 0 233 36901.4 -293.143 -1457 594.69
0 0 234 36901.3 -292.921 -1455.74 594.945
0 0 235 36901.3 -293.311 -1456.44 595.345
0 0 236 36901.5 -292.864 -1456.37 594.803
0 0 237 36901.7 -292.77 -1456.13 595.287
0 0 238 36901.3 -292.9 -1456.27 594.939
0 0 239 36901 -292.425 -1456.19 594.471
0 0 240 36901.6 -292.574 -1455.84 594.868
0 0 241 36900.6 -292.988 -1456.43 594.716
0 0 242 36901.6 -292.759 -1455.84 595.203
0 0 243 36901.5 -292.99 -1456.93 594.787
0 0 244 36901.1 -292.8 -1456.44 594.765
0 0 245 36901.8 -293.029 -1456.36 595.181
0 0 246 36901.3 -293.041 -1456.35 594.697
0 0 247 36901.6 -292.698 -1456.39 595.274
0 0 248 36900.9 -292.626 -1456.29 594.61
0 0 249 36901.5 -292.452 -1456.28 595.113
0 0 250 36901.4 -293.109 -1456.56 595.281
0 0 251 36901.5 -292.708 -1456.7 595.029
0 0 252 36901.2 -292.975 -1456.38 594.855
0 0 253 36901.6 -292.894 -1456.64 595.194
0 0 254 36901.3 -292.595 -1456.36 594.994
0 0 255 36901.4 -292.849 -1456.63 594.442
0 0 256 36901.6 -292.778 -1456.1 594.668
0 0 257 36901.6 -292.215 -1456.21 594.761
0 0 258 36901.4 -292.685 -1455.79 594.878
0 0 259 36901.2 -293.01 -1456.78 594.69
0 0 260 36901.9 -292.353 -1455.93 594.987
0 0 261 36901.7 -292.206 -1456.24 595.045
0 0 262 36901.3 -292.944 -1456.71 594.855
0 0 263 36901.5 -292.628 -1456.51 594.587
0 0 264 36901.4 -293.006 -1456.79 595.445
0 0 265 36901.4 -292.765 -1456.75 594.749
0 0 266 36901.6 -292.777 -1456.38 594.981
0 0 267 36901.3 -293.248 -1456 595.087
0 0 268 36901.3 -292.432 -1456.2 595.636
0 0 269 36901.6 -292.831 -1456.68 595.29
0 0 270 36901.9 -292.739 -1456.55 594.616
0 0 271 36901.6 -292.29 -1456.59 595.223
0 0 272 36901.4 -293.072 -1456.21 594.939
0 0 273 36901.3 -292.694 -1456.29 595.339
0 0 274 36901 -293.069 -1455.85 595.349
0 0 275 36901.6 -292.407 -1455.64 595.252
0 0 276 36901.5 -292.643 -1456.03 594.761
0 0 277 36901.4 -292.161 -1456.55 595.565
0 0 278 36901 -292.377 -1456.32 595.6
0 0 279 36901 -292.782 -1456.35 595.284
0 0 280 36901.6 -293.478 -1456.09 594.745
0 0 281 36901.4 -293.47 -1456.44 595.332
0 0 282 36901.6 -292.804 -1456.36 595.123
0 0 283 36901.2 -292.965 -1456.53 595.536
0 0 284 36901.1 -292.816 -1456.42 594.858
0 0 285 36901.4 -292.758 -1456.77 595.732
0 0 286 36901.5 -292.614 -1456.58 594.581
0 0 287 36901.8 -292.452 -1456.53 594.832
0 0 288 36901.9 -292.722 -1456.66 595.123
0 0 289 36901.2 -292.705 -1456.52 595.355
0 0 290 36901.4 -292.446 -1455.71 594.758
0 0 291 36901.8 -293.145 -1455.87 595.068
0 0 292 36901.4 -293.028 -1456.55 595.061
0 0 293 36901.4 -292.915 -1456.33 595.355
0 0 294 36901.2 -292.793 -1456.06 594.968
0 0 295 36901.5 -292.399 -1456.49 595.049
0 0 296 36902 -292.614 -1455.73 595.09
0 0 297 36901.4 -292.807 -1456.31 594.849
0 0 298 36901.8 -292.401 -1455.8 594.936
0 0 299 36901.6 -292.743 -1456.28 594.784
0 0 300 36901.3 -292.638 -1456.07 594.739
0 0 301 36901.1 -292.802 -1456.44 595.429
0 0 302 36901.5 -292.718 -1456.55 595.532
0 0 303 36901.6 -292.709 -1455.7 595.245
0 0 304 36901.9 -292.776 -1456.14 594.987
0 0 305 36901.5 -292.675 -1455.92 594.948
0 0 306 36901.3 -292.563 -1456.26 595.152
0 0 307 36901.9 -292.56 -1456.54 595.458
0 0 308 36901.2 -292.829 -1456.35 595.065
0 0 309 36901.5 -292.939 -1456.34 595.681
0 0 310 36901.4 -292.635 -1455.98 595.423
0 0 311 36900.9 -292.182 -1455.86 595.097
0 0 312 36901.3 -293.224 -1456.14 595.568
0 0 313 36901 -292.881 -1455.73 595.245
0 0 314 36901.4 -292.928 -1456.01 595.31
0 0 315 36901.5 -292.935 -1455.99 595.181
0 0 316 36901.4 -292.347 -1456.5 595.181
0 0 317 36901.2 -292.153 -1456.44 594.745
0 0 318 36901.6 -293.035 -1455.97 595.065
0 0 319 36901.4 -292.165 -1456.04 595.497
0 0 320 36902.1 -293.236 -1456.64 594.7
0 0 321 36901.8 -292.449 -1455.76 595.323
0 0 322 36901.5 -292.114 -1455.76 595.087
0 0 323 36901.6 -292.528 -1456.27 594.745
0 0 324 36901.6 -292.706 -1455.75 595.374
0 0 325 36901.2 -293.07 -1455.87 595.158
0 0 326 36901.4 -292.487 -1456.23 594.974
0 0 327 36901.8 -293.098 -1456.24 594.948
0 0 328 36901.1 -292.644 -1456.13 594.929
0 0 329 36901.8 -292.501 -1456.17 595.239
0 0 330 36901.7 -292.505 -1455.74 594.907
0 0 331 36901.4 -292.542 -1456.21 595.471
0 0 332 36901.7 -292.626 -1456.28 595.087
0 0 333 36901.4 -292.518 -1455.96 595.013
0 0 334 36901.4 -293.108 -1455.62 595.081
0 0 335 36901.4 -293.077 -1455.85 595.29
0 0 336 36901.4 -292.433 -1456.01 594.781
0 0 337 36900.8 -292.814 -1455.79 595.952
0 0 338 36901.3 -292.573 -1455.7 595.103
0 0 339 36901 -292.926 -1455.96 594.855
0 0 340 36901.3 -292.795 -1455.29 594.984
0 0 341 36901.6 -292.574 -1456.04 595.426
0 0 342 36901.6 -292.916 -1456.03 595.471
0 0 343 36901.1 -293.417 -1456.22 595.826
0 0 344 36901.7 -292.708 -1456.1 595.361
0 0 345 36901.5 -292.485 -1455.75 594.923
0 0 346 36901.7 -293 -1456.41 594.568
0 0 347 36901.2 -293.023 -1455.35 595.674
0 0 348 36901.6 -292.655 -1455.59 595.239
0 0 349 36901.4 -292.835 -1455.77 594.878
0 0 350 36901.2 -292.921 -1455.69 595.055
0 0 351 36901.1 -292.83 -1455.57 595.387
0 0 352 36901.1 -293.234 -1456.17 595.7
0 0 353 36901.1 -292.572 -1455.66 595.368
0 0 354 36901.3 -292.741 -1456.27 595.161
0 0 355 36901.6 -292.936 -1455.73 595.439
0 0 356 36901 -292.802 -1456.16 594.994
0 0 357 36900.3 -293.458 -1455.6 594.932
0 0 358 36901.2 -292.858 -1455.92 595.265
0 0 359 36900.8 -292.919 -1456.09 594.768
0 0 360 36901.3 -293.206 -1455.9 595.094
0 0 361 36900.9 -293.207 -1455.69 595.519
0 0 362 36901.1 -292.435 -1455.6 595.281
0 0 363 36901.4 -293.043 -1455.47 595.581
0 0 364 36900.9 -292.96 -1455.86 595.487
0 0 365 36900.6 -292.943 -1456.16 595.387
0 0 366 36900.7 -292.39 -1455.04 595.242
0 0 367 36900.9 -293.233 -1456.02 595.055
0 0 368 36901.2 -292.963 -1455.82 595.365
0 0 369 36901.3 -292.885 -1456.08 595.378
0 0 370 36901.4 -293.228 -1455.66 594.79
0 0 371 36901.4 -293.208 -1455.68 595.552
0 0 372 36901.2 -292.985 -1455.87 595.419
0 0 373 36901 -293.19 -1455.72 595.623
0 0 374 36901 -293.282 -1455.84 595.516
0 0 375 36901.2 -293.512 -1455.59 595.823
0 0 376 36901.6 -292.881 -1456.06 595.39
0 0 377 36900.7 -292.801 -1456.09 595.148
0 0 378 36901.5 -293.158 -1455.87 594.755
0 0 379 36901.3 -293.158 -1456.23 595.213
0 0 380 36901.1 -293.373 -1455.13 595.497
0 0 381 36900.9 -293.4 -1455.8 595.4
0 0 382 36900.7 -292.964 -1455.46 595.39
0 0 383 36900.6 -292.692 -1455.4 595.239
0 0 384 36901.2 -292.704 -1455.74 595.523
0 0 385 36901.1 -292.74 -1455.66 595.055
0 0 386 36901.4 -293.275 -1456.52 595.513
0 0 387 36900.7 -292.656 -1455.33 595.216
0 0 388 36901.2 -293.017 -1455.31 595.294
0 0 389 36901.3 -292.995 -1456.1 595.307
0 0 390 36901.1 -293.19 -1456.05 595.148
0 0 391 36900.9 -293.059 -1455.89 594.952
0 0 392 36900.9 -293.183 -1456.01 595.665
0 0 393 36901.2 -293.005 -1455.9 595.7
0 0 394 36901 -293.342 -1455.86 595.597
0 0 395 36900.9 -293.362 -1455.68 595.087
0 0 396 36901 -292.935 -1455.63 595.778
0 0 397 36901.1 -292.725 -1455.71 595.416
0 0 398 36900.6 -292.839 -1456.3 594.913
0 0 399 36900.8 -293.042 -1456.06 594.936
0 0 400 36900.8 -293.373 -1455.22 595.271
0 0 401 36901.1 -292.762 -1455.14 595.313
0 0 402 36901.6 -292.627 -1455.4 595.123
0 0 403 36901.3 -293.221 -1455.47 594.823
0 0 404 36901.4 -292.736 -1455.6 594.932
0 0 405 36901.2 -292.95 -1455.87 595.129
0 0 406 36901 -293.346 -1455.71 595.487
0 0 407 36901.3 -292.903 -1455.74 595.865
0 0 408 36901.5 -292.94 -1455.83 595.361
0 0 409 36901.5 -293.299 -1455.73 595.681
0 0 410 36901.5 -292.684 -1456.32 595.623
0 0 411 36901 -293.274 -1455.56 595.758
0 0 412 36901.2 -292.499 -1455.77 596.19
0 0 413 36901.4 -292.669 -1456.19 594.681
0 0 414 36901.3 -293.35 -1455.83 595.184
0 0 415 36901.4 -293.054 -1455.44 595.194
0 0 416 36901.4 -293.378 -1456.38 595.329
0 0 417 36901 -292.999 -1455.17 595.178
0 0 418 36901.4 -293.218 -1455.31 595.12
0 0 419 36901.5 -292.849 -1455.78 595.358
0 0 420 36901 -292.778 -1455.75 595.116
0 0 421 36901.3 -292.427 -1455.39 595.074
0 0 422 36901 -293.012 -1455.45 595.029
0 0 423 36901.1 -292.636 -1454.82 595.129
0 0 424 36901.3 -292.546 -1456.2 595.865
0 0 425 36901.7 -292.675 -1455.73 595.452
0 0 426 36901.7 -293.26 -1455.48 595.094
0 0 427 36902 -292.631 -1455.65 595.797
0 0 428 36902.1 -292.894 -1455.25 595.542
0 0 429 36901.4 -293.351 -1455.45 595.352
0 0 430 36901.6 -293.26 -1455.35 594.878
0 0 431 36902.1 -292.898 -1455.54 595.013
0 0 432 36901.6 -292.777 -1455.35 595.116
0 0 433 36901.9 -292.433 -1454.93 595.49
0 0 434 36902.7 -292.55 -1455.73 595.378
0 0 435 36901.9 -292.465 -1455 595.313
0 0 436 36901.6 -292.054 -1455.11 595.384
0 0 437 36902.6 -292.008 -1454.78 595.239
0 0 438 36902.6 -292.279 -1455.13 595.519
0 0 439 36901.8 -291.883 -1454.77 595.768
0 0 440 36902.5 -291.875 -1454.88 595.655
0 0 441 36902.6 -292.087 -1454.64 595.161
0 0 442 36902.4 -292.023 -1454.95 595.161
0 0 443 36902.5 -291.831 -1454.51 595.613
0 0 444 36902.5 -291.769 -1454.48 594.878
0 0 445 36903.3 -291.467 -1454.26 595.429
0 0 446 36903.7 -291.04 -1454.26 595.578
0 0 447 36903.4 -290.639 -1454.29 595.468
0 0 448 36903.8 -291.244 -1454.21 595.342
0 0 449 36904.4 -291.032 -1453.88 594.971
0 0 450 36904.2 -291.238 -1454.17 595.497
0 0 451 36903.8 -290.941 -1453.7 595.142
0 0 452 36903.5 -291.115 -1453.52 594.929
0 0 453 36903.3 -291.564 -1454.09 595.565
0 0 454 36903.2 -291.376 -1454.54 595.178
0 0 455 36903 -292.126 -1454.48 594.955
0 0 456 36902.3 -291.972 -1454.35 595.584
0 0 457 36901.7 -292.447 -1455.17 595.29
0 0 458 36902 -292.466 -1454.78 595.3
0 0 459 36902.2 -292.619 -1455.16 595.681
0 0 460 36902.2 -291.998 -1455.01 594.768
0 0 461 36902.5 -291.824 -1454.78 595.419
0 0 462 36902.9 -291.878 -1453.94 595.268
0 0 463 36903.6 -291.577 -1453.53 595.632
0 0 464 36903.1 -291.485 -1454.06 595.178
0 0 465 36903.9 -291.132 -1453.52 595.3
0 0 466 36903.9 -290.75 -1453.83 595.539
0 0 467 36903.4 -291.666 -1453.25 595.013
0 0 468 36903.8 -291.192 -1454.15 595.145
0 0 469 36902.9 -291.572 -1453.18 595.394
0 0 470 36903.3 -291.347 -1453.59 595.29
0 0 471 36902.7 -292.186 -1454.19 594.59
0 0 472 36902.5 -292.084 -1454.3 595.158
0 0 473 36901.8 -292.381 -1454.48 595.239
0 0 474 36902.6 -292.367 -1454.51 595.049
0 0 475 36901.5 -292.5 -1455 595.368
0 0 476 36902.3 -292.273 -1454.38 594.636
0 0 477 36901.7 -292.678 -1455.18 594.79
0 0 478 36901.5 -292.763 -1454.53 595.3
0 0 479 36901.8 -293.216 -1455.08 595.213
0 0 480 36901.3 -293.196 -1455.51 594.942
0 0 481 36901.5 -293.037 -1454.98 595.116
0 0 482 36901.4 -292.976 -1455.29 595.526
0 0 483 36901.4 -292.744 -1455.85 595.123
0 0 484 36900.7 -292.819 -1455.44 595.336
0 0 485 36901.4 -293.146 -1455.45 595.545
0 0 486 36901.3 -293.052 -1455.62 595.416
0 0 487 36901 -293.208 -1455.75 595.249
0 0 488 36900.8 -293.011 -1455.18 595.171
0 0 489 36901.1 -293.215 -1455.81 595.436
0 0 490 36901.1 -292.653 -1455.77 595.636
0 0 491 36901.3 -292.942 -1455.83 595.184
0 0 492 36901.1 -292.896 -1455.66 595.184
0 0 493 36900.3 -293.063 -1455.53 595.09
0 0 494 36900.7 -293.092 -1455.75 595.332
0 0 495 36900.9 -292.811 -1455.3 595.065
0 0 496 36900.6 -293.136 -1455.58 595.319
0 0 497 36900.3 -293.045 -1455.56 595.61
0 0 498 36900.7 -293.501 -1455.74 595.381
0 0 499 36900.6 -293.314 -1455.49 595.529
0 0 500 36900.6 -293.247 -1455.87 595.461
0 0 501 36900.2 -293.076 -1455.65 595.41
0 0 502 36900.9 -293.239 -1455.38 594.836
0 0 503 36900.2 -292.868 -1456.04 595.303
0 0 504 36900.6 -293.232 -1455.74 595.055
0 0 505 36900.4 -293.232 -1455.84 595.468
0 0 506 36901 -293.346 -1456.17 595.136
0 0 507 36900.9 -293.216 -1455.9 594.632
0 0 508 36900.8 -293.28 -1456.34 595.274
0 0 509 36900.5 -293.173 -1456.14 595.336
0 0 510 36900.6 -292.704 -1455.69 594.858
0 0 511 36900.5 -292.833 -1455.96 595.858
0 0 512 36900.8 -293.477 -1455.88 595.378
0 0 513 36900.5 -293.253 -1455.7 594.636
0 0 514 36900.8 -293.419 -1455.41 594.955
0 0 515 36900.6 -293.459 -1456.03 595.448
0 0 516 36900.7 -293.46 -1455.63 594.926
0 0 517 36900.4 -293.372 -1455.56 595.603
0 0 518 36900.7 -293.844 -1455.59 595.729
0 0 519 36900.7 -293.419 -1455.76 595.519
0 0 520 36900.6 -293.204 -1456.09 595.471
0 0 521 36900.2 -293.538 -1456.13 595.974
0 0 522 36900.6 -293.261 -1456.1 595.461
0 0 523 36900.6 -293.632 -1455.89 595.687
0 0 524 36900.1 -293.415 -1455.98 595.142
0 0 525 36900.6 -292.92 -1455.6 595.258
0 0 526 36900.4 -293.13 -1455.51 595.968
0 0 527 36900.7 -292.499 -1455.49 594.945
0 0 528 36900.7 -293.036 -1456 595.403
0 0 529 36901 -293.839 -1455.82 595.445
0 0 530 36900.6 -293.396 -1455.84 595.471
0 0 531 36900.8 -293.663 -1455.56 595.755
0 0 532 36900 -292.912 -1455.89 595.452
0 0 533 36901.1 -293.595 -1455.07 595.623
0 0 534 36900.6 -294.079 -1456.23 595.242
0 0 535 36900.4 -292.987 -1456 595.232
0 0 536 36900.4 -293.382 -1456.19 595.078
0 0 537 36900.7 -293.538 -1455.79 594.923
0 0 538 36900.7 -293.185 -1456.72 594.974
0 0 539 36901.1 -293.475 -1456.26 595.507
0 0 540 36900.6 -292.976 -1455.89 595.232
0 0 541 36899.9 -293.234 -1456 594.881
0 0 542 36901.2 -293.014 -1456.01 595.261
0 0 543 36900.5 -293.511 -1456.08 594.994
0 0 544 36900.8 -293.289 -1456.13 594.971
0 0 545 36900.5 -293.544 -1455.97 595.097
0 0 546 36900.7 -292.948 -1455.61 595.255
0 0 547 36900.2 -293.647 -1455.74 595.368
0 0 548 36900.4 -292.559 -1455.97 595.116
0 0 549 36900.4 -292.704 -1456.72 595.397
0 0 550 36900.9 -293.656 -1455.78 595.126
0 0 551 36900.7 -293.31 -1455.94 594.794
0 0 552 36900.4 -293.336 -1456.07 595.355
0 0 553 36900.5 -293.665 -1456.5 595.203
0 0 554 36900.1 -293.742 -1455.92 595.378
0 0 555 36901 -293.535 -1456.09 595.12
0 0 556 36900.6 -293.402 -1455.7 595.049
0 0 557 36900.8 -292.817 -1456.14 594.952
0 0 558 36900.5 -293.883 -1455.9 595.142
0 0 559 36900.4 -293.848 -1455.92 595.581
0 0 560 36900.9 -293.132 -1456.07 595.19
0 0 561 36899.9 -293.28 -1455.89 595.274
0 0 562 36900.2 -293.378 -1455.93 595.358
0 0 563 36900.5 -293.735 -1455.8 595.416
0 0 564 36900.8 -292.974 -1455.5 595.474
0 0 565 36900.9 -293.377 -1455.83 595.416
0 0 566 36900.5 -293.371 -1455.16 595.719
0 0 567 36900.6 -293.516 -1455.73 595.339
0 0 568 36900.7 -293.578 -1455.17 595.029
0 0 569 36899.9 -293.772 -1456.3 595.342
0 0 570 36900.7 -293.469 -1455.83 595.313
0 0 571 36900.3 -293.495 -1456.26 595.403
0 0 572 36900.4 -293.892 -1455.85 595.497
0 0 573 36900.2 -293.351 -1456.1 595.665
0 0 574 36900.3 -293.091 -1456.02 595.087
0 0 575 36900.2 -293.448 -1456.12 595.203
0 0 576 36900.4 -293.241 -1456.31 595.11
0 0 577 36900.4 -292.603 -1455.42 595.371
0 0 578 36901 -293.211 -1455.8 595.374
0 0 579 36900.7 -293.799 -1455.88 594.752
0 0 580 36900.4 -292.764 -1455.86 595.174
0 0 581 36900.3 -293.265 -1455.96 594.978
0 0 582 36900.6 -293.531 -1455.54 595.116
0 0 583 36900.8 -292.842 -1455.73 595.584
0 0 584 36900.8 -293.137 -1455.64 595.439
0 0 585 36900.5 -293.437 -1455.78 595.184
0 0 586 36899.4 -293.934 -1455.65 595.023
0 0 587 36899.9 -293.254 -1455.66 595.107
0 0 588 36900.5 -293.077 -1456 595.097
0 0 589 36900.8 -293.336 -1456.4 595.803
0 0 590 36900.6 -292.886 -1455.71 595.578
0 0 591 36900.3 -293.77 -1456.02 595.558
0 0 592 36900.4 -293.285 -1456.53 595.094
0 0 593 36901.1 -293.52 -1456.35 594.961
0 0 594 36900.5 -293.819 -1456.07 595.407
0 0 595 36900.6 -293.118 -1456.13 595.6
0 0 596 36900.8 -293.374 -1455.92 595.287
0 0 597 36900.7 -292.732 -1455.71 595.174
0 0 598 36901 -293.229 -1455.77 594.99
0 0 599 36900.2 -293.357 -1455.98 595.31
0 0 600 36900.6 -293.684 -1455.6 595.058
0 0 601 36900.5 -293.562 -1455.73 594.752
0 0 602 36901.1 -293.458 -1455.73 595.5
0 0 603 36900 -293.498 -1456.4 595.268
0 0 604 36900.7 -293.599 -1455.82 595.429
0 0 605 36900.5 -293.087 -1455.53 594.865
0 0 606 36900.2 -293.06 -1455.94 595.245
0 0 607 36900.6 -293.449 -1455.82 595.171
0 0 608 36900.2 -293.598 -1455.91 595.239
0 0 609 36900.7 -293.471 -1455.69 594.881
0 0 610 36900.7 -292.811 -1455.83 594.484
0 0 611 36900.5 -293.599 -1455.74 595.468
0 0 612 36900.8 -293.289 -1456.39 595.307
0 0 613 36900.6 -293.225 -1455.77 595.658
0 0 614 36900.7 -293.444 -1455.91 595.59
0 0 615 36900.8 -292.828 -1456.25 595.623
0 0 616 36900.5 -293.714 -1456.09 595.407
0 0 617 36900.7 -293.386 -1455.98 594.629
0 0 618 36901.2 -292.932 -1456.37 595
0 0 619 36900.4 -293.459 -1455.61 594.936
0 0 620 36900.2 -293.599 -1455.8 595.081
0 0 621 36900.8 -293.217 -1456.04 595.278
0 0 622 36900.5 -293.829 -1455.68 595.884
0 0 623 36900.6 -293.354 -1455.83 594.903
0 0 624 36900.4 -293.065 -1455.84 595.619
0 0 625 36900.7 -293.462 -1456.56 594.978
0 0 626 36900.4 -292.982 -1455.68 595.349
0 0 627 36900.6 -293.373 -1455.79 595.026
0 0 628 36900.6 -293.079 -1455.98 595.736
0 0 629 36900.7 -293.029 -1456.45 595.616
0 0 630 36900.9 -293.12 -1456.12 595.2
0 0 631 36900.9 -292.912 -1455.98 595.219
0 0 632 36900.4 -293.387 -1456.31 594.987
0 0 633 36900.5 -293.232 -1455.97 595.642
0 0 634 36900.2 -293.434 -1456.38 595.219
0 0 635 36900.9 -294.068 -1455.92 595.726
0 0 636 36900.7 -293.865 -1455.54 595.665
0 0 637 36900.3 -293.115 -1455.85 595.029
0 0 638 36900.4 -293.775 -1456.3 595.058
0 0 639 36900.7 -293.172 -1456.04 595.139
0 0 640 36900.7 -292.943 -1455.97 595.568
0 0 641 36900.5 -293.025 -1456.25 595.342
0 0 642 36901.1 -293.549 -1456.19 595.51
0 0 643 36900.5 -293.434 -1456.01 595.126
0 0 644 36900.5 -293.062 -1455.95 595.403
0 0 645 36900.5 -293.087 -1455.54 595.265
0 0 646 36900.6 -293.545 -1455.97 595.452
0 0 647 36900.9 -293.165 -1456.21 595.032
0 0 648 36900.8 -293.797 -1456.1 595.129
0 0 649 36901 -292.961 -1455.71 595.755
0 0 650 36900.7 -293.094 -1456.2 595.287
0 0 651 36900.3 -293.279 -1455.88 595.419
0 0 652 36900.9 -293.303 -1456.43 595.2
0 0 653 36900.4 -293.371 -1455.67 594.997
0 0 654 36900.5 -293.145 -1456 595.132
0 0 655 36900.4 -292.926 -1455.65 595.252
0 0 656 36900.3 -293.599 -1455.28 595.655
0 0 657 36900.6 -293.536 -1455.99 595.726
0 0 658 36900.4 -293.242 -1455.9 595.045
0 0 659 36900.7 -292.922 -1456.4 595.181
0 0 660 36900.4 -293.302 -1455.59 595.713
0 0 661 36900.5 -293.46 -1456.41 595.597
0 0 662 36900.6 -293.658 -1456.01 595.274
0 0 663 36899.9 -293.357 -1455.83 595.965
0 0 664 36900.4 -293.088 -1456.17 595.49
0 0 665 36900.8 -293.052 -1456.24 594.745
0 0 666 36900.2 -292.97 -1456.03 595.507
0 0 667 36900.5 -293.564 -1456.16 595.355
0 0 668 36900.5 -293.295 -1455.94 595.21
0 0 669 36901.1 -293.458 -1455.73 594.884
0 0 670 36900.7 -292.879 -1455.83 595.381
0 0 671 36900.7 -292.971 -1456.3 594.932
0 0 672 36900.6 -293.466 -1455.98 595.329
0 0 673 36900.3 -293.399 -1456.42 595.584
0 0 674 36900.2 -293.464 -1455.95 595.084
0 0 675 36900.4 -293.553 -1455.84 595.436
0 0 676 36900.8 -292.909 -1455.86 594.597
0 0 677 36900.5 -293.741 -1456.11 595.529
0 0 678 36900 -293.955 -1455.89 595.271
0 0 679 36900.5 -293.201 -1455.87 595.01
0 0 680 36900.4 -293.644 -1456.07 594.678
0 0 681 36900.6 -292.93 -1455.83 595.178
0 0 682 36900.8 -293.195 -1456.12 595.016
0 0 683 36900.3 -293.06 -1455.77 595.297
0 0 684 36901.1 -293.363 -1456.7 595.574
0 0 685 36900.7 -293.236 -1456.17 595.023
0 0 686 36900.6 -293.78 -1455.74 595.049
0 0 687 36900.7 -293.307 -1456.19 595.423
0 0 688 36901 -292.505 -1456.08 595.258
0 0 689 36900.4 -293.117 -1455.9 595.249
0 0 690 36901.1 -293.166 -1456.09 595.507
0 0 691 36900.4 -293.078 -1455.89 594.532
0 0 692 36900.1 -292.687 -1455.99 595.429
0 0 693 36900.6 -293.119 -1456.03 594.832
0 0 694 36900.7 -293.089 -1456.15 595.465
0 0 695 36900.7 -293.67 -1455.94 595.729
0 0 696 36900.8 -293.009 -1455.92 594.836
0 0 697 36899.8 -293.457 -1456.1 595.397
0 0 698 36900.2 -292.96 -1456.08 595.639
0 0 699 36900.6 -293.643 -1455.81 595.49
0 0 700 36900.7 -293.327 -1455.95 595.068
0 0 701 36900.6 -293.118 -1456.39 595.471
0 0 702 36900.4 -293.557 -1455.59 595.249
0 0 703 36900.5 -292.779 -1455.7 595.019
0 0 704 36900.4 -293.168 -1456.13 595.507
0 0 705 36900.3 -293.008 -1455.91 595.123
0 0 706 36900.2 -293.626 -1455.73 595.829
0 0 707 36900.6 -293.415 -1456.15 595.323
0 0 708 36900.6 -292.933 -1455.46 594.99
0 0 709 36900.3 -293.386 -1456.26 595.2
0 0 710 36900.7 -293.499 -1456.24 595.274
0 0 711 36900.3 -293.109 -1455.89 595.332
0 0 712 36900.8 -293.235 -1456.21 595.842
0 0 713 36900.3 -293.16 -1455.81 594.968
0 0 714 36900.4 -293.338 -1455.47 595.468
0 0 715 36900.6 -293.178 -1455.58 595.065
0 0 716 36900.4 -293.588 -1456.36 595.39
0 0 717 36900.5 -293.391 -1455.34 595.448
0 0 718 36900.5 -293.303 -1456.03 595.171
0 0 719 36900.6 -293.132 -1455.64 595.319
0 0 720 36900.5 -293.572 -1456.01 595.665
0 0 721 36901.1 -293.143 -1456.2 594.99
0 0 722 36900.5 -293.959 -1456.26 595.236
0 0 723 36900.5 -293.212 -1455.88 595.584
0 0 724 36900.8 -293.046 -1456.03 595.197
0 0 725 36900.5 -293.21 -1455.91 595.326
0 0 726 36901.3 -293.604 -1456.4 595.336
0 0 727 36900.7 -293.371 -1455.91 595.678
0 0 728 36900.8 -293.532 -1455.8 595.2
0 0 729 36900.6 -292.901 -1456.14 594.961
0 0 730 36900.4 -293.607 -1455.55 595.029
0 0 731 36900.6 -293.033 -1455.84 595.578
0 0 732 36900.4 -292.969 -1455.94 595.687
0 0 733 36901.4 -293.374 -1455.94 595.19
0 0 734 36900.1 -293.547 -1456 595.303
0 0 735 36900.5 -293.722 -1456.04 595.2
0 0 736 36900.6 -293.339 -1455.94 595.384
0 0 737 36900.6 -293.366 -1455.5 595.819
0 0 738 36900.8 -293.977 -1456.5 595.5
0 0 739 36900.7 -293.351 -1455.98 595.619
0 0 740 36900.8 -293.571 -1455.79 594.774
0 0 741 36900.5 -292.835 -1455.52 594.697
0 0 742 36900.7 -293.214 -1456.17 595.561
0 0 743 36900.6 -293.37 -1455.63 595.578
0 0 744 36900.4 -293.096 -1455.91 595.297
0 0 745 36900.7 -293.544 -1455.99 595.097
0 0 746 36900.3 -293.565 -1455.96 595.503
0 0 747 36900.5 -293.242 -1456.13 595.671
0 0 748 36900.6 -292.99 -1456.03 595.619
0 0 749 36900.4 -293.215 -1456.34 595.316
0 0 750 36900.8 -293.295 -1456.28 595.587
0 0 751 36901 -293.493 -1455.84 595.052
0 0 752 36900.6 -293.519 -1456 595.358
0 0 753 36900.8 -292.787 -1455.94 595.126
0 0 754 36900.7 -293.235 -1456.32 595.419
0 0 755 36900.9 -293.178 -1456.2 595.552
0 0 756 36900.6 -293.175 -1455.82 595.594
0 0 757 36900.5 -293.385 -1456.05 595.113
0 0 758 36901 -293.507 -1456.46 594.903
0 0 759 36900.7 -293.372 -1456.2 595.236
0 0 760 36901 -293.042 -1455.83 594.832
0 0 761 36900.5 -293.526 -1456.29 595.036
0 0 762 36900.8 -293.542 -1455.6 595.352
0 0 763 36900.5 -292.69 -1456.15 595.107
0 0 764 36900.9 -293.44 -1455.83 595.526
0 0 765 36900.7 -293.299 -1455.96 595.274
0 0 766 36900.7 -293.632 -1455.44 595.594
0 0 767 36900.7 -293.159 -1455.94 595.619
0 0 768 36900.4 -293.201 -1456.06 595.378
0 0 769 36900.1 -293.389 -1455.45 595.129
0 0 770 36900.6 -293.358 -1456 595.752
0 0 771 36900.8 -293.159 -1456.31 595.09
0 0 772 36901 -293.139 -1456.16 594.971
0 0 773 36900.8 -293.748 -1455.7 595.426
0 0 774 36901.1 -293.475 -1456.09 595.371
0 0 775 36900.2 -293.66 -1455.98 595.419
0 0 776 36900.7 -293.709 -1455.45 595.1
0 0 777 36901 -293.102 -1455.61 595.216
0 0 778 36900.7 -293.741 -1455.85 595.081
0 0 779 36900.6 -293.071 -1455.86 594.865
0 0 780 36900.7 -293.371 -1455.63 595.807
0 0 781 36900.5 -293.333 -1455.63 595.526
0 0 782 36900.1 -293.254 -1455.5 595.281
0 0 783 36900.3 -293.098 -1456.52 595.597
0 0 784 36900.9 -293.553 -1455.65 595.123
0 0 785 36901.2 -293.551 -1456.02 595.484
0 0 786 36900.8 -293.516 -1455.95 595.019
0 0 787 36900.2 -293.287 -1455.76 595.319
0 0 788 36900.7 -294.183 -1455.73 594.961
0 0 789 36901.1 -292.952 -1455.78 595.126
0 0 790 36901.3 -293.622 -1455.57 595.255
0 0 791 36900.6 -293.635 -1456.21 594.984
0 0 792 36900.6 -293.308 -1455.71 595.139
0 0 793 36900.4 -293.316 -1456.44 595.171
0 0 794 36901.1 -293.381 -1456.09 595.358
0 0 795 36900.3 -293.257 -1456.41 594.632
0 0 796 36901 -293.817 -1455.57 595.552
0 0 797 36900.7 -293.382 -1456.37 595.165
0 0 798 36901.2 -293.038 -1455.96 595.371
0 0 799 36900.5 -293.31 -1456.13 595.271
0 0 800 36900.6 -293.016 -1455.84 596.019
0 0 801 36901.3 -293.842 -1455.96 595.223
0 0 802 36901 -293.256 -1455.61 595.294
0 0 803 36900.8 -293.539 -1455.37 595.545
0 0 804 36901 -293.727 -1456.16 595.394
0 0 805 36901 -293.916 -1455.69 594.99
0 0 806 36901.2 -292.847 -1455.93 595.494
0 0 807 36901.4 -293.32 -1455.96 595.497
0 0 808 36900.9 -293.396 -1455.64 595.584
0 0 809 36900.8 -293.23 -1456.54 595.545
0 0 810 36900.7 -294.041 -1456 595.165
0 0 811 36900.9 -292.865 -1456.16 594.671
0 0 812 36900.8 -293.937 -1455.41 595.403
0 0 813 36901.2 -293.148 -1455.17 595.381
0 0 814 36900.9 -293.007 -1455.46 595.761
0 0 815 36901 -293.338 -1455.64 595.326
0 0 816 36900.8 -293.283 -1455.69 595.658
0 0 817 36901.3 -293.657 -1456.03 594.955
0 0 818 36901.2 -293.803 -1456.02 595.748
0 0 819 36900.6 -293.719 -1455.63 595.536
0 0 820 36901.5 -293.021 -1455.93 595.278
0 0 821 36901.1 -293.463 -1456.13 595.768
0 0 822 36900.9 -293.839 -1455.6 595.71
0 0 823 36901.3 -293.747 -1455.8 595.719
0 0 824 36901.9 -293.416 -1455.97 595.361
0 0 825 36901.2 -293.684 -1455.38 595.29
0 0 826 36901.8 -293.446 -1455.62 595.497
0 0 827 36901.2 -293.791 -1455.35 596.045
0 0 828 36901.6 -294.502 -1455.29 595.713
0 0 829 36901.5 -294.174 -1455.59 595.174
0 0 830 36901.2 -294.018 -1456.03 595.036
0 0 831 36901.7 -294.001 -1455.79 595.245
0 0 832 36901.3 -294.155 -1455.64 595.058
0 0 833 36901 -294.192 -1456.14 595.365
0 0 834 36901.1 -293.909 -1455.66 595.639
0 0 835 36901.1 -294.063 -1456.13 595.297
0 0 836 36900.9 -293.558 -1456.03 595.242
0 0 837 36901.2 -293.665 -1455.45 594.894
0 0 838 36901.1 -293.786 -1455.54 595.31
0 0 839 36901.5 -293.663 -1455.92 596.048
0 0 840 36901.2 -293.766 -1455.53 595.49
0 0 841 36901.3 -293.951 -1456.24 595.116
0 0 842 36901.3 -293.998 -1456.14 595.465
0 0 843 36901 -293.34 -1456.14 595.297
0 0 844 36901 -293.702 -1455.48 595.419
0 0 845 36901.4 -293.511 -1455.65 595.426
0 0 846 36900.8 -293.603 -1456.28 595.203
0 0 847 36900.9 -294.024 -1456.1 595.274
0 0 848 36901.4 -293.981 -1455.77 595.668
0 0 849 36901.3 -293.8 -1455.91 595.587
0 0 850 36901.3 -293.693 -1455.97 595.41
0 0 851 36901.3 -293.768 -1456.42 595.648
0 0 852 36900.9 -293.772 -1455.54 595.155
0 0 853 36901.9 -294.022 -1456.06 595.542
0 0 854 36901.5 -294.094 -1455.92 595.416
0 0 855 36901.3 -293.856 -1455.05 595.581
0 0 856 36901.5 -294.583 -1455.48 595.458
0 0 857 36901.3 -293.87 -1455.64 595.094
0 0 858 36901.8 -294.089 -1455.64 595.713
0 0 859 36902 -294.536 -1455.54 595.6
0 0 860 36901.9 -294.353 -1455.26 595.458
0 0 861 36901.8 -294.144 -1455.48 595.432
0 0 862 36901.7 -294.56 -1455.86 595.545
0 0 863 36901.2 -293.807 -1455.61 595.549
0 0 864 36901.9 -293.782 -1455.66 595.303
0 0 865 36901.4 -294.214 -1455.92 595.626
0 0 866 36902.3 -294.087 -1455.8 595.719
0 0 867 36901.7 -294.733 -1456.06 595.826
0 0 868 36901.7 -294.264 -1455.54 596.158
0 0 869 36901.9 -294.419 -1455.45 595.613
0 0 870 36902 -294.158 -1455.56 596.358
0 0 871 36902 -294.34 -1455.21 595.681
0 0 872 36901.8 -294.138 -1455.5 595.7
0 0 873 36901.7 -294.679 -1455.52 595.197
0 0 874 36902 -294.583 -1455.18 595.407
0 0 875 36901.4 -294.33 -1455.41 595.819
0 0 876 36901.8 -294.205 -1455.7 595.49
0 0 877 36902 -294.363 -1455.63 595.832
0 0 878 36902.5 -294.37 -1455.87 595.494
0 0 879 36902 -294.152 -1455.75 595.836
0 0 880 36902.2 -295.031 -1455.96 595.413
0 0 881 36902.3 -294.349 -1456.16 595.349
0 0 882 36902.1 -294.812 -1455.37 595.59
0 0 883 36902.1 -294.646 -1455.07 595.4
0 0 884 36901.8 -294.665 -1454.79 595.607
0 0 885 36902.2 -294.811 -1455.8 596.397
0 0 886 36902.1 -294.778 -1455.5 595.403
0 0 887 36902.1 -294.658 -1455.68 595.507
0 0 888 36902.5 -294.989 -1455.47 595.723
0 0 889 36902.2 -294.704 -1455.48 595.723
0 0 890 36902.3 -294.718 -1455.87 595.445
0 0 891 36901.7 -294.468 -1455.44 595.865
0 0 892 36902.7 -294.826 -1455.84 595.452
0 0 893 36901.8 -294.982 -1456.2 595.771
0 0 894 36902 -294.799 -1455.16 595.016
0 0 895 36901.9 -294.62 -1455.43 595.849
0 0 896 36902.1 -294.622 -1454.84 595.829
0 0 897 36901.9 -294.615 -1454.9 595.507
0 0 898 36902.5 -294.822 -1455.52 595.903
0 0 899 36902.4 -294.381 -1455.71 595.703
0 0 900 36902.6 -294.664 -1455.11 596.081
0 0 901 36902.3 -294.594 -1455.21 595.703
0 0 902 36902.4 -294.473 -1455.3 595.658
0 0 903 36901.5 -295.071 -1455.04 596.155
0 0 904 36902.7 -294.511 -1455.15 595.69
0 0 905 36902.5 -294.628 -1455.98 595.203
0 0 906 36902.2 -294.979 -1455.26 595.7
0 0 907 36902 -294.585 -1455.18 595.639
0 0 908 36902.3 -294.653 -1455.81 595.371
0 0 909 36901.9 -294.31 -1455.88 595.665
0 0 910 36902.4 -294.861 -1455.71 596.113
0 0 911 36901.6 -294.648 -1455.23 595.542
0 0 912 36901.7 -294.579 -1455.63 595.529
0 0 913 36902 -294.569 -1455.7 595.845
0 0 914 36902.5 -294.924 -1455.83 595.765
0 0 915 36902.1 -295.073 -1455.79 595.726
0 0 916 36901.6 -294.881 -1455.83 596.013
0 0 917 36901.7 -294.928 -1454.91 595.4
0 0 918 36901.6 -295.091 -1455.48 595.584
0 0 919 36902 -294.434 -1455.6 595.836
0 0 920 36902 -294.034 -1456.25 595.619
0 0 921 36902.1 -294.458 -1455.25 595.216
0 0 922 36901.7 -294.07 -1455.32 595.236
0 0 923 36902 -294.122 -1455.55 595.781
0 0 924 36901.8 -293.784 -1455.35 595.639
0 0 925 36901.8 -294.325 -1455.34 595.639
0 0 926 36901.9 -294.367 -1455.48 595.497
0 0 927 36902 -293.864 -1455.98 595.429
0 0 928 36901.4 -293.73 -1456 595.497
0 0 929 36901.8 -294.087 -1455.86 595.439
0 0 930 36901.8 -294.672 -1455.79 595.513
0 0 931 36901.8 -294.1 -1455.41 595.442
0 0 932 36901.8 -294.353 -1455.48 595.49
0 0 933 36901.5 -294.496 -1456.18 595.429
0 0 934 36901.8 -294.236 -1455.61 595.058
0 0 935 36901.6 -294.453 -1456.22 595.426
0 0 936 36901.5 -294.394 -1456.34 595.819
0 0 937 36901.8 -294.155 -1455.38 595.555
0 0 938 36901.6 -294.155 -1455.54 595.458
0 0 939 36901.6 -294.458 -1455.39 595.745
0 0 940 36901.4 -293.98 -1455.61 595.419
0 0 941 36901.5 -293.749 -1455.78 595.307
0 0 942 36901.1 -294.2 -1455.27 595.355
0 0 943 36901.7 -293.651 -1455.89 595.529
0 0 944 36901.6 -294.147 -1455.73 595.732
0 0 945 36901.5 -294.292 -1455.78 595.381
0 0 946 36901.7 -293.704 -1455.43 595.432
0 0 947 36901.3 -293.99 -1455.75 595.394
0 0 948 36901.3 -293.47 -1455.82 595.79
0 0 949 36901.7 -294.186 -1455.25 595.052
0 0 950 36901.6 -293.768 -1455.28 595.616
0 0 951 36901.8 -294.084 -1455.32 595.448
0 0 952 36901.4 -293.653 -1455.37 595.529
0 0 953 36901.2 -294.385 -1455.83 595.771
0 0 954 36901.8 -294.021 -1456.09 595.626
0 0 955 36901.6 -293.866 -1455.87 595.658
0 0 956 36901.2 -293.921 -1455.39 595.507
0 0 957 36901.9 -294.097 -1455.55 595.607
0 0 958 36901.7 -294.029 -1455.48 595.255
0 0 959 36901.6 -294.425 -1454.97 595.036
0 0 960 36901.4 -293.877 -1455.2 595.429
0 0 961 36901.9 -293.72 -1455.12 595.023
0 0 962 36901.8 -294.316 -1455.48 595.078
0 0 963 36901.7 -294.16 -1455.55 595.165
0 0 964 36901.4 -294.272 -1455.58 595.152
0 0 965 36902.1 -293.988 -1455.36 595.587
0 0 966 36901.6 -294.234 -1455.7 595.468
0 0 967 36902 -294.015 -1455.22 595.752
0 0 968 36901.7 -294.358 -1455.51 595.652
0 0 969 36902 -294.674 -1455.29 595.332
0 0 970 36902.2 -294.2 -1455.58 595.413
0 0 971 36902.2 -294.633 -1455.44 595.574
0 0 972 36901.4 -294.306 -1455.38 595.342
0 0 973 36902.2 -293.974 -1455.56 595.423
0 0 974 36901.9 -294.363 -1455.46 595.523
0 0 975 36901.8 -294.528 -1455.11 595.065
0 0 976 36901.7 -294.629 -1455.82 595.258
0 0 977 36902.1 -294.638 -1454.77 595.803
0 0 978 36902.5 -294.901 -1455.38 595.381
0 0 979 36902.1 -295.031 -1455.4 596.003
0 0 980 36901.9 -294.513 -1455.23 595.726
0 0 981 36902 -293.926 -1455.61 595.823
0 0 982 36902.2 -294.232 -1455.76 595.6
0 0 983 36902.1 -294.581 -1455.27 595.732
0 0 984 36902.6 -294.761 -1455.18 595.545
0 0 985 36901.8 -294.376 -1455.1 595.2
0 0 986 36902.5 -295.005 -1454.59 595.549
0 0 987 36902.7 -295.071 -1455.62 595.497
0 0 988 36902.9 -295 -1455.86 595.5
0 0 989 36902.6 -295.03 -1455.09 595.571
0 0 990 36903.1 -295.072 -1455.69 596.003
0 0 991 36902.7 -295.008 -1455.09 596.023
0 0 992 36903.2 -295.418 -1455.14 595.587
0 0 993 36904.1 -295.239 -1455.15 595.819
0 0 994 36903.7 -295.635 -1455.17 596.119
0 0 995 36903.7 -295.813 -1454.85 596.016
0 0 996 36904.7 -295.757 -1455.05 596.49
0 0 997 36904.3 -295.032 -1455.03 595.79
0 0 998 36904.6 -295.835 -1454.7 595.503
0 0 999 36905 -296.649 -1455.11 596.3
0 0 1000 36904.5 -296.204 -1454.79 596.536
0 0 1001 36905.3 -296.247 -1454.33 595.852
0 0 1002 36905.2 -296.448 -1454.26 596.023
0 0 1003 36904.9 -296.286 -1454.54 596.539
0 0 1004 36905.4 -296.456 -1454.21 596.607
0 0 1005 36904.8 -296.233 -1453.79 595.855
0 0 1006 36906 -296.423 -1454.73 596.713
0 0 1007 36905.1 -296.89 -1454.58 596.252
0 0 1008 36905.4 -296.277 -1454.48 596.023
0 0 1009 36905.9 -297.426 -1454.19 596.01
0 0 1010 36906.5 -297.337 -1454.4 596.845
0 0 1011 36906 -297.353 -1454.47 596.694
0 0 1012 36906.6 -297.155 -1454.74 596.148
0 0 1013 36906.8 -297.203 -1454.1 596.3
0 0 1014 36906.9 -297.496 -1454.71 596.616
0 0 1015 36907.1 -297.716 -1454.37 596.339
0 0 1016 36907.5 -297.579 -1454.47 596.61
0 0 1017 36907.5 -296.987 -1454.28 596.694
0 0 1018 36907.1 -297.159 -1454.34 596.471
0 0 1019 36908.1 -297.244 -1454.84 596.6
0 0 1020 36907.5 -297.351 -1454.6 596.742
0 0 1021 36908.3 -297.662 -1454.62 597.094
0 0 1022 36908.5 -297.589 -1454.08 596.755
0 0 1023 36908.6 -297.387 -1454.04 596.519
