0 0 0 0.105039
0 0 1 0.0663414
0 0 2 0.0139886
0 0 3 -0.0589835
0 0 4 -0.0247276
0 0 5 -0.0352749
0 0 6 0.0139886
0 0 7 0.026437
0 0 8 -0.0267566
0 0 9 0.00415419
0 0 10 0.0191252
0 0 11 0.0911468
0 0 12 0.0760478
0 0 13 0.131289
0 0 14 0.108037
0 0 15 -0.0577954
0 0 16 -0.0547975
0 0 17 -0.0156243
0 0 18 -0.0108168
0 0 19 0.0346994
0 0 20 0.0650252
0 0 21 0.00104665
0 0 22 0.0090714
0 0 23 -0.0636631
0 0 24 -0.0619814
0 0 25 -0.00639314
0 0 26 -0.0602997
0 0 27 -0.00268238
0 0 28 -0.0668986
0 0 29 -0.0198104
0 0 30 -0.00207916
0 0 31 0.108037
0 0 32 0.0668166
0 0 33 -0.06869
0 0 34 -0.034434
0 0 35 0.0941446
0 0 36 0.127084
0 0 37 0.0391413
0 0 38 -0.0728943
0 0 39 -0.152447
0 0 40 -0.198073
0 0 41 -0.156651
0 0 42 -0.0213641
0 0 43 0.000315471
0 0 44 -0.0226803
0 0 45 -0.0496427
0 0 46 -0.0474857
0 0 47 -0.0869148
0 0 48 -0.0521653
0 0 49 -0.133509
0 0 50 -0.0706094
0 0 51 0.0232015
0 0 52 0.0119413
0 0 53 0.0694489
0 0 54 0.089593
0 0 55 0.0400919
0 0 56 -0.0374136
0 0 57 -0.0556384
0 0 58 -0.0714502
0 0 59 -0.156268
0 0 60 -0.0678491
0 0 61 -0.0426964
0 0 62 0.0881489
0 0 63 0.111273
0 0 64 0.0333833
0 0 65 0.0814403
0 0 66 -0.0198104
0 0 67 -0.154604
0 0 68 -0.124406
0 0 69 -0.0104695
0 0 70 0.0540027
0 0 71 -0.0401738
0 0 72 -0.132193
0 0 73 -0.125722
0 0 74 -0.0607932
0 0 75 0.0321951
0 0 76 -0.0102319
0 0 77 -0.0655825
0 0 78 -0.0692932
0 0 79 -0.0327523
0 0 80 0.030751
0 0 81 0.030751
0 0 82 -0.0867868
0 0 83 -0.119745
0 0 84 -0.00160389
0 0 85 0.0595048
0 0 86 0.0513704
0 0 87 0.026565
0 0 88 0.0247553
0 0 89 0.0263273
0 0 90 0.0325607
0 0 91 -0.0230459
0 0 92 -0.0460416
0 0 93 -0.0676115
0 0 94 -0.10428
0 0 95 -0.0351469
0 0 96 -0.145592
0 0 97 -0.127166
0 0 98 -0.0384921
0 0 99 0.0668166
0 0 100 0.0809651
0 0 101 0.127322
0 0 102 0.0180467
0 0 103 -0.0577954
0 0 104 -0.00387056
0 0 105 0.0216478
0 0 106 -0.0583986
0 0 107 -0.0557481
0 0 108 0.0871984
0 0 109 0.0912565
0 0 110 0.0590295
0 0 111 0.0333833
0 0 112 -0.0133394
0 0 113 -0.102361
0 0 114 -0.000763026
0 0 115 0.0562693
0 0 116 -0.0121329
0 0 117 0.022123
0 0 118 -0.051562
0 0 119 -0.0559857
0 0 120 -0.0470104
0 0 121 0.0650252
0 0 122 0.0398542
0 0 123 0.0522112
0 0 124 0.10493
0 0 125 0.0935414
0 0 126 0.121345
0 0 127 -0.0510868
0 0 128 -0.0792373
0 0 129 -0.0821072
0 0 130 0.0496887
0 0 131 -0.0171781
0 0 132 -0.011548
0 0 133 -0.0733696
0 0 134 7.78359e-05
0 0 135 0.0627403
0 0 136 0.0305134
0 0 137 -0.0540846
0 0 138 -0.0676115
0 0 139 -0.0848675
0 0 140 -0.0697685
0 0 141 -0.0238867
0 0 142 -0.0134673
0 0 143 -0.0196824
0 0 144 -0.1249
0 0 145 -0.177728
0 0 146 -0.132431
0 0 147 -0.0175254
0 0 148 0.047294
0 0 149 0.0162553
0 0 150 0.0928285
0 0 151 -0.0624567
0 0 152 0.00236279
0 0 153 0.0412983
0 0 154 0.0123069
0 0 155 0.0360338
0 0 156 -0.03299
0 0 157 -0.0571921
0 0 158 -0.0333555
0 0 159 -0.0624567
0 0 160 -0.0274695
0 0 161 0.0421392
0 0 162 0.0470564
0 0 163 0.0167305
0 0 164 -0.000872703
0 0 165 -0.0217297
0 0 166 -0.00268238
0 0 167 -0.0803158
0 0 168 -0.028548
0 0 169 -0.0528782
0 0 170 -0.00184152
0 0 171 -0.00962863
0 0 172 0.0239327
0 0 173 -0.0214921
0 0 174 -0.0489298
0 0 175 -0.0849954
0 0 176 -0.00542432
0 0 177 0.146735
0 0 178 0.129241
0 0 179 0.0876737
0 0 180 0.0549532
0 0 181 0.198265
0 0 182 0.364573
0 0 183 0.574258
0 0 184 0.898008
0 0 185 0.999862
0 0 186 0.958038
0 0 187 0.779977
0 0 188 0.551738
0 0 189 0.461034
0 0 190 0.276264
0 0 191 0.201373
0 0 192 0.161468
0 0 193 0.0616618
0 0 194 0.0339865
0 0 195 0.182325
0 0 196 0.122898
0 0 197 0.234678
0 0 198 0.130795
0 0 199 -0.0772083
0 0 200 -0.0599524
0 0 201 0.0348274
0 0 202 -0.0153684
0 0 203 -0.00555228
0 0 204 0.0148112
0 0 205 -0.0448534
0 0 206 0.0109908
0 0 207 -0.101758
0 0 208 -0.177125
0 0 209 -0.0425685
0 0 210 0.00941871
0 0 211 -0.110514
0 0 212 -0.144404
0 0 213 -0.0783965
0 0 214 -0.194271
0 0 215 -0.169082
0 0 216 0.0247553
0 0 217 0.0929382
0 0 218 0.0143359
0 0 219 0.0302757
0 0 220 -0.0557481
0 0 221 -0.0702621
0 0 222 -0.0442502
0 0 223 -0.0205233
0 0 224 -0.0239964
0 0 225 -0.0636631
0 0 226 -0.171494
0 0 227 -0.0375416
0 0 228 -0.121408
0 0 229 -0.15614
0 0 230 -0.120586
0 0 231 -0.143216
0 0 232 -0.0562416
0 0 233 -0.00423615
0 0 234 -0.0651072
0 0 235 -0.0907352
0 0 236 -0.147292
0 0 237 -0.105597
0 0 238 -0.0685803
0 0 239 -0.0277254
0 0 240 0.0274058
0 0 241 0.0162553
0 0 242 -0.104993
0 0 243 -0.125613
0 0 244 -0.0957804
0 0 245 -0.0637911
0 0 246 -0.10141
0 0 247 -0.103677
0 0 248 0.0138607
0 0 249 0.0428521
0 0 250 -0.137823
0 0 251 -0.149084
0 0 252 -0.100679
0 0 253 -0.0990159
0 0 254 -0.108357
0 0 255 -0.0904976
