0 0 0 -5.62716 1.40449 0.843163 4.49451
0 0 1 -16.0246 11.9409 -0.142991 4.63505
0 0 2 -21.3571 9.97431 6.03955 2.24584
0 0 3 -15.7569 -0.843483 1.40493 -0.563511
0 0 4 -11.6803 -7.30896 1.40493 3.65126
0 0 5 -4.51536 -10.1167 5.33734 6.60264
0 0 6 -3.52709 -5.06099 6.88221 9.27145
0 0 7 -3.38297 -9.83829 2.24759 0.841906
0 0 8 4.77025 -5.20167 -1.40698 2.1053
0 0 9 2.79371 -1.12485 3.09025 2.1053
0 0 10 -11.948 0.138355 8.43014 2.24584
0 0 11 -3.79475 0.138355 6.32044 -0.282427
0 0 12 7.30268 5.90042 7.44704 -0.704052
0 0 13 7.30268 17.2809 -2.95185 -2.10947
0 0 14 -1.40643 7.16362 -5.0585 -1.5473
0 0 15 -8.44784 1.54517 -1.54742 2.80801
0 0 16 -3.09472 -0.702802 -0.845206 2.80801
0 0 17 2.09369 9.83363 -4.91805 2.1053
0 0 18 -2.12704 -1.40621 1.96671 0.139198
0 0 19 6.60266 -0.00232663 1.82626 0.420281
0 0 20 10.9469 4.21518 -4.35628 -0.844594
0 0 21 8.84685 -3.37281 1.40493 0.841906
0 0 22 4.62612 -5.62078 -5.19894 3.37018
0 0 23 -1.2829 -5.06099 -5.19894 0.139198
0 0 24 -2.82707 2.66769 2.10715 -7.02695
0 0 25 -1.40643 5.61906 9.83457 -8.43237
0 0 26 -4.92714 2.10496 11.9412 -2.95272
0 0 27 -5.21538 -4.35758 12.6434 -1.40676
0 0 28 -6.61543 -1.40621 7.30659 -1.96893
0 0 29 -4.63889 0.138355 7.72792 -2.67164
0 0 30 -1.69468 2.94905 6.88221 -2.53109
0 0 31 13.047 10.8184 -3.65407 5.33776
0 0 32 18.4001 9.13023 -6.74687 1.26205
0 0 33 10.8028 6.0411 -9.27484 -2.53109
0 0 34 0.261272 1.96428 -8.29174 -1.12568
0 0 35 0.261272 -6.46487 -8.1513 7.86603
0 0 36 -0.150507 -14.6156 -3.79451 5.05668
0 0 37 -10.4038 1.68585 11.6603 5.33776
0 0 38 -10.9597 -3.09145 4.35424 6.32155
0 0 39 -11.8038 -2.95077 -1.68786 -4.63922
0 0 40 -5.21538 2.24564 2.94981 -7.02695
0 0 41 0.693639 -2.53166 -3.23274 0.139198
0 0 42 1.39366 -2.10961 -2.67097 5.05668
0 0 43 -4.92714 4.0745 3.93291 10.1147
0 0 44 -9.00375 5.75974 -1.96875 9.27145
0 0 45 -9.99201 0.982442 0.418781 5.19722
0 0 46 -10.2597 -3.51349 3.79247 0.982448
0 0 47 -7.02721 -1.12485 0.983606 5.19722
0 0 48 -8.57138 3.79313 -0.564321 3.7918
0 0 49 -15.7569 -2.53166 -0.00254847 0.701365
0 0 50 -11.3921 -11.9456 -0.00254847 1.96476
0 0 51 -7.17133 -2.95077 0.70272 9.27145
0 0 52 -5.07126 -8.43147 4.21379 5.19722
0 0 53 6.60266 -5.33942 11.0986 -9.83778
0 0 54 7.85859 -1.96893 11.6603 -8.71345
0 0 55 -3.79475 -0.562121 0.137895 -3.51489
0 0 56 -7.31545 -2.10961 -3.51362 -8.57291
0 0 57 -5.91541 -0.562121 -8.43218 -1.82839
0 0 58 -5.91541 -0.283689 1.68582 1.68368
0 0 59 -3.67121 1.82653 4.77557 -2.53109
0 0 60 -2.12704 3.23041 8.99191 -3.2338
0 0 61 11.5028 4.21518 8.85147 -4.07705
0 0 62 20.0884 0.138355 13.3456 -6.32424
0 0 63 10.5351 -7.16827 13.77 -10.9621
0 0 64 9.691 -9.83829 13.4891 -5.76207
0 0 65 9.25863 -10.8201 9.69413 -0.422969
0 0 66 5.75851 -0.42437 0.278338 5.19722
0 0 67 -0.294629 7.44498 -6.18509 -1.26622
0 0 68 -5.3595 -1.68757 -2.24964 4.07289
0 0 69 -15.3245 -3.79486 -2.39008 0.420281
0 0 70 -19.6894 -4.92031 -2.53052 -2.25001
0 0 71 -8.44784 4.49361 -6.32554 -0.282427
0 0 72 -6.90367 -3.09145 -4.63717 6.46209
0 0 73 -6.05953 -5.20167 4.07335 1.68368
0 0 74 -7.31545 -1.82825 7.44704 0.420281
0 0 75 -5.62716 5.75974 0.418781 -1.40676
0 0 76 -6.18306 9.27091 -10.1175 -0.282427
0 0 77 2.23781 13.6291 -7.16819 -0.563511
0 0 78 5.32615 7.16362 -6.18509 -2.81218
0 0 79 -2.3947 0.841761 -0.283434 -8.01074
0 0 80 -10.9597 -3.93554 1.82626 -5.90262
0 0 81 -15.0363 -1.96893 1.12405 -1.26622
0 0 82 -9.84789 0.701079 3.09025 2.24584
0 0 83 -10.9597 -4.49826 3.09025 4.49451
0 0 84 -10.4038 -8.9942 4.91601 4.21343
0 0 85 -4.37124 -4.63894 6.74177 0.139198
0 0 86 5.47027 3.65245 -2.10919 -1.12568
0 0 87 15.4559 6.18178 -10.2579 -0.985136
0 0 88 18.4001 -2.95077 -9.41528 -1.96893
0 0 89 15.7236 0.841761 -13.2103 -8.57291
0 0 90 6.72619 4.91565 -10.2579 -5.06084
0 0 91 5.18202 1.68585 -7.72997 -4.49868
0 0 92 4.77025 2.94905 -0.283434 -1.12568
0 0 93 2.79371 2.10496 2.52848 -0.00134378
0 0 94 5.61439 2.24564 -4.35628 3.51072
0 0 95 9.83512 -1.40621 -6.32554 1.40259
0 0 96 5.47027 -1.82825 -6.18509 -5.20139
0 0 97 10.2469 -1.96893 -4.35628 -0.844594
0 0 98 16.8559 -0.843483 0.562277 1.12299
0 0 99 17.2677 -0.843483 6.60133 1.12299
0 0 100 18.5442 -1.26553 3.65202 4.63505
0 0 101 9.11451 -2.81302 4.91601 1.26205
0 0 102 -0.562285 -8.29079 3.37114 1.54314
0 0 103 -0.85053 -7.02759 -6.04465 -0.985136
0 0 104 1.39366 1.40449 -6.74687 -6.88641
0 0 105 7.15856 -4.92031 -4.63717 -6.04316
0 0 106 3.49373 -5.4801 -4.35628 -0.422969
0 0 107 -0.00638412 -4.77963 -4.0754 -1.40676
0 0 108 -0.562285 1.40449 6.46088 2.66747
0 0 109 3.22608 -7.16827 10.6772 0.27974
0 0 110 0.549517 -7.86875 5.1969 3.08909
0 0 111 0.261272 11.6596 2.24759 0.982448
0 0 112 8.70273 25.291 1.82626 6.88372
0 0 113 12.0793 24.4469 -3.51362 8.00657
0 0 114 0.405394 18.4064 1.96671 0.420281
0 0 115 -6.32718 7.58567 3.93291 1.12299
0 0 116 -0.85053 2.10496 -0.142991 5.75939
0 0 117 6.45854 -3.65418 -5.33938 1.12299
0 0 118 1.68191 -7.72807 -3.37318 -1.5473
0 0 119 -4.78301 -5.90214 -3.37318 0.841906
0 0 120 1.10542 -3.93554 2.66892 0.420281
0 0 121 4.33788 -1.96893 3.51158 -2.67164
0 0 122 1.39366 6.0411 -0.423877 -2.67164
0 0 123 1.24954 11.9409 -4.91805 -3.37434
0 0 124 2.64959 4.21518 -2.39008 -4.21759
0 0 125 8.41449 5.19702 5.89911 -3.09326
0 0 126 8.84685 0.841761 2.94981 1.68368
0 0 127 12.0793 0.701079 -2.81141 -4.35814
0 0 128 11.091 -4.35758 -5.47983 -4.21759
0 0 129 3.08195 -6.32419 -14.3338 -2.39055
0 0 130 -3.93887 -6.04283 -20.5164 0.560823
0 0 131 -1.13877 -1.40621 -15.1765 2.1053
0 0 132 4.482 1.54517 -13.6316 -5.06084
0 0 133 7.71446 -1.54689 -10.6793 -0.985136
0 0 134 9.25863 -5.20167 -4.91805 2.24584
0 0 135 6.17029 -5.4801 0.562277 4.35397
0 0 136 -1.8388 -5.33942 -1.96875 0.701365
0 0 137 -0.438752 -6.32419 1.82626 4.07289
0 0 138 3.49373 3.51177 5.05645 5.19722
0 0 139 10.2469 6.0411 4.49468 5.75939
0 0 140 6.17029 2.94905 7.44704 0.841906
0 0 141 -2.3947 -0.143008 4.63512 -0.282427
0 0 142 -0.994653 -0.562121 3.51158 -3.51489
0 0 143 1.24954 5.19702 8.71102 -2.81218
0 0 144 -0.562285 1.54517 12.3625 0.27974
0 0 145 -0.294629 7.86703 15.3149 -1.96893
0 0 146 2.23781 7.86703 8.00881 -0.282427
0 0 147 1.24954 5.90042 3.79247 -2.81218
0 0 148 -0.00638412 7.02294 -0.00254847 -3.2338
0 0 149 -0.00638412 10.2557 -0.704763 -6.04316
0 0 150 -2.53882 8.8518 -4.21584 -10.2594
0 0 151 -7.17133 -0.42437 5.47778 -6.74587
0 0 152 -9.99201 -6.74623 8.57058 0.701365
0 0 153 -6.18306 1.2638 -2.95185 3.65126
0 0 154 -2.82707 1.82653 -5.90115 2.38639
0 0 155 1.94956 -6.88691 -0.00254847 0.841906
0 0 156 7.30268 -6.32419 4.63512 5.89993
0 0 157 7.30268 -8.9942 -1.82831 6.74318
0 0 158 8.41449 -2.10961 -6.32554 8.00657
0 0 159 9.54688 -3.37281 -2.24964 6.04047
0 0 160 6.31442 -12.0863 -2.10919 6.60264
0 0 161 -0.562285 -4.07622 -4.77761 5.75939
0 0 162 -1.55055 4.77497 4.49468 2.52693
0 0 163 -2.25058 1.96428 -1.12609 1.54314
0 0 164 -6.18306 11.3782 -2.67097 2.1053
0 0 165 -7.87135 4.77497 -4.77761 7.02426
0 0 166 -7.31545 3.93382 -3.09229 10.1147
0 0 167 -7.31545 6.88226 -6.32554 7.44589
0 0 168 -9.14787 5.61906 -6.04465 1.26205
0 0 169 -10.8362 0.138355 -6.74687 -1.40676
0 0 170 -15.4687 3.65245 0.418781 0.841906
0 0 171 -14.0686 4.49361 8.71102 7.72549
0 0 172 -5.3595 -4.49826 0.278338 5.61884
0 0 173 4.91437 -5.06099 -6.46598 3.51072
0 0 174 5.32615 2.38632 -7.72997 4.49451
0 0 175 3.3702 11.0998 -6.88731 1.12299
0 0 176 0.137738 8.42975 -5.19894 2.38639
0 0 177 -0.150507 1.12312 -2.67097 -0.00134378
0 0 178 -1.40643 1.12312 9.69413 -6.32424
0 0 179 -2.12704 3.93382 12.503 -8.85399
0 0 180 4.21435 7.86703 1.54538 -6.1837
0 0 181 12.2234 6.46315 -10.9602 0.139198
0 0 182 13.1911 6.18178 -9.97705 4.07289
0 0 183 11.5028 0.560398 -5.33938 2.80801
0 0 184 14.1794 -0.984164 -3.37318 0.560823
0 0 185 7.30268 -3.51349 -2.10919 -1.12568
0 0 186 -0.150507 -5.90214 3.37114 2.24584
0 0 187 1.68191 1.40449 6.03955 -0.422969
0 0 188 2.09369 3.79313 0.137895 -3.65543
0 0 189 -0.706408 3.37109 -0.845206 -6.88641
0 0 190 -1.13877 -0.143008 -6.74687 -10.9621
0 0 191 -1.69468 3.93382 -12.3646 -13.0688
0 0 192 -7.31545 4.77497 -6.46598 -5.48099
0 0 193 -11.948 3.79313 4.91601 -3.51489
0 0 194 -5.48304 -0.42437 9.97501 -3.51489
0 0 195 -9.70377 3.51177 15.8767 -0.282427
0 0 196 -7.02721 6.46315 26.2756 -1.26622
0 0 197 -13.2245 2.66769 13.77 4.21343
0 0 198 -17.857 0.279036 1.54538 11.0985
0 0 199 -13.3686 3.08973 -8.85351 11.0985
0 0 200 -3.09472 16.5775 -12.6485 4.49451
0 0 201 -0.00638412 17.4216 -12.9294 -2.53109
0 0 202 -8.1596 11.8002 0.70272 -2.67164
0 0 203 -8.57138 5.3377 11.5199 0.139198
0 0 204 -15.3245 -2.67234 16.7193 2.66747
0 0 205 -9.55965 3.51177 14.3318 -0.282427
0 0 206 -1.98292 5.75974 10.3963 -3.37434
0 0 207 4.07022 10.537 5.61823 -7.30803
0 0 208 13.8911 2.80837 -2.53052 -6.88641
0 0 209 13.047 0.419717 -5.76071 -2.25001
0 0 210 12.4911 4.91565 -4.77761 -2.10947
0 0 211 14.6118 2.66769 -7.02775 -3.93651
0 0 212 20.7884 -1.12485 -5.90115 -3.37434
0 0 213 29.2093 3.79313 -8.01085 -7.44857
0 0 214 36.3742 8.14839 -21.7804 -3.65543
0 0 215 44.3833 14.0482 -31.0527 -1.12568
0 0 216 53.9366 10.115 -36.8139 -3.51489
0 0 217 63.9222 8.14839 -34.2859 -3.2338
0 0 218 86.4053 7.58567 -32.8815 -3.65543
0 0 219 120.398 13.6291 -33.8646 -10.9621
0 0 220 175.494 14.0482 -41.1707 -19.1106
0 0 221 247.555 15.8771 -56.3446 -30.0713
0 0 222 330.611 10.9591 -58.3139 -43.982
0 0 223 433.04 13.6291 -60.8418 -44.1196
0 0 224 563.698 11.8002 -76.9989 -31.3347
0 0 225 715.171 16.2962 -73.3474 -30.2119
0 0 226 843.028 28.5208 -53.6762 -31.3347
0 0 227 932.96 34.4235 -32.8815 -23.1863
0 0 228 1008.69 47.7707 -14.1934 -10.9621
0 0 229 1094.83 85.0043 45.101 -4.77976
0 0 230 1185.03 128.703 101.446 -5.06084
0 0 231 1261.89 160.738 123.087 -15.3174
0 0 232 1295.76 157.508 108.893 -30.7741
0 0 233 1317.95 114.512 66.1797 -35.4105
0 0 234 1327.94 52.1259 1.96671 -24.3106
0 0 235 1215.67 -3.93554 -40.328 13.3472
0 0 236 932.816 -31.3332 -36.1117 50.0197
0 0 237 615.417 -28.5254 -10.1175 52.8305
0 0 238 371.624 -14.4749 7.72792 33.0186
0 0 239 205.965 -6.18351 7.30659 15.3133
0 0 240 106.068 -2.95077 3.51158 6.32155
0 0 241 60.6898 4.49361 0.70272 2.24584
0 0 242 40.8832 2.38632 -1.82831 -0.844594
0 0 243 27.2534 -5.20167 -2.10919 2.38639
0 0 244 20.0884 -4.63894 -0.845206 7.02426
0 0 245 13.8911 -6.60555 -0.142991 7.1648
0 0 246 6.87032 -8.15011 2.94981 7.30534
0 0 247 5.32615 -3.79486 3.09025 11.5201
0 0 248 6.87032 2.38632 0.843163 13.0661
0 0 249 9.95866 8.71111 0.137895 11.5201
0 0 250 13.3352 9.83363 2.94981 9.27145
0 0 251 13.4794 8.8518 4.91601 6.04047
0 0 252 7.44681 4.0745 6.03955 7.72549
0 0 253 7.85859 0.138355 6.46088 7.58643
0 0 254 7.15856 1.96428 5.47778 7.58643
0 0 255 6.45854 2.10496 2.10715 5.61884
0 0 256 7.30268 -0.843483 0.418781 -0.282427
0 0 257 7.15856 -3.09145 1.26449 -1.96893
0 0 258 0.837762 -5.76146 1.82626 -0.985136
0 0 259 -4.37124 -8.00943 3.93291 -0.282427
0 0 260 -4.08299 -10.8201 5.47778 -1.26622
0 0 261 -1.55055 -12.3647 3.79247 -1.26622
0 0 262 4.62612 -10.1167 1.68582 -0.00134378
0 0 263 10.2469 -1.40621 -1.26654 -2.67164
0 0 264 7.44681 5.75974 1.26449 -9.41616
0 0 265 -0.706408 4.0745 5.47778 -10.5405
0 0 266 -7.31545 -2.67234 7.44704 -9.41616
0 0 267 -3.79475 -5.4801 5.61823 -6.32424
0 0 268 2.38193 -1.26553 4.21379 -6.32424
0 0 269 3.3702 1.82653 8.14925 -3.51489
0 0 270 3.3702 1.12312 9.2728 -3.09326
0 0 271 3.08195 0.560398 7.30659 -1.26622
0 0 272 0.981884 -3.65418 6.03955 1.26205
0 0 273 -2.12704 -6.04283 5.33734 0.982448
0 0 274 -4.08299 -2.39098 3.23069 -3.37434
0 0 275 -0.294629 -6.32419 3.09025 -1.68784
0 0 276 6.31442 -9.83829 1.96671 3.65126
0 0 277 4.21435 -3.51349 -1.82831 5.75939
0 0 278 -1.13877 3.93382 0.418781 6.18101
0 0 279 -6.47131 3.93382 6.32044 7.72549
0 0 280 -9.41552 -6.46487 6.88221 5.61884
0 0 281 -13.7804 -14.7533 6.60133 2.66747
0 0 282 -15.8804 -10.3981 3.51158 2.24584
0 0 283 -9.70377 -2.53166 -4.35628 0.420281
0 0 284 -6.47131 1.54517 -5.62027 1.68368
0 0 285 -3.23885 7.86703 -5.0585 2.66747
0 0 286 -2.9506 7.72635 -2.67097 0.701365
0 0 287 -3.52709 2.38632 3.09025 0.420281
0 0 288 -4.08299 -0.702802 3.93291 4.35397
0 0 289 -3.52709 -0.562121 3.23069 1.26205
0 0 290 -8.85962 2.80837 1.96671 -5.20139
0 0 291 -10.8362 0.419717 -3.65407 -6.1837
0 0 292 -5.21538 -0.843483 -8.71307 -3.51489
0 0 293 -1.98292 -1.82825 -7.58952 -0.985136
0 0 294 -2.12704 -0.42437 -5.90115 -0.00134378
0 0 295 -8.7155 -2.53166 -5.76071 3.65126
0 0 296 -14.3363 -5.4801 -2.67097 2.24584
0 0 297 -12.2362 -3.09145 -0.98565 -2.67164
0 0 298 -6.47131 -0.00232663 -0.98565 -1.26622
0 0 299 4.07022 -2.10961 -1.12609 1.96476
0 0 300 7.85859 -2.95077 -1.82831 -0.704052
0 0 301 7.15856 1.12312 -4.91805 -7.16749
0 0 302 5.47027 -0.702802 -1.96875 -3.37434
0 0 303 3.78198 -5.76146 0.843163 6.32155
0 0 304 -2.25058 -2.67234 -0.845206 8.00657
0 0 305 -12.648 -3.09145 -3.23274 2.1053
0 0 306 -19.257 -7.02759 -0.704763 -0.704052
0 0 307 -11.3921 -4.92031 2.38804 0.841906
0 0 308 -2.3947 0.701079 4.49468 2.80801
0 0 309 2.52605 2.527 4.21379 3.08909
0 0 310 2.93783 -2.81302 0.843163 5.4783
0 0 311 2.79371 -7.72807 0.418781 8.70928
0 0 312 -1.13877 -7.16827 1.40493 6.88372
0 0 313 -3.93887 -9.69761 1.82626 5.4783
0 0 314 -0.00638412 -11.2422 5.1969 4.49451
0 0 315 1.68191 -10.3981 12.3625 -3.51489
0 0 316 2.52605 -7.02759 14.4722 -8.71345
0 0 317 4.482 -4.2169 7.16615 -0.422969
0 0 318 6.31442 -7.30896 0.562277 7.44589
0 0 319 7.01444 -7.30896 3.37114 8.4282
0 0 320 9.25863 -0.562121 3.23069 5.61884
0 0 321 11.3793 2.94905 -1.68786 4.35397
0 0 322 5.47027 5.3377 -4.91805 2.66747
0 0 323 1.94956 1.2638 -7.87041 -1.96893
0 0 324 3.3702 -4.77963 -7.16819 -1.96893
0 0 325 2.38193 -2.39098 -2.81141 -1.40676
0 0 326 0.137738 1.68585 0.562277 -0.422969
0 0 327 -1.2829 -2.53166 3.79247 3.37018
0 0 328 1.82603 -3.51349 4.63512 6.04047
0 0 329 1.94956 -1.96893 5.75867 2.66747
0 0 330 2.64959 -3.23213 0.70272 1.54314
0 0 331 -1.8388 -1.82825 -2.53052 1.26205
0 0 332 -6.18306 0.560398 -6.32554 1.54314
0 0 333 -11.2479 2.10496 -5.19894 0.560823
0 0 334 -12.7921 -1.40621 0.418781 -2.10947
0 0 335 -3.93887 -4.07622 4.21379 0.139198
0 0 336 7.15856 -5.76146 3.09025 0.982448
0 0 337 6.45854 -8.71284 -0.98565 1.12299
0 0 338 -2.12704 -9.13488 -0.283434 -2.53109
0 0 339 -5.62716 -8.15011 4.21379 -7.02695
0 0 340 -2.68294 -10.8201 5.05645 -3.2338
0 0 341 -2.68294 -14.4749 -0.704763 2.38639
0 0 342 0.981884 -11.8049 -5.33938 4.77559
0 0 343 4.91437 -4.2169 -8.57263 0.139198
0 0 344 1.94956 -0.984164 -10.9602 -6.74587
0 0 345 0.261272 -1.54689 -5.90115 -5.90262
0 0 346 -1.2829 -1.54689 -3.65407 -2.25001
0 0 347 -8.85962 2.527 -2.81141 -0.141885
0 0 348 -10.1361 12.785 -2.39008 1.12299
0 0 349 -3.23885 15.3143 -2.53052 3.37018
0 0 350 0.981884 6.32247 0.137895 0.27974
0 0 351 5.75851 -0.702802 1.68582 -6.32424
0 0 352 8.70273 -8.71284 3.79247 -8.43237
0 0 353 9.691 -7.86875 7.02571 -1.40676
0 0 354 9.54688 1.2638 3.93291 7.44589
0 0 355 9.25863 2.38632 2.52848 10.3958
0 0 356 7.15856 -1.40621 4.21379 7.58643
0 0 357 2.93783 -0.283689 7.02571 0.420281
0 0 358 -4.63889 7.44498 5.33734 -2.25001
0 0 359 -10.4038 15.5957 3.23069 -1.68784
0 0 360 -10.8362 17.9844 6.60133 1.82422
0 0 361 -2.12704 14.0482 4.63512 1.82422
0 0 362 4.07022 9.41159 3.09025 -1.82839
0 0 363 7.71446 1.96428 -0.704763 -8.01074
0 0 364 13.1911 1.82653 -3.65407 -9.97832
0 0 365 14.4676 1.2638 -2.24964 -4.77976
0 0 366 5.0379 -3.23213 1.54538 -5.06084
0 0 367 -2.53882 -0.562121 7.86837 -7.72966
0 0 368 -1.2829 1.68585 10.1155 -4.07705
0 0 369 3.22608 0.841761 7.44704 -0.844594
0 0 370 3.63786 2.527 7.58748 -3.37434
0 0 371 7.57034 3.08973 2.10715 -6.60532
0 0 372 9.95866 6.60383 -2.10919 -5.34193
0 0 373 4.77025 5.75974 1.96671 -2.25001
0 0 374 -1.98292 -1.26553 3.23069 -0.563511
0 0 375 -7.17133 -3.23213 2.66892 1.54314
0 0 376 -4.51536 -2.67234 2.10715 5.89993
0 0 377 -9.41552 -2.10961 -1.68786 3.08909
0 0 378 -11.948 1.54517 -2.95185 2.80801
0 0 379 -10.9597 -0.00232663 0.418781 1.68368
0 0 380 -9.14787 -5.33942 -1.26654 0.841906
0 0 381 -4.51536 -7.16827 -1.68786 -0.422969
0 0 382 -1.98292 -7.44964 -0.283434 3.08909
0 0 383 -0.150507 -8.57216 3.93291 2.24584
0 0 384 -4.78301 -5.20167 4.07335 -0.704052
0 0 385 -10.9597 5.47838 4.63512 -3.37434
0 0 386 -9.41552 9.27091 1.12405 -5.76207
0 0 387 -5.91541 7.44498 -0.00254847 -1.96893
0 0 388 -1.55055 -1.54689 -0.00254847 2.80801
0 0 389 6.31442 -8.43147 -3.93495 7.44589
0 0 390 10.2469 -6.74623 -6.46598 10.8174
0 0 391 -1.13877 2.527 0.137895 7.86603
0 0 392 -12.0921 12.0816 5.75867 2.38639
0 0 393 -9.29199 5.61906 6.74177 1.12299
0 0 394 -2.82707 -9.41624 5.47778 -3.93651
0 0 395 2.64959 -16.5822 4.63512 -11.2432
0 0 396 9.83512 -12.5054 2.94981 -10.5405
0 0 397 14.6118 -5.06099 -0.283434 -2.39055
0 0 398 8.00271 -1.68757 -5.0585 -1.12568
0 0 399 -0.294629 -5.76146 -2.10919 -0.985136
0 0 400 -1.55055 -12.2269 1.40493 0.841906
0 0 401 -3.52709 -13.2088 3.09025 -0.563511
0 0 402 -6.05953 -4.49826 3.51158 0.139198
0 0 403 -5.62716 1.54517 5.47778 -3.09326
0 0 404 -10.9597 5.90042 4.91601 -4.63922
0 0 405 -5.62716 11.8002 -0.283434 -7.72966
0 0 406 8.55861 11.2404 -7.72997 -6.60532
0 0 407 17.2677 4.77497 -8.29174 -4.9203
0 0 408 11.6469 0.138355 -3.51362 -0.563511
0 0 409 2.09369 0.982442 3.79247 5.89993
0 0 410 -5.48304 2.66769 4.91601 6.74318
0 0 411 -6.75955 3.51177 6.03955 2.94855
0 0 412 -6.75955 -3.09145 6.88221 0.139198
0 0 413 -9.14787 -4.49826 7.30659 -2.10947
0 0 414 -7.6037 -1.82825 -2.39008 -4.9203
0 0 415 -7.74782 -1.54689 -6.46598 -2.25001
0 0 416 -11.6803 -4.77963 -5.0585 3.37018
0 0 417 -13.2245 -0.562121 -4.77761 2.80801
0 0 418 -6.05953 2.10496 -4.21584 -0.141885
0 0 419 -6.90367 -0.42437 -2.10919 4.49451
0 0 420 -7.87135 4.49361 1.12405 0.701365
0 0 421 -0.706408 16.1555 -0.423877 -6.32424
0 0 422 5.61439 11.2404 -4.91805 -5.90262
0 0 423 7.44681 -1.12485 -2.53052 -0.563511
0 0 424 13.1911 -8.29079 -1.26654 1.68368
0 0 425 9.83512 -5.90214 -0.423877 4.77559
0 0 426 9.40275 -2.53166 -4.77761 1.96476
0 0 427 11.7911 -5.33942 -6.60642 -2.39055
0 0 428 11.3793 -4.92031 -0.845206 -0.282427
0 0 429 5.47027 -2.53166 7.02571 3.65126
0 0 430 0.981884 -3.79486 6.03955 1.82422
0 0 431 -1.55055 -2.95077 -2.95185 0.420281
0 0 432 0.837762 1.54517 -6.18509 0.841906
0 0 433 0.405394 5.90042 -8.85351 1.82422
0 0 434 1.10542 6.60383 -10.1175 1.68368
0 0 435 -1.55055 6.18178 -0.142991 -0.563511
0 0 436 -1.98292 6.60383 8.71102 -3.93651
0 0 437 5.88205 -1.26553 10.3963 -1.68784
0 0 438 8.99098 -4.63894 5.1969 -2.53109
0 0 439 3.49373 -6.32419 -3.65407 -0.00134378
0 0 440 5.0379 -8.00943 -7.44908 -0.985136
0 0 441 10.2469 0.279036 -5.33938 -7.02695
0 0 442 14.3235 12.9257 -6.04465 -7.58912
0 0 443 9.691 14.1889 -8.71307 -4.77976
0 0 444 0.137738 10.9591 -1.68786 -3.09326
0 0 445 -3.23885 7.58567 4.63512 -2.67164
0 0 446 4.07022 3.37109 3.65202 -4.63922
0 0 447 1.68191 0.841761 -0.283434 -9.13507
0 0 448 -7.02721 -1.12485 -0.283434 -6.32424
0 0 449 -10.9597 -0.283689 1.40493 -3.2338
0 0 450 -9.29199 5.19702 -4.0754 -5.48099
0 0 451 -5.48304 4.0745 -5.76071 -5.90262
0 0 452 -2.68294 -3.51349 -2.53052 -3.79597
0 0 453 -1.69468 -2.39098 1.12405 -7.72966
0 0 454 1.10542 -0.843483 -4.0754 -11.1027
0 0 455 6.02617 2.66769 -8.71307 -8.71345
0 0 456 9.83512 10.8184 -7.44908 -2.53109
0 0 457 7.57034 12.2223 -8.57263 -1.40676
0 0 458 0.549517 3.93382 -7.44908 -2.10947
0 0 459 -0.438752 0.279036 -1.96875 -7.16749
0 0 460 0.261272 2.80837 6.74177 -5.06084
0 0 461 4.91437 1.54517 0.843163 1.40259
0 0 462 7.44681 -1.68757 -3.65407 -0.282427
0 0 463 2.64959 -4.35758 1.82626 -3.09326
0 0 464 5.88205 -4.77963 10.2559 4.07289
0 0 465 8.55861 -2.95077 4.07335 11.3796
0 0 466 4.77025 -2.53166 -8.29174 12.3634
0 0 467 3.22608 -1.68757 -14.1934 6.74318
