0 0 0 -0.995074 -4.34129 -3.45095 1.94286
0 0 1 -3.24268 -2.03826 -2.29904 -0.360876
0 0 2 -0.57447 6.34212 3.82826 -0.884144
0 0 3 0.37189 3.40775 1.94272 1.63026
0 0 4 0.477041 4.82415 -0.152427 -0.884144
0 0 5 1.99516 -5.28556 0.00477878 -3.92182
0 0 6 -1.25138 -3.0841 -2.03703 0.582027
0 0 7 2.25804 -8.63717 5.29458 8.01822
0 0 8 1.78486 -0.204626 1.20909 2.6768
0 0 9 -5.86488 -4.70912 6.07968 1.94286
0 0 10 1.41683 4.66495 2.41434 -0.675176
0 0 11 2.67207 1.99409 -0.362036 -1.35644
0 0 12 0.996224 -1.72259 3.67105 4.5626
0 0 13 1.41683 -1.04184 5.45179 3.25273
0 0 14 -0.364168 -7.27566 0.633604 0.948995
0 0 15 -0.521895 1.99409 2.78022 -3.76552
0 0 16 3.19783 1.31334 3.77586 -4.28879
0 0 17 4.92625 -2.4555 -0.989925 -2.61195
0 0 18 -1.61941 2.67484 3.04223 0.948995
0 0 19 -4.60307 2.30976 -1.82836 -1.46008
0 0 20 -2.19774 -0.256781 -3.29468 1.2633
0 0 21 -1.1988 -6.12278 -0.780317 0.0587586
0 0 22 -1.40911 -0.937533 2.46674 -2.29765
0 0 23 -0.995074 -2.55981 2.25713 1.1053
0 0 24 -0.627046 -0.569707 -1.14713 0.0587586
0 0 25 0.424465 -4.4456 -2.24664 -0.727843
0 0 26 -0.995074 0.52828 -4.02737 -2.29765
0 0 27 -3.13753 3.04267 0.00477878 -0.0465746
0 0 28 0.37189 -6.80353 4.08933 1.78656
0 0 29 2.88237 -9.47438 6.02727 3.09643
0 0 30 0.266739 2.57054 1.26149 -2.03601
0 0 31 1.83743 3.56696 -2.24664 -5.44066
0 0 32 1.94258 0.791797 3.09463 -5.33532
0 0 33 -3.03238 -2.40335 0.948016 -3.66019
0 0 34 -4.44534 -2.87548 -0.937523 -3.45122
0 0 35 -5.28655 3.61911 -1.82836 -1.30378
0 0 36 -3.29525 -9.47438 3.35664 1.83923
0 0 37 -1.98744 -7.0643 1.62831 3.56704
0 0 38 0.424465 4.50848 1.05282 2.6768
0 0 39 1.20653 -1.61828 2.67541 1.63026
0 0 40 -1.93486 2.727 -2.61345 0.21506
0 0 41 0.582192 0.215354 -4.6038 -2.71728
0 0 42 -1.61941 -6.33139 -5.17928 -2.76995
0 0 43 -3.87359 -0.833224 -2.03703 -4.23612
0 0 44 -0.206441 0.371817 4.08933 -1.61808
0 0 45 1.94258 -1.094 1.99512 -1.51275
0 0 46 -0.521895 2.51838 -1.30434 0.896328
0 0 47 -3.08495 10.4266 -1.88076 2.72947
0 0 48 -1.61941 6.81426 -1.46154 -0.62251
0 0 49 -0.259017 -6.12278 -4.02737 -1.09311
0 0 50 -2.7695 -3.39977 -6.96002 -1.51275
0 0 51 0.582192 1.88978 -4.55139 0.68736
0 0 52 3.56585 -0.624607 -1.25194 3.09643
0 0 53 0.529616 -0.152472 -2.82306 0.68736
0 0 54 -1.77714 -5.28556 -4.34179 -1.19844
0 0 55 2.61949 -8.26934 -2.14183 -0.360876
0 0 56 4.45307 -7.48428 1.3663 1.52493
0 0 57 2.46177 -0.413244 -0.309634 -0.884144
0 0 58 0.733347 5.50491 -1.93223 -2.35032
0 0 59 -2.19774 12.521 1.10429 -0.466209
0 0 60 -0.679621 10.0067 0.214387 -2.97892
0 0 61 0.37189 -5.44203 -4.91727 -3.76552
0 0 62 0.996224 -5.02205 -0.413502 -1.25111
0 0 63 0.733347 2.67484 5.34698 0.582027
0 0 64 -1.40911 6.86641 1.31389 2.8348
0 0 65 -4.65565 6.1335 -2.82306 1.78656
0 0 66 -4.44534 8.17576 0.686006 -0.936811
0 0 67 -2.40804 3.72342 5.29458 -0.151908
0 0 68 3.77616 -1.67044 3.56625 0.162393
0 0 69 7.0227 -0.569707 -4.49899 -0.936811
0 0 70 4.40049 -1.094 -5.28409 -0.936811
0 0 71 3.2504 -2.29904 0.371593 0.738328
0 0 72 0.161588 -0.937533 2.57154 5.40017
0 0 73 -0.57447 -1.67044 2.46674 1.52493
0 0 74 1.89001 -1.35751 -1.25194 0.111425
0 0 75 2.25804 4.35202 -2.40385 0.738328
0 0 76 5.0314 0.371817 -2.98027 2.72947
0 0 77 4.82109 -2.97979 -1.72355 -0.255542
0 0 78 0.785922 -1.8269 0.843212 -5.64962
0 0 79 -0.364168 -0.0481633 1.20909 -4.02715
0 0 80 -1.98744 -5.12635 2.30953 1.00166
0 0 81 -1.35653 1.20903 -1.67115 1.94286
0 0 82 -1.77714 7.75578 -1.46154 -0.569843
0 0 83 -2.7695 4.772 0.948016 -3.13692
0 0 84 -2.82207 3.40775 2.36194 -1.19844
0 0 85 0.00386087 3.30344 0.633604 2.78213
0 0 86 -3.29525 4.66495 2.41434 -1.04214
0 0 87 -4.29419 -0.885378 1.94272 -2.24668
0 0 88 0.161588 -0.569707 7.44119 1.2633
0 0 89 2.04774 3.56696 4.40375 0.582027
0 0 90 -0.837348 6.7072 -0.413502 -0.989477
0 0 91 -2.25032 3.72342 2.04752 -3.66019
0 0 92 -4.60307 4.61279 0.109583 -1.19844
0 0 93 2.40919 -1.67044 -3.45095 -1.51275
0 0 94 0.529616 0.423971 -1.09473 -3.71285
0 0 95 0.266739 9.01298 1.26149 1.47226
0 0 96 2.67207 8.43653 -0.152427 -3.13692
0 0 97 0.109012 0.94826 5.97487 0.320393
0 0 98 0.582192 0.267508 -0.518306 1.31596
0 0 99 3.97989 -1.2532 1.4187 -0.989477
0 0 100 1.0488 0.94826 -1.25194 -0.151908
0 0 101 -1.25138 7.70363 -4.49899 -0.466209
0 0 102 2.10031 3.98419 2.57154 -1.61808
0 0 103 3.0401 -10.7837 6.07968 -2.08868
0 0 104 1.4694 -7.22076 -0.675512 -2.45565
0 0 105 3.61843 3.77558 -8.11193 4.5626
0 0 106 0.266739 -4.39345 5.03257 2.10086
0 0 107 1.20653 -1.77475 -2.24664 3.3054
0 0 108 2.35662 -0.728915 -1.19953 0.896328
0 0 109 3.77616 -0.624607 -0.0476233 2.88577
0 0 110 -1.25138 1.73332 -0.62311 3.72504
0 0 111 -3.61071 2.30976 -0.100025 2.93843
0 0 112 -1.72456 1.68117 6.97051 3.82867
0 0 113 -1.1988 5.81783 8.5931 1.36693
0 0 114 5.86603 0.215354 0.895614 0.320393
0 0 115 3.09267 -1.14615 -1.40914 -1.87971
0 0 116 -0.206441 4.1434 -1.98463 -0.884144
0 0 117 -1.30396 1.00041 0.79081 -0.360876
0 0 118 -2.35547 7.59932 0.948016 -0.360876
0 0 119 -1.51426 6.91856 2.51914 -0.255542
0 0 120 1.89001 6.65505 0.843212 -2.45565
0 0 121 2.25804 -4.54991 -2.35144 0.476694
0 0 122 1.78486 -1.61828 0.79081 -1.51275
0 0 123 1.4694 1.00041 0.109583 -2.76995
0 0 124 6.23406 -2.55981 -2.03703 0.948995
0 0 125 -0.679621 -1.30536 -7.69365 -0.517176
0 0 126 -3.92616 3.61911 -5.33649 -0.255542
0 0 127 -4.9711 -1.2532 2.09993 3.56704
0 0 128 0.838498 -1.56613 1.4187 3.25273
0 0 129 -1.82971 1.3655 -3.18988 0.373059
0 0 130 -1.56683 4.40417 -2.98027 -7.01216
0 0 131 -0.889923 1.47255 1.89032 -5.86029
0 0 132 1.73228 5.76568 1.15669 1.1053
0 0 133 1.78486 10.8988 -0.675512 0.320393
0 0 134 3.77616 2.30976 -1.82836 1.31596
0 0 135 4.92625 -5.91416 3.88066 1.5776
0 0 136 1.10138 4.24771 -0.989925 3.3054
0 0 137 0.37189 4.03635 0.633604 2.93843
0 0 138 4.08504 2.20546 1.26149 0.00609199
0 0 139 6.65467 6.86641 2.83262 -0.466209
0 0 140 4.55822 5.03277 -3.39855 2.93843
0 0 141 0.214163 1.99409 -6.85521 3.25273
0 0 142 -0.10129 1.10472 -4.91727 0.373059
0 0 143 0.477041 1.83763 -2.66586 -0.569843
0 0 144 2.04774 -3.50408 -1.56635 1.31596
0 0 145 2.72465 -1.1983 0.843212 -0.151908
0 0 146 2.8298 1.26119 -1.93223 -0.989477
0 0 147 4.71594 2.46623 -1.25194 -2.03601
0 0 148 4.40049 7.54716 -2.14183 -0.466209
0 0 149 1.2591 6.1335 -1.19953 3.1474
0 0 150 0.161588 -1.30536 -1.35674 2.62413
0 0 151 1.62713 -4.76127 2.25713 0.0587586
0 0 152 1.99516 1.94194 3.04223 -1.61808
0 0 153 1.78486 1.68117 0.686006 -3.24055
0 0 154 1.89001 -5.28556 1.68071 1.15796
0 0 155 1.99516 -7.58859 -2.87546 1.52493
0 0 156 3.93388 -4.81343 0.0571809 0.425726
0 0 157 2.88237 0.843951 2.62301 -0.255542
0 0 158 3.0401 1.31334 -2.77066 -0.255542
0 0 159 3.56585 -4.39345 -2.71826 -0.360876
0 0 160 -0.0487147 -4.23698 -1.67115 -4.49775
0 0 161 -0.469319 0.52828 0.109583 -5.49332
0 0 162 1.57456 0.476126 -0.937523 -3.50219
0 0 163 2.88237 3.30344 -1.77596 1.2633
0 0 164 2.77722 1.94194 -5.4937 2.6768
0 0 165 0.529616 -6.07062 -1.51395 2.62413
0 0 166 2.15289 -9.31792 4.61335 1.63026
0 0 167 4.03246 -6.75137 4.03787 -0.884144
0 0 168 2.35662 -3.45192 2.57154 -2.82262
0 0 169 3.56585 -1.35751 -0.413502 -1.98335
0 0 170 3.4607 -1.98611 -1.19953 0.267726
0 0 171 0.0564364 -2.50765 0.843212 0.896328
0 0 172 0.733347 -2.35119 0.161985 0.00609199
0 0 173 0.37189 5.29354 -2.35144 0.476694
0 0 174 -0.57447 2.62269 1.10429 1.78656
0 0 175 -3.45298 -5.7028 3.14703 3.1474
0 0 176 -1.09365 -9.52654 2.25713 2.6768
0 0 177 0.529616 -6.4357 1.57591 1.52493
0 0 178 4.87367 -5.38987 -1.09473 -0.569843
0 0 179 2.35662 -2.77117 -1.19953 -0.517176
0 0 180 0.943649 -1.04184 -1.77596 2.10086
0 0 181 -2.35547 2.10115 1.78551 0.0587586
0 0 182 -4.49792 4.7171 5.97487 -0.466209
0 0 183 -1.77714 4.1434 0.00477878 1.8919
0 0 184 0.680771 -5.44203 -3.24228 1.99553
0 0 185 -2.04001 -7.79721 -0.885121 2.8348
0 0 186 -3.08495 -1.04184 2.62301 1.15796
0 0 187 3.0401 -3.86916 -3.76536 1.1053
0 0 188 4.45307 2.20546 0.686006 -4.02715
0 0 189 -3.34783 -3.76485 5.13737 -0.831477
0 0 190 0.161588 2.10115 0.476397 1.15796
0 0 191 0.266739 3.82773 -3.24228 0.896328
0 0 192 2.72465 -1.72259 -0.465904 -0.675176
0 0 193 2.10031 6.60289 -2.08943 -0.569843
0 0 194 3.14525 -3.45192 -3.03267 1.83923
0 0 195 4.29534 -12.9303 0.738408 0.738328
0 0 196 2.56692 -2.24688 2.04752 -0.151908
0 0 197 0.00386087 0.476126 5.81767 -3.76552
0 0 198 7.12785 5.3457 -3.60816 -3.13692
0 0 199 7.33815 0.896106 -6.69801 -3.34588
0 0 200 2.31061 -1.35751 -5.33649 -4.55042
0 0 201 4.34792 -3.817 5.92247 1.05263
0 0 202 4.71594 0.476126 6.6037 -1.35644
0 0 203 2.51434 -1.87906 5.08497 -3.81649
0 0 204 -2.19774 3.04267 -7.27443 -5.33532
0 0 205 -0.889923 6.18566 -5.07448 -3.24055
0 0 206 -3.13753 -2.87548 3.19943 0.111425
0 0 207 0.634767 2.83405 -0.937523 3.09643
0 0 208 2.72465 1.3655 4.40375 -0.466209
0 0 209 1.89001 -6.59491 2.04752 -2.45565
0 0 210 1.89001 -8.3215 1.10429 -1.72171
0 0 211 -3.03238 4.19556 5.76526 -2.08868
0 0 212 -1.09365 1.20903 5.13737 1.78656
0 0 213 -1.82971 1.68117 -3.03267 -2.45565
0 0 214 4.03246 -3.39977 -7.11722 -0.413542
0 0 215 -1.1988 -0.728915 -1.09473 4.35194
0 0 216 2.40919 -0.0481633 5.29458 0.68736
0 0 217 -2.46062 7.44285 7.33639 3.82867
0 0 218 1.83743 -0.885378 2.04752 -2.76995
0 0 219 2.15289 -0.100318 -6.96002 -4.02715
0 0 220 0.477041 1.20903 -7.74605 1.4196
0 0 221 -1.56683 7.07503 -8.11193 -2.19401
0 0 222 4.29534 1.26119 -8.32154 0.0587586
0 0 223 4.82109 2.7819 0.266789 -1.35644
0 0 224 4.76852 2.04625 2.93742 -2.61195
0 0 225 5.2417 4.45633 -0.0476233 0.267726
0 0 226 1.4694 -1.67044 -3.87017 1.21063
0 0 227 -0.889923 -4.60481 3.40904 -1.93238
0 0 228 3.77616 -1.87906 2.20473 -3.03158
0 0 229 3.09267 -2.82333 2.09993 -1.35644
0 0 230 6.39179 -5.38987 10.0604 -3.34588
0 0 231 2.72465 5.29354 1.83792 2.0482
0 0 232 1.57456 6.7621 -0.257232 2.25717
0 0 233 3.77616 6.81426 0.00477878 1.00166
0 0 234 2.67207 -1.35751 2.15233 -1.93238
0 0 235 2.51434 -0.937533 3.82826 -1.35644
0 0 236 6.28664 -0.569707 1.57591 -2.08868
0 0 237 11.8925 -4.96989 0.0571809 -3.24055
0 0 238 18.1753 -3.66054 0.843212 -5.44066
0 0 239 35.2492 -10.1551 -4.7086 -15.7056
0 0 240 67.8657 -16.3862 -3.39855 -37.2309
0 0 241 136.424 -18.8484 -2.29904 -56.7125
0 0 242 257.19 -28.066 -4.44659 -68.3382
0 0 243 393.302 -28.379 -5.91291 -60.219
0 0 244 422.941 -19.79 -6.90762 -45.0341
0 0 245 338.525 -19.0571 -10.6787 -40.6848
0 0 246 235.247 -27.1218 -11.7782 -41.7348
0 0 247 172.038 -36.548 -12.8253 -39.1167
0 0 248 140.821 -35.7629 -17.1719 -38.1212
0 0 249 128.571 -34.5085 -14.1344 -42.0491
0 0 250 125.482 -21.8322 -14.0296 -48.2807
0 0 251 121.026 -11.7253 -12.0402 -44.5091
0 0 252 114.592 -6.27924 -7.01242 -30.9993
0 0 253 105.424 -2.4555 -3.81777 -14.919
0 0 254 92.9509 -0.465398 -4.13218 -3.45122
0 0 255 81.0688 0.791797 -5.75571 -0.831477
0 0 256 80.8059 1.26119 -2.66586 -5.80762
0 0 257 84.8345 0.684743 0.843212 -9.26324
0 0 258 89.7109 2.7819 -5.86051 -14.7627
0 0 259 92.3857 13.3061 -9.52585 -23.1944
0 0 260 95.4219 28.0219 -12.1974 -32.778
0 0 261 108.618 40.1739 -14.2392 -46.5512
0 0 262 139.309 69.1854 -22.3045 -68.2346
0 0 263 186.857 112.496 -41.2095 -92.3763
0 0 264 221.794 143.343 -51.2641 -100.701
0 0 265 211.213 134.074 -42.2575 -80.4362
0 0 266 168.896 105.32 -30.2125 -51.1621
0 0 267 138.199 94.3238 -27.3313 -34.0879
0 0 268 125.107 102.336 -30.1077 -25.0275
0 0 269 114.954 100.659 -28.6938 -13.6634
0 0 270 99.4571 83.6404 -18.9526 -3.08425
0 0 271 87.6144 62.85 -15.9676 4.61527
0 0 272 82.4357 53.6846 -21.9901 9.53705
0 0 273 79.2944 46.8771 -27.8029 10.638
0 0 274 75.3643 36.6109 -31.3644 10.5853
0 0 275 69.4956 37.9202 -32.6735 9.27542
0 0 276 61.6947 39.8582 -34.9249 5.08587
0 0 277 55.2016 33.3114 -40.0575 1.00166
0 0 278 46.5069 20.2207 -38.2768 -4.91739
0 0 279 37.5428 10.7945 -30.6832 -9.7865
0 0 280 27.8623 11.6317 -24.8703 -10.2588
0 0 281 21.6321 6.55074 -17.0671 -7.2738
0 0 282 16.2366 5.86999 -15.8628 -3.86915
0 0 283 14.1927 5.24139 -12.0926 0.162393
0 0 284 14.5081 -2.14257 -7.58884 -1.04214
0 0 285 13.0426 -2.09042 -3.97497 -2.87358
0 0 286 11.8925 -3.18841 -4.23698 -2.50831
0 0 287 8.17279 -0.937533 -5.75571 -0.62251
0 0 288 9.79606 2.57054 -3.87017 -2.76995
0 0 289 11.4193 6.7072 -0.309634 -5.38799
0 0 290 4.66337 2.1533 1.00042 -4.34145
0 0 291 -0.837348 -0.728915 -1.51395 -1.87971
0 0 292 0.838498 -1.2532 -5.28409 3.04377
0 0 293 -1.82971 0.791797 1.3663 2.41517
0 0 294 -0.259017 2.10115 2.04752 0.843661
0 0 295 -2.14516 1.94194 0.423995 -0.151908
0 0 296 2.31061 1.57686 1.4187 -3.97449
0 0 297 6.28664 0.423971 1.31389 -5.28266
0 0 298 2.10031 2.41407 -0.309634 -1.51275
0 0 299 -1.98744 1.99409 -6.75041 -2.08868
0 0 300 -4.39277 -0.885378 -2.66586 -4.65575
0 0 301 -6.07519 -2.71902 2.62301 -1.51275
0 0 302 -2.46062 -3.45192 -4.86581 1.2633
0 0 303 1.83743 -10.9402 -4.44659 1.47226
0 0 304 0.109012 -2.50765 -1.19953 2.88577
0 0 305 -0.0487147 -6.27924 2.57154 1.83923
0 0 306 -2.19774 -1.8269 2.83262 1.78656
0 0 307 -2.92723 5.45275 0.161985 3.41073
0 0 308 -7.74446 -1.40967 -4.7086 2.46783
0 0 309 -2.35547 -7.16861 -0.362036 2.25717
0 0 310 -2.25032 -6.17493 4.03787 3.72504
0 0 311 1.73228 -1.98611 2.15233 -1.14578
0 0 312 0.424465 4.772 -2.19424 1.21063
0 0 313 1.78486 -3.45192 0.161985 0.162393
0 0 314 1.94258 -1.72259 -0.570708 1.68123
0 0 315 0.634767 1.10472 -0.570708 -1.46008
0 0 316 0.0564364 3.3556 -4.02737 -0.884144
0 0 317 2.20546 -2.82333 -6.12252 -0.466209
0 0 318 -0.679621 -1.2532 0.633604 1.52493
0 0 319 -0.679621 -5.0742 0.423995 -0.151908
0 0 320 0.943649 1.5247 2.83262 -0.202876
0 0 321 -0.521895 -3.66054 1.3663 -0.466209
0 0 322 -6.9164 3.46265 0.319191 -1.87971
0 0 323 -0.679621 1.78548 -2.03703 -1.82705
0 0 324 2.98752 -7.16861 0.423995 -0.569843
0 0 325 4.50564 -2.50765 -0.832719 -1.40741
0 0 326 -0.311592 -2.50765 -2.56105 3.51437
0 0 327 -2.51319 1.15688 -4.18458 4.45727
0 0 328 -2.40804 -0.413244 -0.362036 1.63026
0 0 329 -1.82971 1.94194 0.214387 0.425726
0 0 330 -0.942499 0.736897 2.51914 2.8348
0 0 331 0.943649 6.18566 3.09463 -0.884144
0 0 332 0.319314 9.58942 1.5235 -1.87971
0 0 333 0.00386087 -1.1983 -1.46154 3.25273
0 0 334 -1.14623 -3.34761 1.99512 0.843661
0 0 335 -1.1988 -5.80711 -3.81777 -1.46008
0 0 336 -1.35653 -2.97979 -2.66586 -1.46008
0 0 337 -0.259017 4.19556 3.51385 0.111425
0 0 338 0.891073 1.78548 4.35134 0.111425
0 0 339 2.20546 -4.96989 -1.82836 0.373059
0 0 340 -1.61941 -4.49776 -2.66586 3.41073
0 0 341 -2.87465 2.57054 -0.780317 2.5205
0 0 342 -2.56577 0.111045 1.26149 0.843661
0 0 343 0.582192 2.88621 -0.727915 1.31596
0 0 344 -0.942499 3.67127 2.15233 3.35807
0 0 345 2.40919 0.319662 2.36194 3.51437
0 0 346 2.31061 3.77558 1.05282 1.83923
0 0 347 -0.416743 6.02645 -0.885121 2.46783
0 0 348 1.4694 4.50848 -3.50335 2.15353
0 0 349 1.89001 -1.35751 0.843212 1.05263
0 0 350 -1.09365 -6.12278 1.68071 0.111425
0 0 351 -1.1988 -1.8269 -0.20483 1.00166
0 0 352 -2.87465 4.772 -1.19953 1.36693
0 0 353 -2.61834 1.88978 -1.19953 1.15796
0 0 354 0.582192 1.68117 -1.72355 1.78656
0 0 355 2.72465 2.30976 -1.93223 1.52493
0 0 356 2.10031 0.632589 1.68071 -0.884144
0 0 357 1.0488 3.09482 2.72782 -2.50831
0 0 358 1.78486 3.30344 -0.832719 1.36693
0 0 359 1.89001 -0.465398 -1.88076 3.4617
0 0 360 1.15395 1.62901 -3.76536 0.843661
0 0 361 -2.30289 1.31334 -4.6038 -1.98335
0 0 362 -3.92616 4.24771 -4.49899 -2.50831
0 0 363 -2.92723 3.67127 -4.39419 0.267726
0 0 364 -1.40911 0.476126 -4.7086 1.5776
0 0 365 -3.13753 5.86999 -4.39419 -0.255542
0 0 366 -5.02368 4.45633 -1.61875 -1.35644
0 0 367 -2.35547 0.267508 1.73311 0.320393
0 0 368 2.31061 0.00399106 2.36194 -0.413542
0 0 369 4.66337 2.10115 1.10429 -1.09311
0 0 370 2.20546 1.88978 -0.100025 -0.255542
0 0 371 -3.29525 0.00399106 1.4711 -1.25111
0 0 372 -5.12883 1.73332 3.35664 -3.39855
0 0 373 -4.91852 2.04625 5.76526 -2.35032
0 0 374 -3.08495 -2.4555 6.13208 -0.202876
0 0 375 0.161588 -4.70912 -0.832719 -1.51275
0 0 376 0.785922 -3.86916 -3.50335 -0.884144
0 0 377 -0.259017 -2.40335 -1.51395 2.2062
0 0 378 -0.521895 1.73332 -3.60816 2.9911
0 0 379 -1.93486 1.20903 -1.46154 -0.517176
0 0 380 -1.09365 -3.60839 1.00042 -0.466209
0 0 381 -0.627046 -3.45192 2.83262 2.6768
0 0 382 -0.889923 -5.33772 2.67541 5.29484
0 0 383 1.94258 -1.35751 2.93742 2.88577
0 0 384 2.51434 3.72342 -0.0476233 0.843661
0 0 385 1.36425 4.92846 -2.66586 -0.308209
0 0 386 1.52198 0.94826 3.19943 -0.778811
0 0 387 -1.72456 -5.65064 3.72345 4.82424
0 0 388 -4.65565 -12.0409 2.51914 5.76714
0 0 389 -5.23398 -14.0832 2.93742 3.20007
0 0 390 -4.70822 -7.74505 -0.885121 1.63026
0 0 391 -0.0487147 -3.66054 0.79081 -0.989477
0 0 392 0.37189 1.15688 2.72782 -0.360876
0 0 393 1.99516 4.98062 2.41434 -0.0992413
0 0 394 0.680771 4.19556 -1.19953 1.2633
0 0 395 -2.51319 2.93836 -3.24228 1.4196
0 0 396 0.943649 2.57054 -2.03703 -1.87971
0 0 397 2.31061 -0.152472 -3.29468 -1.82705
0 0 398 4.29534 1.47255 -5.75571 -0.831477
0 0 399 4.34792 5.66137 -6.5408 -0.989477
0 0 400 0.319314 6.28997 -4.55139 -0.778811
0 0 401 -2.25032 10.6874 -1.98463 0.948995
0 0 402 -3.1901 6.28997 0.581202 1.68123
0 0 403 1.20653 1.94194 -0.20483 -0.0465746
0 0 404 3.93388 0.843951 -3.18988 -3.39855
0 0 405 1.31168 0.476126 -0.465904 -3.03158
0 0 406 -2.25032 2.99052 -0.413502 -4.02715
0 0 407 -1.25138 5.92214 0.895614 -1.98335
0 0 408 -1.30396 2.1533 1.26149 1.1053
0 0 409 2.31061 0.896106 -4.07978 0.0587586
0 0 410 5.76088 -1.8269 -8.47874 -2.50831
0 0 411 4.08504 0.791797 -4.28938 -1.72171
0 0 412 3.51328 -3.76485 -0.885121 -4.39242
0 0 413 -2.14516 -4.76127 0.423995 0.267726
0 0 414 0.996224 -1.8269 1.4187 3.3054
0 0 415 1.67971 4.0885 1.4187 -1.19844
0 0 416 -2.35547 -1.14615 0.319191 -1.82705
0 0 417 -0.153866 -0.152472 -0.0476233 -2.19401
0 0 418 -0.416743 -0.36109 3.72345 -4.28879
0 0 419 0.109012 -4.08052 4.03787 -6.33089
0 0 420 -5.39828 -6.85568 6.49889 -2.19401
0 0 421 -6.22634 -4.49776 8.17482 -1.77438
0 0 422 -5.39828 0.111045 5.60806 -4.55042
0 0 423 -0.521895 1.00041 3.56625 -2.76995
0 0 424 -1.93486 6.1335 1.83792 0.0587586
0 0 425 -0.153866 -3.34761 4.14174 5.08587
0 0 426 -0.521895 -6.69922 6.91811 -2.19401
0 0 427 -3.87359 -0.569707 1.62831 -2.29765
0 0 428 -3.29525 -7.90426 -1.35674 0.634694
0 0 429 -1.67198 -6.12278 2.72782 -0.517176
0 0 430 1.89001 -7.43213 6.86571 -1.93238
0 0 431 -1.25138 -1.35751 0.948016 -4.60309
0 0 432 -1.61941 5.55706 2.83262 -1.98335
0 0 433 -1.40911 8.54084 0.161985 -1.61808
0 0 434 -1.1988 2.99052 0.266789 -4.75939
0 0 435 -1.77714 -3.86916 -0.100025 -1.51275
0 0 436 0.266739 -2.35119 -0.413502 0.476694
0 0 437 2.40919 -5.23066 -3.97497 0.267726
0 0 438 -0.259017 -2.82333 -0.832719 -0.778811
0 0 439 -1.30396 -10.5751 -1.30434 1.2633
0 0 440 0.477041 -4.49776 -0.100025 1.99553
0 0 441 -0.732197 -3.55623 1.68071 0.843661
0 0 442 -0.837348 -2.29904 1.68071 -1.04214
0 0 443 0.424465 -1.56613 1.99512 -2.87358
0 0 444 1.31168 -6.59491 4.08933 -2.03601
0 0 445 1.89001 -9.00225 0.79081 -2.76995
0 0 446 0.891073 -3.24331 -0.518306 -4.18345
0 0 447 -0.995074 -2.87548 -1.35674 1.1053
0 0 448 -2.46062 1.26119 1.05282 -0.413542
0 0 449 -3.66328 5.86999 1.20909 -2.87358
0 0 450 0.161588 0.00399106 -0.62311 -1.04214
0 0 451 1.67971 -3.29546 3.09463 -0.62251
0 0 452 1.57456 -5.54633 5.34698 1.36693
0 0 453 0.943649 -3.50408 -1.25194 0.634694
0 0 454 0.996224 -3.24331 -0.0476233 -0.884144
0 0 455 -1.77714 -0.308935 3.82826 -0.778811
0 0 456 -1.72456 -1.51398 3.88066 -1.46008
0 0 457 -0.889923 -0.78107 2.04752 -1.87971
0 0 458 0.214163 -0.256781 -1.19953 -0.255542
0 0 459 -0.311592 -0.833224 -0.727915 -0.989477
0 0 460 -3.13753 7.02287 -1.35674 -2.19401
0 0 461 -2.9798 3.61911 0.214387 -1.72171
0 0 462 -1.51426 -7.84936 -0.937523 -1.61808
0 0 463 -3.34783 -3.03194 -2.92787 0.843661
0 0 464 -2.51319 -0.36109 -0.152427 2.25717
0 0 465 -2.56577 -0.413244 -1.72355 2.62413
0 0 466 -2.92723 6.65505 -4.761 3.934
0 0 467 -1.25138 8.38438 -0.885121 3.51437
0 0 468 0.109012 3.67127 3.88066 2.2062
0 0 469 -1.35653 6.23781 2.78022 0.425726
0 0 470 -2.87465 10.6353 -0.257232 -1.25111
0 0 471 -1.88229 5.9743 -2.03703 2.57147
0 0 472 -1.1988 2.04625 -4.55139 3.04377
0 0 473 0.477041 1.68117 -5.7033 0.582027
0 0 474 2.93495 -1.1983 -3.29468 -0.202876
0 0 475 1.2591 0.215354 -1.51395 -0.360876
0 0 476 -2.87465 -1.56613 -1.98463 1.36693
0 0 477 -2.71692 -5.91416 -2.71826 3.35807
0 0 478 -0.153866 -2.40335 -1.09473 0.634694
0 0 479 0.0564364 3.30344 -1.35674 -0.255542
0 0 480 0.838498 1.73332 -2.08943 1.15796
0 0 481 0.00386087 1.78548 -0.727915 3.67237
0 0 482 2.04774 1.83763 0.5288 2.57147
0 0 483 2.98752 0.0561455 1.68071 -0.151908
0 0 484 0.477041 -1.14615 2.51914 0.738328
0 0 485 0.529616 -0.36109 1.4187 1.52493
0 0 486 -0.311592 2.99052 -1.35674 0.267726
