0 0 0 -4.80504 -2.52518 14.0224 5.73432
0 0 1 8.8918 14.2544 13.9188 9.92894
0 0 2 11.3775 -4.02682 0.53116 -1.10214
0 0 3 4.67132 -19.1237 0.867604 1.07375
0 0 4 3.86905 13.788 4.41506 -3.48388
0 0 5 0.193705 25.2853 -2.23982 3.27399
0 0 6 -4.62333 25.2597 -12.5208 5.94129
0 0 7 1.20168 14.6165 -4.20786 13.5547
0 0 8 6.33071 -7.31542 5.218 7.46972
0 0 9 4.5959 -18.8127 1.69625 4.82789
0 0 10 8.73752 -19.7199 -3.4571 10.9394
0 0 11 2.34337 -13.7902 -5.42513 1.33274
0 0 12 0.47827 -33.1597 2.44702 -10.9667
0 0 13 5.01074 -23.6304 7.03028 -6.77318
0 0 14 5.16503 20.806 -15.9647 -7.08307
0 0 15 0.944546 17.9307 -15.9382 -16.1198
0 0 16 -6.51243 10.8871 3.97503 3.86943
0 0 17 4.33533 12.7783 15.7833 8.68605
0 0 18 5.99472 18.5782 17.1812 1.30617
0 0 19 -6.64272 9.33427 12.8051 2.26463
0 0 20 -10.5032 5.73473 16.7412 2.86007
0 0 21 -2.83709 17.2576 3.0171 2.47159
0 0 22 -5.99473 12.7527 0.3754 0.892246
0 0 23 -0.841701 -13.247 -4.70007 -1.17961
0 0 24 4.61989 -25.5454 -8.3254 -5.4517
0 0 25 -7.03357 -2.21424 12.7529 -1.6201
0 0 26 -5.9193 -19.2535 -11.8207 1.77212
0 0 27 -4.80504 -12.3398 -9.85263 9.61905
0 0 28 -15.0083 -1.17901 -1.22972 1.87616
0 0 29 -14.3328 -1.82649 -16.1197 -1.59354
0 0 30 -10.8632 -6.7978 -23.6546 1.46223
0 0 31 -9.90665 -3.84574 -6.25378 -3.2249
0 0 32 4.46561 -3.71771 17.5177 -1.28365
0 0 33 11.4837 13.1149 23.7068 -0.55761
0 0 34 11.2506 10.3951 11.4843 6.77025
0 0 35 11.6895 -14.851 9.49052 5.44988
0 0 36 -0.430281 -2.21424 15.809 -14.5139
0 0 37 -9.41294 2.34188 -0.297487 -6.64369
0 0 38 0.608553 0.42688 -4.75147 7.88365
0 0 39 -5.08961 11.8711 -2.91349 4.38739
0 0 40 -13.3763 17.4387 -18.4763 4.18043
0 0 41 -2.34338 22.4887 -21.1694 5.57938
0 0 42 1.77081 13.8648 -14.7731 7.08125
0 0 43 9.80035 -6.43565 -7.98818 5.86381
0 0 44 7.05413 -13.375 -1.51476 4.67294
0 0 45 1.30454 -7.75621 4.51864 11.5603
0 0 46 -2.39824 9.69642 7.28962 3.43005
0 0 47 10.8872 23.6794 4.26007 -7.29114
0 0 48 18.759 26.968 1.64407 0.244791
0 0 49 11.5077 7.70277 -1.04903 1.79868
0 0 50 3.79363 -8.53355 -3.9493 -3.01794
0 0 51 -2.47367 -13.247 19.4857 -2.18898
0 0 52 9.17637 -8.71463 13.0123 -2.21554
0 0 53 4.46561 4.10324 -9.80123 1.15123
0 0 54 4.75018 16.2992 -8.19534 3.1445
0 0 55 5.1376 8.53133 12.4165 -4.23537
0 0 56 -0.920556 1.15118 18.9164 6.82227
0 0 57 -5.45303 -2.05878 1.92911 1.30617
0 0 58 -8.19583 0.737815 -1.74762 -6.59167
0 0 59 -7.72955 -3.0428 1.12617 -4.6493
0 0 60 5.57987 5.91581 10.1642 -10.6302
0 0 61 17.6208 22.282 23.9662 -5.8922
0 0 62 7.28727 8.94469 5.65803 -1.3091
0 0 63 4.54447 -3.76892 -14.3331 5.1909
0 0 64 -0.169716 -3.38117 -2.292 9.33351
0 0 65 2.36737 -11.2003 12.8051 5.24292
0 0 66 -9.46437 -11.7709 3.35355 6.56329
0 0 67 -15.526 -19.2279 -3.06847 3.35257
0 0 68 -3.76964 -23.2664 11.1992 1.35819
0 0 69 4.15362 3.19604 -1.72192 2.88552
0 0 70 10.9146 25.7242 -11.5878 6.79571
0 0 71 13.6574 18.3715 8.19615 7.62467
0 0 72 10.5238 6.51207 -6.92667 -5.7616
0 0 73 5.60387 5.16408 0.246118 -2.86299
0 0 74 -4.54448 2.00534 10.0606 5.21636
0 0 75 -9.64608 2.75707 4.15649 -1.85252
0 0 76 -7.85983 12.6997 9.64628 -6.43672
0 0 77 5.18903 4.80193 11.7693 -8.40343
0 0 78 3.29992 5.29394 7.23744 4.8799
0 0 79 0.0119947 -12.4166 5.2694 2.29008
0 0 80 1.97995 3.53441 11.51 -2.39705
0 0 81 5.44959 13.3216 7.05676 5.08687
0 0 82 2.18566 -15.3686 -1.56694 -5.08979
0 0 83 -0.947984 -1.93074 3.32785 -6.25521
0 0 84 5.34674 18.8635 -7.41887 -0.946083
0 0 85 4.05076 -19.2535 -8.97259 -9.36078
0 0 86 4.31133 -30.2588 9.80126 3.22308
0 0 87 3.40278 5.65609 2.5249 10.2665
0 0 88 2.31594 20.7017 -4.20786 -4.02841
0 0 89 7.75354 7.65156 -1.90338 -11.5621
0 0 90 4.93189 -3.19826 -0.893272 -9.56885
0 0 91 -2.26796 -3.74332 0.971185 4.18043
0 0 92 -3.32736 4.6995 4.77798 9.90349
0 0 93 -0.351426 12.1309 6.8753 0.296809
0 0 94 -12.0049 2.23945 -9.49049 -5.68523
0 0 95 -9.12838 -7.36846 -0.453248 -8.71443
0 0 96 3.89648 -8.76584 4.90726 -3.51045
0 0 97 5.1376 -11.5624 -9.93051 -2.1115
0 0 98 -2.39824 -31.0361 -7.21171 0.865683
0 0 99 -10.8392 -25.2345 -5.24367 9.23058
0 0 100 0.814263 12.2607 -9.49049 1.95363
0 0 101 4.5959 13.0618 -6.46094 3.63701
0 0 102 7.08156 0.71038 -11.5878 -3.92438
0 0 103 -11.7717 -11.6667 -14.5917 -7.73052
0 0 104 -13.3489 -13.7115 3.17209 9.04907
0 0 105 2.3948 1.04692 19.5893 8.58312
0 0 106 7.0027 -6.43565 27.0214 1.12467
0 0 107 11.0175 -13.4793 4.59652 1.64263
0 0 108 2.75479 4.43978 -8.48116 -7.39407
0 0 109 -7.21185 6.3566 -4.33714 -10.6302
0 0 110 -0.118288 -12.3654 14.2552 -0.143682
0 0 111 2.57651 7.85824 22.9817 9.12654
0 0 112 -3.30336 8.76361 6.79742 3.84398
0 0 113 -3.14908 -6.7978 -1.2819 -5.34878
0 0 114 -1.12627 -4.31214 -0.867572 5.52736
0 0 115 -5.55588 7.80703 -14.4102 18.3193
0 0 116 0.166277 1.64319 -15.9647 6.32976
0 0 117 12.9066 6.1481 9.15408 -3.38096
0 0 118 9.38551 10.9914 17.9585 -1.05012
0 0 119 5.93987 -24.1224 24.1211 -6.6946
0 0 120 -2.1891 -18.6316 4.85508 -7.6276
0 0 121 -1.07484 4.88058 -7.00455 -7.67961
0 0 122 12.6494 0.737815 -7.93678 -6.33158
0 0 123 11.1718 5.68352 -18.4763 11.4828
0 0 124 7.8564 10.706 -10.267 5.11343
0 0 125 7.39012 -1.10219 0.789723 0.0632821
0 0 126 0.347987 -16.2758 6.27951 8.50565
0 0 127 0.995973 -10.4504 -1.12613 7.93567
0 0 128 -9.90665 14.1245 -15.1874 8.68605
0 0 129 -14.4631 6.43342 -22.5168 1.51314
0 0 130 -1.20512 -13.1683 -8.92041 7.1067
0 0 131 10.0849 -11.2515 10.3192 5.78634
0 0 132 4.5959 -2.57822 9.90485 7.85819
0 0 133 -7.78441 3.97337 9.85345 3.27399
0 0 134 -10.3215 5.03604 4.90726 5.06141
0 0 135 -1.41426 -0.0925656 10.2678 9.79945
0 0 136 -2.26796 12.8039 9.25766 4.93192
0 0 137 9.28265 -3.9756 3.0171 0.0112644
0 0 138 17.6962 -32.2012 10.9664 10.396
0 0 139 2.75479 -10.7083 0.919005 2.6531
0 0 140 -3.43364 -5.63271 -0.556829 -10.5539
0 0 141 -6.56729 -12.0288 8.27325 -12.546
0 0 142 -13.7397 0.348231 15.3425 -1.54152
0 0 143 -9.05295 -9.3621 4.36366 -0.0141911
0 0 144 13.0883 5.78595 -3.58638 1.51314
0 0 145 14.1751 27.1491 4.51864 4.12841
0 0 146 0.814263 10.033 1.10047 9.23058
0 0 147 -2.86451 -15.7052 13.4266 17.0764
0 0 148 0.450842 -9.72425 15.8868 11.9233
0 0 149 5.34674 10.3951 27.3843 4.20699
0 0 150 2.62794 -7.08313 21.6352 3.30056
0 0 151 1.22911 5.57927 2.26556 7.26165
0 0 152 2.34337 14.4867 3.89715 20.9611
0 0 153 -0.142288 -4.95962 7.72965 16.9989
0 0 154 -3.61536 -16.9745 0.841903 -0.920628
0 0 155 -0.375425 -11.8734 -8.66262 4.95738
0 0 156 1.30454 -12.883 -10.9663 4.49143
0 0 157 -9.28609 -13.6347 -3.04277 8.55656
0 0 158 1.97995 8.76361 -4.44072 9.54047
0 0 159 3.97191 25.5432 -9.41261 0.0378266
0 0 160 -9.05295 33.2855 -17.027 1.41021
0 0 161 -3.22451 16.5846 -0.271787 0.1153
0 0 162 3.11821 8.45268 6.51238 -0.169138
0 0 163 4.5959 8.2716 -4.70007 6.84772
0 0 164 -4.80504 -1.82649 -10.6556 -0.972646
0 0 165 -4.57191 12.2333 -2.11054 -6.85065
0 0 166 5.86444 3.22347 0.116837 -9.80127
0 0 167 0.917118 -10.5272 -12.7537 -1.23163
0 0 168 -1.59254 -13.8414 -12.4165 13.3997
0 0 169 -1.51711 0.970103 -4.31144 11.1209
0 0 170 -5.50446 5.52805 2.88704 6.25229
0 0 171 -8.81981 -3.01719 9.5427 5.44988
0 0 172 -9.33752 -11.6155 3.0685 7.1067
0 0 173 -3.25193 -13.5049 -10.6813 5.52736
0 0 174 3.37878 -3.82013 -11.0442 -5.4517
0 0 175 -1.02341 2.65281 -8.63692 -7.36861
0 0 176 2.80965 10.7847 -8.66262 0.892246
0 0 177 10.7329 16.8425 -7.41887 1.28072
0 0 178 11.326 20.7785 -5.50301 -5.14181
0 0 179 9.90321 18.1904 -0.504649 -6.74661
0 0 180 -2.60395 -3.38117 1.69625 -2.65603
0 0 181 -15.19 -11.8734 -0.634709 1.30617
0 0 182 -12.4163 -3.87318 4.95866 3.92145
0 0 183 -5.60731 -3.27691 12.0543 5.9933
0 0 184 4.85303 -8.99996 10.552 2.16059
0 0 185 14.4597 -18.5036 14.5138 -8.09354
0 0 186 7.28727 -20.1077 8.04039 -13.0906
0 0 187 -12.4437 -2.52518 -11.8207 -6.15118
0 0 188 -14.6174 11.8199 -15.9382 4.75041
0 0 189 -4.08163 11.1212 -7.80749 12.1303
0 0 190 -6.67015 14.2288 -3.56068 5.83836
0 0 191 -6.35815 16.6888 -8.73972 -3.48388
0 0 192 2.60051 14.4098 -17.9592 -5.08979
0 0 193 5.73416 15.6774 -20.1071 -5.32221
0 0 194 0.893118 14.5653 -15.9382 -3.94983
0 0 195 -2.47367 11.509 -2.44699 -8.45545
0 0 196 2.08281 6.84861 7.80753 -16.7152
0 0 197 2.36737 -1.28327 -3.58638 -16.0943
0 0 198 -2.11024 -2.39715 -9.23115 -2.62947
0 0 199 -2.13767 7.21076 2.16198 6.22683
0 0 200 -4.23591 7.31502 10.915 -2.47452
0 0 201 -2.1651 5.60487 12.1579 -11.4326
0 0 202 7.46898 4.6995 5.37299 -6.04825
0 0 203 5.08617 3.01496 -2.18842 1.33274
0 0 204 1.38339 14.4611 5.78731 -2.21554
0 0 205 11.6106 14.9787 17.1812 -0.506699
0 0 206 15.2619 2.47174 22.231 0.736192
0 0 207 -0.272571 -0.454714 24.1468 -8.04042
0 0 208 -13.894 -0.401672 17.4406 -11.9251
0 0 209 -7.31813 -5.99485 8.06609 -6.17774
0 0 210 2.03138 -18.8658 -2.3177 -0.687101
0 0 211 0.608553 -34.7637 -3.89712 -1.38657
0 0 212 0.632553 -35.1789 13.1159 -0.998101
0 0 213 5.50102 -15.7838 21.8681 3.71448
0 0 214 7.15698 -6.97887 6.17593 2.21261
0 0 215 7.41755 -6.30579 -6.07232 -4.26083
0 0 216 5.93987 -5.53028 0.764023 -4.59729
0 0 217 5.6313 -12.6763 7.47108 2.44614
0 0 218 7.39012 -19.4858 7.83323 8.63514
0 0 219 1.77081 -17.7007 8.32543 6.45925
0 0 220 -8.22326 -11.096 7.83323 1.46223
0 0 221 -12.1317 -0.194991 8.22185 0.685281
0 0 222 -14.9054 11.9242 10.6299 4.85445
0 0 223 -17.3362 10.6548 12.1057 10.033
0 0 224 -13.558 6.1481 10.5263 5.52736
0 0 225 -8.87124 14.0989 4.80368 -0.402664
0 0 226 -4.46905 9.41109 -6.84879 2.18716
0 0 227 1.84967 -4.49322 -12.235 -0.273173
0 0 228 -0.714847 0.633561 -8.68832 -8.73989
0 0 229 -6.07359 12.4674 -6.51234 -5.50372
0 0 230 -2.47367 19.8476 -4.72577 4.41396
0 0 231 -0.790274 13.5813 -2.49917 0.0378266
0 0 232 -4.23591 4.30992 0.504681 -10.9667
0 0 233 -5.84045 -6.02229 0.4011 -15.4978
0 0 234 1.41082 -16.7166 3.32785 -12.857
0 0 235 11.2232 -6.7978 5.34728 -8.32707
0 0 236 18.8104 -4.75294 2.93922 -10.2683
0 0 237 39.9677 -11.2515 -0.556829 -20.5479
0 0 238 90.1506 -3.35373 -12.6493 -28.3163
0 0 239 160.867 -11.9264 -15.9647 -27.8503
0 0 240 207.35 -27.9286 -8.81682 -20.7029
0 0 241 193.366 -11.2789 -7.34099 -11.4072
0 0 242 143.673 6.27796 2.39562 -11.6153
0 0 243 98.5127 1.56637 14.0995 -12.546
0 0 244 74.0195 -9.51757 11.2257 -8.66352
0 0 245 65.342 -16.8447 6.33169 -11.6407
0 0 246 63.35 -15.7582 5.96877 -16.0943
0 0 247 67.0254 -19.0724 8.53259 -15.4978
0 0 248 58.9479 -32.6146 1.28193 -13.893
0 0 249 46.8041 -34.5058 1.22975 -9.052
0 0 250 47.1641 -10.0864 9.41264 -5.94421
0 0 251 42.5836 13.9178 4.05291 -4.9603
0 0 252 40.794 8.66119 -3.61208 1.66919
0 0 253 55.1937 -4.72733 -6.95237 9.61905
0 0 254 64.4095 -7.49832 6.02095 15.5491
0 0 255 59.2324 -11.2789 18.9943 7.59921
0 0 256 59.181 -14.851 3.68999 -10.5262
0 0 257 65.1363 -10.3461 -11.7171 -19.1766
0 0 258 74.431 8.35025 -1.72192 -26.6074
0 0 259 101.232 45.6387 8.66187 -39.323
0 0 260 130.415 81.1403 9.33554 -51.5693
0 0 261 132.667 77.2042 11.9765 -47.9967
0 0 262 110.968 51.1789 17.6734 -29.4817
0 0 263 85.8273 46.2332 25.9856 -18.1651
0 0 264 69.7442 50.8423 21.3244 -14.5924
0 0 265 59.2839 35.7455 9.67198 -6.77318
0 0 266 50.2978 23.8348 10.0084 3.40348
0 0 267 41.3905 17.7497 10.0341 7.34023
0 0 268 33.001 5.96702 7.83323 12.5962
0 0 269 28.8045 3.66244 4.7515 13.2182
0 0 270 27.0971 6.1481 -1.22972 1.59172
0 0 271 21.6595 10.525 -6.1245 -0.532155
0 0 272 20.0276 21.7113 -5.11439 7.08125
0 0 273 22.7464 25.9584 -7.52245 3.40348
0 0 274 18.0082 16.2736 -20.9358 -4.36487
0 0 275 12.934 1.30664 -16.8969 -7.86001
0 0 276 8.45295 -5.08948 1.41121 -8.14445
0 0 277 9.53979 5.37258 2.80994 -2.7335
0 0 278 19.8458 13.1917 -3.06847 1.5397
0 0 279 18.8619 8.50572 -2.60275 7.34023
0 0 280 6.22443 -6.53991 -5.01081 13.9177
0 0 281 -0.533136 -17.1812 -7.41887 5.44988
0 0 282 -4.31134 -8.55916 -3.63856 -7.36861
0 0 283 -5.89188 -6.74659 -0.996853 -5.40079
0 0 284 -4.54448 -10.8893 0.427579 2.91208
0 0 285 -2.05882 -1.72223 9.12838 5.73432
0 0 286 -0.608563 10.6548 12.6758 10.5764
0 0 287 -1.61997 7.72838 1.90341 14.3571
0 0 288 -0.766274 -1.04915 -1.3076 2.05766
0 0 289 -0.896557 0.322625 10.2678 -12.6512
0 0 290 5.99472 1.35786 10.0341 -11.4072
0 0 291 13.5546 -7.99033 -1.74762 -8.01496
0 0 292 7.26327 -11.5624 1.56697 -13.4016
0 0 293 0.269132 -9.41332 7.03028 -12.6512
0 0 294 -6.38558 -8.92131 -7.91108 -3.32894
0 0 295 -10.6815 -10.915 -21.8431 1.35819
0 0 296 -5.11704 -25.0534 -12.4686 0.167318
0 0 297 -2.47367 -38.7254 -1.02255 0.374282
0 0 298 -3.27593 -25.1832 0.0389562 -3.01794
0 0 299 -2.63138 2.44613 -0.66041 -7.34205
0 0 300 -10.2426 2.31627 -2.55057 -3.94983
0 0 301 -14.542 -18.4506 -2.39559 0.0378266
0 0 302 -3.25193 -17.9073 -1.87768 2.57563
0 0 303 8.53181 -7.60075 -1.43688 3.81852
0 0 304 9.2038 -8.71463 -0.453248 5.1909
0 0 305 -4.54448 -6.38444 -7.08243 8.27212
0 0 306 -12.3135 12.3888 -10.4227 7.52063
0 0 307 -5.63474 25.2853 -2.65415 4.5689
0 0 308 -3.20051 15.9371 -7.31529 -0.0141911
0 0 309 -2.6828 9.59216 -14.0995 -3.61338
0 0 310 1.8771 13.6837 -8.11824 -1.6201
0 0 311 6.9787 13.3216 -1.98126 -0.325191
0 0 312 3.40278 11.2237 -0.401068 -2.60401
0 0 313 -12.262 2.93814 -10.6556 -5.99623
0 0 314 -13.5306 -6.20336 -16.9491 -7.03216
0 0 315 -3.66678 0.944496 -8.97259 -4.23537
0 0 316 -3.20051 8.48011 -5.81376 -2.39705
0 0 317 -2.44967 5.24272 -5.83946 -0.86861
0 0 318 -2.99137 6.3566 -3.76784 -0.661646
0 0 319 1.0714 12.4418 -1.64404 1.46223
0 0 320 7.78097 6.74436 4.07861 8.27212
0 0 321 5.06217 -4.77855 7.67825 6.87429
0 0 322 -2.1651 1.84987 5.01084 6.22683
0 0 323 -13.222 20.2609 2.91352 10.3174
0 0 324 -15.6802 23.8092 5.76161 4.72496
0 0 325 -3.95135 8.97212 2.29204 -1.77505
0 0 326 8.16839 -4.31214 -9.07695 -1.8005
0 0 327 15.0288 -5.1407 -8.19534 -3.06996
0 0 328 14.4357 -1.90514 -1.74762 1.38365
0 0 329 2.47023 -2.55079 0.815424 10.0075
0 0 330 -12.8586 -10.7339 4.59652 4.12841
0 0 331 -17.0276 -6.25458 -8.92041 -1.38657
0 0 332 -13.7397 2.1608 -18.9942 7.65012
0 0 333 -8.40497 -3.40677 -1.41118 4.5689
0 0 334 -2.83709 3.7923 6.79742 -13.2466
0 0 335 -3.30336 17.6454 0.789723 -15.3683
0 0 336 -1.69883 29.1427 -2.57627 -5.68523
0 0 337 1.84967 30.4377 -9.23115 -5.08979
0 0 338 -0.351426 5.60487 -3.30133 -7.57558
0 0 339 -5.11704 -5.06388 7.78183 -3.58792
0 0 340 -7.70555 5.24272 8.53259 2.08312
0 0 341 0.86569 7.46866 3.0428 6.69278
0 0 342 7.75354 8.48011 -3.71566 8.50565
0 0 343 1.0474 14.0733 -0.971153 2.57563
0 0 344 -0.0394327 11.3023 7.47108 -5.63321
0 0 345 8.84037 -1.02354 5.52875 -14.0756
0 0 346 11.4323 -14.6187 1.43691 -20.6265
0 0 347 5.91587 -10.6571 4.7258 -12.9611
0 0 348 4.46561 10.0842 8.40331 -0.920628
0 0 349 3.11821 4.95739 6.79742 4.10296
0 0 350 -1.75025 -11.1235 -7.10813 5.32039
0 0 351 -2.86451 -10.2949 -14.9803 2.83461
0 0 352 -2.24053 -1.8521 -9.87911 -3.45843
0 0 353 -5.14104 2.39492 -5.94304 -0.0662088
0 0 354 -5.37417 -8.06715 -3.56068 8.3496
0 0 355 -0.999412 -11.2259 3.43143 8.76463
0 0 356 1.95252 -3.76892 7.96251 5.55281
0 0 357 5.39816 6.76997 -0.401068 -3.06996
0 0 358 2.47023 13.1405 1.30763 -8.79301
0 0 359 1.66796 1.48772 15.0317 -4.85627
0 0 360 5.60387 -2.00756 7.3675 -1.95656
0 0 361 -0.0154333 5.65609 -11.0442 3.35257
0 0 362 -1.15369 -6.61673 -10.9149 9.07452
0 0 363 8.3501 -20.0309 -0.453248 8.06516
0 0 364 13.3728 -17.1556 -2.88701 6.25229
0 0 365 9.02209 -0.868076 -13.7124 6.74479
0 0 366 -0.481709 17.9563 -15.6532 6.69278
0 0 367 -4.49305 18.0862 -9.41261 0.167318
0 0 368 -1.20512 9.23002 -5.96874 -5.68523
0 0 369 -0.0908602 3.74109 -0.60823 -7.1871
0 0 370 -0.481709 -3.30252 7.88541 -5.29676
0 0 371 -0.505708 3.3259 6.9267 -0.480137
0 0 372 5.6553 18.4483 2.5506 0.840228
0 0 373 6.43357 6.51207 1.92911 3.24854
0 0 374 -3.45764 -3.40677 1.74765 6.27774
0 0 375 -3.14908 6.12249 -2.34341 -2.08605
0 0 376 4.31133 7.44305 -7.8589 -12.4442
0 0 377 0.269132 6.87422 -13.6594 -12.1321
0 0 378 -6.07359 5.81155 -14.7474 -9.61976
0 0 379 7.70211 4.05202 -6.33166 -8.55949
0 0 380 17.1785 6.69315 2.99062 2.0311
0 0 381 0.581125 6.89983 6.48668 7.46972
0 0 382 -11.1478 1.35786 2.21416 2.67856
0 0 383 -2.24053 5.16408 0.271819 3.58499
0 0 384 2.86108 4.64646 2.16198 -1.85252
0 0 385 2.16166 -12.936 6.20163 -12.7275
0 0 386 0.917118 -14.5145 5.42517 -11.4603
0 0 387 -5.65874 -11.1235 -2.65415 -5.84018
0 0 388 -2.13767 -18.917 -0.0646248 -3.63994
0 0 389 4.93189 -10.476 5.01084 -7.96405
0 0 390 7.26327 -3.43238 3.50853 -15.3683
0 0 391 4.31133 -5.99485 4.88156 -6.3847
0 0 392 -8.40497 -9.95837 1.30763 3.61156
0 0 393 -13.2974 -21.2472 -7.31529 0.322264
0 0 394 -2.42224 -22.8531 -4.4672 -1.49061
0 0 395 7.62326 -17.3111 4.49294 2.36756
0 0 396 6.63928 -16.8721 1.07477 5.39787
0 0 397 -0.533136 -18.8658 -5.06221 1.41021
0 0 398 -9.31009 -15.0321 -2.39559 -3.19945
0 0 399 -13.8666 -18.2439 6.20163 -0.118227
0 0 400 -13.0917 -20.4186 13.1159 4.36194
0 0 401 -6.773 -1.10219 0.47898 2.62654
0 0 402 5.76158 4.95739 -14.1773 -1.38657
0 0 403 15.7282 1.28104 -6.2016 -1.64556
0 0 404 13.0369 2.31627 -0.142505 -2.81097
0 0 405 -0.920556 -4.46761 -1.02255 -9.41391
0 0 406 -3.61536 -4.02682 6.20163 -13.6351
0 0 407 5.57987 3.58562 13.3744 -10.1388
0 0 408 3.19707 1.97973 5.73591 -2.13806
0 0 409 -4.15706 0.42688 -3.27563 0.840228
0 0 410 -2.29196 -0.610182 3.66429 1.8507
0 0 411 4.98332 -14.359 16.4047 2.18716
0 0 412 4.05076 -21.4026 10.1899 1.51314
0 0 413 -5.29532 -17.2087 -11.7171 2.49705
0 0 414 -5.89188 -15.9905 -15.8603 1.09921
0 0 415 -1.54111 -4.36519 -7.70391 0.865683
0 0 416 -1.69883 -0.376066 0.815424 1.20325
0 0 417 2.3948 -9.90533 2.65418 -3.09541
0 0 418 3.50563 7.77959 -4.82935 -7.47044
0 0 419 0.166277 17.6728 -6.48664 -3.27692
0 0 420 1.74681 -2.55079 -0.556829 2.86007
0 0 421 0.193705 -4.67429 5.32158 6.09734
0 0 422 -2.86451 -0.816863 4.82938 7.98769
0 0 423 -2.08625 -7.73061 3.50853 6.51127
0 0 424 0.166277 -5.03827 2.0584 6.09734
0 0 425 -1.46569 -0.299246 -4.4672 3.97347
0 0 426 -9.38894 13.6581 -10.1634 -0.0916643
0 0 427 -9.02552 24.6634 -9.54189 1.59172
0 0 428 0.68398 11.4322 -3.9493 2.78259
0 0 429 7.28727 -5.40042 3.12068 -0.402664
0 0 430 6.30329 -8.79145 12.235 -2.91501
0 0 431 2.88508 -3.48359 10.0606 -6.79863
0 0 432 1.33197 -1.25766 -1.90338 -9.98389
0 0 433 1.59253 2.67842 -2.292 -4.10588
0 0 434 5.47359 7.28758 0.45328 -1.07557
0 0 435 4.46561 6.71875 -7.05595 -5.4517
0 0 436 -4.54448 3.37894 -8.58396 -0.972646
0 0 437 -11.6415 2.78267 3.0942 3.58499
0 0 438 -9.95807 7.65156 6.46097 -5.73725
0 0 439 -4.20849 23.5239 -0.556829 -14.4629
0 0 440 -5.35017 27.8477 -10.837 -5.96967
0 0 441 -8.71353 13.4514 -15.6796 3.4555
0 0 442 -4.13306 19.8988 -4.88153 1.82414
0 0 443 4.05076 19.0446 6.12453 -0.713664
0 0 444 7.44155 -5.91804 11.5621 -5.08979
0 0 445 6.38214 -16.5356 7.65177 -11.0198
0 0 446 -0.402853 -15.3174 -3.92282 -7.55012
0 0 447 -7.67812 -12.7019 -9.85263 -2.86299
0 0 448 -5.52846 -6.3314 -8.2997 -8.27394
0 0 449 3.37878 -7.08313 1.72195 -8.32707
0 0 450 5.08617 0.452486 11.4586 -0.895172
0 0 451 1.0714 8.68679 10.8371 -1.92999
0 0 452 2.26452 2.96375 7.83323 -8.01496
0 0 453 4.51704 -1.61981 7.05676 -8.48201
0 0 454 2.34337 -13.8414 0.168238 -3.0445
0 0 455 -1.56854 -22.3866 -12.9865 -2.62947
0 0 456 0.0874217 -9.62 -20.7029 -3.19945
0 0 457 5.01074 -5.1407 -12.4686 4.75041
0 0 458 2.3948 -18.0884 -2.52487 7.77961
0 0 459 -0.0154333 -17.2343 4.18219 2.13514
0 0 460 1.20168 -0.220598 13.1416 -2.13806
0 0 461 0.193705 20.442 7.21174 -0.247718
0 0 462 -1.28398 23.6538 -7.54815 2.00565
0 0 463 -2.78566 -3.0428 -6.51234 -2.99248
0 0 464 -3.07022 -20.5741 5.37299 -5.21929
0 0 465 -4.54448 -8.8701 11.2771 -5.19272
0 0 466 -7.21185 7.57291 8.71406 -8.73989
0 0 467 -8.84381 8.53133 -5.658 -1.07557
0 0 468 -3.0428 6.79557 -13.8666 3.48206
0 0 469 6.84842 2.47174 -6.27948 -3.12197
0 0 470 9.43693 -11.3045 -3.01707 -5.5812
0 0 471 6.9787 -5.27056 -5.39943 -9.72491
0 0 472 0.711408 7.36623 -3.4571 -5.40079
0 0 473 -2.1651 1.64319 -0.66041 0.736192
0 0 474 5.76158 -1.1278 2.0584 -4.23537
0 0 475 1.22911 7.77959 7.49678 -0.584173
0 0 476 -10.5786 15.1853 8.89474 6.66621
0 0 477 -6.12501 22.6185 5.91737 4.90536
0 0 478 -3.0428 12.1821 4.20789 2.49705
0 0 479 -8.32611 -11.2789 3.61211 -4.9603
