0 0 0 -0.0485634
0 0 1 -0.0386145
0 0 2 0.0159736
0 0 3 0.0468676
0 0 4 -0.0167204
0 0 5 -0.0284038
0 0 6 0.000542964
0 0 7 0.0150082
0 0 8 0.00515743
0 0 9 0.0252189
0 0 10 0.0313061
0 0 11 -0.0228239
0 0 12 -0.00245153
0 0 13 0.0166281
0 0 14 0.0370169
0 0 15 -0.0471889
0 0 16 -0.0186512
0 0 17 -0.0409545
0 0 18 -0.0200421
0 0 19 -0.0161804
0 0 20 -0.0211221
0 0 21 -0.0009461
0 0 22 0.00816828
0 0 23 0.0200481
0 0 24 0.0123409
0 0 25 0.0709872
0 0 26 -0.023053
0 0 27 -0.0318401
0 0 28 -0.03454
0 0 29 0.00913372
0 0 30 0.000232061
0 0 31 -0.0175713
0 0 32 0.0348733
0 0 33 -0.00718053
0 0 34 0.0258571
0 0 35 0.0158754
0 0 36 0.00108295
0 0 37 0.0243353
0 0 38 0.0297188
0 0 39 -0.0103878
0 0 40 0.0411895
0 0 41 0.0174954
0 0 42 -0.010175
0 0 43 0.0173808
0 0 44 0.0297188
0 0 45 0.316077
0 0 46 0.755793
0 0 47 0.692074
0 0 48 0.999983
0 0 49 0.175794
0 0 50 -0.00470967
0 0 51 -0.00932413
0 0 52 0.0704635
0 0 53 -0.0207948
0 0 54 0.00527197
0 0 55 -0.0723721
0 0 56 -0.00287697
0 0 57 0.0189845
0 0 58 -0.0133986
0 0 59 0.0486839
0 0 60 -9.5206e-05
0 0 61 0.00355382
0 0 62 -0.0304492
0 0 63 0.022208
0 0 64 -0.00362969
0 0 65 -0.0237893
0 0 66 0.0288516
0 0 67 0.0422695
0 0 68 -0.0413799
0 0 69 -0.0366673
0 0 70 0.0310933
0 0 71 0.0520057
0 0 72 0.00934644
0 0 73 0.0420404
0 0 74 0.0604819
0 0 75 -0.00534784
0 0 76 0.0728199
0 0 77 -0.00942231
0 0 78 -0.000520653
0 0 79 -0.0511652
0 0 80 0.0605964
0 0 81 0.0831124
0 0 82 -0.0465344
0 0 83 -0.0242311
0 0 84 0.0460167
0 0 85 -0.0130713
0 0 86 -0.0129568
0 0 87 -0.0442762
0 0 88 0.0253171
0 0 89 0.0145827
0 0 90 -0.0439653
0 0 91 -0.0376327
0 0 92 0.0144682
0 0 93 0.0266098
0 0 94 -0.00513512
0 0 95 -0.0483507
0 0 96 -0.0227421
0 0 97 0.00505925
0 0 98 0.0540675
0 0 99 0.0011975
0 0 100 -0.0138241
0 0 101 0.0268225
0 0 102 0.0261843
0 0 103 0.0092319
0 0 104 0.051793
0 0 105 0.00258838
0 0 106 -0.0396618
0 0 107 -0.00888232
0 0 108 0.0157609
0 0 109 0.0359369
0 0 110 -0.0316274
0 0 111 0.0627564
0 0 112 -0.00084792
0 0 113 0.0326151
0 0 114 0.0186572
0 0 115 0.0233698
0 0 116 -0.00331878
0 0 117 0.00216294
0 0 118 -0.0335582
0 0 119 0.0248916
0 0 120 -0.0373055
0 0 121 0.00216294
0 0 122 0.00784102
0 0 123 0.0450349
0 0 124 -0.0187494
0 0 125 -0.0279783
0 0 126 0.0408622
0 0 127 -0.00310606
