0 0 0 -7.15576 3.01331 -4.24782 10.7684
0 0 1 23.8454 14.797 13.752 -8.00049
0 0 2 -1.76194 -3.62381 -10.4885 3.78256
0 0 3 -0.991937 10.6701 12.9314 -46.4092
0 0 4 -4.5954 -2.30718 -11.0098 -3.40234
0 0 5 27.153 -22.5934 -9.021 -22.6191
0 0 6 38.8624 -14.7372 13.3542 7.18909
0 0 7 -17.3972 -13.0711 6.71581 -2.33221
0 0 8 -17.2986 -22.5934 -10.0405 -2.38199
0 0 9 19.7678 -8.9203 -35.9956 0.749326
0 0 10 12.7316 -7.37874 -31.346 -21.1523
0 0 11 7.56156 3.18726 -15.6343 3.55858
0 0 12 -1.63677 9.89935 12.3849 -16.0564
0 0 13 36.9962 5.12621 -0.0461912 0.948419
0 0 14 37.8155 -15.2335 13.7771 16.9095
0 0 15 -5.26679 -30.1258 -11.4327 5.7969
0 0 16 29.9372 8.73118 4.503 27.1774
0 0 17 -56.8798 -15.7809 -2.80544 -0.344218
0 0 18 -27.1493 -23.2142 40.8753 5.74713
0 0 19 -16.832 -9.46615 31.7016 11.2412
0 0 20 -26.3755 1.54672 2.73816 6.07066
0 0 21 -24.1376 -28.8826 -4.12425 -26.1999
0 0 22 -23.9176 10.0238 1.54487 -11.0088
0 0 23 5.995 11.7648 18.1757 4.2554
0 0 24 -24.9303 -21.2498 0.648932 9.45083
0 0 25 -12.3751 11.5414 10.9174 41.7199
0 0 26 -35.8242 -14.7611 16.2371 -3.22813
0 0 27 -17.052 -24.4334 8.08289 21.534
0 0 28 -15.0113 14.3501 -2.68187 -1.83595
0 0 29 32.1258 3.85907 -16.4801 -12.9236
0 0 30 5.2743 -20.554 7.03827 3.03742
0 0 31 9.00294 -24.4334 -14.1668 16.4864
0 0 32 14.7457 -15.5829 -35.6461 10.8679
0 0 33 2.41429 -1.43593 -9.49407 -0.792176
0 0 34 -19.1875 -5.4143 -29.3321 -7.42956
0 0 35 -1.13987 -6.53298 -24.36 -7.554
0 0 36 17.9282 25.4124 -48.7492 28.0221
0 0 37 -6.88266 52.0149 10.5699 6.94022
0 0 38 -15.6827 15.0459 7.66002 19.4201
0 0 39 -5.16817 -1.11352 18.9963 13.279
0 0 40 -14.7686 19.795 20.4387 31.7506
0 0 41 31.4544 42.5421 34.5342 10.0979
0 0 42 2.41429 11.9883 5.14985 0.64978
0 0 43 12.1361 -5.93615 6.54203 6.66647
0 0 44 -2.43332 -3.05247 37.1197 22.4035
0 0 45 -14.4386 10.5457 22.2035 22.4533
0 0 46 22.3547 13.9272 15.9146 -25.4767
0 0 47 -8.8968 11.3914 7.48624 -28.5597
0 0 48 -12.5761 -10.8338 0.575558 -0.593083
0 0 49 -32.4938 -10.9582 -3.37699 2.58947
0 0 50 -31.098 12.2612 8.43045 20.1169
0 0 51 -9.59474 6.86721 -8.89742 11.4403
0 0 52 12.0602 -7.22878 13.976 0.203286
0 0 53 -19.6351 14.623 13.6265 1.57058
0 0 54 -5.0923 27.6003 -10.4383 11.6892
0 0 55 -25.9772 7.2646 -7.55352 14.7458
0 0 56 -6.78404 8.23482 19.8923 -6.28625
0 0 57 3.70774 -1.36245 11.4639 -1.11424
0 0 58 -8.07749 -26.0244 35.38 -7.82775
0 0 59 7.51225 -17.8203 32.1979 2.11662
0 0 60 34.6103 -3.27591 25.5112 2.21617
0 0 61 20.1661 -25.3526 5.37384 22.9511
0 0 62 9.72364 -13.1206 -16.5283 -2.30733
0 0 63 8.40742 -5.78769 -15.0879 14.7956
0 0 64 23.3978 1.42226 -27.1946 14.5731
0 0 65 -1.51159 23.598 -13.7942 24.8893
0 0 66 -39.0066 3.01331 4.25392 -14.7887
0 0 67 -61.606 -0.641156 19.6181 25.6856
0 0 68 -25.3059 11.4664 -17.5478 -1.3631
0 0 69 -37.1897 11.3914 12.607 0.00419395
0 0 70 -79.2251 18.4019 23.9935 1.44615
0 0 71 -69.3099 15.7672 31.5761 3.48392
0 0 72 -25.3552 10.4227 20.7612 2.86322
0 0 73 -6.78404 -0.839099 1.59507 1.76967
0 0 74 -27.9648 -4.14566 15.4917 12.3347
0 0 75 -33.81 -5.66323 22.3039 9.1522
0 0 76 -5.41472 8.98011 16.5846 -36.9143
0 0 77 -3.77609 10.7451 14.0996 -14.0172
0 0 78 -22.15 5.47411 4.20564 8.30752
0 0 79 -19.4151 8.3083 4.4779 -14.9863
0 0 80 -11.8782 5.52509 23.2733 -1.98527
0 0 81 2.63808 43.1389 -1.68745 -12.8739
0 0 82 -15.9824 33.9405 35.0324 -0.593083
0 0 83 -13.6003 -10.8593 14.1498 4.82633
0 0 84 -19.3431 2.96382 -22.0237 16.7602
0 0 85 -15.9824 10.1483 -12.85 9.74947
0 0 86 -31.5493 -5.24035 -7.60372 9.37617
0 0 87 -16.7258 5.69904 -10.6623 21.31
0 0 88 25.8596 -0.243769 15.0438 11.9863
0 0 89 21.7554 22.3548 17.9768 23.1736
0 0 90 6.12017 18.0795 37.7164 28.7189
0 0 91 14.2754 -1.68486 13.2287 -20.0588
0 0 92 8.38087 -12.6977 17.0075 -6.23647
0 0 93 -3.92402 -30.1513 -1.21438 -9.3429
0 0 94 22.3054 -11.1067 10.5699 -2.58108
0 0 95 10.7174 -15.1345 25.8838 -24.5588
0 0 96 21.7554 1.37277 37.4943 -25.4284
0 0 97 35.4789 -7.30376 -0.519261 -1.11424
0 0 98 -6.70817 -4.0227 -6.08797 -5.91295
0 0 99 -11.332 8.75668 -21.9484 15.4675
0 0 100 8.08501 6.24489 14.8198 3.43415
0 0 101 23.3485 17.6566 -1.93654 -23.3906
0 0 102 48.8573 8.18534 -1.41327 8.83013
0 0 103 46.6193 2.29201 28.17 11.8619
0 0 104 24.9644 -1.71035 1.1722 2.04196
0 0 105 14.0516 19.5956 -7.23106 25.6608
0 0 106 25.761 19.2222 -15.2617 5.29917
0 0 107 24.6647 -4.76798 -12.0293 13.9011
0 0 108 27.0544 -17.2474 -0.942127 -1.76129
0 0 109 14.8444 -16.7511 0.724237 15.0942
0 0 110 -20.9286 8.98011 13.9258 0.699553
0 0 111 -5.91162 -9.54113 0.799542 -2.68063
0 0 112 14.6206 -17.3719 -10.9113 5.44849
0 0 113 11.3661 7.11614 -3.5025 -46.8074
0 0 114 6.71569 -2.53062 -6.51083 -12.7494
0 0 115 18.7475 8.73118 -13.2979 -12.4757
0 0 116 -13.7937 15.8167 -3.15494 5.59781
0 0 117 2.4636 10.1483 -6.33705 8.43195
0 0 118 -20.7845 -17.9192 15.094 3.68301
0 0 119 8.50604 -10.6103 4.67678 -1.01469
0 0 120 15.2199 11.6149 25.1134 -25.304
0 0 121 -4.07195 18.4769 -11.8305 -5.66408
0 0 122 -25.4765 5.59857 -0.642838 25.611
0 0 123 -2.67988 22.5288 11.4137 8.38218
0 0 124 -12.5003 9.47797 -17.125 20.8123
0 0 125 9.65157 -0.0443252 -17.349 7.56238
0 0 126 -11.2561 13.4803 -38.9287 -0.866835
0 0 127 -15.7813 12.4861 -8.17527 23.7211
0 0 128 -41.4911 -0.192783 -11.7552 -6.93183
0 0 129 -11.0854 -6.18508 -13.3211 11.5398
0 0 130 -22.15 5.12621 -12.9002 5.14985
0 0 131 -35.9987 -2.2322 -6.63441 -8.74709
0 0 132 -38.9573 8.80616 -25.4549 -8.47334
0 0 133 -32.5924 -8.32347 -16.4801 -19.3122
0 0 134 -27.0469 0.279583 -21.1528 15.0693
0 0 135 -4.39437 3.68512 -36.4185 14.2744
0 0 136 3.68498 21.3861 -15.8834 -9.7162
0 0 137 0.00565464 34.4879 20.9118 -14.7389
0 0 138 -28.4162 19.1232 24.2677 13.7269
0 0 139 -11.2827 12.3856 6.9649 -16.1062
0 0 140 -20.61 9.07908 -6.13817 3.73278
0 0 141 -3.35126 -13.494 12.2092 8.97945
0 0 142 -25.1086 -12.4008 33.8642 8.00888
0 0 143 -25.0859 5.57458 25.9572 -13.619
0 0 144 -26.5272 20.3919 -3.27851 -1.16401
0 0 145 -28.5604 8.43277 0.152691 -4.42122
0 0 146 0.00565464 10.9446 0.948221 -23.7873
0 0 147 8.43018 9.50196 13.2287 -16.7518
0 0 148 -29.2621 17.3327 0.724237 -0.593083
0 0 149 -41.7908 3.16326 -4.96805 -13.7932
0 0 150 -4.51954 1.57222 8.62933 6.46738
0 0 151 -2.53194 -12.5748 -7.97639 -7.85264
0 0 152 -3.50298 5.22668 -15.0126 -18.9652
0 0 153 -16.5286 -10.2129 -4.89467 4.28029
0 0 154 3.16153 4.4559 10.4444 0.575121
0 0 155 36.7724 5.57458 9.0773 -7.47934
0 0 156 7.36431 5.77252 -16.455 7.5375
0 0 157 -7.42887 -11.4051 0.227996 -8.52311
0 0 158 -26.0986 0.825428 33.8893 -9.91529
0 0 159 -11.3813 -8.34747 18.0019 6.4176
0 0 160 19.5213 -36.2425 33.7136 9.92368
0 0 161 62.0308 -5.43979 1.29578 20.8869
0 0 162 39.8562 26.8055 0.872916 -2.65574
0 0 163 16.9837 -14.9606 -12.0293 11.1417
0 0 164 24.293 -8.77035 13.8254 -16.254
0 0 165 11.2674 -5.31533 9.97323 -4.24701
0 0 166 15.7661 3.88306 11.8365 -12.0541
0 0 167 4.40568 -5.96164 4.70188 -0.418877
0 0 168 3.06291 -8.14952 3.85615 4.15586
0 0 169 4.07947 -5.93615 -11.7069 8.90479
0 0 170 15.8913 -23.0163 2.29019 -19.9343
0 0 171 1.67084 -9.24271 12.7074 4.03142
0 0 172 14.5712 -18.5161 28.8671 -28.6344
0 0 173 18.4516 -10.8832 31.4023 -15.484
0 0 174 33.2676 -37.5847 8.40534 -1.78617
0 0 175 52.7073 -20.1311 -2.3343 -19.2375
0 0 176 49.9232 0.975385 24.0437 -25.5279
0 0 177 7.48569 -2.75406 10.6684 -11.2826
0 0 178 -11.0627 20.6153 -3.5527 19.9178
0 0 179 -35.9456 10.8951 -15.5841 10.9177
0 0 180 -15.1403 14.2016 -0.121496 -20.1583
0 0 181 4.15533 9.80038 5.02434 -8.84663
0 0 182 26.4323 5.25067 -11.9289 14.0007
0 0 183 -7.03059 -16.0793 -9.41877 38.3148
0 0 184 -28.7652 3.28773 -1.0406 10.1477
0 0 185 -8.74508 -14.3893 -23.3907 9.79925
0 0 186 18.5237 1.37277 -10.1158 -0.568197
0 0 187 18.5995 5.45011 12.7074 6.34294
0 0 188 27.2023 -29.6534 17.579 9.45083
0 0 189 32.2965 -5.66323 9.37659 13.2058
0 0 190 36.0289 3.01331 4.97607 18.0279
0 0 191 15.3944 -14.0653 16.0382 18.0528
0 0 192 6.04431 -0.864592 17.9034 12.5836
0 0 193 13.3537 -11.0077 -2.80544 16.138
0 0 194 -1.53815 -8.44794 -18.2951 5.27429
0 0 195 -5.53989 -32.3631 -19.8611 -1.93549
0 0 196 -26 -12.0514 -18.4187 0.898646
0 0 197 7.01535 -8.37296 0.923119 17.6795
0 0 198 46.3462 -15.2095 -10.5368 -19.46
0 0 199 112.771 -2.05825 -47.3551 -15.7827
0 0 200 131.168 9.62643 -66.5482 -0.46865
0 0 201 130.152 30.1871 -77.6837 9.27663
0 0 202 98.9758 23.7974 -51.7324 20.0671
0 0 203 81.1254 -3.25191 12.3598 16.8348
0 0 204 78.6864 -11.753 48.8557 7.43795
0 0 205 79.7068 -18.3661 40.8 -6.01249
0 0 206 138.079 -46.2597 29.091 -12.5255
0 0 207 169.357 -24.3824 28.5195 -14.714
0 0 208 78.4361 -40.6423 0.276269 0.352606
0 0 209 27.7751 -12.3498 -20.5562 2.36549
0 0 210 2.56601 -3.42586 8.62933 -0.0953522
0 0 211 -10.7592 13.1069 27.0018 25.4866
0 0 212 4.18188 25.8113 -17.5227 14.598
0 0 213 -5.21748 -9.59061 -16.2561 13.3287
0 0 214 -13.3954 -17.2969 15.5902 8.23286
0 0 215 -10.7896 -3.55033 -1.0155 7.03977
0 0 216 -1.26504 11.7648 24.2175 30.1359
0 0 217 9.82226 -8.09854 -2.60656 13.702
0 0 218 5.09982 25.5129 13.6516 -9.61665
0 0 219 23.7961 12.5101 -2.73207 -8.29913
0 0 220 15.3678 -5.51327 0.12759 -20.0822
0 0 221 -0.517796 -16.0298 -5.76358 4.90099
0 0 222 -6.68162 5.59857 -13.2979 40.701
0 0 223 8.55535 22.4043 19.1469 20.5634
0 0 224 7.23914 9.7254 9.32638 6.36783
0 0 225 -5.61575 4.25645 -10.3881 4.18074
0 0 226 -10.4178 1.32329 9.30128 18.6501
0 0 227 10.2698 6.81773 2.56438 12.0112
0 0 228 -21.3307 9.89935 4.80229 -1.21378
0 0 229 -31.3749 -13.1956 12.3598 11.2412
0 0 230 -39.2494 10.0733 8.05778 -26.396
0 0 231 -25.2072 4.55487 2.88684 -1.93549
0 0 232 -28.5376 -17.5953 -0.368651 31.6262
0 0 233 -18.8424 -15.2095 -10.2896 -26.8952
0 0 234 -13.202 0.552505 -6.9337 6.89045
0 0 235 -12.451 -3.84725 -0.693042 26.829
0 0 236 -11.0096 7.11614 -25.8275 10.1228
0 0 237 -24.9834 -7.97557 1.64334 -7.00649
0 0 238 10.0461 -7.72664 -38.8534 7.83467
0 0 239 -2.2816 -7.03084 -4.84447 44.7531
0 0 240 -36.1732 5.74853 -6.11307 15.9901
0 0 241 -7.82714 -7.35325 -40.4212 8.13331
0 0 242 -5.39196 -12.4008 -20.7551 -8.32402
0 0 243 -13.4713 2.343 19.1952 14.9698
0 0 244 7.86121 -1.80932 30.4079 -3.84883
0 0 245 8.45673 -15.3085 0.625761 -11.1333
0 0 246 16.263 -9.31769 -2.40768 -27.1675
0 0 247 11.3661 3.51117 -21.427 -24.5588
0 0 248 14.6964 -14.8856 -14.5646 -10.6868
0 0 249 27.1265 -8.2485 -14.3657 -18.0444
0 0 250 24.6647 7.31409 -24.3349 -8.32402
0 0 251 -3.12747 -0.839099 -15.7328 -0.692629
0 0 252 -11.7037 -6.40852 -17.6482 20.8123
0 0 253 2.68739 13.4308 -32.6861 25.835
0 0 254 -25.5524 3.48567 5.52252 0.477038
0 0 255 -51.3874 -3.77377 7.58665 3.31118
0 0 256 -3.92402 -17.8698 13.5029 9.97345
0 0 257 16.3388 1.77016 9.82262 -0.717516
0 0 258 -12.6785 -19.0124 24.3912 7.26375
0 0 259 -0.0474491 -14.8616 27.6236 -20.0822
0 0 260 16.0126 1.72067 12.3096 -0.667743
0 0 261 -9.31784 15.2453 -4.52201 5.69736
0 0 262 -16.2327 7.04116 21.408 8.65593
0 0 263 -9.44302 -1.58589 16.7101 -1.7364
0 0 264 -1.36366 -17.4469 -30.0041 6.6167
0 0 265 -5.26679 -9.26821 4.62658 -5.98761
0 0 266 -19.7907 -27.4161 -4.94488 4.42961
0 0 267 10.0461 -26.9182 -6.58421 -3.2779
0 0 268 10.7705 4.62985 -7.00707 -20.3823
0 0 269 -32.4445 5.47411 -5.01825 -31.915
0 0 270 -9.1737 5.35114 9.30128 -20.7526
0 0 271 -44.3777 4.58036 18.6237 2.1664
0 0 272 -34.4814 -17.6463 23.2733 0.228173
0 0 273 -6.3099 -19.1129 1.122 -18.4426
0 0 274 -18.0989 -15.3085 -17.6734 19.5694
0 0 275 10.7933 5.97197 -18.6427 7.11443
0 0 276 -30.9007 -12.9961 -8.89742 21.6584
0 0 277 -23.7165 4.05701 -12.2031 -4.67008
0 0 278 -24.881 -4.49506 -18.8164 4.37983
0 0 279 1.74291 7.01567 -18.716 8.35729
0 0 280 -14.4651 13.7787 16.0382 4.52915
0 0 281 -7.15576 5.10221 32.2732 4.80144
0 0 282 22.2789 11.8638 10.8672 19.9676
0 0 283 21.8806 19.6946 25.3606 26.4806
0 0 284 18.8992 23.2006 13.6265 12.6583
0 0 285 -3.74954 25.0406 5.00117 21.9805
0 0 286 -15.512 -8.5964 4.20564 8.43195
0 0 287 -23.7431 6.2209 6.24274 -15.8573
0 0 288 -19.2369 -5.26434 -4.72089 4.13097
0 0 289 -2.40677 3.18726 2.16662 19.6938
0 0 290 4.35637 0.00516078 12.1609 9.35129
0 0 291 0.950142 20.1174 7.71022 -12.2268
0 0 292 -14.6661 14.599 7.13868 -4.71986
0 0 293 -8.67301 -0.119304 5.09965 22.9511
0 0 294 -21.3534 -28.8586 14.1498 4.67847
0 0 295 -3.42712 -1.63537 1.94263 -45.5396
0 0 296 -27.4907 -6.60796 5.22323 -29.927
0 0 297 -15.6334 3.26224 21.0102 -2.70551
0 0 298 -19.8589 13.5298 20.1162 5.22451
0 0 299 -0.195381 -12.1759 8.50575 -16.7767
0 0 300 -3.07815 11.9388 12.2092 -33.3086
0 0 301 15.3678 5.74853 -17.9456 -3.52677
0 0 302 11.4154 9.32801 -5.34264 -32.5386
0 0 303 31.5531 10.6461 9.20088 -27.6155
0 0 304 26.4323 -7.1793 19.3207 -6.41068
0 0 305 23.9706 8.35929 -3.75158 -14.7389
0 0 306 23.5951 -9.74057 3.88125 -33.3086
0 0 307 57.2818 -19.3618 -5.49132 -10.6868
0 0 308 50.348 8.20933 -4.62049 -10.0895
0 0 309 71.7526 30.484 -8.34905 -11.8799
0 0 310 7.70949 13.9272 -11.5312 -24.31
0 0 311 16.8585 9.47797 -14.0433 -47.4281
0 0 312 10.9678 4.25645 -5.93929 -27.7897
0 0 313 12.8568 -3.82325 -4.52201 -33.6073
0 0 314 -6.21127 3.56065 -8.49966 -18.2435
0 0 315 -30.0017 -22.1211 0.898017 -1.76129
0 0 316 -3.20333 -31.7168 -2.11032 -2.53131
0 0 317 -4.07195 -46.0618 9.20088 -8.64754
0 0 318 -10.0385 -0.368233 36.2257 1.5457
0 0 319 -17.8941 18.7004 12.4332 19.5445
0 0 320 -16.4299 6.07094 6.06896 9.64993
0 0 321 7.88397 4.4304 -20.9037 -2.15947
0 0 322 29.7855 -7.77613 -26.0747 -9.96506
0 0 323 28.2948 -22.4435 -4.12425 22.6773
0 0 324 28.9434 -7.27827 -12.3769 9.47572
0 0 325 17.6551 -0.218276 -10.7858 23.1004
0 0 326 6.69293 -30.9715 24.7639 -4.04792
0 0 327 -9.84129 -12.0274 -16.9261 -28.8598
0 0 328 -7.52749 -25.7995 -9.74123 -19.9592
0 0 329 -13.4448 -23.985 -9.96521 -13.6688
0 0 330 2.96429 -0.368233 -13.9931 -36.2174
0 0 331 5.86982 1.64569 -18.8164 -1.43776
0 0 332 -28.9624 -4.46957 -2.75717 23.3478
0 0 333 19.9916 -43.0281 -8.49966 0.1784
0 0 334 4.18188 -31.045 -10.0405 0.501925
0 0 335 9.17743 -5.68722 17.9536 26.2068
0 0 336 12.0868 -16.2037 -10.7607 8.05865
0 0 337 26.3072 15.3938 24.9879 8.43195
0 0 338 22.2296 12.3362 -24.7076 25.9096
0 0 339 5.4981 11.1185 -6.8584 8.45684
0 0 340 58.4766 12.0377 -3.90026 22.9262
0 0 341 45.1514 -7.82562 -7.57862 4.10608
0 0 342 33.4913 1.79565 -14.1166 10.6688
0 0 343 -10.5392 0.925899 17.4304 -9.66643
0 0 344 -5.79024 9.7254 6.36825 5.54804
0 0 345 26.3072 17.7061 -19.6873 -2.63085
0 0 346 0.551864 27.4264 -14.889 3.80744
0 0 347 -7.8537 19.3722 15.3913 8.83013
0 0 348 -14.6889 11.5909 -10.1641 -13.2223
0 0 349 -19.9613 13.8027 -1.38816 3.83233
0 0 350 -12.7013 -5.04091 -26.598 -2.80506
0 0 351 -35.57 14.1266 -20.8555 -14.938
0 0 352 -22.4496 9.62643 -15.0126 -16.5527
0 0 353 7.61087 -3.72428 -22.1221 -6.08715
0 0 354 -5.66506 14.8974 -24.3098 -3.60143
0 0 355 -3.8254 5.87299 -27.3433 -5.0185
0 0 356 14.4233 -1.11352 -7.82771 -23.8357
0 0 357 18.1785 -6.85689 8.77994 -4.69497
0 0 358 19.3961 -6.28405 8.75484 -20.2827
0 0 359 -14.0441 -20.6785 6.44162 -7.13093
0 0 360 15.0454 -22.7179 -2.2339 4.52915
0 0 361 22.7265 -12.2014 -22.0488 -3.12858
0 0 362 -21.1827 -26.1729 -7.40484 -15.4094
0 0 363 -12.3068 -19.9827 -10.0405 -5.6392
0 0 364 -17.4503 10.0733 -6.08797 17.6297
0 0 365 11.4154 -15.2095 -3.05453 25.0386
0 0 366 -0.715039 -9.36718 -6.18644 -17.4237
0 0 367 7.38707 -14.6382 -5.64 -3.45211
0 0 368 -13.3727 -5.93615 2.91194 -1.7364
0 0 369 -16.4299 -18.765 -3.62607 -2.15947
0 0 370 -1.13987 35.3081 0.724237 21.4593
0 0 371 43.8352 25.0406 -20.8053 46.7426
0 0 372 37.22 -2.35667 -16.704 28.2958
0 0 373 11.3395 -3.25191 -0.0461912 20.7376
0 0 374 52.7339 -14.2393 -14.7152 6.02088
0 0 375 23.3978 -15.2845 6.26784 -11.1333
0 0 376 23.1741 -2.53062 8.62933 -45.8149
0 0 377 13.5547 5.32565 21.6822 1.32172
0 0 378 -1.46228 0.00516078 -0.34548 -8.82175
0 0 379 27.2517 -23.3642 -14.4159 12.9818
0 0 380 12.0602 -0.890085 -2.68187 16.586
0 0 381 -14.0175 -19.7592 -20.5311 6.36783
0 0 382 -17.6248 -10.7093 -3.82496 -11.9545
0 0 383 0.92359 -14.7611 -17.0767 -9.76597
0 0 384 20.1661 11.5414 -43.5281 -13.1974
0 0 385 8.25949 -6.63195 -14.7886 21.4096
0 0 386 10.0461 1.07436 -17.2756 17.1832
0 0 387 3.35878 -0.34274 -22.2476 -14.0172
0 0 388 -4.61816 3.70911 -31.2707 8.25774
0 0 389 8.45673 5.35114 -5.56469 17.0588
0 0 390 0.999453 -3.07796 -18.4689 -14.3905
0 0 391 6.64362 7.31409 -11.1836 -11.3324
0 0 392 4.2805 31.7526 -21.5004 -12.5006
0 0 393 11.8136 -2.03276 24.4665 -11.9296
0 0 394 12.9554 13.5538 -20.5562 4.50427
0 0 395 28.841 1.77016 -10.3147 -9.98995
0 0 396 -9.93991 -11.0827 -8.89742 4.15586
0 0 397 -13.6458 1.77016 16.2371 -11.2079
0 0 398 -13.8241 3.83357 25.2119 6.07066
0 0 399 10.4216 -5.0664 -5.29244 2.29083
0 0 400 27.5741 9.80038 -10.0907 -3.40234
0 0 401 35.4789 4.90277 5.6963 -32.9851
0 0 402 37.8686 2.14355 1.122 -3.2779
0 0 403 21.6075 0.0801395 25.7583 3.18674
0 0 404 7.78535 -12.5748 7.33756 -19.0896
0 0 405 4.07947 -20.3561 -9.44387 16.6855
0 0 406 12.284 -11.8535 -10.836 48.5081
0 0 407 43.509 -15.2335 -1.43837 42.9877
0 0 408 26.383 -2.2322 3.06062 18.8975
