0 0 0 -8.85348 -3.37935 -12.4986 1.17935
0 0 1 -4.91977 1.8624 -6.34401 10.6387
0 0 2 0.948316 9.04194 -8.11072 11.8346
0 0 3 6.41942 14.1711 -13.6389 1.17935
0 0 4 7.04737 7.8468 -5.48952 -11.2438
0 0 5 5.16352 11.2092 2.60214 1.46394
0 0 6 6.24619 11.2092 6.24816 5.39545
0 0 7 -2.06873 7.33366 7.90228 -6.28601
0 0 8 -9.19272 6.02377 9.49868 -4.40506
0 0 9 -8.39876 1.23668 8.01487 -0.872161
0 0 10 -2.24196 3.51656 8.81451 5.6235
0 0 11 0.0388704 5.05379 5.39367 5.6235
0 0 12 0.43585 2.83238 10.1251 8.07458
0 0 13 -3.10088 0.723551 18.4997 7.90306
0 0 14 -0.935535 -3.60669 10.2377 2.37615
0 0 15 7.38661 -2.86622 5.50914 3.45892
0 0 16 9.72518 -1.44157 4.31112 4.54073
0 0 17 7.44435 3.91494 -3.26669 6.36419
0 0 18 0.890573 2.09191 3.05826 4.4267
0 0 19 -5.9447 -2.29679 2.43182 -1.21424
0 0 20 -10.7301 -4.29087 -6.97044 -3.83588
0 0 21 -6.11793 5.51063 -7.76719 -1.95493
0 0 22 -1.96047 6.93528 -8.33877 2.26212
0 0 23 2.77442 -0.586347 -7.08591 2.83129
0 0 24 4.08085 -6.22865 -4.12118 -2.41104
0 0 25 1.80002 -1.15794 -2.12641 0.0390905
0 0 26 -0.1921 7.90309 4.08307 3.34489
0 0 27 -0.58908 9.49879 7.27585 -4.34852
0 0 28 -4.34956 14.0585 2.88794 -5.60185
0 0 29 -6.39942 14.3422 2.48956 -0.587574
0 0 30 -0.82005 18.5598 -0.304849 1.00783
0 0 31 -0.1921 22.2059 -0.0190567 2.77476
0 0 32 -3.95258 21.3507 0.777696 2.54671
0 0 33 -7.99456 18.7309 1.86313 1.86255
0 0 34 -2.35745 15.9941 4.53918 -4.97519
0 0 35 -1.84498 9.04194 -0.760961 -6.79865
0 0 36 -4.12581 3.85648 -2.92605 -4.06298
0 0 37 3.22915 -7.25492 -2.07156 -2.12549
0 0 38 6.87415 -2.80993 -7.25623 1.80602
0 0 39 5.39449 -2.92468 -5.88789 1.34991
0 0 40 3.34463 -6.91283 -6.00336 -1.55632
0 0 41 14.6261 -15.5733 -1.44224 1.92004
0 0 42 15.254 -15.1749 3.62695 2.20463
0 0 43 6.87415 -6.68549 8.24292 0.666714
0 0 44 3.11366 2.54658 3.57211 0.153117
0 0 45 -3.38238 1.63507 4.19854 0.609221
0 0 46 -4.52279 -2.80993 3.97048 1.00783
0 0 47 4.93977 -5.60293 2.88794 -2.35354
0 0 48 1.22981 -11.4141 2.37409 -2.86714
0 0 49 -0.877793 -15.6318 4.76723 -3.83588
0 0 50 10.6346 -14.7765 12.9744 -1.32827
0 0 51 11.4358 -10.901 7.96002 -2.01242
0 0 52 6.98963 -7.25492 3.80016 -5.60185
0 0 53 4.47783 2.94496 1.63507 -3.83588
0 0 54 3.91484 -0.131672 -5.65984 -1.27077
0 0 55 6.87415 -1.27053 -10.4461 3.80004
0 0 56 8.18779 0.552506 -10.2758 3.45892
0 0 57 0.666821 -1.50003 0.0964147 0.381169
0 0 58 -8.51425 10.183 1.80539 -0.644108
0 0 59 -12.6717 18.8434 3.22858 -1.55632
0 0 60 -7.77081 12.2333 7.3307 -0.416056
0 0 61 -1.33252 14.4569 14.285 -3.83588
0 0 62 -3.20915 14.97 15.3675 -4.34852
0 0 63 -10.0516 14.1711 11.5483 -0.13147
0 0 64 -8.4565 8.53098 0.722847 -6.34254
0 0 65 -3.5556 -0.872143 -2.4122 -3.60783
0 0 66 -1.0438 -10.6174 -1.6703 0.779782
0 0 67 0.378108 -15.9154 -5.83016 0.9513
0 0 68 2.99818 -8.28119 -2.86831 2.54671
0 0 69 0.43585 -4.74771 2.31635 4.76878
0 0 70 -9.02671 -8.39377 11.7764 1.23589
0 0 71 -8.51425 -14.2071 8.18808 -1.44229
0 0 72 -5.88696 -19.0505 3.17373 -1.15675
0 0 73 -7.37383 -16.316 0.607376 -2.46757
0 0 74 -8.62251 -11.4141 -1.89835 -6.28601
0 0 75 -6.06019 -1.67107 4.48433 -4.00644
0 0 76 -5.093 -0.872143 10.0096 1.17935
0 0 77 -2.2997 -2.69517 2.31635 0.837274
0 0 78 -1.49853 1.23668 -4.80535 -1.72688
0 0 79 -4.58053 1.23668 -5.77531 -1.3848
0 0 80 -4.34956 -6.00131 2.60214 0.495195
0 0 81 -0.704565 6.42215 -6.34401 -1.15675
0 0 82 4.93977 11.8912 -6.11595 -0.416056
0 0 83 13.1392 10.0119 0.835432 1.06533
0 0 84 9.37873 7.04787 -0.417433 -3.37978
0 0 85 5.61824 5.33959 2.03345 -2.69562
0 0 86 1.17929 0.667258 9.04256 1.23589
0 0 87 -8.34102 -7.76805 13.6585 4.54073
0 0 88 -0.762308 -12.724 9.15515 -1.8984
0 0 89 6.98963 -11.4141 6.81974 -3.26575
0 0 90 8.01456 -6.68549 5.56687 4.4267
0 0 91 1.80002 -9.98947 2.14603 2.83129
0 0 92 -2.63894 -10.2168 0.266735 -0.530082
0 0 93 -3.66387 -6.85654 -0.873545 -0.0174435
0 0 94 1.69175 -4.29087 4.76723 -0.815627
0 0 95 0.20488 -3.32306 5.11076 -4.29103
0 0 96 -0.935535 -2.80993 -2.46994 -5.25977
0 0 97 1.3453 1.06564 -16.8288 -3.15173
0 0 98 2.14647 -0.246423 -15.6885 2.77476
0 0 99 -4.12581 -2.06945 -10.5039 -0.416056
0 0 100 -14.4906 -1.44157 -1.84351 -7.42531
0 0 101 -12.4985 12.5754 -1.1016 -2.29701
0 0 102 -0.98606 14.1711 -2.4122 2.77476
0 0 103 13.0309 3.97123 -3.43701 8.13112
0 0 104 14.3374 -3.66515 -8.56683 6.30766
0 0 105 5.5605 1.00718 -11.3006 5.79502
0 0 106 1.40304 6.82053 -4.40697 4.65476
0 0 107 3.51064 8.58727 7.38844 4.4842
0 0 108 5.90696 3.28705 9.72673 0.153117
0 0 109 2.6012 -5.88656 9.49868 -0.986187
0 0 110 2.54345 -13.1809 7.73196 -2.75311
0 0 111 -2.81217 -4.91875 8.41613 -1.67034
0 0 112 -4.40731 -7.88064 4.88271 1.29338
0 0 113 -0.415852 -22.584 -5.54725 2.31866
0 0 114 2.48571 -18.9357 -12.5564 5.85155
0 0 115 -2.35745 -16.2575 -7.53913 2.94532
0 0 116 -7.31609 -9.13424 2.8302 -1.44229
0 0 117 -6.23341 0.26671 3.45663 0.381169
0 0 118 -9.25046 -2.29679 5.4514 -3.60783
0 0 119 -13.7544 -4.8603 5.96525 -7.7099
0 0 120 -13.6389 -6.1139 7.78681 -6.85518
0 0 121 -9.76293 -1.83995 1.29154 -6.28601
0 0 122 -5.20848 -0.530054 -6.22853 -2.69562
0 0 123 1.28755 -3.83619 -10.9022 1.80602
0 0 124 -1.0438 0.0956659 -6.40174 -4.74713
0 0 125 2.03099 4.54066 -2.58252 -4.00644
0 0 126 6.02244 3.57285 -2.75284 1.69199
0 0 127 4.4273 4.08598 -2.9809 -0.188962
0 0 128 3.68387 5.68168 -1.27192 -2.12549
0 0 129 3.1714 7.50471 -3.66507 -2.63909
0 0 130 -7.31609 14.3422 -9.13553 -5.14575
0 0 131 -8.05231 11.7224 -3.09637 -5.8299
0 0 132 -2.35745 6.99158 -0.131641 1.6345
0 0 133 -0.0766148 -1.9547 3.11599 7.2764
0 0 134 1.51852 -9.1927 7.84455 1.46394
0 0 135 7.55984 -13.5792 7.84455 -0.872161
0 0 136 7.67532 -17.6821 3.17373 0.0390905
0 0 137 0.262623 -16.998 -5.26146 -1.67034
0 0 138 -7.43157 -7.08387 -3.95086 -5.31727
0 0 139 -11.7045 -2.2405 -2.46994 -5.65934
0 0 140 -13.5812 -2.63888 -4.23665 -3.0377
0 0 141 -8.16779 0.210417 -1.78577 -1.72688
0 0 142 -8.91123 3.51656 0.552527 0.779782
0 0 143 -11.6468 4.02752 1.97571 5.33891
0 0 144 -3.38238 -4.34933 7.61649 8.18765
0 0 145 -1.84498 -1.9547 6.47621 10.2392
0 0 146 -1.78724 4.54066 -0.873545 3.2874
0 0 147 1.28755 10.2977 -6.68465 -1.04368
0 0 148 -3.15141 6.36369 3.34405 6.1371
0 0 149 -5.31675 1.74982 4.76723 7.61848
0 0 150 -0.0766148 -0.417468 -3.32443 3.62948
0 0 151 3.28689 5.28113 3.68469 6.1371
0 0 152 1.69175 10.354 3.05826 6.19363
0 0 153 -5.03526 17.1352 -2.24188 0.267143
0 0 154 -8.79574 10.2393 1.29154 -3.94895
0 0 155 -5.093 11.7787 -0.931281 -3.26575
0 0 156 -0.762308 10.0119 -3.89312 -1.32827
0 0 157 -1.55627 7.33366 -5.65984 -0.0174435
0 0 158 -2.35745 5.11009 -9.8197 2.0906
0 0 159 -4.01033 0.667258 -12.8393 -1.67034
0 0 160 -9.70519 1.97716 -13.3531 -6.11449
0 0 161 -12.4407 6.2511 -11.8722 -6.11449
0 0 162 -10.5064 4.59912 -5.88789 -5.43129
0 0 163 -10.0516 -3.4941 0.665112 -2.86714
0 0 164 -8.96897 -2.35309 -1.78577 -5.25977
0 0 165 -5.093 -5.20238 -11.699 -3.26575
0 0 166 -1.448 -10.901 -23.7802 -2.41104
0 0 167 -2.18422 -8.85061 -21.2745 -0.13147
0 0 168 -2.53067 -4.06353 -7.19849 6.30766
0 0 169 -2.2997 -7.36751 4.42659 5.96558
0 0 170 -3.20915 -16.658 7.67423 -3.32229
0 0 171 -1.448 -10.9594 -1.61545 -7.25475
0 0 172 -1.27477 -1.89841 -4.63503 -4.91769
0 0 173 0.147138 3.74389 0.665112 -5.3738
0 0 174 -3.10088 4.9975 15.5956 -7.0267
0 0 175 -6.3489 11.2655 12.9744 -5.48783
0 0 176 -3.38238 11.0945 1.00575 -3.89242
0 0 177 -2.06873 9.55508 -8.39651 6.30766
0 0 178 -0.307585 -4.23458 0.607376 8.52973
0 0 179 -0.249842 -10.5026 9.95479 2.43268
0 0 180 0.890573 -12.6114 8.69904 -6.96921
0 0 181 -0.0188722 -1.9547 1.63507 -4.177
0 0 182 -6.23341 4.19857 -4.00859 0.495195
0 0 183 -10.9033 8.24518 -7.08591 -2.06896
0 0 184 -5.60546 -2.06945 -3.38216 -1.72688
0 0 185 1.3453 -9.76213 -4.57729 3.62948
0 0 186 4.13859 -12.7825 -5.6021 5.45294
0 0 187 2.99818 -13.865 5.11076 0.723248
0 0 188 4.99751 -9.98947 5.90752 6.30766
0 0 189 5.90696 -0.246423 -2.46994 8.87181
0 0 190 8.01456 7.21891 -18.7658 4.25614
0 0 191 10.4614 2.37554 -15.3479 0.552687
0 0 192 4.13859 -2.86622 -7.76719 -2.69562
0 0 193 -3.10088 -12.6677 -3.7228 -2.52506
0 0 194 -0.0766148 -19.3363 -18.5955 -0.644108
0 0 195 0.948316 -13.2371 -21.8432 4.65476
0 0 196 -2.5812 -6.51445 -18.7658 6.70627
0 0 197 -4.40731 -3.03726 -13.6389 2.03407
0 0 198 2.37023 -2.86622 -5.09114 -3.20826
0 0 199 6.36168 -0.986895 -3.60733 -5.88644
0 0 200 4.08085 -3.66515 -8.11072 -0.30203
0 0 201 1.9155 -0.872143 -7.71234 5.90904
0 0 202 -0.646822 3.34551 -8.11072 4.54073
0 0 203 -1.96047 3.97123 -8.85262 -1.78437
0 0 204 -2.86991 6.36369 -8.90747 -0.815627
0 0 205 -1.49853 8.53098 -2.4122 1.52143
0 0 206 0.262623 10.8671 2.54441 6.47822
0 0 207 -3.95258 11.835 0.607376 8.07458
0 0 208 -2.41519 6.2511 4.25627 3.51545
0 0 209 -0.704565 -1.04319 8.81451 -1.15675
0 0 210 5.16352 -6.3434 5.96525 -3.72186
0 0 211 6.08018 -6.51445 15.3098 -6.05796
0 0 212 3.96536 -6.17236 25.7368 -3.55034
0 0 213 5.50998 -4.00724 29.8967 7.04835
0 0 214 7.67532 6.76424 14.1118 3.85753
0 0 215 10.5769 6.87682 2.37409 7.90306
0 0 216 9.43647 3.91494 -1.04387 9.66999
0 0 217 5.50998 0.894595 -5.48952 1.92004
0 0 218 -5.093 6.2511 -8.50909 -1.67034
0 0 219 -8.56477 6.93528 -3.26669 0.153117
0 0 220 0.609078 -1.83995 6.87748 -1.27077
0 0 221 10.6924 -12.042 3.85501 -3.09423
0 0 222 15.1963 -19.9057 1.17896 -3.37978
0 0 223 7.44435 -21.6725 3.28631 -3.66436
0 0 224 -2.18422 -11.9835 -2.75284 1.86255
0 0 225 4.7088 -12.6677 -7.19849 2.20463
0 0 226 17.5854 -24.407 -4.06344 -5.14575
0 0 227 25.2218 -27.882 10.3532 -3.94895
0 0 228 33.313 -26.8579 10.9219 0.495195
0 0 229 37.5282 -27.5984 8.81451 -1.21424
0 0 230 42.9993 -31.5865 11.2654 -7.65336
0 0 231 41.6929 -34.8927 17.931 -5.08921
0 0 232 43.1148 -41.9012 26.7645 -3.89242
0 0 233 51.6102 -50.9038 33.7159 -2.80965
0 0 234 68.702 -64.8082 40.0409 0.893808
0 0 235 72.4625 -73.3019 46.3081 1.17935
0 0 236 70.8096 -75.7507 51.8363 3.40143
0 0 237 81.8095 -79.9099 46.4236 9.78402
0 0 238 88.1324 -77.918 47.5061 7.84653
0 0 239 92.4053 -73.3019 51.7785 4.4267
0 0 240 101.868 -75.2397 67.7338 0.438661
0 0 241 113.323 -78.8273 84.431 1.46394
0 0 242 124.546 -83.8417 100.386 0.666714
0 0 243 139.927 -95.9253 115.259 -3.94895
0 0 244 156.572 -107.662 117.938 -7.14073
0 0 245 171.217 -111.25 125.002 -5.8299
0 0 246 182.043 -107.833 133.039 -3.66436
0 0 247 182.101 -105.497 131.558 -4.91769
0 0 248 176.06 -98.4325 126.258 -9.98946
0 0 249 169.333 -84.5822 122.837 -14.2065
0 0 250 165.63 -64.5245 126.142 -15.0612
0 0 251 175.035 -60.82 135.715 -20.5316
0 0 252 195.663 -61.3894 128.991 -27.4268
0 0 253 224.78 -57.9707 107.283 -33.4664
0 0 254 236.004 -33.1259 73.262 -21.5569
0 0 255 259.252 -11.1868 39.8128 -6.40003
0 0 256 296.352 10.2393 4.36886 9.38445
0 0 257 330.312 25.6246 -20.5903 22.1487
0 0 258 372.421 25.5683 -42.9831 29.3294
0 0 259 410.718 15.5958 -53.4679 27.1639
0 0 260 440.008 6.82053 -45.1511 18.1606
0 0 261 452.488 4.02752 -29.3084 19.0719
0 0 262 458.522 2.77392 -20.5903 18.8438
0 0 263 451.232 1.57877 -30.1629 12.0626
0 0 264 405.875 6.42215 -27.3714 21.0094
0 0 265 338.576 0.381462 -17.3975 15.767
0 0 266 261.079 -7.02758 -6.00336 8.24514
0 0 267 205.631 -10.7299 1.86313 14.0001
0 0 268 172.068 -7.36751 8.98483 15.8236
0 0 269 146.885 -2.011 16.2797 12.8608
0 0 270 129.786 -4.63296 13.4305 7.21891
0 0 271 118.844 1.52032 6.87748 -1.78437
0 0 272 102.893 11.3218 7.50391 -6.62809
0 0 273 91.0989 22.4354 5.39367 -5.25977
0 0 274 86.6527 15.5395 -0.131641 -11.5849
0 0 275 85.6278 13.2596 -6.00336 -13.1237
0 0 276 75.7105 14.1711 -12.897 -10.7876
0 0 277 64.1981 15.9941 -17.3975 -11.5849
0 0 278 59.4704 14.1711 -14.606 -8.05198
0 0 279 56.4533 9.49879 -11.1303 -7.0267
0 0 280 48.9829 5.62322 -10.2758 -3.89242
0 0 281 47.2723 5.96531 -13.7515 -2.12549
0 0 282 43.685 2.1482 -14.834 -0.872161
0 0 283 35.9908 -6.22865 -17.0569 -1.10021
0 0 284 33.941 -16.658 -13.867 -5.88644
0 0 285 29.4948 -24.0649 -5.83016 -7.53934
0 0 286 23.5112 -21.9561 0.0964147 -4.06298
0 0 287 18.7258 -17.6258 -4.06344 -1.44229
0 0 288 11.2626 -9.70584 -5.26146 -4.6906
0 0 289 9.89119 -12.9535 -4.63503 -11.3003
0 0 290 13.1392 -20.9883 -3.83539 -10.6161
0 0 291 13.3124 -10.7884 -6.17368 -9.24877
0 0 292 10.2376 -4.11982 -7.65461 -12.041
0 0 293 8.29606 -2.92468 -7.48429 -10.275
0 0 294 7.10512 -7.70959 -5.88789 -6.05796
0 0 295 2.94043 -5.37343 -7.02817 -0.929653
0 0 296 2.77442 -1.50003 -8.90747 1.6345
0 0 297 2.99818 -7.02758 -5.26146 0.893808
0 0 298 6.93189 -2.18204 -1.6703 -2.12549
0 0 299 8.29606 3.62914 -0.0767925 0.381169
0 0 300 10.1799 0.552506 1.91798 7.16237
0 0 301 9.27046 -1.78366 0.437055 5.73752
0 0 302 7.67532 -0.586347 0.552527 4.76878
0 0 303 8.58477 0.496213 8.81451 10.4107
0 0 304 10.9233 -3.60669 -0.0190567 14.3997
0 0 305 7.27113 -2.58259 -8.16845 9.89804
0 0 306 3.4529 -1.32898 -10.1055 2.77476
0 0 307 8.758 2.71763 -9.251 2.66073
0 0 308 10.3531 0.552506 -5.48952 5.79502
0 0 309 9.37873 -5.83027 -3.60733 6.25016
0 0 310 8.58477 -13.9776 -2.81058 -2.80965
0 0 311 6.24619 -13.9213 -4.17892 -6.62809
0 0 312 5.04804 -7.53855 -9.30585 -3.89242
0 0 313 6.18845 -0.872143 -10.0478 4.37017
0 0 314 -3.20915 7.561 -0.98613 6.02307
0 0 315 -6.17567 10.1267 6.13557 1.69199
0 0 316 -1.49853 6.42215 10.408 -3.37978
0 0 317 2.65894 3.51656 12.4605 -3.20826
0 0 318 3.96536 0.838302 8.47098 0.210609
0 0 319 -0.704565 0.381462 2.60214 4.65476
0 0 320 -10.5641 5.22484 1.12122 0.666714
0 0 321 -8.96897 6.99158 -2.9809 -4.06298
0 0 322 -6.80362 2.66133 -3.95086 -2.46757
0 0 323 -4.97751 -2.98097 -3.20896 -3.43631
0 0 324 -3.15141 -11.6999 -3.95086 -0.644108
0 0 325 -3.20915 -10.5026 -0.587754 1.34991
0 0 326 -1.7295 -2.58259 3.11599 -0.416056
0 0 327 -0.307585 -0.187965 -4.12118 2.71727
0 0 328 -1.7295 -0.473761 -8.33877 1.34991
0 0 329 -2.24196 1.29298 -6.9127 -4.12047
0 0 330 -2.92765 3.23076 -0.189377 -4.2345
0 0 331 0.948316 1.00718 5.84978 -1.04368
0 0 332 5.10578 -2.12575 7.96002 2.54671
0 0 333 3.91484 -2.41154 7.67423 6.30766
0 0 334 -0.58908 1.06564 5.16561 0.666714
0 0 335 -1.27477 -0.757392 1.46186 -4.06298
0 0 336 -0.531337 -6.22865 -1.1016 -8.45155
0 0 337 -2.63894 -1.55632 1.23381 -8.166
0 0 338 -6.63039 -1.27053 5.11076 -1.15675
0 0 339 -4.46505 -5.31714 8.81451 6.02307
0 0 340 0.775088 -15.0623 8.81451 3.57199
0 0 341 9.3282 -3.72144 9.15515 7.67501
0 0 342 13.7672 4.31332 9.38321 12.2341
0 0 343 12.7422 -0.586347 8.18808 12.0626
0 0 344 7.16286 -9.59108 8.52872 3.97156
0 0 345 7.89908 -8.9632 3.22858 -0.13147
0 0 346 12.403 -7.6533 -0.587754 -0.986187
0 0 347 3.74161 2.71763 -4.69276 3.57199
0 0 348 -1.21703 0.0956659 -6.45659 5.6235
0 0 349 1.80002 -2.98097 -10.0478 4.82627
0 0 350 9.89119 8.13043 -6.28627 4.4267
0 0 351 10.0067 14.2296 -2.75284 6.59224
0 0 352 3.96536 17.9319 2.20377 2.49017
0 0 353 -3.20915 21.1233 7.10553 -3.66436
0 0 354 4.02311 22.0933 2.48956 -2.63909
0 0 355 4.02311 15.2537 1.34928 -4.46255
0 0 356 -2.86991 6.02377 -0.247113 -4.80463
0 0 357 -1.90272 -3.03726 -4.17892 -0.815627
0 0 358 1.3453 -4.11982 -5.77531 5.11086
0 0 359 1.85776 -0.872143 -4.2915 8.13112
0 0 360 -2.69668 4.42807 -3.55248 1.29338
0 0 361 0.320365 7.10633 -10.1055 -1.55632
0 0 362 -0.1921 9.27145 -12.1003 -0.245496
0 0 363 0.378108 6.70578 -10.4461 -1.21424
0 0 364 5.84922 1.23668 -6.17368 -5.14575
0 0 365 5.79147 -1.21423 -4.69276 -2.41104
0 0 366 -2.41519 -0.757392 -2.9809 -0.587574
0 0 367 -4.12581 0.723551 9.55353 -2.52506
0 0 368 2.14647 -1.21423 12.576 -3.0377
0 0 369 9.55196 -9.36375 7.90228 -1.04368
0 0 370 9.89119 -20.7025 4.99529 1.23589
0 0 371 2.26196 -17.2275 5.67946 3.11684
0 0 372 -0.415852 -9.30529 6.70427 -0.13147
0 0 373 2.54345 -3.2646 10.3532 -8.39406
0 0 374 8.80852 -3.20831 3.17373 -12.8957
0 0 375 5.67599 -6.74179 2.20377 -3.89242
0 0 376 -7.37383 -7.08387 1.34928 1.52143
0 0 377 -0.473595 3.17447 -4.97567 -4.29103
0 0 378 3.28689 9.04194 -6.45659 -5.3738
0 0 379 3.51064 10.9797 -2.92605 -0.359522
0 0 380 5.33675 3.00342 -4.57729 4.59822
0 0 381 0.890573 1.40773 -0.873545 -0.0749357
0 0 382 -7.43157 -3.32306 5.28108 -4.12047
0 0 383 -11.2426 -12.724 10.5235 -5.25977
0 0 384 -6.86136 -17.6821 4.53918 -6.28601
0 0 385 -3.72161 -17.2275 0.722847 -8.45155
0 0 386 -4.34956 -7.14017 2.2615 -6.85518
0 0 387 -2.47293 -3.60669 2.71762 -1.10021
0 0 388 2.48571 1.92086 5.39367 2.26212
0 0 389 8.92401 6.02377 5.11076 2.83129
0 0 390 10.7501 6.13635 -2.58252 -1.27077
0 0 391 4.4273 3.80019 -9.07779 -2.75311
0 0 392 -0.762308 -0.586347 -10.7319 -3.60783
0 0 393 -5.31675 -9.64738 -10.1055 -1.27077
0 0 394 -4.97751 -8.90691 3.68469 3.2874
0 0 395 2.08873 -9.1927 3.62695 2.03407
0 0 396 6.59265 -9.30529 -4.63503 0.381169
0 0 397 7.5021 -1.21423 -12.9547 0.723248
0 0 398 4.82428 2.09191 -11.6441 -0.188962
0 0 399 5.16352 4.7117 -4.91793 -2.52506
0 0 400 12.8577 12.4628 2.14603 -3.77839
0 0 401 12.2298 11.0945 0.0964147 2.66073
0 0 402 2.94043 7.27737 -2.52479 0.210609
0 0 403 -5.093 -0.81585 -9.93517 -6.28601
0 0 404 -4.63828 6.76424 1.91798 -5.60185
0 0 405 -2.47293 12.6339 9.38321 -2.63909
0 0 406 0.320365 14.799 6.81974 -0.0749357
0 0 407 1.22981 4.88275 -6.45659 3.23087
0 0 408 -4.58053 2.26295 -9.5339 2.0906
0 0 409 -9.07724 4.94121 -9.13553 -2.52506
0 0 410 -5.20848 9.61354 -10.96 -4.177
0 0 411 -0.134357 3.57285 -8.73715 -3.94895
0 0 412 0.609078 -6.22865 -4.2915 -3.72186
0 0 413 -3.38238 -9.36375 -2.52479 -3.15173
0 0 414 -9.42369 -3.83619 1.40702 -0.13147
0 0 415 -8.62251 1.46402 2.48956 0.438661
0 0 416 -3.04314 7.33366 1.97571 1.97658
0 0 417 -4.18355 8.98565 6.30589 2.26212
0 0 418 -4.40731 6.42215 4.82497 4.37017
0 0 419 -2.2997 0.667258 4.42659 2.77476
0 0 420 4.13859 -0.0753787 6.70427 5.11086
0 0 421 4.65106 -2.58259 7.67423 6.36419
0 0 422 2.83217 -4.8603 5.05303 1.86255
0 0 423 2.03099 -0.0753787 -7.88266 -3.94895
0 0 424 1.51852 3.97123 -4.00859 -9.8189
0 0 425 -4.40731 6.2511 5.50914 -10.8442
0 0 426 -8.51425 6.99158 17.6452 -5.8299
0 0 427 -9.87841 6.47844 17.3045 -4.63311
0 0 428 -10.9033 5.90902 6.87748 -1.67034
0 0 429 -8.56477 1.97716 -2.52479 1.57796
0 0 430 -8.51425 -3.15202 -7.31396 -2.35354
0 0 431 -6.57265 3.11601 -6.11595 -4.12047
0 0 432 -4.74654 11.0945 -3.95086 -4.46255
0 0 433 -5.9447 22.7753 -3.89312 -2.46757
0 0 434 -1.96047 30.6412 -3.09637 -0.758135
0 0 435 -3.32463 21.8075 0.950903 3.62948
0 0 436 -4.86203 1.12193 8.30066 7.2764
0 0 437 -4.23408 -6.51445 9.61126 3.57199
0 0 438 -5.72095 -4.91875 6.24816 1.29338
0 0 439 -7.25835 3.57285 -2.01383 3.40143
0 0 440 -0.762308 5.96531 -11.8722 2.0906
0 0 441 2.77442 6.53474 -11.8145 1.34991
0 0 442 5.79147 8.58727 -5.48952 3.11684
0 0 443 11.4935 9.1004 -3.32443 1.80602
0 0 444 10.2954 -0.246423 -7.08591 2.94532
0 0 445 6.64318 -9.93317 -5.54725 6.53571
0 0 446 3.22915 -15.517 -0.131641 12.0061
0 0 447 -4.63828 -10.8447 -2.01383 4.76878
0 0 448 -5.31675 -9.76213 -6.51433 4.9403
0 0 449 3.39516 -10.3878 -9.19326 7.50445
0 0 450 8.41154 -10.5026 -11.1303 3.57199
0 0 451 6.93189 -8.16644 -7.42655 5.05433
0 0 452 2.83217 -8.79216 -1.04387 6.99181
0 0 453 0.493593 -11.2431 1.23381 5.56696
0 0 454 -2.18422 -2.63888 6.64942 6.87779
0 0 455 -1.7295 5.28113 11.8341 8.75778
0 0 456 0.320365 10.6376 15.8785 6.87779
0 0 457 1.57627 10.5813 17.3045 7.04835
0 0 458 2.65894 -0.701099 14.2272 8.98583
0 0 459 3.62613 -11.4141 13.315 10.2967
0 0 460 5.50998 -5.60293 16.5078 6.30766
0 0 461 8.758 -9.98947 12.7463 3.62948
0 0 462 8.13005 -14.7203 5.50914 1.6345
0 0 463 7.55984 -14.4345 6.64942 -5.94393
0 0 464 8.24553 -13.4667 7.50391 -7.99544
0 0 465 3.51064 -16.658 7.73196 -7.53934
0 0 466 -6.11793 -20.4751 6.53395 -6.11449
0 0 467 -2.81217 -17.3985 5.62172 -3.09423
0 0 468 2.31248 -8.73586 10.5235 -2.92367
0 0 469 4.76654 -2.011 11.0922 -0.530082
0 0 470 1.9155 -3.77774 2.43182 2.60324
0 0 471 0.0966129 -7.82435 -6.22853 -2.86714
0 0 472 3.96536 -11.8125 -12.7267 -4.74713
0 0 473 9.78293 -20.1894 -11.0177 -2.23952
0 0 474 13.6012 -17.9679 -4.86308 1.29338
0 0 475 15.3046 -12.8951 -3.49475 3.68601
0 0 476 13.8249 -12.042 -2.24188 -0.0749357
0 0 477 6.87415 -11.5289 1.5196 -4.6906
0 0 478 3.91484 -1.15794 1.63507 -8.79267
0 0 479 6.87415 10.4103 -3.09637 -7.4828
0 0 480 8.13005 16.451 -4.46471 -5.3738
0 0 481 4.36956 22.1496 -1.78577 -5.65934
0 0 482 -1.55627 23.3469 0.665112 -1.04368
0 0 483 -5.31675 16.5657 -3.15411 3.00281
0 0 484 -2.01821 15.1974 -4.51956 -1.78437
0 0 485 3.05592 13.1448 -2.9809 -2.12549
0 0 486 7.32887 9.21299 -4.69276 3.23087
0 0 487 2.6012 14.3422 -11.9848 3.80004
0 0 488 -3.38238 16.622 -8.05298 0.0965827
0 0 489 -8.738 16.3947 -3.15411 -0.758135
0 0 490 -8.05231 10.6376 -7.02817 1.00783
0 0 491 -8.11005 9.61354 -1.78577 3.7435
0 0 492 -7.71307 4.19857 2.37409 3.2874
0 0 493 -3.15141 -10.7884 -2.69799 1.74853
0 0 494 2.77442 -15.517 1.63507 2.71727
0 0 495 6.18845 -14.6618 1.97571 1.69199
