0 0 0 0.0252426
0 0 1 0.0770244
0 0 2 0.064516
0 0 3 0.117475
0 0 4 0.177629
0 0 5 0.182336
0 0 6 0.189767
0 0 7 0.158732
0 0 8 0.180991
0 0 9 0.188221
0 0 10 0.132169
0 0 11 0.118147
0 0 12 0.129479
0 0 13 0.0157941
0 0 14 -0.0370973
0 0 15 0.011322
0 0 16 0.141214
0 0 17 0.135968
0 0 18 0.139297
0 0 19 0.186943
0 0 20 0.179949
0 0 21 0.0422566
0 0 22 -0.0432842
0 0 23 0.0424584
0 0 24 0.12198
0 0 25 0.205571
0 0 26 0.0643815
0 0 27 0.154428
0 0 28 0.0860694
0 0 29 0.0294457
0 0 30 -0.063896
0 0 31 -0.0238492
0 0 32 -0.114097
0 0 33 -0.0502108
0 0 34 -0.0836
0 0 35 -0.110331
0 0 36 -0.131616
0 0 37 -0.179867
0 0 38 -0.380437
0 0 39 -0.448796
0 0 40 -0.459892
0 0 41 -0.341937
0 0 42 -0.184507
0 0 43 -0.00949153
0 0 44 -0.0452344
0 0 45 0.100091
0 0 46 0.0780331
0 0 47 -0.00125352
0 0 48 -0.0430488
0 0 49 0.12652
0 0 50 0.0626331
0 0 51 0.158766
0 0 52 0.148006
0 0 53 0.24471
0 0 54 0.184354
0 0 55 0.244138
0 0 56 -0.026371
0 0 57 -0.00232951
0 0 58 -0.0288593
0 0 59 -0.052699
0 0 60 -0.180808
0 0 61 -0.0729746
0 0 62 -0.0266737
0 0 63 -0.00364087
0 0 64 0.0649195
0 0 65 0.0409116
0 0 66 -0.0323226
0 0 67 -0.198697
0 0 68 -0.244594
0 0 69 -0.311776
0 0 70 -0.19066
0 0 71 -0.0636943
0 0 72 0.0118937
0 0 73 -0.0324571
0 0 74 -0.0871306
0 0 75 -0.0937546
0 0 76 -0.0165863
0 0 77 0.000225955
0 0 78 0.0451483
0 0 79 0.0824715
0 0 80 0.0920545
0 0 81 0.0389278
0 0 82 0.0332789
0 0 83 0.0104142
0 0 84 -0.0471846
0 0 85 -0.155187
0 0 86 -0.153808
0 0 87 -0.0381732
0 0 88 -0.0498746
0 0 89 0.038995
0 0 90 0.0737628
0 0 91 0.0636418
0 0 92 0.0153906
0 0 93 0.120299
0 0 94 -0.0140645
0 0 95 -0.0177632
0 0 96 -0.0119125
0 0 97 -0.0208902
0 0 98 -0.127917
0 0 99 -0.115005
0 0 100 0.0779658
0 0 101 0.0654912
0 0 102 0.118416
0 0 103 0.178604
0 0 104 0.183278
0 0 105 0.190709
0 0 106 0.159673
0 0 107 0.181966
0 0 108 0.189196
0 0 109 0.133144
0 0 110 0.119089
0 0 111 0.13042
0 0 112 0.0167692
0 0 113 -0.0361558
0 0 114 0.0122972
0 0 115 0.142189
0 0 116 0.13691
0 0 117 0.140238
0 0 118 0.187918
0 0 119 0.180891
0 0 120 0.0431981
0 0 121 -0.0423427
0 0 122 0.0434335
0 0 123 0.122922
0 0 124 0.206546
0 0 125 0.065323
0 0 126 0.15537
0 0 127 0.0870108
0 0 128 0.0303872
0 0 129 -0.0629545
0 0 130 -0.0229077
0 0 131 -0.113122
0 0 132 -0.0492693
0 0 133 -0.0826249
0 0 134 -0.10939
0 0 135 -0.130674
0 0 136 -0.178892
0 0 137 -0.379462
0 0 138 -0.447821
0 0 139 -0.458951
0 0 140 -0.340962
0 0 141 -0.183532
0 0 142 -0.00851642
0 0 143 -0.0442593
0 0 144 0.101066
0 0 145 0.0790082
0 0 146 -0.000278413
0 0 147 -0.0420737
0 0 148 0.127461
0 0 149 0.0636082
0 0 150 0.159707
0 0 151 0.148981
0 0 152 0.245651
0 0 153 0.185329
0 0 154 0.245113
0 0 155 -0.0253959
0 0 156 -0.0013544
0 0 157 -0.0279178
0 0 158 -0.0517239
0 0 159 -0.179867
0 0 160 -0.0720331
0 0 161 -0.0257322
0 0 162 -0.00266575
0 0 163 0.0658946
0 0 164 0.0418867
0 0 165 -0.0313475
0 0 166 -0.197755
0 0 167 -0.243653
0 0 168 -0.310834
0 0 169 -0.189719
0 0 170 -0.0627528
0 0 171 0.0128352
0 0 172 -0.031482
0 0 173 -0.0861554
0 0 174 -0.0927795
0 0 175 -0.0156448
0 0 176 0.00116744
0 0 177 0.0460898
0 0 178 0.083413
0 0 179 0.092996
0 0 180 0.0398693
0 0 181 0.0342203
0 0 182 0.0113893
0 0 183 -0.0462095
0 0 184 -0.154211
0 0 185 -0.152833
0 0 186 -0.0371981
0 0 187 -0.0488995
0 0 188 0.0399701
0 0 189 0.0747379
0 0 190 0.0645833
0 0 191 0.0163657
0 0 192 0.121241
0 0 193 -0.013123
0 0 194 -0.0168217
0 0 195 -0.0109374
0 0 196 -0.0199151
0 0 197 -0.126942
0 0 198 -0.11403
0 0 199 -0.164433
0 0 200 -0.22906
0 0 201 -0.284338
0 0 202 -0.26107
0 0 203 -0.136458
0 0 204 0.000864821
0 0 205 0.0639444
0 0 206 0.0362378
0 0 207 -0.0282204
0 0 208 -0.102228
0 0 209 -0.151824
0 0 210 -0.131111
0 0 211 -0.0562969
0 0 212 -0.045537
0 0 213 -0.101219
0 0 214 -0.249436
0 0 215 -0.308615
0 0 216 -0.260936
0 0 217 -0.298427
0 0 218 -0.157809
0 0 219 -0.0554563
0 0 220 0.00217618
0 0 221 0.0371457
0 0 222 0.179142
0 0 223 0.149283
0 0 224 0.176049
0 0 225 0.092458
0 0 226 0.0131714
0 0 227 -0.0979576
0 0 228 -0.0631563
0 0 229 0.00167181
0 0 230 -0.00454873
0 0 231 0.0163657
0 0 232 0.0484099
0 0 233 -0.00764218
0 0 234 -0.0687716
0 0 235 -0.0892825
0 0 236 -0.186928
0 0 237 -0.141199
0 0 238 -0.0984284
0 0 239 -0.0847432
0 0 240 -0.00777668
0 0 241 -0.0204531
0 0 242 0.0242675
0 0 243 -0.104615
0 0 244 -0.133331
0 0 245 -0.193653
0 0 246 -0.157339
0 0 247 -0.229968
0 0 248 -0.134474
0 0 249 -0.193048
0 0 250 -0.0539768
0 0 251 -0.0400898
0 0 252 -0.018402
0 0 253 -0.0594239
0 0 254 -0.031482
0 0 255 -0.114871
0 0 256 -0.0918044
0 0 257 -0.0925777
0 0 258 0.0187531
0 0 259 0.0683829
0 0 260 0.161355
0 0 261 0.161556
0 0 262 0.068013
0 0 263 0.0535881
0 0 264 0.101436
0 0 265 -0.0467811
0 0 266 -0.00421248
0 0 267 0.0125998
0 0 268 0.0378182
0 0 269 -0.037568
0 0 270 0.041147
0 0 271 0.0307906
0 0 272 0.0335479
0 0 273 -0.0935865
0 0 274 -0.161172
0 0 275 -0.17405
0 0 276 -0.118166
0 0 277 -0.0453016
0 0 278 0.0332116
0 0 279 0.0713082
0 0 280 0.076789
0 0 281 -0.0280859
0 0 282 0.0273946
0 0 283 -0.00424611
0 0 284 0.0588671
0 0 285 0.0293784
0 0 286 0.0965602
0 0 287 -0.00713782
0 0 288 -0.0495047
0 0 289 0.00715261
0 0 290 0.0579256
0 0 291 -0.139316
0 0 292 -0.191467
0 0 293 -0.102396
0 0 294 -0.209591
0 0 295 -0.331648
0 0 296 -0.136525
0 0 297 -0.0687379
0 0 298 -0.0837681
0 0 299 -0.00602821
0 0 300 0.100629
0 0 301 0.0230906
0 0 302 0.0633392
0 0 303 0.0568833
0 0 304 0.0543614
0 0 305 0.0553365
0 0 306 0.113372
0 0 307 0.0387597
0 0 308 -0.0737144
0 0 309 -0.0854157
0 0 310 -0.021361
0 0 311 -0.0635261
0 0 312 0.0944755
0 0 313 0.248207
0 0 314 0.214818
0 0 315 0.233782
0 0 316 0.245483
0 0 317 0.152545
0 0 318 0.0373138
0 0 319 -0.0275143
0 0 320 -0.0985965
0 0 321 -0.0776821
0 0 322 -0.0641986
0 0 323 -0.00152252
0 0 324 0.129378
0 0 325 0.121745
0 0 326 -0.0161156
0 0 327 -0.020016
0 0 328 0.101469
0 0 329 0.0680802
0 0 330 0.059506
0 0 331 0.0835475
0 0 332 -0.0342392
0 0 333 -0.0523964
0 0 334 -0.0478907
0 0 335 -0.0695449
0 0 336 0.0910122
0 0 337 0.0789073
0 0 338 0.0152561
0 0 339 0.0254107
0 0 340 0.0127343
0 0 341 -0.0464449
0 0 342 0.0678112
0 0 343 0.0812947
0 0 344 0.052613
0 0 345 0.0463588
0 0 346 0.192457
0 0 347 0.158866
0 0 348 0.113978
0 0 349 0.1011
0 0 350 0.176284
0 0 351 0.0823707
0 0 352 0.144475
0 0 353 0.0900034
0 0 354 0.147636
0 0 355 0.136708
0 0 356 0.0620951
0 0 357 -0.00878542
0 0 358 -0.0560615
0 0 359 -0.200176
0 0 360 -0.416382
0 0 361 -0.39197
0 0 362 -0.400746
0 0 363 -0.365004
0 0 364 -0.188206
0 0 365 0.00241155
0 0 366 -0.0536405
0 0 367 -0.0544139
0 0 368 0.030757
0 0 369 -0.0321208
0 0 370 -0.0967472
0 0 371 -0.0147033
0 0 372 0.0565807
0 0 373 -0.0270099
0 0 374 -0.0727056
0 0 375 0.0105151
0 0 376 0.0382553
0 0 377 -0.0128876
0 0 378 0.115424
0 0 379 0.126183
0 0 380 0.174031
0 0 381 0.141045
0 0 382 0.209404
0 0 383 0.190675
0 0 384 0.26902
0 0 385 0.244609
0 0 386 0.1743
0 0 387 0.179983
0 0 388 0.0915165
0 0 389 0.0883894
0 0 390 0.0462243
0 0 391 0.0854641
0 0 392 0.0489815
0 0 393 0.135094
0 0 394 0.0446776
0 0 395 0.102108
0 0 396 0.240036
0 0 397 0.225779
0 0 398 0.112902
0 0 399 0.226586
0 0 400 0.175208
0 0 401 0.137717
0 0 402 0.0357671
0 0 403 0.130924
0 0 404 0.0955515
0 0 405 0.0658946
0 0 406 -0.0925105
0 0 407 -0.0542121
0 0 408 -0.0600628
0 0 409 -0.154178
0 0 410 -0.10438
0 0 411 -0.0240846
0 0 412 0.0724178
0 0 413 0.0417522
0 0 414 0.0548322
0 0 415 -0.0396864
0 0 416 -0.00569196
0 0 417 -0.0914345
0 0 418 -0.0777493
0 0 419 -0.0193435
0 0 420 0.0660291
0 0 421 -0.0513541
0 0 422 0.0445767
0 0 423 -0.0282876
0 0 424 -0.121226
0 0 425 -0.0630218
0 0 426 0.0463588
0 0 427 0.0756794
0 0 428 0.176452
0 0 429 0.130386
0 0 430 0.0774615
0 0 431 0.0858676
0 0 432 -0.053775
0 0 433 -0.152799
0 0 434 -0.0474872
0 0 435 -0.082255
0 0 436 -0.0279514
0 0 437 0.106446
0 0 438 0.121274
0 0 439 0.172854
0 0 440 0.172686
0 0 441 0.111153
0 0 442 0.114112
0 0 443 0.146728
0 0 444 0.0766209
0 0 445 0.093803
0 0 446 0.00318491
0 0 447 -0.0464113
0 0 448 -0.130372
0 0 449 -0.0584825
0 0 450 -0.0719659
0 0 451 -0.112383
0 0 452 -0.0062972
0 0 453 0.0930969
0 0 454 0.0163657
0 0 455 0.0183159
0 0 456 0.146056
0 0 457 0.0273273
0 0 458 -0.035954
0 0 459 -0.065241
0 0 460 -0.106431
0 0 461 -0.148428
0 0 462 -0.213828
0 0 463 -0.202295
0 0 464 -0.0677292
0 0 465 0.059237
0 0 466 0.0072871
0 0 467 -0.0129885
0 0 468 -0.0126186
0 0 469 -0.0672921
0 0 470 -0.143653
0 0 471 -0.114535
0 0 472 -0.0108029
0 0 473 -0.00085003
0 0 474 0.00953995
0 0 475 -0.0201505
0 0 476 0.185127
0 0 477 0.164045
0 0 478 0.218348
0 0 479 0.194912
0 0 480 0.107623
0 0 481 -0.0536742
0 0 482 -0.0167544
0 0 483 -0.0435195
0 0 484 -0.090762
0 0 485 0.0498558
0 0 486 0.0178452
0 0 487 0.00436177
0 0 488 -0.0127867
0 0 489 0.125309
0 0 490 0.186237
0 0 491 0.100326
0 0 492 -0.0137282
0 0 493 -0.0627528
0 0 494 -0.119175
0 0 495 -0.233061
0 0 496 -0.0824567
0 0 497 -0.0386776
0 0 498 -0.0695449
0 0 499 -0.141401
0 0 500 -0.0751938
0 0 501 -0.0339702
0 0 502 -0.0165863
0 0 503 0.026016
0 0 504 0.047502
0 0 505 0.00923733
0 0 506 -0.0852812
0 0 507 -0.0360549
0 0 508 -0.129598
0 0 509 -0.137197
0 0 510 -0.0483279
0 0 511 -0.0821205
0 0 512 -0.116283
0 0 513 0.00812772
0 0 514 0.0681139
0 0 515 -0.0111728
0 0 516 0.0982078
0 0 517 0.08691
0 0 518 0.125982
0 0 519 0.0816309
0 0 520 0.14044
0 0 521 -0.0327933
0 0 522 0.0990484
0 0 523 0.0793445
0 0 524 0.12467
0 0 525 0.0492841
0 0 526 0.211018
0 0 527 0.0580938
0 0 528 0.126251
0 0 529 0.149889
0 0 530 0.147972
0 0 531 0.184488
0 0 532 0.175511
0 0 533 0.140575
0 0 534 0.10426
0 0 535 0.19545
0 0 536 0.0489815
0 0 537 0.093534
0 0 538 0.026554
0 0 539 0.0666008
0 0 540 -0.0343737
0 0 541 0.0373138
0 0 542 -0.036492
0 0 543 0.0457536
0 0 544 0.00432815
0 0 545 -0.0124505
0 0 546 0.0949799
0 0 547 0.203789
0 0 548 0.16122
0 0 549 0.117273
0 0 550 0.230957
0 0 551 0.161624
0 0 552 0.107152
0 0 553 0.108531
0 0 554 0.10463
0 0 555 -0.0381396
0 0 556 -0.0392829
0 0 557 -0.0525645
0 0 558 -0.0658462
0 0 559 -0.10781
0 0 560 0.0216784
0 0 561 0.0373138
0 0 562 -0.00330462
0 0 563 -0.0503453
0 0 564 -0.102295
0 0 565 -0.0975878
0 0 566 -0.232153
0 0 567 -0.143284
0 0 568 -0.143082
0 0 569 0.0676767
0 0 570 -0.0600628
0 0 571 0.00695086
0 0 572 0.110279
0 0 573 0.177461
0 0 574 0.0378518
0 0 575 0.141953
0 0 576 0.183749
0 0 577 0.0785038
0 0 578 0.0995864
0 0 579 0.187884
0 0 580 0.174031
0 0 581 0.143366
0 0 582 0.173056
0 0 583 0.24007
0 0 584 0.174838
0 0 585 0.206512
0 0 586 0.302006
0 0 587 0.254764
0 0 588 0.184858
0 0 589 0.195215
0 0 590 0.173157
0 0 591 0.00537051
0 0 592 0.000125081
0 0 593 -0.0461759
0 0 594 -0.0567004
0 0 595 -0.127783
0 0 596 -0.0744541
0 0 597 -0.118569
0 0 598 -0.111945
0 0 599 -0.161743
0 0 600 -0.15216
0 0 601 -0.177513
0 0 602 -0.151555
0 0 603 0.0361706
0 0 604 0.0967283
0 0 605 0.117811
0 0 606 -0.0065662
0 0 607 0.00200805
0 0 608 -0.323376
0 0 609 -0.385649
0 0 610 -0.356934
0 0 611 -0.320787
0 0 612 -0.29187
0 0 613 -0.0940236
0 0 614 -0.117426
0 0 615 -0.170956
0 0 616 -0.146343
0 0 617 -0.188912
0 0 618 -0.17442
0 0 619 -0.0597602
0 0 620 -0.102531
0 0 621 0.048847
0 0 622 0.0923908
0 0 623 0.0902724
0 0 624 0.12151
0 0 625 0.160413
0 0 626 0.106513
0 0 627 0.187952
0 0 628 0.103789
0 0 629 0.0473675
0 0 630 0.114146
0 0 631 0.10732
0 0 632 -0.0237147
0 0 633 -0.0342392
0 0 634 0.077865
0 0 635 0.0731912
0 0 636 0.0411806
0 0 637 0.122619
0 0 638 0.116769
0 0 639 0.131227
0 0 640 0.00839671
0 0 641 0.0601785
0 0 642 0.100024
0 0 643 0.112734
0 0 644 0.0406763
0 0 645 0.231294
0 0 646 0.198476
0 0 647 0.146156
0 0 648 0.138759
0 0 649 0.146358
0 0 650 0.0286051
0 0 651 0.0182823
0 0 652 0.00557225
0 0 653 0.049923
0 0 654 -0.0637279
0 0 655 -0.0758327
0 0 656 -0.171125
0 0 657 -0.0703519
0 0 658 -0.13908
0 0 659 -0.0593903
0 0 660 -0.0220671
0 0 661 0.155067
0 0 662 -0.0669895
0 0 663 0.00745523
0 0 664 -0.0200833
0 0 665 0.040878
0 0 666 -0.0341383
0 0 667 0.0764191
0 0 668 0.132707
0 0 669 0.0656929
0 0 670 -0.0495047
0 0 671 -0.0297671
0 0 672 -0.0627864
0 0 673 -0.162954
0 0 674 -0.0785899
0 0 675 -0.126438
0 0 676 -0.0853821
0 0 677 -0.0599956
0 0 678 0.0657938
0 0 679 0.114045
0 0 680 0.192188
0 0 681 0.154294
0 0 682 0.235934
0 0 683 0.178739
0 0 684 0.118181
0 0 685 0.131698
0 0 686 0.179546
0 0 687 0.197333
0 0 688 0.0893309
0 0 689 0.135228
0 0 690 0.118853
0 0 691 0.157723
0 0 692 0.186842
0 0 693 0.280991
0 0 694 0.232538
0 0 695 0.317507
0 0 696 0.221812
0 0 697 0.293701
0 0 698 0.355637
0 0 699 0.303889
0 0 700 0.135733
0 0 701 0.255066
0 0 702 0.234589
0 0 703 0.226788
0 0 704 0.434016
0 0 705 0.693799
0 0 706 0.871135
0 0 707 0.996554
0 0 708 1.23425
0 0 709 1.49521
0 0 710 1.68562
0 0 711 1.66884
0 0 712 1.64211
0 0 713 1.74369
0 0 714 1.58471
0 0 715 1.40247
0 0 716 1.42923
0 0 717 1.43825
0 0 718 1.18922
0 0 719 1.19881
0 0 720 1.28438
0 0 721 1.0752
0 0 722 0.870328
0 0 723 0.869151
0 0 724 0.575037
0 0 725 0.319558
0 0 726 0.240473
0 0 727 0.206882
0 0 728 0.0860021
0 0 729 0.126452
0 0 730 0.116869
0 0 731 0.0604475
0 0 732 0.118853
0 0 733 0.118483
0 0 734 0.155605
0 0 735 0.196627
0 0 736 0.293297
0 0 737 0.294474
0 0 738 0.344306
0 0 739 0.241381
0 0 740 0.42635
0 0 741 0.435529
0 0 742 0.314279
0 0 743 0.235362
0 0 744 0.318785
0 0 745 0.116836
0 0 746 0.0787728
0 0 747 -0.0358868
0 0 748 0.02995
0 0 749 0.0854305
0 0 750 0.0723506
0 0 751 0.0715772
0 0 752 0.270433
0 0 753 0.237212
0 0 754 0.172384
0 0 755 0.201301
0 0 756 0.203654
0 0 757 0.0708711
0 0 758 -0.0179985
0 0 759 -0.0332304
0 0 760 -0.0642659
0 0 761 -0.017595
0 0 762 0.0873135
0 0 763 0.00957357
0 0 764 0.114482
0 0 765 0.102377
0 0 766 0.131698
0 0 767 0.00980894
0 0 768 0.140877
0 0 769 0.0910794
0 0 770 0.143231
0 0 771 -0.0618113
0 0 772 0.0399365
0 0 773 0.0102797
0 0 774 -0.00222864
0 0 775 0.0270919
0 0 776 0.211287
0 0 777 0.311858
0 0 778 0.315187
0 0 779 0.225947
0 0 780 0.28943
0 0 781 0.188456
0 0 782 0.0724514
0 0 783 0.106076
0 0 784 0.176385
0 0 785 0.0267893
0 0 786 0.099082
0 0 787 0.176822
0 0 788 0.281697
0 0 789 0.21122
0 0 790 0.173123
0 0 791 0.00927095
0 0 792 0.0161304
0 0 793 -0.0176623
0 0 794 0.0764864
0 0 795 0.155807
0 0 796 0.271811
0 0 797 0.0958541
0 0 798 -0.0189736
0 0 799 -0.0547165
0 0 800 -0.157238
0 0 801 -0.175025
0 0 802 -0.00740681
0 0 803 -0.0156112
0 0 804 0.0797143
0 0 805 0.0750405
0 0 806 0.0836484
0 0 807 0.000831196
0 0 808 0.0262177
0 0 809 -0.118099
0 0 810 -0.110466
0 0 811 -0.140728
0 0 812 -0.0612397
0 0 813 -0.10828
0 0 814 -0.0629545
0 0 815 0.0530501
0 0 816 0.168315
0 0 817 0.218516
0 0 818 0.235127
0 0 819 0.232975
0 0 820 0.20779
0 0 821 0.13691
0 0 822 -0.0689397
0 0 823 -0.0818179
0 0 824 -0.139249
0 0 825 -0.145671
0 0 826 -0.124958
0 0 827 -0.0858864
0 0 828 -0.0380387
0 0 829 0.0574885
0 0 830 0.0446103
0 0 831 0.0366077
0 0 832 0.162397
0 0 833 0.1011
0 0 834 0.0885912
0 0 835 0.123762
0 0 836 0.118483
0 0 837 0.0210395
0 0 838 0.0985777
0 0 839 0.0312278
0 0 840 -0.0232776
0 0 841 -0.0818515
0 0 842 -0.0502108
0 0 843 -0.0943262
0 0 844 -0.0796659
0 0 845 -0.0777157
0 0 846 -0.0683344
0 0 847 -0.132557
0 0 848 -0.0831629
0 0 849 -0.0800022
0 0 850 -0.146612
0 0 851 -0.268064
0 0 852 -0.248327
0 0 853 -0.314533
0 0 854 -0.307909
0 0 855 -0.179766
0 0 856 0.113608
0 0 857 0.209337
0 0 858 0.247232
0 0 859 0.311892
0 0 860 0.212296
0 0 861 0.0962912
0 0 862 -0.00508672
0 0 863 0.0785375
0 0 864 -0.00996228
0 0 865 0.117609
0 0 866 0.0441732
0 0 867 0.00611025
0 0 868 -0.0274807
0 0 869 -0.187063
0 0 870 -0.243485
0 0 871 -0.189753
0 0 872 0.0454173
0 0 873 -0.0791952
0 0 874 0.0944419
0 0 875 -0.00085003
0 0 876 -0.0523964
0 0 877 -0.251823
0 0 878 -0.142813
0 0 879 -0.18286
0 0 880 -0.0236475
0 0 881 0.0648187
0 0 882 0.0876833
0 0 883 0.105672
0 0 884 0.13849
0 0 885 0.119358
0 0 886 0.122115
0 0 887 0.111187
0 0 888 0.0141129
0 0 889 -0.0147706
0 0 890 -0.137635
0 0 891 -0.206565
0 0 892 -0.188576
0 0 893 -0.174117
0 0 894 -0.128018
0 0 895 -0.0516231
0 0 896 -0.0547501
0 0 897 -0.0190073
0 0 898 -0.0213274
0 0 899 -0.0633244
0 0 900 -0.10902
0 0 901 -0.0394846
0 0 902 -0.107642
0 0 903 -0.0546829
0 0 904 -0.0218654
0 0 905 0.00120107
0 0 906 0.0351955
0 0 907 0.109237
0 0 908 0.137145
0 0 909 0.214919
0 0 910 0.246357
0 0 911 0.265523
0 0 912 0.269995
0 0 913 0.228436
0 0 914 0.215524
0 0 915 0.094072
0 0 916 0.0640117
0 0 917 0.0110867
0 0 918 0.0278653
0 0 919 0.0636418
0 0 920 0.215793
0 0 921 0.196459
0 0 922 0.276956
0 0 923 0.248039
0 0 924 0.188691
0 0 925 0.105504
0 0 926 0.0968965
0 0 927 0.0264195
0 0 928 0.0215439
0 0 929 0.0844218
0 0 930 0.13385
0 0 931 0.1204
0 0 932 0.132505
0 0 933 0.0989139
0 0 934 0.0581274
0 0 935 0.0815637
0 0 936 0.005774
0 0 937 -0.0182339
0 0 938 0.0604811
0 0 939 0.00251242
0 0 940 0.103487
0 0 941 0.242558
0 0 942 0.202545
0 0 943 0.163675
0 0 944 0.0828078
0 0 945 -0.097655
0 0 946 -0.236491
0 0 947 -0.167359
0 0 948 -0.181414
0 0 949 -0.0776821
0 0 950 -0.00461598
0 0 951 0.0108177
0 0 952 -0.0516567
0 0 953 0.0131714
0 0 954 -0.0997061
0 0 955 -0.205354
0 0 956 -0.294796
0 0 957 -0.140291
0 0 958 -0.207271
0 0 959 -0.15902
0 0 960 0.00173906
0 0 961 0.0408108
0 0 962 0.0579929
0 0 963 0.0548658
0 0 964 0.277729
0 0 965 0.114482
0 0 966 0.170938
0 0 967 0.00863209
0 0 968 0.0022098
0 0 969 -0.178657
0 0 970 -0.121024
0 0 971 -0.1298
0 0 972 -0.0964109
0 0 973 -0.0594912
0 0 974 -0.0530353
0 0 975 -0.0975542
0 0 976 -0.108852
0 0 977 -0.01393
0 0 978 -0.0596257
0 0 979 -0.0705537
0 0 980 0.047233
0 0 981 0.127125
0 0 982 0.0908104
0 0 983 0.122451
0 0 984 0.200191
0 0 985 0.106849
0 0 986 0.0545296
0 0 987 0.115659
0 0 988 0.227595
0 0 989 0.152007
0 0 990 0.162969
0 0 991 0.180353
0 0 992 0.23701
0 0 993 0.093265
0 0 994 0.0776296
0 0 995 0.214952
0 0 996 0.282168
0 0 997 0.176116
0 0 998 0.217339
0 0 999 0.254259
0 0 1000 0.0564125
0 0 1001 -0.0156448
0 0 1002 -0.225798
0 0 1003 -0.23713
0 0 1004 -0.378521
0 0 1005 -0.354681
0 0 1006 -0.329664
0 0 1007 -0.185718
0 0 1008 -0.161273
0 0 1009 -0.0977895
0 0 1010 -0.0159474
0 0 1011 0.102613
0 0 1012 0.154563
0 0 1013 0.074099
0 0 1014 0.056547
0 0 1015 0.0995192
0 0 1016 -0.12859
0 0 1017 -0.226033
0 0 1018 -0.199268
0 0 1019 -0.0361894
0 0 1020 -0.0648711
0 0 1021 0.445482
0 0 1022 0.445482
0 0 1023 0.445482
