0 0 0 0.381054
0 0 1 0.142188
0 0 2 0.0837511
0 0 3 -0.0442572
0 0 4 0.466946
0 0 5 -0.0554605
0 0 6 0.0562269
0 0 7 0.100902
0 0 8 0.321718
0 0 9 0.134443
0 0 10 -0.278835
0 0 11 0.167084
0 0 12 -0.0185311
0 0 13 -0.23416
0 0 14 -0.113898
0 0 15 0.0450927
0 0 16 0.177389
0 0 17 -0.0520027
0 0 18 -0.176553
0 0 19 -0.119914
0 0 20 0.140459
0 0 21 0.160238
0 0 22 0.116393
0 0 23 0.707541
0 0 24 0.524484
0 0 25 0.555466
0 0 26 0.247859
0 0 27 0.952354
0 0 28 1.8296
0 0 29 2.09592
0 0 30 2.59426
0 0 31 3.55139
0 0 32 3.61584
0 0 33 3.95173
0 0 34 3.89848
0 0 35 4.01964
0 0 36 3.8796
0 0 37 4.05747
0 0 38 3.72151
0 0 39 3.56944
0 0 40 3.32027
0 0 41 2.50146
0 0 42 2.43016
0 0 43 1.87428
0 0 44 2.11743
0 0 45 1.97566
0 0 46 1.14827
0 0 47 1.74454
0 0 48 1.29433
0 0 49 1.29087
0 0 50 0.880224
0 0 51 0.725521
0 0 52 0.544263
0 0 53 0.53223
0 0 54 0.502147
0 0 55 0.774553
0 0 56 0.219505
0 0 57 0.40595
0 0 58 0.321718
0 0 59 0.382714
0 0 60 0.210929
0 0 61 -0.106982
0 0 62 0.0725477
0 0 63 0.173931
0 0 64 0.0888686
0 0 65 0.114664
0 0 66 -0.09239
0 0 67 -0.0408686
0 0 68 0.173101
0 0 69 0.111206
0 0 70 -0.165419
0 0 71 0.338938
0 0 72 -0.245295
0 0 73 -0.00131117
0 0 74 0.191151
0 0 75 0.0365173
0 0 76 -0.220398
0 0 77 0.304567
0 0 78 0.00380639
0 0 79 0.285618
0 0 80 -0.0838146
0 0 81 -0.423165
0 0 82 0.0811923
0 0 83 -0.0141742
0 0 84 -0.112169
0 0 85 -0.106982
0 0 86 0.315701
0 0 87 -0.179181
0 0 88 -0.243635
0 0 89 0.0785643
0 0 90 -0.0614771
0 0 91 0.0244841
0 0 92 -0.0760691
0 0 93 -0.220398
0 0 94 -0.046816
0 0 95 -0.276277
0 0 96 -0.299444
0 0 97 0.15678
0 0 98 -0.113898
0 0 99 -0.135336
0 0 100 -0.0958478
0 0 101 0.0210263
0 0 102 0.159339
0 0 103 -0.09239
0 0 104 0.040805
0 0 105 0.216946
0 0 106 0.00816324
0 0 107 0.306296
0 0 108 -0.101864
0 0 109 -0.28997
0 0 110 0.181676
0 0 111 -0.00386996
0 0 112 0.232368
0 0 113 0.120681
0 0 114 -0.00988655
0 0 115 -0.0537316
0 0 116 0.0923264
0 0 117 -0.374202
0 0 118 -0.169707
0 0 119 0.435134
0 0 120 -0.117286
0 0 121 0.224622
0 0 122 0.347513
0 0 123 -0.325239
0 0 124 0.0450927
0 0 125 0.217776
0 0 126 0.405051
0 0 127 0.0390761
0 0 128 -0.138794
0 0 129 0.216946
0 0 130 -0.00815765
0 0 131 0.31743
0 0 132 0.295992
0 0 133 0.113834
0 0 134 -0.317494
0 0 135 0.152492
0 0 136 -0.336373
0 0 137 -0.0176321
0 0 138 -0.237618
0 0 139 -0.159402
0 0 140 -0.137895
0 0 141 -0.350136
0 0 142 0.026213
0 0 143 0.322617
0 0 144 0.195438
0 0 145 0.237555
0 0 146 0.418813
0 0 147 -0.0915601
0 0 148 0.150764
0 0 149 -0.131878
0 0 150 0.310584
0 0 151 0.0141798
0 0 152 -0.14564
0 0 153 0.217776
0 0 154 -0.109541
0 0 155 0.26501
0 0 156 -0.0382406
0 0 157 0.179118
0 0 158 0.143018
0 0 159 0.126697
0 0 160 -0.173994
0 0 161 0.130155
0 0 162 0.168813
0 0 163 0.252147
0 0 164 -0.00815765
0 0 165 0.198896
0 0 166 0.162797
0 0 167 -0.019361
0 0 168 -0.282293
0 0 169 -0.149928
0 0 170 0.256434
0 0 171 -0.328628
0 0 172 -0.278835
0 0 173 0.0184675
0 0 174 -0.143082
0 0 175 -0.272819
0 0 176 -0.167148
0 0 177 0.224622
0 0 178 -0.0528326
0 0 179 -0.204907
0 0 180 -0.124202
0 0 181 -0.0210899
0 0 182 0.258163
0 0 183 -0.0829156
0 0 184 -0.222957
0 0 185 0.0571259
0 0 186 -0.0210899
0 0 187 -0.137065
0 0 188 -0.224686
0 0 189 0.0905975
0 0 190 0.213488
0 0 191 -0.231602
0 0 192 0.129256
0 0 193 -0.0141742
0 0 194 0.0450927
0 0 195 0.00470542
0 0 196 0.249588
0 0 197 -0.460993
0 0 198 -0.158573
0 0 199 0.0682601
0 0 200 0.149934
0 0 201 0.00214664
0 0 202 0.143917
0 0 203 -0.474686
0 0 204 0.195438
0 0 205 -0.169707
0 0 206 -0.355322
0 0 207 0.0305007
0 0 208 0.0338894
0 0 209 0.0596847
0 0 210 0.0888686
0 0 211 0.176559
0 0 212 -0.149098
0 0 213 0.214318
0 0 214 0.0691591
0 0 215 -0.265073
0 0 216 -0.137895
0 0 217 0.0141798
0 0 218 0.0769046
0 0 219 0.15678
0 0 220 -0.16286
0 0 221 0.131884
0 0 222 -0.18257
0 0 223 -0.248752
0 0 224 0.0734468
0 0 225 0.24613
0 0 226 0.108647
0 0 227 0.118122
0 0 228 -0.21784
0 0 229 0.10519
0 0 230 0.141289
0 0 231 0.375867
0 0 232 -0.0640359
0 0 233 0.0218562
0 0 234 0.154221
0 0 235 0.149035
0 0 236 0.218606
0 0 237 -0.0906611
0 0 238 -0.0374108
0 0 239 0.0897677
0 0 240 0.130985
0 0 241 0.10519
0 0 242 0.225521
0 0 243 0.040805
0 0 244 0.210929
0 0 245 0.113834
0 0 246 0.0992421
0 0 247 0.106918
0 0 248 0.382714
0 0 249 0.0837511
0 0 250 -0.000481297
0 0 251 0.0347884
0 0 252 0.0932255
0 0 253 0.0167386
0 0 254 0.283959
0 0 255 0.166255
