0 0 0 0.0719827
0 0 1 0.0561311
0 0 2 0.371175
0 0 3 1.85037
0 0 4 3.26299
0 0 5 1.9342
0 0 6 0.712925
0 0 7 0.267199
0 0 8 0.342588
0 0 9 0.202718
0 0 10 0.130499
0 0 11 0.100569
0 0 12 0.0476948
0 0 13 -0.173583
0 0 14 0.0653197
0 0 15 -0.22678
0 0 16 -0.0326379
0 0 17 0.18864
0 0 18 0.00787774
0 0 19 0.0705856
0 0 20 0.0473187
0 0 21 0.0106719
0 0 22 0.151617
0 0 23 -0.0858348
0 0 24 0.108629
0 0 25 0.0596776
0 0 26 -0.0717564
0 0 27 -0.0280705
0 0 28 -0.16375
0 0 29 0.0712842
0 0 30 0.127329
0 0 31 -0.17181
0 0 32 0.102665
0 0 33 0.169242
0 0 34 0.165373
0 0 35 0.0977214
0 0 36 0.00400887
0 0 37 0.102987
0 0 38 -0.0266734
0 0 39 0.0385063
0 0 40 0.16505
0 0 41 0.107232
0 0 42 -0.0590752
0 0 43 0.0424289
0 0 44 0.075153
0 0 45 0.0445245
0 0 46 0.0296938
0 0 47 -0.0101232
0 0 48 0.054734
0 0 49 -0.0167863
0 0 50 0.118893
0 0 51 0.10374
0 0 52 0.0603761
0 0 53 0.00610451
0 0 54 -0.0463939
0 0 55 0.0497905
0 0 56 0.0607523
0 0 57 0.0511876
0 0 58 0.0994947
0 0 59 -0.0573019
0 0 60 0.15022
0 0 61 0.0829445
0 0 62 0.0963243
0 0 63 0.0194843
0 0 64 0.0956258
0 0 65 0.186867
0 0 66 0.178054
0 0 67 0.0209352
0 0 68 -0.0978176
0 0 69 0.0135198
0 0 70 0.0712842
0 0 71 -0.0118427
0 0 72 0.0142184
0 0 73 0.0388824
0 0 74 0.403577
0 0 75 -0.00867241
0 0 76 -0.004105
0 0 77 -0.0985161
0 0 78 -0.0622455
0 0 79 0.147426
0 0 80 0.129102
0 0 81 -0.0365068
0 0 82 0.0268997
0 0 83 0.0621493
0 0 84 0.0871358
0 0 85 0.0998171
0 0 86 0.0610747
0 0 87 -0.00657678
0 0 88 0.0610747
0 0 89 0.0776248
0 0 90 0.22706
0 0 91 0.0490919
0 0 92 0.09842
0 0 93 0.199225
0 0 94 0.0226547
0 0 95 0.064245
0 0 96 0.0198605
0 0 97 0.245007
0 0 98 -0.0262973
0 0 99 -0.0742282
0 0 100 0.0913808
0 0 101 -0.0481671
0 0 102 0.0399571
0 0 103 0.0194843
0 0 104 0.176281
0 0 105 -0.0206552
0 0 106 0.181601
0 0 107 0.0776248
0 0 108 0.00293419
0 0 109 0.0639226
0 0 110 0.0459216
0 0 111 -0.0375814
0 0 112 0.0357121
0 0 113 0.0131437
0 0 114 -0.00163322
0 0 115 0.0617732
0 0 116 -0.080945
0 0 117 -0.104534
0 0 118 0.217871
0 0 119 0.0357121
0 0 120 0.210832
0 0 121 -0.0280705
0 0 122 0.152315
0 0 123 0.020559
0 0 124 -0.0421489
0 0 125 -0.0742282
0 0 126 0.132273
0 0 127 0.0018595
0 0 128 0.0135198
0 0 129 0.107609
0 0 130 -0.0294676
0 0 131 0.145652
0 0 132 -0.219042
0 0 133 -0.0393547
0 0 134 -0.0153892
0 0 135 0.0681138
0 0 136 -0.0213537
0 0 137 -0.0872856
0 0 138 0.0522622
0 0 139 0.020559
0 0 140 -0.06821
0 0 141 -0.06821
0 0 142 -0.0460177
0 0 143 0.0321656
0 0 144 0.020559
0 0 145 0.0191619
0 0 146 0.155486
0 0 147 -0.0974951
0 0 148 -0.0379576
0 0 149 0.079398
0 0 150 0.10691
0 0 151 -0.0777747
0 0 152 -0.0224284
0 0 153 0.126254
0 0 154 0.0445245
0 0 155 -0.177129
0 0 156 0.0540355
0 0 157 -0.151767
0 0 158 0.0861148
0 0 159 0.0913808
0 0 160 0.0980976
0 0 161 0.0152931
0 0 162 -0.128822
0 0 163 0.0663406
0 0 164 0.0843416
0 0 165 -0.00727532
0 0 166 -0.0555287
0 0 167 -0.0513374
0 0 168 0.0804727
0 0 169 0.0152931
0 0 170 0.024804
0 0 171 -0.139408
0 0 172 -0.154937
0 0 173 -0.00517969
0 0 174 -0.165147
0 0 175 -0.0132936
0 0 176 -0.162675
0 0 177 0.0241055
0 0 178 0.215776
0 0 179 -0.0545077
0 0 180 -0.0449968
0 0 181 0.064245
0 0 182 -0.0675114
0 0 183 -0.00448114
0 0 184 -0.117216
0 0 185 0.0709618
0 0 186 0.112874
0 0 187 0.188264
0 0 188 0.0949272
0 0 189 -0.0995908
0 0 190 0.0336164
0 0 191 -0.114045
0 0 192 0.00820015
0 0 193 -0.258483
0 0 194 -0.0199566
0 0 195 -0.0428474
0 0 196 0.0420527
0 0 197 -0.172508
0 0 198 -0.0992684
0 0 199 0.00787774
0 0 200 -0.0132936
0 0 201 -0.0516598
0 0 202 0.147426
0 0 203 0.147426
0 0 204 0.0381839
0 0 205 -0.0601498
0 0 206 0.159408
0 0 207 0.0558087
0 0 208 0.054734
0 0 209 -0.00480355
0 0 210 -0.229628
0 0 211 0.133294
0 0 212 0.0360882
0 0 213 0.0244279
0 0 214 0.228457
0 0 215 0.149145
0 0 216 0.0152931
0 0 217 0.0177648
0 0 218 -0.0791718
0 0 219 -0.0139921
0 0 220 -0.108403
0 0 221 -0.0988922
0 0 222 -0.0460177
0 0 223 0.259784
0 0 224 0.0128213
0 0 225 0.0441484
0 0 226 -0.104857
0 0 227 0.290466
0 0 228 0.088909
0 0 229 0.0321656
0 0 230 -0.0858348
0 0 231 -0.0125413
0 0 232 -0.0978176
0 0 233 0.0194843
0 0 234 -0.0167863
0 0 235 0.0216337
0 0 236 0.0917569
0 0 237 0.0455992
0 0 238 0.0854163
0 0 239 -0.0217298
0 0 240 -0.0791718
0 0 241 -0.122858
0 0 242 0.0241055
0 0 243 0.0994947
0 0 244 -0.00867241
0 0 245 0.0018595
0 0 246 -0.0262973
0 0 247 0.0994947
0 0 248 0.155862
0 0 249 -0.0576781
0 0 250 0.190413
0 0 251 -0.0872856
0 0 252 0.00540596
0 0 253 -0.113347
0 0 254 -0.0164639
0 0 255 0.195679
