0 0 0 -0.780796 1.60451 -0.756394 -2.87622
0 0 1 0.401258 -0.281395 0.423496 -1.69666
0 0 2 0.644622 1.60451 -0.283209 -1.22483
0 0 3 -1.47612 2.07598 -0.283209 0.188661
0 0 4 -2.90154 0.426947 1.83691 0.660486
0 0 5 -2.65817 -1.22435 0.893609 -0.283165
0 0 6 -2.17145 0.426947 -2.1698 -0.0472521
0 0 7 -1.71949 1.3699 -2.87651 1.36822
0 0 8 -0.537432 2.07598 -1.93321 1.84005
0 0 9 -0.780796 1.13303 0.423496 2.54779
0 0 10 -1.47612 -0.516005 1.36679 2.31187
0 0 11 -1.23276 -0.987481 0.186904 0.188661
0 0 12 -1.71949 -0.0445292 -0.756394 0.896398
0 0 13 -1.23276 1.3699 2.31009 1.60414
0 0 14 -0.780796 0.898422 3.25339 0.660486
0 0 15 -0.0507037 0.898422 2.0735 -0.753008
0 0 16 0.887986 1.13303 2.0735 -1.22483
0 0 17 0.401258 2.54746 2.54668 -1.93257
0 0 18 -0.989393 3.2558 2.7802 -1.46075
0 0 19 -2.41481 2.31285 1.1302 -0.98892
0 0 20 -0.989393 1.60451 -0.756394 -1.22483
0 0 21 1.33995 0.426947 -0.519801 -1.46075
0 0 22 3.00873 -0.0445292 -0.0466162 -2.16848
0 0 23 3.70405 -0.281395 0.893609 0.188661
0 0 24 3.70405 2.07598 0.423496 2.54779
0 0 25 3.70405 0.661556 -0.519801 3.48945
0 0 26 2.3134 -1.45896 0.893609 2.54779
0 0 27 0.887986 -2.40416 2.54668 2.07596
0 0 28 0.401258 -0.987481 2.54668 2.07596
0 0 29 1.58331 -0.516005 -0.0466162 0.660486
0 0 30 2.07004 -0.281395 -1.69969 -0.753008
0 0 31 2.07004 0.661556 -3.81981 -0.283165
0 0 32 1.33995 0.898422 -3.34969 -0.753008
0 0 33 3.25209 0.426947 -2.4064 -0.0472521
0 0 34 3.00873 -0.0445292 -1.69969 0.896398
0 0 35 2.3134 -0.987481 -2.1698 0.660486
0 0 36 0.644622 -1.22435 -1.93321 -1.93257
0 0 37 -0.294068 -1.69582 -0.0466162 -2.64031
0 0 38 0.887986 -1.45896 1.60339 -1.93257
0 0 39 0.401258 -0.281395 0.660089 -1.22483
0 0 40 -0.989393 1.60451 -2.1698 1.36822
0 0 41 -0.989393 0.190081 -2.1698 2.31187
0 0 42 -1.23276 -3.34712 2.7802 1.13231
0 0 43 0.157894 -4.29007 3.7235 0.424573
0 0 44 0.644622 -3.81859 0.893609 -0.0472521
0 0 45 0.644622 -3.58173 -0.989914 1.13231
0 0 46 0.401258 -2.87564 -0.989914 1.60414
0 0 47 -0.294068 -2.87564 -0.756394 1.36822
0 0 48 -2.41481 -1.69582 -1.4631 1.13231
0 0 49 -3.59686 0.898422 -0.283209 2.07596
0 0 50 0.401258 2.31285 2.0735 1.84005
0 0 51 3.94742 2.07598 1.36679 2.07596
0 0 52 6.55489 2.54746 -0.283209 1.36822
0 0 53 5.58143 3.49267 -1.22651 -0.517095
0 0 54 2.76537 4.90709 1.1302 -0.517095
0 0 55 -1.23276 2.54746 0.893609 0.660486
0 0 56 -2.65817 -0.752871 -2.64299 2.7837
0 0 57 -2.17145 2.07598 -2.4064 3.25552
0 0 58 -3.84023 1.60451 0.186904 3.72537
0 0 59 -4.08359 -0.752871 0.893609 1.36822
0 0 60 -3.3535 -0.987481 0.423496 0.660486
0 0 61 -3.84023 0.426947 0.660089 -0.0472521
0 0 62 -2.65817 3.2558 1.60339 -1.22483
0 0 63 -2.41481 1.84137 2.31009 -3.58396
0 0 64 -2.17145 -0.516005 -0.0466162 -2.64031
0 0 65 -4.29219 -3.58173 -0.989914 -0.753008
0 0 66 -3.59686 -2.87564 -0.756394 -0.517095
0 0 67 -0.989393 -0.281395 2.54668 -0.283165
0 0 68 -0.0507037 0.426947 2.54668 -1.22483
0 0 69 0.644622 -0.752871 -0.519801 -2.87622
0 0 70 1.33995 -1.69582 -2.4064 -0.283165
0 0 71 2.76537 -1.22435 -2.4064 2.54779
0 0 72 2.76537 0.190081 -2.1698 2.7837
0 0 73 0.644622 1.13303 -1.69969 2.54779
0 0 74 -0.294068 1.3699 0.893609 2.31187
0 0 75 -1.47612 -0.0445292 2.31009 2.31187
0 0 76 -2.41481 0.426947 1.36679 0.660486
0 0 77 -3.11014 -0.987481 0.893609 -0.753008
0 0 78 -1.71949 -1.45896 1.83691 -0.283165
0 0 79 -0.0507037 0.898422 1.36679 0.188661
0 0 80 -0.780796 -0.0445292 -0.283209 -0.517095
0 0 81 -1.47612 -1.69582 -2.87651 0.188661
0 0 82 -1.23276 -4.0532 -4.7631 1.60414
0 0 83 0.401258 -5.46763 -5.7064 2.07596
0 0 84 1.58331 -3.11025 -3.81981 1.84005
0 0 85 2.3134 0.190081 0.423496 1.36822
0 0 86 4.64274 0.898422 1.60339 0.896398
0 0 87 4.88611 -0.281395 -0.283209 -0.98892
0 0 88 2.522 -1.69582 -1.22651 -2.16848
0 0 89 0.887986 -1.22435 -0.519801 -3.11213
0 0 90 0.401258 0.426947 -0.283209 -1.93257
0 0 91 1.13135 0.898422 -0.989914 -2.16848
0 0 92 2.07004 -0.0445292 -1.69969 -2.64031
0 0 93 2.522 -0.0445292 -0.756394 -2.64031
0 0 94 2.76537 2.78433 1.1302 -1.22483
0 0 95 0.157894 3.96414 2.7802 -1.22483
0 0 96 -0.294068 5.1417 1.60339 -0.283165
0 0 97 -0.0507037 1.60451 1.60339 -0.283165
0 0 98 -1.71949 0.426947 1.60339 0.188661
0 0 99 -0.537432 0.190081 1.1302 -1.46075
0 0 100 0.887986 -2.40416 1.60339 -2.4044
0 0 101 -0.0507037 -2.63877 3.48998 -1.69666
0 0 102 -2.17145 -0.0445292 3.0168 -1.22483
0 0 103 -2.65817 2.31285 -0.0466162 -1.69666
0 0 104 -4.08359 2.31285 -1.69969 -0.283165
0 0 105 -5.23088 1.60451 -1.69969 -0.283165
0 0 106 -2.17145 0.190081 1.1302 -0.753008
0 0 107 -0.989393 -0.0445292 1.83691 0.424573
0 0 108 -0.294068 0.190081 3.25339 -0.283165
0 0 109 0.401258 -0.516005 2.0735 -2.16848
0 0 110 0.401258 2.07598 -0.989914 -1.93257
0 0 111 -0.537432 2.31285 -0.756394 -2.64031
0 0 112 -0.294068 0.898422 0.186904 -3.81987
0 0 113 -0.989393 1.60451 0.660089 -4.76154
0 0 114 -2.41481 1.13303 1.36679 -4.52563
0 0 115 -3.59686 0.426947 -0.756394 -2.64031
0 0 116 -4.53555 -0.987481 -3.34969 -1.93257
0 0 117 -1.47612 -0.0445292 -3.58629 -2.16848
0 0 118 2.3134 0.426947 -0.0466162 -0.753008
0 0 119 4.64274 -0.281395 1.36679 1.13231
0 0 120 5.58143 -0.281395 -1.22651 2.31187
0 0 121 5.12947 2.07598 -1.93321 1.60414
0 0 122 4.88611 1.84137 -1.93321 0.896398
0 0 123 5.12947 1.13303 0.423496 -0.517095
0 0 124 5.12947 2.78433 0.660089 -0.283165
0 0 125 4.19078 2.78433 0.423496 0.660486
0 0 126 1.33995 1.3699 -0.756394 2.07596
0 0 127 2.76537 1.60451 0.186904 1.84005
0 0 128 2.522 0.898422 1.60339 0.660486
0 0 129 1.13135 -0.281395 0.423496 -0.283165
0 0 130 -0.0507037 -0.752871 -1.22651 0.188661
0 0 131 -0.0507037 -1.69582 -1.22651 0.424573
0 0 132 -0.0507037 -0.516005 -0.283209 -0.283165
0 0 133 -0.0507037 1.84137 1.83691 -0.98892
0 0 134 -0.989393 1.84137 1.83691 -0.753008
0 0 135 -1.96285 -0.0445292 0.893609 2.31187
0 0 136 -3.3535 -1.93043 -0.989914 3.01961
0 0 137 -2.65817 -4.29007 -2.1698 1.36822
0 0 138 0.157894 -4.52468 -0.0466162 -0.517095
0 0 139 1.82668 -3.81859 2.7802 -0.517095
0 0 140 1.13135 -3.11025 2.0735 0.896398
0 0 141 -0.537432 -0.987481 -0.989914 2.31187
0 0 142 -2.41481 -0.281395 -1.69969 0.188661
0 0 143 -2.90154 -2.40416 -0.283209 -0.98892
0 0 144 -1.96285 -2.63877 -0.756394 -4.28971
0 0 145 -0.989393 -2.40416 -2.87651 -5.70519
0 0 146 -2.65817 -0.987481 -2.87651 -4.76154
0 0 147 -3.84023 1.3699 -0.283209 -0.283165
0 0 148 -2.90154 1.13303 2.7802 2.54779
0 0 149 0.644622 0.190081 1.83691 1.60414
0 0 150 2.76537 -0.0445292 0.660089 -0.0472521
0 0 151 1.58331 0.190081 -0.519801 0.896398
0 0 152 0.157894 1.13303 -0.0466162 1.84005
0 0 153 0.887986 0.190081 -0.519801 1.36822
0 0 154 1.33995 0.190081 0.186904 1.13231
0 0 155 0.887986 -1.45896 -0.989914 0.660486
0 0 156 -0.0507037 0.190081 -1.4631 0.896398
0 0 157 -2.17145 0.426947 -1.22651 0.188661
0 0 158 -3.84023 0.898422 -0.0466162 -0.517095
0 0 159 -3.11014 1.84137 1.60339 1.13231
0 0 160 -0.780796 -0.281395 5.13998 2.31187
0 0 161 -0.780796 -2.1673 7.2601 2.54779
0 0 162 -0.780796 -0.0445292 5.13998 1.36822
0 0 163 -0.0507037 -0.0445292 5.3735 -0.0472521
0 0 164 1.82668 -0.281395 3.0168 0.424573
0 0 165 4.19078 -2.1673 0.660089 -0.517095
0 0 166 4.64274 -0.987481 -1.4631 -0.753008
0 0 167 5.8248 -0.516005 -0.0466162 0.188661
0 0 168 5.37284 -1.45896 1.60339 0.188661
0 0 169 1.82668 -0.752871 1.1302 1.13231
0 0 170 -0.0507037 0.190081 2.0735 2.31187
0 0 171 0.887986 -0.0445292 2.7802 0.896398
0 0 172 1.82668 -1.69582 2.31009 0.424573
0 0 173 0.644622 -2.63877 1.1302 0.660486
0 0 174 -1.96285 -0.281395 -1.93321 -0.283165
0 0 175 -3.59686 0.426947 -2.64299 -0.283165
0 0 176 -4.29219 -0.0445292 -1.4631 0.424573
0 0 177 -2.41481 -1.45896 0.423496 0.896398
0 0 178 -2.65817 -2.1673 1.83691 0.424573
0 0 179 -1.96285 -0.752871 2.31009 -0.0472521
0 0 180 -0.989393 -0.516005 -0.0466162 -1.46075
0 0 181 1.13135 0.661556 -2.1698 -2.16848
0 0 182 2.3134 2.31285 -4.0564 -2.87622
0 0 183 1.82668 2.31285 -5.46981 -1.93257
0 0 184 1.82668 2.78433 -5.46981 -0.98892
0 0 185 0.644622 3.96414 -4.7631 -0.98892
0 0 186 -0.780796 2.78433 -4.7631 -0.283165
0 0 187 -1.71949 2.54746 -3.34969 0.660486
0 0 188 -1.23276 1.60451 -3.34969 2.07596
0 0 189 -0.0507037 0.426947 -3.1131 3.48945
0 0 190 0.887986 -1.69582 -1.93321 2.7837
0 0 191 1.33995 -1.45896 -0.283209 2.54779
0 0 192 1.58331 0.426947 0.660089 2.07596
0 0 193 1.33995 2.54746 1.1302 1.36822
0 0 194 0.887986 1.84137 -0.283209 -1.46075
0 0 195 1.33995 1.3699 0.186904 -2.87622
0 0 196 0.401258 1.60451 0.423496 -2.16848
0 0 197 -0.0507037 0.661556 -0.0466162 0.660486
0 0 198 0.887986 -0.752871 -0.756394 1.84005
0 0 199 3.25209 -0.0445292 -1.22651 2.31187
0 0 200 4.19078 0.898422 -0.283209 3.48945
0 0 201 4.19078 1.3699 -0.519801 2.31187
0 0 202 4.64274 0.898422 -1.69969 -1.93257
0 0 203 3.94742 1.3699 -1.4631 -2.87622
0 0 204 4.19078 2.31285 1.36679 -2.16848
0 0 205 4.64274 5.1417 3.0168 -0.98892
0 0 206 3.94742 6.08466 3.0168 -0.0472521
0 0 207 1.82668 5.61318 2.31009 0.424573
0 0 208 -0.0507037 3.96414 0.660089 0.188661
0 0 209 0.401258 1.84137 -1.4631 0.424573
0 0 210 -0.537432 -1.93043 -0.519801 -0.283165
0 0 211 -0.989393 -3.34712 0.660089 -0.283165
0 0 212 -0.780796 -1.45896 -0.519801 -1.69666
0 0 213 -1.23276 -0.516005 -1.93321 -2.4044
0 0 214 -1.96285 -3.81859 -1.93321 -0.0472521
0 0 215 -1.96285 -5.9391 -1.93321 1.13231
0 0 216 -0.294068 -4.29007 -0.989914 1.60414
0 0 217 1.33995 -1.93043 -1.93321 2.7837
0 0 218 5.12947 -0.987481 -3.81981 1.60414
0 0 219 12.187 -4.0532 -6.6497 1.13231
0 0 220 26.3369 -11.1276 -13.4894 0.660486
0 0 221 52.5159 -22.4453 -27.1626 -2.64031
0 0 222 95.6609 -34.9405 -37.0626 -4.76154
0 0 223 138.597 -28.5744 -29.759 -5.9411
0 0 224 179.378 -0.752871 -8.53629 -7.8284
0 0 225 258.124 20.9395 18.3431 -12.3068
0 0 226 426.01 22.8254 54.4188 -15.8435
0 0 227 729.694 10.3302 100.398 -10.1855
0 0 228 1186.42 8.20742 147.086 -2.16848
0 0 229 1727.31 37.2088 164.299 -7.12067
0 0 230 2167.77 92.8542 137.183 -36.8298
0 0 231 2273.14 112.898 99.691 -74.3181
0 0 232 1937.16 73.9907 101.814 -84.4564
0 0 233 1335.18 44.2832 122.327 -47.6758
0 0 234 782.052 44.0463 109.357 6.32041
0 0 235 437.101 42.8688 72.3384 38.6226
0 0 236 269.214 27.7771 42.3956 45.4621
0 0 237 197.769 11.2731 26.5962 34.85
0 0 238 166.41 4.90709 15.5132 18.346
0 0 239 151.565 6.32152 3.7235 7.26207
0 0 240 137.172 9.15038 -7.82959 1.36822
0 0 241 120.414 14.3366 -13.7229 -0.0472521
0 0 242 100.632 18.5821 -16.0827 -1.69666
0 0 243 80.8157 18.5821 -17.2595 -3.81987
0 0 244 60.7555 14.5735 -15.8461 -5.46928
0 0 245 40.7301 10.8017 -11.6028 -5.46928
0 0 246 24.2162 9.15038 -7.12289 -2.4044
0 0 247 14.5511 7.73595 -3.81981 -0.517095
0 0 248 8.67563 3.96414 -2.1698 0.188661
0 0 249 3.70405 0.898422 -1.69969 0.660486
0 0 250 0.157894 -1.45896 -0.283209 0.424573
0 0 251 -1.23276 -1.22435 1.1302 -0.283165
0 0 252 -0.989393 -1.22435 2.54668 -0.517095
0 0 253 -1.23276 -1.22435 1.60339 1.36822
0 0 254 0.401258 -2.40416 1.1302 2.07596
0 0 255 1.82668 -1.22435 0.893609 2.07596
0 0 256 0.157894 -0.987481 1.60339 1.84005
0 0 257 -1.96285 -2.1673 2.0735 0.660486
0 0 258 -2.41481 -5.23302 0.893609 -0.283165
0 0 259 -1.71949 -7.35353 0.660089 -0.0472521
0 0 260 -1.71949 -6.17597 -1.69969 0.188661
0 0 261 -1.23276 -2.40416 -2.4064 -0.0472521
0 0 262 -0.0507037 0.190081 -1.93321 -1.46075
0 0 263 0.401258 1.60451 -3.1131 -0.283165
0 0 264 2.3134 -1.22435 -2.1698 -0.0472521
0 0 265 3.46069 -3.58173 1.1302 -0.753008
0 0 266 3.46069 -1.22435 2.31009 -1.22483
0 0 267 2.522 1.84137 2.54668 -1.46075
0 0 268 1.58331 2.78433 2.31009 -0.753008
0 0 269 -0.780796 3.49267 1.83691 -0.283165
0 0 270 -2.17145 2.78433 -0.519801 0.660486
0 0 271 0.157894 2.07598 -1.22651 0.896398
0 0 272 0.644622 1.3699 -2.4064 0.896398
0 0 273 0.887986 -0.0445292 -3.58629 -1.22483
0 0 274 2.07004 -1.22435 -3.1131 -1.22483
0 0 275 2.3134 -0.752871 -0.519801 -1.22483
0 0 276 1.58331 0.190081 2.31009 -0.517095
0 0 277 0.887986 1.60451 4.43328 -0.283165
0 0 278 2.07004 3.72728 4.6668 -0.283165
0 0 279 2.522 5.1417 4.6668 -0.98892
0 0 280 3.00873 5.1417 3.7235 -0.98892
0 0 281 3.00873 3.2558 3.7235 -1.46075
0 0 282 3.70405 0.426947 3.96009 -1.46075
0 0 283 3.46069 -1.93043 1.60339 -0.283165
0 0 284 1.33995 -2.63877 0.186904 0.660486
0 0 285 -0.294068 -1.45896 0.660089 -0.517095
0 0 286 1.33995 1.3699 0.186904 -0.753008
0 0 287 3.46069 3.49267 -0.283209 -0.753008
0 0 288 2.3134 2.07598 -1.22651 -0.517095
0 0 289 0.887986 -0.0445292 -2.4064 -0.0472521
0 0 290 -1.47612 -2.40416 -4.9997 0.188661
0 0 291 -2.65817 -1.69582 -5.46981 -0.0472521
0 0 292 -2.41481 -1.22435 -3.1131 0.188661
0 0 293 -2.17145 -0.0445292 -0.0466162 1.36822
0 0 294 -1.96285 1.3699 0.660089 2.54779
0 0 295 -0.294068 2.54746 1.1302 3.01961
0 0 296 1.13135 3.01893 0.660089 3.01961
0 0 297 1.58331 1.60451 0.186904 1.60414
0 0 298 1.58331 0.661556 -0.283209 -0.517095
0 0 299 2.07004 0.661556 -0.283209 -1.93257
0 0 300 1.58331 2.31285 -0.283209 -1.69666
0 0 301 0.157894 1.60451 -1.69969 0.424573
0 0 302 -2.17145 1.13303 -1.22651 2.54779
0 0 303 -3.11014 2.07598 0.186904 1.36822
0 0 304 -3.3535 1.84137 -0.0466162 -0.0472521
0 0 305 -2.17145 0.898422 -1.22651 -0.517095
0 0 306 -0.780796 0.190081 -1.22651 -0.753008
0 0 307 -1.23276 0.190081 -0.519801 -0.283165
0 0 308 -0.989393 1.3699 -0.519801 0.424573
0 0 309 -2.17145 1.3699 -0.756394 1.13231
0 0 310 -4.08359 0.661556 -1.4631 3.01961
0 0 311 -4.29219 -0.281395 -4.0564 3.72537
0 0 312 -3.84023 -2.63877 -6.41311 3.72537
0 0 313 -3.3535 -3.34712 -6.17959 3.25552
0 0 314 -2.41481 -1.45896 -5.94299 4.66902
0 0 315 -2.17145 0.426947 -6.17959 5.14084
0 0 316 -1.71949 -0.0445292 -3.58629 4.43311
0 0 317 -2.41481 -1.22435 -2.1698 1.84005
0 0 318 -1.96285 -0.516005 -1.22651 0.188661
0 0 319 -1.96285 -0.281395 -0.283209 -0.0472521
0 0 320 -1.23276 -0.281395 -1.4631 -1.69666
0 0 321 -1.71949 -2.40416 -1.22651 -0.0472521
0 0 322 -3.3535 -2.1673 -1.69969 0.660486
0 0 323 -2.41481 -1.22435 -2.1698 0.424573
0 0 324 -0.780796 -1.93043 -1.22651 0.424573
0 0 325 2.76537 -0.752871 1.60339 -0.753008
0 0 326 7.49358 1.3699 5.6101 -0.98892
0 0 327 10.7964 2.31285 6.3168 -0.753008
0 0 328 11.7351 0.898422 6.08328 -0.753008
0 0 329 11.9784 0.190081 5.3735 -0.98892
0 0 330 9.12759 1.3699 4.6668 0.660486
0 0 331 6.55489 0.898422 2.31009 -0.283165
0 0 332 3.46069 -0.752871 1.83691 -0.517095
0 0 333 -1.47612 -1.22435 2.7802 -0.517095
0 0 334 -4.29219 -0.516005 2.0735 -0.0472521
0 0 335 -4.08359 -0.281395 1.1302 0.188661
0 0 336 -3.11014 -0.281395 1.60339 0.424573
0 0 337 -0.780796 0.661556 2.31009 1.13231
0 0 338 1.33995 3.01893 1.1302 -0.283165
0 0 339 3.25209 4.67023 1.60339 -0.98892
0 0 340 2.76537 3.49267 2.0735 -0.283165
0 0 341 3.25209 0.661556 2.31009 0.660486
0 0 342 4.43415 -0.281395 1.1302 1.13231
0 0 343 3.94742 1.13303 -0.989914 0.660486
0 0 344 2.3134 1.3699 -1.4631 -0.0472521
0 0 345 -0.0507037 0.661556 0.186904 0.660486
0 0 346 -1.71949 -1.93043 1.60339 0.896398
0 0 347 -0.989393 -3.58173 0.660089 0.896398
0 0 348 0.157894 -2.87564 -1.4631 -0.517095
0 0 349 0.401258 -3.81859 -1.93321 -1.69666
0 0 350 0.157894 -3.81859 -1.69969 -0.283165
0 0 351 0.157894 -2.40416 -0.283209 1.13231
0 0 352 0.887986 -2.40416 0.423496 0.188661
0 0 353 1.13135 -2.1673 0.660089 -0.98892
0 0 354 1.82668 -0.752871 -0.0466162 -0.98892
0 0 355 1.58331 -0.0445292 -0.756394 -0.98892
0 0 356 1.58331 -0.987481 -0.519801 -0.517095
0 0 357 4.19078 -0.0445292 -0.283209 0.660486
0 0 358 4.43415 0.898422 0.186904 1.13231
0 0 359 4.43415 2.07598 0.423496 1.13231
0 0 360 1.58331 3.49267 0.423496 0.896398
0 0 361 0.644622 4.19875 2.0735 1.36822
0 0 362 1.13135 3.2558 3.0168 -0.98892
0 0 363 0.401258 1.60451 1.83691 -0.753008
0 0 364 -2.65817 0.190081 0.893609 -1.46075
0 0 365 -4.29219 0.661556 -0.283209 -0.98892
0 0 366 -4.53555 0.661556 -0.519801 -1.46075
0 0 367 -3.59686 -0.281395 -1.4631 -1.69666
0 0 368 -1.71949 0.661556 -0.756394 -2.4044
0 0 369 1.82668 2.07598 -0.0466162 -2.4044
0 0 370 3.25209 3.2558 0.186904 -1.93257
0 0 371 1.58331 1.60451 2.31009 -0.0472521
0 0 372 2.522 1.13303 3.25339 -0.517095
0 0 373 4.19078 2.31285 0.660089 -2.64031
0 0 374 4.64274 2.07598 -0.283209 -2.4044
0 0 375 3.70405 3.2558 -0.283209 -2.4044
0 0 376 3.25209 1.13303 0.423496 -3.11213
0 0 377 0.644622 -0.281395 0.893609 -0.753008
0 0 378 -2.17145 0.661556 0.186904 0.660486
0 0 379 -0.989393 -0.0445292 -0.0466162 0.660486
0 0 380 0.401258 -1.69582 0.423496 0.188661
0 0 381 0.887986 -2.63877 0.660089 0.188661
0 0 382 -0.780796 -1.45896 2.0735 0.896398
0 0 383 -0.989393 -1.93043 3.0168 1.60414
0 0 384 0.401258 -2.40416 1.36679 0.424573
0 0 385 0.644622 -1.22435 -1.4631 0.188661
0 0 386 -0.780796 0.661556 -2.64299 0.188661
0 0 387 -1.23276 1.84137 -1.93321 -1.69666
0 0 388 -1.23276 1.84137 -0.989914 -3.11213
0 0 389 -0.537432 0.426947 -1.22651 -2.87622
0 0 390 -1.71949 -0.281395 -1.69969 -0.98892
0 0 391 -2.41481 -0.281395 -1.69969 2.07596
0 0 392 -1.96285 -0.0445292 -2.4064 1.13231
0 0 393 -0.294068 0.661556 0.186904 -0.0472521
0 0 394 0.887986 3.01893 2.7802 -0.753008
0 0 395 1.13135 4.19875 2.31009 -0.0472521
0 0 396 1.82668 1.60451 1.1302 1.60414
0 0 397 2.07004 -1.69582 -1.22651 2.07596
0 0 398 0.157894 -1.93043 -2.4064 0.896398
0 0 399 -1.23276 -2.1673 -1.93321 -0.0472521
0 0 400 -2.90154 -0.0445292 -2.4064 -0.517095
0 0 401 -3.84023 0.426947 -2.1698 -1.46075
0 0 402 -4.08359 1.13303 -0.989914 -0.517095
0 0 403 -3.59686 1.84137 0.186904 0.424573
0 0 404 -4.29219 0.661556 -0.756394 -0.0472521
0 0 405 -4.53555 0.190081 -2.4064 -1.46075
0 0 406 -3.59686 1.3699 -1.69969 -1.69666
0 0 407 -2.17145 0.426947 -0.989914 -1.22483
0 0 408 -0.294068 -0.0445292 -0.989914 -0.98892
0 0 409 0.401258 -0.987481 -0.756394 -2.4044
0 0 410 -0.780796 -2.40416 -0.283209 -2.87622
0 0 411 -1.23276 -3.34712 -0.0466162 0.424573
0 0 412 0.157894 -3.81859 0.660089 2.54779
0 0 413 -0.294068 -3.11025 0.893609 2.07596
0 0 414 -2.17145 -3.11025 -0.0466162 2.07596
0 0 415 -0.537432 -2.40416 -0.756394 2.54779
0 0 416 0.401258 -1.69582 -0.519801 2.31187
0 0 417 -0.294068 0.661556 -2.1698 0.896398
0 0 418 0.644622 1.3699 -2.4064 -0.0472521
0 0 419 3.25209 -0.0445292 -0.756394 -0.283165
0 0 420 4.43415 -0.752871 -1.22651 0.188661
0 0 421 2.76537 -1.45896 0.186904 1.36822
0 0 422 -0.537432 -2.1673 -0.0466162 0.660486
0 0 423 -4.77892 -0.281395 -1.4631 -0.98892
0 0 424 -4.77892 -1.45896 -1.69969 -1.46075
0 0 425 -3.3535 -1.93043 -1.93321 -1.46075
0 0 426 -1.96285 -0.281395 -4.0564 0.660486
0 0 427 -1.47612 0.898422 -4.9997 2.54779
0 0 428 -1.71949 0.190081 -4.29299 2.07596
0 0 429 -0.780796 -1.69582 -1.4631 1.13231
0 0 430 -0.537432 -2.63877 -1.22651 0.896398
0 0 431 -2.90154 -1.22435 -0.0466162 0.188661
0 0 432 -3.59686 -0.0445292 2.0735 -0.283165
0 0 433 -4.08359 1.13303 2.0735 1.13231
0 0 434 -4.08359 1.3699 -0.0466162 -0.0472521
0 0 435 -2.17145 1.13303 -1.22651 -1.22483
0 0 436 -0.780796 1.60451 -0.283209 -2.64031
0 0 437 -0.0507037 0.190081 1.60339 -3.34805
0 0 438 -0.989393 -0.987481 3.48998 -2.87622
0 0 439 -1.23276 -1.22435 2.31009 -1.69666
0 0 440 -0.0507037 -0.281395 0.660089 -1.93257
0 0 441 0.401258 -1.22435 1.60339 -1.22483
0 0 442 -1.71949 -1.22435 3.48998 -0.283165
0 0 443 -2.65817 -1.45896 2.54668 -0.517095
0 0 444 -3.84023 -1.22435 0.186904 -1.69666
0 0 445 -3.3535 1.3699 -0.283209 -0.753008
0 0 446 -3.3535 2.31285 0.186904 1.36822
0 0 447 -1.47612 0.898422 1.1302 1.36822
0 0 448 0.401258 -0.987481 2.31009 1.13231
0 0 449 1.82668 -1.22435 1.60339 1.13231
0 0 450 2.522 -0.987481 0.893609 1.36822
0 0 451 3.00873 -1.93043 0.423496 0.188661
0 0 452 3.00873 -1.69582 -0.0466162 -1.22483
0 0 453 2.07004 -0.281395 0.660089 -1.46075
0 0 454 0.644622 0.426947 2.0735 -1.46075
0 0 455 -1.47612 -0.281395 2.54668 -0.98892
0 0 456 -3.84023 -0.0445292 0.893609 0.424573
0 0 457 -3.11014 -0.0445292 -1.93321 1.36822
0 0 458 0.157894 -0.987481 -2.64299 -0.0472521
0 0 459 1.82668 -0.752871 -1.4631 -1.46075
0 0 460 1.13135 -0.987481 -0.989914 -0.98892
0 0 461 -0.537432 -1.22435 -0.283209 0.188661
0 0 462 -2.17145 -0.987481 1.1302 0.188661
0 0 463 -1.47612 0.190081 1.83691 -0.0472521
0 0 464 -0.537432 -0.752871 0.893609 -0.283165
