0 0 0 -1.94962 0.602372 -3.16434 1.37452
0 0 1 0.037499 1.50285 -2.34949 0.431026
0 0 2 -0.0624691 5.64858 0.809704 -1.17712
0 0 3 1.09532 -2.71421 -7.10256 1.03845
0 0 4 2.03176 3.7331 -4.05781 -0.29085
0 0 5 0.945372 4.51906 0.216479 0.824115
0 0 6 -0.255265 5.17675 2.58238 3.41862
0 0 7 -2.44232 0.824053 4.19052 -0.29085
0 0 8 1.60945 -2.18512 0.638172 2.19649
0 0 9 -1.21312 7.42811 -0.912883 -1.17004
0 0 10 -4.74465 7.0065 4.56213 -0.383865
0 0 11 -3.1574 -0.455492 -0.72708 0.0949594
0 0 12 0.888248 -2.44966 0.581085 -2.69973
0 0 13 1.51662 -4.52956 1.56019 0.902773
0 0 14 -0.627595 -1.57765 2.57511 2.18213
0 0 15 3.97604 -7.24572 -0.32666 -3.60015
0 0 16 1.4952 -0.0981791 -8.2532 1.83899
0 0 17 0.745436 -3.28585 5.21271 -4.46519
0 0 18 -1.87822 2.58215 5.14835 -1.22727
0 0 19 1.58802 -0.919967 4.50504 0.416669
0 0 20 -0.262405 -2.24941 -1.59174 4.45513
0 0 21 2.54588 0.273529 4.01199 -0.741163
0 0 22 0.731155 1.74597 8.22165 -2.42089
0 0 23 5.06242 -1.87771 8.7936 -0.0835886
0 0 24 0.308841 1.20984 0.823976 -1.13425
0 0 25 2.06032 -4.72246 3.84019 -0.984214
0 0 26 -4.8946 3.12532 9.39383 -0.741163
0 0 27 -1.04175 1.33843 -2.31368 -0.312284
0 0 28 -1.94248 -2.54979 0.945691 0.44518
0 0 29 -2.6647 0.831091 0.995507 -2.42089
0 0 30 -2.76467 2.63237 -1.59174 3.03261
0 0 31 -7.75287 2.85373 -4.42942 1.71746
0 0 32 -4.48657 0.55215 -5.22272 -3.06411
0 0 33 2.42449 -0.863027 2.96826 0.316577
0 0 34 -0.398076 -6.02343 0.14512 1.0243
0 0 35 -1.89964 3.87577 1.46029 -0.362431
0 0 36 1.0382 1.58154 1.64609 -2.41381
0 0 37 -3.03601 -4.17225 -0.0194107 1.1529
0 0 38 -3.49301 -4.41537 0.545271 -1.72045
0 0 39 -0.527627 -0.398232 1.61755 1.64608
0 0 40 4.29022 -8.23193 -3.5144 -2.67102
0 0 41 -0.355233 -2.8428 -1.5632 -4.62959
0 0 42 3.68225 -3.24298 0.381009 -0.0621547
0 0 43 3.75468 -1.92793 -3.61457 0.16654
0 0 44 4.09743 -0.469887 -0.455376 -2.78547
0 0 45 3.46804 -6.43801 -0.233758 0.859905
0 0 46 -0.19814 3.02551 -5.70877 -0.984214
0 0 47 -0.82039 0.638199 4.89819 -0.848332
0 0 48 1.48806 2.11767 1.54592 0.888416
0 0 49 2.13887 -0.441097 5.3557 -1.313
0 0 50 -1.17028 -0.541222 -1.1345 -0.32664
0 0 51 -0.556189 -0.0623518 1.73899 -1.25578
0 0 52 1.25956 -6.71663 -1.35585 -0.15517
0 0 53 -0.94178 -0.662778 -1.97062 1.26007
0 0 54 -0.419498 -1.78494 -2.78546 1.63173
0 0 55 -2.98603 1.03134 -2.78546 0.45246
0 0 56 -5.34446 4.70492 2.42512 -1.64179
0 0 57 -4.25093 3.25423 2.58938 -0.333717
0 0 58 -2.21382 4.59775 -0.941427 -1.42745
0 0 59 0.344544 -2.82841 4.64076 -1.37023
0 0 60 4.59727 2.49642 -0.0837687 -2.46376
0 0 61 -0.663298 7.79278 3.19714 -0.834177
0 0 62 -0.513345 3.33996 2.03197 2.65388
0 0 63 2.81824 -0.612876 5.06972 -0.548258
0 0 64 -3.04315 0.194837 0.659715 -1.67758
0 0 65 -1.67114 1.0742 1.76753 -3.17148
0 0 66 -2.27095 -0.85567 -3.92182 1.82483
0 0 67 -0.499064 2.39629 4.5764 2.76833
0 0 68 4.24024 -1.40619 -3.44304 -0.769876
0 0 69 -3.37876 -2.32811 2.95398 -0.376787
0 0 70 0.831123 -2.9071 6.12045 0.974151
0 0 71 1.02392 2.67524 2.96126 -1.41309
0 0 72 0.444512 1.30996 2.51075 2.76105
0 0 73 1.08818 -1.92089 3.06843 0.959997
0 0 74 -2.87892 5.15531 6.21336 -4.04339
0 0 75 5.90603 -1.15604 -0.991513 -7.89582
0 0 76 5.56226 -4.92271 2.03924 -1.04852
0 0 77 1.18815 -3.15021 5.69876 0.781247
0 0 78 2.29596 -1.44906 -0.891341 -2.77111
0 0 79 0.802561 4.94803 0.337925 -1.93479
0 0 80 2.31024 0.723929 0.788431 -3.5217
0 0 81 2.28168 -2.3569 -6.33054 -1.41309
0 0 82 -3.77965 2.06745 -4.26489 2.65388
0 0 83 -2.68612 0.216269 -2.11361 1.71746
0 0 84 3.34665 -5.78032 -5.66595 2.9398
0 0 85 3.24668 0.0662425 -1.46329 5.00533
0 0 86 -4.62326 -3.56479 3.10424 3.18285
0 0 87 -3.17168 -2.19248 0.152121 -0.262339
0 0 88 -0.677579 -6.17346 -4.03627 -0.398221
0 0 89 -1.39164 -1.33454 0.645443 -1.52026
0 0 90 0.387387 -3.05009 -2.39231 2.92544
0 0 91 -1.8925 -2.90006 -1.34885 2.55379
0 0 92 -1.1917 0.423556 6.10618 1.67459
0 0 93 0.565902 -1.98519 5.57705 1.86042
0 0 94 -0.44194 -1.47049 -2.57111 4.16193
0 0 95 -0.734703 6.32034 4.24061 -1.47739
0 0 96 1.19529 7.80717 0.323653 0.266632
0 0 97 7.01384 7.71409 -1.26295 2.8397
0 0 98 17.7063 0.487853 -0.0764982 2.57522
0 0 99 36.1831 3.92599 0.00213175 -3.30716
0 0 100 55.6667 0.509285 -3.17861 -1.45596
0 0 101 59.0972 -4.46527 0.480912 0.0593711
0 0 102 45.3241 -9.10394 0.988506 -1.12717
0 0 103 36.3902 -12.3703 -3.63612 -1.92063
0 0 104 28.4346 -4.83698 -0.791169 -0.598203
0 0 105 21.0084 -10.848 -0.00513882 -1.09866
0 0 106 11.6807 -0.00509212 -2.12061 -0.512468
0 0 107 7.44228 3.38282 -1.94907 3.05404
0 0 108 8.48582 0.995512 1.76753 0.63121
0 0 109 2.59587 2.11767 0.595357 0.709666
0 0 110 0.702593 5.47712 -0.998515 2.95415
0 0 111 1.5666 5.35556 -1.18432 2.68239
0 0 112 3.39663 8.59345 -2.34949 -2.73532
0 0 113 1.74614 -0.169514 4.89819 0.173618
0 0 114 2.53874 -4.27941 8.32909 -7.01683
0 0 115 -1.00605 -1.55622 3.53294 -3.24993
0 0 116 -0.541908 -2.77115 2.08906 1.67459
0 0 117 -2.30665 1.04541 -2.51376 -0.841255
0 0 118 0.558761 1.93886 -0.88434 2.19649
0 0 119 -1.82109 -0.526827 5.73431 -2.23506
0 0 120 1.93893 2.16054 -1.80636 -1.75624
0 0 121 -1.64972 0.795264 5.44133 0.473894
0 0 122 -1.6997 -3.66459 -0.812711 -0.0835886
0 0 123 2.42449 -4.12235 -0.998515 -2.91407
0 0 124 7.2352 -1.8921 1.23867 0.237919
0 0 125 1.4952 -1.48489 2.18196 -2.30644
0 0 126 3.83323 2.16054 -1.2274 -1.35587
0 0 127 6.48442 -2.98579 3.21142 -3.9433
0 0 128 3.19669 1.37426 -0.991513 -1.72752
0 0 129 0.3017 -3.4717 -0.977241 0.616853
0 0 130 1.90323 3.04694 -4.60822 -0.4696
0 0 131 -1.9639 -4.57243 -4.97983 -0.140813
0 0 132 -0.248124 3.71871 -0.469648 2.18921
0 0 133 -2.11385 0.502248 4.08335 4.9196
0 0 134 1.23814 0.116145 0.602358 0.509684
0 0 135 -2.21382 -0.0124495 0.70253 -0.905556
0 0 136 0.0660613 3.66145 0.552541 0.080805
0 0 137 -3.53585 1.22423 2.1965 0.938563
0 0 138 -3.4573 -1.68482 -1.20586 -1.47032
0 0 139 1.38095 -3.96497 -2.25659 0.7311
0 0 140 2.76112 -1.76351 -5.54451 1.20285
0 0 141 2.92535 -2.68542 -1.15577 -0.862689
0 0 142 3.71082 -0.398232 0.659715 -1.29157
0 0 143 1.87467 -0.448455 -5.9732 -1.14861
0 0 144 -1.16314 0.259134 4.01199 1.74617
0 0 145 -3.87248 -3.68634 -1.17005 -0.305206
0 0 146 0.67403 2.58215 -2.22078 -2.97129
0 0 147 3.84751 -2.79994 1.83889 1.04573
0 0 148 3.4966 2.23187 -6.20209 0.259353
0 0 149 4.02602 1.06685 -3.39296 2.19649
0 0 150 -0.262405 -3.38597 1.44601 1.11003
0 0 151 -0.32667 2.41069 -1.5632 0.0520917
0 0 152 4.71866 -2.22798 -0.862797 1.98195
0 0 153 2.02462 1.29557 -5.60887 3.41862
0 0 154 0.315981 4.19758 0.109305 1.30294
0 0 155 1.17387 -1.72768 -0.584092 0.209408
0 0 156 2.8111 -6.55221 -3.77884 -2.72824
0 0 157 0.631187 -6.581 -0.269572 0.974151
0 0 158 2.21027 -4.23655 -3.15007 3.38283
0 0 159 -0.0624691 3.99029 -6.90949 -0.698295
0 0 160 -3.1217 6.5561 -3.90755 5.35555
0 0 161 -2.50659 1.02398 1.76753 2.7111
0 0 162 -2.52801 2.332 6.87094 -2.28501
0 0 163 -0.641876 0.788226 2.65374 -1.82054
0 0 164 -1.16314 -0.469887 0.345195 0.516761
0 0 165 2.27454 -2.67134 0.0664898 0.230842
0 0 166 4.7615 1.30292 -2.97853 -1.40602
0 0 167 2.0389 0.49521 -1.51311 -2.64958
0 0 168 3.94747 2.53928 -6.65933 -1.59892
0 0 169 -2.00675 0.838128 -1.28449 -2.24942
0 0 170 -1.52833 -0.927325 2.91117 -0.233828
0 0 171 -0.920358 -5.16582 0.430826 -2.34951
0 0 172 1.05962 -2.0207 -0.498191 -2.47083
0 0 173 -1.11315 0.652274 -3.06417 0.180897
0 0 174 0.373106 1.2671 5.67022 0.0878822
0 0 175 3.12529 -0.119611 1.18131 1.60321
0 0 176 0.959653 3.74717 0.0164036 -1.76331
0 0 177 -2.7004 3.80443 5.40551 -2.06359
0 0 178 2.54588 -1.49192 1.91052 -1.02708
0 0 179 7.62793 -3.90067 -1.27022 5.09835
0 0 180 -0.948921 -2.07796 -4.78675 0.330934
0 0 181 -0.634735 -1.96376 -3.89328 1.23864
0 0 182 -1.75683 1.10971 0.209478 2.72526
0 0 183 -3.6297 3.2971 2.18923 1.17434
0 0 184 -4.08669 4.2833 3.0897 4.24059
0 0 185 -2.81465 0.252097 -6.31627 0.0165034
0 0 186 -1.99246 5.14828 -1.6561 -2.32787
0 0 187 0.473074 2.01051 -1.69191 -2.8069
0 0 188 2.69685 -3.14286 -2.26359 0.938563
0 0 189 2.5316 -3.44323 -0.40529 1.17434
0 0 190 -0.784687 3.66848 2.31794 2.57522
0 0 191 2.0389 -0.8272 3.18287 1.28878
0 0 192 1.46663 -3.63612 4.11916 -1.25578
0 0 193 1.04534 0.516643 5.16989 0.109316
0 0 194 -2.58615 1.753 0.995507 2.33945
0 0 195 -6.02383 5.14828 -1.5632 -1.58456
0 0 196 -2.04959 0.502248 1.56019 -0.826898
0 0 197 -2.70754 -2.18512 -0.133586 -4.4937
0 0 198 -1.29881 -0.141044 -5.55151 -2.8712
0 0 199 1.22385 2.95386 -3.68593 1.84627
0 0 200 -4.65182 0.259134 1.33857 5.30561
0 0 201 -0.556189 -3.25034 -5.39425 0.0664483
0 0 202 4.69724 0.259134 -0.0406838 -0.64835
0 0 203 -0.0196256 1.2527 -3.49313 2.46097
0 0 204 0.731155 -1.06296 -3.57176 4.90544
