0 0 0 -0.00255026 0.000539985 0.00222988 0.000439971
0 0 1 -0.00122006 0.000949904 -0.00093009 -0.00210013
0 0 2 0.000259813 -0.00150013 -0.00143008 -0.000230119
0 0 3 0.000999885 0.000579995 0.000249845 0.00390988
0 0 4 0.000609765 0.000929899 -0.00470015 0.000479927
0 0 5 0.00312986 0.000859883 0.00220995 -0.00257003
0 0 6 0.00224975 0.00264994 0.000959969 0.00318985
0 0 7 -0.00380013 0.00141984 -0.00202005 0.00101995
0 0 8 0.00382977 0.000309933 -0.000510013 0.0025799
0 0 9 0.000799873 -0.00111004 0.00242995 0.000459949
0 0 10 0.00182992 -0.00534013 -0.00129018 0.00131983
0 0 11 0.00107994 9.86453e-06 0.000539893 0.000269951
0 0 12 0.00223985 -0.00251001 0.00318981 0.00132982
0 0 13 0.00214989 -0.00283008 -0.00150013 -0.00201003
0 0 14 0.000499717 -0.000360044 -0.00014005 -0.00551011
0 0 15 0.00483973 -0.000660113 0.00316988 0.00290995
0 0 16 -0.000850021 -0.00176001 0.000299958 0.00554994
0 0 17 0.00104996 0.000689844 0.00134986 0.00154
0 0 18 0.00144998 -4.01469e-05 -0.000710086 0.000769817
0 0 19 -0.00375006 0.000749858 0.00215983 0.00263983
0 0 20 0.00364984 0.000179903 -0.00122014 -4.01213e-05
0 0 21 2.98126e-05 -0.00235015 1.997e-05 0.00171981
0 0 22 0.00457974 -0.00203007 0.00162985 -0.000150002
0 0 23 0.00344983 -0.0029301 0.00266989 0.00223986
0 0 24 0.00108985 -0.00198006 0.00231985 0.00193998
0 0 25 0.00399979 -0.00183003 0.000919917 -0.000620105
0 0 26 -0.00162008 -0.00144012 0.00281985 -0.00273006
0 0 27 -0.00103022 0.00396989 0.00355996 0.00320983
0 0 28 -0.00311013 -0.00401018 0.000239974 -0.000490042
0 0 29 0.00274992 0.000169901 -0.00108005 -0.0028801
0 0 30 0.000569873 0.00282998 -0.00286001 -0.00117012
0 0 31 -0.00101014 -0.00236015 -0.00211002 0.00141993
0 0 32 0.00253973 -0.00412002 -0.00173019 -0.00199005
0 0 33 0.00122989 -0.000320035 0.00454989 0.00160993
0 0 34 1.99083e-05 0.00242989 -0.000960082 0.00270996
0 0 35 -0.00352006 0.00276997 6.98932e-05 -0.00353001
0 0 36 0.00279972 -0.000440063 -0.000600179 0.0014499
0 0 37 0.00553991 -0.00113004 0.000289897 0.00288997
0 0 38 0.000309885 0.00192995 -0.0030001 -0.00320017
0 0 39 -0.000270068 -0.000880163 -0.00135017 -7.00888e-05
0 0 40 -2.02592e-05 0.000899892 -0.00161003 -0.00259001
0 0 41 0.000279897 0.00011989 -0.00426014 -0.000700018
0 0 42 0.00163981 -0.00100001 0.000139938 -0.000920188
0 0 43 -0.00124014 0.00136982 0.00187985 -0.00437012
0 0 44 0.00444989 -0.00350006 -0.000370114 0.00267999
0 0 45 -0.000950164 0.000739856 -0.00218007 0.000209812
0 0 46 -7.00559e-05 -0.00235015 -0.00186003 -0.00255005
0 0 47 0.000609765 0.00366982 0.000349881 -0.000770146
0 0 48 0.000109872 -0.000500076 -0.000390046 0.00624001
0 0 49 0.00429995 0.00109994 -0.000310131 -0.00308009
0 0 50 -0.000810128 -0.0013901 0.00277998 0.00323001
0 0 51 0.00117981 -0.00193005 0.000909856 -0.00136012
0 0 52 0.000859849 -0.000960006 -0.00308002 0.000749839
0 0 53 0.00305998 -0.000520081 -0.000120119 0.00268998
0 0 54 -0.00337012 0.0024799 0.00278985 -0.00635002
0 0 55 0.00309987 0.00102992 -0.00285014 0.000559841
0 0 56 0.00422979 0.000879887 0.000269966 0.00156997
0 0 57 -0.00198021 -0.00100001 -0.00093009 0.00148985
0 0 58 -0.00228009 -1.014e-05 -0.00117002 -0.00176009
0 0 59 -0.000180104 0.00429997 6.98932e-05 -0.00305012
0 0 60 -0.00094026 -0.00231014 0.00172989 0.00282983
0 0 61 0.00292985 -0.00302012 0.00295993 0.00239989
0 0 62 -0.000580128 0.00121997 0.000199921 0.000339875
0 0 63 -0.00126022 0.00206998 0.00125989 -0.00197007
0 0 64 0.000399849 0.000309933 -0.000520074 -0.00432018
0 0 65 -0.00292002 -0.00157014 3.99013e-05 0.00204986
0 0 66 0.000669741 -0.00382013 0.00128988 -0.000190163
0 0 67 0.0018899 -0.00251001 -0.000160171 0.000379832
0 0 68 -0.00122006 -0.00392015 -0.00140009 0.00103993
0 0 69 0.00229983 -0.00158015 -0.000970142 0.00216993
0 0 70 0.00550992 -0.00401018 -0.000570187 -0.00039015
0 0 71 -0.000250259 -0.000750133 0.00096984 -0.00397015
0 0 72 0.00387984 0.0017099 -0.00119015 0.000709882
0 0 73 0.00277991 -0.00169017 -0.00077007 0.00155998
0 0 74 0.000489813 -0.00297011 -0.000100187 0.00119996
0 0 75 -0.00378005 -0.00189004 0.00361995 -0.00309008
0 0 76 -0.000730068 2.98691e-05 -0.00348016 0.000689904
0 0 77 -0.000330044 0.000389951 0.00120996 0.000849935
0 0 78 -0.00206027 0.000139894 0.000949909 -0.00380013
0 0 79 -0.000740248 0.00196996 -0.00093009 -0.000250098
0 0 80 0.00169979 0.00293983 -0.000850175 -0.00278001
0 0 81 -0.00397015 0.00104993 -0.000160171 -0.000990112
0 0 82 -0.00199012 0.00117996 0.00100989 -0.000780136
0 0 83 -0.000120128 0.00112994 -6.01349e-05 -0.000719997
0 0 84 0.000199837 6.98782e-05 -0.00119015 -0.00132016
0 0 85 0.00459983 0.00306986 -0.00177005 0.00267999
0 0 86 -0.000450272 -0.000240017 -0.000850175 -0.00308009
0 0 87 -0.00108002 -0.00253001 0.00342993 -0.00222
0 0 88 5.98006e-05 0.000469969 0.00261996 0.00225984
0 0 89 -0.000980152 -0.00109004 -0.00208003 -0.000800114
0 0 90 -0.00111001 0.00102992 0.00349998 0.0025799
0 0 91 -0.00071026 0.00042996 -0.000230026 0.00079
0 0 92 0.00378988 -0.00142011 -0.00107018 -0.00314003
0 0 93 0.000939909 -0.00122007 -0.00103013 -0.00403008
0 0 94 -0.00488025 -0.000600099 -0.00282015 -0.000960145
0 0 95 -0.00137027 -0.00196006 -0.0025301 0.00301983
0 0 96 -0.000440092 -0.00151013 0.0035499 -0.00162004
0 0 97 -0.000600212 0.00268995 0.0014499 0.000809978
0 0 98 0.00100979 0.000159899 0.00195995 0.00127988
0 0 99 0.000929729 -0.00276007 -0.000850175 -0.00182003
0 0 100 -0.00254008 0.00125997 0.00170996 -0.00193011
0 0 101 0.0018998 0.00104993 -0.00402001 -0.000950155
0 0 102 0.00153995 0.000569992 0.00160992 -0.0012902
0 0 103 -0.000490164 -0.00265004 -0.00204017 -0.00170016
0 0 104 0.0023598 -0.00238015 0.00160992 -0.0011901
0 0 105 -0.00062002 -0.0036701 0.00337982 -0.000660062
0 0 106 -0.00288013 -0.00176001 0.0026099 0.00107989
0 0 107 0.00181974 0.00203998 0.000599877 -0.00193011
0 0 108 0.00643983 -4.01469e-05 -0.00257015 -0.00518006
0 0 109 0.00124997 -0.00124007 -0.00187009 -0.00275004
0 0 110 0.00262997 0.00250991 0.0028599 0.00353988
0 0 111 -0.00545002 0.00142984 -0.00305002 0.00546983
0 0 112 -0.00296019 0.00139983 -0.00234009 -0.00034
0 0 113 -0.000820032 -0.00284008 -0.00395016 0.00354987
0 0 114 0.00398989 -0.000820149 -0.00185016 -0.000710008
0 0 115 0.000759981 -0.00307014 -0.00116015 0.000489917
0 0 116 -0.00348017 -0.00161015 -0.00378008 -0.000410128
0 0 117 0.000499717 -0.000610101 0.00081988 0.00222987
0 0 118 0.0021298 -0.000680117 -1.51136e-07 0.000189834
0 0 119 0.00474977 -1.37751e-07 -5.00744e-05 -0.00226016
0 0 120 -0.00070008 0.00121997 0.000629868 -0.000440096
0 0 121 0.000139861 0.00109994 0.000599877 0.00217992
0 0 122 -0.00269002 -0.0029301 0.00330997 -0.00103007
0 0 123 9.72884e-06 -0.00142011 -0.0022801 0.00145989
0 0 124 -0.00159009 -0.000810147 -0.000100187 -0.00292006
0 0 125 0.000799873 0.00102992 0.00233998 -0.00196008
0 0 126 0.00389992 -0.00164016 0.00205999 -0.000900006
0 0 127 -0.00195022 0.000479972 0.00469984 -0.00265015
0 0 128 0.00344983 0.00217983 -0.00182017 0.00367993
0 0 129 -0.00234007 0.00180992 0.000549953 -0.00225018
0 0 130 -0.00319019 -0.00350006 0.000359941 3.9996e-05
0 0 131 -0.00142007 0.000549988 0.00108981 0.000669926
0 0 132 0.000659837 -0.00187004 0.00399997 -0.000210141
0 0 133 -0.00349007 -0.00379013 -0.00386018 -0.00219004
0 0 134 -0.00125004 -0.000630106 0.00096984 -2.01429e-05
0 0 135 -0.00471023 0.00185994 0.000169929 -0.00034
0 0 136 0.000629849 0.000279926 -0.00141015 0.00388991
0 0 137 0.000689825 -0.00043006 -0.000800062 -0.00192012
0 0 138 -0.00119007 0.00105993 0.000559824 0.00171981
0 0 139 -0.00277008 0.00130999 -0.00209009 -0.00103007
0 0 140 -0.0017802 0.00238988 -0.000430098 0.000249973
0 0 141 0.00312986 0.00151986 -0.00062011 0.00044996
0 0 142 -6.01516e-05 -0.00274006 0.000889925 -0.00202002
0 0 143 -0.00152021 0.00104993 -0.00218007 -0.00114015
0 0 144 -0.00222012 -0.00192005 0.000639929 -0.000900006
0 0 145 0.00148987 -0.000530083 -0.000340123 -0.000170184
0 0 146 -0.00319019 0.00252991 -0.000380175 9.82462e-06
0 0 147 -0.00308014 0.000349942 -0.000210094 0.00308996
0 0 148 0.00225993 0.00153986 0.00096984 -1.64556e-07
0 0 149 0.00107994 -0.000660113 9.90944e-06 -0.00085006
0 0 150 -0.00140026 0.00113995 7.99538e-05 0.00142992
0 0 151 0.00128986 0.00196996 -0.00303009 -0.00039015
0 0 152 0.000949813 -0.00240016 0.00136998 -0.00220003
0 0 153 0.000679921 -0.00404001 -0.000250147 0.00192
0 0 154 0.00159992 -0.00101002 0.00377997 0.00124991
0 0 155 -0.00157001 -0.00442009 -0.000150111 0.00122993
0 0 156 -0.00121015 -0.00164016 0.000539893 0.000159866
0 0 157 0.000849945 0.00155987 0.00185992 -0.00200004
0 0 158 -0.000340224 -0.00260003 0.00284984 0.00251996
0 0 159 -0.00337012 -0.00188004 0.000529832 0.00365995
0 0 160 0.00352989 0.00490993 -0.00281009 0.000939837
0 0 161 0.00170997 -0.00034004 -0.000790191 0.000289929
0 0 162 -0.00279017 0.00458986 0.000399994 0.00227981
0 0 163 -0.000890188 -0.00166017 -0.000400106 0.000459949
0 0 164 0.000339873 0.000549988 -0.00249005 0.00316987
0 0 165 -0.00123024 -0.00426006 -0.00272011 0.00010992
0 0 166 0.0014398 -0.00442009 -0.00197013 0.00468986
0 0 167 -0.000970248 -0.00219011 -0.00415004 0.00184987
0 0 168 0.00310978 0.00113995 0.000119816 0.00165987
0 0 169 -0.00291012 -0.00143011 -0.00144014 -0.00156011
0 0 170 0.00256972 -0.00233014 -0.00580017 0.000229994
0 0 171 -0.00093008 -0.00119006 0.00269988 0.00184987
0 0 172 -0.00239014 -5.01492e-05 -0.00126019 -0.00615003
0 0 173 0.00502984 0.00418994 -0.00172013 0.000129899
0 0 174 0.00274992 0.000129892 0.00209985 9.99311e-05
0 0 175 0.00455994 0.00111994 -3.0143e-05 0.00184987
0 0 176 0.00223985 -0.00107003 -0.00181011 0.00120995
0 0 177 0.00136992 0.000329938 0.000779828 -0.00227015
0 0 178 0.00180984 0.00142984 -0.00142002 0.000489917
0 0 179 -0.00116008 -0.000270024 0.00185992 -0.000690029
0 0 180 6.99801e-05 -0.00268005 0.000189861 -0.00217006
0 0 181 0.000739897 -0.00335002 0.00440999 -0.00132016
0 0 182 -0.00258025 0.000519981 -9.01268e-05 0.00251996
0 0 183 -0.00272001 0.00113995 -0.000970142 0.000339875
0 0 184 0.000109872 0.00174991 -0.000180103 -0.000200152
0 0 185 -0.000850021 0.00160988 -0.00166015 -0.00308009
0 0 186 0.00243986 0.000649835 0.00124983 0.00118997
0 0 187 0.0023499 0.00066984 -0.00132017 0.00201989
0 0 188 -0.00124014 -0.00243017 0.00254992 -0.000180174
0 0 189 -0.0001702 -0.00273006 0.00235991 0.00211999
0 0 190 -4.00678e-05 0.00386987 -0.00029001 0.00284981
0 0 191 0.00219996 -0.00142011 -0.000950021 -0.00225018
0 0 192 0.00214989 -0.000930174 -0.00130005 -0.00382011
0 0 193 0.00210972 -0.000990013 0.00111999 0.00424992
0 0 194 -0.00148004 0.000809872 0.00224981 0.00281984
0 0 195 -0.00039002 0.000589821 0.00129994 -0.00169017
0 0 196 -0.00315002 0.00202997 -0.00312007 0.00482991
0 0 197 -0.00448023 0.00112994 -0.00101 -0.00208016
0 0 198 -0.00140026 0.000179903 -0.00077007 0.00203987
0 0 199 -0.00359021 0.00362999 -0.000800062 -0.000960145
0 0 200 0.000319789 0.0040099 -0.00102007 1.98138e-05
0 0 201 -0.00350025 0.00127998 -0.00135017 -0.00393019
0 0 202 0.00102987 -0.000240017 0.00394986 0.000129899
0 0 203 -0.00175021 0.00138983 -0.00371003 0.00135
0 0 204 0.00651989 -0.00128008 -0.00220019 -0.0022302
0 0 205 0.00352989 0.000549988 -0.00225011 -0.00188017
0 0 206 -0.000460176 0.00262994 -0.00499 -0.000200152
0 0 207 -0.00226001 -0.00395016 0.00102982 0.00225984
0 0 208 -0.00396025 0.000699846 0.00229992 -0.00159007
0 0 209 0.00199995 0.00112994 -0.00182017 -0.00172014
0 0 210 0.00251992 -0.00418004 -0.00220019 -0.00237005
0 0 211 -0.00141016 -0.000220012 8.98245e-05 0.00188983
0 0 212 0.00101997 -0.000390051 0.00295993 -0.000400139
0 0 213 -0.00281025 -0.00287009 0.00212984 0.00136998
0 0 214 -0.0001702 0.00123997 -0.00136004 0.00089988
0 0 215 -0.00146024 0.000539985 -0.00174006 0.00136998
0 0 216 0.00214989 -0.000660113 0.000609937 0.000579819
0 0 217 0.00173996 -0.00108003 0.00102982 0.00305999
0 0 218 0.00126978 -0.00225012 -0.000310131 -0.00128
0 0 219 0.000589957 0.00480991 -0.00242 0.000429982
0 0 220 0.0030498 -0.00306013 0.000719844 -0.00137011
0 0 221 -0.00193014 0.00373984 0.00358995 -0.00176009
0 0 222 0.000329968 0.0024599 0.0023899 -0.00146001
0 0 223 0.00195978 0.000369947 -4.00138e-05 -0.00272007
0 0 224 0.00184973 -0.000350042 0.000839812 -0.000630094
0 0 225 0.000339873 0.00249991 0.000999832 -0.000430107
0 0 226 0.00241978 -1.014e-05 -0.00077007 -0.00340015
0 0 227 -0.000920176 4.98737e-05 0.00160992 -0.00296002
0 0 228 -0.00174003 -0.000150172 0.0028599 -0.00203001
0 0 229 -0.00113009 -0.000370047 0.00233998 -0.000520009
0 0 230 -0.00164016 -2.01423e-05 -0.00167002 -0.00164002
0 0 231 -0.0006302 -0.000280026 -0.00200012 0.00386993
0 0 232 0.000929729 0.00328991 0.00234985 -0.000770146
0 0 233 -0.00241023 0.00176992 0.000929977 0.00056983
0 0 234 0.00241978 0.000289928 0.00243982 -0.000250098
0 0 235 -0.000280247 -0.00220011 -0.00375009 -0.00365009
0 0 236 0.00453985 -0.000320035 0.000119816 -0.00210013
0 0 237 0.000349777 0.000509979 0.000399994 -0.00039015
0 0 238 -0.00328015 0.00208999 0.000149808 0.000129899
0 0 239 -0.00183027 -0.00262003 -0.00186003 0.00259987
0 0 240 -0.00371017 -0.00148012 0.000319889 -0.00161005
0 0 241 0.00329989 -0.00203007 0.00242995 -0.00180005
0 0 242 -0.00070008 0.00137983 0.00221982 0.00139995
0 0 243 0.00252983 8.98828e-05 -0.000490082 -0.00253008
0 0 244 0.00299973 0.00594999 -0.000880166 -0.0043002
0 0 245 -0.000570224 -0.00460013 0.00444985 0.00336986
0 0 246 -0.00211007 0.000449965 -0.000750138 0.000489917
0 0 247 0.00103978 0.00249991 -0.00238014 0.00431985
0 0 248 0.00214989 -0.00372011 0.000569885 0.00141993
0 0 249 -0.000810128 -1.014e-05 -0.00285014 -0.000320022
0 0 250 0.00575973 0.000859883 -0.000910158 -0.000909995
0 0 251 -0.00281025 -0.00144012 0.00120996 -0.000550181
0 0 252 0.000419932 0.00288982 -0.000410167 -0.000410128
0 0 253 0.00156993 -0.00056009 -0.0023101 0.000269951
0 0 254 0.00153995 -0.0013701 0.00229992 0.000659936
0 0 255 0.00204974 0.000849881 0.00190984 0.0012599
0 0 256 -0.000950164 -0.00320017 -0.00123001 -0.00202002
0 0 257 -0.00308014 -0.00162016 -0.00171007 -0.00328008
0 0 258 0.000929729 -0.00403 -0.000830053 0.00101995
0 0 259 -0.00238024 -0.00154014 -0.000510013 0.00129986
0 0 260 0.00248993 -0.00148012 4.99619e-05 -0.00278001
0 0 261 0.000169849 0.00228986 -0.00163015 2.9803e-05
0 0 262 0.00329989 0.00114995 0.00102982 -0.00184001
0 0 263 0.000639753 -0.00101002 0.00198994 -0.000130024
0 0 264 -0.00122006 0.00142984 0.00237984 0.00343998
0 0 265 -0.00202011 -0.00270005 -0.00185016 -0.00142005
0 0 266 -0.00243003 0.00204998 0.00197988 -0.000640083
0 0 267 -0.000650009 0.00042996 2.98408e-05 0.00406991
0 0 268 -0.00062002 -0.00304013 0.00049984 0.00220989
0 0 269 0.00181974 -0.000100161 -0.00249005 0.000959816
0 0 270 -0.00223002 -0.00069012 0.000359941 0.00231997
0 0 271 -0.00142007 -0.00254002 -0.000390046 -0.000580148
0 0 272 0.000959718 0.000479972 -0.00368004 0.00173999
0 0 273 -0.00240005 0.00223985 0.0035499 0.0014499
0 0 274 0.00449996 -0.000350042 0.000349881 -0.000860049
0 0 275 -0.00136009 -0.00141011 0.00186998 0.00601984
0 0 276 -0.00184018 -0.000530083 -0.00167002 0.00287998
0 0 277 0.000189932 0.00353997 0.00160992 0.00289996
0 0 278 -0.00100024 -0.000900168 0.00115985 -0.000570159
0 0 279 0.00109975 6.98782e-05 0.00147989 0.00163989
0 0 280 -0.000270068 0.000619828 0.00479988 0.00123992
0 0 281 0.000289801 -0.0021501 -0.00150013 7.99527e-05
0 0 282 -1.75471e-07 -0.000330038 0.00232992 -0.00516008
0 0 283 -0.00101014 -0.00365009 0.00151994 0.00171981
0 0 284 0.00299973 -0.000880163 -0.000740078 -0.00106004
0 0 285 -0.00450004 -0.000670115 -0.00102007 -0.00478009
0 0 286 -0.0038502 0.00505996 -0.000710086 -0.000600127
0 0 287 0.00106977 -0.00352006 -0.00182017 0.000589808
0 0 288 -0.00125004 0.00260993 0.00155981 0.00220989
0 0 289 0.000719813 0.000739856 0.00217996 -0.00466001
0 0 290 -0.0043102 0.00207999 0.000719844 0.00156997
0 0 291 -0.00549019 0.00137983 -0.00351015 -0.000380161
0 0 292 0.000229825 -0.000880163 0.0012299 -0.00428002
0 0 293 -0.000820032 0.00492993 0.0043798 0.00173
0 0 294 0.00489998 -0.000240017 -0.000640041 -0.00276003
0 0 295 0.00154985 -0.00226013 -0.000820183 0.00587
0 0 296 0.00174986 -0.00237015 0.000639929 0.00039981
0 0 297 6.99801e-05 -0.000100161 0.000719844 0.00307997
0 0 298 0.00109975 0.00318989 0.00133999 -0.00331005
0 0 299 -0.00112019 0.00508997 0.00420991 0.00207983
0 0 300 -0.000510248 0.00066984 0.00293981 -0.00113016
0 0 301 3.9992e-05 -0.00228013 -0.00148 0.00201989
0 0 302 0.0044298 -0.000790143 0.00372985 0.00387992
0 0 303 -0.00349007 0.000239917 -0.000850175 0.00201989
0 0 304 -0.0006302 -0.000500076 -0.00320017 -0.000370172
0 0 305 0.000489813 0.00214983 -0.00200012 -0.00165001
0 0 306 0.000369861 0.00130999 0.000719844 0.000989987
0 0 307 0.000869753 -0.00100001 -0.00486017 -0.00195009
0 0 308 -0.00125004 0.00237988 -0.000960082 -1.64556e-07
0 0 309 1.99083e-05 -0.00231014 -0.00238014 0.00419998
0 0 310 0.00114983 -0.00333002 -0.00123001 0.000939837
0 0 311 -0.00176012 -0.00384014 -0.000730017 0.000639958
0 0 312 -0.000960068 -0.00190004 0.00335989 -0.00239002
0 0 313 -0.000270068 -0.00175001 0.00286996 -0.00348007
0 0 314 -0.0010902 -0.000460067 -0.00103013 -0.000650073
0 0 315 -0.00551 -0.00255002 0.00439993 -0.00230012
0 0 316 0.00191989 -0.00238015 0.000419925 -0.00105005
0 0 317 -0.00172022 0.00104993 -0.00149006 -0.00480006
0 0 318 0.000139861 0.00295984 -0.00378008 -0.00325011
0 0 319 0.000889837 0.00339994 0.000859933 0.00010992
0 0 320 0.00222995 0.00102992 0.00172989 -0.000660062
0 0 321 -0.00330024 0.00119996 -0.000790191 0.00302982
0 0 322 0.000279897 -0.00241016 -0.00215008 0.000309908
0 0 323 -0.000100044 -0.00152013 0.00343981 -0.0030701
0 0 324 -0.000660188 0.00197996 0.00507987 -0.00113016
0 0 325 -0.0027002 0.00184993 -0.00178011 5.99744e-05
0 0 326 0.00134984 0.000839878 -0.000740078 0.00239989
0 0 327 -0.000100044 -0.00241016 0.000569885 -0.00244017
0 0 328 0.000379765 0.00388987 0.000739965 0.000729861
0 0 329 0.000399849 0.00157987 0.00126995 -0.00181004
0 0 330 0.00295984 -0.00407001 0.00333996 0.00287998
0 0 331 0.0032699 -0.000400054 -0.00438011 0.000719871
0 0 332 -0.00292002 -0.00123007 -0.000960082 -0.000300044
0 0 333 0.00101997 0.00165989 -0.00146007 0.00286
0 0 334 0.00193997 0.00250991 0.00110993 -0.00195009
0 0 335 0.00127996 0.000989913 0.00281985 0.00279986
0 0 336 -0.000840116 -0.000720126 0.00100989 0.00119996
0 0 337 -0.000880009 0.00199997 -0.00178011 -0.00262018
0 0 338 -0.00071026 0.00233987 0.000889925 -0.00173013
0 0 339 0.00383995 0.000569992 -0.00153012 -0.00073019
0 0 340 0.000669741 0.00124997 -0.00145001 -0.00120009
0 0 341 -0.00024008 -0.00117005 0.000569885 0.00117999
0 0 342 0.00152977 0.000489974 0.000279836 -0.00250011
0 0 343 0.000359956 0.000459967 -0.00119015 9.82462e-06
0 0 344 0.000289801 0.00230986 -0.0034701 0.00444991
0 0 345 0.00298983 -0.000760136 -0.00331008 -0.00507018
0 0 346 0.000909921 0.000539985 -0.000870106 0.00108988
0 0 347 0.000659837 -0.000830152 -0.00362006 -0.00388004
0 0 348 0.000159944 7.98805e-05 0.00163991 0.000259962
0 0 349 -0.000350128 0.000519981 0.000289897 0.000579819
0 0 350 0.00157984 -0.00078014 -0.00117002 0.000829956
0 0 351 0.00104996 0.000229915 0.000509901 -0.00196008
0 0 352 -0.00148004 0.00430997 -0.00348016 -0.000700018
0 0 353 -0.00379023 -0.00108003 -0.00294012 -0.000980123
0 0 354 -0.00024008 0.000499976 0.00096984 0.00010992
0 0 355 -0.00070008 0.00125997 -0.00135017 0.000999976
0 0 356 -0.000230176 -0.00212009 -0.00618 -0.00164002
0 0 357 -0.0013202 -0.00149013 0.00137986 0.00229001
0 0 358 -0.00039002 0.00242989 0.000869993 -0.00148019
0 0 359 -0.00524011 -0.00078014 -0.00265007 0.00073985
0 0 360 -0.000200188 -0.00153014 0.00108981 0.0031399
0 0 361 0.000339873 0.00104993 0.00299999 -0.000610116
0 0 362 -0.000200188 0.00185994 0.00321999 0.000379832
0 0 363 -0.000250259 -0.00228013 -0.00204017 -0.0022302
0 0 364 -0.00210017 0.00108994 -0.00292018 -0.00176009
0 0 365 -0.00279017 0.000919897 -0.00266013 -0.00181004
0 0 366 -0.00152021 -0.000510079 -0.00205004 -0.00183002
0 0 367 -0.00237006 0.00307986 -0.000280139 -0.00203001
0 0 368 -0.00368018 -0.00384014 0.00065986 -0.000770146
0 0 369 -0.00093008 0.000839878 0.000759897 -0.00125003
0 0 370 0.00231991 -0.00190004 -0.00422009 -0.00131017
0 0 371 -0.00259015 0.00385987 0.00562997 0.00533997
0 0 372 0.00389992 0.0032299 -0.000880166 -0.000820092
0 0 373 -0.00101014 0.00217983 -4.00138e-05 -0.00109
0 0 374 -0.00159009 -0.000170177 2.98408e-05 -0.000930177
0 0 375 0.00127996 -0.00171018 -0.000800062 -0.00104006
0 0 376 -0.00472013 -0.000530083 0.00147989 -0.00221001
0 0 377 -0.000560044 -0.00234015 0.00350985 -0.000700018
0 0 378 0.000469729 -0.000900168 -0.000880166 0.00280985
0 0 379 -0.00297009 -0.00301012 0.00113992 0.00256991
0 0 380 -0.000790044 -0.0044401 -0.000730017 -0.00205019
0 0 381 0.00608988 -0.000990013 -0.00450007 0.00163989
0 0 382 -0.00104013 0.00344995 -0.000370114 -0.000860049
0 0 383 -0.00126022 -0.000320035 -0.00177005 0.000369843
0 0 384 0.00458992 0.000319935 -0.000360054 -0.00235007
0 0 385 -0.00350025 -0.000890165 -0.00496001 -0.000140013
0 0 386 -0.00145006 0.000159899 -0.000350183 0.000699893
0 0 387 0.00249984 0.00172991 0.00141991 -0.00332004
0 0 388 -0.00138018 -7.01537e-05 0.00124983 -0.00352002
0 0 389 -0.00258025 0.000769862 -0.00524 0.00531999
0 0 390 0.00332987 -0.00203007 -0.00259008 -0.000270076
0 0 391 -0.00265013 -0.00166017 -0.000830053 0.00177995
0 0 392 -0.00365019 -0.00282008 -0.00101 0.00234994
0 0 393 -0.00271011 0.00351996 -0.000270078 0.00235993
0 0 394 0.00241978 0.000959906 -0.00329015 -0.000940166
0 0 395 0.00208991 -0.00230014 -0.00194013 -0.00221001
0 0 396 0.00468979 -0.00142011 0.00186998 -0.000990112
0 0 397 0.000769885 -0.00324017 0.00336995 -0.000760157
0 0 398 0.00321983 -0.00383013 0.000439857 0.00373986
0 0 399 0.0018998 -0.000600099 0.00308996 -0.000200152
0 0 400 -0.000250259 0.00177992 -0.00240007 0.000649947
0 0 401 -0.00185008 0.00116995 -0.00124007 0.000439971
0 0 402 0.00569976 0.00075986 0.000619808 0.000239983
0 0 403 -0.00119007 -0.00160015 -0.00156011 -0.000909995
0 0 404 0.00203984 0.00281998 -0.00187009 -0.00114015
0 0 405 -0.00062002 -6.01514e-05 0.00498989 0.000849935
0 0 406 -0.000130032 0.00290982 0.000399994 -0.0044902
0 0 407 -0.00346008 0.00256992 0.0048498 -0.00246015
0 0 408 -0.00222012 0.00210999 -0.000350183 0.00352989
0 0 409 0.00183983 0.00344995 -0.00326016 0.00286999
0 0 410 0.000949813 -0.000440063 -0.00077007 -0.00632005
0 0 411 -0.00120025 -0.00100001 -0.000340123 0.00027994
0 0 412 0.00543977 -0.00169017 0.00120996 0.00356984
0 0 413 0.00266986 0.000829876 -0.000700025 -0.00261019
0 0 414 0.00262997 -0.00128008 0.00261996 0.00130984
0 0 415 0.000839765 -0.00201007 -0.00375009 -0.00220003
0 0 416 0.000119777 0.00212982 0.00139998 -0.00068004
0 0 417 -2.02592e-05 0.00166989 -0.000110058 -0.000950155
0 0 418 2.98126e-05 -0.00116005 -0.000360054 -0.00392
0 0 419 -0.00016002 0.00251991 0.000459978 -0.0019401
0 0 420 -0.00252027 0.000709849 0.00105982 0.00118997
0 0 421 -0.00159009 0.000329938 0.000199921 0.00321982
0 0 422 -0.00118016 0.000749858 -0.00119015 0.00129986
0 0 423 -0.00275027 0.000569992 0.00236997 -0.00034
0 0 424 0.00104996 -0.00206008 -0.00309008 -0.00145002
0 0 425 0.000849945 0.00305986 -0.000370114 -0.00348007
0 0 426 -0.000140211 0.0032399 0.00316988 -0.00170016
0 0 427 0.00184973 0.00311987 0.00096984 -0.000870038
0 0 428 -0.00071026 -0.00207008 -0.00479012 -0.000960145
0 0 429 0.000669741 0.000739856 0.00133999 0.00108988
0 0 430 0.00129977 0.00127998 0.00382989 0.00202988
0 0 431 0.00126978 -0.00303013 -0.00209009 -0.000900006
0 0 432 -0.00140026 -0.00212009 0.000159869 0.000609991
0 0 433 -0.00016002 -0.00190004 -0.00265007 0.000949826
0 0 434 0.00029998 -0.00103002 0.000229913 -0.000940166
0 0 435 0.000289801 0.00100992 -0.00121008 -4.01213e-05
0 0 436 -0.000460176 -0.000670115 -0.00232016 0.0014499
0 0 437 -0.0017802 -0.00222012 0.00064999 -0.00359015
0 0 438 -0.00139008 0.000869885 -0.00284008 0.00145989
0 0 439 -0.00048026 0.000989913 0.00106988 -0.00159007
0 0 440 0.00168989 -0.00314015 -0.000870106 -1.64556e-07
0 0 441 0.000579777 -0.00141011 0.00145996 -0.00131017
0 0 442 0.00115973 0.000409956 -0.00197013 -0.00484002
0 0 443 0.00286987 -0.00108003 0.00205999 -0.000890017
0 0 444 0.00187972 -0.00423005 0.00320993 -0.00158009
0 0 445 0.00382977 0.000139894 0.00251993 -0.000320022
0 0 446 -0.000330044 -0.000290028 -0.000430098 0.000589808
0 0 447 0.00457974 -0.00240016 -0.00213015 -0.00191014
0 0 448 -0.000520152 0.00122997 0.00106988 0.000220005
0 0 449 0.000719813 0.00062983 -0.00270018 0.00188983
0 0 450 -0.00103022 0.00088989 0.000139938 0.00303981
0 0 451 0.00178975 -0.000630106 -0.0032201 -0.000760157
0 0 452 -0.000730068 0.00143984 -0.00303009 -0.00180005
0 0 453 -0.00232026 -0.00140011 -0.00308002 0.00231997
0 0 454 -0.00070008 0.00507997 0.00201994 -0.00147
0 0 455 -0.000310236 -0.00160015 0.00148995 -0.000160195
0 0 456 0.00190998 0.00146985 -0.00354014 0.000139888
0 0 457 -0.00210017 0.00264994 -7.00057e-05 0.00190981
0 0 458 -0.00317011 0.00103992 0.00118984 0.00110986
0 0 459 0.00134984 -0.000220012 -0.00223018 -0.00300018
0 0 460 -0.00167015 0.000369947 0.00126995 -0.00252009
0 0 461 -0.00203001 0.000219912 -0.00411018 -0.00160006
0 0 462 0.00225993 -0.00168017 0.00360989 -0.00323013
0 0 463 -1.00798e-05 0.00105993 -0.00045003 -0.00073019
0 0 464 -0.00100024 0.000729853 0.00247987 0.00622982
0 0 465 -0.00138018 0.00237988 0.00316988 0.000479927
0 0 466 -0.00203001 0.00143984 -0.000550066 0.00213997
0 0 467 0.000579777 -0.000930174 0.000349881 -0.00241
0 0 468 0.000509897 0.00238988 -0.00287007 -0.00102008
0 0 469 -0.000150116 -0.00433007 -0.00281009 0.00182989
0 0 470 -0.00119007 0.000769862 -0.00173019 -0.00234008
0 0 471 0.00215979 0.00167989 0.00226993 0.000539862
0 0 472 -0.00105003 -0.00307014 -0.00202005 -0.000540192
0 0 473 0.00450986 0.000939901 -0.00224005 -0.00328008
0 0 474 0.000229825 -0.00271005 0.000429986 -0.000330011
0 0 475 -0.000120128 0.000599824 -0.000500143 9.82462e-06
0 0 476 3.9992e-05 0.000299931 -0.000390046 -0.00164002
0 0 477 0.000129956 -0.00235015 -0.000100187 0.00139995
0 0 478 -0.00115018 0.000829876 -0.000400106 -0.000810103
0 0 479 0.00101997 -0.000820149 0.00413987 0.00145989
0 0 480 0.00320992 0.00312987 0.00187985 0.00192999
0 0 481 -0.00436027 -0.00122007 0.000429986 -0.00203001
0 0 482 0.0032699 -0.00111004 -0.00305002 0.000339875
0 0 483 0.000779789 0.00033994 -0.00107018 -0.00193011
0 0 484 0.00148987 -0.00286009 0.0009799 0.000329886
0 0 485 0.000839765 0.000619828 0.000719844 0.00214995
0 0 486 0.00117981 0.00105993 0.000189861 0.00101995
0 0 487 0.00345973 -0.000570092 -0.00229017 0.00155998
0 0 488 -0.000600212 -0.00195006 -2.00825e-05 -0.000800114
0 0 489 0.00403996 0.00124997 -0.0027501 -0.00257003
0 0 490 -3.01635e-05 -2.01423e-05 1.997e-05 0.00365995
0 0 491 -0.000370212 -6.01514e-05 -0.00246006 -0.00170016
0 0 492 0.000509897 -0.00168017 0.00225987 0.00079
0 0 493 -4.00678e-05 0.00309987 0.000689852 -0.00146001
0 0 494 0.00282998 -0.00166017 0.0016999 -0.00168018
0 0 495 -0.00016002 -0.00455012 0.000939848 0.000809978
0 0 496 4.98963e-05 -0.000230015 -0.00094015 -0.0021301
0 0 497 -0.000220271 0.000129892 6.98932e-05 -0.00198006
0 0 498 -0.000870104 0.00282998 -0.00218007 -0.00418012
0 0 499 -0.00193014 -0.00251001 -0.000880166 -0.0011002
0 0 500 0.00420998 0.00310987 0.000679981 0.00142992
0 0 501 0.00513989 0.00221984 -0.00110017 0.00122993
0 0 502 0.00266986 -0.000260022 0.00463986 0.000999976
0 0 503 0.00606979 0.00120996 0.00190984 0.00101995
0 0 504 0.00431976 -0.00154014 0.0009799 0.00232996
0 0 505 0.0103798 0.0024899 -0.000210094 -0.00323013
0 0 506 0.00598973 -0.000300031 0.000119816 0.000859924
0 0 507 0.0108299 -0.00246017 -0.000730017 0.00170982
0 0 508 0.00670972 -0.00464014 0.000379873 9.99311e-05
0 0 509 0.00783991 -0.00149013 0.00245994 -0.00450019
0 0 510 0.01252 -0.00274006 -0.00277004 -0.00521003
0 0 511 0.00998998 -0.000680117 -0.000440159 0.00110986
0 0 512 0.0111097 -0.00141011 0.00222988 -8.0078e-05
0 0 513 0.00838988 0.00465987 0.00162985 -4.01213e-05
0 0 514 0.00737991 0.00137983 0.00140985 0.00129986
0 0 515 0.00338985 0.00290982 -0.000430098 0.00449986
0 0 516 0.00486972 0.00108994 0.000899985 -0.00133015
0 0 517 0.00452995 -0.0036701 0.000559824 0.00130984
0 0 518 0.00691991 -0.00163016 0.00247987 0.00256991
0 0 519 0.00248993 0.000149896 -0.00373016 0.00174998
0 0 520 0.00552973 -0.00156014 -0.00200012 -0.000640083
0 0 521 0.00244977 -0.000200008 0.000249845 -0.00132016
0 0 522 0.00390983 -3.01446e-05 0.00112986 -0.00239002
0 0 523 0.00203984 0.00343995 -0.00156011 0.00182989
0 0 524 0.00103978 0.000449965 -0.00030007 0.000499906
0 0 525 -0.00302017 -0.00117005 0.00304991 0.00312991
0 0 526 -0.000720164 -0.00129008 0.000509901 0.000719871
0 0 527 0.00138973 -0.000410056 -0.00176018 -0.000719997
0 0 528 -0.0008602 0.00162988 0.00101995 0.00122993
0 0 529 0.00201975 0.00240989 -0.000710086 0.00165987
0 0 530 -0.00305015 0.00309987 0.00109987 -0.000440096
0 0 531 0.0014398 -0.000670115 0.00284984 0.00213997
0 0 532 -0.000890188 -0.000550088 0.000849872 0.00171981
0 0 533 -0.00313021 -0.00371011 0.00311996 7.99527e-05
0 0 534 0.00493988 0.00392988 -0.00380001 -0.000320022
0 0 535 0.00105986 0.00161988 -0.000520074 0.00159994
0 0 536 -0.00395007 -0.00182003 -0.000520074 -0.000820092
0 0 537 -0.00397015 0.00295984 -0.00123001 0.00155998
0 0 538 0.00122989 -0.00153014 -0.00046009 0.00129986
0 0 539 0.000449921 0.00139983 -0.00106012 -0.00214009
0 0 540 0.00185991 0.000799869 0.00120996 -0.00252009
0 0 541 -0.000340224 0.00192995 0.00302998 -0.000960145
0 0 542 0.00230973 0.00342994 -0.000500143 0.000929848
0 0 543 -0.00117026 0.00358998 0.00129994 -0.00268012
0 0 544 0.000549789 -0.00178002 0.00152982 0.000849935
0 0 545 0.000769885 -0.000110163 -0.00149006 0.00340981
0 0 546 -0.00106021 -0.00129008 0.00339994 -0.00039015
0 0 547 0.00351998 -0.00101002 0.00521996 0.00073985
0 0 548 -0.00406012 -0.00324017 -1.51136e-07 0.000859924
0 0 549 0.0032699 -0.000440063 0.00149982 0.000989987
0 0 550 -0.000280247 -0.000730129 -0.00251017 -0.00193011
0 0 551 -0.000430188 -0.000160174 -0.00335013 -0.00106004
0 0 552 -0.000920176 -0.00164016 -0.00181011 0.00136998
0 0 553 0.00175977 -0.00195006 0.000399994 0.000819967
0 0 554 -0.000650009 -0.0021301 -0.00147013 0.00283982
0 0 555 0.0018899 -4.01469e-05 -3.0143e-05 -0.00187018
0 0 556 -0.00232026 0.00272996 -0.00138016 -0.00128
0 0 557 0.00151986 -0.000250019 -0.00211002 0.00325998
0 0 558 -0.00190015 0.00130999 -0.000800062 0.00205985
0 0 559 -0.00120025 0.000719851 -0.000960082 0.00107989
0 0 560 -0.00055014 0.000459967 -0.000500143 0.000719871
0 0 561 -0.00399024 0.00194996 0.00277998 -0.000140013
0 0 562 -0.00148004 -0.000450065 -0.00107018 -0.00267013
0 0 563 -0.00149022 0.00116995 -0.00230004 0.0021999
0 0 564 0.00392991 0.00148985 -0.0036901 -0.0023201
0 0 565 -0.00173013 0.00131999 0.00198994 0.000220005
0 0 566 0.000739897 0.00163989 0.00267995 -0.000780136
0 0 567 0.00169979 -0.00091017 0.000359941 -0.00156011
0 0 568 0.00252983 0.00130999 -0.00201018 0.00212998
0 0 569 -0.000270068 0.000269924 0.00149982 0.00365995
0 0 570 -0.00236015 0.000899892 -0.00255003 -0.000240109
0 0 571 0.0025799 -0.00278007 -0.000270078 0.000859924
0 0 572 -0.000510248 -0.00294011 0.00135992 -0.00257003
0 0 573 0.00107994 0.000729853 0.00145996 -0.00105005
0 0 574 -0.00181019 -0.00069012 -0.00360013 0.000659936
0 0 575 0.000409753 -0.000960006 0.00105982 0.00319984
0 0 576 0.000379765 -0.000600099 -0.00239001 -0.00371002
0 0 577 -0.000200188 0.00264994 -0.0027501 -0.00312005
0 0 578 -0.00347026 -0.00118006 -0.000130179 0.00169983
0 0 579 -0.000750152 0.00287999 -0.00151019 -0.0015701
0 0 580 0.00155975 0.000809872 0.000679981 -0.0022302
0 0 581 0.00370982 -7.01537e-05 0.000989961 0.00305999
0 0 582 0.000789969 0.000649835 0.00415999 -0.00220003
0 0 583 0.00454976 -0.00221012 0.000269966 -0.00291007
0 0 584 0.000339873 0.000269924 -7.00057e-05 -0.000780136
0 0 585 0.000579777 -0.00307014 -0.00165008 -0.0011901
0 0 586 0.00217987 0.00319989 -0.00101 0.000229994
0 0 587 -0.000510248 0.00317989 -0.00132017 0.00135
0 0 588 -5.02473e-05 -0.000470069 -0.00414017 -0.00173013
0 0 589 0.00409994 -0.00105003 -0.00316012 -0.000240109
0 0 590 0.00246985 -0.000320035 -0.000810122 -0.00210013
0 0 591 0.00123979 -0.00210009 0.000419925 -0.00200004
0 0 592 0.000819957 -0.00105003 0.00165984 0.0018199
0 0 593 0.00247975 -0.00100001 0.00221982 0.00248
0 0 594 0.0025799 -0.00127008 0.000559824 0.00368992
0 0 595 -0.000310236 -0.00110004 -0.00201018 0.000600001
0 0 596 0.000839765 0.000819874 8.98245e-05 0.00397981
0 0 597 0.000969897 -0.00161015 0.00112986 -0.00443006
0 0 598 0.000499717 -0.00103002 0.00303985 0.00315988
0 0 599 -0.00148004 0.00344995 8.98245e-05 -0.000300044
0 0 600 0.000769885 0.000419958 -0.000790191 0.000969805
0 0 601 -0.00107012 -0.00150013 0.00161998 0.00182989
0 0 602 -0.000520152 0.00033994 -0.00197013 -0.00178007
0 0 603 -0.0020102 0.00413993 -0.0027801 0.000989987
0 0 604 0.00243986 -0.000190006 0.00201994 0.00131983
0 0 605 -0.00227019 -0.00209009 -0.00341012 -0.0012902
0 0 606 -0.000250259 0.00109994 -3.0143e-05 0.00184987
0 0 607 -0.00443015 0.00533985 -0.00178011 0.00127988
0 0 608 -0.00436027 -0.00307014 -0.000130179 0.00292993
0 0 609 -0.00200002 -0.00283008 0.000399994 -8.0078e-05
0 0 610 -0.0006302 -0.000130167 0.000719844 -0.00366008
0 0 611 -0.00108002 -0.00427006 0.00254992 0.000600001
0 0 612 -0.000580128 0.00210999 -0.000540005 0.00239989
0 0 613 4.98963e-05 0.00172991 -0.00178011 0.00306998
0 0 614 -4.00678e-05 0.000969908 0.00222988 0.000339875
0 0 615 -0.00169024 -0.000900168 0.000789888 0.00113982
0 0 616 0.000799873 0.00103992 -0.00166015 -0.00226016
0 0 617 -0.000460176 8.98828e-05 -0.00280003 0.00117999
0 0 618 0.00171987 -0.000550088 -0.00195 -0.00172014
0 0 619 -0.00093008 -0.000900168 -0.000380175 1.98138e-05
0 0 620 -0.00383012 -0.000730129 0.00205999 0.00117999
0 0 621 0.000519801 -0.00230014 0.000229913 0.000429982
0 0 622 -0.00306006 -0.00261003 -0.00156011 -0.00224019
0 0 623 -0.0024702 0.00312987 -0.00192001 0.00287998
0 0 624 0.000959718 -0.00192005 -0.000670033 -0.00230012
0 0 625 7.98844e-05 0.00125997 -0.00211002 0.000149877
0 0 626 0.000129956 0.00117996 -0.00207016 0.00409988
0 0 627 -0.00194005 -0.00119006 -0.000560126 0.00315988
0 0 628 0.00151986 -0.00190004 -0.00113016 0.000979998
0 0 629 0.00406995 0.00111994 -0.00183004 -0.00300018
0 0 630 -8.02353e-05 -0.00432007 0.00146983 0.00123992
0 0 631 -0.000670092 -0.00180002 -0.00294012 -0.00121008
0 0 632 0.00021992 7.98805e-05 -0.00152006 0.00442993
0 0 633 -0.000410104 0.00055999 0.00170996 0.00490982
0 0 634 0.00416982 0.000819874 -0.0032201 -0.00034
0 0 635 0.00176995 -0.00312015 -0.00153012 -0.00356018
0 0 636 -0.00115018 -0.00341004 -0.00133004 -0.00570011
0 0 637 -0.0004002 0.000389951 -0.00245019 -0.0021301
0 0 638 -0.00171005 0.00374984 0.00266989 -0.000270076
0 0 639 -0.00213015 -0.00207008 0.000699913 -0.00068004
0 0 640 -0.00141016 0.00088989 0.000139938 0.00130984
0 0 641 0.00121998 -0.000800145 0.000989961 0.00204986
0 0 642 0.000379765 0.000199908 -0.00279016 -0.000450085
0 0 643 -0.000910272 -0.00196006 0.00381983 -0.00170016
0 0 644 0.00259998 -0.00277007 0.00199981 0.00249998
0 0 645 0.00317993 0.00020991 -0.00189002 -0.00291007
0 0 646 -0.00217005 -0.00207008 0.000799949 -0.000870038
0 0 647 -0.0013202 -0.000750133 -0.00270018 -0.00152015
0 0 648 -0.000370212 0.00101992 0.00253986 -0.00117012
0 0 649 0.00106977 0.000859883 0.00190984 0.00433983
0 0 650 0.00117981 0.00565993 -0.00138016 0.00207983
0 0 651 0.000579777 0.00338993 0.00361995 -0.00311006
0 0 652 0.00253973 0.00436998 -0.00094015 -0.00197007
0 0 653 -0.00134001 0.000589821 -0.00214002 -4.01213e-05
0 0 654 -0.000760056 0.00389987 -0.00104019 0.00226982
0 0 655 -0.00346008 0.00254992 -0.00162009 -0.000550181
0 0 656 -0.00147014 -0.00130008 0.000719844 -0.00398014
0 0 657 0.000449921 -8.0156e-05 0.000409865 -0.00125003
0 0 658 0.00190998 -0.00351006 -0.000870106 -0.000130024
0 0 659 -0.000510248 0.00403991 -0.00176018 -0.00132016
0 0 660 0.00160983 0.00177992 0.000579945 0.00150983
0 0 661 0.0018899 0.00147985 -6.01349e-05 0.000639958
0 0 662 0.00203984 -0.000420058 0.000709973 -0.000160195
0 0 663 -0.000730068 0.00251991 -0.00303009 0.000269951
0 0 664 0.00167998 0.000189906 0.00613983 0.000299918
0 0 665 -0.00183027 0.00127998 -0.000230026 -0.00103007
0 0 666 -0.00313021 -0.000940177 -0.00410012 -0.00188017
0 0 667 0.00174986 0.00075986 0.000149808 0.00277988
0 0 668 -0.00184018 -0.00211009 0.00172989 -0.000760157
0 0 669 -0.00229027 0.000939901 -0.00264001 0.000139888
0 0 670 0.00222995 0.00539987 0.000749836 0.000839945
0 0 671 -0.000610116 0.00250991 -0.000170042 -0.00442007
0 0 672 -0.00164016 0.000999915 -0.000580058 0.00169983
0 0 673 0.000979801 0.00042996 0.00111999 -0.000430107
0 0 674 -0.00241023 0.00263994 -0.00399002 0.00143991
0 0 675 0.00261979 -0.00194005 -0.00166015 0.00145989
0 0 676 -0.00170014 -0.00170017 -0.0039401 -0.00320017
0 0 677 0.000519801 0.000159899 -0.000270078 -0.000990112
0 0 678 -0.00233017 -0.00211009 -0.00397009 0.00245982
0 0 679 0.000329968 -0.000870161 -0.00212008 -0.000350193
0 0 680 0.00140981 9.98851e-05 -0.000540005 0.00164988
0 0 681 -0.0006302 -0.000420058 0.0016999 0.000509895
0 0 682 -0.00169024 -0.000220012 0.000539893 0.000419992
0 0 683 -0.000690176 -0.00361008 0.00127982 0.00343998
0 0 684 0.00174986 0.000179903 -0.00103013 0.000349864
0 0 685 -0.00391018 0.00055999 0.000109946 0.00357983
0 0 686 0.000719813 4.98737e-05 0.00123996 -0.000100056
0 0 687 0.00302972 -0.000810147 -0.000800062 -0.0011901
0 0 688 -0.00266003 -0.00288009 -0.00182017 0.000410003
0 0 689 -0.00326007 0.000439963 0.000419925 0.000149877
0 0 690 -0.00250019 0.00336993 -0.00411018 -0.00143004
0 0 691 0.000289801 0.00131999 0.00101995 0.00284981
0 0 692 -0.0045402 0.00142984 -0.000520074 -0.000630094
0 0 693 -0.00348017 0.00103992 0.00150988 0.00010992
0 0 694 0.000989981 -0.00014017 0.00137986 9.82462e-06
0 0 695 -0.00349007 -0.00318016 9.98851e-05 -0.00215008
0 0 696 -0.00347026 -0.00345005 0.000739965 0.000309908
0 0 697 0.00578972 -0.00287009 -0.00254016 0.00443992
0 0 698 0.00285997 0.00252991 -0.000540005 -0.00139009
0 0 699 0.000349777 -0.000540085 -0.00311001 0.00229001
0 0 700 -0.00378005 4.98737e-05 -0.00286001 0.00170982
0 0 701 0.00181974 0.000739856 0.000259905 4.99852e-05
0 0 702 -5.02473e-05 0.00440999 -0.00342018 -0.0019401
0 0 703 -0.00274009 0.0024899 -0.00182017 0.000609991
0 0 704 -9.01396e-05 0.00244989 0.00128988 0.00226982
0 0 705 0.00353979 0.00268995 -8.00662e-05 0.000919859
0 0 706 -0.00116008 -0.000110163 0.00186998 -2.01429e-05
0 0 707 -0.000920176 0.000699846 -0.0022801 -0.000570159
0 0 708 0.000659837 -0.0044601 0.00136998 0.000249973
0 0 709 0.000659837 -0.00098001 -0.000880166 0.000859924
0 0 710 -0.000220271 -0.000180179 0.00140985 -0.00230012
0 0 711 -0.00135019 0.00066984 0.00123996 0.00248
0 0 712 0.000739897 4.98737e-05 0.0016699 -0.0031702
0 0 713 0.00316975 3.98714e-05 0.00167996 -6.00996e-05
0 0 714 -0.000560044 -0.000830152 -0.00412005 0.00205985
0 0 715 0.00163981 -0.00421005 -0.000870106 -0.00252009
0 0 716 -0.00181019 -0.00403 0.000519961 0.00195996
0 0 717 2.98126e-05 0.00243989 0.000319889 0.00123992
0 0 718 -0.00238024 -0.00108003 -0.000670033 -0.000290054
0 0 719 0.00598973 0.00147985 -0.000990073 -0.00236006
0 0 720 0.00137983 -0.00375012 -0.00607009 0.00138996
0 0 721 0.00214989 -0.000180179 -0.00391011 -0.00151016
0 0 722 0.00132975 -0.0013801 -0.00139003 -0.00200004
0 0 723 0.00106977 0.000479972 -0.000850175 0.00155998
0 0 724 -0.00102004 0.00177992 -0.00229017 -0.00165001
0 0 725 2.98126e-05 0.000419958 -0.00327003 -0.00139009
0 0 726 -0.000250259 -0.00253001 -0.00162009 -0.00219004
0 0 727 -0.00100024 -0.00170017 0.000719844 0.00104992
0 0 728 -0.000820032 -0.00142011 -0.00243006 -0.000840071
0 0 729 0.00263987 0.000609826 -9.01268e-05 0.00122993
0 0 730 0.00238979 0.000229915 0.000879864 0.000459949
0 0 731 -0.000490164 0.00369983 0.00106988 0.00475998
0 0 732 0.000399849 -0.00115005 0.00106988 -0.00068004
0 0 733 -0.000430188 0.00128998 0.00224981 -0.00132016
0 0 734 0.00364984 -0.000810147 -0.00219013 -0.000270076
0 0 735 -0.00163026 0.000679842 0.00241989 2.9803e-05
0 0 736 0.000779789 0.00197996 -0.00135017 0.000609991
0 0 737 0.0018998 -0.000420058 0.00149982 -0.00125003
0 0 738 0.00366992 0.0016999 -0.00111004 -0.00111019
0 0 739 0.00236998 -0.00152013 0.000759897 0.000469938
0 0 740 -0.00205009 0.000369947 -0.00352002 0.00162991
0 0 741 0.00359977 -0.00163016 -0.00187009 -0.00256004
0 0 742 0.0037398 -0.00182003 -0.00307014 -0.00356018
0 0 743 0.000549789 0.00335993 0.00171983 -0.00217006
0 0 744 -0.000820032 0.000389951 0.00257991 -0.000600127
0 0 745 -0.00194005 -7.01537e-05 0.00249981 2.9803e-05
0 0 746 -0.00421006 0.000399954 -0.00181011 -0.00264016
0 0 747 0.000679921 -0.000120165 0.000839812 0.000259962
0 0 748 -0.00032014 0.00448983 0.000609937 -0.00264016
0 0 749 0.000339873 -0.00126007 -0.00334007 -0.000130024
0 0 750 -0.00235025 -0.000960006 -0.00045003 0.00278987
0 0 751 -0.000460176 0.00124997 0.0023899 -0.00267013
0 0 752 0.00214989 0.000159899 0.00192996 -0.00218005
0 0 753 -9.01396e-05 -0.000770138 0.000399994 -0.00283016
0 0 754 0.00362976 -0.0021601 0.000529832 -0.00222
0 0 755 0.00161973 -2.01423e-05 -0.00227004 -0.00334001
0 0 756 0.00240987 0.00162988 0.000899985 -0.000540192
0 0 757 -0.000350128 -0.00168017 -0.00146007 -0.00224019
0 0 758 -0.000580128 0.00129998 -7.00057e-05 1.98138e-05
0 0 759 0.000699729 -0.000850156 -0.000860045 -0.00133015
0 0 760 0.000429837 0.000199908 -0.00355001 -2.01429e-05
0 0 761 -0.000760056 0.00292983 0.00309983 0.00263983
0 0 762 0.00282998 -0.000250019 -0.00104019 -0.00314003
0 0 763 -0.00165007 -0.0013801 -0.00377002 0.00182989
0 0 764 -0.000750152 -0.000400054 0.000309828 -0.00238003
0 0 765 0.000129956 -0.00230014 -0.00143008 0.00405993
0 0 766 0.00242996 0.00338993 -0.00174006 0.000979998
0 0 767 0.000589957 -0.000520081 -9.01268e-05 -0.000540192
0 0 768 -1.75471e-07 -0.00130008 -0.00147013 0.000529873
0 0 769 -0.00267021 0.00132999 -0.00235015 0.00138996
0 0 770 -0.00258025 0.00375984 0.00222988 0.000709882
0 0 771 0.00431976 0.00166989 0.00106988 -0.00105005
0 0 772 0.00670972 -0.000700122 -0.00435011 -0.00220003
0 0 773 0.00144998 -0.000670115 0.00392993 0.00287998
0 0 774 0.00278981 -0.0013701 0.000299958 -0.000460074
0 0 775 0.00174986 0.00165989 -0.00342018 -0.000830082
0 0 776 0.00452995 0.000449965 -0.000170042 0.000879902
0 0 777 0.00356978 -0.000220012 0.00105982 0.00039981
0 0 778 0.000929729 0.000659837 -0.000330062 -0.000570159
0 0 779 0.00226984 -0.00424005 -0.00154018 -0.00201003
0 0 780 0.00101997 0.00066984 -0.00105006 -0.0035502
0 0 781 -0.00391018 0.00197996 -0.00142002 0.00185986
0 0 782 -0.00153012 -5.01492e-05 -0.00203011 0.00499993
0 0 783 0.00370982 0.000379949 -0.00345017 0.000729861
0 0 784 0.00243986 -0.00274006 0.00161998 -0.0025101
0 0 785 0.00228992 -0.000100161 -0.00425008 0.00056983
0 0 786 -0.00225011 -0.00228013 0.00149982 -0.00312005
0 0 787 0.00307979 -0.000360044 -0.00183004 0.00225984
0 0 788 -0.00357013 0.00260993 0.00344987 0.000709882
0 0 789 -0.00192024 -0.000680117 -0.0011201 -0.00191014
0 0 790 -0.000260164 0.00308987 0.00278985 0.00271995
0 0 791 -0.00198021 0.000829876 -0.00131011 0.00124991
0 0 792 -0.00104013 -0.00129008 0.00423991 0.00273993
0 0 793 0.00336977 -0.000330038 -0.0015901 -0.00109
0 0 794 -0.00138018 -0.000860158 0.000269966 -0.000920188
0 0 795 -0.00174003 -0.000770138 -0.000730017 0.00308996
0 0 796 -0.00173013 0.000219912 -0.00544007 0.00243984
0 0 797 -0.00186026 -0.00125007 -0.00155005 0.00107989
0 0 798 0.00155975 0.00131999 -0.000800062 -0.00199005
0 0 799 0.000589957 0.00547988 -0.00125013 0.00157996
0 0 800 0.00183983 0.00196996 0.000109946 -0.000590137
0 0 801 -0.00164016 0.00177992 -0.00111004 0.00108988
0 0 802 -6.01516e-05 0.00277997 -0.00423015 -1.64556e-07
0 0 803 0.00187972 0.00347995 0.00143984 0.00100997
0 0 804 0.00229983 -0.00109004 -0.00236002 -0.000200152
0 0 805 0.00117981 1.98668e-05 -0.00460011 -0.00176009
0 0 806 -0.00163026 -0.0013601 0.00170996 -0.000480053
0 0 807 -0.00140026 0.00153986 0.00112986 -0.00201003
0 0 808 0.000989981 0.000709849 -0.000100187 0.00118997
0 0 809 -0.00142007 0.00112994 -0.00424002 0.00192
0 0 810 0.000499717 -0.00279007 -0.00151019 -0.00381012
0 0 811 -0.00120025 0.00097991 -0.00165008 -0.000529999
0 0 812 0.00190998 0.00331992 0.00102982 0.00245982
0 0 813 0.00195978 -0.000230015 0.000289897 0.000629969
0 0 814 0.00390983 0.0024699 0.00219989 0.00597989
0 0 815 0.00489998 -9.01583e-05 -0.00476013 -0.00127001
0 0 816 -0.00249001 0.0040299 -0.000110058 0.00189982
0 0 817 0.00206983 0.00177992 -0.00141015 -0.000330011
0 0 818 0.00536989 -0.000240017 -0.00296005 -0.00654002
0 0 819 0.00141972 -0.00127008 -0.0015901 3.9996e-05
0 0 820 0.000399849 0.00232987 -0.00176018 0.00150983
0 0 821 0.00181974 0.00103992 -0.00173019 -0.000719997
0 0 822 0.00133993 9.98851e-05 0.000559824 -0.00141007
0 0 823 0.000729717 0.00134982 0.00142997 -0.00073019
0 0 824 2.98126e-05 -0.000860158 -0.00119015 -0.00248013
0 0 825 -0.00187016 -0.000490074 -0.00078013 0.00126989
0 0 826 0.00339976 -0.0021301 -0.000110058 -0.00121008
0 0 827 0.00125987 0.00102992 -0.000550066 -0.000870038
0 0 828 -7.00559e-05 0.00184993 -0.00149006 -0.00202002
0 0 829 -0.000360032 -0.000540085 -0.000570187 0.00243984
0 0 830 0.00160983 -0.000290028 1.997e-05 0.000249973
0 0 831 0.000609765 0.00212982 0.00428983 -0.00186019
0 0 832 0.000199837 -0.000880163 0.00494984 -0.00295003
0 0 833 0.00113992 -0.00425005 -0.00423015 0.000829956
0 0 834 0.000979801 0.00228986 0.00187985 -0.000410128
0 0 835 0.000449921 -0.000590097 -0.000680094 -0.0021301
0 0 836 0.00131985 -0.00170017 0.00132993 0.00186985
0 0 837 0.00243986 0.00195996 -0.000360054 -0.000300044
0 0 838 0.000739897 -0.00479 -0.000380175 0.00378981
0 0 839 0.000989981 -0.000440063 -0.00330002 0.00109987
0 0 840 0.00121998 0.00318989 -0.00389018 -0.000860049
0 0 841 0.00524994 0.00488993 -0.00171007 0.000249973
0 0 842 -0.00105003 0.000459967 0.0030799 0.00104992
0 0 843 0.00206983 -0.00129008 0.00201994 0.00458996
0 0 844 0.000229825 0.0017099 -0.00103013 -0.00145002
0 0 845 -0.000510248 0.00273996 -0.00247012 0.00202988
0 0 846 -0.000280247 -0.00127008 0.000229913 -0.00273006
0 0 847 -0.0020102 -0.00141011 0.000989961 -0.000470064
0 0 848 -0.00295001 0.000149896 0.00170996 -0.000270076
0 0 849 0.00300991 -0.00124007 -0.00375009 -0.00165001
0 0 850 0.00430985 0.00387987 -0.00267019 -0.000310033
0 0 851 -0.000230176 -0.00229013 -0.000890037 0.00100997
0 0 852 0.000969897 -0.000620104 -0.00136004 0.00214995
0 0 853 -0.00256017 0.00124997 0.00193983 0.000410003
0 0 854 0.00154985 0.000279926 -0.00224005 2.9803e-05
0 0 855 0.00104996 0.00278997 -0.000320191 0.00466988
0 0 856 0.00398989 0.00265994 0.00377997 -0.0017501
0 0 857 -0.000920176 -0.00312015 0.000309828 0.00277988
0 0 858 -0.000530056 -0.000380049 -0.00118009 0.00225984
0 0 859 0.00137983 0.000609826 -0.00431006 0.0012599
0 0 860 -0.000790044 0.000549988 0.00108981 -5.01104e-05
0 0 861 0.000109872 0.000499976 0.00081988 -0.00142005
0 0 862 0.00422979 -0.000620104 0.00346999 0.000579819
0 0 863 0.000229825 0.000999915 -0.00106012 -0.00377016
0 0 864 0.00106977 0.00367982 0.000379873 -0.000930177
0 0 865 0.00201975 -0.000250019 0.00247987 -0.00280019
0 0 866 -0.00517023 -0.00486002 0.00306984 0.00126989
0 0 867 0.00242996 0.00221984 -0.0013701 -0.00243018
0 0 868 0.000209741 -4.01469e-05 0.000799949 0.00201989
0 0 869 -0.00112019 0.000399954 0.000299958 -0.000970134
0 0 870 0.00115973 -0.00056009 -0.00144014 -0.000920188
0 0 871 0.000839765 -0.00439009 -0.000690155 -0.00180005
0 0 872 -0.00263005 0.00148985 0.00049984 -0.0021301
0 0 873 0.000799873 0.000469969 0.00446997 0.00241987
0 0 874 0.0014299 -0.00340004 0.000589816 0.00254993
0 0 875 -0.000800224 -0.000240017 0.00107994 0.00255992
0 0 876 -0.00205009 8.98828e-05 -0.000340123 -0.00218005
0 0 877 -0.000510248 -0.00361008 -0.000120119 -0.000780136
0 0 878 -0.00366009 0.00129998 -0.00283002 0.000209812
0 0 879 -0.00246002 0.000609826 -0.00468003 0.00323001
0 0 880 -0.0010902 0.000649835 -0.00233003 -0.00285014
0 0 881 -0.0001702 0.00111994 0.000299958 0.000199823
0 0 882 -0.00279017 -0.00195006 0.0016999 0.00184987
0 0 883 -0.00145006 -0.00332002 0.000359941 0.00142992
0 0 884 -0.00291012 -0.00224012 0.00605992 0.00549001
0 0 885 -0.00499002 4.98737e-05 0.00102982 0.00283982
0 0 886 -0.00173013 -0.00317016 -0.00118009 -0.00159007
0 0 887 0.000829861 0.000909894 0.00111999 0.00113982
0 0 888 0.00359977 -0.00153014 0.00209985 0.00190981
0 0 889 -0.00217005 -0.00490003 -0.00179017 -0.0027001
0 0 890 0.00144998 -6.01514e-05 0.00490998 0.000769817
0 0 891 -0.00402023 0.000499976 -0.00223018 -0.00300018
0 0 892 -0.00169024 -1.37751e-07 0.000939848 -0.00244017
0 0 893 0.00136992 -0.00056009 -0.00221006 -0.000790125
0 0 894 -0.00071026 -2.01423e-05 -0.00109011 -0.000200152
0 0 895 -0.00161018 -0.00288009 -0.00123001 -0.000860049
0 0 896 0.00276973 -0.00121006 -0.00398015 -0.00271009
0 0 897 -0.000410104 0.00156987 0.00176994 0.00156997
0 0 898 -0.00302017 0.00134982 -0.000680094 -0.00142005
0 0 899 -0.00048026 -0.00104002 -4.00138e-05 0.00152981
0 0 900 0.00126978 0.000129892 0.00190984 -0.00165001
0 0 901 -0.00115018 0.00294983 -0.00298017 -0.00196008
0 0 902 0.00129977 -0.00408002 0.00446997 -0.000840071
0 0 903 -0.000690176 0.0024799 0.00255998 -0.00333003
0 0 904 -0.000430188 0.00118996 0.000149808 0.00101995
0 0 905 5.98006e-05 -0.000220012 0.00117997 0.00197993
0 0 906 0.00103978 0.00250991 -0.000130179 -0.00207017
0 0 907 0.00180984 0.00183993 -0.00188015 0.00109987
0 0 908 -0.00204019 -0.00267005 -0.00104019 -0.00247014
0 0 909 0.000619945 -0.00265004 0.00478982 -0.00143004
0 0 910 0.00297992 -0.00069012 -0.00107018 -0.00279
0 0 911 0.00175977 0.000679842 -0.00266013 -0.00215008
0 0 912 -0.00165007 -0.00141011 0.00208998 -0.0038301
0 0 913 0.000279897 -0.000970008 0.000119816 -0.00247014
0 0 914 -0.00062002 -0.00284008 0.00240983 -0.0022302
0 0 915 -0.00289003 0.00118996 -0.00272011 2.9803e-05
0 0 916 -0.00145006 0.00033994 -0.000500143 0.00262984
0 0 917 -0.00318001 -0.00128008 0.00324998 -0.00134014
0 0 918 0.00159992 -0.00196006 0.00207992 -0.00169017
0 0 919 -0.00317011 -0.00555 5.98327e-05 2.9803e-05
0 0 920 -0.00167015 0.000369947 -0.00077007 3.9996e-05
0 0 921 -0.00148004 -0.00163016 -0.00120002 0.00192999
0 0 922 -0.00295001 -0.00218011 -0.000400106 -0.00101009
0 0 923 -0.000360032 -0.00129008 0.00625999 -0.000970134
0 0 924 0.00351998 -1.014e-05 0.000369812 -0.00263017
0 0 925 0.00479984 0.0017199 -0.00119015 -0.00162004
0 0 926 -0.00182009 0.00189994 -0.00212008 -0.00455013
0 0 927 -0.00185008 0.000869885 -0.000220155 0.00157996
0 0 928 0.00215979 0.00104993 0.000259905 -0.00359015
0 0 929 -0.00140026 -0.00120006 -0.00147013 0.00338984
0 0 930 -0.000950164 0.00180992 -0.000970142 -0.00246015
0 0 931 0.00180984 5.98759e-05 -0.000660163 0.000269951
0 0 932 0.00180984 0.00055999 -0.00178011 0.00010992
0 0 933 -0.00047008 -0.000740131 -0.000320191 0.00113982
0 0 934 -0.00128003 0.000619828 0.00207992 -0.000240109
0 0 935 -0.00218022 0.000569992 0.0042699 -0.00141007
0 0 936 -0.00180001 0.00106993 -4.00138e-05 0.00207983
0 0 937 0.000729717 -0.000930174 -0.00226017 -0.00712
0 0 938 -0.00093008 -0.00113004 0.00130981 6.99635e-05
0 0 939 0.00223985 -0.00118006 -0.00385012 0.000659936
0 0 940 0.00222995 0.00100992 -0.000310131 0.00248
0 0 941 0.00180984 0.000319935 -0.00356008 -0.00236006
0 0 942 -0.00302017 0.000359944 0.0019199 -0.00359015
0 0 943 -0.0031602 -0.00274006 -0.00132017 0.000149877
0 0 944 0.00177985 -0.000440063 -0.00124007 -0.000320022
0 0 945 0.000499717 -0.00147012 -0.00103013 0.000729861
0 0 946 0.00283989 0.00146985 0.000279836 -0.000740179
0 0 947 0.000779789 -4.01469e-05 -0.000910158 0.00243984
0 0 948 0.00260989 -0.000270024 0.0011999 -0.00152015
0 0 949 -0.00210017 -0.000770138 -0.00118009 -0.00301017
0 0 950 0.00229983 -0.00198006 -0.00471002 -0.00165001
0 0 951 -0.000280247 0.000689844 -0.00182017 -0.00187018
0 0 952 0.000879933 -0.00111004 -0.00158004 -0.00387005
0 0 953 -0.0038502 -0.00335002 0.00108981 -0.000620105
0 0 954 -0.00093008 0.00319989 -0.00308002 0.000410003
0 0 955 0.000759981 -0.00156014 -0.000960082 -0.00203001
0 0 956 0.000909921 0.00125997 0.000949909 -0.00143004
0 0 957 -0.00113009 3.98714e-05 0.000449917 0.00056983
0 0 958 0.0028198 0.00419994 -0.00323016 -0.000170184
0 0 959 0.00130995 0.000269924 0.00226993 0.000819967
0 0 960 -0.00144015 -0.00198006 0.000599877 -0.000180174
0 0 961 0.00248993 0.00103992 -0.00101 -0.00399013
0 0 962 0.00192979 -0.00142011 5.98327e-05 0.00188983
0 0 963 0.00620983 0.00220984 0.0026099 0.00346995
0 0 964 0.00288996 0.00231987 -0.00334007 -0.00503002
0 0 965 -0.000770236 -0.000330038 -0.00139003 -5.01104e-05
0 0 966 0.00367983 -0.00261003 0.00179993 -0.00257003
0 0 967 -0.000690176 -0.000900168 -0.000490082 -0.00342013
0 0 968 0.000799873 0.000249919 -0.000120119 -0.00115014
0 0 969 0.000739897 -0.00432007 0.00369986 -3.01321e-05
0 0 970 0.00156993 -0.00021001 -0.000540005 0.00165987
0 0 971 -0.00198021 -0.000770138 0.00117997 0.00286
0 0 972 0.00103978 0.00148985 0.000719844 -0.00152015
0 0 973 -0.00257007 -0.000490074 -0.00273017 -0.00154013
0 0 974 -0.00396025 0.00033994 -0.00148 -0.000870038
0 0 975 -0.000190008 -0.00124007 -0.000310131 5.99744e-05
0 0 976 0.00100979 -0.00324017 -0.00356008 0.00133981
0 0 977 0.000709909 0.00172991 -0.000880166 0.00113982
0 0 978 0.00148987 -1.37751e-07 -0.00138016 0.00198992
0 0 979 -0.000210092 0.00241989 -0.0041601 -0.00335
0 0 980 0.0016599 4.98737e-05 -0.00153012 -0.00143004
0 0 981 0.000599861 0.00442982 -0.00148 -0.00277002
0 0 982 0.00118972 0.000829876 -5.00744e-05 0.00178994
0 0 983 0.000959718 -0.00195006 -0.000240086 -0.00183002
0 0 984 -0.000410104 -0.00395016 -0.00154018 -0.0020402
0 0 985 -0.000830212 0.000939901 -0.00148 0.000969805
0 0 986 -0.00200002 -6.01514e-05 0.00170996 -0.00227015
0 0 987 0.0018998 0.000859883 -0.00393004 0.000589808
0 0 988 0.00194987 0.00376984 -0.00344011 -0.00155012
0 0 989 0.00414973 -0.00417004 -0.000850175 -0.00150017
0 0 990 -0.00399024 -0.000610101 -0.00153012 -0.00209014
0 0 991 -0.000190008 0.00103992 -0.00158004 0.00136998
0 0 992 -0.000600212 -0.00174001 0.000959969 -0.00225018
0 0 993 0.000439741 0.00142984 -0.00247012 0.00178994
0 0 994 -0.00337012 -0.00179002 -0.00425008 -0.000480053
0 0 995 0.000179753 -0.00284008 0.000279836 0.000439971
0 0 996 0.00110993 0.00210999 -0.000400106 -0.000480053
0 0 997 -0.00271011 -0.00155014 -0.000430098 0.00122993
0 0 998 0.0041998 -0.000750133 0.00214996 -0.00085006
0 0 999 -0.000430188 0.000229915 0.00130981 -0.00112018
0 0 1000 0.00384985 -0.000820149 0.000579945 0.00044996
0 0 1001 0.00149978 -0.00211009 0.000959969 -0.00440009
0 0 1002 0.00101997 -0.000770138 0.00337982 -0.00272007
0 0 1003 -0.000600212 0.000809872 -0.00313013 0.000329886
0 0 1004 0.000869753 -0.000360044 -0.00061005 -0.00222
0 0 1005 -0.000560044 0.00178992 -0.00061005 8.99419e-05
0 0 1006 -0.000690176 -0.00231014 -0.00121008 -6.00996e-05
0 0 1007 -0.000590032 -0.000710124 -0.00378008 0.000939837
0 0 1008 -0.0011001 -0.000290028 -0.000280139 0.00168984
0 0 1009 -0.00124014 -0.000810147 0.00133999 -0.00152015
0 0 1010 0.000469729 -0.000360044 0.000679981 -0.00135013
0 0 1011 -0.00253018 -0.000100161 0.0016999 -0.000620105
0 0 1012 0.00232981 0.000719851 -0.00194013 0.000969805
0 0 1013 -0.00290021 3.98714e-05 -0.0013701 0.00152981
0 0 1014 -0.00400014 -0.000940177 -0.000340123 -0.00169017
0 0 1015 0.00421989 0.000749858 -0.00102007 -0.00321016
0 0 1016 0.00310978 -0.000460067 -0.000810122 -0.000920188
0 0 1017 -0.00256017 -0.00113004 -0.00118009 -0.00217006
0 0 1018 0.000229825 0.00368983 0.000579945 -0.00425005
0 0 1019 -0.00136009 -0.000710124 5.98327e-05 0.00111985
0 0 1020 0.00138973 -0.00244017 0.00278985 -0.00111019
0 0 1021 0.00122989 0.00256992 -0.00402001 0.000220005
0 0 1022 -0.000680272 -0.00264004 -0.00279016 -0.000620105
0 0 1023 0.00124997 -0.000350042 0.000559824 0.00292993
