0 0 0 -0.00367592
0 0 1 -0.00387577
0 0 2 -0.00548995
0 0 3 -0.00558219
0 0 4 -0.0052901
0 0 5 0.00105902
0 0 6 0.00871486
0 0 7 0.0122507
0 0 8 0.010329
0 0 9 0.00992934
0 0 10 0.034511
0 0 11 0.0966955
0 0 12 0.143153
0 0 13 0.131654
0 0 14 0.160279
0 0 15 0.214915
0 0 16 0.225169
0 0 17 0.248044
0 0 18 0.412399
0 0 19 0.865354
0 0 20 0.999884
0 0 21 0.48596
0 0 22 0.20111
0 0 23 0.151409
0 0 24 0.145059
0 0 25 0.136512
0 0 26 0.10183
0 0 27 0.0641505
0 0 28 0.0350184
0 0 29 0.0170779
0 0 30 0.00942202
0 0 31 0.00871486
0 0 32 0.00711605
0 0 33 0.00408753
0 0 34 -0.00296875
0 0 35 -0.000847252
0 0 36 -0.00467517
0 0 37 -0.0075807
