0 0 0 4.3151 -2.95818 4.16298 3.82814
0 0 1 0.269548 -10.2406 4.67395 -2.10144
0 0 2 -1.10222 -6.00275 -0.243303 -1.08519
0 0 3 7.70964 -4.48046 2.13237 -0.915818
0 0 4 5.50087 7.37995 -2.27391 -1.25457
0 0 5 8.22115 -2.27789 -5.49235 -1.08519
0 0 6 9.05816 -11.0882 -14.6433 -0.915818
0 0 7 10.0812 -3.46561 -1.25861 0.100433
0 0 8 12.29 -0.242608 10.2614 -0.0689423
0 0 9 4.15235 1.95996 13.6524 -7.01477
0 0 10 5.84962 3.82239 7.89239 -2.4402
0 0 11 9.24416 4.32981 12.6371 -2.27082
0 0 12 1.94357 6.35952 3.48611 -5.32102
0 0 13 1.26931 10.9375 -3.62764 7.38502
0 0 14 -1.42772 9.58252 -3.62764 -1.59332
0 0 15 -2.45074 4.66996 -0.409202 -4.64352
0 0 16 6.19837 -2.27789 4.67395 -6.50665
0 0 17 2.96658 1.27967 9.92299 -10.5731
0 0 18 6.36113 -0.0753247 -2.78488 -7.69228
0 0 19 0.943807 3.48224 2.80924 -3.96602
0 0 20 2.45508 9.24238 3.65864 4.50564
0 0 21 3.31534 8.39481 5.68925 3.48938
0 0 22 0.943807 3.31496 -2.27391 6.03001
0 0 23 6.19837 2.63467 3.32021 1.62481
0 0 24 3.12933 -5.16075 10.434 -4.30477
0 0 25 6.87263 -10.0733 8.05829 2.13294
0 0 26 -1.77648 -9.05289 -8.37236 2.13294
0 0 27 -3.98526 7.2071 5.35082 -0.238318
0 0 28 -2.61349 7.03981 18.7356 -3.96602
0 0 29 -8.37956 9.74981 5.68925 1.45543
0 0 30 -1.93923 6.87253 0.606101 -3.45789
0 0 31 0.757804 0.772246 5.01238 -3.28852
0 0 32 -9.56533 2.12724 -1.08607 4.84439
0 0 33 -9.40258 -4.98789 4.50141 -3.62727
0 0 34 -3.98526 4.66996 7.71985 -5.99852
0 0 35 -4.65952 6.19224 11.6218 -5.4904
0 0 36 1.94357 2.29453 14.1567 -2.4402
0 0 37 0.757804 -2.95818 12.2987 -3.79664
0 0 38 -4.31076 -1.93775 3.65864 2.13294
0 0 39 -8.03081 -12.2759 8.39672 -3.79664
0 0 40 -1.61373 -13.2907 4.67395 2.30231
0 0 41 1.10656 -2.44518 6.20022 3.65876
0 0 42 5.17536 6.53238 -6.84609 4.33626
0 0 43 8.0584 4.66996 0.440202 7.55439
0 0 44 8.3839 7.54724 12.1261 -2.27082
0 0 45 8.89541 -4.31318 4.50141 -3.62727
0 0 46 1.78082 3.64953 7.89239 -3.28852
0 0 47 8.73266 12.2925 9.92299 -0.577068
0 0 48 -6.68229 12.4598 1.95984 5.52189
0 0 49 -6.17078 9.0751 1.6214 -0.577068
0 0 50 -6.84504 8.73495 5.85515 0.608559
0 0 51 -7.35655 11.1048 1.28297 -5.4904
0 0 52 -6.00803 14.4951 -6.16922 -4.47415
0 0 53 -5.33377 8.22753 -1.76294 -2.60957
0 0 54 -7.7053 9.0751 -3.28921 -2.94832
0 0 55 -8.54232 3.31496 3.14768 -2.60957
0 0 56 -8.89107 6.35952 -15.8245 -2.10144
0 0 57 -4.65952 4.15695 -11.7633 -4.64352
0 0 58 -2.61349 2.63467 -6.16922 -1.42394
0 0 59 3.9896 -2.95818 -6.84609 2.64106
0 0 60 3.82684 6.69967 4.50141 -2.77895
0 0 61 -1.26497 -3.46561 5.17828 -6.50665
0 0 62 0.595052 -7.5306 6.36612 -8.03103
0 0 63 2.45508 0.0919591 9.92299 -5.82915
0 0 64 6.01237 0.0919591 8.23082 -5.99852
0 0 65 -0.241958 3.31496 8.39672 -7.5229
0 0 66 0.595052 -0.755612 -7.69549 -5.65977
0 0 67 2.12957 -0.582752 -0.243303 -1.25457
0 0 68 -1.61373 10.7647 -16.3355 2.97981
0 0 69 -4.31076 8.56209 -12.9445 -2.60957
0 0 70 -2.10198 12.2925 4.33551 0.439183
0 0 71 -5.65928 7.37995 -5.83078 -1.42394
0 0 72 -2.61349 10.4301 5.35082 -1.59332
0 0 73 -7.03105 9.24238 -7.01862 -2.4402
0 0 74 -5.33377 2.97482 -4.30451 -2.94832
0 0 75 -6.51954 1.61982 -12.6061 2.64106
0 0 76 -2.79949 6.35952 -7.01862 2.47169
0 0 77 12.9642 7.2071 5.85515 4.33626
0 0 78 16.196 8.39481 -0.0707675 0.100433
0 0 79 4.15235 -3.29275 -5.66489 -0.577068
0 0 80 -5.65928 -1.60318 -4.98138 4.84439
0 0 81 -1.42772 7.54724 -13.9598 0.947309
0 0 82 -7.7053 6.02496 -1.08607 2.64106
0 0 83 -2.10198 8.05467 10.5999 5.86064
0 0 84 0.0835457 0.264819 -0.920171 2.81044
0 0 85 2.45508 15.0025 -4.64295 4.33626
0 0 86 8.73266 10.4301 -5.66489 -2.94832
0 0 87 -2.79949 2.29453 -7.86139 -3.62727
0 0 88 -5.17102 8.73495 -4.30451 2.97981
0 0 89 -2.28798 14.4951 0.778636 -5.32102
0 0 90 -4.47351 6.02496 2.13237 -2.4402
0 0 91 -7.35655 7.2071 0.606101 0.947309
0 0 92 0.595052 12.9672 -16.8398 1.96356
0 0 93 11.9412 6.87253 0.267667 1.79419
0 0 94 13.313 -7.36332 -0.920171 -2.94832
0 0 95 12.1272 -5.32803 6.53865 -3.28852
0 0 96 8.0584 -8.8856 1.79394 -3.79664
0 0 97 6.36113 -4.14032 -0.409202 -1.25457
0 0 98 -1.26497 -1.09018 -1.08607 4.84439
0 0 99 -2.79949 -5.32803 -4.13861 2.47169
0 0 100 -7.1938 -1.09018 6.87709 -2.60957
0 0 101 -7.7053 2.12724 7.71985 -4.8129
0 0 102 -9.56533 10.5974 -8.71079 5.35251
0 0 103 -4.14801 12.9672 -1.59704 5.35251
0 0 104 -7.54255 -0.582752 -7.18452 1.11668
0 0 105 -9.21657 -1.60318 -2.61234 -2.60957
0 0 106 -4.47351 7.03981 -6.34175 2.81044
0 0 107 -6.35679 6.53238 1.6214 1.79419
0 0 108 -1.77648 -4.14032 6.20022 0.269808
0 0 109 -2.61349 -9.90046 10.434 -5.99852
0 0 110 -0.590713 -11.7629 -10.0645 -10.9119
0 0 111 -0.753465 -6.34289 -10.2371 -2.60957
0 0 112 5.33811 -3.80018 0.944535 1.45543
0 0 113 4.15235 -1.09018 4.33551 2.81044
0 0 114 7.19814 -4.64775 3.48611 6.03001
0 0 115 1.10656 -3.63289 4.67395 2.13294
0 0 116 1.10656 -2.27789 0.944535 0.777934
0 0 117 -0.916217 -0.0753247 4.16298 1.28606
0 0 118 10.0812 6.87253 0.778636 10.774
0 0 119 2.96658 1.27967 -0.747636 -4.64352
0 0 120 10.7554 -4.14032 -14.1324 -0.577068
0 0 121 11.6157 4.4971 -14.3049 -3.28852
0 0 122 8.3839 3.1421 -9.04923 -4.98227
0 0 123 1.45531 -11.4283 -11.9292 -1.25457
0 0 124 -0.427961 13.1401 -9.38766 -3.96602
0 0 125 3.47809 0.772246 -8.37236 -5.4904
0 0 126 7.8724 -2.44518 -0.747636 -10.9119
0 0 127 8.0584 0.432103 12.1261 -8.03103
0 0 128 10.5927 -7.19046 7.21552 -5.99852
0 0 129 5.68687 -0.242608 -5.49235 0.947309
0 0 130 -1.93923 -4.14032 -10.2371 -2.77895
0 0 131 -3.79925 -16.5082 -10.5755 1.11668
0 0 132 1.94357 -3.12547 -7.18452 5.35251
0 0 133 3.9896 -5.32803 1.28297 1.28606
0 0 134 4.82661 -0.582752 -1.08607 -1.76269
0 0 135 -3.28775 9.0751 5.51671 2.64106
0 0 136 0.4323 14.1549 10.5999 6.53814
0 0 137 -3.6365 9.58252 3.32021 -5.65977
0 0 138 -4.31076 -4.31318 -3.96608 -2.94832
0 0 139 -5.17102 -8.37817 -5.83078 1.11668
0 0 140 8.0584 -10.0733 -3.46175 -2.60957
0 0 141 3.47809 5.51753 -7.18452 3.82814
0 0 142 -0.590713 5.34467 -7.01862 -2.10144
0 0 143 -5.33377 -1.60318 -0.243303 -2.94832
0 0 144 -3.28775 9.58252 -1.08607 -2.4402
0 0 145 4.82661 -2.44518 3.99708 -2.77895
0 0 146 5.17536 -2.78532 4.50141 5.18314
0 0 147 3.82684 -7.87075 -1.25861 -0.0689423
0 0 148 5.50087 -10.748 1.28297 2.97981
0 0 149 11.1042 -6.68303 2.13237 0.100433
0 0 150 2.80383 -0.922896 -4.98138 -5.15165
0 0 151 0.269548 4.32981 -1.76294 -0.407693
0 0 152 7.03539 -2.27789 10.5999 3.65876
0 0 153 2.80383 -5.16075 9.92299 9.75772
0 0 154 6.19837 -1.43032 13.9908 1.28606
0 0 155 5.01261 -9.56031 6.20022 2.13294
0 0 156 4.5011 -4.98789 0.0951316 -4.47415
0 0 157 -2.79949 2.12724 -6.50765 -5.65977
0 0 158 4.15235 -2.44518 -3.28921 -5.32102
0 0 159 -0.590713 -9.22575 -6.00332 -4.30477
0 0 160 -1.93923 -6.34289 -6.16922 -4.30477
0 0 161 9.24416 -1.77047 11.7877 -4.1354
0 0 162 3.82684 0.0919591 1.28297 -8.53915
0 0 163 2.64108 -4.98789 -0.581737 -3.28852
0 0 164 -2.79949 5.00453 -4.64295 -6.1679
0 0 165 -3.125 -2.44518 10.0955 -7.5229
0 0 166 0.595052 5.51753 5.51671 1.96356
0 0 167 0.0835457 0.772246 -4.81548 -4.47415
0 0 168 1.94357 -0.0753247 -4.30451 -3.45789
0 0 169 -1.61373 0.432103 -0.581737 -7.18415
0 0 170 -1.93923 -0.0753247 -10.2371 -5.32102
0 0 171 1.61807 -2.95818 -7.01862 -7.18415
0 0 172 2.45508 -6.68303 1.95984 -7.18415
0 0 173 5.84962 2.29453 1.6214 -8.03103
0 0 174 2.45508 -0.0753247 3.82454 0.439183
0 0 175 -1.42772 7.37995 1.6214 -4.1354
0 0 176 2.96658 3.64953 4.83985 -3.62727
0 0 177 2.64108 -9.73317 0.267667 -5.15165
0 0 178 -0.916217 -11.4283 0.944535 -8.70853
0 0 179 3.82684 -19.5583 4.16298 -9.8956
0 0 180 -0.241958 -5.16075 2.29827 -0.577068
0 0 181 -2.96224 6.53238 -2.43981 4.84439
0 0 182 0.0835457 -7.36332 -10.0645 -4.30477
0 0 183 2.64108 -7.87075 -0.243303 -12.2669
0 0 184 2.80383 -2.11061 -4.13861 -9.04728
0 0 185 2.12957 -1.26304 -9.22176 -4.64352
0 0 186 8.5699 -8.03803 -5.15392 -3.96602
0 0 187 1.94357 3.48224 -1.76294 2.13294
0 0 188 -4.47351 3.1421 0.606101 -0.915818
0 0 189 -2.28798 4.83724 -0.581737 0.777934
0 0 190 1.45531 6.87253 -7.01862 6.03001
0 0 191 0.269548 3.48224 3.65864 -1.76269
0 0 192 -1.42772 -12.4432 5.01238 4.50564
0 0 193 -5.49653 -6.17561 -2.10137 1.28606
0 0 194 1.94357 -16.3409 -4.64295 0.608559
0 0 195 9.91842 -9.39303 0.440202 7.72377
0 0 196 7.70964 8.90224 7.55396 -2.10144
0 0 197 3.64084 14.8352 5.17828 -5.4904
0 0 198 3.31534 12.2925 5.17828 -0.915818
0 0 199 12.9642 7.7201 11.1108 -0.746443
0 0 200 9.24416 3.48224 16.0214 2.81044
0 0 201 13.8012 -0.922896 20.6003 3.65876
0 0 202 10.4299 -5.49532 13.8183 2.97981
0 0 203 4.5011 1.61982 11.9602 -3.79664
0 0 204 8.5699 -13.1235 2.13237 -2.4402
0 0 205 3.64084 -12.2759 -2.95078 0.947309
0 0 206 0.595052 1.7871 -2.78488 -7.5229
0 0 207 -1.93923 -0.415468 -5.49235 -1.25457
0 0 208 -7.1938 -7.5306 -1.08607 2.97981
0 0 209 -1.61373 5.8521 -5.66489 7.21564
0 0 210 3.64084 7.2071 3.14768 8.06252
0 0 211 11.9412 -3.12547 0.778636 -0.238318
0 0 212 16.3588 -13.458 -6.50765 1.45543
0 0 213 13.313 -4.31318 3.32021 0.269808
0 0 214 7.19814 7.37995 5.17828 1.45543
0 0 215 7.03539 19.2404 5.51671 1.62481
0 0 216 6.87263 14.1549 13.4799 -10.2344
0 0 217 12.6155 6.19224 -2.78488 -6.1679
0 0 218 10.0812 2.80196 -4.81548 2.81044
0 0 219 13.6385 -9.56031 3.32021 0.947309
0 0 220 27.5421 -9.73317 11.4493 6.19939
0 0 221 29.4022 -4.48046 2.80924 0.439183
0 0 222 33.471 -2.27789 10.434 7.04626
0 0 223 42.4456 -0.755612 9.24613 -1.76269
0 0 224 45.4914 -3.97304 2.13237 -8.36978
0 0 225 50.5832 1.95996 1.4555 -8.70853
0 0 226 63.1151 6.87253 -11.0798 -0.407693
0 0 227 84.4589 -1.60318 -12.7786 -3.96602
0 0 228 126.984 -5.83546 -15.8245 -0.238318
0 0 229 192.364 1.44696 -10.403 4.67501
0 0 230 334.353 4.32981 10.9383 8.90939
0 0 231 534.259 -21.7609 75.3204 6.87689
0 0 232 797.36 -55.4741 173.579 -4.47415
0 0 233 1029.28 -99.6928 315.887 -15.1462
0 0 234 1103.31 -145.607 389.586 -25.9891
0 0 235 1053.67 -164.917 362.479 -24.2954
0 0 236 978.619 -161.019 291.998 -16.3333
0 0 237 927.794 -137.465 230.164 -17.6883
0 0 238 953.392 -134.248 185.776 -12.775
0 0 239 1036.91 -131.884 173.068 -12.2669
0 0 240 1162.27 -151.194 172.564 -21.5839
0 0 241 1309.66 -180.167 177.647 -31.7493
0 0 242 1439.93 -185.409 162.57 -38.1871
0 0 243 1504.84 -156.106 131.056 -43.9473
0 0 244 1508.56 -82.5797 101.406 -29.0393
0 0 245 1483.64 16.1902 87.1789 -16.5027
0 0 246 1434.35 92.5943 107.001 -13.1137
0 0 247 1367.27 141.898 123.431 -8.2004
0 0 248 1298.98 175.612 165.616 -4.64352
0 0 249 1238.16 180.017 204.41 4.50564
0 0 250 1222.07 167.136 224.066 1.79419
0 0 251 1288.48 122.243 215.591 -5.82915
0 0 252 1377.08 57.5261 138.681 -30.0556
0 0 253 1419.96 -5.32803 20.9387 -55.2983
0 0 254 1351.83 -12.9506 -45.3015 -60.0408
0 0 255 1184.64 -8.20532 -7.35706 -36.6627
0 0 256 966.761 -14.4785 140.207 -7.69228
0 0 257 742.628 -31.0786 272.01 16.5342
0 0 258 540.862 -66.487 313.518 31.1033
0 0 259 380.086 -84.7822 255.912 34.831
0 0 260 254.209 -86.4774 180.016 18.9054
0 0 261 163.742 -62.7621 118.859 16.026
0 0 262 107.337 -37.006 75.9973 5.52189
0 0 263 68.5324 -32.941 41.6031 0.947309
0 0 264 46.8399 -25.1512 15.3446 5.86064
0 0 265 36.6795 -22.4412 9.92299 7.55439
0 0 266 30.9134 -20.746 3.82454 3.82814
0 0 267 19.7533 -20.2386 8.74179 -5.32102
0 0 268 17.5445 -12.103 -1.25861 -0.238318
0 0 269 9.56967 -9.73317 4.83985 1.28606
0 0 270 3.31534 -2.95818 8.74179 -4.8129
0 0 271 0.269548 -3.29275 -9.22176 -7.86165
0 0 272 8.73266 -8.54546 -2.95078 -8.8779
0 0 273 3.9896 -12.2759 -2.27391 -7.18415
0 0 274 -5.65928 -11.0882 -0.243303 -0.577068
0 0 275 -1.42772 -15.8335 0.606101 -2.10144
0 0 276 8.5699 -13.458 -2.10137 -1.25457
0 0 277 3.82684 7.88738 6.53865 0.608559
0 0 278 5.33811 -5.83546 2.97514 -0.915818
0 0 279 7.70964 -9.05289 3.65864 0.269808
0 0 280 7.19814 -6.68303 9.7571 0.100433
0 0 281 7.8724 -0.755612 9.41866 -1.42394
0 0 282 2.12957 1.7871 4.16298 -1.59332
0 0 283 2.80383 7.54724 -6.16922 -3.28852
0 0 284 4.15235 8.90224 -6.84609 -1.59332
0 0 285 9.40692 8.05467 -3.80018 -5.15165
0 0 286 1.26931 4.15695 -1.76294 -3.11914
0 0 287 -2.79949 -3.29275 2.13237 -4.64352
0 0 288 0.943807 -4.14032 5.01238 -3.79664
0 0 289 3.9896 -4.98789 12.4646 -5.15165
0 0 290 2.12957 0.264819 6.02768 -7.01477
0 0 291 0.4323 -1.77047 -0.581737 -5.15165
0 0 292 1.78082 2.80196 0.440202 -0.238318
0 0 293 -4.65952 1.61982 2.80924 -0.238318
0 0 294 -1.10222 -0.922896 -3.28921 -5.82915
0 0 295 -4.47351 -7.69789 -5.31982 -11.0812
0 0 296 -6.51954 -10.0733 9.24613 -6.1679
0 0 297 -5.17102 -2.78532 8.90769 -0.407693
0 0 298 -11.0998 1.27967 -8.88333 3.32001
0 0 299 -4.14801 -2.27789 -2.61234 2.13294
0 0 300 -1.77648 1.61982 -0.243303 0.777934
0 0 301 -1.61373 -2.95818 3.48611 -3.62727
0 0 302 -0.241958 4.83724 8.23082 -0.238318
0 0 303 -0.0792064 -5.32803 3.82454 -1.93207
0 0 304 -4.31076 0.93953 4.33551 -6.50665
0 0 305 0.943807 -2.78532 -1.59704 -9.04728
0 0 306 -4.98502 -1.43032 0.267667 -4.1354
0 0 307 3.82684 -6.85032 2.29827 4.16689
0 0 308 3.82684 -4.64775 0.267667 11.1127
0 0 309 -2.10198 10.09 6.70455 6.53814
0 0 310 -5.33377 1.61982 10.7724 1.28606
0 0 311 -2.10198 2.12724 -6.16922 -0.746443
0 0 312 -5.84528 -0.755612 -7.86139 -0.407693
0 0 313 -2.96224 -0.242608 -1.25861 0.100433
0 0 314 0.757804 13.4802 -0.747636 1.62481
0 0 315 -2.61349 -1.26304 3.65864 1.79419
0 0 316 -7.03105 -5.49532 4.67395 3.48938
0 0 317 -7.35655 -1.93775 6.20022 2.81044
0 0 318 -9.21657 -7.19046 2.80924 10.9433
0 0 319 -4.98502 -13.7982 1.28297 5.18314
0 0 320 -0.753465 -4.82061 14.1567 3.32001
0 0 321 3.82684 5.51753 12.2987 0.777934
0 0 322 6.68663 6.19224 -2.78488 -1.25457
0 0 323 0.0835457 -4.48046 -6.50765 3.99751
0 0 324 -7.7053 6.02496 0.606101 2.30231
0 0 325 -7.1938 5.8521 5.17828 8.23189
0 0 326 -5.33377 4.83724 4.83985 4.33626
0 0 327 -4.98502 0.599387 2.13237 3.99751
0 0 328 -1.26497 -2.78532 -1.76294 8.90939
0 0 329 4.66385 -4.31318 1.95984 10.0965
0 0 330 9.05816 -5.66818 -4.13861 7.21564
0 0 331 1.45531 -10.5807 -3.46175 7.38502
0 0 332 -4.82227 3.82239 -2.43981 11.1127
0 0 333 -2.45074 -4.14032 -2.78488 3.99751
0 0 334 -0.241958 -3.46561 -7.18452 -1.42394
0 0 335 0.943807 8.22753 -0.409202 -1.93207
0 0 336 4.66385 9.24238 0.944535 -0.0689423
0 0 337 -2.45074 5.8521 -6.84609 4.50564
0 0 338 -0.0792064 1.7871 -10.403 4.67501
0 0 339 1.26931 -0.0753247 -0.747636 -6.33727
0 0 340 5.01261 3.82239 3.82454 -6.1679
0 0 341 3.47809 6.87253 -3.80018 -2.4402
0 0 342 -5.17102 6.69967 -4.64295 6.87689
0 0 343 -6.84504 -1.09018 -5.15392 6.70751
0 0 344 -2.96224 -5.32803 -13.9598 8.06252
0 0 345 -2.96224 -10.9209 6.36612 11.4515
0 0 346 -3.28775 -4.14032 7.21552 5.35251
0 0 347 -4.14801 -4.82061 -3.62764 8.23189
0 0 348 5.33811 -2.78532 6.20022 7.72377
0 0 349 -0.427961 -16.8483 -2.78488 7.38502
0 0 350 2.29232 -14.1383 -6.16922 7.04626
0 0 351 1.26931 -14.9859 -2.78488 6.19939
0 0 352 5.50087 -11.5956 -13.283 3.99751
0 0 353 12.4527 -12.6105 1.4555 -2.27082
0 0 354 1.78082 -3.29275 -0.0707675 4.50564
0 0 355 1.10656 -2.27789 -1.25861 1.28606
0 0 356 2.80383 -13.2907 -2.43981 3.65876
0 0 357 -0.427961 -6.51575 -4.30451 -2.77895
0 0 358 7.54689 9.91709 -0.409202 -7.86165
0 0 359 3.47809 9.74981 0.944535 -1.08519
0 0 360 0.757804 2.97482 -6.50765 -2.10144
0 0 361 1.10656 -5.66818 -1.76294 -0.577068
0 0 362 -2.96224 -1.77047 -2.78488 1.79419
0 0 363 -0.916217 1.27967 -0.409202 9.58834
0 0 364 5.01261 2.46739 -4.81548 5.86064
0 0 365 4.5011 2.80196 -1.4245 7.04626
0 0 366 8.5699 3.31496 3.65864 2.13294
0 0 367 9.05816 -2.78532 6.70455 -4.8129
0 0 368 -0.916217 2.63467 -0.920171 -10.7425
0 0 369 2.64108 4.15695 -3.46175 -9.38603
0 0 370 -2.61349 0.0919591 8.74179 0.947309
0 0 371 -0.241958 -4.14032 1.4555 2.97981
0 0 372 3.9896 -3.63289 -2.78488 5.01376
0 0 373 6.68663 -6.17561 -7.01862 5.52189
0 0 374 9.24416 -2.11061 -4.13861 4.16689
0 0 375 2.45508 -2.11061 -0.243303 -1.42394
0 0 376 -10.4023 -1.26304 -6.84609 -2.77895
0 0 377 -10.2396 1.27967 -4.47705 3.99751
0 0 378 -4.98502 -2.27789 -2.10137 1.96356
0 0 379 -6.00803 -17.523 3.14768 0.439183
0 0 380 -2.79949 -12.2759 7.38142 6.19939
0 0 381 3.82684 1.95996 7.55396 6.19939
0 0 382 4.82661 3.31496 -6.50765 4.16689
0 0 383 5.84962 -6.85032 4.16298 0.947309
0 0 384 1.78082 -9.39303 2.29827 4.50564
0 0 385 -3.6365 -5.32803 -11.9292 2.64106
0 0 386 -11.5881 -7.19046 -3.96608 2.64106
0 0 387 -5.33377 6.69967 0.440202 3.65876
0 0 388 -2.28798 4.15695 2.63671 8.23189
0 0 389 1.45531 -4.48046 -1.25861 7.89314
0 0 390 -1.26497 1.7871 -0.920171 6.70751
0 0 391 -3.125 -2.44518 5.68925 0.100433
0 0 392 -2.79949 0.772246 0.778636 -2.27082
0 0 393 -1.93923 -4.31318 3.99708 -2.60957
0 0 394 1.10656 -17.1885 10.7724 0.777934
0 0 395 -1.42772 -4.82061 1.95984 -0.746443
0 0 396 -2.96224 2.80196 0.0951316 -0.238318
0 0 397 -2.10198 3.82239 -2.10137 1.45543
0 0 398 -2.45074 9.0751 -6.34175 4.16689
0 0 399 -3.79925 6.02496 -3.12331 0.947309
0 0 400 -9.56533 -3.46561 0.606101 8.40127
0 0 401 -6.17078 1.27967 -5.31982 2.47169
0 0 402 -1.61373 6.19224 9.92299 3.99751
0 0 403 -5.65928 -3.63289 12.4646 5.69126
0 0 404 -7.1938 4.32981 5.68925 -1.25457
0 0 405 -6.17078 0.93953 6.70455 -4.1354
0 0 406 -3.79925 -3.12547 3.48611 -7.69228
0 0 407 -2.10198 2.97482 4.50141 -4.64352
0 0 408 0.0835457 2.46739 -0.920171 -3.96602
0 0 409 0.757804 -2.78532 5.01238 0.608559
0 0 410 8.0584 -0.415468 3.32021 2.64106
0 0 411 2.45508 -1.26304 6.36612 1.11668
0 0 412 -3.6365 -6.85032 0.606101 2.47169
0 0 413 -7.54255 -2.27789 5.35082 0.100433
0 0 414 -5.49653 -0.755612 -8.71079 2.97981
0 0 415 -6.00803 -2.44518 -2.61234 2.13294
0 0 416 4.3151 8.39481 13.6524 -3.62727
0 0 417 2.29232 10.9375 7.38142 1.11668
0 0 418 -5.49653 4.15695 4.83985 0.777934
0 0 419 -14.8199 -3.80018 -3.62764 -3.28852
0 0 420 -10.9138 0.772246 -5.15392 2.81044
0 0 421 -6.84504 0.264819 3.82454 -0.915818
0 0 422 -1.42772 -5.49532 -3.96608 1.96356
0 0 423 -1.93923 -9.73317 -8.37236 1.62481
0 0 424 -3.79925 7.88738 0.778636 7.72377
0 0 425 0.269548 0.93953 3.99708 8.74002
0 0 426 5.50087 -1.26304 9.08023 0.947309
0 0 427 6.19837 -6.00275 7.21552 3.65876
0 0 428 9.05816 -8.54546 2.63671 1.62481
0 0 429 0.0835457 -1.09018 -0.243303 -2.94832
0 0 430 3.31534 -2.44518 -0.920171 -1.59332
0 0 431 6.01237 -2.44518 2.80924 -0.238318
0 0 432 1.10656 -6.00275 10.9383 -0.915818
0 0 433 -0.916217 5.34467 12.803 2.30231
0 0 434 -6.35679 0.264819 7.71985 5.52189
0 0 435 -2.10198 2.63467 6.20022 -2.60957
0 0 436 -0.241958 -3.29275 1.11707 -2.4402
0 0 437 -4.14801 -1.60318 -11.5908 6.36876
0 0 438 -3.6365 -3.12547 -8.03393 2.64106
0 0 439 -7.35655 0.599387 -2.10137 -3.11914
0 0 440 -2.45074 -1.77047 10.7724 -3.28852
0 0 441 -3.28775 -6.85032 11.2767 0.947309
0 0 442 3.82684 -6.17561 -0.409202 4.50564
0 0 443 10.4299 -7.5306 -4.13861 -0.746443
0 0 444 6.36113 -19.2182 5.17828 -3.11914
0 0 445 2.96658 -6.85032 10.5999 -3.79664
0 0 446 0.0835457 -1.09018 7.04299 -3.62727
0 0 447 4.5011 3.64953 8.39672 -3.11914
0 0 448 -2.45074 12.1197 10.0955 1.28606
0 0 449 -6.84504 7.37995 -0.920171 8.06252
0 0 450 -9.40258 9.91709 -4.13861 10.9433
0 0 451 -0.0792064 -4.82061 -8.19982 3.48938
0 0 452 3.9896 -2.61804 -11.5908 -1.08519
0 0 453 0.595052 9.91709 -9.89863 -3.62727
0 0 454 -10.5883 11.7851 -9.22176 -3.79664
0 0 455 -8.03081 7.03981 -16.3355 8.57064
0 0 456 -6.68229 11.1048 -5.15392 1.96356
0 0 457 -5.65928 14.8352 -3.96608 0.947309
0 0 458 -0.753465 6.87253 -3.80018 -4.8129
0 0 459 -3.47375 3.98967 3.82454 2.30231
0 0 460 -1.77648 7.2071 3.14768 -4.64352
0 0 461 0.0835457 1.11239 -7.18452 -3.96602
0 0 462 -1.10222 -11.4283 -8.19982 5.18314
0 0 463 4.3151 -1.77047 -3.80018 5.52189
0 0 464 13.8012 6.02496 -4.13861 0.439183
0 0 465 11.2669 12.7999 0.944535 0.777934
0 0 466 -2.61349 21.7775 -0.409202 0.777934
0 0 467 -15.1454 15.0025 0.606101 -1.08519
0 0 468 -4.98502 9.0751 3.14768 -1.08519
0 0 469 -0.753465 3.64953 0.0951316 -6.8454
0 0 470 3.47809 -1.43032 0.944535 -3.62727
0 0 471 4.66385 -2.78532 -4.13861 -0.238318
0 0 472 -1.10222 4.4971 3.82454 -1.42394
0 0 473 0.4323 0.599387 -5.31982 0.947309
0 0 474 -1.10222 -1.43032 -1.4245 0.100433
0 0 475 2.64108 -0.922896 1.4555 0.439183
0 0 476 1.94357 -5.49532 -12.4402 7.89314
0 0 477 3.12933 -4.48046 -4.47705 6.03001
0 0 478 4.66385 -17.523 -2.61234 6.70751
0 0 479 6.36113 -19.8985 -5.49235 0.608559
0 0 480 -0.0792064 -4.98789 -7.69549 -8.53915
0 0 481 -1.77648 -3.29275 -0.747636 -7.5229
0 0 482 5.01261 -12.9506 2.80924 -6.1679
0 0 483 -2.45074 -6.34289 3.48611 -0.0689423
0 0 484 -7.1938 -1.60318 -2.78488 -1.59332
0 0 485 -6.35679 1.95996 -1.08607 0.269808
0 0 486 -3.6365 1.7871 -5.83078 0.947309
0 0 487 -2.96224 4.66996 -8.88333 0.777934
0 0 488 -3.125 2.29453 -4.30451 2.64106
0 0 489 0.0835457 2.97482 -5.83078 4.16689
