0 0 0 4.40437 -7.24674 -5.6909 0.658123
0 0 1 -3.46571 -15.528 0.481829 0.858591
0 0 2 4.9572 -9.0033 -2.13584 2.76607
0 0 3 -6.81996 5.7433 -5.16397 -0.688855
0 0 4 1.38467 -9.34654 -6.44381 0.473855
0 0 5 -7.53951 5.3582 5.96914 10.4029
0 0 6 3.9031 4.61387 11.2805 0.0640109
0 0 7 13.4722 2.94939 -1.21596 0.23127
0 0 8 8.77981 -1.22434 -3.43268 -0.696955
0 0 9 -3.75858 -6.25962 -6.82026 -13.0178
0 0 10 15.4795 5.58424 1.67818 -0.111347
0 0 11 -0.496469 -0.865117 -0.0281074 3.00825
0 0 12 2.15468 -9.87321 11.2135 -3.00577
0 0 13 -6.64446 -7.69881 11.7069 5.9861
0 0 14 -0.897926 -0.379551 16.6758 -6.80331
0 0 15 0.95031 3.32613 7.9349 -3.95911
0 0 16 -1.23247 1.10074 -0.705523 -2.54571
0 0 17 7.95935 14.9188 10.8625 0.348715
0 0 18 6.68807 4.43806 -9.39644 -3.69992
0 0 19 4.06983 -0.915348 3.41796 -5.48144
0 0 20 3.46764 -3.89268 2.93302 5.96099
0 0 21 2.55614 -9.63042 5.72667 7.24884
0 0 22 -2.72971 -2.88882 -0.203586 6.02822
0 0 23 7.32426 8.76249 4.03688 -5.59848
0 0 24 2.45632 2.95777 -0.0366064 0.716441
0 0 25 8.97177 2.80707 5.72667 1.74551
0 0 26 -3.59953 -0.580475 11.13 4.32161
0 0 27 -6.44373 -2.95579 -5.38144 -1.18213
0 0 28 3.14955 -0.070554 -2.26133 -5.50655
0 0 29 0.314122 4.43806 4.97377 -3.44883
0 0 30 4.89029 6.11927 -2.94724 -2.8049
0 0 31 -2.97212 -8.75214 -1.60091 -2.71297
0 0 32 -4.57027 6.4374 -13.7959 -3.68331
0 0 33 9.25586 25.701 9.80016 -4.2268
0 0 34 -0.890248 0.105254 3.24248 0.582796
0 0 35 -2.6968 -18.7565 0.833285 7.80124
0 0 36 -6.28468 5.31634 2.15512 1.48591
0 0 37 7.29903 2.71498 -13.8379 6.54619
0 0 38 2.17991 -3.39113 -11.4872 -4.20169
0 0 39 -3.77613 -7.81602 -8.40956 -11.1277
0 0 40 -5.95014 -1.10714 -9.42993 -3.39861
0 0 41 -5.21413 9.59891 -9.00299 4.02881
0 0 42 -5.19768 -2.8051 -2.84676 4.2633
0 0 43 -2.86353 -3.3995 0.883779 4.94893
0 0 44 -3.90995 2.07948 -3.22321 -3.26496
0 0 45 0.606988 2.03763 6.2786 -4.06805
0 0 46 3.01573 -3.08137 6.78904 -0.320724
0 0 47 -3.1904 -1.00668 -4.63703 3.66068
0 0 48 0.498397 -8.13339 2.70705 9.31548
0 0 49 -0.145469 -2.27843 6.69705 9.73342
0 0 50 -10.7512 -2.78835 -1.33294 7.89317
0 0 51 -12.4239 -4.18569 -3.91762 -6.85353
0 0 52 -8.47624 -3.09811 5.10775 -5.75764
0 0 53 -6.63678 -6.90425 0.0218863 -2.42867
0 0 54 -0.856245 -3.44136 -5.7159 -2.11076
0 0 55 2.58137 3.47606 -1.01498 -1.70901
0 0 56 -3.84304 7.8256 3.81091 0.950927
0 0 57 -5.08909 -0.480013 1.08425 9.13931
0 0 58 -7.58997 -7.99944 -6.07585 2.75756
0 0 59 -11.9555 -3.74198 -10.0489 -0.421161
0 0 60 -2.38748 -5.33111 -1.95187 -1.99372
0 0 61 2.54736 7.85072 -3.41568 -3.44073
0 0 62 3.66069 0.22246 8.85478 -3.87568
0 0 63 6.11989 -4.8463 15.212 -0.973154
0 0 64 0.373353 7.24034 8.00189 3.59386
0 0 65 -1.70084 7.41615 6.67156 7.65869
0 0 66 -1.45843 -5.77482 4.02039 5.31707
0 0 67 -10.568 -1.67642 -8.43456 3.75302
0 0 68 -11.9139 -4.26104 -16.0876 8.20299
0 0 69 -8.44334 -2.31192 -0.756016 -5.21375
0 0 70 1.9035 -4.23592 10.4441 -1.83456
0 0 71 1.82013 -9.56345 3.1085 1.53613
0 0 72 -3.29021 -4.06848 -6.96224 -0.220288
0 0 73 -7.63165 -6.67821 -7.12972 -0.496488
0 0 74 0.0552594 -3.86756 1.85366 -1.383
0 0 75 -5.156 -1.5341 -2.40381 -0.144961
0 0 76 -9.25393 -0.0872977 -7.06273 2.07152
0 0 77 -6.00937 -2.85533 -4.59504 -1.34129
0 0 78 -7.07114 0.966792 -7.59816 -1.37449
0 0 79 -7.86638 4.7813 -3.07273 -6.07555
0 0 80 0.807716 -0.580475 -1.21596 -3.91739
0 0 81 -1.49243 -2.27006 -4.00111 -0.939541
0 0 82 -2.49607 1.10911 0.573817 2.48987
0 0 83 -6.44373 -2.93905 -3.88413 0.74155
0 0 84 -5.93368 1.92879 -4.0516 1.14329
0 0 85 0.807716 1.42724 4.35484 2.50647
0 0 86 5.89393 5.37494 10.4356 0.917313
0 0 87 -1.48366 -6.02597 9.30673 -2.5121
0 0 88 -8.46856 -4.85467 1.18474 -2.67125
0 0 89 -4.26095 -3.41624 0.189365 -4.30213
0 0 90 -0.990064 -3.71687 3.02501 -5.48995
0 0 91 0.0135781 4.32085 -4.1266 -3.50755
0 0 92 -6.67846 -8.14176 -3.71665 1.62847
0 0 93 -7.6481 3.91976 -9.85638 -0.471379
0 0 94 -2.6968 -4.67887 -5.62391 0.599401
0 0 95 1.4099 -7.02907 3.43446 -3.0977
0 0 96 -2.27012 -8.52686 -4.9045 -4.92094
0 0 97 1.51081 -0.69768 2.09663 -5.39802
0 0 98 -1.04052 4.48829 7.44946 -12.1232
0 0 99 -2.88876 0.832843 -0.421058 -6.08365
0 0 100 2.89946 8.04327 -4.72052 3.13379
0 0 101 -6.10918 1.81996 -4.79601 4.99065
0 0 102 -1.70961 -7.90735 -6.12585 5.89417
0 0 103 -8.30074 -12.107 -9.98186 7.63398
0 0 104 -5.85032 -3.80896 -2.13584 -0.153466
0 0 105 1.13459 -7.50626 -0.939993 -1.29107
0 0 106 -0.805788 -3.49159 -5.74939 -0.847609
0 0 107 -3.5754 4.18766 -2.23633 -6.28453
0 0 108 -3.41635 -2.35378 -0.354567 -2.21929
0 0 109 0.691447 0.933305 -0.00311056 -1.91839
0 0 110 -4.52859 7.17336 -0.613534 3.1589
0 0 111 -9.17934 -1.2076 2.36409 8.529
0 0 112 -6.93733 -2.46261 -5.04698 6.84791
0 0 113 2.38064 -0.722796 8.6793 1.4527
0 0 114 -0.756429 2.19669 -2.58779 3.85345
0 0 115 -2.77139 -1.16574 5.34172 -2.43677
0 0 116 -9.7892 -2.14448 -0.0116095 4.99915
0 0 117 -9.03675 10.2428 -2.54579 1.22672
0 0 118 -2.20321 -1.21597 -7.18821 1.53613
0 0 119 -5.96659 -2.06914 -12.3406 1.63657
0 0 120 -5.87555 -9.58019 -4.81251 -2.41166
0 0 121 -1.99371 -13.177 -2.26133 0.440647
0 0 122 -3.12349 0.699654 1.23473 2.19706
0 0 123 0.5324 1.97065 -0.513547 -7.99923
0 0 124 0.632216 1.96228 -3.86763 -5.59038
0 0 125 -5.95014 -2.04402 -6.54429 -3.63309
0 0 126 -6.40205 -4.06848 -5.59041 2.2975
0 0 127 -3.69167 -16.1384 -1.06548 1.00115
0 0 128 0.657444 -12.2067 1.15125 0.315101
0 0 129 4.48883 -5.14769 -2.34532 5.44261
0 0 130 0.507172 2.8573 6.13662 0.649619
0 0 131 -6.10918 -11.0361 -0.346068 -4.00122
0 0 132 -3.96808 -7.4058 -4.36107 -1.03998
0 0 133 -7.06237 -8.19199 -6.12585 -0.496488
0 0 134 -2.89753 -4.36987 -0.914997 -2.47038
0 0 135 -8.27551 3.67698 -5.79939 -3.27347
0 0 136 -2.71326 0.874702 -4.77901 -3.52415
0 0 137 -8.18338 2.08786 -1.09047 4.78168
0 0 138 -2.12752 7.10639 0.674305 10.8625
0 0 139 0.214306 1.62741 4.78979 3.66918
0 0 140 -0.747654 -9.24608 6.01114 7.02327
0 0 141 -5.01341 -8.45989 8.57882 6.63003
0 0 142 -5.08909 -5.71621 1.59469 2.13024
0 0 143 0.306444 -1.97705 2.24711 2.64862
0 0 144 -4.42767 -6.51078 6.04463 5.25024
0 0 145 -8.59361 -8.61058 6.2786 4.12074
0 0 146 -2.73848 -8.0999 -1.42493 0.256379
0 0 147 -0.471241 -4.08523 3.69393 -0.203684
0 0 148 -1.14911 1.33515 0.515325 -7.31359
0 0 149 -1.7513 1.66926 -0.24558 -3.0977
0 0 150 -0.212378 1.51933 -4.97999 1.4442
0 0 151 0.272441 0.523846 -0.739019 -1.41621
0 0 152 -2.23611 -6.81216 -8.75202 4.78168
0 0 153 -4.74577 -14.0972 0.590815 1.36077
0 0 154 -3.43281 6.32857 -11.4457 2.10513
0 0 155 -8.72743 -0.0956695 -8.20858 2.2975
0 0 156 -8.02433 -3.8257 -5.51542 2.05491
0 0 157 -4.97172 1.3519 -6.25133 2.11364
0 0 158 -5.17245 -6.99558 -10.3918 -1.78434
0 0 159 0.189078 5.93509 -11.6127 -0.529696
0 0 160 4.47128 11.9248 4.59731 -0.270506
0 0 161 2.19636 9.62403 1.78667 1.77872
0 0 162 -6.66091 -7.48952 -9.82288 2.0213
0 0 163 -1.10743 -0.0454386 -1.6594 -1.81795
0 0 164 5.18316 4.73107 4.83179 -2.38655
0 0 165 4.83106 -4.98862 4.17937 -4.26851
0 0 166 -1.41675 -9.38003 4.06188 -1.43322
0 0 167 -4.93004 -6.0176 -7.48068 -0.44627
0 0 168 -1.85989 -2.81347 1.97914 -9.06191
0 0 169 0.816491 5.33308 9.92565 -10.0318
0 0 170 2.91591 1.7781 5.09925 -8.22521
0 0 171 -2.92276 0.448499 -3.11472 1.00115
0 0 172 -7.66455 -10.9273 -6.87025 5.18342
0 0 173 -6.40205 6.26997 -1.24945 -0.839105
0 0 174 0.691447 4.56363 -1.60091 -3.21474
0 0 175 -1.7513 5.25774 -7.63166 -0.881223
0 0 176 -2.62989 -0.739539 0.498827 -1.98521
0 0 177 0.858173 7.77537 -3.55817 0.816877
0 0 178 -1.49243 7.68328 5.27473 4.86551
0 0 179 -4.73809 5.86051 -10.9857 6.57981
0 0 180 -2.68035 -1.48387 -4.93799 8.35283
0 0 181 4.20364 -5.79156 -1.7264 4.93233
0 0 182 8.28622 6.56298 1.46921 0.198061
0 0 183 0.105716 -3.1902 1.03426 -0.487983
0 0 184 -0.00287508 -13.6961 -3.09772 5.03277
0 0 185 0.33935 -6.85402 -0.463053 0.34021
0 0 186 -0.329744 14.8016 1.28523 -0.755678
0 0 187 -6.35159 4.98223 -4.35257 -0.17007
0 0 188 -3.24085 -0.387923 -6.66128 -0.303715
0 0 189 -5.44009 2.82382 0.900277 -2.67125
0 0 190 -1.50011 -2.24495 1.41071 -0.973154
0 0 191 2.02086 1.5277 5.66818 -3.18964
0 0 192 0.197853 -1.96868 6.21161 2.45625
0 0 193 -6.53587 -5.18118 4.54732 3.61897
0 0 194 -6.26823 5.79353 3.81091 6.5551
0 0 195 -1.34106 2.7401 14.1996 3.87006
0 0 196 2.25559 9.77472 4.53032 3.4351
0 0 197 3.09141 15.0444 4.63081 -4.54471
0 0 198 -1.45075 0.0968826 4.62231 -6.37646
0 0 199 -0.496469 -0.279089 -0.948492 1.29354
0 0 200 9.733 -6.28474 0.615812 -0.161565
0 0 201 0.849398 -4.00151 -1.97686 2.11364
0 0 202 -6.43605 -19.5427 -7.57266 -1.40811
0 0 203 -3.18162 -24.1761 0.07238 -2.00182
0 0 204 0.959085 -8.71866 -2.32832 -4.52811
0 0 205 4.38792 -3.41624 -4.67903 0.415538
0 0 206 6.27016 -7.86549 2.23861 2.94993
0 0 207 1.21795 3.7021 -1.26595 1.46931
0 0 208 -5.37318 11.0632 -3.71665 -1.70091
0 0 209 -6.01705 2.58941 -8.43456 -3.11431
0 0 210 3.97001 1.63578 -9.06998 2.88311
0 0 211 11.8236 0.172229 -2.91375 -2.75468
0 0 212 11.816 1.84507 -2.82176 -4.72048
0 0 213 18.4817 -1.86821 -3.94262 -1.60898
0 0 214 20.138 -4.51143 0.532323 4.43055
0 0 215 26.2695 0.0801389 5.96914 3.29295
0 0 216 20.7325 1.48585 7.28248 2.31411
0 0 217 10.1509 3.86116 4.03688 3.46021
0 0 218 14.1326 9.23968 8.98877 -3.15602
0 0 219 16.5753 -4.77933 0.0138873 -5.05499
0 0 220 9.30631 -2.82184 -1.60091 -10.5004
0 0 221 15.9808 -1.2662 3.26748 -7.99923
0 0 222 28.1177 -5.98411 1.27673 -6.81141
0 0 223 23.9946 -5.71621 -4.8965 0.507469
0 0 224 41.9274 2.15483 2.08813 4.33012
0 0 225 59.4599 -1.46713 7.29898 2.08853
0 0 226 54.2903 -12.8429 8.12737 -1.57537
0 0 227 32.7597 -9.95693 8.39484 2.31411
0 0 228 23.7598 6.25322 -0.546543 -0.295615
0 0 229 13.4547 4.53015 -4.52005 -4.09316
0 0 230 8.06794 -8.12502 -1.95187 -4.70347
0 0 231 2.48045 -3.03951 1.69468 -5.0716
0 0 232 -1.06575 -2.54633 -1.57541 -2.27801
0 0 233 4.17842 5.24099 -8.62703 0.967531
0 0 234 1.88704 9.27317 -5.6824 -3.85867
0 0 235 3.57623 2.86568 5.05726 -1.00636
0 0 236 -4.04377 -3.00602 8.21936 4.95744
0 0 237 -2.3458 -0.689308 5.36672 4.02881
0 0 238 -4.26863 -3.91779 2.21361 4.0037
0 0 239 -10.2499 -17.1422 -6.82826 -0.396052
0 0 240 -7.28065 -9.73089 -11.9476 0.331706
0 0 241 -0.237607 -2.62168 -8.74402 0.8837
0 0 242 12.4927 -0.873489 2.38059 3.05037
0 0 243 9.19772 -6.5024 -1.31645 -2.43677
0 0 244 4.40437 0.481987 2.55657 2.72395
0 0 245 -2.5213 -6.94611 0.749795 3.25934
0 0 246 -2.3458 -4.83793 -0.864503 7.54205
0 0 247 0.816491 -2.15286 3.18399 6.57171
0 0 248 1.03367 6.47926 5.5092 7.9604
0 0 249 2.23036 14.1159 6.26211 5.6852
0 0 250 -1.32461 6.28671 0.0388842 6.44576
0 0 251 2.38941 -1.91007 -4.52805 4.47227
0 0 252 7.79262 2.65638 -6.4773 0.155942
0 0 253 1.31776 -0.546987 -0.212084 -1.27406
0 0 254 -0.112563 1.84507 -5.04698 -9.865
0 0 255 -5.21413 -6.62798 -2.5038 -7.0625
0 0 256 -2.95567 -0.5135 -0.212084 -2.10225
0 0 257 0.16385 -2.44587 5.73467 0.833482
0 0 258 6.9228 -4.92165 12.3513 -0.00281152
0 0 259 4.50529 -1.39178 6.98952 -1.60898
0 0 260 5.02411 6.17788 -2.58779 -3.02238
0 0 261 2.93237 2.23855 0.0138873 7.46672
0 0 262 1.22672 -11.1198 -8.13309 4.07093
0 0 263 1.18394 -4.4612 -6.99574 1.41099
0 0 264 1.78723 -0.890232 -0.96499 1.98809
0 0 265 -2.8723 -11.8977 -1.80988 0.206161
0 0 266 -0.112563 1.97902 -2.01886 4.59781
0 0 267 8.42004 5.9937 3.38447 1.4442
0 0 268 2.79855 -2.04402 -4.18509 0.0810203
0 0 269 1.95395 6.83012 -15.3017 -6.72798
0 0 270 1.25085 -4.69561 0.507326 -6.83652
0 0 271 -3.76735 -0.932092 -3.80064 -1.99372
0 0 272 -6.33514 8.31117 6.35409 3.63597
0 0 273 -4.35309 -3.21532 0.799789 0.22317
0 0 274 2.21281 -11.9144 -1.12397 -3.54116
0 0 275 8.72058 0.431756 3.30898 -1.54175
0 0 276 -0.68952 -1.34155 -8.30907 -1.23234
0 0 277 2.39709 1.03377 0.423336 -3.87568
0 0 278 2.63182 8.64528 1.10925 -3.50755
0 0 279 2.73164 9.04713 -1.08198 -2.91384
0 0 280 1.97918 1.8367 -1.56741 -2.44527
0 0 281 3.18355 -1.75177 -5.33144 -0.136456
0 0 282 0.84172 -5.00537 -7.84063 2.12174
0 0 283 -1.29938 -3.22369 -5.77439 2.04641
0 0 284 -7.57351 3.57652 3.22549 2.45625
0 0 285 -2.94799 0.448499 -4.69552 -0.621628
0 0 286 3.63546 -2.23658 -5.64091 1.01775
0 0 287 -2.1363 0.264319 1.15974 -0.788887
0 0 288 -2.49607 8.90481 -0.989987 0.473855
0 0 289 5.57584 14.1494 0.774792 0.0474066
0 0 290 6.40398 11.2132 1.5442 4.15436
0 0 291 -1.05697 1.86182 -2.11085 3.56065
0 0 292 3.21755 -3.12323 -5.30595 -0.370942
0 0 293 5.61752 -2.70464 -5.10547 3.30105
0 0 294 8.89608 -3.34927 0.164369 1.42759
0 0 295 15.5717 -7.17976 7.72542 2.18046
0 0 296 5.55938 -1.54247 -2.12785 -0.404151
0 0 297 2.74809 -6.42706 -3.70015 2.45625
0 0 298 -2.27889 6.7639 6.45408 -4.13487
0 0 299 -3.60831 12.1417 -9.7144 -0.755678
0 0 300 1.82891 6.03555 -3.02273 6.08654
0 0 301 6.79666 6.14439 10.5446 -3.05599
0 0 302 -2.3118 -4.46957 0.833285 -3.29007
0 0 303 -4.44522 -3.69175 -6.28483 -1.97671
0 0 304 -2.37871 5.08193 3.32597 -2.20269
0 0 305 -7.14683 6.22811 1.65318 0.331706
0 0 306 -7.43092 2.09623 -6.03386 1.18501
0 0 307 1.34299 -0.446525 -3.17321 -2.46188
0 0 308 10.1926 -6.02597 -4.1101 -2.74618
0 0 309 7.9769 -12.4243 -1.09897 -0.153466
0 0 310 3.53455 -8.22548 7.19849 4.5642
0 0 311 3.08264 16.7759 2.57307 2.08002
0 0 312 -0.413107 5.05757 -8.911 -0.554805
0 0 313 -4.63718 -13.6459 -2.41181 7.28286
0 0 314 -4.17759 4.40457 4.16237 5.54305
0 0 315 -0.881473 10.653 1.33522 4.44716
0 0 316 1.6194 -10.2165 -3.51617 1.09308
0 0 317 3.62669 -2.87207 9.78317 -0.262002
0 0 318 13.0872 -3.84244 7.32397 0.850491
0 0 319 1.95395 -14.4739 -3.50767 -0.671846
0 0 320 1.18394 -5.98411 -1.26595 -0.303715
0 0 321 3.33382 10.9125 3.79441 4.40504
0 0 322 -2.19443 3.89465 1.08425 -0.0862383
0 0 323 -1.81053 -8.07479 -9.63891 -1.3915
0 0 324 -1.84343 -5.56552 -4.72902 7.77613
0 0 325 4.15429 4.82316 5.09075 4.67314
0 0 326 0.715579 1.8953 3.65193 -3.46583
0 0 327 -2.70448 5.894 3.00801 -5.83297
0 0 328 0.883401 13.0785 0.130873 -2.92194
0 0 329 8.36081 5.14053 -3.40719 3.20102
0 0 330 6.20325 1.38538 -2.93874 -7.11272
0 0 331 4.32101 5.0903 5.79366 -3.18964
0 0 332 -5.87555 5.76842 5.69318 9.31548
0 0 333 -4.06022 4.67247 -2.71327 13.5229
0 0 334 -3.67522 2.80707 -6.93724 3.48532
0 0 335 8.61199 5.56749 -4.41956 4.79018
0 0 336 3.7276 0.172229 0.448833 6.42956
0 0 337 0.807716 -5.62412 -4.03461 0.264883
0 0 338 5.25774 -0.5135 -5.6744 -3.23135
0 0 339 2.33018 0.13037 -4.51155 -0.31222
0 0 340 -5.18891 -3.77547 -1.25795 -0.554805
0 0 341 -1.21602 -1.76851 8.06038 -1.56686
0 0 342 -3.68399 -4.18569 -4.57004 -3.69141
0 0 343 -2.72971 -5.27251 0.272855 -6.74459
0 0 344 -1.90157 0.398268 1.38522 -4.98817
0 0 345 -4.00099 6.98918 0.0138873 -1.9516
0 0 346 -1.01529 1.084 -6.00036 -3.76674
0 0 347 -8.23383 -6.4438 -0.764015 3.20102
0 0 348 -8.44334 -7.27185 5.35022 1.82083
0 0 349 2.113 -0.228858 4.30435 -5.61549
0 0 350 8.72936 4.3376 2.15512 -8.00774
0 0 351 10.0094 -2.20309 -5.02148 0.658123
0 0 352 -0.555701 -0.42141 -0.00311056 4.51398
0 0 353 -0.848567 2.99125 1.5442 3.74451
0 0 354 1.50204 -4.43608 1.75367 -2.03543
0 0 355 -3.29021 -13.7882 0.507326 0.239774
0 0 356 1.728 -13.1268 4.47183 -0.8225
0 0 357 1.98796 -11.4037 -4.34407 -5.05499
0 0 358 1.60295 -3.43299 5.94415 -4.72858
0 0 359 3.64314 2.56429 3.28398 -2.20269
0 0 360 -0.0533314 -0.622334 2.69855 0.574291
0 0 361 0.381032 -0.83163 -7.81563 1.34376
0 0 362 6.45443 0.507102 -6.95374 1.7204
0 0 363 -1.27415 5.45866 9.93365 0.633014
0 0 364 0.699126 10.6195 4.82329 1.4608
0 0 365 -1.91034 -1.0904 0.373342 -2.83851
0 0 366 -4.53626 1.09237 -1.19896 -4.64515
0 0 367 1.5854 9.18945 -6.12585 -7.63961
0 0 368 1.82013 -3.49159 -5.15547 -3.03898
0 0 369 5.85225 -2.25332 5.78517 2.74096
0 0 370 1.82013 -0.856745 10.0341 -2.61253
0 0 371 -1.74362 8.04327 10.5781 -8.73549
0 0 372 4.32979 9.41473 3.45146 1.14329
0 0 373 -1.04052 8.65366 1.02576 5.46731
0 0 374 -0.62261 6.68019 -1.88488 1.85404
0 0 375 3.73528 9.60728 5.40021 -3.53266
0 0 376 10.3933 9.91704 14.5091 -11.2699
0 0 377 6.27784 -2.77998 7.54995 -2.62914
0 0 378 2.89946 -13.311 -7.13772 1.09308
0 0 379 6.32829 -11.9646 -5.88338 3.00825
0 0 380 8.17763 -5.20629 1.80366 1.13479
0 0 381 3.60146 -2.10263 5.63468 2.94143
0 0 382 11.2138 -9.13725 4.62231 -1.41621
0 0 383 12.4511 -4.80444 -3.96761 3.7194
0 0 384 8.4694 2.1046 -1.39144 3.63597
0 0 385 2.85778 6.83012 7.8764 0.62451
0 0 386 4.61388 5.98532 3.05001 -1.3915
0 0 387 1.78723 3.40071 3.35947 0.498964
0 0 388 -5.156 7.75863 0.515325 8.72137
0 0 389 7.6248 10.4018 3.27598 3.1508
0 0 390 6.29539 8.17722 3.25048 2.07152
0 0 391 -4.67886 6.21136 3.70243 4.01221
0 0 392 -1.20724 15.237 1.4942 -1.0987
0 0 393 1.87059 8.50296 8.16037 -4.76219
0 0 394 -0.295741 4.12069 7.1235 -0.914432
0 0 395 6.3952 -5.50692 1.95414 -6.2092
0 0 396 9.49827 3.62675 3.25048 -9.39602
0 0 397 -0.990064 -0.153511 -3.2737 -3.82546
0 0 398 5.63397 -1.46713 -4.846 -7.68132
0 0 399 1.24318 1.24306 6.89753 -4.73708
0 0 400 0.58176 3.5514 1.42721 -2.20269
0 0 401 3.92833 2.00414 0.47383 4.92383
0 0 402 5.85225 -5.85016 -1.09047 -0.362438
0 0 403 2.33018 -10.2834 -3.51617 -5.77425
0 0 404 4.31224 9.15596 3.35097 -0.621628
0 0 405 2.02964 5.98532 -1.91037 -2.98066
0 0 406 3.91955 11.9491 -4.26908 -2.18608
0 0 407 2.70641 3.62675 4.09538 -0.856114
0 0 408 -1.4332 9.28154 -2.37881 6.06993
0 0 409 3.57623 3.91976 3.20049 4.83189
0 0 410 1.25963 -1.9603 1.5192 4.73146
0 0 411 8.41126 12.1333 2.18012 -0.638637
0 0 412 5.72611 10.2512 4.07038 -3.0892
0 0 413 3.63546 5.45029 0.138872 -0.521192
0 0 414 2.86546 -7.72393 2.08813 5.79373
0 0 415 6.52902 -3.84244 15.5629 1.70339
0 0 416 3.40951 8.21908 11.3305 2.43965
0 0 417 3.20878 2.38924 0.657807 5.78563
0 0 418 -2.38748 4.32085 -2.70477 3.9956
0 0 419 3.9031 5.56749 1.37722 -0.722064
0 0 420 7.71694 11.6485 4.32985 -1.89328
0 0 421 2.50568 8.18559 4.37134 0.750055
0 0 422 4.76415 10.4772 1.5277 -5.31418
0 0 423 7.78385 3.86116 2.74905 1.86255
0 0 424 11.239 11.1043 1.66968 0.0222975
0 0 425 5.65152 10.118 -3.33219 -1.17403
0 0 426 -4.06022 2.52243 0.674305 -3.24836
0 0 427 -2.74726 2.26366 4.87328 1.15139
0 0 428 2.72396 -0.253973 11.3055 -0.780787
0 0 429 3.88665 1.06725 5.02376 3.28445
0 0 430 9.34799 4.86502 0.573817 3.45171
0 0 431 17.7632 16.508 1.84566 4.44716
0 0 432 13.447 12.3007 8.93027 5.39239
0 0 433 -0.705973 3.84442 2.47258 3.7028
0 0 434 -4.5955 -0.764655 -7.33869 -2.48699
0 0 435 -5.57391 -2.02728 -1.78489 -6.60244
0 0 436 0.749582 -7.60672 5.09075 -2.01032
0 0 437 3.25046 -5.8083 13.6227 -3.18964
0 0 438 -2.94799 -0.630706 1.61119 12.2763
