0 0 0 -0.019204
0 0 1 -0.00351843
0 0 2 -0.0556175
0 0 3 -0.0401181
0 0 4 -0.0203377
0 0 5 -0.0238572
0 0 6 -0.062775
0 0 7 -0.0622336
0 0 8 -0.0138401
0 0 9 0.0396465
0 0 10 -0.0158537
0 0 11 0.0336735
0 0 12 0.0296125
0 0 13 -0.00751174
0 0 14 -0.0970227
0 0 15 -0.0730967
0 0 16 -0.129071
0 0 17 -0.0596447
0 0 18 -0.0525549
0 0 19 -0.082437
0 0 20 -0.0478509
0 0 21 -0.0319792
0 0 22 0.0172941
0 0 23 -0.00712256
0 0 24 -0.144384
0 0 25 0.0115072
0 0 26 0.00440049
0 0 27 0.0226242
0 0 28 -0.00773171
0 0 29 -0.0199316
0 0 30 -0.0681558
0 0 31 -0.0962274
0 0 32 -0.0430454
0 0 33 -0.0616583
0 0 34 -0.0321653
0 0 35 -0.102657
0 0 36 -0.0496953
0 0 37 -0.104857
0 0 38 -0.0703555
0 0 39 -0.0994085
0 0 40 -0.0401689
0 0 41 -0.00556585
0 0 42 -0.127125
0 0 43 0.00621102
0 0 44 -0.0945692
0 0 45 -0.0873609
0 0 46 -0.0528764
0 0 47 -0.0253124
0 0 48 0.0212705
0 0 49 0.00874914
0 0 50 0.0856541
0 0 51 0.0797826
0 0 52 -0.0400843
0 0 53 -0.0196609
0 0 54 0.00763237
0 0 55 -0.0198808
0 0 56 -0.125399
0 0 57 0.103201
0 0 58 0.233051
0 0 59 0.529046
0 0 60 0.781555
0 0 61 0.96452
0 0 62 0.945044
0 0 63 0.910356
0 0 64 0.73526
0 0 65 0.610825
0 0 66 0.568269
0 0 67 0.534766
0 0 68 0.353256
0 0 69 0.41341
0 0 70 0.322748
0 0 71 0.28982
0 0 72 0.270768
0 0 73 0.105265
0 0 74 0.214455
0 0 75 0.197433
0 0 76 0.117127
0 0 77 0.16442
0 0 78 0.255285
0 0 79 0.159683
0 0 80 0.159107
0 0 81 0.143016
0 0 82 0.142254
0 0 83 0.184218
0 0 84 0.13002
0 0 85 0.116856
0 0 86 0.0964496
0 0 87 0.0535046
0 0 88 0.0836236
0 0 89 0.0548414
0 0 90 0.0628449
0 0 91 0.182153
0 0 92 0.0725913
0 0 93 0.0729297
0 0 94 0.0912887
0 0 95 -0.0337728
0 0 96 -0.0319623
0 0 97 0.0270744
0 0 98 0.0930654
0 0 99 0.0573964
0 0 100 0.0285803
0 0 101 -0.00358612
0 0 102 0.0486314
0 0 103 -0.0236373
0 0 104 -0.0358202
0 0 105 0.0174633
0 0 106 -0.0557529
0 0 107 0.039325
0 0 108 0.0715591
0 0 109 0.0130132
0 0 110 -0.0252109
0 0 111 0.0690887
0 0 112 -0.0651101
0 0 113 -0.0366155
0 0 114 0.0450104
0 0 115 -0.0675636
0 0 116 -0.117632
0 0 117 -0.0150584
0 0 118 -0.0511166
0 0 119 -0.035431
0 0 120 -0.0119281
0 0 121 -0.000185039
0 0 122 0.0158897
0 0 123 -0.00807013
0 0 124 0.000170298
0 0 125 -0.101642
0 0 126 -0.0454312
0 0 127 -0.0895776
