0 0 0 -0.00340783
0 0 1 -0.00340783
0 0 2 -0.00340783
0 0 3 -0.00340783
0 0 4 -0.00340783
0 0 5 -0.00340783
0 0 6 -0.00340783
0 0 7 -0.00340783
0 0 8 -0.00340783
0 0 9 -0.00340783
0 0 10 -0.00340783
0 0 11 -0.00340783
0 0 12 -0.00340783
0 0 13 -0.00340783
0 0 14 -0.00340783
0 0 15 -0.00340783
0 0 16 -0.00340783
0 0 17 -0.00340783
0 0 18 -0.00340783
0 0 19 -0.00340783
0 0 20 -0.00340783
0 0 21 -0.00340783
0 0 22 -0.00340783
0 0 23 -0.00340783
0 0 24 -0.00340783
0 0 25 -0.00340783
0 0 26 -0.00340783
0 0 27 -0.00340783
0 0 28 -0.00340783
0 0 29 -0.00340783
0 0 30 -0.00340783
0 0 31 -0.00340783
0 0 32 -0.00340783
0 0 33 -0.00340783
0 0 34 -0.00340783
0 0 35 -0.00340783
0 0 36 -0.00340783
0 0 37 -0.00340783
0 0 38 -0.00340783
0 0 39 -0.00340783
0 0 40 -0.00340783
0 0 41 -0.00340783
0 0 42 -0.00340783
0 0 43 -0.00340783
0 0 44 -0.00340783
0 0 45 -0.00340783
0 0 46 -0.00340783
0 0 47 -0.00340783
0 0 48 -0.00340783
0 0 49 -0.00340783
0 0 50 -0.00340783
0 0 51 -0.00340783
0 0 52 -0.00340783
0 0 53 -0.00340783
0 0 54 -0.00340783
0 0 55 -0.00340783
0 0 56 -0.00340783
0 0 57 -0.00340783
0 0 58 -0.00340783
0 0 59 -0.00340783
0 0 60 -0.00340783
0 0 61 -0.00340783
0 0 62 -0.00340783
0 0 63 -0.00340783
0 0 64 -0.00340783
0 0 65 -0.00340783
0 0 66 9.05126
0 0 67 1.15508
0 0 68 -0.493538
0 0 69 -0.692454
0 0 70 -0.159358
0 0 71 0.706326
0 0 72 1.84254
0 0 73 1.24897
0 0 74 -0.827717
0 0 75 -1.80798
0 0 76 0.507409
0 0 77 2.22923
0 0 78 1.29989
0 0 79 1.08188
0 0 80 1.67545
0 0 81 0.184369
0 0 82 -1.30671
0 0 83 -1.89073
0 0 84 -1.4738
0 0 85 -2.06895
0 0 86 -1.64089
0 0 87 0.653812
0 0 88 1.62452
0 0 89 0.642672
0 0 90 1.65476
0 0 91 3.22063
0 0 92 2.92782
0 0 93 0.310084
0 0 94 -0.326448
0 0 95 0.477174
0 0 96 0.7477
0 0 97 -0.211872
0 0 98 -0.837265
0 0 99 -0.525364
0 0 100 0.789075
0 0 101 0.59175
0 0 102 0.289397
0 0 103 0.34032
0 0 104 -0.200733
0 0 105 -0.546052
0 0 106 0.289397
0 0 107 1.0405
0 0 108 1.15508
0 0 109 0.548784
0 0 110 0.26871
0 0 111 -0.63994
0 0 112 -0.546052
0 0 113 -0.47285
0 0 114 -1.44197
0 0 115 -1.77615
0 0 116 0.0491061
0 0 117 1.00868
0 0 118 0.319632
0 0 119 -1.28602
0 0 120 -1.7666
0 0 121 -1.52631
0 0 122 0.0284188
0 0 123 1.25852
0 0 124 1.90619
0 0 125 1.7391
0 0 126 1.00868
0 0 127 0.601298
0 0 128 0.706326
0 0 129 -0.0559217
0 0 130 -0.702002
0 0 131 -0.79589
0 0 132 1.29034
0 0 133 2.66684
0 0 134 1.6659
0 0 135 0.298945
0 0 136 1.61338
0 0 137 1.91574
0 0 138 1.02937
0 0 139 0.0491061
0 0 140 -0.775203
0 0 141 -0.305761
0 0 142 1.49881
0 0 143 2.95965
0 0 144 3.25086
0 0 145 2.35335
0 0 146 1.00868
0 0 147 -1.03618
0 0 148 -0.994807
0 0 149 -0.38851
0 0 150 -0.0352344
0 0 151 0.10162
0 0 152 -0.14981
0 0 153 0.142995
0 0 154 0.674499
0 0 155 0.319632
0 0 156 0.0491061
0 0 157 -0.482398
0 0 158 -0.534912
0 0 159 -1.547
0 0 160 -1.73478
0 0 161 -0.63994
0 0 162 0.403973
0 0 163 -0.232559
0 0 164 -0.764064
0 0 165 -1.06801
0 0 166 -0.38851
0 0 167 -0.253247
0 0 168 0.621985
0 0 169 0.852728
0 0 170 0.830449
0 0 171 1.19646
0 0 172 1.01823
0 0 173 -0.0972963
0 0 174 -1.02504
0 0 175 -1.80798
0 0 176 -1.53586
0 0 177 -1.05687
0 0 178 0.528097
0 0 179 2.18785
0 0 180 2.42655
0 0 181 1.82185
0 0 182 2.11465
0 0 183 1.89505
0 0 184 0.0809327
0 0 185 -1.59951
0 0 186 -1.02504
0 0 187 -0.378962
0 0 188 1.55132
0 0 189 3.13629
0 0 190 3.25086
0 0 191 1.63407
0 0 192 0.976852
0 0 193 1.41606
0 0 194 1.92688
0 0 195 0.664951
0 0 196 -1.7666
0 0 197 -3.24654
0 0 198 -2.1517
0 0 199 -0.534912
0 0 200 0.434208
0 0 201 -0.200733
0 0 202 -0.827717
0 0 203 -1.50562
0 0 204 -1.21282
0 0 205 -1.05687
0 0 206 -0.869092
0 0 207 -0.534912
0 0 208 0.946616
0 0 209 1.79161
0 0 210 1.7391
0 0 211 0.946616
0 0 212 1.16463
0 0 213 0.997539
0 0 214 0.0491061
0 0 215 -0.504677
0 0 216 0.59175
0 0 217 0.727013
0 0 218 -0.358275
0 0 219 -3.04921
0 0 220 -4.3
0 0 221 -3.10173
0 0 222 -1.80798
0 0 223 -1.23351
0 0 224 1.11211
0 0 225 3.02171
0 0 226 2.49975
0 0 227 1.33172
0 0 228 1.2792
0 0 229 0.976852
0 0 230 0.571062
0 0 231 -1.09824
0 0 232 -0.628801
0 0 233 0.59175
0 0 234 -0.117984
0 0 235 -0.921605
0 0 236 -0.493538
0 0 237 -0.702002
0 0 238 -0.857952
0 0 239 -1.71409
0 0 240 -2.6848
0 0 241 -2.76755
0 0 242 -0.681315
0 0 243 0.0586541
0 0 244 -0.713141
0 0 245 -0.0654697
0 0 246 2.04145
0 0 247 2.61433
0 0 248 1.60384
0 0 249 -1.07756
0 0 250 -2.11033
0 0 251 -0.974119
0 0 252 -0.837265
0 0 253 -2.33948
0 0 254 -2.63229
0 0 255 -2.97601
0 0 256 -2.89326
0 0 257 -2.03713
0 0 258 -0.848404
0 0 259 -0.722689
0 0 260 -0.482398
0 0 261 0.298945
0 0 262 1.63407
0 0 263 1.37309
0 0 264 0.225744
0 0 265 -1.04573
0 0 266 -1.89073
0 0 267 -2.1517
0 0 268 -1.0887
0 0 269 -0.670175
0 0 270 -0.0972963
0 0 271 0.0586541
0 0 272 0.278258
0 0 273 1.15508
0 0 274 2.61433
0 0 275 2.44724
0 0 276 1.7391
0 0 277 1.0405
0 0 278 0.841589
0 0 279 0.289397
0 0 280 -0.889779
0 0 281 -2.0053
0 0 282 -2.1517
0 0 283 -2.32993
0 0 284 -0.96298
0 0 285 -0.138671
0 0 286 -0.180046
0 0 287 0.25757
0 0 288 1.16463
0 0 289 1.0405
0 0 290 0.621985
0 0 291 0.715874
0 0 292 0.727013
0 0 293 -0.983667
0 0 294 -1.59951
0 0 295 -0.79589
0 0 296 -0.200733
0 0 297 -2.11033
0 0 298 -3.93559
0 0 299 -3.68575
0 0 300 -1.96393
0 0 301 -1.31785
0 0 302 -0.848404
0 0 303 -0.200733
0 0 304 -0.525364
0 0 305 -1.67271
0 0 306 -1.45311
0 0 307 0.195508
0 0 308 1.72796
0 0 309 0.59175
0 0 310 -0.106844
0 0 311 1.24897
0 0 312 2.57296
0 0 313 2.64616
0 0 314 2.13534
0 0 315 1.39378
0 0 316 1.6659
0 0 317 0.685638
0 0 318 0.0284188
0 0 319 0.122307
0 0 320 0.548784
0 0 321 0.497861
0 0 322 0.216196
0 0 323 -1.1619
0 0 324 -1.547
0 0 325 -0.525364
0 0 326 0.310084
0 0 327 0.195508
0 0 328 0.946616
0 0 329 0.779527
0 0 330 0.454895
0 0 331 0.0904807
0 0 332 -0.200733
0 0 333 -0.670175
0 0 334 0.413521
0 0 335 1.10257
0 0 336 0.477174
0 0 337 0.184369
0 0 338 0.830449
0 0 339 0.935477
0 0 340 0.758839
0 0 341 0.289397
0 0 342 0.59175
0 0 343 0.454895
0 0 344 0.997539
0 0 345 2.3438
0 0 346 3.262
0 0 347 3.23018
0 0 348 2.98034
0 0 349 3.58504
0 0 350 4.32501
0 0 351 2.03031
0 0 352 0.319632
0 0 353 0.0491061
0 0 354 1.37309
0 0 355 2.85462
0 0 356 4.21043
0 0 357 4.32501
0 0 358 3.24131
0 0 359 1.87436
0 0 360 2.28174
0 0 361 4.18975
0 0 362 5.07612
0 0 363 4.53348
0 0 364 4.85811
0 0 365 3.91922
0 0 366 3.41795
0 0 367 5.17001
0 0 368 7.41378
0 0 369 7.78934
0 0 370 7.96597
0 0 371 8.37336
0 0 372 9.38385
0 0 373 10.2082
0 0 374 9.82306
0 0 375 10.1556
0 0 376 11.9093
0 0 377 11.5751
0 0 378 11.6483
0 0 379 12.7638
0 0 380 13.9112
0 0 381 15.4548
0 0 382 18.0948
0 0 383 19.597
0 0 384 20.0871
0 0 385 21.1088
0 0 386 22.2354
0 0 387 23.2364
0 0 388 25.9385
0 0 389 27.4932
0 0 390 29.2341
0 0 391 29.7768
0 0 392 29.2866
0 0 393 30.862
0 0 394 33.1981
0 0 395 34.5444
0 0 396 37.1096
0 0 397 40.375
0 0 398 44.1194
0 0 399 47.3737
0 0 400 48.4797
0 0 401 50.106
0 0 402 52.5582
0 0 403 54.2578
0 0 404 57.189
0 0 405 59.0556
0 0 406 60.5483
0 0 407 62.9783
0 0 408 65.9095
0 0 409 68.6736
0 0 410 72.4292
0 0 411 76.0383
0 0 412 78.9377
0 0 413 79.9291
0 0 414 79.8559
0 0 415 81.608
0 0 416 83.5589
0 0 417 83.0465
0 0 418 82.5262
0 0 419 84.6856
0 0 420 87.2413
0 0 421 89.275
0 0 422 94.1254
0 0 423 97.5563
0 0 424 97.6199
0 0 425 94.1763
0 0 426 91.9134
0 0 427 92.6645
0 0 428 94.407
0 0 429 95.0945
0 0 430 95.9602
0 0 431 97.8491
0 0 432 99.9783
0 0 433 99.9878
0 0 434 98.9328
0 0 435 97.5674
0 0 436 97.0868
0 0 437 97.3796
0 0 438 97.6295
0 0 439 96.837
0 0 440 95.7215
0 0 441 95.0213
0 0 442 96.3564
0 0 443 96.8577
0 0 444 95.6578
0 0 445 92.7903
0 0 446 89.9115
0 0 447 88.0545
0 0 448 88.0433
0 0 449 87.262
0 0 450 87.3654
0 0 451 87.1569
0 0 452 87.1888
0 0 453 85.6133
0 0 454 82.881
0 0 455 81.2117
0 0 456 80.9094
0 0 457 81.4934
0 0 458 84.0491
0 0 459 87.1681
0 0 460 87.8969
0 0 461 84.8941
0 0 462 82.6821
0 0 463 82.7553
0 0 464 83.8915
0 0 465 84.1955
0 0 466 83.3505
0 0 467 82.7346
0 0 468 82.1602
0 0 469 81.9628
0 0 470 83.0052
0 0 471 83.9759
0 0 472 83.8502
0 0 473 81.8483
0 0 474 80.3763
0 0 475 80.4702
0 0 476 80.9921
0 0 477 79.5106
0 0 478 79.5217
0 0 479 83.5383
0 0 480 86.0303
0 0 481 83.2773
0 0 482 81.4616
0 0 483 80.763
0 0 484 80.3254
0 0 485 80.0532
0 0 486 81.5555
0 0 487 83.4857
0 0 488 84.0284
0 0 489 82.932
0 0 490 82.714
0 0 491 81.9835
0 0 492 81.8164
0 0 493 81.7544
0 0 494 81.6493
0 0 495 81.1178
0 0 496 80.2522
0 0 497 78.594
0 0 498 79.4278
0 0 499 82.0981
0 0 500 83.9647
0 0 501 82.1395
0 0 502 80.241
0 0 503 79.7095
0 0 504 80.7009
0 0 505 80.6373
0 0 506 80.763
0 0 507 80.658
0 0 508 79.8352
0 0 509 78.551
0 0 510 77.6965
0 0 511 76.1831
0 0 512 76.1943
0 0 513 78.1134
0 0 514 79.3451
0 0 515 77.9877
0 0 516 76.9247
0 0 517 76.0479
0 0 518 74.6921
0 0 519 71.0734
0 0 520 69.299
0 0 521 68.7357
0 0 522 67.4945
0 0 523 66.1593
0 0 524 65.5228
0 0 525 64.9913
0 0 526 64.0524
0 0 527 62.5932
0 0 528 61.998
0 0 529 60.892
0 0 530 60.4019
0 0 531 61.5811
0 0 532 64.9595
0 0 533 64.2402
0 0 534 60.0789
0 0 535 58.1693
0 0 536 57.8876
0 0 537 56.5938
0 0 538 55.6772
0 0 539 55.2078
0 0 540 54.4662
0 0 541 53.4239
0 0 542 53.3603
0 0 543 52.8606
0 0 544 52.6521
0 0 545 52.964
0 0 546 52.8924
0 0 547 52.6617
0 0 548 51.5987
0 0 549 49.2928
0 0 550 49.2196
0 0 551 47.8956
0 0 552 45.4132
0 0 553 42.9195
0 0 554 43.2426
0 0 555 45.0583
0 0 556 43.2633
0 0 557 40.1459
0 0 558 40.4689
0 0 559 40.052
0 0 560 38.9349
0 0 561 38.1105
0 0 562 36.7134
0 0 563 34.4807
0 0 564 33.981
0 0 565 34.3359
0 0 566 33.553
0 0 567 30.5485
0 0 568 28.4209
0 0 569 26.7835
0 0 570 26.6689
0 0 571 26.898
0 0 572 24.8643
0 0 573 21.8074
0 0 574 22.0477
0 0 575 22.3389
0 0 576 21.7771
0 0 577 20.7539
0 0 578 19.9932
0 0 579 19.2835
0 0 580 17.5617
0 0 581 15.5805
0 0 582 15.0697
0 0 583 13.3383
0 0 584 12.358
0 0 585 12.7113
0 0 586 13.7759
0 0 587 13.9844
0 0 588 11.0229
0 0 589 6.82817
0 0 590 5.93225
0 0 591 7.50767
0 0 592 9.18653
0 0 593 9.48888
0 0 594 10.1779
0 0 595 9.10219
0 0 596 5.66014
0 0 597 3.01057
0 0 598 3.03285
0 0 599 3.47047
0 0 600 3.29224
0 0 601 2.36449
0 0 602 2.85462
0 0 603 4.01311
0 0 604 4.92017
0 0 605 4.24226
0 0 606 3.91922
0 0 607 4.11655
0 0 608 5.12863
0 0 609 5.27504
0 0 610 4.38866
0 0 611 2.70822
0 0 612 1.80116
0 0 613 0.653812
0 0 614 0.310084
0 0 615 0.7477
0 0 616 1.69772
0 0 617 1.46698
0 0 618 0.454895
0 0 619 0.131855
0 0 620 0.7477
0 0 621 0.246431
0 0 622 0.559923
0 0 623 0.873415
0 0 624 0.976852
0 0 625 2.00008
0 0 626 3.05354
0 0 627 2.25946
0 0 628 1.56087
0 0 629 1.86322
0 0 630 2.94851
0 0 631 4.01311
0 0 632 4.5653
0 0 633 2.86576
0 0 634 1.41606
0 0 635 2.22923
0 0 636 2.896
0 0 637 1.69772
0 0 638 0.633124
0 0 639 -0.0352344
0 0 640 0.956164
0 0 641 1.83299
0 0 642 2.45838
0 0 643 1.71841
0 0 644 1.62452
0 0 645 1.89505
0 0 646 1.02937
0 0 647 0.727013
0 0 648 2.63502
0 0 649 2.79256
0 0 650 0.612437
0 0 651 -2.05782
0 0 652 -1.6202
0 0 653 0.873415
0 0 654 2.47907
0 0 655 2.24992
0 0 656 1.93642
0 0 657 1.45743
0 0 658 0.403973
0 0 659 -1.07756
0 0 660 -1.09824
0 0 661 -0.00340783
0 0 662 1.72796
0 0 663 1.63407
0 0 664 1.79161
0 0 665 2.15603
0 0 666 2.16558
0 0 667 1.5195
0 0 668 0.715874
0 0 669 0.601298
0 0 670 2.14489
0 0 671 3.51184
0 0 672 3.54367
0 0 673 1.25852
0 0 674 0.362598
0 0 675 0.685638
0 0 676 0.507409
0 0 677 -1.64089
0 0 678 -2.5384
0 0 679 -1.49448
0 0 680 -1.45311
0 0 681 -1.72364
0 0 682 -0.378962
0 0 683 0.454895
0 0 684 0.445347
0 0 685 0.310084
0 0 686 1.05005
0 0 687 0.372146
0 0 688 0.00773148
0 0 689 0.289397
0 0 690 0.00773148
0 0 691 -0.764064
0 0 692 -1.02504
0 0 693 -0.660627
0 0 694 -0.223011
0 0 695 0.246431
0 0 696 1.14394
0 0 697 0.246431
0 0 698 -0.743376
0 0 699 -0.441024
0 0 700 1.43675
0 0 701 2.49021
0 0 702 2.78142
0 0 703 3.31452
0 0 704 3.74099
0 0 705 2.95965
0 0 706 2.00963
0 0 707 0.841589
0 0 708 1.63407
0 0 709 2.46952
0 0 710 1.35241
0 0 711 0.477174
0 0 712 2.08283
0 0 713 2.22923
0 0 714 1.61338
0 0 715 1.83299
0 0 716 1.70727
0 0 717 1.19646
0 0 718 1.0405
0 0 719 0.768387
0 0 720 0.903651
0 0 721 1.43675
0 0 722 1.82185
0 0 723 0.195508
0 0 724 -1.1619
0 0 725 -0.211872
0 0 726 0.894103
0 0 727 0.0809327
0 0 728 -0.273934
0 0 729 -0.0240951
0 0 730 1.11211
0 0 731 0.946616
0 0 732 0.736561
0 0 733 0.0491061
0 0 734 -0.576287
0 0 735 -0.0972963
0 0 736 1.43675
0 0 737 1.54018
0 0 738 -0.326448
0 0 739 -2.29811
0 0 740 -2.36017
0 0 741 -2.05782
0 0 742 -0.722689
0 0 743 0.330772
0 0 744 1.18532
0 0 745 0.894103
0 0 746 0.225744
0 0 747 -1.0887
0 0 748 -1.07756
0 0 749 -0.347135
0 0 750 -0.889779
0 0 751 -2.09919
0 0 752 -0.649488
0 0 753 0.184369
0 0 754 0.434208
0 0 755 0.466035
0 0 756 0.111168
0 0 757 0.403973
0 0 758 1.47812
0 0 759 1.83299
0 0 760 1.56087
0 0 761 1.02937
0 0 762 0.528097
0 0 763 -0.775203
0 0 764 -1.41174
0 0 765 -1.28602
0 0 766 -0.0352344
0 0 767 0.612437
0 0 768 0.0491061
0 0 769 -0.367822
0 0 770 0.642672
0 0 771 1.06119
0 0 772 1.40492
0 0 773 0.800214
0 0 774 -0.441024
0 0 775 -1.71409
0 0 776 -1.13007
0 0 777 -0.253247
0 0 778 0.225744
0 0 779 0.25757
0 0 780 0.225744
0 0 781 -0.733828
0 0 782 -1.19213
0 0 783 -1.70295
0 0 784 -0.827717
0 0 785 1.55132
0 0 786 2.45838
0 0 787 0.633124
0 0 788 -0.702002
0 0 789 -0.399649
0 0 790 0.0809327
0 0 791 0.278258
0 0 792 0.298945
0 0 793 -0.816578
0 0 794 0.195508
0 0 795 1.33172
0 0 796 1.26966
0 0 797 0.830449
0 0 798 0.976852
0 0 799 -0.0654697
0 0 800 -1.35922
0 0 801 -1.28602
0 0 802 -0.702002
0 0 803 -0.3169
0 0 804 0.59175
0 0 805 0.351459
0 0 806 -0.3169
0 0 807 -0.869092
0 0 808 -0.106844
0 0 809 0.0904807
0 0 810 0.403973
0 0 811 0.59175
0 0 812 0.779527
0 0 813 0.768387
0 0 814 0.0697934
0 0 815 -1.70295
0 0 816 -2.13102
0 0 817 -1.1619
0 0 818 -0.96298
0 0 819 -2.02758
0 0 820 -1.60906
0 0 821 -1.37036
0 0 822 -0.504677
0 0 823 -0.900918
0 0 824 -1.94324
0 0 825 -2.32993
0 0 826 -2.5384
0 0 827 -1.58837
0 0 828 0.434208
0 0 829 1.05005
0 0 830 1.46698
0 0 831 1.44629
0 0 832 -0.223011
0 0 833 -2.17239
0 0 834 -0.743376
0 0 835 1.75979
0 0 836 3.49115
0 0 837 3.80465
0 0 838 2.2706
0 0 839 -0.200733
0 0 840 -0.775203
0 0 841 -0.754516
0 0 842 1.0405
0 0 843 1.43675
0 0 844 0.862276
0 0 845 0.642672
0 0 846 -0.117984
0 0 847 -1.53586
0 0 848 -1.17144
0 0 849 -0.733828
0 0 850 -0.326448
0 0 851 0.0491061
0 0 852 0.246431
0 0 853 0.216196
0 0 854 1.26966
0 0 855 0.497861
0 0 856 -1.92255
0 0 857 -1.03618
0 0 858 2.11465
0 0 859 1.67545
0 0 860 0.664951
0 0 861 -0.191185
0 0 862 -1.57882
0 0 863 -2.45406
0 0 864 -1.05687
0 0 865 -0.211872
0 0 866 -0.420336
0 0 867 -1.13962
0 0 868 -2.11033
0 0 869 -2.73572
0 0 870 -2.01644
0 0 871 -1.80798
0 0 872 -1.90187
0 0 873 -1.72364
0 0 874 -0.670175
0 0 875 -0.223011
0 0 876 0.91479
0 0 877 1.44629
0 0 878 0.924338
0 0 879 -0.347135
0 0 880 -0.566739
0 0 881 -0.367822
0 0 882 0.601298
0 0 883 0.26871
0 0 884 -0.848404
0 0 885 -2.09919
0 0 886 -1.46425
0 0 887 0.122307
0 0 888 0.862276
0 0 889 -0.670175
0 0 890 -2.11033
0 0 891 -2.96487
0 0 892 -2.48588
0 0 893 -1.39105
0 0 894 -0.0972963
0 0 895 0.497861
0 0 896 -0.0447824
0 0 897 -0.754516
0 0 898 -0.326448
0 0 899 0.0586541
0 0 900 0.0491061
0 0 901 -0.358275
0 0 902 0.413521
0 0 903 -0.223011
0 0 904 -0.816578
0 0 905 -0.3169
0 0 906 0.507409
0 0 907 0.727013
0 0 908 0.779527
0 0 909 0.163682
0 0 910 1.25852
0 0 911 2.39632
0 0 912 2.51089
0 0 913 1.0405
0 0 914 -0.285073
0 0 915 -1.4738
0 0 916 -1.28602
0 0 917 -0.660627
0 0 918 1.07074
0 0 919 1.90619
0 0 920 1.07074
0 0 921 -0.79589
0 0 922 -1.50562
0 0 923 -0.399649
0 0 924 1.26966
0 0 925 1.45743
0 0 926 0.779527
0 0 927 0.111168
0 0 928 0.466035
0 0 929 0.246431
0 0 930 -0.38851
0 0 931 -1.79684
0 0 932 -1.79684
0 0 933 -0.942293
0 0 934 0.174821
0 0 935 0.809762
0 0 936 1.25852
0 0 937 -0.0240951
0 0 938 -0.880231
0 0 939 -0.273934
0 0 940 1.11211
0 0 941 1.69772
0 0 942 1.00868
0 0 943 -0.983667
0 0 944 -1.66157
0 0 945 -1.90187
0 0 946 -2.0053
0 0 947 -1.26533
0 0 948 -0.0240951
0 0 949 0.653812
0 0 950 1.21714
0 0 951 1.89505
0 0 952 2.83393
0 0 953 0.935477
0 0 954 -0.889779
0 0 955 -1.35922
0 0 956 -1.91141
0 0 957 -2.5384
0 0 958 -1.17144
0 0 959 0.195508
0 0 960 1.16463
0 0 961 1.39378
0 0 962 1.69772
0 0 963 1.65476
0 0 964 0.528097
0 0 965 0.122307
0 0 966 0.10162
0 0 967 -1.30671
0 0 968 -0.63994
0 0 969 -0.326448
0 0 970 -0.3169
0 0 971 -0.534912
0 0 972 0.383285
0 0 973 0.466035
0 0 974 -0.294621
0 0 975 -0.264386
0 0 976 1.5195
0 0 977 1.90619
0 0 978 1.57201
0 0 979 1.39378
0 0 980 0.486722
0 0 981 -0.0972963
0 0 982 0.466035
0 0 983 0.539236
0 0 984 0.997539
0 0 985 0.246431
0 0 986 -0.983667
0 0 987 -1.19213
0 0 988 -1.19213
0 0 989 -2.4652
0 0 990 -3.58072
0 0 991 -2.6116
0 0 992 -0.410788
0 0 993 0.736561
0 0 994 1.29989
0 0 995 0.413521
0 0 996 -0.983667
0 0 997 -2.18353
0 0 998 -1.45311
0 0 999 -0.974119
0 0 1000 -0.452163
0 0 1001 0.559923
0 0 1002 -0.180046
0 0 1003 -1.46425
0 0 1004 -0.598565
0 0 1005 -0.358275
0 0 1006 -0.191185
0 0 1007 -0.452163
0 0 1008 0.789075
0 0 1009 1.7391
0 0 1010 1.95711
0 0 1011 2.80211
0 0 1012 1.80116
0 0 1013 0.372146
0 0 1014 0.946616
0 0 1015 0.528097
0 0 1016 0.58061
0 0 1017 0.236883
0 0 1018 -1.05687
0 0 1019 -1.95438
0 0 1020 -0.00340783
0 0 1021 -0.00340783
0 0 1022 -0.00340783
0 0 1023 -0.00340783
