0 0 0 0.339411
0 0 1 -0.10562
0 0 2 0.0999163
0 0 3 0.105729
0 0 4 -0.00256799
0 0 5 0.0879416
0 0 6 -0.139163
0 0 7 -0.248705
0 0 8 0.158828
0 0 9 0.324355
0 0 10 -0.0154386
0 0 11 0.10787
0 0 12 0.0515804
0 0 13 0.0710721
0 0 14 -0.133307
0 0 15 -0.264264
0 0 16 -0.0450258
0 0 17 -0.156163
0 0 18 0.155857
0 0 19 0.123254
0 0 20 0.148034
0 0 21 -0.0614364
0 0 22 -0.0300137
0 0 23 0.130924
0 0 24 -0.241144
0 0 25 -0.349267
0 0 26 -0.0378366
0 0 27 0.0165959
0 0 28 0.0132963
0 0 29 -0.080797
0 0 30 -0.00215281
0 0 31 0.142483
0 0 32 0.233343
0 0 33 0.297652
0 0 34 0.0349295
0 0 35 -0.128718
0 0 36 0.326562
0 0 37 0.160183
0 0 38 -0.25277
0 0 39 0.0981026
0 0 40 -0.210181
0 0 41 0.0193711
0 0 42 0.11447
0 0 43 -0.0306692
0 0 44 0.373674
0 0 45 0.100288
0 0 46 0.0210537
0 0 47 -0.157671
0 0 48 -0.156229
0 0 49 0.239264
0 0 50 -0.0118331
0 0 51 0.00798637
0 0 52 0.13466
0 0 53 0.300799
0 0 54 -0.0828947
0 0 55 0.007746
0 0 56 0.291992
0 0 57 -0.122949
0 0 58 -0.0995457
0 0 59 0.115256
0 0 60 0.140473
0 0 61 -0.078437
0 0 62 0.150175
0 0 63 -0.154153
0 0 64 0.033225
0 0 65 0.0347765
0 0 66 0.116808
0 0 67 0.10291
0 0 68 0.00761489
0 0 69 -0.112679
0 0 70 0.0161589
0 0 71 0.0557104
0 0 72 -0.0480413
0 0 73 0.18245
0 0 74 0.334931
0 0 75 0.0261888
0 0 76 -0.135623
0 0 77 0.110427
0 0 78 -0.134071
0 0 79 -0.040568
0 0 80 0.0755736
0 0 81 -0.0306911
0 0 82 0.169864
0 0 83 0.18457
0 0 84 -0.0935365
0 0 85 -0.160883
0 0 86 0.169405
0 0 87 -0.0263863
0 0 88 -0.0313903
0 0 89 -0.124763
0 0 90 0.216779
0 0 91 -0.055602
0 0 92 -0.279975
0 0 93 0.0826317
0 0 94 -0.210443
0 0 95 0.00560454
0 0 96 0.100332
0 0 97 0.191322
0 0 98 0.0160278
0 0 99 -0.271824
0 0 100 -0.0686256
0 0 101 -0.104987
0 0 102 -0.1861
0 0 103 -0.029817
0 0 104 0.119408
0 0 105 0.262121
0 0 106 0.0916127
0 0 107 -0.282182
0 0 108 -0.0919632
0 0 109 -0.0509257
0 0 110 -0.0359136
0 0 111 -0.336593
0 0 112 0.126029
0 0 113 0.0218622
0 0 114 -0.205483
0 0 115 0.0494827
0 0 116 0.068144
0 0 117 0.347321
0 0 118 -0.286465
0 0 119 0.0250088
0 0 120 -0.0708981
0 0 121 -0.153235
0 0 122 -0.0771696
0 0 123 -0.0410269
0 0 124 0.0466638
0 0 125 0.0624189
0 0 126 -0.0526302
0 0 127 -0.00435982
0 0 128 0.098933
0 0 129 -0.0130786
0 0 130 -0.00702573
0 0 131 0.195321
0 0 132 -0.12332
0 0 133 -0.0468395
0 0 134 -0.0502265
0 0 135 0.188678
0 0 136 0.0203544
0 0 137 0.0885753
0 0 138 -0.0238515
0 0 139 -0.125811
0 0 140 -0.0359355
0 0 141 0.0808617
0 0 142 0.0742188
0 0 143 0.0299254
0 0 144 0.0442601
0 0 145 -0.0086646
0 0 146 -0.158895
0 0 147 -0.0193501
0 0 148 0.0499416
0 0 149 -0.144997
0 0 150 -0.0660471
0 0 151 0.0534378
0 0 152 -0.131558
0 0 153 -0.31603
0 0 154 -0.198905
0 0 155 -0.0938424
0 0 156 -0.37468
0 0 157 -0.327327
0 0 158 0.0633366
0 0 159 -0.0153075
0 0 160 0.0576771
0 0 161 0.0853631
0 0 162 -0.410145
0 0 163 -0.0193501
0 0 164 0.222111
0 0 165 -0.245318
0 0 166 0.014083
0 0 167 0.024681
0 0 168 0.177533
0 0 169 0.0309525
0 0 170 -0.1193
0 0 171 -0.0278067
0 0 172 0.0211848
0 0 173 -0.0417043
0 0 174 0.0575022
0 0 175 -0.161211
0 0 176 -0.191235
0 0 177 0.258341
0 0 178 -0.285263
0 0 179 -0.0945198
0 0 180 -0.114427
0 0 181 0.0257518
0 0 182 0.0167489
0 0 183 -0.379946
0 0 184 -0.123867
0 0 185 -0.0411362
0 0 186 0.0966167
0 0 187 -0.184439
0 0 188 -0.0489372
0 0 189 0.0688214
0 0 190 -0.0285715
0 0 191 -0.0701115
0 0 192 0.12498
0 0 193 0.0296414
0 0 194 -0.29066
0 0 195 0.137195
0 0 196 -0.0450476
0 0 197 0.0238944
0 0 198 0.0481497
0 0 199 -0.0589234
0 0 200 -0.330758
0 0 201 -0.236097
0 0 202 -0.113006
0 0 203 0.0453309
0 0 204 -0.0946072
0 0 205 -0.147991
0 0 206 -0.196611
0 0 207 -0.0102816
0 0 208 -0.0816273
0 0 209 0.0211411
0 0 210 -0.0295548
0 0 211 -0.212475
0 0 212 -0.0216445
0 0 213 -0.043671
0 0 214 0.195343
0 0 215 -0.134618
0 0 216 -0.0593823
0 0 217 0.0454838
0 0 218 -0.0299481
0 0 219 -0.0438021
0 0 220 0.0746339
0 0 221 0.122052
0 0 222 0.0394309
0 0 223 -0.205767
0 0 224 -0.0617642
0 0 225 0.0799221
0 0 226 -1.13429e-05
0 0 227 0.188481
0 0 228 -0.0845117
0 0 229 -0.124675
0 0 230 -0.147925
0 0 231 -0.294397
0 0 232 -0.0457906
0 0 233 -0.257817
0 0 234 0.106122
0 0 235 -0.234851
0 0 236 0.0845765
0 0 237 -0.016859
0 0 238 0.0181692
0 0 239 0.036765
0 0 240 -0.3204
0 0 241 -0.137874
0 0 242 -0.042928
0 0 243 -0.0235237
0 0 244 -0.0830258
0 0 245 0.191081
0 0 246 0.0151537
0 0 247 0.202466
0 0 248 0.155245
0 0 249 0.339607
0 0 250 0.33504
0 0 251 0.598265
0 0 252 0.333642
0 0 253 0.673326
0 0 254 1.0117
0 0 255 0.850237
0 0 256 0.644198
0 0 257 0.566231
0 0 258 0.197025
0 0 259 -0.00106022
0 0 260 0.158785
0 0 261 -0.134705
0 0 262 0.038688
0 0 263 -0.247197
0 0 264 -0.334866
0 0 265 0.0283303
0 0 266 0.0889249
0 0 267 0.0504879
0 0 268 -0.308754
0 0 269 0.0912849
0 0 270 0.0044464
0 0 271 0.291053
0 0 272 -0.108723
0 0 273 -0.129898
0 0 274 0.0590537
0 0 275 0.0870894
0 0 276 -0.19696
0 0 277 -0.141151
0 0 278 -0.0164001
0 0 279 0.0936668
0 0 280 -0.0839436
0 0 281 0.0561911
0 0 282 -0.19082
0 0 283 -0.0904335
0 0 284 0.0337495
0 0 285 -0.103676
0 0 286 0.0767099
0 0 287 -0.236883
0 0 288 -0.161714
0 0 289 -0.0115272
0 0 290 0.0594033
0 0 291 -0.173382
0 0 292 0.1507
0 0 293 -0.42035
0 0 294 -0.0362414
0 0 295 -0.201462
0 0 296 -0.0530235
0 0 297 0.06196
0 0 298 -0.0389292
0 0 299 -0.0331385
0 0 300 0.0788732
0 0 301 -0.281024
0 0 302 0.116174
0 0 303 0.248267
0 0 304 -0.139512
0 0 305 0.477644
0 0 306 -0.127057
0 0 307 0.0725143
0 0 308 0.228732
0 0 309 -0.0752903
0 0 310 0.208235
0 0 311 0.0206603
0 0 312 0.411259
0 0 313 0.198992
0 0 314 0.228623
0 0 315 0.0327443
0 0 316 -0.307399
0 0 317 -0.27886
0 0 318 0.194206
0 0 319 -0.0378584
0 0 320 0.27521
0 0 321 -0.0186727
0 0 322 0.386086
0 0 323 0.0175574
0 0 324 0.187738
0 0 325 0.0770376
0 0 326 -0.345574
0 0 327 -0.113771
0 0 328 0.272785
0 0 329 -0.143511
0 0 330 -0.0944542
0 0 331 -0.0762518
0 0 332 0.196217
0 0 333 -0.005365
0 0 334 0.278619
0 0 335 0.141915
0 0 336 0.157889
0 0 337 0.142877
0 0 338 -0.0128164
0 0 339 -0.20498
0 0 340 0.0197863
0 0 341 0.00158383
0 0 342 -0.137742
0 0 343 0.189027
0 0 344 -0.00831498
0 0 345 0.0354539
0 0 346 0.309255
0 0 347 0.0244188
0 0 348 0.144297
0 0 349 -0.0320896
0 0 350 0.0447846
0 0 351 -0.043955
0 0 352 0.0433205
0 0 353 -0.0626819
0 0 354 0.193223
0 0 355 0.0694333
0 0 356 -0.0777377
0 0 357 -0.123757
0 0 358 -0.0511661
0 0 359 0.106406
0 0 360 0.0232388
0 0 361 -0.176791
0 0 362 -0.211317
0 0 363 0.26518
0 0 364 -0.168051
0 0 365 -0.0719033
0 0 366 0.0540715
0 0 367 -0.192765
0 0 368 0.150831
0 0 369 -0.0633812
0 0 370 -0.144298
0 0 371 -0.164336
0 0 372 0.127296
0 0 373 0.00525491
0 0 374 -0.270207
0 0 375 0.279056
0 0 376 0.0138645
0 0 377 -0.00125689
0 0 378 0.116633
0 0 379 0.145215
0 0 380 0.18009
0 0 381 -0.142288
0 0 382 0.184067
0 0 383 0.025577
0 0 384 -0.0686911
0 0 385 0.0474286
0 0 386 0.0257955
0 0 387 -0.0555364
0 0 388 0.0266258
0 0 389 -0.0934928
0 0 390 0.160424
0 0 391 0.34507
0 0 392 -0.39769
0 0 393 0.0693896
0 0 394 0.0555356
0 0 395 0.232949
0 0 396 0.15011
0 0 397 -0.166259
0 0 398 0.126794
0 0 399 -0.109444
0 0 400 0.0463797
0 0 401 -0.112941
0 0 402 -0.057219
0 0 403 0.164073
0 0 404 0.176528
0 0 405 -0.00811831
0 0 406 0.245689
0 0 407 0.0912412
0 0 408 -0.028353
0 0 409 0.0262544
0 0 410 0.18859
0 0 411 -0.226154
0 0 412 0.0435827
0 0 413 0.041179
0 0 414 0.146286
0 0 415 -0.0463369
0 0 416 -0.0267796
0 0 417 0.0144982
0 0 418 0.226219
0 0 419 0.0208351
0 0 420 0.106472
0 0 421 -0.035127
0 0 422 0.0314332
0 0 423 -0.174257
0 0 424 0.0766662
0 0 425 -0.0514283
0 0 426 -0.166587
0 0 427 -0.0998298
0 0 428 0.190579
0 0 429 -0.0671397
0 0 430 -0.181905
0 0 431 0.020704
0 0 432 -0.0297078
0 0 433 -0.134749
0 0 434 -0.10774
0 0 435 -0.162457
0 0 436 -0.0651949
0 0 437 -0.0495928
0 0 438 -0.229017
0 0 439 0.178386
0 0 440 0.0146074
0 0 441 -0.134224
0 0 442 -0.107194
0 0 443 -0.0571972
0 0 444 0.0223648
0 0 445 -0.000732448
0 0 446 0.236642
0 0 447 0.226044
0 0 448 -0.0690845
0 0 449 0.0233918
0 0 450 -0.10573
0 0 451 -0.0571535
0 0 452 0.0999163
0 0 453 -0.190711
0 0 454 -0.179632
0 0 455 0.294243
0 0 456 0.224646
0 0 457 0.187847
0 0 458 0.050903
0 0 459 0.0387535
0 0 460 -0.164838
0 0 461 -0.123473
0 0 462 0.0340773
0 0 463 0.176769
0 0 464 -0.0214478
0 0 465 0.115453
0 0 466 0.10621
0 0 467 -0.242084
0 0 468 -0.234239
0 0 469 -0.167045
0 0 470 -0.374658
0 0 471 0.263869
0 0 472 0.0308432
0 0 473 -0.00829312
0 0 474 0.344786
0 0 475 0.0392561
0 0 476 -0.0883576
0 0 477 0.186077
0 0 478 -0.153629
0 0 479 0.0242003
0 0 480 -0.228886
0 0 481 -0.270011
0 0 482 0.134092
0 0 483 0.00746193
0 0 484 -0.0340781
0 0 485 -0.068713
0 0 486 0.122686
0 0 487 0.178495
0 0 488 -0.0198964
0 0 489 0.147859
0 0 490 -0.203866
0 0 491 0.144953
0 0 492 0.0173389
0 0 493 -0.0696963
0 0 494 -0.0701552
0 0 495 -0.17465
0 0 496 0.0604304
0 0 497 0.24252
0 0 498 0.254102
0 0 499 -0.166281
0 0 500 -0.0779999
0 0 501 -0.130837
0 0 502 -1.13429e-05
0 0 503 0.012313
0 0 504 -0.0865439
0 0 505 -0.0833755
0 0 506 -0.148865
0 0 507 -0.155508
0 0 508 0.253053
0 0 509 0.091722
0 0 510 -0.00634833
0 0 511 -0.0191097
