0 0 0 -16.4226 2.32556 -11.9594 6.52638
0 0 1 -26.1256 -1.34113 7.04881 3.24835
0 0 2 -13.9255 -9.86249 15.5695 -5.27108
0 0 3 -11.4462 4.29867 1.14821 -6.45185
0 0 4 -16.0302 1.27735 -6.19139 1.80671
0 0 5 -17.8673 13.3421 1.54351 -5.01021
0 0 6 -18.5273 -11.5643 -2.52038 4.42913
0 0 7 -11.1786 -21.3969 -14.0564 3.77352
0 0 8 -0.173512 -26.5147 -14.5819 5.74034
0 0 9 -1.74312 -20.6159 5.86773 14.3919
0 0 10 -1.60043 -18.7744 23.3044 10.853
0 0 11 -0.423223 -4.09115 29.4653 7.70544
0 0 12 -2.40308 5.99637 19.5008 -2.65037
0 0 13 -5.27475 12.2898 24.876 -5.40323
0 0 14 -5.02504 15.3029 13.6026 1.15111
0 0 15 -6.71951 7.17612 7.96716 5.87077
0 0 16 3.37595 -4.88039 -3.43874 4.2987
0 0 17 -5.41744 -3.04293 -6.84701 -13.5296
0 0 18 -20.3466 8.35588 -6.32396 -9.33514
0 0 19 -2.92033 13.9957 5.86773 -0.0279539
0 0 20 1.0037 2.72019 9.93162 -4.3546
0 0 21 2.3236 -0.551885 25.7943 -10.7768
0 0 22 22.9069 0.364789 18.8476 2.0693
0 0 23 23.8166 -2.65242 13.0796 -3.04339
0 0 24 6.65787 -4.88039 8.75295 -1.20701
0 0 25 -8.43181 17.0088 -10.518 -7.10746
0 0 26 -21.7914 20.8152 -14.3192 -0.813993
0 0 27 -18.1349 21.4647 6.78608 -2.51822
0 0 28 -3.31274 1.413 8.36005 10.9835
0 0 29 15.1659 1.67608 -5.7985 -6.71272
0 0 30 -2.52793 -1.6001 -21.5286 2.98749
0 0 31 -11.0538 -6.06014 -19.957 -12.2184
0 0 32 6.90758 -4.09115 -15.2375 0.102481
0 0 33 5.99792 10.329 0.887888 0.4955
0 0 34 12.1515 -5.53398 -3.70147 -1.99477
0 0 35 12.8115 -12.222 1.80383 -13.9227
0 0 36 -6.32711 -14.0553 -6.45412 0.627651
0 0 37 -15.2454 16.7457 -8.15825 4.55956
0 0 38 -16.5474 15.5659 -7.50263 7.44457
0 0 39 5.33797 12.6885 -0.816248 -1.73218
0 0 40 -3.58028 5.34278 -5.14287 3.64309
0 0 41 -0.565915 -2.12626 -9.20677 -9.33514
0 0 42 -2.40308 -20.3487 -10.1251 -8.81169
0 0 43 4.42831 -18.9059 0.625157 -13.9227
0 0 44 3.50081 -14.45 0.232266 -9.46558
0 0 45 12.8115 -4.09115 16.8807 3.64309
0 0 46 4.42831 -6.71374 4.03343 7.70544
0 0 47 12.0267 0.62787 -8.55115 -3.30598
0 0 48 -6.05956 -1.20959 -18.776 -8.94212
0 0 49 -21.5416 3.37378 -4.48725 -2.78081
0 0 50 -25.0733 16.3552 -6.32396 7.96802
0 0 51 -14.4606 4.16302 -0.423357 -1.60175
0 0 52 1.14639 -13.6607 -3.70147 -8.15608
0 0 53 6.78272 -10.7833 -6.32396 -12.2184
0 0 54 -9.73388 11.2415 -9.33693 -3.95987
0 0 55 -23.2361 19.8944 -0.160626 1.80671
0 0 56 -16.815 -3.83218 -3.04585 -4.74762
0 0 57 -4.75749 -7.49887 -1.20914 -15.366
0 0 58 -0.423223 4.55353 -10.3854 -10.3838
0 0 59 -9.87657 17.6624 -10.2553 -6.71272
0 0 60 2.3236 4.55353 -8.02809 3.51094
0 0 61 -3.83 -13.7964 -4.88014 2.19973
0 0 62 16.3431 -27.8219 -7.2399 15.3101
0 0 63 6.78272 -27.5629 6.26303 17.8004
0 0 64 -4.88235 -16.8095 -1.07898 5.74034
0 0 65 0.361583 -6.1958 1.01805 2.19973
0 0 66 -1.08317 0.62787 -6.97717 15.4405
0 0 67 -13.2833 9.80282 -1.7346 -1.20701
0 0 68 -19.1694 13.8682 -7.2399 -8.94212
0 0 69 -5.1499 8.48742 -2.39022 -6.97531
0 0 70 19.5002 0.496329 6.26303 -3.56685
0 0 71 26.4386 -9.86249 5.34467 -13.6618
0 0 72 6.39032 -8.42376 -3.04585 -0.290539
0 0 73 2.84086 -14.8405 2.59202 -6.71272
0 0 74 -7.37946 0.62787 4.42632 -5.6641
0 0 75 4.42831 -18.1249 -0.948819 -1.07658
0 0 76 -11.6959 -15.3666 7.57186 13.9989
0 0 77 -22.9686 6.25945 5.47483 -9.99075
0 0 78 -30.0497 13.2064 6.0003 -13.2688
0 0 79 0.361583 -0.420344 10.7198 -16.4146
0 0 80 0.753986 -10.6476 21.7304 -3.82943
0 0 81 3.62566 -4.09115 3.24765 2.85533
0 0 82 3.76835 14.5218 -8.94404 16.6196
0 0 83 -6.32711 21.5963 -0.0304653 3.90396
0 0 84 -9.46633 16.3552 -8.02809 -9.07256
0 0 85 8.22748 4.81661 -16.286 -6.71272
0 0 86 -4.09754 13.0749 -14.4493 17.2752
0 0 87 7.05027 0.496329 -0.816248 29.0744
0 0 88 8.22748 -2.52088 7.31154 5.74034
0 0 89 11.6343 -0.029833 9.14584 -6.05883
0 0 90 -16.5474 -3.5691 8.36005 3.24835
0 0 91 -13.9255 -12.0905 7.83459 12.8181
0 0 92 -16.2977 -2.38934 11.1127 14.5224
0 0 93 -13.8006 -14.0553 8.36005 6.00121
0 0 94 0.361583 -15.8887 -5.92866 5.47775
0 0 95 9.79709 -16.0243 -12.2221 -4.22245
0 0 96 -2.92033 -22.3136 -16.1535 -3.17383
0 0 97 -14.193 -18.1249 -10.3854 -15.6269
0 0 98 -15.7626 -4.61731 -5.01271 -12.481
0 0 99 -9.87657 -5.79706 4.95178 -1.07658
0 0 100 4.16076 2.58865 19.2405 -5.92668
0 0 101 3.50081 1.54454 3.64054 0.234631
0 0 102 -4.09754 -7.49887 -11.9594 24.3547
0 0 103 2.59115 -3.30601 -11.0411 3.24835
0 0 104 -2.40308 17.7939 1.54351 -5.79625
0 0 105 -4.75749 20.8152 -2.78311 5.87077
0 0 106 -2.26038 20.4165 -10.6482 12.8181
0 0 107 -6.71951 12.6885 -5.53576 4.42913
0 0 108 -13.4082 2.58865 -9.4695 1.67628
0 0 109 1.41394 -2.2578 1.14821 -3.699
0 0 110 5.07042 -3.04293 -1.20914 2.33188
0 0 111 7.44267 -7.37555 -4.48725 5.60819
0 0 112 8.86959 -3.83218 -0.816248 -1.4696
0 0 113 1.53879 -3.17447 -1.47187 -5.92668
0 0 114 0.878841 -5.79706 -6.84701 10.7209
0 0 115 23.2993 -2.52088 -5.01271 18.063
0 0 116 34.9644 1.01838 7.57186 16.2266
0 0 117 42.0455 1.01838 -0.816248 5.08473
0 0 118 33.6623 -5.66552 -24.544 10.7209
0 0 119 21.0698 -1.99472 -17.0718 -14.8408
0 0 120 1.80634 -8.02914 9.53873 -11.302
0 0 121 -7.11191 2.72019 -11.4364 0.627651
0 0 122 -14.7103 -0.814966 -15.3677 -2.78081
0 0 123 -0.958319 -6.5822 -5.92866 -10.3838
0 0 124 -4.88235 1.413 -11.8293 -15.4965
0 0 125 4.67802 -2.12626 -24.4138 -20.2161
0 0 126 12.1515 0.101708 -11.3038 -23.4924
0 0 127 1.9312 17.4075 -15.8932 -12.874
0 0 128 1.27124 7.31177 -15.7606 2.7249
0 0 129 1.9312 -10.9107 -6.19139 -6.05883
0 0 130 6.24763 -8.28811 -7.76536 -8.81169
0 0 131 3.50081 -11.963 2.59202 -1.60175
0 0 132 -2.26038 -5.79706 -5.53576 12.2947
0 0 133 -0.173512 6.13202 -9.20677 -0.946144
0 0 134 -3.58028 12.1623 -10.518 6.13336
0 0 135 10.5819 9.80282 3.24765 5.08473
0 0 136 7.44267 13.7326 9.276 -6.71272
0 0 137 2.98355 18.9737 6.0003 -14.5783
0 0 138 -15.6378 7.83794 -11.9594 7.18198
0 0 139 1.14639 18.7147 -15.6304 0.365066
0 0 140 15.4334 15.048 2.06656 -9.20471
0 0 141 21.1946 19.3683 19.3707 -6.18927
0 0 142 6.12277 12.0267 12.8168 2.33188
0 0 143 -12.0883 11.3731 4.29616 -6.84487
0 0 144 -14.853 -3.70064 15.4393 1.67628
0 0 145 -7.64701 -16.2833 10.9801 -2.38779
0 0 146 -18.9197 6.91304 -7.63279 -10.1212
0 0 147 -4.36509 3.37378 -6.32396 -2.91124
0 0 148 1.27124 -4.74885 0.362426 13.6059
0 0 149 10.457 -2.2578 11.8985 13.0807
0 0 150 15.1659 -8.5553 2.45945 2.46232
0 0 151 4.55316 -15.1036 -12.2221 1.28326
0 0 152 -14.5854 7.17612 -8.02809 5.08473
0 0 153 -19.9542 7.4392 -11.5665 -4.22245
0 0 154 -16.2977 -0.551885 -8.94404 -8.02393
0 0 155 -11.4462 5.73329 8.22748 -11.695
0 0 156 -13.8006 -6.71374 18.4523 -4.3546
0 0 157 -11.1786 -21.5285 22.386 -10.5159
0 0 158 -6.32711 -14.0553 21.2074 -0.290539
0 0 159 9.13714 -7.89349 8.49021 -2.38779
0 0 160 8.08479 -13.6607 -11.0411 7.05155
0 0 161 8.61988 -2.2578 -8.15825 1.02067
0 0 162 13.7211 3.11481 18.5849 6.39594
0 0 163 27.7585 -0.814966 10.1944 -6.71272
0 0 164 11.3667 -1.99472 -6.06123 0.890236
0 0 165 10.5819 1.67608 -4.74998 0.758085
0 0 166 -1.74312 -0.683425 -4.48725 6.78896
0 0 167 5.73037 -0.946506 -2.78311 -0.290539
0 0 168 5.33797 -0.814966 -3.70147 2.59447
0 0 169 31.0404 -2.2578 -7.10974 -0.0279539
0 0 170 19.7499 -11.3012 -10.518 -3.95987
0 0 171 18.5727 -9.73095 -3.5689 -11.695
0 0 172 10.8494 -8.81016 -12.615 5.08473
0 0 173 0.361583 -7.2399 -18.3831 -11.0394
0 0 174 11.4916 -0.420344 -14.189 2.59447
0 0 175 17.5381 4.95227 -2.39022 11.9017
0 0 176 6.90758 8.09691 -7.50263 9.01665
0 0 177 15.4334 12.9434 -2.39022 6.52638
0 0 178 8.22748 6.25945 16.8807 6.26379
0 0 179 1.9312 8.35588 16.2251 -0.683559
0 0 180 1.80634 8.35588 6.13046 13.4737
0 0 181 2.98355 10.0618 9.01568 12.6877
0 0 182 1.14639 -5.01604 21.9931 7.96802
0 0 183 2.84086 4.03559 10.4571 4.16654
0 0 184 -3.43759 -3.95961 -2.26006 9.1488
0 0 185 -7.2546 -7.89349 -8.94404 -9.20471
0 0 186 -11.571 17.276 -4.48725 -1.86262
0 0 187 -6.45196 24.3545 3.11508 -14.5783
0 0 188 1.80634 12.6885 3.50797 -3.04339
0 0 189 10.0646 6.3951 8.22748 0.365066
0 0 190 8.74474 1.27735 -4.09436 7.31242
0 0 191 16.8782 9.27666 -8.02809 12.9503
0 0 192 12.8115 -7.2399 -1.60444 15.0475
0 0 193 10.8494 2.98327 -6.71685 4.82215
0 0 194 10.5819 17.276 -11.1736 12.5573
0 0 195 17.5381 11.5087 1.67367 -1.07658
0 0 196 16.7355 -1.34113 5.2121 14.3919
0 0 197 9.92195 -3.17447 6.26303 15.4405
0 0 198 3.37595 -11.0422 6.0003 -5.6641
0 0 199 1.80634 -17.0767 10.85 -16.6755
0 0 200 -8.68152 -13.0071 1.54351 10.5904
0 0 201 -8.28912 -3.83218 13.2097 -3.04339
0 0 202 -4.09754 -21.3969 2.06656 -8.94212
0 0 203 -5.9347 -16.6779 -3.5689 -1.33916
0 0 204 -8.03941 -32.2819 -3.43874 12.1625
0 0 205 -23.3788 -26.9011 -3.83163 11.7695
0 0 206 -19.7045 -21.7957 -17.7274 14.5224
0 0 207 -11.8386 -0.029833 -21.2683 15.8336
0 0 208 -12.4985 10.7154 -0.555927 3.77352
0 0 209 -15.3702 7.96537 0.232266 -0.158388
0 0 210 -17.5998 -5.93271 8.49021 -6.45185
0 0 211 -15.1027 -0.946506 1.28078 -0.290539
0 0 212 8.08479 -15.6297 2.59202 15.178
0 0 213 14.9162 -26.3832 9.01568 7.18198
0 0 214 1.53879 -22.7082 19.6334 4.95258
0 0 215 6.78272 -1.6001 19.7635 -5.40323
0 0 216 11.4916 4.16302 16.4878 -8.15608
0 0 217 2.98355 11.2415 20.9446 -6.84487
0 0 218 -5.02504 -16.1559 12.2914 -1.86262
0 0 219 -1.86798 -22.0505 1.14821 -11.302
0 0 220 -12.7482 -13.0071 -2.52038 -6.18927
0 0 221 -7.89672 5.0797 4.03343 -2.78081
0 0 222 9.40469 4.81661 4.03343 -2.51822
0 0 223 5.99792 -3.17447 0.362426 10.7209
0 0 224 -16.6901 -6.97682 4.29616 8.88621
0 0 225 -9.73388 -9.2089 6.65592 1.15111
0 0 226 -3.97269 -9.73095 4.16359 -5.79625
0 0 227 18.7153 5.86894 6.52335 5.47775
0 0 228 4.55316 10.0618 15.044 21.6019
0 0 229 17.1279 8.88204 6.26303 22.7809
0 0 230 16.4858 -8.15657 7.83459 7.05155
0 0 231 16.4858 -5.93271 17.9292 -4.48504
0 0 232 -1.47558 -8.5553 7.17897 10.3279
0 0 233 -4.63264 -6.1958 -3.17601 11.6391
0 0 234 12.2942 0.364789 -8.6813 10.853
0 0 235 36.0168 2.06659 -7.2399 -14.3174
0 0 236 27.8833 -4.74885 -11.3038 -9.59773
0 0 237 15.701 3.50532 -0.686088 2.46232
0 0 238 -14.853 6.25945 3.24765 15.7031
0 0 239 -5.66716 1.80762 1.14821 10.7209
0 0 240 -8.68152 -11.1697 9.276 -8.5491
0 0 241 0.486438 -15.5023 11.7683 -13.6618
0 0 242 -0.0308203 -16.9451 9.6713 -8.15608
0 0 243 10.1895 -25.4624 -3.9642 -4.61547
0 0 244 8.86959 -9.46787 -19.8245 -5.79625
0 0 245 18.7153 -5.53398 -0.555927 -10.9089
0 0 246 15.1659 -0.946506 4.42632 4.16654
0 0 247 12.5439 10.8469 -9.4695 4.03611
0 0 248 -3.83 12.9434 -7.37247 -5.01021
0 0 249 8.22748 -6.84528 -15.7606 -1.07658
0 0 250 14.6486 -1.07805 -12.3523 10.4583
0 0 251 8.47719 15.829 1.41094 7.96802
0 0 252 8.86959 12.9434 -3.17601 -6.71272
0 0 253 45.7198 12.9434 7.70443 -3.56685
0 0 254 81.6247 34.9682 22.2559 -5.6641
0 0 255 104.438 44.8008 24.6156 -8.94212
0 0 256 116.887 32.7402 22.9115 3.90396
0 0 257 157.929 36.0164 9.53873 -1.99477
0 0 258 242.207 66.2995 1.54351 19.8976
0 0 259 384.703 90.6838 15.4393 28.5492
0 0 260 556.825 70.1018 -2.91328 44.2803
0 0 261 786.63 42.577 -22.0541 56.7334
0 0 262 985.222 -26.9011 -20.3499 85.9661
0 0 263 1122.47 -113.159 21.0748 86.4913
0 0 264 1132.05 -178.703 66.8261 72.9879
0 0 265 1035.82 -170.058 99.3373 45.4594
0 0 266 883.233 -137.675 90.4213 32.3507
0 0 267 723.578 -117.487 75.6096 13.8668
0 0 268 578.068 -82.8798 50.3078 27.1076
0 0 269 482.5 -58.8942 23.4345 31.0395
0 0 270 400.185 -44.3384 5.2121 28.1562
0 0 271 319.029 -29.1291 -2.39022 8.36104
0 0 272 252.177 -17.5946 -20.873 5.21517
0 0 273 192.015 -9.33633 -31.6233 -3.56685
0 0 274 135.116 -23.4934 -31.2304 2.85533
0 0 275 104.045 -24.9362 -48.4019 6.13336
0 0 276 86.0838 -25.2034 -58.6243 -9.86031
0 0 277 75.596 -25.2034 -38.1771 -16.8077
0 0 278 56.7249 -13.7964 -43.8149 -5.27108
0 0 279 45.9695 -17.0767 -26.2481 -13.9227
0 0 280 31.8252 -12.6166 8.75295 -23.755
0 0 281 18.7153 0.62787 19.5008 -25.9827
0 0 282 14.2562 9.53563 12.2914 -14.0548
0 0 283 26.9736 6.25945 15.9624 -11.302
0 0 284 19.1077 5.99637 12.4239 2.59447
0 0 285 8.08479 9.01358 -2.12749 -3.30598
0 0 286 4.16076 5.21535 11.8985 -3.56685
0 0 287 15.1659 -12.6166 17.6665 6.9194
0 0 288 7.83508 -21.1339 -3.43874 -2.51822
0 0 289 -3.83 -14.8405 -17.3346 -4.3546
0 0 290 -7.77186 1.14581 -10.1251 -1.73218
0 0 291 -5.5423 2.06659 6.0003 -3.43641
0 0 292 12.1515 -8.81016 8.62037 -7.10746
0 0 293 8.22748 -4.61731 10.0642 2.0693
0 0 294 1.14639 -12.744 13.0796 6.78896
0 0 295 3.37595 -7.89349 2.06656 -10.1212
0 0 296 6.90758 -9.60352 -11.6967 -5.40323
0 0 297 7.17513 -7.49887 -14.5819 1.93886
0 0 298 9.79709 -9.86249 -2.78311 1.80671
0 0 299 -0.565915 -5.79706 -10.1251 -2.25735
0 0 300 -8.16427 -13.7964 -20.7428 -0.0279539
0 0 301 -7.37946 -16.4149 -15.105 -10.9089
0 0 302 -14.5854 -0.551885 -27.2966 -11.8254
0 0 303 -31.2269 5.34278 -14.8446 4.95258
0 0 304 -19.3121 -5.13936 8.36005 -0.946144
0 0 305 3.62566 13.3421 12.4239 -12.6132
0 0 306 3.76835 15.048 21.2074 -0.553124
0 0 307 12.8115 7.70228 28.4168 4.03611
0 0 308 15.5583 4.81661 17.9292 -20.477
0 0 309 18.1803 24.223 12.5541 2.98749
0 0 310 -4.09754 14.9124 12.1612 7.05155
0 0 311 -1.74312 -4.74885 8.75295 -5.01021
0 0 312 22.3718 -3.5691 10.4571 11.6391
0 0 313 13.2039 7.31177 -8.02809 4.42913
0 0 314 -20.7568 -2.38934 0.887888 -0.0279539
0 0 315 -10.269 6.25945 4.03343 4.69171
0 0 316 13.079 10.1933 1.14821 7.575
0 0 317 18.8402 -1.47267 4.81921 -5.92668
0 0 318 0.486438 -21.7957 -2.26006 8.75578
0 0 319 2.19874 -13.9238 -0.293196 24.6173
0 0 320 2.716 -13.9238 21.6003 23.5687
0 0 321 9.40469 -2.2578 11.3754 2.0693
0 0 322 12.5439 14.1231 -4.48725 4.03611
0 0 323 2.716 12.8159 3.50797 4.55956
0 0 324 -5.02504 2.98327 21.0748 9.40967
0 0 325 4.28561 -14.9761 30.644 8.36104
0 0 326 1.0037 -19.9541 18.9778 7.31242
0 0 327 12.2942 -8.81016 18.8476 -8.02393
0 0 328 2.84086 -2.52088 15.4393 -1.73218
0 0 329 -6.32711 4.55353 -9.73223 3.77352
0 0 330 5.99792 2.85173 -14.4493 -3.17383
0 0 331 14.5059 3.11481 -7.50263 -2.91124
0 0 332 -11.3035 7.96537 2.45945 1.41369
0 0 333 -10.9111 8.75461 12.4239 -3.04339
0 0 334 -0.958319 24.223 2.72218 8.10017
0 0 335 -5.5423 21.3332 0.494997 9.8044
0 0 336 -4.88235 16.7457 -9.20677 11.3765
0 0 337 -5.80985 20.6837 -4.61982 3.38051
0 0 338 -16.155 10.9826 3.90327 -10.6464
0 0 339 -10.0014 -7.63041 7.70443 -17.4633
0 0 340 -1.47558 -0.551885 4.29616 -9.86031
0 0 341 11.7591 4.55353 1.01805 -2.78081
0 0 342 -5.1499 3.37378 -10.6482 5.87077
0 0 343 -2.65279 2.06659 -14.0564 -12.874
0 0 344 4.28561 8.09691 -13.9263 -8.41695
0 0 345 8.35234 -10.1215 -2.12749 -0.290539
0 0 346 3.1084 -11.5643 1.80383 -2.1252
0 0 347 10.3144 -15.8887 3.50797 -12.874
0 0 348 -0.690771 -6.06014 5.08194 -7.23789
0 0 349 -2.13553 5.21535 -2.39022 -16.2825
0 0 350 -8.28912 16.7457 -1.7346 0.102481
0 0 351 -12.231 3.7684 -0.816248 5.47775
0 0 352 -6.84436 -2.38934 11.6358 1.67628
0 0 353 1.0037 0.101708 12.5541 -8.67954
0 0 354 -4.75749 1.54454 -1.34171 -6.05883
0 0 355 3.50081 8.22845 -5.14287 -2.78081
0 0 356 -3.58028 -15.6297 15.8322 -17.0702
0 0 357 7.83508 -16.9451 10.5872 -9.20471
0 0 358 7.17513 -8.02914 17.0109 2.59447
0 0 359 3.37595 -11.1697 11.7683 -0.683559
0 0 360 -4.48995 -8.81016 -10.3854 14.1293
0 0 361 -3.43759 -3.17447 -9.86239 7.31242
0 0 362 -7.50432 5.21535 1.14821 11.9017
0 0 363 1.27124 5.99637 1.01805 7.05155
0 0 364 -4.75749 -11.5643 -5.14287 18.063
0 0 365 5.85523 0.496329 -18.1203 10.5904
0 0 366 -2.65279 30.1217 -17.7274 -3.699
0 0 367 14.3811 15.7016 -2.65295 -3.95987
0 0 368 13.4714 -14.9761 -3.17601 -3.17383
0 0 369 21.0698 -9.2089 1.9364 -1.33916
0 0 370 7.05027 -2.12626 1.28078 0.234631
0 0 371 -3.83 3.11481 5.73757 10.3279
0 0 372 -5.5423 14.2546 -0.816248 9.01665
0 0 373 -8.03941 7.4392 0.625157 -5.53366
0 0 374 -19.9542 12.4213 2.72218 -9.07256
0 0 375 -18.5273 13.6011 -8.6813 -3.95987
0 0 376 -12.3558 -1.20959 -11.3038 4.03611
0 0 377 -6.59465 -7.11247 5.47483 -2.25735
0 0 378 -1.35072 -3.70064 7.96716 1.28326
0 0 379 11.6343 0.233248 19.6334 -4.22245
0 0 380 3.37595 -1.6001 17.6665 -17.5937
0 0 381 -8.28912 8.88204 16.2251 -0.420974
0 0 382 -9.87657 15.1754 23.4345 16.0962
0 0 383 -10.3938 8.09691 22.9115 1.02067
0 0 384 -16.2977 -13.7964 11.8985 1.28326
0 0 385 -21.934 -10.7833 6.39319 6.00121
0 0 386 -3.58028 6.65818 -8.55115 1.02067
0 0 387 2.44845 18.4557 -8.28841 -12.088
0 0 388 9.01229 10.7154 -4.74998 1.15111
0 0 389 24.9938 4.68918 8.49021 0.758085
0 0 390 26.0461 -12.8756 16.3553 0.365066
0 0 391 12.0267 -2.77985 25.1387 16.0962
0 0 392 -0.298368 5.0797 18.4523 18.849
0 0 393 2.98355 5.86894 7.83459 -4.74762
0 0 394 1.9312 -12.6166 -14.3192 8.88621
0 0 395 1.9312 -15.5023 -13.4008 10.7209
0 0 396 2.05605 -18.5154 -2.91328 8.88621
0 0 397 23.2993 -10.5161 3.50797 -0.420974
0 0 398 13.079 1.27735 6.65592 -9.99075
0 0 399 5.33797 -0.161374 18.4523 -22.4438
0 0 400 1.0037 -14.8405 12.8168 -9.99075
0 0 401 1.9312 -1.6001 3.37781 -12.2184
0 0 402 -12.6234 7.17612 -0.293196 -12.6132
0 0 403 -3.97269 8.88204 -10.518 -9.86031
0 0 404 9.40469 12.6885 -18.1203 -3.43641
0 0 405 15.9507 5.0797 -12.092 8.88621
0 0 406 6.65787 -2.12626 -11.1736 21.8644
0 0 407 11.0992 -4.48577 -8.02809 13.2111
0 0 408 23.1745 -12.8756 7.31154 3.64309
0 0 409 26.831 -8.02914 7.57186 0.890236
0 0 410 23.1745 -6.06014 2.45945 -1.60175
0 0 411 4.42831 -9.86249 9.40857 -2.1252
0 0 412 4.42831 -6.31912 9.80146 -1.99477
0 0 413 8.47719 9.4082 11.8985 -8.02393
0 0 414 2.3236 27.1045 -5.4056 -5.92668
0 0 415 -6.32711 25.9248 -7.76536 -9.33514
0 0 416 -8.94907 18.3242 -2.91328 -8.15608
0 0 417 9.13714 -5.53398 -3.9642 -14.9713
0 0 418 6.39032 -22.0505 -10.2553 -10.2533
0 0 419 14.1135 -8.81016 -2.39022 -14.5783
0 0 420 0.486438 11.3731 9.6713 -15.1034
0 0 421 -5.5423 13.9957 20.8121 -17.8563
0 0 422 -15.9053 10.329 18.192 -7.10746
0 0 423 -13.4082 24.0914 7.4417 -20.477
0 0 424 -12.6234 13.7326 10.3245 -17.4633
0 0 425 -10.0014 8.75461 6.78608 -6.3197
0 0 426 -13.6757 15.048 13.7352 -1.07658
0 0 427 17.5381 8.48742 2.45945 -3.699
0 0 428 9.27983 6.25945 -9.07661 10.4583
0 0 429 -5.02504 12.1623 -7.63279 7.31242
0 0 430 -9.73388 20.4165 -8.55115 6.9194
0 0 431 11.3667 15.7016 1.28078 -3.17383
0 0 432 1.80634 7.96537 4.16359 -3.95987
0 0 433 5.60552 12.1623 1.80383 2.7249
0 0 434 10.9743 20.1534 5.73757 18.7169
0 0 435 -0.173512 16.3552 -10.2553 15.7031
0 0 436 -6.05956 -6.1958 -20.0872 9.1488
0 0 437 -6.32711 -6.71374 -6.06123 -6.97531
0 0 438 -15.1027 -3.5691 -8.55115 -11.302
0 0 439 -18.1349 2.58865 -9.07661 -0.553124
0 0 440 -14.5854 -8.9417 13.3399 13.4737
0 0 441 -12.6234 -8.81016 20.1564 5.87077
0 0 442 0.218891 -3.43756 15.5695 11.246
0 0 443 -1.74312 1.01838 12.0286 13.7363
0 0 444 -9.07393 -7.89349 5.6074 18.456
0 0 445 -0.565915 -3.43756 -4.61982 7.70544
0 0 446 -5.66716 5.47843 6.13046 9.1488
0 0 447 -10.3938 8.75461 9.40857 2.98749
0 0 448 -15.6378 8.62307 -3.17601 3.64309
0 0 449 -27.9628 16.7457 -16.8091 6.78896
0 0 450 -22.3265 23.9558 -10.7807 7.31242
0 0 451 -4.36509 24.4819 5.6074 -3.43641
0 0 452 4.16076 -2.65242 10.85 -11.302
0 0 453 11.7591 -6.97682 18.5849 -2.78081
0 0 454 1.9312 -14.3225 19.7635 4.42913
0 0 455 -10.5187 -3.43756 17.7967 0.102481
0 0 456 -17.5998 -13.1428 14.3884 8.23061
0 0 457 2.98355 -10.1215 9.276 6.65681
0 0 458 -4.2224 -0.551885 0.362426 4.82215
0 0 459 -7.37946 6.25945 6.13046 5.21517
0 0 460 -5.80985 -1.34113 6.52335 2.0693
0 0 461 4.0359 10.0618 -6.19139 -1.73218
0 0 462 9.01229 7.96537 -13.6636 10.4583
0 0 463 -14.193 10.9826 0.0996951 12.4251
0 0 464 -27.0353 6.52253 6.91624 2.7249
0 0 465 -11.6959 -0.161374 3.90327 -5.6641
0 0 466 -3.97269 -12.744 5.73757 -6.45185
0 0 467 4.16076 -2.77985 -12.092 -10.1212
0 0 468 -1.60043 -1.86318 -15.5003 -3.17383
0 0 469 1.9312 0.75941 -6.58428 7.575
0 0 470 -0.690771 2.72019 -10.6482 -0.553124
0 0 471 -2.40308 16.3552 -12.4849 -4.22245
0 0 472 -10.1263 -3.30601 0.0996951 -6.58229
0 0 473 -9.46633 -10.3845 -4.88014 -8.67954
0 0 474 4.28561 -3.5691 -9.99255 -3.30598
0 0 475 16.7355 -14.9761 -16.6789 9.1488
0 0 476 13.8638 -16.1559 -11.0411 21.9949
0 0 477 12.5439 2.19402 1.14821 3.51094
0 0 478 0.361583 -24.6731 -0.0304653 -6.97531
0 0 479 19.1077 -18.1249 -9.59966 -5.14064
0 0 480 18.5727 1.413 1.14821 8.75578
0 0 481 13.5963 12.0267 -4.22452 9.67225
0 0 482 3.23326 -4.61731 -18.776 14.2615
0 0 483 13.3287 -15.1036 -4.88014 11.3765
0 0 484 24.4765 2.58865 10.0642 11.246
0 0 485 16.7355 13.2064 4.16359 10.5904
0 0 486 -8.28912 -3.70064 -7.50263 7.44457
0 0 487 5.73037 -12.481 -2.12749 -14.1852
0 0 488 14.2562 -5.53398 11.3754 -11.302
0 0 489 12.9363 -7.49887 16.2251 -3.17383
0 0 490 3.89321 -23.7565 4.95178 3.11792
0 0 491 -3.18788 -23.7565 -8.81388 6.52638
0 0 492 -5.02504 -11.8274 -18.2529 7.83759
0 0 493 12.6866 -1.6001 0.887888 -4.09202
0 0 494 1.14639 -2.65242 -6.58428 -6.84487
0 0 495 -3.83 -9.98992 -0.816248 -2.25735
0 0 496 6.78272 -12.0905 -1.7346 9.93484
0 0 497 7.44267 -8.02914 0.232266 0.758085
0 0 498 -1.20803 -3.95961 -14.7121 9.54182
0 0 499 -0.0308203 -6.97682 -9.4695 2.85533
0 0 500 -5.80985 -17.8577 0.625157 -3.30598
0 0 501 9.79709 -4.61731 3.11508 -12.088
0 0 502 2.19874 7.31177 2.06656 -2.78081
0 0 503 -19.1694 16.4826 -6.58428 8.62363
0 0 504 -36.8632 2.06659 -13.4008 3.90396
0 0 505 -13.9255 -17.4631 6.52335 -3.17383
0 0 506 -6.20225 -12.222 7.70443 2.0693
0 0 507 -8.16427 -1.73164 9.14584 -9.86031
0 0 508 -4.36509 -4.09115 -7.2399 -18.3797
0 0 509 -10.9111 -16.6779 3.11508 -2.78081
0 0 510 -20.0969 -3.5691 3.7707 6.00121
0 0 511 -12.4985 -0.814966 -7.10974 0.234631
