0 0 0 -2.83789 -0.624266 5.94852 0.856763
0 0 1 1.67136 -0.441419 1.68863 1.48877
0 0 2 -0.825813 -0.807595 2.38747 2.05488
0 0 3 -1.45668 3.71871 -1.77287 -1.2901
0 0 4 0.323602 -0.341552 0.656969 3.58585
0 0 5 0.572124 -1.30693 -1.58987 14.5183
0 0 6 -2.27393 -3.60289 -2.05542 -4.68486
0 0 7 -1.09106 2.70365 2.30451 9.7092
0 0 8 -1.32525 5.46614 1.755 -1.78935
0 0 9 5.89862 -8.57884 -2.53807 -3.5697
0 0 10 -1.65741 8.82734 -0.524518 2.02121
0 0 11 0.0559624 -1.00733 4.95004 -4.66826
0 0 12 -1.69086 -1.19018 0.473964 -5.66678
0 0 13 -4.20237 6.88067 -0.108735 -2.85424
0 0 14 -0.474536 9.12694 3.76855 -0.424813
0 0 15 -0.742176 5.39956 2.50411 3.55217
0 0 16 -6.68281 -4.96773 -4.93423 -0.29158
0 0 17 -2.62282 0.939825 -4.26857 -6.0494
0 0 18 6.87837 -5.084 4.61721 6.58091
0 0 19 -0.175832 -1.10719 3.21954 2.50388
0 0 20 -1.15797 -5.6335 -1.53959 -0.17494
0 0 21 3.30109 3.41912 -4.50185 3.2696
0 0 22 -2.68973 6.66405 1.97169 8.57794
0 0 23 -0.675266 3.55227 4.23461 -8.79507
0 0 24 2.25443 4.6672 -2.45512 5.88204
0 0 25 -1.34197 4.83365 3.08631 -1.0739
0 0 26 5.00012 -4.66813 0.507146 0.324318
0 0 27 8.85938 10.8411 9.0772 6.89715
0 0 28 2.40258 4.71738 -1.92269 0.107631
0 0 29 4.23304 -2.10538 1.77159 2.77034
0 0 30 -2.47227 0.88965 -2.22184 -6.64822
0 0 31 2.9522 -0.774307 -1.07353 -4.88446
0 0 32 2.20424 1.03969 0.756515 -1.45652
0 0 33 2.70368 -3.00417 0.873156 -7.94638
0 0 34 1.91988 -2.00551 -0.790981 1.622
0 0 35 -3.53805 0.340627 0.00790539 -4.16901
0 0 36 -1.90593 2.70365 0.407097 -3.45355
0 0 37 -0.359834 -2.638 -5.69993 -0.0256018
0 0 38 0.672488 3.46929 -3.00413 2.4541
0 0 39 -0.491264 5.68227 -0.907621 -2.5214
0 0 40 6.49603 -2.27182 6.48094 3.31938
0 0 41 -1.80795 2.8865 -1.80605 6.8137
0 0 42 -2.57264 -1.55635 1.30603 2.4541
0 0 43 -5.80103 -1.14048 -2.23843 -1.2735
0 0 44 0.273419 0.557245 5.09986 6.53113
0 0 45 -2.10666 0.557245 2.18787 -1.32328
0 0 46 1.28901 8.14516 -1.50641 -3.50333
0 0 47 0.306874 -1.14048 -1.67282 4.68392
0 0 48 2.40258 1.08938 3.00335 -3.98599
0 0 49 -0.426744 -4.06893 0.873156 0.740123
0 0 50 -1.5905 0.706803 6.33112 -0.641012
0 0 51 -4.20237 -4.80129 3.03653 8.96056
0 0 52 0.206509 -5.18387 -0.807572 3.21933
0 0 53 -4.20237 5.31609 -1.22335 -3.18708
0 0 54 -4.57037 0.373915 -1.35659 5.59898
0 0 55 -0.175832 0.922939 0.93952 -6.8649
0 0 56 -2.53918 8.64449 -1.10722 9.12698
0 0 57 3.65236 3.28596 -0.324922 -5.03429
0 0 58 5.03357 9.26009 -0.574794 7.81221
0 0 59 -1.02415 -13.2214 -4.95082 2.95335
0 0 60 2.98565 2.5208 -2.30529 6.13143
0 0 61 -0.19256 1.08938 6.98018 -1.22372
0 0 62 -5.38524 2.87009 1.67204 -1.93918
0 0 63 -3.3875 -8.79497 -2.22184 -2.82106
0 0 64 -3.33732 -0.0588389 4.99981 3.25301
0 0 65 -3.40423 -2.12226 -0.0252768 5.74881
0 0 66 1.23883 -7.16431 1.3724 10.5413
0 0 67 8.19506 1.68858 1.08934 -5.18411
0 0 68 -0.725448 1.42227 6.1813 -1.90599
0 0 69 8.42685 2.15462 3.93496 3.81864
0 0 70 -8.37945 -9.44386 -0.358104 -5.2173
0 0 71 1.73827 -0.67444 -1.02376 4.33449
0 0 72 4.41705 2.17103 1.28894 1.05637
0 0 73 2.07042 9.14334 -4.93423 -3.10412
0 0 74 8.02778 -4.08582 -3.33696 2.10466
0 0 75 -2.53918 8.84422 -0.541109 4.66733
0 0 76 -2.03975 0.773381 4.71726 -1.7059
0 0 77 -2.673 -2.67129 -0.141917 -1.12368
0 0 78 -0.309652 -4.48528 1.80527 -2.95429
0 0 79 -2.83789 -5.21715 0.0908608 3.6854
0 0 80 -1.8892 -1.58964 -0.873936 -3.53651
0 0 81 5.44937 -4.10222 -2.83772 11.5896
0 0 82 3.95107 3.70231 1.08934 5.38278
0 0 83 -0.0252851 -0.574574 -2.62153 0.756716
0 0 84 -1.62395 -7.58017 -2.73767 0.889949
0 0 85 2.22097 0.490667 3.38595 -4.83468
0 0 86 2.93547 -2.10538 0.390506 -2.7376
0 0 87 4.55087 2.00458 1.62177 6.48135
0 0 88 2.30222 -8.57884 0.00790539 1.42239
0 0 89 -0.574901 -3.58649 -5.99958 -0.641012
0 0 90 -2.55591 1.85503 -0.241966 5.31641
0 0 91 5.33228 -4.73471 4.18484 5.29982
0 0 92 7.4949 5.49942 9.8424 8.62772
0 0 93 6.56294 -2.45515 6.1813 -2.90402
0 0 94 -1.80795 3.18609 0.390506 2.12126
0 0 95 2.91874 -2.97088 -0.624567 12.5217
0 0 96 5.99659 -2.88742 3.93496 -3.22027
0 0 97 16.6974 -7.13102 0.440279 6.14851
0 0 98 22.6213 -7.33075 8.31149 1.27257
0 0 99 46.3169 -11.1247 8.24513 -3.9694
0 0 100 98.0358 -8.36222 19.877 -0.840618
0 0 101 143.898 -12.6222 14.4854 -17.4645
0 0 102 146.995 -19.3948 5.0169 -4.68486
0 0 103 116.276 -2.62111 -13.0714 0.972915
0 0 104 75.0905 8.97738 -1.38977 -3.00407
0 0 105 65.1878 10.6746 3.71878 0.889949
0 0 106 52.4917 11.6062 0.0244965 3.25301
0 0 107 41.325 10.8744 0.873156 3.2696
0 0 108 31.7401 11.8725 2.58706 1.73864
0 0 109 10.8237 2.81992 -2.93777 -4.3852
0 0 110 6.39805 3.26956 -5.03428 1.55563
0 0 111 5.01684 1.17285 0.390506 7.27977
0 0 112 2.38586 -3.27048 4.99981 -2.12219
0 0 113 -1.40649 -10.5921 -0.707522 -1.75617
0 0 114 -0.84254 -2.53813 -0.790981 6.9972
0 0 115 2.67022 0.856362 3.23613 1.13933
0 0 116 -2.24048 3.11952 1.98828 -2.08901
0 0 117 -0.443471 -5.23404 1.77159 -0.391627
0 0 118 0.223237 -9.90991 -4.75122 2.4541
0 0 119 -3.45441 -8.92813 2.85353 -1.72249
0 0 120 -4.00403 2.67036 -1.55618 -6.249
0 0 121 4.55087 4.90023 1.65545 2.80353
0 0 122 1.05483 -6.83142 -0.840754 -0.924071
0 0 123 0.189782 -4.91755 -1.80605 -4.20219
0 0 124 0.440694 -1.22346 -4.55163 -0.924071
0 0 125 -5.40196 4.43418 -5.03428 -0.774245
0 0 126 -5.06741 -9.51044 0.157728 -4.23538
0 0 127 -5.3016 -9.41058 -4.45158 2.78693
0 0 128 4.18286 0.573648 2.25424 -1.65612
0 0 129 -1.5905 -1.50618 1.82186 0.540517
0 0 130 -0.474536 -9.86022 8.2949 2.82012
0 0 131 3.66909 1.28912 3.56896 -2.7542
0 0 132 -4.33619 1.42227 -2.58785 -9.22747
0 0 133 -1.32525 -1.78937 0.357324 -3.45355
0 0 134 0.306874 5.48254 -1.73919 -0.857211
0 0 135 -1.49013 8.9272 -0.40838 4.03484
0 0 136 2.0537 -3.81951 -1.58987 -5.48328
0 0 137 -1.43995 -2.27182 -4.50185 3.83523
0 0 138 -0.242742 4.06801 -3.51996 4.65073
0 0 139 0.839763 -5.73289 3.61873 -7.61355
0 0 140 -1.04088 -1.83907 4.23461 -3.93573
0 0 141 -1.67413 -0.474708 1.13962 1.52244
0 0 142 0.256692 8.47805 1.80527 -1.58975
0 0 143 -0.758903 1.40587 1.50563 -0.0919743
0 0 144 -3.02189 -5.46706 -2.98754 -11.4573
0 0 145 -0.940515 -8.76169 0.157728 -4.1856
0 0 146 -3.45441 -7.36404 -0.657749 6.19829
0 0 147 -0.343107 -4.31884 1.45535 -0.474593
0 0 148 3.38472 4.00143 -2.75426 -6.06599
0 0 149 -3.00516 3.60245 1.45535 2.62052
0 0 150 -0.859268 2.00458 -4.06898 -1.20664
0 0 151 1.42044 -3.8528 4.10138 0.806495
0 0 152 -4.91926 4.6672 4.20143 -1.65612
0 0 153 -0.625083 1.63889 2.57047 2.25449
0 0 154 -0.12565 -5.01742 -1.77287 4.43454
0 0 155 6.09696 5.59929 -2.97095 9.72579
0 0 156 -3.65514 -7.59706 -2.53807 -7.43053
0 0 157 -3.71966 -4.70142 -2.38825 4.85034
0 0 158 0.555396 7.06351 -6.44854 1.8382
0 0 159 -4.10439 2.20432 4.13456 9.50959
0 0 160 4.93321 -3.48662 -0.907621 -7.74678
0 0 161 2.7682 0.174183 -2.73767 -0.241801
0 0 162 4.84957 2.81992 -1.78946 4.7337
0 0 163 0.772853 1.80485 -0.5577 5.29982
0 0 164 0.873218 -0.507996 -0.491335 -1.14027
0 0 165 -5.26814 -10.0595 -2.15547 3.95187
0 0 166 -0.226014 0.207471 -1.65623 0.307237
0 0 167 1.42044 3.68543 0.906338 -0.857211
0 0 168 -0.0252851 -0.341552 2.91989 -2.45503
0 0 169 0.306874 5.51583 -3.48678 -2.63804
0 0 170 1.30574 3.26956 -1.05694 -3.1373
0 0 171 0.290147 -0.391727 -1.45663 2.98654
0 0 172 -4.85235 -6.48213 1.13962 1.55563
0 0 173 0.357056 -1.40679 -1.77287 -1.77276
0 0 174 -2.52245 6.39774 -4.33544 -3.5697
0 0 175 0.290147 -4.4187 -2.72108 -6.58184
0 0 176 -0.77563 2.20432 -0.441562 1.93824
0 0 177 5.23191 3.8017 -0.324922 3.21933
0 0 178 0.106145 6.36445 2.5207 -4.76782
0 0 179 4.23304 0.140894 2.96967 -1.40674
0 0 180 -0.209287 3.10311 3.43572 0.274051
0 0 181 -0.625083 -5.60022 1.97169 -1.24032
0 0 182 1.8219 -4.65124 3.20295 -2.72101
0 0 183 1.48735 2.17103 2.70371 9.09379
0 0 184 0.173055 -2.73786 5.68206 -7.43053
0 0 185 1.91988 -7.16431 0.174319 0.823088
0 0 186 5.38246 -5.55004 -4.75122 0.623483
0 0 187 -4.41982 -7.59706 -3.58633 2.63711
0 0 188 1.70481 -3.07075 -1.63964 -9.24407
0 0 189 0.722671 7.97871 0.606693 -1.75617
0 0 190 1.18865 -5.84964 -0.441562 -6.06599
0 0 191 -1.87247 0.224357 -0.275149 -7.24752
0 0 192 -2.82116 -6.63169 1.10593 -2.3218
0 0 193 4.53414 0.656629 0.523737 -5.46669
0 0 194 0.756125 -1.87235 -3.22032 -2.30521
0 0 195 -0.19256 4.53405 -5.11723 -5.98254
0 0 196 -4.25255 -2.47155 1.57199 -2.48822
0 0 197 1.8219 2.07116 2.96967 3.85182
0 0 198 -1.74104 -6.31568 7.39647 -5.11725
0 0 199 -1.05761 7.51267 4.18484 -2.1056
0 0 200 -1.74104 0.490667 0.0742697 3.35257
0 0 201 1.17192 1.73827 1.13962 -6.41542
0 0 202 11.8058 -1.55635 0.0576786 2.37064
0 0 203 -1.52359 4.83365 -1.22335 1.67178
0 0 204 -4.95271 -1.17377 -1.42345 7.03039
0 0 205 -1.5905 -0.00866454 -0.690931 2.35405
0 0 206 1.58772 -0.807595 2.40406 -5.03429
0 0 207 -3.90366 -3.43693 1.53881 -6.11577
0 0 208 3.26763 -3.70275 -0.690931 5.81567
0 0 209 -1.57377 4.71738 -0.741207 -3.28713
0 0 210 -4.93598 -0.990443 -3.56974 -8.21236
0 0 211 5.61425 -1.97222 3.1029 -0.924071
0 0 212 -1.55704 -1.14048 0.0742697 1.50536
0 0 213 1.8697 -0.67444 1.28894 1.88847
0 0 214 -9.61011 -5.78306 -4.6014 -4.65167
0 0 215 -1.5905 8.9272 -2.68789 5.46624
0 0 216 -3.40423 -8.96142 6.08175 -3.98599
0 0 217 -2.33845 9.26009 -2.68789 7.08016
0 0 218 3.31781 -1.05702 -6.21576 5.26614
0 0 219 3.06929 -0.79071 -0.741207 -12.6891
0 0 220 0.622306 2.63707 -0.0252768 0.140818
0 0 221 2.13733 -2.92071 3.45232 -3.22027
0 0 222 1.20538 9.29338 -3.56974 5.84886
0 0 223 -0.541446 8.51134 -2.15547 -7.53009
0 0 224 2.45277 -3.33706 2.18787 10.1255
0 0 225 1.77172 3.83498 -2.1057 4.93331
0 0 226 3.60218 1.6056 -1.58987 1.27257
0 0 227 2.6535 3.10311 -3.02072 -3.61997
0 0 228 -2.42209 7.47938 -4.50185 -8.04594
0 0 229 -2.35518 -4.98413 1.95459 -6.19922
0 0 230 -2.02302 12.2218 -2.8709 -1.14027
0 0 231 -0.658538 -0.341552 -5.43347 6.73073
0 0 232 0.223237 -2.08897 -0.0252768 -5.56673
0 0 233 -0.0754675 -1.93893 -1.68941 -2.13879
0 0 234 -0.359834 -4.15239 -1.58987 0.956321
0 0 235 -3.00516 3.68543 -2.72108 0.540517
0 0 236 1.48735 6.64765 -5.13433 -3.1373
0 0 237 3.98452 -4.26866 -3.96943 -10.5256
0 0 238 2.80165 3.436 0.523737 -8.62865
0 0 239 0.572124 -4.88427 -1.09063 1.20619
0 0 240 -0.541446 5.83231 3.01994 0.191085
0 0 241 5.69789 -0.0255502 -0.0921439 -0.0256018
0 0 242 -3.22023 -0.474708 -3.50337 -1.19005
0 0 243 -4.73526 3.85187 -3.4536 -0.0587881
0 0 244 -3.83675 1.52214 2.63684 1.622
0 0 245 2.7682 -1.52306 -1.09063 1.43899
0 0 246 4.73248 -9.77675 -5.3671 6.94693
0 0 247 0.273419 -8.31253 0.257274 -1.4897
0 0 248 -4.53692 5.73245 3.06971 5.48283
0 0 249 4.40032 3.40271 1.938 0.72353
0 0 250 6.97873 -3.57008 0.473964 6.5975
0 0 251 3.51854 1.55543 2.23765 -3.03726
0 0 252 0.457421 -11.3076 0.806791 9.34318
0 0 253 -2.43882 0.457378 6.01488 2.95335
0 0 254 -0.758903 -1.3735 -0.774389 8.6609
0 0 255 0.373784 -5.74977 -3.0705 -3.3535
