0 0 0 -16.4614 -28.7684 -40.6884 15.0668
0 0 1 -13.0052 -14.0094 -22.0855 21.2479
0 0 2 -20.6937 -29.3807 -40.9649 27.0406
0 0 3 -66.5833 2.31069 -33.0023 3.20343
0 0 4 -28.1553 -14.4005 -0.474306 -13.5613
0 0 5 -31.9995 -34.4489 -27.8772 8.60491
0 0 6 -28.2651 -33.6699 -49.5427 37.5111
0 0 7 4.42214 1.41951 -33.669 3.7595
0 0 8 -3.81557 -8.16227 -17.0716 -29.1007
0 0 9 7.3804 -5.04315 26.8717 -9.82942
0 0 10 -21.0818 -4.20646 25.1453 42.0225
0 0 11 17.6245 0.749524 -12.2827 26.0389
0 0 12 16.9581 6.65439 6.71046 1.97811
0 0 13 -5.6535 14.1717 4.76182 -8.43783
0 0 14 -24.7577 -10.1113 21.9717 -27.3179
0 0 15 -15.795 8.88234 23.6411 -1.0859
0 0 16 5.2569 23.138 9.773 -13.0038
0 0 17 8.94007 16.3452 1.58545 4.09483
0 0 18 22.3621 13.226 18.5731 9.60808
0 0 19 -7.65984 -16.683 24.812 26.0389
0 0 20 4.26105 -16.4586 29.4329 21.1376
0 0 21 -8.21634 -10.5569 2.75626 -0.0827273
0 0 22 16.343 -4.37316 -17.0174 -24.0317
0 0 23 15.1202 15.6207 -8.99521 -7.04485
0 0 24 -1.58956 -9.55354 -13.898 -7.04485
0 0 25 -12.8954 -13.1183 -42.4148 15.1213
0 0 26 -11.1673 -12.5605 2.30908 11.1114
0 0 27 -10.9476 -0.699445 -31.4981 -46.1993
0 0 28 -40.6912 11.0526 -34.6175 -25.7027
0 0 29 -32.8343 -0.362848 -26.3189 16.5702
0 0 30 -21.5871 -5.43103 -51.8274 -2.64515
0 0 31 15.1714 18.5731 -51.5482 -28.7667
0 0 32 18.7375 9.71582 -59.5135 -35.1714
0 0 33 -8.38476 4.59314 -29.7148 -2.14356
0 0 34 -17.5744 -0.753941 4.03548 -18.7965
0 0 35 -14.5136 10.3281 -34.7829 -45.0857
0 0 36 1.80804 1.47401 -21.137 -26.5382
0 0 37 -38.3481 9.99471 -8.04935 -16.9033
0 0 38 -65.3092 4.25975 -4.92989 4.6509
0 0 39 -1.6994 25.3115 28.487 -0.6402
0 0 40 -8.77285 25.1993 0.306234 1.92222
0 0 41 -50.7156 0.47063 -30.8287 0.0290467
0 0 42 -46.5345 -25.3159 0.0270826 -5.59738
0 0 43 -55.8413 -7.27109 -2.81322 20.6919
0 0 44 -48.1528 16.3997 12.8925 4.98483
0 0 45 -34.5624 0.303934 9.88412 -6.15345
0 0 46 -45.4801 6.321 -7.32572 17.2939
0 0 47 -35.6754 10.9436 2.53403 -2.25533
0 0 48 -43.8619 -1.36623 -10.7785 2.75773
0 0 49 -45.6998 4.14755 -11.3368 -17.0151
0 0 50 -24.7064 -11.5603 3.14654 -23.4197
0 0 51 -4.87732 -35.7856 30.8828 -18.0169
0 0 52 0.973284 -29.3807 21.1342 -15.3441
0 0 53 20.8536 -9.60804 -5.26596 -3.81458
0 0 54 27.2607 -17.9076 -7.2688 -30.6599
0 0 55 21.4101 -12.8394 -37.3467 -13.0597
0 0 56 -16.52 -14.7884 -52.6621 -35.673
0 0 57 -42.0239 -9.38685 -18.3536 -48.0366
0 0 58 -20.6352 14.1172 2.19796 -25.4247
0 0 59 -24.8675 10.2191 -52.6052 -18.0169
0 0 60 11.2759 12.8927 -9.83266 -24.8672
0 0 61 61.1269 32.941 -2.53678 -20.4116
0 0 62 41.0196 5.65101 -2.31183 -21.8605
0 0 63 12.3889 22.9168 -12.7272 -21.8046
0 0 64 -9.38793 -1.97851 -13.1744 10.3877
0 0 65 -4.70891 10.3281 -8.16046 -2.19945
0 0 66 -19.9688 6.04211 -18.6327 8.82845
0 0 67 -10.6694 16.6241 -13.0632 7.49136
0 0 68 4.26105 13.3927 -5.4882 -4.98402
0 0 69 -23.5348 3.42306 -37.0676 11.7807
0 0 70 13.1138 -12.1149 -43.9732 -13.2832
0 0 71 1.47121 -47.2588 -39.7968 1.92222
0 0 72 -17.5158 -22.4756 -26.43 -11.1106
0 0 73 -10.3911 -14.7884 -9.05212 12.8942
0 0 74 -26.2661 -24.7581 -46.7593 39.9072
0 0 75 -18.1895 -21.53 -14.4536 32.1096
0 0 76 -47.7647 -34.3944 -6.93545 32.8892
0 0 77 -47.2082 -8.71686 -24.0342 22.0835
0 0 78 -11.3357 4.53864 -9.83266 32.4435
0 0 79 -6.60541 -26.2616 -35.6176 20.2462
0 0 80 13.5019 -18.6865 -24.98 -5.0399
0 0 81 -5.99033 -15.5129 -25.7037 -2.14356
0 0 82 -29.1584 0.973922 -4.4285 -15.4544
0 0 83 1.19296 15.7874 -14.7327 -1.0859
0 0 84 23.6947 32.162 -3.59376 13.3399
0 0 85 5.93056 8.37905 -6.93545 26.9289
0 0 86 28.8204 2.41968 -6.71321 12.9501
0 0 87 27.4804 32.3287 -15.291 -12.5595
0 0 88 21.0221 18.4064 -28.2675 -19.9659
0 0 89 2.75263 3.31086 -7.99243 5.0966
0 0 90 14.1683 15.454 14.2855 -5.26205
0 0 91 -0.923221 16.5664 -5.65352 -10.9444
0 0 92 -37.4547 -11.2237 -23.923 35.9518
0 0 93 -21.9752 -1.14503 11.3883 26.8744
0 0 94 -8.77285 36.2845 41.1843 28.544
0 0 95 -5.15558 19.7977 43.0788 17.1822
0 0 96 53.3285 -5.65543 53.9955 -11.6681
0 0 97 46.6432 44.2474 26.3703 -19.2422
0 0 98 45.0249 40.1281 42.3552 -22.3062
0 0 99 25.4228 11.4437 45.3635 -17.7947
0 0 100 16.7311 2.31069 44.0274 -9.55138
0 0 101 14.3367 -9.27465 10.5535 -10.9444
0 0 102 6.04039 -10.8358 -17.0716 -23.308
0 0 103 10.3826 6.3755 -23.5897 -5.98719
0 0 104 20.407 -0.753941 -8.60765 10.7775
0 0 105 34.444 0.973922 36.0051 -17.6271
0 0 106 52.4352 22.1378 35.2273 -24.0317
0 0 107 32.7745 21.189 4.48267 12.3926
0 0 108 -17.1277 16.8453 -33.2245 15.011
0 0 109 -1.36989 13.5049 -2.31183 -1.03001
0 0 110 20.8536 16.5664 -3.87291 -6.71093
0 0 111 41.9056 7.26668 6.3744 -18.5743
0 0 112 43.3554 -15.0673 24.0314 0.696896
0 0 113 11.7738 3.70196 11.0549 9.44042
0 0 114 13.1724 19.631 -3.20349 -20.1336
0 0 115 4.48072 15.7874 7.87856 -9.88531
0 0 116 24.0316 42.6318 21.9717 13.284
0 0 117 44.1389 66.4724 -1.42288 -13.9511
0 0 118 38.3469 24.1991 29.9343 -41.9658
0 0 119 33.7777 -5.48874 38.2329 -8.88353
0 0 120 -6.54683 -40.4659 24.755 41.1325
0 0 121 -19.3537 -10.8358 15.787 19.1326
0 0 122 -11.6139 -12.8394 35.8398 23.5323
0 0 123 -13.0052 -29.993 60.4566 12.3926
0 0 124 16.6799 10.1614 51.4344 15.7906
0 0 125 -14.7333 -4.65205 11.4994 23.7545
0 0 126 -1.20147 7.43337 31.1593 22.6968
0 0 127 41.5761 8.15786 21.8036 16.682
0 0 128 30.7682 18.6853 43.5802 13.1723
0 0 129 8.43482 29.0974 27.094 -4.37205
0 0 130 -1.86781 24.0292 31.9967 3.53735
0 0 131 -1.6994 -11.1147 52.1011 8.66079
0 0 132 0.306944 13.0016 26.6495 -17.6271
0 0 133 31.3833 32.1075 23.3078 -49.206
0 0 134 29.6552 35.56 6.65355 -16.7915
0 0 135 15.7279 -3.20308 33.8885 19.5769
0 0 136 36.0623 -12.4515 30.4356 16.8482
0 0 137 26.8141 -13.2305 34.2787 42.3565
0 0 138 1.19296 -2.09071 7.93548 33.279
0 0 139 12.1107 -9.22015 34.3898 36.3975
0 0 140 42.3522 -19.6354 57.7817 12.8383
0 0 141 47.866 6.4877 50.5427 -13.7289
0 0 142 22.86 18.2942 65.5817 -14.0629
0 0 143 14.0584 29.0429 62.1261 -24.3111
0 0 144 -5.77066 12.6683 59.0094 -4.42794
0 0 145 31.2734 8.99133 29.0426 3.7595
0 0 146 32.6061 21.4679 20.912 20.8581
0 0 147 -3.76432 63.4078 17.5161 6.8794
0 0 148 -11.8922 14.8962 28.4301 6.71173
0 0 149 26.0892 -4.87645 29.8231 -19.7997
0 0 150 40.6827 -21.53 22.1939 -0.6402
0 0 151 36.4504 13.4472 -11.9493 -8.82765
0 0 152 19.1841 2.58638 13.3369 -8.6041
0 0 153 -13.1224 -8.16227 35.0593 -1.64197
0 0 154 -8.72159 5.70551 8.82714 -24.9231
0 0 155 8.60324 10.8314 23.9745 -5.37383
0 0 156 -10.889 -27.0437 25.1453 0.641009
0 0 157 -19.0242 -6.9377 42.8565 -23.7537
0 0 158 -22.5902 -33.2243 -5.65352 -19.4657
0 0 159 -10.3325 -10.1113 -6.04379 15.3449
0 0 160 6.53832 16.0118 -4.31739 4.31698
0 0 161 -21.7555 8.43675 39.8482 2.81362
0 0 162 -34.621 -22.4756 30.6579 1.86633
0 0 163 -21.2502 -4.26416 12.0008 -1.03001
0 0 164 -6.437 -16.0162 -1.64512 -9.0498
0 0 165 29.8236 -38.6259 40.6287 -11.8344
0 0 166 59.5672 13.6716 35.2815 -38.1795
0 0 167 24.4197 -28.0439 28.9315 -25.5923
0 0 168 10.0531 -40.3537 18.1828 -6.15345
0 0 169 26.3162 -22.2513 25.3133 21.5833
0 0 170 28.7618 0.582829 10.5535 -4.92813
0 0 171 1.30279 5.09322 -2.03539 -33.4445
0 0 172 -8.32618 -5.32204 -15.6244 -22.0826
0 0 173 -0.088466 -0.699445 -14.7327 -9.94119
0 0 174 0.746289 14.2294 23.362 -15.7898
0 0 175 -9.66618 12.9471 39.626 1.36475
0 0 176 21.3589 16.5119 21.6356 3.98305
0 0 177 41.4662 14.675 16.9578 9.60808
0 0 178 29.0987 10.6647 36.1732 19.5769
0 0 179 3.9828 2.81078 29.1564 12.2264
0 0 180 -5.6535 2.0318 26.5926 -11.1106
0 0 181 -6.15875 4.09305 32.5523 -32.7766
0 0 182 4.97864 -11.836 33.1648 -18.2404
0 0 183 20.9122 -13.4517 31.4384 -0.138614
0 0 184 17.1778 3.47756 45.0843 0.362972
0 0 185 -17.1277 11.3892 39.5691 -8.99391
0 0 186 -20.1958 6.70889 25.6467 -12.6699
0 0 187 24.5295 5.15093 36.8968 -14.7866
0 0 188 33.1114 11.3315 29.544 -26.2602
0 0 189 8.32499 1.9196 0.306234 -42.691
0 0 190 8.04673 -21.1389 10.2175 -41.3539
0 0 191 6.5969 -29.6596 25.7009 -44.3606
0 0 192 8.21515 -30.4963 18.7411 -33.3886
0 0 193 2.64279 -26.7072 25.9801 -22.8064
0 0 194 24.0828 -25.037 34.1676 -7.10074
0 0 195 36.5602 -16.4586 26.5384 -7.15662
0 0 196 36.9483 -22.1423 -11.9493 4.53913
0 0 197 12.4988 0.637325 -13.9522 16.5702
0 0 198 0.138529 -5.04315 11.8328 28.8793
0 0 199 14.7834 -34.3944 28.9315 5.70996
0 0 200 34.5026 -25.5371 30.1565 -18.0728
0 0 201 16.8995 -1.69962 40.4607 -24.7568
0 0 202 11.0562 -6.49211 57.0038 -17.1255
0 0 203 10.1043 -14.1761 50.3747 -17.7388
0 0 204 -2.65131 -12.8394 26.8717 -9.16157
0 0 205 4.3123 -5.98882 14.73 -5.20756
0 0 206 20.0775 -2.8152 21.5245 -23.4756
0 0 207 41.9056 -27.9349 30.2134 -28.321
0 0 208 94.151 -53.7214 31.8287 -22.4166
0 0 209 129.577 -61.6299 24.1425 -2.81281
0 0 210 217.519 -80.8447 21.0231 -2.36711
0 0 211 343.889 -110.029 20.3564 -19.4657
0 0 212 411.958 -143.612 -10.9466 -24.9231
0 0 213 413.291 -124.955 -32.8884 -43.1353
0 0 214 366.779 -77.0556 -61.8524 -46.3111
0 0 215 337.929 -45.3097 -112.032 -39.1813
0 0 216 357.201 -17.9076 -91.5374 -23.9758
0 0 217 357.868 -7.43779 -31.2189 -10.1633
0 0 218 292.874 4.87203 10.2744 -17.7947
0 0 219 156.143 17.4575 17.4022 -15.4
0 0 220 37.7904 -3.64867 7.71324 9.0506
0 0 221 -0.366718 -12.8394 -6.37986 30.9946
0 0 222 1.02454 13.5049 3.5341 13.284
0 0 223 9.37941 10.3281 14.0606 -9.27334
0 0 224 -11.116 -9.83244 -1.75624 -1.19628
0 0 225 -22.5317 -8.71686 3.42298 -3.98224
0 0 226 -19.1341 -24.3125 19.855 -0.6402
0 0 227 -6.71525 -31.8875 18.0175 4.53913
0 0 228 3.1993 -15.8463 -4.70766 12.1705
0 0 229 6.98499 -24.7036 2.58823 15.4567
0 0 230 3.41897 -16.4586 6.87578 -3.87047
0 0 231 -0.0298867 -21.3056 19.9661 -3.42477
0 0 232 2.02771 -36.5678 4.59379 -1.69786
0 0 233 6.87515 -1.31173 -11.223 -3.20262
0 0 234 -1.47972 13.3382 2.19796 8.1606
0 0 235 -16.6298 -6.54661 9.55076 5.26426
0 0 236 -6.65667 -25.707 4.26043 -6.32111
0 0 237 1.08312 -22.0846 -7.32572 -8.54821
0 0 238 -13.7887 -12.0604 -28.9911 -0.862351
0 0 239 -22.5902 -21.7512 -40.3523 6.8794
0 0 240 -1.75798 -23.2001 -31.3301 16.5702
0 0 241 -1.75798 -4.81875 0.24932 -1.41982
0 0 242 -0.088466 -5.98882 17.348 -3.70281
0 0 243 -11.4455 -5.98882 3.70213 11.2791
0 0 244 -27.4304 -15.0673 -5.82155 5.48641
0 0 245 -15.0701 -29.2717 1.14098 -3.81458
0 0 246 -0.476554 -34.7278 5.09518 -29.2669
0 0 247 12.7258 -16.9619 -26.8203 -11.0547
0 0 248 -9.6076 -12.3393 -35.0051 29.6589
0 0 249 -34.621 -28.435 -38.9593 40.909
0 0 250 -24.2012 -47.5954 -20.6925 28.8793
0 0 251 -13.0638 -30.2174 11.8897 16.6261
0 0 252 -24.7577 -22.2513 -1.69932 7.71491
0 0 253 -14.455 -30.4963 -2.20071 2.81362
0 0 254 4.64914 -9.72024 10.2175 -0.528426
0 0 255 19.294 8.32455 15.787 -7.99213
0 0 256 26.5358 -18.1864 16.4564 -5.09579
0 0 257 20.9635 -29.6596 23.6411 -11.8344
0 0 258 -1.42115 -18.632 12.3911 -12.2801
0 0 259 -3.87415 -11.727 -3.20349 3.64913
0 0 260 4.3123 -16.8497 -6.1007 16.7365
0 0 261 6.15023 -16.0162 -22.7522 5.93211
0 0 262 -0.58639 -44.5308 -22.3078 -12.002
0 0 263 21.8055 -47.5377 -8.27158 -8.04802
0 0 264 25.7011 -34.8945 2.9785 4.98483
0 0 265 18.569 -30.7752 21.4134 -8.54821
0 0 266 1.1417 -41.5783 14.3397 -8.04802
0 0 267 -3.0394 -37.459 -6.6563 3.3138
0 0 268 7.7099 -30.8842 -10.6674 13.7297
0 0 269 -0.644969 -27.5983 -30.6606 34.7265
0 0 270 -13.1736 -26.3738 -40.7995 31.7757
0 0 271 -3.14923 -30.6085 -13.898 14.6211
0 0 272 16.5114 -28.9928 1.58545 -1.69786
0 0 273 34.3342 -20.5811 -6.32294 -16.2355
0 0 274 37.1753 -11.6148 -10.6105 -5.54149
0 0 275 5.31547 -12.8394 -20.6925 35.9518
0 0 276 -1.47972 -23.3123 -8.3285 19.5769
0 0 277 13.0553 -25.8737 3.81325 13.7856
0 0 278 7.98816 -14.455 -4.26318 28.4895
0 0 279 24.0316 4.70534 5.09518 29.2132
0 0 280 29.2671 7.54557 13.5592 18.2412
0 0 281 -0.696226 11.8348 1.19518 10.1656
0 0 282 -6.76651 7.26668 -6.82433 12.2809
0 0 283 13.89 1.14062 -12.2827 24.1443
0 0 284 27.7587 -7.60449 -10.3341 33.279
0 0 285 38.01 -21.9179 1.08406 8.49453
0 0 286 26.7042 -16.8497 4.26043 16.0127
0 0 287 1.63962 -0.362848 8.6049 18.4634
0 0 288 20.407 12.3349 7.26606 -3.48066
0 0 289 14.2854 -1.64512 -17.1828 2.64596
0 0 290 0.914705 23.0835 -36.5093 27.7644
0 0 291 1.36137 27.985 -19.0772 21.1376
0 0 292 -0.644969 11.7771 11.4452 -3.09084
0 0 293 16.2332 25.1448 26.6495 8.1606
0 0 294 2.97963 31.6619 3.08962 12.1705
0 0 295 -23.3078 15.0629 -18.4647 11.8911
0 0 296 -9.32935 -9.49904 -10.0549 4.81856
0 0 297 8.4934 0.973922 3.31186 2.14437
0 0 298 10.1043 -1.03284 4.20352 7.60313
0 0 299 1.74946 -1.92402 6.98961 2.59007
0 0 300 17.2364 0.749524 10.2744 15.1213
0 0 301 27.8173 9.71582 -4.53962 13.284
0 0 302 14.3367 10.0524 -8.04935 13.3399
0 0 303 12.1107 -9.05345 -10.7216 21.1935
0 0 304 6.81657 -26.3738 -28.9911 28.4336
0 0 305 15.3984 -10.3325 -49.5427 22.307
0 0 306 39.0645 -14.1761 -20.9147 5.20837
0 0 307 12.8942 -26.8738 -11.1119 26.3169
0 0 308 0.0799495 -20.2477 -13.1174 34.1704
0 0 309 4.14389 -8.99575 5.98684 21.6378
0 0 310 -0.535133 -1.59062 1.47434 -2.64515
0 0 311 -23.6447 -5.43103 -16.6814 7.93706
0 0 312 -20.0274 -5.87662 -5.82155 24.4237
0 0 313 -27.7672 7.37888 0.861827 28.9897
0 0 314 -18.746 -3.59418 -24.2564 26.2051
0 0 315 -14.455 -11.1147 -31.5523 14.7315
0 0 316 8.99133 5.65101 -16.5702 -11.3342
0 0 317 17.2876 30.5463 -27.9342 -14.8425
0 0 318 13.9486 38.5125 -28.9342 -18.2949
0 0 319 -14.5136 11.7226 -41.5232 -4.92813
0 0 320 -17.3547 2.58638 -42.5801 22.919
0 0 321 -19.1926 17.9608 -29.2134 16.2363
0 0 322 -22.4218 -1.25403 -5.76464 29.0456
0 0 323 10.4924 -1.92402 -12.0035 25.9271
0 0 324 30.7682 0.695027 -14.1202 0.473348
0 0 325 19.294 -4.76425 -4.03823 -8.54821
0 0 326 -9.77602 -11.8937 -6.93545 15.7347
0 0 327 -27.2107 -23.6457 -4.98681 26.3169
0 0 328 -10.3325 -23.1424 -8.66185 9.0506
0 0 329 7.54149 2.0318 -6.76742 25.649
0 0 330 19.4038 -12.7272 -10.9466 29.1573
0 0 331 12.3889 -28.2106 -9.16324 18.0736
0 0 332 3.7558 -13.1183 -13.898 10.9452
0 0 333 -2.42432 -9.55354 -4.26318 21.3038
0 0 334 -3.93273 -13.5639 14.73 26.4846
0 0 335 -11.2844 -13.8427 11.4994 29.8252
0 0 336 -8.94126 -2.4241 26.5926 12.7266
0 0 337 -11.116 2.97747 22.9175 0.473348
0 0 338 -29.8834 13.1138 9.04937 -7.88036
0 0 339 -19.6906 9.04904 2.47711 -12.3918
0 0 340 -16.908 0.528332 -13.3966 -17.6829
0 0 341 -20.0787 12.8349 -13.4508 -27.8753
0 0 342 -17.8526 30.8797 -1.42288 -43.3588
0 0 343 -18.0211 18.4609 -2.75901 -25.0349
0 0 344 -10.3911 12.9471 6.76467 -10.6649
0 0 345 -1.25273 17.4575 25.1453 -16.9592
0 0 346 21.9666 25.9815 39.2357 -2.58926
0 0 347 22.86 35.0599 20.5786 -5.9313
0 0 348 2.08629 20.1888 14.4508 4.87445
0 0 349 -2.03623 6.65439 16.5675 2.20026
0 0 350 8.4934 -8.10457 38.7343 -2.19945
0 0 351 -9.38793 0.582829 33.2217 -10.1089
0 0 352 -19.7491 -0.753941 9.82992 -29.2669
0 0 353 -25.4313 -12.8394 2.9785 -29.7685
0 0 354 -34.5038 2.41968 11.9466 -38.0677
0 0 355 -25.9878 13.1138 25.4787 -26.4265
0 0 356 -27.4304 4.42644 17.7383 -11.7785
0 0 357 -20.5839 -5.48874 0.360439 10.22
0 0 358 -2.42432 -3.20308 -3.59376 -7.10074
0 0 359 2.64279 -9.27465 28.9884 -38.2899
0 0 360 -12.1192 -4.48536 36.3954 -37.0087
0 0 361 -24.8675 26.2571 12.0577 -14.5086
0 0 362 -17.1863 14.6173 1.86461 -9.16157
0 0 363 -10.9476 -2.75749 6.48822 11.5571
0 0 364 -2.70257 -28.2106 33.9996 -3.59243
0 0 365 -1.47972 -35.6767 49.3177 -7.76859
0 0 366 -31.2746 -42.415 17.348 2.03399
0 0 367 -38.2968 -42.3573 -14.6785 -8.04802
0 0 368 -48.929 -43.0273 -36.2328 -5.9313
0 0 369 -24.538 -27.656 -29.2703 -1.5316
0 0 370 11.7738 -14.455 12.0577 9.66397
0 0 371 2.36454 -14.3428 19.687 23.3088
0 0 372 -7.99667 -14.1216 3.59101 25.0916
0 0 373 4.48072 -18.1864 -0.753458 9.0506
0 0 374 17.1778 -2.4818 5.59657 -18.0728
0 0 375 8.21515 10.9436 14.0063 -32.3868
0 0 376 16.6799 -2.5908 15.3425 -36.6747
0 0 377 1.97645 -1.81182 17.8494 -34.8375
0 0 378 -5.60224 -3.53968 13.8952 -42.0217
0 0 379 0.804868 -0.587246 11.166 -30.2142
0 0 380 3.08946 3.92315 12.223 -17.4608
0 0 381 6.09897 40.3493 6.04104 -3.70281
0 0 382 -23.5934 39.5126 -1.14373 -18.7965
0 0 383 -18.6874 26.7027 5.2063 -32.9988
0 0 384 1.97645 22.4167 -5.93267 -13.2273
0 0 385 -19.0242 6.2633 -21.2481 11.5013
0 0 386 -38.5165 10.607 -49.0982 20.636
0 0 387 -18.4091 27.5939 -34.6175 17.7396
0 0 388 -6.437 15.0084 -9.05212 -3.75869
0 0 389 -12.8954 -0.141656 -8.99521 -9.77353
0 0 390 -9.94443 -3.20308 -0.0298318 11.0011
0 0 391 -20.4155 -6.32221 0.0812868 -1.58748
0 0 392 -48.0942 -12.7849 7.76744 -7.65821
0 0 393 -39.4098 -13.5639 5.48545 19.9122
0 0 394 3.1993 -4.09426 14.7869 30.215
0 0 395 11.1075 -18.0742 10.5535 36.3416
0 0 396 1.58104 -1.92402 -15.6786 28.1542
0 0 397 17.1778 15.1206 -13.2286 -1.19628
0 0 398 13.5605 6.59669 -11.6133 -29.2669
0 0 399 -4.92858 4.25975 -26.0939 -39.4593
0 0 400 -3.81557 16.6241 -12.6161 -24.8672
0 0 401 14.6149 16.0663 -19.5786 7.60313
0 0 402 1.6982 1.8074 -46.9815 24.8135
0 0 403 -9.72476 -12.1149 -33.3356 0.0290467
0 0 404 -18.0211 -22.0301 -7.43684 14.7874
0 0 405 -11.5627 2.75628 -17.7953 16.682
0 0 406 -10.2227 29.7674 -17.8522 17.0159
0 0 407 4.20247 25.8116 -0.14095 22.0276
0 0 408 -4.32082 6.87558 -8.3285 32.5553
0 0 409 -8.94126 -5.76763 -35.7314 8.38276
0 0 410 -5.26541 11.7771 -49.3746 -15.2882
0 0 411 -31.5529 6.76339 -46.8135 -24.7009
0 0 412 -36.4003 -13.9549 -30.9967 -33.9461
0 0 413 -7.16192 6.70889 -17.3508 -29.1007
0 0 414 3.25788 7.60007 -28.2675 -13.2273
0 0 415 10.6608 17.0697 -17.6299 -1.47571
0 0 416 10.6608 33.1077 -17.4619 7.88117
0 0 417 28.3738 27.3727 -8.941 25.0357
0 0 418 -0.0298867 10.8859 -8.04935 18.8532
0 0 419 -23.3664 -1.36623 -19.1883 5.5423
0 0 420 4.75897 -1.81182 -32.3328 8.27098
0 0 421 28.9888 16.6786 -12.6161 -4.53832
0 0 422 22.7501 -1.19953 9.43964 -24.9231
0 0 423 -2.37306 -5.37654 -22.2508 -36.0069
