0 0 0 1.12704 -0.298873 4.84654 -1.79322
0 0 1 -2.87229 1.57757 -1.26673 -4.93493
0 0 2 -0.73182 -0.944083 -3.64427 -5.10471
0 0 3 -2.8377 -8.67993 1.50112 4.90595
0 0 4 4.81264 -0.588134 -2.05656 0.397419
0 0 5 -0.129081 1.48421 0.626731 -2.13278
0 0 6 -1.79402 4.03087 -1.90354 -6.51434
0 0 7 1.79771 -1.2075 1.84081 -1.05444
0 0 8 0.388435 -5.6056 -3.15185 0.405982
0 0 9 0.28592 1.40751 -2.57458 2.07871
0 0 10 -2.37083 -1.87022 -3.67821 -1.24991
0 0 11 -0.350167 -8.61991 2.38414 -2.02264
0 0 12 -0.0784406 -1.92107 -2.85473 -2.14134
0 0 13 0.23528 2.24779 -1.23279 -4.23011
0 0 14 -5.09674 4.58271 -3.19442 -0.383875
0 0 15 -3.39845 -0.205509 -0.681119 -3.25364
0 0 16 -0.842981 -3.38988 2.50322 0.617988
0 0 17 -2.06575 0.914855 3.14003 -1.13948
0 0 18 -7.09146 -7.31282 -0.061278 -9.10389
0 0 19 0.550236 1.45003 -2.37065 -6.16622
0 0 20 6.86665 0.770641 4.60896 4.88056
0 0 21 -4.09506 -1.94608 -2.31974 -8.93411
0 0 22 -2.73642 7.4103 -1.5046 6.11185
0 0 23 0.931889 6.40831 -0.74037 3.19927
0 0 24 0.846665 -0.588134 -0.732029 -1.47904
0 0 25 3.41078 0.914855 3.11443 -7.88973
0 0 26 0.618168 6.00067 1.75596 -2.71034
0 0 27 -1.00355 -3.23733 -0.782939 1.21237
0 0 28 1.4247 -0.681498 -2.10747 -1.95473
0 0 29 4.48904 0.677277 1.49278 -6.70952
0 0 30 0.524299 -3.49158 2.84263 -4.31515
0 0 31 -0.792341 -1.71683 -1.80172 -2.15847
0 0 32 0.0314852 -6.33583 -1.32627 5.32199
0 0 33 1.33083 -2.37121 2.97004 -5.40205
0 0 34 1.11839 -3.34736 1.67945 1.39072
0 0 35 1.36542 -2.48125 5.13532 1.66237
0 0 36 -1.35185 -5.08793 2.44368 -1.64056
0 0 37 1.28884 4.66774 -2.0905 -3.74615
0 0 38 -0.0784406 4.45601 3.61548 -5.90283
0 0 39 1.67914 -0.0362878 0.125681 1.60302
0 0 40 2.74011 0.38885 -2.10747 -1.41113
0 0 41 -1.25922 -3.3557 1.45884 -3.79724
0 0 42 -1.73474 4.06505 -0.698089 -3.04134
0 0 43 -6.49737 3.33481 -3.88214 -3.89054
0 0 44 -2.59191 -4.30684 -4.61215 -5.41032
0 0 45 2.12872 5.63556 -5.52939 -3.20285
0 0 46 0.660162 -4.12011 1.91732 -2.41299
0 0 47 -1.14806 -2.30286 1.25491 -3.61889
0 0 48 -1.30121 -6.68428 3.75987 1.69633
0 0 49 4.57426 0.227131 -0.7234 0.0578543
0 0 50 2.45109 -0.256359 -2.03959 1.73058
0 0 51 -0.146372 2.0694 -5.58865 7.28349
0 0 52 0.489715 -5.1988 -4.0435 -1.063
0 0 53 -0.536671 -1.79353 -0.29886 1.82389
0 0 54 -1.50501 0.167945 -1.24976 6.91824
0 0 55 1.79771 3.32647 -0.54507 -1.7253
0 0 56 -1.70016 2.42618 -1.88657 0.142598
0 0 57 0.64287 2.35032 0.18522 5.28803
0 0 58 -0.468739 3.18226 -5.05366 4.17574
0 0 59 -1.48771 0.744799 1.84944 3.56452
0 0 60 0.973883 5.12622 -0.23932 -9.1972
0 0 61 -2.70184 -4.46856 2.08702 4.34552
0 0 62 2.42639 -0.757355 2.23975 -3.40659
0 0 63 2.86732 2.60457 -0.51113 -0.723439
0 0 64 1.33083 3.22477 -2.05656 8.14953
0 0 65 1.87429 -1.47926 5.44107 1.36533
0 0 66 -1.33579 -0.358893 0.983103 -2.91407
0 0 67 -3.26258 3.54738 -3.08397 -0.0782668
0 0 68 -6.14906 -2.38789 1.97657 0.320943
0 0 69 -4.96952 3.31814 -1.48763 4.93164
0 0 70 -5.30918 0.69395 3.56457 -2.31969
0 0 71 2.09537 -0.570628 -0.612951 -7.38038
0 0 72 -1.46301 2.5879 0.906881 -4.32371
0 0 73 -0.639186 -0.00211002 -1.94611 4.69365
0 0 74 -1.33579 -0.673161 -1.71687 3.76826
0 0 75 -2.28684 0.728127 -0.230979 0.227637
0 0 76 2.53631 4.46434 0.278412 -0.689483
0 0 77 2.85868 -4.40021 6.30712 -2.14991
0 0 78 2.08673 1.365 -1.36884 4.16718
0 0 79 2.95255 -3.28818 -2.24323 -3.90737
0 0 80 -0.0697947 3.94667 -4.08578 2.61345
0 0 81 0.439075 -2.89722 3.89564 -1.33466
0 0 82 -4.66321 -4.9012 6.04394 1.97654
0 0 83 0.64287 -4.02675 5.77213 -0.545094
0 0 84 -0.910912 -1.63264 4.71912 3.27575
0 0 85 -1.70016 5.40631 -0.0865894 1.66237
0 0 86 1.28884 -5.89486 0.59279 -5.35953
0 0 87 -4.39148 1.91685 -0.46022 -0.0865344
0 0 88 -1.70016 1.22912 -0.553699 2.95301
0 0 89 2.89326 1.52672 -2.77822 -2.09882
0 0 90 -4.40878 2.82548 -2.53201 -5.83492
0 0 91 10.7647 3.84414 -4.51895 -0.511138
0 0 92 14.848 10.9173 -8.62831 -0.052578
0 0 93 27.8822 19.0257 -5.26593 -3.42342
0 0 94 52.0301 30.8112 -1.93777 4.55782
0 0 95 71.2622 43.5821 1.61991 10.1533
0 0 96 73.851 36.5256 10.2215 2.61345
0 0 97 57.4387 19.4842 7.75044 -5.69909
0 0 98 21.0298 6.62921 -3.30458 -1.62343
0 0 99 12.148 -2.00609 1.4249 -5.42744
0 0 100 7.20631 5.8823 5.84864 6.44285
0 0 101 5.22023 5.21959 3.24185 2.38431
0 0 102 1.43335 -2.81219 -0.842191 -4.39162
0 0 103 -1.68286 1.67927 -3.21139 0.0918108
0 0 104 0.320504 -3.36404 -1.19051 -1.42826
0 0 105 2.09537 -5.13044 1.08521 -7.86434
0 0 106 -1.23328 -4.29017 3.53898 0.261593
0 0 107 0.957826 0.0829176 0.304011 3.36078
0 0 108 3.70844 3.9125 -4.13669 -7.14269
0 0 109 2.68082 1.365 -4.11138 4.58351
0 0 110 -4.50265 -1.4034 1.60294 -0.570488
0 0 111 -3.2033 2.72378 1.02567 -5.80953
0 0 112 1.58527 1.57757 0.0238602 2.66453
0 0 113 -4.40878 -4.63778 2.65595 4.28617
0 0 114 -5.4364 -1.5051 -2.08187 -2.18386
0 0 115 -0.400807 2.32448 1.89172 -0.468618
0 0 116 0.855311 -1.9294 0.448401 3.522
0 0 117 7.17296 -1.93774 2.25672 -0.20553
0 0 118 1.31354 -5.20714 2.53716 7.52119
0 0 119 -3.33052 0.159609 1.21234 4.48135
0 0 120 0.982529 3.1139 -0.791281 -7.26139
0 0 121 1.35677 -1.68349 0.59279 -1.36861
0 0 122 0.337795 4.45601 -4.23017 2.74071
0 0 123 2.03609 -3.9759 -2.03096 1.63698
0 0 124 -3.27123 3.9375 -0.23932 1.73885
0 0 125 -1.24193 5.03286 -0.791281 -0.332793
0 0 126 0.0994169 -7.79631 3.157 2.80036
0 0 127 -3.30458 1.01655 1.84081 -6.37822
0 0 128 0.125354 -3.10145 1.49278 1.39072
0 0 129 -0.851627 3.25812 -3.30458 -6.49722
0 0 130 2.40045 -6.47171 0.966133 -0.256317
0 0 131 -0.571254 -6.83683 4.38806 4.74473
0 0 132 -4.75708 -1.37756 -1.81035 5.25408
0 0 133 1.6285 -4.5786 2.01051 -3.94989
0 0 134 3.05506 -8.55239 5.2288 -3.69537
0 0 135 0.64287 -11.0482 0.949163 0.558638
0 0 136 -2.75371 1.2458 -2.50641 3.34366
0 0 137 -2.45605 -4.29017 6.14576 -0.137617
0 0 138 1.70507 -6.04741 1.0343 -2.37077
0 0 139 0.583584 4.08172 -5.07925 -5.45284
0 0 140 5.01644 4.06505 -6.42076 -6.67556
0 0 141 -2.03981 2.41784 -0.961269 -2.15847
0 0 142 -0.639186 4.74443 -1.20748 -3.70364
0 0 143 2.38316 4.03087 -2.99049 -3.1689
0 0 144 -0.308173 -2.37955 2.40111 2.91906
0 0 145 -3.96784 -3.86503 3.80216 -1.64056
0 0 146 2.3671 -1.3092 -0.646891 1.07655
0 0 147 1.0764 -7.17694 -3.07534 4.61747
0 0 148 -0.0611489 -3.36404 2.48625 3.42013
0 0 149 -0.893621 1.0424 -2.05656 -3.25364
0 0 150 0.719448 11.079 -4.11972 7.59766
0 0 151 -0.749112 5.38131 -1.24976 2.57949
0 0 152 -1.67545 2.33282 1.01733 -2.92264
0 0 153 -4.93494 2.99553 -0.808251 2.26532
0 0 154 -1.27527 4.89698 2.33323 0.338069
0 0 155 0.405727 3.75078 -2.70171 1.66237
0 0 156 4.77806 -8.51821 3.72565 -0.732002
0 0 157 0.804671 -2.11613 -5.70772 -0.944304
0 0 158 1.22091 3.32647 0.830372 -2.99911
0 0 159 -1.51365 0.804819 2.00217 -3.03307
0 0 160 -2.30289 1.47504 1.73036 -2.65099
0 0 161 -2.88093 -4.49357 0.134022 2.79179
0 0 162 2.23988 0.0404038 2.48625 1.83245
0 0 163 -1.58158 2.81714 -2.65943 0.320943
0 0 164 1.00847 -1.67432 1.19537 -2.64242
0 0 165 1.41606 -3.26234 2.47762 -0.315962
0 0 166 -4.06047 -1.62347 -1.88657 -4.68867
0 0 167 2.40909 2.01855 -2.03096 5.46638
0 0 168 0.59223 -0.401406 0.312352 2.51158
0 0 169 0.134 3.47902 -1.14794 -1.92077
0 0 170 2.44368 1.16994 0.694611 1.2295
0 0 171 0.278509 -3.80585 2.68155 0.957848
0 0 172 0.78738 -6.51423 1.41627 3.32683
0 0 173 -4.34084 2.74878 -0.256578 -4.39162
0 0 174 -5.61425 -3.88254 2.83428 2.09554
0 0 175 2.12872 -2.41373 -0.65552 -0.451788
0 0 176 -0.867683 -2.04861 -6.31031 5.14365
0 0 177 -0.698472 3.70826 -1.53854 3.2164
0 0 178 -3.22924 7.66538 -5.6735 0.29555
0 0 179 -0.884975 0.295487 0.38052 3.53913
0 0 180 -0.180956 0.558072 -0.5281 1.80676
0 0 181 -4.69779 4.11589 1.88338 -5.25766
0 0 182 -0.248887 -0.511442 4.20973 3.47948
0 0 183 0.507007 -1.11414 5.84864 5.23725
0 0 184 -4.94358 4.88031 4.43897 0.516119
0 0 185 -2.47334 1.32249 -1.77641 5.12682
0 0 186 3.20698 2.37533 -3.93305 -2.61703
0 0 187 -0.884975 7.18106 0.117052 -2.00552
0 0 188 0.116709 -0.10381 1.19537 -3.15177
0 0 189 3.99746 3.58155 -3.52548 -0.723439
0 0 190 0.150057 2.00187 -3.432 0.762377
0 0 191 -1.21599 -3.09228 -3.33018 0.372025
0 0 192 -0.876329 -3.254 5.31365 3.73431
0 0 193 1.89158 -10.6497 5.38153 9.3637
0 0 194 -1.33579 -3.16897 4.90608 0.720153
0 0 195 2.53631 1.10992 -2.2858 3.68322
0 0 196 2.74011 1.13576 -2.20929 -0.120491
0 0 197 -1.41978 -7.6696 2.60504 -0.706314
0 0 198 -0.595956 -1.55595 -2.82079 4.40517
0 0 199 -2.56598 1.6626 -2.43853 0.575764
0 0 200 4.36182 5.93315 0.227502 -0.282006
0 0 201 3.42807 1.42419 0.0917406 1.24633
0 0 202 1.2629 -0.239687 3.10609 7.98831
0 0 203 3.39472 5.03286 -5.385 -1.64056
0 0 204 6.22191 -0.791533 -0.41765 0.142598
0 0 205 7.37675 6.2816 2.82565 2.9787
0 0 206 6.00947 8.84577 -2.02262 2.60488
0 0 207 1.34812 -3.81418 3.60686 3.86157
0 0 208 4.7867 2.44368 0.0917406 -1.86113
0 0 209 -0.248887 7.6062 -1.82732 0.422812
0 0 210 -2.21891 4.37931 -2.56595 -5.39349
0 0 211 1.69643 1.28831 -4.52729 2.05302
0 0 212 -0.5799 -1.81937 5.25411 1.62841
0 0 213 -0.73182 2.31614 0.227502 2.21453
0 0 214 1.41606 1.49254 0.745521 2.24849
0 0 215 -1.66681 2.12942 -3.2367 0.736984
0 0 216 4.89663 -1.29253 2.31626 4.25222
0 0 217 2.45973 4.62523 -0.485819 -0.239486
0 0 218 -0.503322 4.80362 -4.39988 5.09286
0 0 219 2.06944 -2.15031 5.7891 2.07871
0 0 220 -2.35477 -6.59925 9.54208 2.89366
