0 0 0 0.16495
0 0 1 0.20589
0 0 2 0.161044
0 0 3 0.164355
0 0 4 0.121004
0 0 5 0.0894026
0 0 6 0.0969253
0 0 7 0.12401
0 0 8 0.100832
0 0 9 0.147494
0 0 10 0.139361
0 0 11 0.138155
0 0 12 0.106554
0 0 13 0.0656138
0 0 14 0.0183566
0 0 15 0.0451514
0 0 16 0.0415351
0 0 17 0.0749523
0 0 18 0.0915084
0 0 19 0.110475
0 0 20 0.119799
0 0 21 0.168856
0 0 22 0.144778
0 0 23 0.127916
0 0 24 0.146899
0 0 25 0.0851759
0 0 26 0.0647135
0 0 27 0.0767529
0 0 28 0.102937
0 0 29 0.0355077
0 0 30 0.087892
0 0 31 0.120409
0 0 32 0.115877
0 0 33 0.110475
0 0 34 0.152605
0 0 35 0.096025
0 0 36 0.0993362
0 0 37 0.0848859
0 0 38 0.10927
0 0 39 0.0734417
0 0 40 0.124605
0 0 41 0.0797589
0 0 42 0.0701305
0 0 43 0.0698253
0 0 44 0.0779583
0 0 45 0.0568856
0 0 46 0.0725414
0 0 47 0.131838
0 0 48 0.0945144
0 0 49 0.103548
0 0 50 0.16376
0 0 51 0.163149
0 0 52 0.137255
0 0 53 0.161639
0 0 54 0.167956
0 0 55 0.0917983
0 0 56 0.0903029
0 0 57 0.0942092
0 0 58 0.0656138
0 0 59 0.0436408
0 0 60 0.063508
0 0 61 0.0671244
0 0 62 0.0547799
0 0 63 0.100237
0 0 64 0.109865
0 0 65 0.145083
0 0 66 0.183307
0 0 67 0.264286
0 0 68 0.363928
0 0 69 0.413596
0 0 70 0.543648
0 0 71 0.736904
0 0 72 0.840757
0 0 73 0.888319
0 0 74 1
0 0 75 0.888609
0 0 76 0.778439
0 0 77 0.67248
0 0 78 0.518349
0 0 79 0.462364
0 0 80 0.439185
0 0 81 0.404257
0 0 82 0.39794
0 0 83 0.415106
0 0 84 0.336843
0 0 85 0.317571
0 0 86 0.268208
0 0 87 0.185122
0 0 88 0.166461
0 0 89 0.129732
0 0 90 0.106249
0 0 91 0.0803693
0 0 92 0.12221
0 0 93 0.141176
0 0 94 0.101137
0 0 95 0.0993362
0 0 96 0.0713359
0 0 97 0.0285954
0 0 98 0
0 0 99 0.0123293
0 0 100 0.014435
0 0 101 0.0535744
0 0 102 0.071931
0 0 103 0.102937
0 0 104 0.0632029
0 0 105 0.0942092
0 0 106 0.113176
0 0 107 0.157427
0 0 108 0.141466
0 0 109 0.200168
0 0 110 0.199573
0 0 111 0.159533
0 0 112 0.0917983
0 0 113 0.10927
0 0 114 0.128527
0 0 115 0.0930037
0 0 116 0.128237
0 0 117 0.193256
0 0 118 0.175494
0 0 119 0.142977
0 0 120 0.162249
0 0 121 0.112566
0 0 122 0.0948196
0 0 123 0.142687
0 0 124 0.158328
0 0 125 0.151095
0 0 126 0.192645
0 0 127 0.156527
0 0 128 0.143282
0 0 129 0.104753
0 0 130 0.111666
0 0 131 0.0899977
0 0 132 0.10837
0 0 133 0.096025
0 0 134 0.0722362
0 0 135 0.0899977
0 0 136 0.124605
0 0 137 0.0614023
0 0 138 0.123705
0 0 139 0.0881971
0 0 140 0.068925
0 0 141 0.0827802
0 0 142 0.128237
0 0 143 0.0526741
0 0 144 0.0842756
0 0 145 0.110475
0 0 146 0.0761578
0 0 147 0.0917983
0 0 148 0.117998
0 0 149 0.176089
0 0 150 0.173388
0 0 151 0.158938
0 0 152 0.0975204
0 0 153 0.100526
0 0 154 0.0764477
0 0 155 0.0601968
0 0 156 0.0680247
0 0 157 0.0984207
0 0 158 0.119203
0 0 159 0.112276
0 0 160 0.12401
0 0 161 0.0758526
0 0 162 0.0845808
0 0 163 0.102037
0 0 164 0.0791638
0 0 165 0.0629129
0 0 166 0.0954147
0 0 167 0.0568856
0 0 168 0.0276799
0 0 169 0.0288853
0 0 170 0.038529
0 0 171 0.0454414
0 0 172 0.235096
0 0 173 0.153216
0 0 174 0.165255
0 0 175 0.116197
0 0 176 0.0981308
0 0 177 0.131243
0 0 178 0.0848859
0 0 179 0.102647
0 0 180 0.111666
0 0 181 0.107759
0 0 182 0.107469
0 0 183 0.112566
0 0 184 0.0629129
0 0 185 0.0544747
0 0 186 0.0716411
0 0 187 0.0710307
0 0 188 0.0722362
0 0 189 0.0915084
0 0 190 0.135454
0 0 191 0.159838
0 0 192 0.155322
0 0 193 0.131838
0 0 194 0.090898
0 0 195 0.0770581
0 0 196 0.00781262
0 0 197 0.011429
0 0 198 0.0562905
0 0 199 0.0511635
