0 0 0 0.0364974
0 0 1 0.0553681
0 0 2 0.0428209
0 0 3 0.053288
0 0 4 -0.0246908
0 0 5 -0.0249071
0 0 6 0.0370466
0 0 7 -0.0185836
0 0 8 -0.0572901
0 0 9 -0.0287178
0 0 10 0.022203
0 0 11 0.0187251
0 0 12 -0.0047218
0 0 13 0.0291921
0 0 14 -0.0849304
0 0 15 0.0514409
0 0 16 0.0711768
0 0 17 0.0476301
0 0 18 0.00639424
0 0 19 0.0633224
0 0 20 0.028643
0 0 21 0.0191577
0 0 22 -0.00800004
0 0 23 0.0640879
0 0 24 -0.0529302
0 0 25 0.0394429
0 0 26 -0.0276362
0 0 27 -0.00833286
0 0 28 0.0330029
0 0 29 -0.0186834
0 0 30 0.0705279
0 0 31 -0.0170526
0 0 32 -0.022178
0 0 33 -0.022178
0 0 34 0.0016017
0 0 35 0.0255977
0 0 36 0.0439192
0 0 37 -0.0197817
0 0 38 -0.0469395
0 0 39 -0.0266544
0 0 40 0.0128342
0 0 41 -0.0162872
0 0 42 0.00433079
0 0 43 0.0330029
0 0 44 -0.00898185
0 0 45 0.0287595
0 0 46 0.0105378
0 0 47 0.0529718
0 0 48 0.000403559
0 0 49 0.0272285
0 0 50 -0.0446431
0 0 51 0.0283268
0 0 52 0.0278775
0 0 53 0.0322374
0 0 54 -0.0155217
0 0 55 -0.0188998
0 0 56 -0.0518818
0 0 57 -0.00450547
0 0 58 0.0364974
0 0 59 0.0187251
0 0 60 0.0791478
0 0 61 -0.00124388
0 0 62 -0.0211962
0 0 63 -0.0587545
0 0 64 0.091462
0 0 65 -0.0386524
0 0 66 -0.0118108
0 0 67 -0.00527095
0 0 68 -0.0112783
0 0 69 -0.0161873
0 0 70 0.0583135
0 0 71 -0.00342382
0 0 72 0.0595116
0 0 73 0.0809949
0 0 74 0.0861203
0 0 75 0.0343175
0 0 76 -0.019998
0 0 77 -0.0276362
0 0 78 0.00770887
0 0 79 -0.0041893
0 0 80 0.0502427
0 0 81 0.0324704
0 0 82 0.0133834
0 0 83 0.0216705
0 0 84 -0.00450547
0 0 85 0.0589625
0 0 86 0.0721586
0 0 87 0.03911
0 0 88 0.0443519
0 0 89 -0.0890573
0 0 90 0.0712933
0 0 91 0.0681316
0 0 92 0.0162123
0 0 93 0.0441356
0 0 94 0.0655023
0 0 95 -0.0129091
0 0 96 -0.0316632
0 0 97 0.0129341
0 0 98 -0.0431121
0 0 99 0.0254812
0 0 100 0.0719423
0 0 101 0.0348666
0 0 102 0.0143652
0 0 103 0.0236341
0 0 104 0.0174104
0 0 105 0.00061989
0 0 106 0.0920111
0 0 107 -0.0314469
0 0 108 0.0359483
0 0 109 0.116656
0 0 110 0.0730406
0 0 111 0.0623406
0 0 112 0.0779496
0 0 113 -0.00156005
0 0 114 0.0332192
0 0 115 0.00323249
0 0 116 -0.00538744
0 0 117 -0.0685392
0 0 118 -0.00811653
0 0 119 0.0524227
0 0 120 0.0743386
0 0 121 0.139021
0 0 122 0.250931
0 0 123 0.341773
0 0 124 0.45924
0 0 125 0.47648
0 0 126 0.744447
0 0 127 0.833125
0 0 128 0.999999
0 0 129 0.963023
0 0 130 0.84534
0 0 131 0.755796
0 0 132 0.644652
0 0 133 0.619358
0 0 134 0.468176
0 0 135 0.290303
0 0 136 0.171421
0 0 137 0.0939747
0 0 138 0.059728
0 0 139 0.0492609
0 0 140 -0.0191327
0 0 141 -0.0434782
0 0 142 0.00988881
0 0 143 0.0738061
0 0 144 -0.0185836
0 0 145 0.014465
0 0 146 -0.0109455
0 0 147 0.0558008
0 0 148 0.0457664
0 0 149 -0.0502344
0 0 150 -0.0289342
0 0 151 0.0703115
0 0 152 0.0660515
0 0 153 -0.0367886
0 0 154 -0.0122601
0 0 155 0.0141322
0 0 156 0.0680151
0 0 157 0.0604935
0 0 158 0.0934256
0 0 159 -0.0173854
0 0 160 -0.0296996
0 0 161 -0.039085
0 0 162 0.0205722
0 0 163 -0.029916
0 0 164 -0.0400668
0 0 165 -0.00756738
0 0 166 0.00715972
0 0 167 -0.0211962
0 0 168 0.053521
0 0 169 -0.0307979
0 0 170 -0.0178181
0 0 171 -0.0849304
0 0 172 0.016645
0 0 173 -0.0195654
0 0 174 0.00562877
0 0 175 0.0319212
0 0 176 -0.0311141
0 0 177 0.0310393
0 0 178 -0.0188998
0 0 179 -0.0167198
0 0 180 -0.0214125
0 0 181 -0.071052
0 0 182 0.013816
0 0 183 -0.0343923
0 0 184 0.0922274
0 0 185 -0.0216288
0 0 186 -0.0269705
0 0 187 -0.00745089
0 0 188 -0.00342382
0 0 189 0.00562877
0 0 190 0.066168
0 0 191 -0.000578247
0 0 192 0.0746714
0 0 193 0.013816
0 0 194 -0.0383196
0 0 195 0.0789315
0 0 196 0.0102216
0 0 197 0.0276612
0 0 198 -0.0235925
0 0 199 0.0345338
0 0 200 -0.00385648
0 0 201 0.0745549
0 0 202 0.053521
0 0 203 0.0764187
0 0 204 -0.0320959
0 0 205 0.0234178
0 0 206 -0.0160708
0 0 207 0.0540535
0 0 208 0.00617791
0 0 209 0.0427211
0 0 210 -0.00668542
0 0 211 0.0704114
0 0 212 -0.0410486
0 0 213 0.00433079
0 0 214 0.0411901
0 0 215 0.00061989
0 0 216 0.0194905
0 0 217 0.0198067
0 0 218 -0.0715013
0 0 219 -0.00517111
0 0 220 0.00879052
0 0 221 -0.0184671
0 0 222 -0.00778371
0 0 223 -0.00222569
0 0 224 -0.0419473
0 0 225 -0.00701823
0 0 226 -0.090555
0 0 227 -0.0635304
0 0 228 -0.0416976
0 0 229 0.00639424
0 0 230 -0.0591871
0 0 231 -0.0319961
0 0 232 0.0486119
0 0 233 0.0366139
0 0 234 0.0183923
0 0 235 0.0276612
0 0 236 0.0314886
0 0 237 0.00531259
0 0 238 0.0016017
0 0 239 -0.0179179
0 0 240 0.0432536
0 0 241 0.0227521
0 0 242 0.0847058
0 0 243 0.0498101
0 0 244 0.0214542
0 0 245 0.00912333
0 0 246 -0.0451922
0 0 247 0.00203436
0 0 248 0.0318047
0 0 249 0.110665
0 0 250 -0.0330777
0 0 251 -0.045109
0 0 252 -0.0216288
0 0 253 0.0274448
0 0 254 -0.00222569
0 0 255 0.0818769
