0 0 0 39.0412 -66.394 -86.02 73.9993
0 0 1 26.7262 60.351 30.0764 -75.6979
0 0 2 43.6884 -27.1407 30.0764 -18.1537
0 0 3 14.0858 3.79601 12.4471 -113.293
0 0 4 -13.5185 110.251 -40.1109 24.095
0 0 5 -15.1915 -38.4459 -29.1306 49.7142
0 0 6 -17.515 -11.1663 -65.396 -31.4558
0 0 7 -55.1108 46.0475 -77.7044 79.9871
0 0 8 58.327 14.4424 72.661 -93.6615
0 0 9 118.88 -34.4547 -12.4995 6.79844
0 0 10 -16.818 87.6306 61.6807 53.3752
0 0 11 -41.4481 -24.1425 -42.1073 -23.4745
0 0 12 12.7846 2.46879 62.349 -106.304
0 0 13 -104.975 86.6376 -21.8132 33.4104
0 0 14 103.265 16.7722 3.13338 1.14408
0 0 15 6.13913 103.271 -3.51558 -62.3958
0 0 16 -34.152 12.781 -90.6725 82.6476
0 0 17 -29.4583 49.3799 -2.85589 -3.18395
0 0 18 -26.8094 -24.1425 50.3705 22.7687
0 0 19 -30.4807 13.7836 -105.316 -30.7887
0 0 20 39.7383 -77.0404 24.7555 19.4413
0 0 21 3.11846 18.7678 10.4507 -71.0441
0 0 22 -18.1657 -71.7124 -20.4852 46.3867
0 0 23 63.0207 -116.618 41.0568 -53.4139
0 0 24 88.6267 -91.0097 -4.85232 -67.7166
0 0 25 -39.7751 -2.84965 26.7519 44.7269
0 0 26 77.6593 -10.1732 44.0514 11.7935
0 0 27 25.0996 -48.424 57.358 -76.6984
0 0 28 11.1116 -47.431 48.0442 -33.4491
0 0 29 127.849 -127.274 -15.824 -81.36
0 0 30 -116.314 11.788 -28.1324 -47.7596
0 0 31 -4.8747 9.79238 10.1209 8.79957
0 0 32 -23.1381 50.7071 14.7734 89.9695
0 0 33 -84.7134 111.587 34.0693 82.6476
0 0 34 -20.1639 93.2928 -30.1288 62.0235
0 0 35 -31.8284 129.882 -60.405 43.7263
0 0 36 -84.388 32.7466 68.3383 -79.0253
0 0 37 -16.818 -22.4811 -30.7971 -66.3825
0 0 38 -67.054 40.3949 -58.7384 5.80563
0 0 39 -42.7957 -100.654 7.12623 -20.8141
0 0 40 -25.8335 -13.8303 -18.4888 -87.0143
0 0 41 37.3682 -34.4547 85.9676 -94.6621
0 0 42 -55.7614 39.3923 16.1101 34.411
0 0 43 -35.1279 -4.84526 47.046 -132.916
0 0 44 -7.8489 -5.51364 12.7857 -76.3649
0 0 45 2.46785 -20.1513 -38.1145 -56.0743
0 0 46 -72.073 63.015 -43.7739 -23.4745
0 0 47 10.0892 -9.83905 11.1191 -89.0077
0 0 48 -1.85403 59.3579 39.7287 66.0102
0 0 49 -33.7802 1.47576 16.44 42.3922
0 0 50 -82.3898 62.0219 -21.1536 1.14408
0 0 51 -22.4875 48.7115 16.1101 80.3207
0 0 52 32.721 -2.19081 37.4024 -66.0567
0 0 53 46.0585 36.0695 -26.1359 -123.934
0 0 54 -14.1691 56.3597 -46.1002 77.986
0 0 55 -19.188 11.788 -102.321 11.7935
0 0 56 -48.0935 148.177 -4.18395 44.0598
0 0 57 -57.4344 14.4424 -88.0164 -53.4139
0 0 58 23.4267 56.0256 -31.127 19.1077
0 0 59 -12.1708 -38.7801 43.7215 -141.898
0 0 60 -0.878123 51.7001 61.021 -60.0689
0 0 61 43.6884 90.2946 59.3544 34.7445
0 0 62 29.4215 -37.1187 55.0317 51.7076
0 0 63 14.7829 -37.4529 -32.7936 -40.7711
0 0 64 61.0224 -82.6931 -6.51022 -7.83775
0 0 65 41.0395 27.0845 5.1298 -11.8323
0 0 66 4.79144 157.83 -0.191101 -92.3352
0 0 67 20.0807 55.0325 -3.51558 23.7693
0 0 68 39.0412 33.0713 46.7162 37.0714
0 0 69 -8.49951 79.314 -4.18395 70.3383
0 0 70 -1.20343 83.3052 -47.0984 20.1083
0 0 71 -21.8369 91.2972 72.3312 57.6955
0 0 72 -55.1108 131.544 -16.4923 -97.3225
0 0 73 -105.672 121.231 -71.0468 -39.7705
0 0 74 -120.636 61.0193 -57.0805 -11.4987
0 0 75 -4.5494 -37.1187 -18.1589 38.072
0 0 76 88.6267 -59.4046 -17.8204 48.3801
0 0 77 52.7039 -72.0466 -2.18752 51.0405
0 0 78 28.3991 34.0739 -92.6689 -3.84324
0 0 79 -49.1159 -6.84087 -35.1198 68.6784
0 0 80 -0.878123 50.0387 37.0639 31.0835
0 0 81 28.3991 -18.1557 -43.4354 56.0356
0 0 82 -50.4171 49.0457 63.0174 24.7621
0 0 83 86.9537 -31.7907 -43.7739 -62.0622
0 0 84 28.3991 22.4344 35.406 -27.1355
0 0 85 -24.4858 25.4231 -75.3695 -40.1041
0 0 86 7.11504 -3.85223 23.4275 33.7439
0 0 87 111.584 -118.958 63.6771 -111.625
0 0 88 91.9262 41.0633 71.333 43.7263
0 0 89 99.2687 -11.5005 -63.7295 41.0659
0 0 90 45.0361 -42.7714 33.0711 46.3867
0 0 91 -49.4412 74.9886 -38.7828 90.9623
0 0 92 -21.1399 51.7001 -25.8061 -88.6742
0 0 93 33.7434 18.109 -54.7456 45.0526
0 0 94 114.233 -81.7 23.7573 81.3135
0 0 95 155.128 -128.926 44.3812 -48.4189
0 0 96 -18.1657 88.6332 72.9909 72.6652
0 0 97 63.0207 0.138987 -58.7384 17.4479
0 0 98 19.1048 71.3316 -39.1127 -52.7469
0 0 99 -41.4481 2.13459 -20.4852 -25.1344
0 0 100 -29.4583 72.3342 -25.8061 -85.6803
0 0 101 -20.1639 84.642 -42.1073 -28.4618
0 0 102 -59.758 -14.1645 -17.1607 -19.1465
0 0 103 -18.8163 34.7423 -27.1341 -46.759
0 0 104 16.7812 -11.8347 -27.1341 32.4176
0 0 105 -2.17934 -13.4961 16.1101 65.351
0 0 106 6.46443 -25.4793 -53.7473 31.7505
0 0 107 -56.7373 47.0501 19.1048 -27.7948
0 0 108 -23.8352 -56.7502 -69.3889 -8.83832
0 0 109 74.3133 -85.6912 11.7874 -53.0804
0 0 110 -3.85232 -23.8083 32.4114 74.9921
0 0 111 29.7468 -96.9965 112.251 -42.431
0 0 112 25.4249 -72.3808 91.9569 -41.4382
0 0 113 13.4352 98.6113 -51.0912 8.13253
0 0 114 39.0412 91.2972 -23.15 -92.6687
0 0 115 32.721 -61.4002 -31.127 59.0295
0 0 116 60.3253 -92.6711 51.0389 71.3388
0 0 117 96.2481 -110.975 108.918 45.3862
0 0 118 -85.0387 5.13278 36.0657 128.224
0 0 119 69.6662 -90.0166 35.7358 60.6894
0 0 120 77.2875 -129.919 -4.51379 -13.4921
0 0 121 -17.1897 71.3316 -104.977 67.0108
0 0 122 17.1065 -129.919 61.3508 -7.17071
0 0 123 -5.52531 -45.4353 6.45786 103.939
0 0 124 4.79144 37.0721 33.0711 84.3074
0 0 125 7.44034 -49.0924 8.79281 -97.656
0 0 126 -9.19659 20.7635 -96.6618 35.078
0 0 127 87.6043 -46.4284 -21.8132 -7.50423
0 0 128 -0.878123 -65.3914 -20.815 80.3207
0 0 129 63.9966 19.4362 -1.51916 87.9684
0 0 130 56.0034 -70.051 -8.1768 51.3741
0 0 131 16.7812 30.4168 -46.43 12.1193
0 0 132 -52.7872 -46.7626 -50.093 -27.4613
0 0 133 128.221 -91.0097 25.094 -69.3842
0 0 134 80.9588 -27.4749 12.1173 10.4594
0 0 135 3.11846 -11.1663 -21.4834 21.4346
0 0 136 124.875 -174.51 102.929 6.46492
0 0 137 0.46956 97.9429 -0.520945 35.7451
0 0 138 -38.4739 -73.0492 -74.0414 98.6178
0 0 139 143.51 -142.246 67.3401 -61.3952
0 0 140 -14.4944 -6.51622 -29.7989 75.6591
0 0 141 131.846 -116.618 65.0052 -78.0325
0 0 142 43.3631 -67.0624 -44.4336 77.6602
0 0 143 75.9863 89.292 53.0353 -88.3407
0 0 144 -38.4739 8.12142 -12.4995 17.1144
0 0 145 -4.17763 -6.51622 50.0407 27.089
0 0 146 56.0034 -22.1469 30.7448 33.4104
0 0 147 -4.5494 -125.928 -1.18931 60.3559
0 0 148 37.0429 23.4274 21.431 31.0835
0 0 149 88.952 -126.272 58.3562 29.4236
0 0 150 111.909 -130.922 -11.5013 -60.7281
0 0 151 104.567 -28.1337 60.3526 3.8045
0 0 152 -26.8094 -42.1125 -7.17858 -116.954
0 0 153 13.4352 -125.603 24.4257 38.072
0 0 154 136.539 -12.8372 -8.84516 -82.0193
0 0 155 13.1099 59.3579 -20.1553 21.4346
0 0 156 -34.152 101.934 -71.7152 -80.0259
0 0 157 88.6267 -12.503 3.46322 34.7445
0 0 158 142.859 -72.0466 0.138743 -11.8323
0 0 159 -7.1983 -9.17067 -12.8293 59.6966
0 0 160 27.4232 -74.3764 -23.15 104.272
0 0 161 37.0429 74.9886 -67.0539 -13.8256
0 0 162 29.4215 3.47137 36.7341 -1.51634
0 0 163 -39.1245 45.0545 -30.1288 68.0114
0 0 164 28.7244 -7.84344 -25.4762 15.4467
0 0 165 94.6215 23.0933 47.046 86.3085
0 0 166 26.4009 50.3729 -27.8025 119.575
0 0 167 -87.3623 75.657 -57.4103 150.182
0 0 168 34.0687 -96.9965 -26.1359 8.46605
0 0 169 74.3133 55.0325 -85.6901 43.3928
0 0 170 351.1 48.7115 -12.1696 -14.8262
0 0 171 713.023 157.162 -142.901 -58.7348
0 0 172 1411.96 225.69 -296.591 -198.457
0 0 173 2700.34 162.48 -416.68 -358.129
0 0 174 2898.27 287.239 -427.99 -87.6736
0 0 175 2292.18 445.923 -227.063 21.4346
0 0 176 1355.4 419.303 -268.979 57.6955
0 0 177 394.69 174.129 -39.1127 12.1193
0 0 178 79.9829 -6.18203 -52.7491 -47.426
0 0 179 -89.3605 201.743 -46.43 -16.1525
0 0 180 -124.307 42.0563 -107.642 53.0417
0 0 181 -29.8301 -12.503 54.3633 45.3862
0 0 182 -15.8421 -2.52501 -21.4834 74.9921
0 0 183 -65.4275 114.576 3.80175 -8.17127
0 0 184 -47.1176 -2.52501 -113.631 -50.7535
0 0 185 57.0258 -18.4899 3.80175 108.592
0 0 186 65.019 -150.887 -22.1518 -43.4315
0 0 187 6.46443 19.4362 4.79996 0.810555
0 0 188 145.508 -92.3369 8.12444 -28.7953
0 0 189 -114.967 0.47318 -43.7739 -0.190011
0 0 190 -0.181046 -73.0492 -72.3835 -101.651
0 0 191 80.3082 -34.1205 -30.1288 -53.7475
0 0 192 -16.4927 -139.248 3.46322 11.46
0 0 193 -25.5082 -29.4705 44.0514 -31.1222
0 0 194 -95.0301 4.1302 1.13696 -45.0991
0 0 195 60 -42.4372 -49.4246 -115.286
0 0 196 -87.0369 101.275 -22.1518 -111.625
0 0 197 70.3168 -28.4679 18.4364 -7.83775
0 0 198 117.904 -68.0554 43.7215 -68.7172
0 0 199 -89.0352 115.244 -29.1306 -106.638
0 0 200 16.4094 -122.949 -8.1768 -32.7899
0 0 201 -45.1193 27.4187 -61.0733 15.7803
0 0 202 -71.0506 -18.4899 -67.0539 -2.85043
0 0 203 -22.4875 24.0958 25.4239 34.7445
0 0 204 39.7383 -65.0668 -40.1109 -65.7232
0 0 205 13.7605 -69.3826 76.324 -150.221
0 0 206 -48.0935 90.2946 -20.815 -6.83718
0 0 207 -36.8009 72.3342 140.861 3.47098
0 0 208 -16.1674 49.3799 38.4006 -19.1465
0 0 209 -39.1245 -7.84344 21.431 -17.1531
0 0 210 -28.8077 -1.18824 -67.0539 -72.7039
0 0 211 -82.3898 18.7678 -77.3659 10.7929
0 0 212 -101.676 117.24 22.7591 43.3928
0 0 213 -86.0146 58.3554 20.7627 48.0466
0 0 214 -23.5099 -3.51804 -3.8541 55.3686
0 0 215 9.11333 111.922 30.4149 -51.087
0 0 216 -36.4756 102.937 -57.7402 -59.7353
0 0 217 -7.5236 -133.93 -39.1127 -49.0859
0 0 218 -16.1674 -50.0949 1.13696 34.0774
0 0 219 -15.1915 29.0801 14.1137 -19.1465
0 0 220 -95.3554 82.9806 -38.4443 -29.4624
0 0 221 -13.5185 -129.919 -69.7187 8.13253
0 0 222 -79.3691 111.253 -2.51737 -24.8008
0 0 223 3.44376 55.7009 -13.4977 -59.7353
0 0 224 -85.6893 99.2796 9.12265 -56.7414
0 0 225 -93.3571 38.7335 -96.6618 21.4346
0 0 226 -42.7957 5.80117 6.12801 73.9993
0 0 227 -11.1949 57.6965 60.3526 -22.4739
0 0 228 -55.1108 65.0106 -187.482 -34.1162
0 0 229 12.7846 21.0976 -33.1234 73.6657
0 0 230 -131.278 126.225 -52.4193 -14.4927
0 0 231 -20.1639 29.4143 96.6094 44.0598
0 0 232 -13.1932 -93.0053 16.1101 33.0769
0 0 233 -22.8128 99.6138 -29.1306 -0.515777
0 0 234 -52.7872 -116.618 42.3848 -97.9895
0 0 235 -0.55282 -52.4247 20.7627 -25.8014
0 0 236 72.9657 -79.7044 30.0764 -28.4618
0 0 237 104.567 -165.191 -6.18037 -33.7827
0 0 238 15.4335 -42.7714 14.1137 73.3322
0 0 239 32.721 -34.7889 -8.1768 56.3691
0 0 240 -28.8077 -6.18203 10.4507 72.9987
0 0 241 -39.7751 67.3404 -75.3695 0.477033
0 0 242 28.3991 -113.296 -20.815 8.79957
0 0 243 -14.8197 -59.7388 39.7287 88.969
0 0 244 13.4352 -179.819 38.0621 74.6663
0 0 245 -30.1554 -22.4811 -48.4264 71.3388
0 0 246 74.3133 -57.0748 8.45428 8.13253
0 0 247 7.76564 -27.4749 -1.18931 5.47211
0 0 248 -35.1279 145.188 51.7072 57.6955
0 0 249 29.7468 -96.6623 -12.8293 0.477033
0 0 250 -85.364 51.3755 -108.97 -22.8075
0 0 251 -47.1176 66.3378 -162.865 -5.17733
0 0 252 -12.8679 55.3667 -73.3817 57.3619
0 0 253 -29.8301 72.3342 96.6094 -32.7899
0 0 254 66.3202 -70.3852 64.0156 17.7814
0 0 255 92.6233 -13.8303 -28.4709 -31.4558
0 0 256 70.9674 -41.4441 1.47548 -3.18395
0 0 257 -7.8489 -66.7282 21.431 -6.83718
0 0 258 -82.7151 30.751 13.7839 5.13859
0 0 259 61.9983 -10.8416 98.276 -3.50972
0 0 260 40.3889 -34.7889 71.333 -77.0319
0 0 261 63.0207 -34.7889 16.7698 26.0962
0 0 262 48.7073 -28.1337 5.45965 68.0114
0 0 263 -7.8489 -45.4353 -24.478 -32.4563
0 0 264 -34.4773 -34.1205 -34.1216 42.3922
0 0 265 55.3528 -34.1205 -46.1002 -8.17127
0 0 266 -0.55282 -62.0686 -37.1163 82.314
0 0 267 88.3014 -27.7995 -45.7703 -18.4794
0 0 268 -16.1674 -66.394 -62.7312 61.0229
0 0 269 -62.0816 85.635 23.0976 90.2953
0 0 270 5.44205 -83.0273 64.6753 43.0593
0 0 271 172.462 -71.3783 76.6539 -32.1228
0 0 272 114.883 -2.52501 60.6825 13.4534
0 0 273 58.6988 60.351 45.0496 53.0417
0 0 274 33.0463 -0.51985 41.0568 -37.1101
0 0 275 -64.4052 17.7748 -0.191101 23.4358
0 0 276 -6.17592 -49.7608 41.7251 -7.83775
0 0 277 6.78973 -86.0159 105.923 -25.1344
0 0 278 -59.1074 27.4187 84.9694 14.7875
0 0 279 -39.7751 14.7766 28.4185 -46.4255
0 0 280 -103.674 51.0413 -14.8258 30.0829
0 0 281 -56.7373 -29.1363 -5.18216 89.3025
0 0 282 -33.1296 11.4538 3.80175 40.3988
0 0 283 72.6404 -24.1425 0.138743 -65.0562
0 0 284 -45.4446 39.0677 -7.17858 4.13802
0 0 285 -0.878123 -11.1663 -7.17858 45.0526
0 0 286 -48.4188 83.6394 -42.1073 7.46548
0 0 287 -117.29 92.6244 -6.51022 -6.83718
0 0 288 -9.52189 -38.1118 -46.7685 78.9866
0 0 289 93.2739 -107.309 77.3222 -11.8323
0 0 290 34.394 -67.0624 -7.50843 11.7935
0 0 291 41.6901 -94.6667 77.3222 5.13859
0 0 292 7.44034 -113.964 -12.1696 76.9932
0 0 293 9.11333 -36.1161 55.0317 -65.0562
0 0 294 -17.1897 -26.8065 62.0192 -93.6615
0 0 295 27.4232 -34.1205 19.7645 53.3752
0 0 296 -82.018 121.9 -3.51558 57.3619
0 0 297 -48.0935 65.3448 -47.7667 -25.4679
0 0 298 27.7485 -20.8197 106.262 -5.84437
0 0 299 87.279 -122.949 -8.84516 -30.1294
0 0 300 15.7588 17.7748 86.636 -13.8256
0 0 301 22.079 -4.84526 91.9569 4.13802
0 0 302 2.14255 11.1196 18.4364 1.81112
0 0 303 14.7829 36.7379 -3.18574 -25.4679
0 0 304 -37.1262 90.2946 55.3616 14.1204
0 0 305 -35.7785 23.4274 124.889 11.7935
0 0 306 -34.4773 103.605 12.4471 -92.3352
0 0 307 11.7622 24.0958 3.13338 -14.1592
0 0 308 0.144257 -76.0378 44.7198 -77.0319
0 0 309 19.4301 -112.303 140.861 -2.51691
0 0 310 -16.4927 -51.4222 -6.18037 -10.1646
0 0 311 -48.7906 -52.4247 28.08 70.6718
0 0 312 -2.87641 23.4274 22.4292 -23.4745
0 0 313 -38.4739 27.7529 -60.405 -102.318
0 0 314 -13.8438 21.766 66.0034 -24.4673
0 0 315 -147.218 170.472 -65.396 37.4049
0 0 316 -36.8009 -24.1425 -14.1661 -18.813
0 0 317 1.77077 41.7221 46.0478 57.3619
0 0 318 4.14084 -77.3746 27.4203 -94.3286
0 0 319 -7.5236 -68.0554 -11.1714 -69.0507
0 0 320 -24.4858 49.0457 3.46322 -83.0198
0 0 321 -48.4188 -32.7933 -30.1288 -90.6676
0 0 322 -58.7356 40.0607 -60.405 -56.0743
0 0 323 9.11333 65.3448 51.0389 -32.7899
0 0 324 -50.0918 153.171 -83.0253 21.4346
0 0 325 -133.602 107.262 -73.0432 -17.4866
0 0 326 40.0636 -63.73 29.4167 16.7808
0 0 327 -33.7802 -8.51183 34.7376 12.7863
0 0 328 -11.5202 -91.6781 48.0442 18.1072
0 0 329 -41.1228 -4.18642 -23.15 4.13802
0 0 330 -12.4961 3.13717 -48.4264 41.0659
0 0 331 25.4249 -23.4741 -8.1768 -25.4679
0 0 332 -10.1725 82.9806 -6.51022 -81.0265
0 0 333 59.6747 -34.1205 19.7645 -37.1101
0 0 334 -0.878123 28.7554 -2.51737 32.4176
0 0 335 -14.4944 31.0757 -49.7545 -26.1349
0 0 336 14.7829 -11.8347 20.103 -83.0198
0 0 337 -51.7648 22.4344 -90.6725 -3.84324
0 0 338 -35.4532 34.4081 -5.512 85.6415
0 0 339 65.019 -109.295 7.12623 34.0774
0 0 340 17.7571 9.124 -21.8132 -51.087
0 0 341 109.585 -168.848 15.4418 -34.1162
0 0 342 28.3991 -14.4987 -0.191101 14.4539
0 0 343 -63.7545 69.0018 -76.0378 57.3619
0 0 344 -50.7889 110.585 -45.102 46.3867
0 0 345 113.257 -116.618 66.3419 -22.1404
0 0 346 28.0738 30.4168 -59.7366 -89.3412
0 0 347 -95.6807 118.567 -110.307 28.4231
0 0 348 114.558 -107.977 129.88 12.7863
