0 0 0 0.999984
0 0 1 0.929176
0 0 2 0.809975
0 0 3 0.62463
0 0 4 0.467952
0 0 5 0.343649
0 0 6 0.230181
0 0 7 0.143032
0 0 8 0.108097
0 0 9 0.0945252
0 0 10 0.0725475
0 0 11 0.0663931
0 0 12 0.0918691
0 0 13 0.111401
0 0 14 0.124876
0 0 15 0.120001
0 0 16 0.104291
0 0 17 0.117021
0 0 18 0.123176
0 0 19 0.115742
0 0 20 0.119353
0 0 21 0.127743
0 0 22 0.164054
0 0 23 0.145785
0 0 24 0.1063
0 0 25 0.0944118
0 0 26 0.110235
0 0 27 0.0965497
0 0 28 0.076062
0 0 29 0.0601253
0 0 30 0.0724341
0 0 31 0.0651136
0 0 32 0.0539709
0 0 33 0.0568375
0 0 34 0.0432493
0 0 35 0.0550236
0 0 36 0.0576797
0 0 37 0.0336937
0 0 38 0.0243488
0 0 39 0.0285921
0 0 40 0.0287054
0 0 41 0.0115055
0 0 42 0.00259781
0 0 43 0.00642002
0 0 44 0.0153277
0 0 45 0.0383581
0 0 46 0.0515253
0 0 47 0.0642714
0 0 48 0.0437837
0 0 49 0.0456948
0 0 50 0.0801919
0 0 51 0.0687253
0 0 52 0.0244621
0 0 53 0.0449498
0 0 54 0.0755113
0 0 55 0.063737
0 0 56 0.0448365
0 0 57 0.0362365
0 0 58 0.0411276
0 0 59 0.0565136
0 0 60 0.0418726
0 0 61 0.0346493
0 0 62 0.0314587
0 0 63 0.038261
0 0 64 0.0684013
0 0 65 0.104502
0 0 66 0.0912212
0 0 67 0.0601253
0 0 68 0.0283815
0 0 69 0.0181944
0 0 70 0.0445287
0 0 71 0.0504726
0 0 72 0.0347627
0 0 73 0.0152305
0 0 74 0.0219194
0 0 75 0.022551
0 0 76 0.018826
0 0 77 0.0340177
0 0 78 0.0485615
0 0 79 0.0328516
0 0 80 0.00397445
0 0 81 0.0143722
0 0 82 0.0265838
0 0 83 0.0370949
0 0 84 0.0277499
0 0 85 0.0264704
0 0 86 0.00905993
0 0 87 0.00705165
0 0 88 0.0158622
0 0 89 0.0400587
0 0 90 0.0346493
0 0 91 0.0235066
0 0 92 0.0391031
0 0 93 0.0282843
0 0 94 0.0272154
0 0 95 0.00471946
0 0 96 0.021806
0 0 97 0.0513148
0 0 98 0.0639475
0 0 99 0.0422937
0 0 100 0.0307299
0 0 101 0.0242516
0 0 102 0.022551
0 0 103 0.0221299
0 0 104 0.0226482
0 0 105 0.0257254
0 0 106 0.0447393
0 0 107 0.0532259
0 0 108 0.0349732
0 0 109 0.018826
0 0 110 0.0115055
0 0 111 -0.000803309
0 0 112 0.00450891
0 0 113 0.011295
0 0 114 0.0175627
0 0 115 0.00429837
0 0 116 -0.0151366
0 0 117 3.88723e-05
0 0 118 0.00322945
0 0 119 -5.83026e-05
0 0 120 0.00514055
0 0 121 -0.0043016
0 0 122 -0.0328386
0 0 123 -0.0317859
0 0 124 -0.0270081
0 0 125 -0.022862
0 0 126 0.0131089
0 0 127 0.0129955
0 0 128 -0.0073788
0 0 129 -0.0371953
0 0 130 -0.021291
0 0 131 0.0190527
0 0 132 0.00588556
0 0 133 0.00651719
0 0 134 0.0409171
0 0 135 0.0612914
0 0 136 0.0415487
0 0 137 0.00514055
0 0 138 -0.0132255
0 0 139 -0.0260688
0 0 140 -0.032952
0 0 141 -0.021291
0 0 142 -0.00716826
0 0 143 0.000573334
0 0 144 -0.00632608
0 0 145 -0.0245787
0 0 146 -0.00642325
0 0 147 -0.0161893
0 0 148 -0.0428476
0 0 149 -0.0394303
0 0 150 -0.00940328
0 0 151 -0.0182138
0 0 152 -0.0380537
0 0 153 -0.0457952
0 0 154 -0.0270081
0 0 155 -0.0107799
0 0 156 -0.00525715
0 0 157 0.0125744
0 0 158 0.0161861
0 0 159 -0.00303833
0 0 160 -0.0143916
0 0 161 -0.022781
0 0 162 -0.0158816
0 0 163 0.00959439
0 0 164 0.00928667
0 0 165 0.0115055
0 0 166 -0.00611553
0 0 167 -0.0195742
0 0 168 -0.0377459
0 0 169 -0.0338104
0 0 170 -0.0341181
0 0 171 -0.0155577
0 0 172 -0.0158816
0 0 173 -0.0106827
0 0 174 0.00546447
0 0 175 0.0388926
0 0 176 0.0415487
0 0 177 0.0273288
0 0 178 -0.00166169
0 0 179 -0.0185377
0 0 180 0.0018528
0 0 181 0.0123639
0 0 182 0.0011078
0 0 183 0.00429837
0 0 184 -0.00154832
0 0 185 -0.00749218
0 0 186 0.0134166
0 0 187 0.0187288
0 0 188 0.00481663
0 0 189 -0.0203354
0 0 190 -0.0518525
0 0 191 -0.0613918
0 0 192 -0.0554479
0 0 193 -0.0486619
0 0 194 -0.00483606
0 0 195 0.0231827
0 0 196 -0.00494943
0 0 197 -0.0165132
0 0 198 -0.0369847
0 0 199 -0.0495203
0 0 200 -0.049083
0 0 201 -0.0455847
0 0 202 -0.0343448
0 0 203 -0.0223599
0 0 204 -0.0238337
0 0 205 -0.0257448
0 0 206 -0.0449693
0 0 207 -0.0447263
0 0 208 -0.0588491
0 0 209 -0.0410337
0 0 210 -0.0245787
0 0 211 -0.0120594
0 0 212 0.0204294
0 0 213 0.0214821
0 0 214 0.00439554
0 0 215 -0.00940328
0 0 216 -0.0218255
0 0 217 -0.0107799
0 0 218 0.00663056
0 0 219 -0.00823718
0 0 220 -0.0211776
0 0 221 0.00768329
0 0 222 0.0273288
0 0 223 0.0259522
0 0 224 -0.00324888
0 0 225 -0.00196941
0 0 226 0.00663056
0 0 227 0.00875221
0 0 228 -0.00558107
0 0 229 0.012785
0 0 230 0.0248832
0 0 231 -0.00143495
0 0 232 0.0018528
0 0 233 -0.00919273
0 0 234 -0.00569444
0 0 235 0.0091733
0 0 236 0.0200083
0 0 237 0.00216052
0 0 238 -0.00898219
0 0 239 0.00693828
0 0 240 0.000686704
0 0 241 0.0018528
0 0 242 0.00173943
0 0 243 -0.0012244
0 0 244 -0.00716826
0 0 245 0.00714883
0 0 246 0.00439554
0 0 247 -0.0168372
0 0 248 -0.0221332
0 0 249 0.00089725
0 0 250 0.011295
0 0 251 0.00884939
0 0 252 -0.012691
0 0 253 -0.0164161
0 0 254 -0.000479393
0 0 255 -0.00982437
