0 0 0 -8.89518 -10.2039 -18.9661 -2.3644
0 0 1 6.34993 -27.7844 -16.2041 -9.52242
0 0 2 0.345493 -20.776 -29.1379 0.649452
0 0 3 -7.63886 16.6703 18.9317 2.4324
0 0 4 0.271592 -14.1716 18.8057 10.9464
0 0 5 -7.81438 -16.2558 52.7859 17.325
0 0 6 -14.8473 19.0308 -9.59941 9.18885
0 0 7 12.0249 9.71204 -8.24303 -19.7442
0 0 8 -7.3371 -12.1375 -3.9239 -12.7874
0 0 9 7.20286 -28.0607 -45.0344 11.7251
0 0 10 12.5268 1.19914 -20.4976 10.5694
0 0 11 4.66561 20.0855 -2.94353 7.20469
0 0 12 10.6423 34.9037 -25.4211 9.28861
0 0 13 -18.5639 32.8948 -33.0062 2.35716
0 0 14 0.47174 25.9617 18.2033 17.7266
0 0 15 25.4102 24.6307 33.5979 -5.50338
0 0 16 17.1979 -0.307569 26.4144 -1.33471
0 0 17 -0.33193 21.1402 8.15748 -4.95133
0 0 18 11.3721 6.59818 -13.5425 7.53102
0 0 19 18.8053 -23.4127 -0.632376 -1.61115
0 0 20 9.83866 -41.0184 10.1655 2.58288
0 0 21 -3.19558 -31.8526 33.4975 2.75873
0 0 22 -3.97462 22.3204 34.2003 9.91674
0 0 23 -14.5455 13.7824 16.595 12.152
0 0 24 -5.88064 16.8963 26.314 -1.91211
0 0 25 -24.9686 -0.558687 21.7448 -16.404
0 0 26 -25.5228 -19.1437 -5.70549 -8.39212
0 0 27 -18.8656 -59.3774 -40.8669 3.73855
0 0 28 -16.6301 -1.81428 -31.5986 12.3278
0 0 29 -3.17095 -6.83664 28.1743 6.19951
0 0 30 3.63715 -37.8543 51.8056 -0.380247
0 0 31 11.1442 -57.0671 4.96833 19.0082
0 0 32 -7.3371 -18.8424 1.55278 2.25656
0 0 33 1.5279 6.6484 12.8034 1.80512
0 0 34 3.51091 3.53454 48.0396 7.10409
0 0 35 -6.30865 12.4515 70.3144 18.1789
0 0 36 -9.27084 23.8523 26.9676 -3.1929
0 0 37 -12.2115 48.9664 -26.9527 1.52867
0 0 38 -2.36728 49.3453 -1.08516 -15.7006
0 0 39 -18.9919 22.4962 -19.3184 -7.83922
0 0 40 -8.16849 4.96591 -4.8767 -15.5248
0 0 41 -15.7002 -8.97342 -9.97541 3.51283
0 0 42 -10.0499 -0.533575 34.7534 0.448246
0 0 43 -0.532078 14.9376 20.5637 -0.656693
0 0 44 0.246959 21.7931 -23.0096 8.00783
0 0 45 -6.45953 6.8493 0.546823 6.57656
0 0 46 -3.67286 -5.93261 -12.7138 2.65897
0 0 47 -18.6162 -39.587 1.978 0.222524
0 0 48 9.5369 -4.52635 -20.9248 8.73656
0 0 49 5.97119 -6.91197 7.42909 2.4324
0 0 50 -24.7931 2.37939 18.8313 -10.728
0 0 51 -32.4264 18.9304 13.2798 -6.93549
0 0 52 -0.507444 -4.87792 -11.5582 7.43042
0 0 53 1.32468 16.7205 -15.5761 2.25656
0 0 54 0.47174 15.6909 -27.1535 -9.74814
0 0 55 0.724234 43.4166 3.88756 -0.857899
0 0 56 0.0714446 0.521121 33.5723 22.0474
0 0 57 -6.05616 12.4013 -3.67191 0.925898
0 0 58 1.12453 22.7474 -31.449 -0.0539222
0 0 59 14.1341 51.9569 -35.7938 6.07439
0 0 60 23.7535 23.3751 -20.976 -1.53591
0 0 61 23.9044 29.4773 19.3077 -14.6456
0 0 62 9.33675 19.5833 22.2961 -12.4855
0 0 63 -1.41273 -26.0517 3.43478 -7.43766
0 0 64 -0.732226 -48.052 -3.57151 -13.0883
0 0 65 6.0728 -2.39185 -5.90629 -13.9675
0 0 66 -12.8889 22.4962 13.1558 -2.51489
0 0 67 -8.49488 23.6263 -12.3358 5.27042
0 0 68 -10.5272 -9.75189 -18.8913 -2.21392
0 0 69 -7.6635 -9.87745 -25.1948 -13.063
0 0 70 1.30004 -0.809805 -14.9225 -24.8174
0 0 71 -9.80046 -15.8038 -18.0625 -8.76832
0 0 72 -16.6055 1.27447 6.67511 0.272403
0 0 73 14.1588 34.4266 20.6385 1.98011
0 0 74 14.1834 49.7471 14.4866 -3.44398
0 0 75 -0.205683 18.5788 20.8905 -1.91211
0 0 76 -6.73666 20.638 22.3965 -2.41428
0 0 77 -7.1893 -2.24118 -3.9987 0.850657
0 0 78 4.59171 8.33089 -25.2952 2.18132
0 0 79 -6.78593 19.4075 -8.26862 17.024
0 0 80 -17.0828 -14.7743 48.2404 3.53734
0 0 81 -8.24239 -22.7347 23.9792 4.66764
0 0 82 4.76722 -10.7564 15.6914 3.43759
0 0 83 16.0432 18.7797 6.22233 19.8375
0 0 84 -3.1186 26.1877 -1.86276 6.19951
0 0 85 -16.5562 2.1785 15.591 -0.93314
0 0 86 -13.5171 10.0134 2.98397 -6.86025
0 0 87 -1.56361 28.8997 39.3246 -1.1335
0 0 88 -6.61041 34.7782 41.2321 -11.5066
0 0 89 4.61634 -1.56316 48.892 -12.7113
0 0 90 7.90492 -1.81428 35.6078 -4.14736
0 0 91 -5.10469 5.89505 21.8452 4.56704
0 0 92 2.18069 18.7546 32.4679 9.99198
0 0 93 5.29376 21.542 34.7022 -7.83922
0 0 94 12.6038 -14.8998 40.1022 6.07439
0 0 95 21.1917 22.3707 44.4233 5.97379
0 0 96 27.6457 -16.2056 12.5278 7.5809
0 0 97 21.5427 -26.1522 -13.3161 8.03319
0 0 98 19.0331 -4.50124 -37.099 -3.79567
0 0 99 -4.82756 -13.2675 10.1655 1.62927
0 0 100 -3.22022 -56.138 -20.0212 -0.179042
0 0 101 -6.4349 -54.2797 -26.7775 -4.34856
0 0 102 1.57717 -32.2292 -21.3264 0.674814
0 0 103 15.3904 23.576 9.99026 8.53536
0 0 104 17.6013 2.85652 9.74024 14.186
0 0 105 -4.02389 7.20086 45.5769 -11.9335
0 0 106 2.02981 8.05466 51.7819 -10.8277
0 0 107 1.47556 11.5452 27.7471 6.27475
0 0 108 13.4567 -0.332681 -0.809551 19.1079
0 0 109 4.94273 -19.6962 -45.3376 12.4538
0 0 110 7.20286 -50.8394 -2.76832 20.3642
0 0 111 9.48763 -45.4906 14.461 14.5132
0 0 112 11.3967 -28.2113 -33.5082 -11.7577
0 0 113 27.0698 1.29959 -48.3496 -18.6139
0 0 114 19.2333 5.92016 -27.0039 2.38252
0 0 115 13.6815 -38.5825 -40.8905 0.523487
0 0 116 2.00518 -27.1818 -36.5458 1.88036
0 0 117 -2.69367 -23.4378 -31.4234 -1.00838
0 0 118 -2.18869 -18.3652 -25.5471 -2.94181
0 0 119 -8.11614 -10.5555 14.7366 -2.3644
0 0 120 -2.54279 -0.558687 12.6774 -4.72477
0 0 121 10.4422 -7.36627 -12.5366 2.18132
0 0 122 12.4005 -30.2203 -28.8367 -0.857899
0 0 123 -8.24239 6.29684 22.2724 -8.26615
0 0 124 -4.55043 -23.1616 11.8998 -3.16838
0 0 125 1.75269 -29.9441 6.27352 -11.8828
0 0 126 12.5514 35.406 18.7053 7.27994
0 0 127 18.6051 40.3781 31.7395 7.65614
0 0 128 -2.06552 46.3045 27.1684 15.5928
0 0 129 3.20915 20.3617 28.0976 1.55319
0 0 130 4.51473 -29.9943 24.7076 12.0514
0 0 131 -21.3782 -4.40079 -4.75268 -1.8876
0 0 132 -16.8826 14.6613 -29.0119 -5.80519
0 0 133 6.77486 63.2321 -12.4126 -17.9612
0 0 134 -1.2095 41.4077 -14.0701 -14.9465
0 0 135 3.40929 35.4813 -4.75268 -22.381
0 0 136 6.04817 50.9022 48.2896 -25.8218
0 0 137 7.07662 31.6141 23.2508 -20.3478
0 0 138 -1.86229 -1.33715 1.14922 -12.5109
0 0 139 -14.0929 -8.42097 -9.02063 -12.5862
0 0 140 1.05063 -11.5348 -1.38635 0.975777
0 0 141 18.4543 18.3026 29.1271 8.53536
0 0 142 3.13525 12.2506 37.667 5.92391
0 0 143 -10.9552 47.9117 39.4249 15.6426
0 0 144 3.73569 43.9189 26.7924 8.18367
0 0 145 6.57471 31.0365 25.31 2.08072
0 0 146 -12.387 36.9629 7.8051 -5.3529
0 0 147 -19.1674 17.1474 11.2718 -8.84441
0 0 148 -24.8423 -14.1465 23.7528 11.7504
0 0 149 -18.1882 -34.0122 32.9699 16.2209
0 0 150 -14.5209 -21.454 39.675 19.8874
0 0 151 -12.6887 35.7073 0.0448267 -4.90061
0 0 152 5.94655 59.0385 7.0019 -13.1636
0 0 153 6.8272 47.987 25.0088 0.875174
0 0 154 1.05063 47.5852 27.7964 9.61578
0 0 155 -14.2961 3.48431 4.51555 -0.204404
0 0 156 -18.0866 -24.1912 11.4726 8.93692
0 0 157 -10.9798 -41.5457 7.2027 5.94843
0 0 158 -16.0543 -68.1939 -26.8267 7.60626
0 0 159 -14.4223 -45.1641 5.49591 7.65614
0 0 160 -1.76376 -31.4508 -18.3381 -6.86025
0 0 161 -26.0001 -11.9115 -26.9035 -4.02224
0 0 162 3.53554 24.6056 -26.7519 -7.01073
0 0 163 8.43454 6.67351 -40.0617 -18.2368
0 0 164 12.0249 6.92463 3.46037 3.23638
0 0 165 -13.3169 27.0666 17.2741 4.99397
0 0 166 16.2434 -24.0656 15.9433 17.6023
0 0 167 8.3083 -25.3463 29.8063 5.47162
0 0 168 0.0437318 -32.9073 21.8689 -16.2527
0 0 169 4.44082 7.97933 8.23229 -0.204404
0 0 170 -2.66596 -9.95278 11.0198 4.03951
0 0 171 2.88275 20.3617 12.7778 -7.53826
0 0 172 0.899749 58.5111 10.6182 -14.8468
0 0 173 -0.784572 35.2051 -18.7909 2.91006
0 0 174 -7.96526 -18.1141 -20.7496 -7.68874
0 0 175 12.7516 -11.359 -5.45548 0.900536
0 0 176 -1.91464 24.2289 -29.2127 12.529
0 0 177 -1.462 9.18469 -33.3822 4.91873
0 0 178 -11.106 21.1653 32.2159 -2.01272
0 0 179 -9.39709 5.29236 45.0512 -2.99254
0 0 180 -0.0794361 6.49773 12.3762 0.0720426
0 0 181 13.155 -49.2573 3.73794 1.07638
0 0 182 8.10815 -24.0154 -25.6967 1.12626
0 0 183 -4.22404 44.0696 6.3247 5.92391
0 0 184 6.42383 17.5743 -11.6842 4.24072
0 0 185 -4.09779 -0.332681 -7.86506 6.35084
0 0 186 1.1738 -59.0007 -5.73108 12.0767
0 0 187 1.45092 0.79735 1.14922 13.8098
0 0 188 7.02735 -11.9115 7.98227 10.1179
0 0 189 10.1404 -6.43485 -19.4937 -2.89193
0 0 190 8.81021 -9.777 -4.14832 1.62927
0 0 191 1.50327 -21.1526 -0.90995 3.78843
0 0 192 5.21986 -30.597 35.7318 -9.47169
0 0 193 15.3412 1.90227 -19.8952 -18.4634
0 0 194 16.6221 4.5139 -26.2243 -11.4559
0 0 195 6.19905 -1.56316 30.2827 -14.4951
0 0 196 8.08044 -15.2514 22.4732 3.63795
0 0 197 14.6114 3.50943 1.04882 13.4328
0 0 198 2.88275 -20.2486 2.53118 -0.103801
0 0 199 5.34303 -12.012 -6.71145 -5.90579
0 0 200 3.98818 21.3913 8.23229 2.73421
0 0 201 8.76094 -10.455 35.029 2.3318
0 0 202 13.5306 23.2245 21.4929 -11.6816
0 0 203 3.71106 -9.27477 -42.5737 -23.0336
0 0 204 14.2111 -25.9764 -22.7832 -6.10615
0 0 205 0.222325 -8.62186 8.75987 3.18566
0 0 206 -7.3371 -0.659134 11.071 -1.40995
0 0 207 -4.92609 17.8757 -6.20749 1.4027
0 0 208 5.34303 11.1685 8.23229 9.43994
0 0 209 23.4025 -17.7877 -21.2516 14.1615
0 0 210 24.2555 -19.4199 -4.95348 1.55319
0 0 211 31.7903 5.81971 -18.6905 4.86885
0 0 212 21.4164 -5.43038 -41.9221 10.3183
0 0 213 10.2913 -21.4038 -17.3341 -2.81669
0 0 214 5.82031 -37.126 -19.5448 -2.2638
0 0 215 9.28748 40.353 -13.391 -9.14537
0 0 216 0.0960781 49.7973 -29.4135 -12.7113
0 0 217 -3.64823 24.6307 -7.99105 5.39638
0 0 218 -2.51508 -8.87298 -29.1891 1.00114
0 0 219 -6.65968 23.2245 -22.5076 3.66331
0 0 220 2.07908 18.6039 -5.42988 -2.96718
0 0 221 4.26531 4.46367 -27.4547 -7.03609
0 0 222 -7.71584 14.0336 30.3339 -2.99254
0 0 223 -6.88754 -25.1454 31.4383 9.91674
0 0 224 -10.7796 -48.0268 -7.74104 5.19518
0 0 225 0.345493 -53.0743 -15.8025 3.00981
0 0 226 -2.06552 -28.8643 10.7442 1.12626
0 0 227 -4.9538 15.1636 1.92879 7.6815
0 0 228 -5.00307 29.176 -6.73507 10.4189
0 0 229 -4.80292 34.7029 18.7545 -0.103801
0 0 230 -0.458177 34.9289 22.5972 -13.9929
0 0 231 12.0495 44.622 0.94842 -18.2368
0 0 232 38.5953 13.9331 0.346024 -0.907778
0 0 233 54.5948 -21.7804 47.7876 19.184
0 0 234 76.5433 34.6024 19.6601 8.98765
0 0 235 82.4708 25.133 -13.6666 9.79162
0 0 236 96.1331 13.6067 -34.6382 6.72704
0 0 237 119.489 -3.52188 -26.3759 6.19951
0 0 238 151.713 -2.51741 -2.54193 6.27475
0 0 239 157.286 -17.0845 32.4935 12.6043
0 0 240 169.369 -13.2675 36.3106 15.0154
0 0 241 145.08 -8.34563 2.0036 13.1563
0 0 242 126.02 67.855 -26.0983 -3.41947
0 0 243 77.9751 38.1683 -18.8164 -3.11766
0 0 244 37.4406 6.52284 -5.90629 -8.06579
0 0 245 10.1928 -22.132 -16.4797 -12.0087
0 0 246 1.50327 -16.3061 30.5091 -17.2578
0 0 247 14.1341 23.9025 34.8026 -20.6225
0 0 248 10.5192 -27.5584 39.9014 -28.2075
0 0 249 13.4567 -23.7894 2.33039 -15.1984
0 0 250 -5.80674 -2.76853 -16.3045 -9.6729
0 0 251 -0.282663 -0.558687 30.1567 -2.69073
0 0 252 4.81649 -24.9696 5.97232 8.30963
0 0 253 21.8198 -40.2148 -6.83547 21.6957
0 0 254 9.28748 -24.5427 -4.0991 19.2339
0 0 255 -9.64958 5.54348 4.21435 3.78843
0 0 256 -2.81684 -16.1805 -8.84543 -10.979
0 0 257 0.949016 5.92016 -25.8975 -0.279644
0 0 258 8.65932 -1.53805 -13.2413 2.00548
0 0 259 -3.84837 9.36048 26.314 -7.91446
0 0 260 -4.90146 47.3341 44.9745 -5.30302
0 0 261 5.77104 58.5111 25.0836 12.9052
0 0 262 7.42765 25.9114 21.6444 20.7666
0 0 263 13.8847 -25.7504 9.08666 17.7266
0 0 264 -4.12242 -31.6768 1.72799 11.2483
0 0 265 2.07908 -22.7849 -22.0804 9.43994
0 0 266 -5.75748 -7.49183 1.978 11.5746
0 0 267 -10.7027 -26.0517 -12.0858 -6.28199
0 0 268 7.80639 -44.7874 18.7053 11.5746
0 0 269 7.05198 -14.0711 5.72034 12.6795
0 0 270 8.53308 2.1785 -28.7363 7.63162
0 0 271 -5.58196 4.28789 -26.2499 -6.80953
0 0 272 -3.39573 -12.6397 -58.6966 11.2483
0 0 273 -14.721 35.6069 -17.9877 7.95795
0 0 274 -8.56878 22.22 -0.809551 3.86451
0 0 275 13.0533 18.2272 -19.4188 -18.1869
0 0 276 6.59934 -11.6102 22.5736 -2.0626
0 0 277 -6.08387 -31.3503 34.9286 4.54253
0 0 278 8.76094 -2.04028 36.6374 -4.67489
0 0 279 7.20286 -4.57658 31.6647 -11.0036
0 0 280 4.28994 -22.6091 35.4306 -11.8075
0 0 281 5.97119 -40.7421 18.6305 -9.34657
0 0 282 -4.82756 -34.2382 13.0298 1.93023
0 0 283 -14.9735 -31.9279 -23.9132 -7.73862
0 0 284 -11.6326 -7.14026 3.68676 -2.54025
0 0 285 3.46164 18.2774 29.1035 9.41457
0 0 286 4.1637 32.4428 34.8026 2.30728
0 0 287 2.6826 46.7816 24.5068 -10.0246
0 0 288 -1.71141 27.3428 25.2352 0.649452
0 0 289 -12.8889 14.0587 20.9909 10.0926
0 0 290 1.50327 12.0497 11.6222 13.4581
0 0 291 -9.72348 0.0188845 5.19275 -1.40995
0 0 292 15.0394 -10.9824 -21.9308 -28.5093
0 0 293 9.58924 -22.4836 -22.4072 -12.084
0 0 294 16.1449 -2.96942 4.79115 11.2483
0 0 295 6.72559 -23.5383 14.9138 23.8802
0 0 296 -7.41408 -5.20437 -40.7901 5.37102
0 0 297 -13.166 -11.7357 17.9021 -22.206
0 0 298 -22.2312 -75.3485 12.8526 -19.2919
0 0 299 -3.445 -81.752 4.18876 -0.506212
0 0 300 -0.883106 -33.0328 -3.84712 -8.442
0 0 301 -5.88064 24.0783 -16.3045 1.20234
0 0 302 4.38848 -10.0532 9.53748 4.19084
0 0 303 11.5969 -9.95278 11.5986 11.7251
0 0 304 22.1462 0.445785 -44.8336 -2.31453
0 0 305 7.12896 -6.00795 -18.2633 -3.3941
0 0 306 -0.282663 -32.1037 -13.4658 -1.96284
0 0 307 -8.91981 -0.0815628 0.397208 -17.383
0 0 308 4.59171 -14.95 -15.4501 -12.2345
0 0 309 11.4737 28.1715 -2.66792 2.80945
0 0 310 27.0175 11.5703 -2.41594 20.5646
0 0 311 20.4896 -11.9617 11.699 -5.67922
0 0 312 10.5931 -34.5144 -21.98 -3.69507
0 0 313 5.7464 -67.1392 -28.3603 -13.1636
0 0 314 3.25841 -58.5236 3.03318 -20.0198
0 0 315 19.2087 -48.278 0.245625 -31.5223
0 0 316 16.9485 -12.7653 -15.9777 -23.8122
0 0 317 3.38466 -14.8747 20.1365 -5.83055
0 0 318 0.447107 -12.8909 16.7209 9.11277
0 0 319 -9.22157 34.8284 11.699 -5.65471
0 0 320 0.699601 12.778 18.2525 -4.54977
0 0 321 -8.39327 2.75607 8.98626 -5.22778
0 0 322 -3.89764 3.08252 -14.2945 -7.13585
0 0 323 0.822769 4.96591 -19.9208 -5.05194
0 0 324 -8.64576 -5.00348 8.86027 -3.34422
0 0 325 11.6215 22.8729 -14.8221 -11.8828
0 0 326 -0.10407 30.1051 3.98796 -5.67922
0 0 327 -19.9464 -16.4819 -18.0625 -18.0373
0 0 328 -3.19558 13.9582 4.11395 -15.3743
0 0 329 -7.31247 23.2245 46.6576 1.4027
0 0 330 3.36003 22.4962 35.0546 22.2486
0 0 331 3.68642 10.2896 -1.96316 20.3896
0 0 332 -15.9281 10.4905 -8.24303 -3.77115
0 0 333 -17.8618 10.4403 -12.3102 10.9211
0 0 334 -8.59342 -2.66808 15.2386 17.6522
0 0 335 -1.28648 -30.0947 -1.91394 13.3322
0 0 336 1.77732 -44.2578 -28.5099 8.35951
0 0 337 0.345493 -36.7494 -44.4832 12.8554
0 0 338 -1.18487 21.8935 -0.155972 -5.00121
0 0 339 9.74012 -14.8747 0.296809 -24.2146
0 0 340 -9.82509 -37.9798 15.8666 -6.33272
0 0 341 -12.7626 -10.6057 -0.583161 -2.61549
0 0 342 10.9195 17.1725 -46.2412 2.28192
0 0 343 17.1733 27.845 -26.2243 -10.9038
0 0 344 8.91182 21.6424 -31.2482 -15.3743
0 0 345 3.23378 -32.631 -54.6039 -7.43766
0 0 346 5.34303 -10.3043 -18.4385 8.15915
0 0 347 23.8274 -15.5025 11.699 13.7092
0 0 348 5.46928 -17.7626 -3.01833 17.2498
0 0 349 -7.16159 11.5452 -22.9092 16.0949
0 0 350 -5.70513 13.908 16.0674 -7.7141
0 0 351 -11.7835 -8.87298 10.8702 -5.90579
0 0 352 -9.97598 -38.0552 -2.91794 -1.91211
0 0 353 -1.16023 -37.9547 -7.28825 3.38686
0 0 354 2.7565 -19.219 4.54114 9.31397
0 0 355 -15.7525 4.13722 -3.8983 -0.129163
0 0 356 -5.78211 2.93185 -17.9365 -3.44398
0 0 357 3.36003 21.3662 20.6641 -3.41947
0 0 358 4.81649 -5.35504 32.8439 -15.901
0 0 359 8.23132 -10.7313 -5.45548 -8.24164
0 0 360 -14.0682 9.31025 26.8672 -1.73627
0 0 361 2.45474 11.5201 -27.7815 -6.83489
0 0 362 -6.48417 9.38559 -13.9678 -17.0068
0 0 363 -23.235 9.56137 -5.02829 -9.92398
0 0 364 -16.5562 -11.9868 6.4251 -4.80085
0 0 365 4.51473 -46.2439 -6.05787 10.6455
0 0 366 2.35621 -12.8658 12.0238 4.14011
0 0 367 0.822769 -32.5808 38.421 -8.5426
0 0 368 10.2913 -16.4819 27.1684 -6.03091
0 0 369 18.1525 -0.73447 -23.6376 -9.7735
0 0 370 10.3683 -40.8928 -47.572 -6.00639
0 0 371 5.79567 -16.1303 -16.4797 7.5809
0 0 372 1.50327 -23.6638 -25.6475 12.83
0 0 373 7.35375 -23.5132 1.0252 17.0494
0 0 374 10.2174 -1.73894 2.08037 1.00114
0 0 375 14.285 -25.0701 -2.49075 4.61777
0 0 376 -0.784572 -7.59228 0.523199 14.9401
0 0 377 -4.85219 19.8846 -28.8859 7.27994
0 0 378 -8.56878 -13.368 -4.17391 3.21102
0 0 379 -4.4519 -19.0935 -1.15996 -12.0333
0 0 380 0.671888 32.3926 8.96067 -19.2665
0 0 381 -0.658325 28.7993 -15.3753 -1.76163
0 0 382 -5.45571 45.7269 -14.3949 11.4993
0 0 383 -22.3821 40.3781 2.58237 4.91873
0 0 384 -5.70513 9.33536 31.2631 -11.3307
0 0 385 -0.682959 9.88782 -30.8959 -3.92163
0 0 386 9.5369 36.988 -25.2203 4.64228
0 0 387 9.71549 38.3692 -57.1414 1.0265
0 0 388 7.27677 60.495 -3.31953 -1.1335
0 0 389 8.45918 30.7603 12.3762 8.76192
0 0 390 0.422473 14.1089 36.3854 7.07873
0 0 391 15.4151 19.759 22.4969 3.66331
0 0 392 14.9132 -25.8257 -6.81185 -12.9632
0 0 393 12.1758 -15.9043 9.84064 2.15596
0 0 394 15.5413 -25.497 -21.73 9.66566
0 0 395 13.583 -11.4093 -3.24472 2.55837
0 0 396 12.1265 14.0084 13.0554 -5.30302
0 0 397 4.53936 36.0338 3.13358 -14.5703
0 0 398 -12.5132 18.7295 -1.98875 -12.5109
0 0 399 -9.74811 -18.5912 -36.0202 5.89855
0 0 400 -12.738 -17.1348 -24.114 -2.74145
0 0 401 9.68778 8.05466 -15.7277 -14.7715
0 0 402 14.4359 38.0929 -23.2616 -13.1137
0 0 403 7.02735 0.345338 13.457 -0.380247
0 0 404 2.27923 -23.0109 -6.76067 -2.71609
0 0 405 11.6985 -23.7392 6.95072 -9.87411
0 0 406 7.42765 22.2953 21.5933 3.81379
0 0 407 16.0925 22.3958 5.29315 15.1912
0 0 408 4.44082 -16.1554 -23.488 13.8098
0 0 409 -15.0751 -7.96895 24.5068 16.1955
0 0 410 -16.1036 -10.4299 22.7744 6.175
0 0 411 0.573354 -21.9813 11.447 -4.77549
0 0 412 16.8223 -5.00348 4.74194 -1.63567
0 0 413 17.9277 1.60093 -10.6034 3.83915
0 0 414 5.62016 -3.3461 -0.181564 -6.25748
0 0 415 -6.65968 -38.005 -19.972 -5.02657
0 0 416 -5.88064 -4.70213 -11.2058 6.50132
0 0 417 0.397839 -18.9679 22.3216 6.07439
0 0 418 12.1265 -21.1024 -13.2157 0.750055
0 0 419 9.33675 -37.6032 -9.97541 8.98765
0 0 420 -6.63505 -34.6149 -2.54193 14.6637
0 0 421 6.67632 0.37045 -1.53794 7.88271
0 0 422 27.193 13.6569 17.7249 11.5991
0 0 423 35.3313 -10.0281 4.31475 10.67
0 0 424 15.0394 -30.4212 0.0960106 -5.2523
0 0 425 -9.17231 -8.11962 6.27352 12.5037
0 0 426 -16.1036 -27.9351 17.5497 -8.76832
0 0 427 -15.5247 -5.02859 0.0192347 -22.4063
0 0 428 -4.15013 12.4766 -18.7653 -15.2982
0 0 429 2.22996 33.6482 -10.8042 -8.91965
0 0 430 6.77486 6.52284 -2.49075 -1.15886
0 0 431 -5.32947 9.00891 -16.4305 6.09975
0 0 432 -3.17095 -18.3401 -0.858766 21.6957
0 0 433 5.26913 -31.4508 -32.4018 15.3163
0 0 434 0.0714446 -33.5853 -39.5105 -4.14736
0 0 435 0.671888 7.77843 -10.503 -5.4535
0 0 436 -0.307297 25.1079 4.71634 3.28626
0 0 437 -15.149 12.3511 11.573 15.4169
0 0 438 -9.17231 23.4505 41.0825 10.0672
0 0 439 8.23132 14.586 49.4964 4.16548
0 0 440 15.566 -1.28693 30.1331 -4.95133
0 0 441 1.25078 -4.65191 18.0261 -3.11766
0 0 442 -2.66596 7.45198 9.33668 4.46728
0 0 443 2.53172 19.9097 2.22999 5.01933
0 0 444 -3.54661 -2.79364 -20.348 -7.31169
0 0 445 1.42629 -25.1705 -2.24073 -8.21627
0 0 446 11.874 -3.47166 9.06107 2.63361
0 0 447 9.31211 20.3617 -11.1566 10.5948
0 0 448 4.49009 5.09147 -53.6235 3.93975
0 0 449 -7.11232 -44.4359 -45.9636 13.0058
0 0 450 -7.11232 -42.048 -42.6248 13.0312
0 0 451 -5.52961 -26.8302 -20.9248 16.2209
0 0 452 -22.1049 16.821 -37.3253 3.48746
0 0 453 -27.8076 33.4724 -16.8065 4.79361
0 0 454 -10.7796 36.5611 -0.809551 3.88903
0 0 455 -7.61423 36.7871 -26.9271 -1.63567
0 0 456 -16.2545 30.8356 -35.7938 -18.7897
0 0 457 -14.1945 -4.80258 -27.1279 -20.3478
0 0 458 -15.0228 -7.79317 -9.44782 7.02885
0 0 459 -18.0373 27.1419 -17.3597 16.6478
0 0 460 4.992 39.9763 -7.74104 12.6542
0 0 461 -4.24867 19.2568 13.9334 0.975777
0 0 462 -1.48663 -8.47119 38.2438 5.16981
0 0 463 4.992 19.9097 44.3721 9.46445
0 0 464 1.67879 2.10316 30.4579 9.31397
0 0 465 1.22614 -10.003 15.5654 -0.279644
0 0 466 -5.30483 -13.7447 3.93874 -3.09229
0 0 467 -0.507444 8.85824 0.523199 5.77258
0 0 468 -2.94309 18.6039 -21.2772 7.63162
0 0 469 -2.91846 27.0666 -30.821 10.2684
0 0 470 -13.4154 -1.73894 -46.9696 2.03084
0 0 471 -26.3758 7.87888 -42.3473 -2.01272
0 0 472 -24.944 43.1153 -17.4345 -7.46302
0 0 473 -22.5822 38.7961 -1.66196 -12.0586
0 0 474 -14.4962 19.7339 9.13588 -3.31886
0 0 475 0.597987 4.13722 -2.61674 -0.405609
0 0 476 6.27295 -25.0199 -6.25867 -0.857899
0 0 477 6.39919 -7.34116 15.717 -13.3648
0 0 478 -6.88754 2.00272 11.3466 -2.28916
0 0 479 -17.8864 -14.0711 -11.257 -11.7069
0 0 480 -15.226 -2.34163 -24.2656 -16.53
0 0 481 5.89728 -5.00348 -26.5511 -17.4337
0 0 482 23.7782 -12.2882 -7.01265 -7.16121
0 0 483 10.242 1.82693 -8.56982 0.750055
0 0 484 -2.76758 -9.95278 -13.2157 -1.48519
