0 0 0 13.1992 11.9941 -5.54074 5.2402
0 0 1 19.2144 13.8282 -1.51881 -2.25707
0 0 2 18.8653 -0.0724872 3.44016 0.162982
0 0 3 13.7095 -1.98732 -4.29215 -0.422851
0 0 4 14.4506 2.38678 -8.89943 -9.13015
0 0 5 19.2896 -2.10325 -9.75858 -15.6528
0 0 6 16.2444 -2.02666 -9.71845 -5.30305
0 0 7 15.3099 3.79238 -5.54074 16.2908
0 0 8 19.4453 10.9383 6.44716 24.3757
0 0 9 30.4606 5.47122 12.3455 13.2448
0 0 10 27.9632 -0.697655 5.39447 -3.31192
0 0 11 15.036 -11.0461 -4.17413 -1.51606
0 0 12 23.1941 -18.5833 -4.72172 -11.5903
0 0 13 26.1641 -13.6233 14.3352 -10.2251
0 0 14 14.7621 -3.58751 20.2336 -8.4676
0 0 15 6.75441 0.31669 17.8898 -8.89651
0 0 16 16.0135 3.63712 7.89166 -9.67762
0 0 17 33.3876 -7.64903 -8.54775 -14.4811
0 0 18 30.5358 -12.5303 -0.61954 -10.7708
0 0 19 19.6011 -6.08611 2.30958 -2.45234
0 0 20 14.8803 -10.2263 12.735 4.38063
0 0 21 8.47303 -18.9352 16.3273 0.124624
0 0 22 11.9103 -26.0791 8.98683 -11.9809
0 0 23 12.689 -17.3723 10.7429 -13.8552
0 0 24 15.8148 -10.8515 15.1165 -6.12426
0 0 25 17.0661 -1.16757 10.0395 -1.98507
0 0 26 6.99072 8.4004 15.6641 5.74758
0 0 27 -0.662502 7.54132 19.2966 11.6826
0 0 28 3.36014 4.61213 8.20558 -7.72484
0 0 29 4.0637 -1.36216 6.64307 -21.0804
0 0 30 14.1015 -11.4766 8.0498 -23.7359
0 0 31 30.5036 -15.2649 -12.5697 -28.3441
0 0 32 27.1039 -6.71128 -16.9055 -16.8628
0 0 33 11.7975 9.41682 -3.70444 -5.30305
0 0 34 13.9404 2.23153 0.980735 7.19298
0 0 35 26.7871 -0.424403 1.83988 12.9328
0 0 36 22.0662 8.83098 6.48729 18.1268
0 0 37 7.22703 15.5091 6.68319 30.8582
0 0 38 -1.72053 9.22016 -2.53373 34.2947
0 0 39 2.93049 -5.18976 -3.54866 26.2099
0 0 40 3.51589 -15.0289 3.51805 12.659
0 0 41 -1.63997 -8.86003 12.5391 5.2402
0 0 42 -6.87101 6.52697 11.2905 13.5186
0 0 43 -6.79582 19.2953 13.0867 15.5097
0 0 44 -4.7657 16.3289 -2.0664 14.4165
0 0 45 -14.5672 3.16721 -11.2031 7.77882
0 0 46 -34.4011 5.31597 -17.6065 10.2773
0 0 47 -28.9392 9.61141 -26.434 13.2448
0 0 48 -11.4791 3.63712 -32.212 13.285
0 0 49 -3.43915 -8.00095 -35.2969 21.5633
0 0 50 1.44281 -14.795 -25.9266 19.22
0 0 51 3.67164 -6.9452 -6.82946 15.7835
0 0 52 8.31728 -2.96234 -2.41572 23.8282
0 0 53 5.42786 1.29377 3.1286 13.5186
0 0 54 -4.06214 14.1801 9.57219 -1.59452
0 0 55 -3.27802 17.7345 20.8969 -9.40388
0 0 56 12.4205 14.8839 27.652 -1.32078
0 0 57 25.9761 4.26229 21.2084 2.89687
0 0 58 7.33982 1.91894 20.7009 -4.52194
0 0 59 -2.10722 7.65931 9.33852 -22.1353
0 0 60 7.57613 1.91894 5.31423 -25.7671
0 0 61 16.5989 -17.4903 5.62814 -10.5372
0 0 62 10.0359 -25.7292 7.22842 3.40424
0 0 63 -6.09226 -26.0791 15.8978 8.87202
0 0 64 -14.3685 -23.8558 8.36136 3.40424
0 0 65 -14.4813 -9.44587 0.277369 -0.422851
0 0 66 -4.8033 1.84028 -10.6555 -2.49245
0 0 67 -11.7154 7.9719 -14.0921 10.3558
0 0 68 -14.6424 9.10424 -5.34484 8.44136
0 0 69 -5.23295 10.2759 -6.28187 0.241442
0 0 70 1.40521 9.53275 -5.46285 -4.05467
0 0 71 1.24946 4.0263 12.1496 -4.9125
0 0 72 3.16143 -19.8729 10.4691 -13.231
0 0 73 -5.7002 -14.6397 8.63515 -9.79444
0 0 74 -13.1547 -3.00167 7.73588 3.40424
0 0 75 -4.37364 -5.26635 -12.6476 1.10101
0 0 76 13.5107 10.1972 -16.7474 3.44435
0 0 77 1.64152 20.1937 -12.1802 10.4726
0 0 78 -1.63997 17.5399 -5.93019 7.58354
0 0 79 0.0786529 12.6958 7.5801 7.81717
0 0 80 -1.01697 15.7037 20.3493 27.2264
0 0 81 0.153843 2.03487 15.4304 36.0522
0 0 82 -15.7004 -4.75918 14.4533 18.4005
0 0 83 -18.8638 7.58065 11.602 9.88677
0 0 84 -7.06973 12.7352 0.473273 8.24783
0 0 85 0.937962 7.42539 -10.4619 -0.656487
0 0 86 -10.1901 4.65147 1.33242 -12.3331
0 0 87 -19.4492 -4.60392 13.6342 -2.92136
0 0 88 -15.3084 -10.071 8.71304 0.984195
0 0 89 9.45587 -11.2427 2.8548 -14.1289
0 0 90 19.7192 -18.7779 4.88465 -19.2846
0 0 91 14.4506 -25.2221 3.20649 -5.30305
0 0 92 11.5612 -23.8558 8.55726 0.162982
0 0 93 11.674 -11.5532 9.37628 3.17061
0 0 94 3.36014 -6.55602 -0.189968 3.56116
0 0 95 -11.9517 -5.73626 -2.53373 6.29505
0 0 96 -13.5897 -10.2656 11.7979 13.2448
0 0 97 -15.7004 -23.9717 14.3754 9.53631
0 0 98 -9.41135 -15.1469 5.43224 -2.96146
0 0 99 -8.51444 -5.07176 -5.42273 -10.1065
0 0 100 -13.434 -8.89937 -1.24502 -9.24871
0 0 101 -21.1248 -7.41511 11.4085 -2.64762
0 0 102 -4.84089 1.33311 -9.6028 -2.14025
0 0 103 7.57613 7.65931 -28.0744 0.905735
0 0 104 7.92522 8.87032 -25.4569 6.29505
0 0 105 6.32476 13.9069 -19.0912 4.57591
0 0 106 5.54601 20.9369 -18.5837 3.20897
0 0 107 3.7898 31.6372 -12.5319 3.44435
0 0 108 0.782213 27.8096 -6.08833 -0.578027
0 0 109 -5.4263 13.6336 -2.49597 -1.90661
0 0 110 -13.6703 -10.071 2.50312 -10.9661
0 0 111 -27.6072 -11.3586 4.57309 -22.6026
0 0 112 -27.2581 1.76162 6.60294 -11.0829
0 0 113 -10.7755 -3.31425 10.4691 4.57591
0 0 114 -7.65513 -4.68051 8.55726 -4.17149
0 0 115 -7.30067 -6.55602 11.6422 -13.1525
0 0 116 -13.9012 -1.01024 21.7159 -8.58442
0 0 117 -21.9465 6.87889 23.708 8.91038
0 0 118 -19.1753 2.93329 11.602 19.4554
0 0 119 -8.98169 4.33888 5.04279 11.2537
0 0 120 -4.1803 11.4083 8.83106 -0.734947
0 0 121 3.00568 9.1829 -6.59579 -6.20272
0 0 122 4.9982 2.89396 -14.9134 -10.185
0 0 123 -8.58963 3.83171 -6.44001 -0.344391
0 0 124 -11.9033 1.91894 -8.19607 16.0188
0 0 125 0.782213 -2.61249 -18.8575 9.3794
0 0 126 6.75441 -10.2263 -22.2941 1.41311
0 0 127 0.427747 -12.1784 -12.8836 2.70159
0 0 128 5.85751 -17.4116 -13.8584 -7.25583
0 0 129 4.02074 -23.3486 -7.84438 -16.4722
0 0 130 -8.74538 -17.5689 -0.61954 -12.3331
0 0 131 -15.2708 -6.2041 0.902846 -15.1053
0 0 132 -10.5768 3.59779 -1.55657 -15.3006
0 0 133 4.45039 2.93329 -4.56358 -5.88889
0 0 134 4.7243 -3.90009 2.73915 3.20897
0 0 135 -4.02455 -6.75061 5.66591 5.20185
0 0 136 -8.27276 -2.41583 -4.09625 7.46672
0 0 137 -12.8056 4.06563 -13.1173 9.65313
0 0 138 -6.67767 -7.14186 -14.8356 3.95172
0 0 139 0.153843 -14.8343 -21.5907 -3.93785
0 0 140 -13.8636 -1.94799 -14.3281 -9.83454
0 0 141 -17.5265 5.86247 -4.32991 -9.91126
0 0 142 -16.361 1.44903 3.3245 -1.74969
0 0 143 -21.866 -2.26058 14.6492 9.3794
0 0 144 -21.9787 -1.94799 18.3973 24.9999
0 0 145 -22.5695 1.02052 5.12068 32.7325
0 0 146 -10.8131 -6.2041 -8.42974 15.3545
0 0 147 -3.08468 1.68502 -13.273 -8.54431
0 0 148 -8.74538 3.32454 1.60621 -8.54431
0 0 149 -17.2579 -2.53383 31.1665 12.4637
0 0 150 -11.9033 -5.26635 37.1026 15.8236
0 0 151 -4.84089 -12.491 21.8339 15.3144
0 0 152 0.470713 -16.8651 -6.39989 21.9922
0 0 153 -7.26307 -9.09395 -5.07104 19.1415
0 0 154 -13.7831 -2.14258 -4.79961 13.8708
0 0 155 -9.80341 -3.08033 -6.16622 16.2525
0 0 156 -0.587312 -9.87438 15.86 12.7776
0 0 157 34.8324 -3.159 21.7159 12.3469
0 0 158 88.217 3.2852 8.20558 10.239
0 0 159 143.003 10.5885 -26.3561 0.827275
0 0 160 186.554 28.5114 -58.5339 -15.0669
0 0 161 206.501 32.6122 -68.3315 -38.7322
0 0 162 207.994 33.7052 -67.5927 -41.4259
0 0 163 203.107 36.0486 -66.5377 -40.2944
0 0 164 205.803 38.7045 -66.3819 -45.682
0 0 165 219.627 44.4449 -55.2531 -51.1114
0 0 166 229.697 50.3819 -36.8594 -59.3113
0 0 167 230.019 45.7718 8.36136 -64.8959
0 0 168 234.466 39.0564 65.7659 -78.2114
0 0 169 244.966 19.9205 86.3477 -71.3784
0 0 170 252.936 -10.6569 80.4894 -52.9456
0 0 171 246.803 -42.5218 65.3364 -30.2568
0 0 172 250.283 -67.2781 29.0186 -3.93785
0 0 173 262.582 -82.5471 0.669177 16.4094
0 0 174 288.941 -85.2796 -22.1383 10.6295
0 0 175 305.193 -78.9534 -31.0012 1.96058
0 0 176 282.534 -63.8024 -26.8235 -6.51482
0 0 177 228.096 -42.2092 -5.54074 -11.4351
0 0 178 160.189 -19.7156 6.64307 -10.3018
0 0 179 105.672 -1.98732 4.41732 -23.5406
0 0 180 64.355 12.5799 -5.38496 -27.094
0 0 181 29.8806 16.4841 -6.28187 -10.4971
0 0 182 10.5837 9.25949 4.06563 -8.73959
0 0 183 -5.35111 -7.41511 16.3273 -8.23222
0 0 184 -9.37375 -12.3357 7.3842 -6.55318
0 0 185 -9.09985 0.200765 6.44716 -14.441
0 0 186 2.18933 3.01195 2.69903 -8.23222
0 0 187 15.1918 6.91615 -3.35511 4.73283
0 0 188 13.747 3.12995 -18.7796 -6.94373
0 0 189 7.18407 -0.463735 -32.0185 -15.379
0 0 190 11.0886 -7.06319 -30.5338 -14.9885
0 0 191 28.6614 -5.38435 -24.2862 -20.0256
0 0 192 34.2147 10.1186 -16.0842 -17.9961
0 0 193 24.4454 12.4226 -5.50062 -6.90538
0 0 194 33.8979 2.54411 -20.6135 0.905735
0 0 195 43.3879 -4.71985 -30.5338 0.59364
0 0 196 33.6991 4.57487 -14.7175 0.2798
0 0 197 20.2295 8.75232 -5.69652 -10.0682
0 0 198 16.7117 2.42612 -3.11909 -20.3377
0 0 199 18.7901 -3.43225 1.17664 -27.563
0 0 200 22.265 -4.52526 0.706942 -29.9063
0 0 201 25.3048 2.50478 -11.9843 -26.7034
0 0 202 22.8826 13.1658 -15.8882 -12.8021
0 0 203 24.1339 13.321 -8.00016 -7.92012
0 0 204 24.9127 -3.43225 3.48028 -6.78856
0 0 205 21.5936 -1.90866 14.4934 -9.48234
0 0 206 22.3777 7.89323 18.7089 -23.4238
0 0 207 19.4883 2.23153 25.1525 -17.2917
0 0 208 10.3098 10.5885 16.6011 -7.84166
0 0 209 5.11635 38.4706 -2.02627 -2.10189
0 0 210 9.21419 29.5278 -8.70353 -9.09179
0 0 211 11.2067 8.87032 -1.47869 -2.68772
0 0 212 6.52347 7.26806 12.1874 8.95048
0 0 213 2.81233 0.0827698 10.3534 8.91038
0 0 214 0.0786529 -8.66544 9.88374 5.35702
0 0 215 13.1992 -12.6483 12.9309 4.65437
0 0 216 17.383 -6.24344 9.84598 14.5734
0 0 217 -3.55193 1.95827 10.7051 21.797
0 0 218 -10.1901 15.8196 10.0395 22.1492
0 0 219 4.17649 15.3911 4.84689 5.82604
0 0 220 16.7922 5.43396 -5.97031 -13.8168
0 0 221 14.4506 11.4869 -13.5067 -17.9176
0 0 222 13.6289 6.99481 -12.9993 -11.7472
0 0 223 10.7019 -1.86933 -11.399 -3.50719
0 0 224 2.10877 -4.25201 -7.88451 4.26382
0 0 225 -3.08468 -5.11109 -3.15921 8.01245
0 0 226 -2.18778 -3.39292 6.09548 2.81841
0 0 227 -5.93651 1.21511 10.5092 -3.78093
0 0 228 -6.98917 -3.11966 5.51013 -4.32666
0 0 229 -9.21263 -2.06392 8.20558 -2.883
0 0 230 -21.243 7.38606 10.0018 -4.56204
0 0 231 -20.5018 14.4534 -3.51089 -2.92136
0 0 232 -10.8131 4.88539 -18.4279 -0.382749
0 0 233 -6.0117 -6.55602 -14.5216 -6.3579
0 0 234 1.24946 -3.97875 -11.5146 -9.13015
0 0 235 9.99831 2.69937 -6.01044 -5.57679
0 0 236 6.91016 6.60356 -2.72964 8.40301
0 0 237 -6.36617 5.27663 0.669177 6.17649
0 0 238 -20.4642 0.0041063 -6.20398 0.124624
0 0 239 -17.2955 -3.82143 0.980735 -2.96146
0 0 240 -11.6348 6.91615 10.783 -3.62401
0 0 241 -10.464 12.11 9.45417 -1.98507
0 0 242 -7.45642 8.47907 0.980735 3.71634
0 0 243 2.02821 -5.50027 -7.33692 0.398362
0 0 244 10.4709 -18.7779 -7.9624 -7.8033
0 0 245 8.98325 -18.8565 -3.00343 -15.0669
0 0 246 17.4152 -10.6941 -2.68951 -14.91
0 0 247 30.7345 -14.6397 -18.2721 -11.3567
0 0 248 40.8099 -20.0675 -33.149 -6.82692
0 0 249 31.2394 -25.6899 -14.6798 3.17061
0 0 250 17.8449 -29.2049 3.20649 3.20897
0 0 251 11.051 -14.8343 -5.50062 -1.35914
0 0 252 2.65658 -3.93942 -12.0245 -1.74969
0 0 253 -6.55951 -2.45516 -5.65876 2.46796
0 0 254 -10.2707 -0.58173 -6.322 7.27144
0 0 255 -5.50686 -5.07176 -6.67368 12.3086
0 0 256 -7.88607 -6.43802 0.824956 11.5658
0 0 257 -15.072 -3.43225 4.06563 2.85851
0 0 258 -13.3158 6.40898 8.51714 -6.86527
0 0 259 -7.73032 6.29305 5.70603 -6.86527
0 0 260 -9.37375 -2.80708 7.30631 -2.18035
0 0 261 -11.8282 -5.6576 7.22842 4.65437
0 0 262 -6.40376 0.74727 -7.14102 9.14576
0 0 263 -4.02455 13.5943 -12.8034 1.25619
0 0 264 -3.63249 22.8103 -11.2432 -11.4351
0 0 265 0.271998 13.5156 1.09875 -12.8021
0 0 266 9.84256 7.9719 6.68319 -8.70123
0 0 267 26.0835 5.70721 2.26945 -4.6004
0 0 268 28.5057 7.42539 2.42523 -6.398
0 0 269 12.2594 7.77524 19.4901 -12.8805
0 0 270 8.47303 15.1179 28.707 -17.4103
0 0 271 6.52347 21.2888 26.3633 -14.9501
0 0 272 5.42786 17.8504 11.3282 -11.7856
0 0 273 -1.05456 15.1965 -0.230093 -4.01457
0 0 274 -4.45421 27.4577 1.60621 0.0845225
0 0 275 -6.44136 37.4169 -0.112078 -2.76618
0 0 276 -5.62501 41.0085 -14.2101 -9.63926
0 0 277 2.02821 21.5621 -32.4858 -9.91126
0 0 278 -4.7657 -3.50884 -27.7227 -12.3331
0 0 279 -8.31036 -4.64118 -13.5067 -21.3141
0 0 280 -11.5596 -1.0889 3.20649 -20.0657
0 0 281 -7.57457 -6.78994 5.47236 -9.13015
0 0 282 -5.15239 -11.2427 2.93269 -13.1525
0 0 283 -8.6326 -16.5525 2.73915 -13.0357
0 0 284 -21.243 -10.4602 5.19857 -1.28068
0 0 285 -38.6225 -11.9838 -4.60371 -4.83578
0 0 286 -46.7752 -13.5467 -12.9615 -4.01457
0 0 287 -35.3356 -8.86003 -1.5967 -2.8429
0 0 288 -18.3911 -2.45516 4.37719 -4.87414
0 0 289 -18.7456 1.02052 3.94762 1.41311
0 0 290 -24.3687 3.75305 3.71395 17.9699
0 0 291 -22.0271 1.64569 -5.8523 21.3297
0 0 292 -16.361 0.825933 -7.88451 6.64551
0 0 293 -15.1096 -2.64975 -6.75157 3.75644
0 0 294 -17.8863 -9.67979 -0.503886 3.99008
0 0 295 -18.5469 -12.1784 4.33943 5.00657
0 0 296 -18.5469 -11.7892 13.9458 3.63962
0 0 297 -25.6899 -8.2742 17.2266 2.3895
0 0 298 -30.067 -7.6097 12.8908 1.06091
0 0 299 -17.6124 -5.07176 -0.189968 -3.23346
0 0 300 2.10877 -5.50027 -9.1331 -5.45997
0 0 301 -3.67008 -10.2656 1.91777 -8.50596
0 0 302 -16.4738 -0.0724872 8.67292 -14.3643
0 0 303 -18.3482 8.04849 3.1286 -24.0881
0 0 304 -5.35111 -2.41583 -7.33692 -24.0096
0 0 305 -2.96653 -7.45444 -1.55657 -16.3171
0 0 306 -5.74317 -4.25201 13.672 -16.7843
0 0 307 0.664058 -1.32282 5.19857 -5.85053
0 0 308 4.53095 6.09639 -5.61863 -4.56204
0 0 309 9.91775 10.0793 -14.0921 -4.56204
0 0 310 6.24957 6.80022 -13.8206 -2.5308
0 0 311 2.26452 3.2852 -8.97732 3.63962
0 0 312 6.09382 -7.29711 -12.9214 6.68561
0 0 313 19.064 -12.3751 -25.0674 -0.187471
0 0 314 16.9856 -2.33717 -18.8953 10.3174
0 0 315 2.26452 5.3553 -7.9624 2.27268
0 0 316 -7.73032 8.4004 -18.4657 -5.26469
0 0 317 -7.53698 5.16071 -26.1602 8.28619
0 0 318 -8.35869 -6.16477 -16.8654 14.026
0 0 319 -12.0645 -0.0331554 -8.66576 7.15288
0 0 320 -15.072 0.434686 -5.54074 18.0483
0 0 321 -20.2225 -2.33717 -12.0622 25.5072
0 0 322 -25.808 4.61213 -8.78142 16.3693
0 0 323 -20.4642 7.22873 -6.20398 18.9079
0 0 324 -4.13733 -0.111819 -4.95539 20.627
0 0 325 -2.34353 -4.13401 -1.24502 14.495
0 0 326 -7.69273 0.550611 16.0158 4.57591
0 0 327 -2.53687 5.98047 11.2905 1.33465
0 0 328 2.57602 0.941859 4.26154 4.45909
0 0 329 1.44281 -5.81286 3.48028 2.3895
0 0 330 -5.46926 -4.83784 -1.08924 18.9079
0 0 331 -8.08479 1.60636 -2.96331 24.8046
0 0 332 -0.818251 -0.111819 2.69903 18.2837
0 0 333 5.73935 -2.53383 11.9938 9.22248
0 0 334 7.06591 -3.35359 9.2205 3.67798
