0 0 0 -1.95016 1.11091 -0.551078 -0.515576
0 0 1 -1.92484 0.388583 -0.717635 -1.6268
0 0 2 -1.78847 0.267378 0.0957631 -1.49042
0 0 3 -1.9151 0.0956295 1.29278 0.676683
0 0 4 -1.98068 -0.283444 1.87381 1.9245
0 0 5 -2.08652 0.100537 0.989761 1.77802
0 0 6 -1.68783 1.01988 -0.0103434 0.540306
0 0 7 -1.14693 1.13103 -0.454919 -0.126428
0 0 8 -0.404736 1.02503 0.307721 -0.828739
0 0 9 -0.980699 0.828014 1.07062 -1.40961
0 0 10 -1.60666 0.191563 1.44428 -1.25302
0 0 11 -0.828753 -0.268232 1.49989 -0.631749
0 0 12 0.666672 0.282345 0.843355 -0.394352
0 0 13 1.05043 0.226894 0.636243 -0.752974
0 0 14 0.0803198 0.221742 -0.424567 -1.48032
0 0 15 -0.172273 0.070358 -1.57133 -1.55103
0 0 16 0.590699 -0.29841 -2.36458 -1.29343
0 0 17 1.45951 -1.03595 -2.43523 -0.803484
0 0 18 1.16147 -1.60174 -1.75319 0.0958164
0 0 19 0.443949 -1.76858 -0.970148 -0.192091
0 0 20 0.534856 -2.09686 -0.894394 -0.869147
0 0 21 1.1764 -1.52101 -0.566127 -1.04593
0 0 22 0.469273 -0.268232 -0.520726 -0.909555
0 0 23 -0.924855 -0.237808 -0.949998 -0.707515
0 0 24 -0.798884 -0.0964833 -1.16731 -0.272908
0 0 25 0.287459 -0.263079 -0.813539 0.237245
0 0 26 0.499792 -1.10685 -0.157005 0.540306
0 0 27 0.721866 -2.34442 0.727046 0.252398
0 0 28 0.449144 -2.70313 0.94436 0.0301532
0 0 29 0.429014 -2.22322 0.777548 -0.161785
0 0 30 -0.0813654 -1.57156 0.00470535 -0.257755
0 0 31 -0.0255223 -1.21285 -0.495474 -0.889351
0 0 32 0.934199 -0.657119 0.519934 -1.10654
0 0 33 0.91407 0.630994 0.807901 -0.894402
0 0 34 -0.0612359 1.09079 0.762499 -0.727719
0 0 35 -0.657328 0.484517 0.307721 -0.677208
0 0 36 -0.319023 -0.42992 -0.510523 -1.20251
0 0 37 -0.319023 -0.000549569 -0.31846 -1.27828
0 0 38 -0.879402 0.868497 0.519934 -0.939861
0 0 39 -1.63718 0.782623 1.17162 -0.495372
0 0 40 -1.77873 0.696749 0.959409 0.00994918
0 0 41 -1.11186 0.883464 -0.232759 -0.454964
0 0 42 -0.7833 0.691596 -1.47543 -1.59649
0 0 43 -0.848883 0.226894 -2.11181 -1.83894
0 0 44 -1.16706 0.383431 -1.35427 -0.712566
0 0 45 -1.41511 0.388583 0.631142 0.434234
0 0 46 -0.778105 0.514696 1.30298 0.787806
0 0 47 0.454338 0.742139 1.12622 -0.13653
0 0 48 0.696542 1.39895 0.706896 -0.6368
0 0 49 0.479663 2.17182 0.136063 -0.303433
0 0 50 -0.10669 2.51017 -0.141701 0.0604593
0 0 51 -0.743041 1.77263 -0.75819 -0.0102549
0 0 52 -0.677458 0.166292 -1.36422 -0.277959
0 0 53 -0.374217 -0.637 -1.35427 0.398877
0 0 54 0.110839 -0.793536 -0.399315 0.777704
0 0 55 0.100449 -1.09164 0.550286 1.17673
0 0 56 0.242005 -1.22291 1.24227 1.21209
0 0 57 0.100449 -1.00577 1.02011 0.66153
0 0 58 -0.7833 -0.929954 0.297773 -0.0809691
0 0 59 -2.09172 -0.884563 -0.227658 -0.500423
0 0 60 -3.13715 0.479364 -0.0761498 0.00489817
0 0 61 -2.79365 1.48483 0.237068 0.555459
0 0 62 -1.95535 1.0957 -0.146802 0.843367
0 0 63 -0.95018 0.514696 -0.374064 0.621122
0 0 64 -0.389152 0.509788 -0.31846 -0.495372
0 0 65 -0.510578 1.01497 -0.157005 -1.02573
0 0 66 -0.637199 1.03509 0.999964 -0.439811
0 0 67 -0.243051 0.277437 1.94446 0.681734
0 0 68 0.338107 -0.783477 1.43944 1.50527
0 0 69 1.38874 -1.41502 0.0197541 0.873673
0 0 70 1.54003 -0.672331 -1.32392 0.424132
0 0 71 0.41408 1.31283 -0.773239 0.287755
0 0 72 -0.561226 1.86856 1.07572 0.318061
0 0 73 -1.05602 1.67154 1.59095 0.469592
0 0 74 -1.23329 1.90389 0.888756 0.646377
0 0 75 -1.75861 1.7373 0.727046 0.464541
0 0 76 -2.31379 0.736987 1.29788 -0.389301
0 0 77 -2.29366 -0.45004 1.79296 -0.960065
0 0 78 -2.01574 -1.74821 1.91921 -0.8843
0 0 79 -1.68783 -1.99577 1.81821 -1.21262
0 0 80 -1.51056 -0.520702 0.873707 -1.83389
0 0 81 -1.48069 0.560332 0.247271 -1.53588
0 0 82 -0.399541 -0.237808 0.615838 -0.667106
0 0 83 0.757579 -1.10685 0.393677 0.0958164
0 0 84 0.252394 -0.763358 -0.470223 0.66153
0 0 85 -0.637199 0.39349 -0.485272 0.595867
0 0 86 -0.121624 1.04025 0.535238 -0.126428
0 0 87 0.565375 1.59082 0.762499 -0.6368
0 0 88 -0.293699 1.72209 0.82295 0.100867
0 0 89 -1.07161 1.44434 1.20708 0.934285
0 0 90 -0.924855 0.828014 1.19687 1.33332
0 0 91 -0.662523 0.161139 0.206716 1.32321
0 0 92 -0.819013 0.242106 -0.965302 1.15653
0 0 93 -1.39498 0.696749 -2.19777 0.843367
0 0 94 -1.51575 1.03019 -1.95036 0.141276
0 0 95 -1.35926 1.41907 -1.43487 0.247347
0 0 96 -0.702782 0.105689 -1.08136 0.944387
0 0 97 -0.00539283 -0.561185 -2.32403 0.813061
0 0 98 0.151098 -0.556033 -2.7788 0.646377
0 0 99 0.282264 -0.0660593 -2.31382 0.61102
0 0 100 -0.0612359 0.504636 -0.727837 0.545357
0 0 101 -0.541097 1.26744 0.671442 0.76255
0 0 102 -0.844338 1.38374 0.656393 1.2424
0 0 103 -0.75343 0.610875 0.328126 1.15148
0 0 104 -0.0963001 0.757351 -0.419721 0.252398
0 0 105 -0.243051 1.04515 -0.470223 -0.212295
0 0 106 -0.202792 0.873404 0.26232 -0.662055
0 0 107 0.58031 0.767411 0.363325 -0.247653
0 0 108 0.959523 0.560332 -0.384267 0.0200512
0 0 109 0.812773 -0.0913308 -0.369218 -0.18704
0 0 110 1.01472 -0.909835 -0.040696 -0.596392
0 0 111 1.10108 -2.01099 0.449281 -0.2325
0 0 112 1.07576 -2.18274 0.00980662 0.550408
0 0 113 0.590699 -1.03595 -0.985452 0.939336
0 0 114 0.242005 0.368219 -0.929848 0.504949
0 0 115 0.0751251 1.39895 -0.449818 -0.470117
0 0 116 0.332912 2.52023 -0.768138 -0.707515
0 0 117 1.04004 2.58598 -0.77834 -0.13653
0 0 118 1.67639 1.5707 -0.0054972 0.393826
0 0 119 1.54523 0.772318 0.560489 0.848418
0 0 120 0.625764 1.06552 0.615838 0.95954
0 0 121 -0.833948 1.60088 0.610992 0.813061
0 0 122 -1.60666 1.14109 0.338074 1.11612
0 0 123 -1.00602 0.130961 -0.631678 1.33332
0 0 124 0.100449 -0.409556 -1.13186 0.429183
0 0 125 0.610829 -0.313622 0.130962 -0.419607
0 0 126 0.545246 -0.394589 1.47974 -0.111275
0 0 127 0.757579 -0.64706 1.51009 0.116021
0 0 128 0.434209 -0.798689 0.368426 0.0352043
0 0 129 -0.450189 -0.172298 -0.899495 -0.197142
0 0 130 -1.21771 0.636146 -1.45018 -0.621647
0 0 131 -1.77873 0.863345 -1.99066 -0.879249
0 0 132 -1.34952 0.287497 -1.94526 -0.980269
0 0 133 -0.530707 0.297557 -1.20251 -0.949963
0 0 134 -0.444995 0.363312 -1.08646 -0.672157
0 0 135 0.065385 -0.667179 -1.8644 0.237245
0 0 136 0.732255 -0.268232 -2.02611 1.15148
0 0 137 0.616024 1.23211 -0.222556 1.32321
0 0 138 0.630958 1.61609 0.418929 0.631224
0 0 139 1.36341 0.267378 -0.343712 0.0453063
0 0 140 2.01535 -1.00062 -1.56623 -0.722668
0 0 141 2.18677 -0.217689 -2.09676 -1.03078
0 0 142 2.12119 1.2169 -1.87945 -0.389301
0 0 143 1.36341 2.12128 -1.56623 -0.333739
0 0 144 -0.0255223 1.89383 -0.63678 -0.495372
0 0 145 -0.728106 1.07558 0.0705118 -0.364046
0 0 146 -0.530707 0.661418 0.297773 -0.131479
0 0 147 0.353042 1.14109 0.0248554 0.474643
0 0 148 1.82314 0.888616 -0.515625 1.74267
0 0 149 2.57573 0.711715 -1.59658 2.59124
0 0 150 1.9647 0.817954 -0.702586 1.9245
0 0 151 0.974458 0.474457 -0.202406 0.489796
0 0 152 0.762125 -0.000549569 -0.859195 0.0150002
0 0 153 1.15627 -0.399496 -0.59648 0.237245
0 0 154 0.954329 -0.596516 -0.192204 0.419081
0 0 155 0.474468 0.519848 0.206716 0.131174
0 0 156 0.145903 1.19678 0.560489 -0.298163
0 0 157 -0.132014 0.181504 1.06552 -0.520627
0 0 158 -0.530707 -0.187265 0.999964 -0.848943
0 0 159 -1.23784 0.358159 1.24227 -0.828739
0 0 160 -2.02094 0.671477 1.31803 -0.530729
0 0 161 -2.20275 0.949219 1.33333 -0.8843
0 0 162 -1.4651 1.3938 1.37873 -1.26313
0 0 163 -0.404736 1.45956 0.868606 -1.30859
0 0 164 0.525116 1.06036 0.105711 -1.55609
0 0 165 0.454338 0.00460288 -0.379165 -2.19778
0 0 166 -0.197597 -0.394589 -0.763036 -2.30891
0 0 167 0.161487 0.529908 -0.545977 -1.85915
0 0 168 0.262134 1.06036 0.545185 -1.44496
0 0 169 0.0855145 0.444033 1.39378 -1.46517
0 0 170 0.065385 -0.0864238 1.33843 -1.67731
0 0 171 0.363431 -0.000549569 0.408726 -1.69751
0 0 172 0.479663 0.332888 -0.551078 -1.75307
0 0 173 0.00434724 0.716868 -0.308513 -1.8844
0 0 174 -0.652133 1.03019 0.373527 -2.21294
0 0 175 -0.26318 0.499729 0.489581 -2.63722
0 0 176 0.676412 -0.460099 0.757398 -3.11202
0 0 177 1.04004 -0.955225 0.873707 -3.31911
0 0 178 0.443949 -1.62701 0.26232 -3.08676
0 0 179 -0.000198122 -2.56672 -0.27816 -2.44528
0 0 180 0.0498009 -2.19279 0.115913 -1.59144
0 0 181 -0.0761707 -0.591609 0.247271 -1.10149
0 0 182 -0.59629 0.60057 0.00980662 -0.530729
0 0 183 -1.18784 1.44925 0.641089 -0.308484
0 0 184 -1.14238 2.21721 1.97992 -0.394352
0 0 185 -0.0508465 2.5455 2.43954 -0.181989
0 0 186 0.438754 1.84329 1.21192 0.36352
0 0 187 0.206941 1.04515 -0.419721 0.752448
0 0 188 -0.404736 0.79759 -1.07625 0.21199
0 0 189 -0.944985 0.0600531 -0.57633 -0.611545
0 0 190 -0.535902 -1.65228 0.393677 -1.20757
0 0 191 0.221875 -2.9556 1.17162 -1.09139
0 0 192 0.120579 -2.44551 1.38894 -0.500423
0 0 193 -0.298244 -0.980497 0.721944 -0.176938
0 0 194 -0.728106 -0.338894 0.62604 0.307959
0 0 195 -1.14693 -0.970437 1.20708 0.16148
0 0 196 -1.73328 -1.39466 1.84346 -0.121377
0 0 197 -2.06639 -1.18758 2.6265 -0.18704
0 0 198 -1.19758 -1.53107 2.6214 -0.641851
0 0 199 -0.243051 -2.00608 1.10607 -1.04593
0 0 200 -0.222921 -1.71288 -1.0561 -1.23282
0 0 201 -0.541097 -1.03595 -2.25847 -1.07624
0 0 202 -0.197597 -0.318775 -1.72794 -0.813586
0 0 203 0.878356 -0.434828 -0.419721 -0.803484
0 0 204 1.8686 -0.566338 0.530136 -0.78328
0 0 205 1.80301 -0.434828 0.934157 -0.353944
0 0 206 1.29263 -0.374225 1.27773 0.110969
0 0 207 1.34848 -0.515795 1.25758 0.0402553
0 0 208 0.585505 -1.17752 0.696693 0.191786
0 0 209 -0.374217 -1.2786 0.332972 0.257449
0 0 210 -0.702782 -0.374225 0.136063 0.51
0 0 211 -0.819013 -0.561185 -0.369218 1.06056
0 0 212 -0.985244 -1.5664 -0.404417 1.31816
0 0 213 -1.41511 -1.53623 -0.0710486 1.46464
0 0 214 -1.56121 -0.798689 0.161314 1.53558
0 0 215 -1.13199 -0.414708 -0.101401 1.13127
0 0 216 -1.00602 -0.000549569 -0.31846 0.853469
0 0 217 -1.14238 0.444033 0.545185 1.18684
0 0 218 -0.788494 0.201623 0.813002 1.71236
0 0 219 -0.515773 -0.212536 -0.202406 2.05583
0 0 220 -0.41967 -0.551126 -0.712534 1.59114
0 0 221 -0.637199 -0.904682 -0.247808 0.51
0 0 222 -0.712522 -1.35442 0.706896 -0.237551
0 0 223 -0.172273 -1.23812 1.02522 -0.106224
0 0 224 1.13614 -0.000549569 0.408726 -0.121377
0 0 225 2.9952 0.888616 -0.126652 -0.566086
0 0 226 5.06139 0.555179 -0.404417 -0.692362
0 0 227 7.87497 -0.0258211 -0.495474 -0.465066
0 0 228 12.6586 -1.44029 0.358224 -0.53578
0 0 229 18.5436 -4.00131 1.37363 -1.17221
0 0 230 23.4591 -6.80497 1.49989 -2.59681
0 0 231 27.3136 -8.51755 1.70215 -4.43055
0 0 232 30.2888 -8.66869 2.01027 -6.0774
0 0 233 32.1829 -7.99225 1.29788 -7.97175
0 0 234 33.4108 -7.79523 0.176363 -9.62893
0 0 235 35.0725 -8.17896 -1.0107 -10.6389
0 0 236 37.1335 -7.74468 -3.07672 -11.0935
0 0 237 38.8614 -6.02205 -5.36515 -10.9978
0 0 238 39.4172 -3.76405 -6.61292 -10.821
0 0 239 38.5783 -2.16262 -7.41612 -10.6339
0 0 240 36.5829 -0.879411 -7.91094 -9.87621
0 0 241 34.1433 1.8536 -6.99679 -8.05762
0 0 242 32.6829 4.58636 -5.73882 -6.85526
0 0 243 31.5615 6.00598 -4.23853 -6.36531
0 0 244 30.9102 6.65249 -2.20287 -4.73866
0 0 245 30.8745 7.30931 -0.000395924 -2.06624
0 0 246 31.0615 7.41039 2.04547 0.434234
0 0 247 31.4154 6.54135 4.48541 1.74267
0 0 248 32.5622 4.86435 6.86464 2.11644
0 0 249 34.7894 2.85366 7.92061 2.54073
0 0 250 36.2497 1.13618 8.45598 2.99027
0 0 251 36.3809 0.166292 8.80466 3.2986
0 0 252 34.0167 -0.419861 7.33447 3.22767
0 0 253 28.8389 -0.924801 5.02079 2.05078
0 0 254 22.3377 -1.5615 4.04593 0.934285
0 0 255 16.0735 -2.30394 3.18203 0.378673
0 0 256 10.5015 -1.92511 1.78786 -0.116326
0 0 257 6.45033 -0.197569 0.323025 -0.848943
0 0 258 3.75817 1.10085 -1.03595 -1.27828
0 0 259 1.89392 0.620934 -1.84425 -1.19746
0 0 260 1.24718 -0.727781 -1.26322 -0.995422
0 0 261 1.24199 -1.70797 -0.0761498 -0.78328
0 0 262 0.757579 -1.77864 0.398779 -0.176938
0 0 263 0.525116 -1.60174 -0.0103434 0.383724
0 0 264 0.616024 -1.39466 -0.399315 0.600918
0 0 265 0.964718 -0.49543 -0.722736 0.499898
0 0 266 1.38354 0.459245 -1.16221 0.328163
0 0 267 1.47445 0.923947 -1.13696 0.56051
0 0 268 0.964718 1.02503 -0.65693 0.66153
0 0 269 0.211486 1.2726 -0.601581 0.737295
0 0 270 0.312783 0.812802 -0.747988 1.49495
0 0 271 0.943939 -0.177205 -0.672234 2.1417
0 0 272 1.26731 -1.36938 -0.328663 1.70731
0 0 273 1.72185 -1.69276 -0.0154447 1.11612
0 0 274 1.99976 -1.22806 -1.06631 0.979744
0 0 275 1.66146 -0.960378 -2.7584 1.25755
0 0 276 0.878356 -0.359013 -3.64245 1.57598
0 0 277 0.499792 0.433974 -2.97571 1.15653
0 0 278 0.686801 0.999762 -1.29357 0.206939
0 0 279 0.130968 1.12097 0.176363 -0.237551
0 0 280 -0.520967 0.525 1.33333 -0.404454
0 0 281 -0.682652 -0.783477 2.06587 -0.18704
0 0 282 -0.662523 -0.637 1.41419 -0.227449
0 0 283 -0.682652 0.40355 0.833152 0.166531
0 0 284 0.0251261 -0.151933 0.525035 0.555459
0 0 285 0.565375 -1.52101 0.0603092 -0.222398
0 0 286 0.706931 -2.28382 -1.63714 -0.414556
0 0 287 1.0303 -1.48053 -3.08182 0.156429
0 0 288 0.636153 -0.212536 -1.28337 0.792857
0 0 289 0.211486 0.792683 0.868606 0.575663
0 0 290 0.388755 1.54543 0.737248 0.126123
0 0 291 0.0498009 2.00007 -0.535775 -0.060765
0 0 292 -0.859272 1.80305 -0.621731 0.105918
0 0 293 -1.9151 1.99492 0.474533 0.525153
0 0 294 -1.94042 1.8536 1.16652 0.131174
0 0 295 -1.53134 0.676384 1.01501 -0.414556
0 0 296 -1.79367 -0.707662 0.0906618 -0.060765
0 0 297 -1.34952 -1.5058 -1.14716 0.535255
0 0 298 0.171227 -2.0868 -2.32913 0.631224
0 0 299 0.838097 -2.29903 -2.51609 0.434234
0 0 300 0.110839 -1.37454 -1.52083 0.100867
0 0 301 -0.626809 0.3481 -0.172054 -0.060765
0 0 302 -0.243051 1.75742 0.676543 0.247347
0 0 303 0.605634 2.19194 1.24738 0.848418
0 0 304 1.10108 1.66148 1.68175 0.41403
0 0 305 1.23225 0.363312 0.610992 -0.939861
0 0 306 0.858227 -0.687543 -0.293209 -1.63185
0 0 307 0.242005 -0.929954 0.130962 -0.975218
0 0 308 0.100449 -0.545973 0.656393 0.373622
0 0 309 0.262134 -0.596516 0.696693 1.49495
0 0 310 0.540051 -0.742993 0.277623 1.6467
0 0 311 0.636153 -0.586457 0.393677 1.40403
0 0 312 0.918615 -0.641907 0.161314 1.19694
0 0 313 1.25237 -0.248113 0.171517 0.66153
0 0 314 0.782254 -0.768265 0.818103 0.61102
0 0 315 -0.0157822 -1.98572 1.44428 0.85852
0 0 316 -0.227466 -2.9507 0.939259 0.999948
0 0 317 -0.0865601 -3.04663 0.196768 0.792857
0 0 318 -0.788494 -2.00093 -0.020546 0.222092
0 0 319 -1.58134 -0.798689 -0.212609 0.545357
0 0 320 -0.960569 -0.25302 -0.732684 0.989846
0 0 321 -0.141754 -0.0407878 -0.793389 0.994897
0 0 322 0.302393 0.873404 -0.293209 1.32826
0 0 323 0.964718 1.62615 0.378629 1.30301
0 0 324 0.91407 1.56555 0.762499 0.939336
0 0 325 -0.182013 0.711715 1.03516 1.08076
0 0 326 -0.313828 0.539967 1.37873 0.823163
0 0 327 0.610829 0.53506 1.63125 0.16148
0 0 328 0.984848 0.97449 1.33843 -0.540831
0 0 329 0.701736 1.72724 1.08567 -1.1116
0 0 330 0.186162 2.6618 1.07062 -1.00047
0 0 331 -0.768365 2.39902 0.42403 0.131174
0 0 332 -1.24303 1.00491 -0.192204 1.10602
0 0 333 -1.28329 -0.182357 -0.470223 1.21714
0 0 334 -1.61705 -1.5058 -0.020546 1.55073
0 0 335 -1.45536 -2.55666 1.11092 1.62144
0 0 336 -1.14238 -2.50611 1.44428 0.823163
0 0 337 -0.808624 -1.61695 0.565335 -0.126428
0 0 338 -0.374217 -0.419861 -0.0761498 0.116021
0 0 339 0.0452555 -0.162238 -0.0307485 1.37372
0 0 340 0.267329 -0.182357 0.797698 1.87399
0 0 341 0.479663 -0.0258211 1.7223 1.57093
0 0 342 0.959523 -0.566338 2.05567 0.979744
0 0 343 0.92381 -1.05116 1.94957 -0.0254079
0 0 344 0.186162 -0.838927 1.7121 -0.591341
0 0 345 -0.0359117 -0.591609 1.55549 -0.065816
0 0 346 -0.0560412 -0.631848 1.41419 0.964591
0 0 347 -0.657328 -0.965285 0.565335 1.54568
0 0 348 -0.93979 -1.9099 -0.955099 1.67195
0 0 349 -0.030717 -2.29903 -2.12202 1.39898
0 0 350 0.363431 -2.22813 -2.24827 0.722142
0 0 351 -0.323568 -1.54113 -1.99576 -0.414556
0 0 352 -0.677458 -0.591609 -1.97561 -0.859045
0 0 353 -0.26318 -0.404649 -2.49084 -0.424658
0 0 354 0.327718 -0.515795 -2.44033 -0.0304589
0 0 355 1.11082 -0.389437 -2.08146 -0.060765
0 0 356 1.62639 -0.303563 -1.12676 -0.065816
0 0 357 1.70172 -0.722874 0.393677 -0.343841
0 0 358 1.56536 -1.00062 0.686746 -0.914606
0 0 359 1.38874 -0.914742 -0.020546 -0.449913
0 0 360 1.37835 -0.182357 -0.293209 0.469592
0 0 361 1.15627 -0.742993 -0.106502 0.479694
0 0 362 0.641348 -2.59199 -0.475069 0.196837
0 0 363 -0.121624 -3.50127 -1.08646 0.0150002
0 0 364 -1.05602 -2.5466 -1.10151 -0.166836
0 0 365 -1.27874 -0.545973 -0.460021 -0.596392
0 0 366 -0.77356 0.999762 -0.232759 -0.662055
0 0 367 -0.444995 1.83323 -0.394469 -0.298163
0 0 368 -0.475514 2.34357 -0.409518 -0.03551
0 0 369 -0.591745 2.16667 -0.212609 0.0756124
0 0 370 -0.237856 0.888616 0.0299566 0.424132
0 0 371 0.383561 0.110596 -0.525572 0.772653
0 0 372 0.686801 0.0198149 -1.13696 0.979744
0 0 373 0.661477 -0.0611522 -0.667132 0.848418
0 0 374 -0.030717 -0.0812713 0.388576 0.0806634
0 0 375 -0.414476 0.332888 1.25248 -0.651953
0 0 376 0.0549956 0.277437 2.18703 -0.702464
0 0 377 0.838097 -0.278291 2.42934 -0.6368
0 0 378 1.20173 -0.919894 1.11092 -0.333739
0 0 379 1.05563 -0.859291 -0.803591 0.434234
0 0 380 0.610829 -0.0864238 -1.73814 1.40403
0 0 381 0.42382 1.30793 -0.909698 1.54568
0 0 382 0.459533 1.84329 1.22212 0.999948
0 0 383 0.716671 1.71718 2.65176 0.893877
0 0 384 1.31276 1.82317 2.6668 0.631224
0 0 385 1.88353 1.63131 1.32313 0.191786
0 0 386 1.57055 0.494576 -0.0860973 -0.510525
0 0 387 0.863421 -0.475311 -0.803591 -0.955014
0 0 388 0.636153 -1.05116 -0.848993 -1.09139
0 0 389 0.474468 -1.11176 -0.81864 -0.752974
0 0 390 0.388755 0.514696 -0.848993 -0.313535
0 0 391 0.636153 1.82833 -0.889293 -0.530729
0 0 392 0.525116 1.32805 -0.884447 -0.550933
0 0 393 -0.0865601 0.00460288 -1.0005 -0.267857
0 0 394 -0.737846 -0.364165 -0.81864 0.297857
0 0 395 -0.617069 0.53506 -0.641881 0.893877
0 0 396 0.332912 0.908735 0.130962 1.47979
0 0 397 0.959523 0.585603 1.28793 1.79318
0 0 398 1.51016 -0.0712118 2.12632 1.63154
0 0 399 2.4043 -0.621788 2.78311 1.29291
0 0 400 2.23223 -0.480464 2.26789 0.994897
0 0 401 0.959523 -0.197569 0.914007 0.76255
0 0 402 0.767319 -0.783477 0.0855605 0.696887
0 0 403 1.35822 -1.3846 -0.0154447 0.797908
0 0 404 1.26731 -0.667179 0.166416 0.666581
0 0 405 1.17121 0.19647 0.317924 0.110969
0 0 406 1.33809 0.464398 0.343175 -0.242602
0 0 407 1.2777 0.0146624 0.489581 0.0150002
0 0 408 0.974458 -0.551126 0.949461 0.41403
0 0 409 0.42382 -0.510642 1.12112 0.818112
0 0 410 0.171227 -0.0307282 0.600789 0.934285
0 0 411 -0.161883 0.277437 -0.369218 0.893877
0 0 412 -0.717717 0.14102 -0.803591 0.61102
0 0 413 -1.04628 -0.43998 -0.434769 0.0301532
0 0 414 -1.50082 -1.20279 -0.379165 -0.581239
0 0 415 -1.25342 -1.60689 -0.859195 -0.939861
0 0 416 -0.146949 -1.66749 -0.828843 -1.10149
0 0 417 0.656283 -1.2077 -0.263111 -0.828739
0 0 418 0.408885 -0.404649 0.146266 -0.247653
0 0 419 -0.202792 0.282345 -0.510523 -0.126428
0 0 420 -0.232661 -0.141874 -1.42493 -0.298163
0 0 421 0.0348661 -0.354106 -0.869143 -0.2325
0 0 422 0.191357 -0.147026 0.272522 0.267551
0 0 423 0.201746 0.166292 0.42403 0.338265
0 0 424 0.57057 -0.0913308 0.130962 0.302908
0 0 425 0.681607 0.0804175 -0.242706 0.373622
0 0 426 0.378366 1.25223 -0.202406 -0.429709
0 0 427 0.125773 1.98977 0.418929 -1.67226
0 0 428 0.00434724 1.7373 0.853302 -1.16716
0 0 429 -0.343698 0.959278 0.818103 -0.18704
0 0 430 -0.869012 -0.177205 0.393677 -0.277959
0 0 431 -0.985244 -0.702755 -0.207508 -0.495372
0 0 432 -0.500838 -0.399496 -0.182256 -0.439811
0 0 433 -0.0865601 -0.338894 1.19177 -0.515576
0 0 434 -0.525513 -0.631848 2.35359 -0.480219
0 0 435 -0.525513 -1.52101 1.36368 -0.343841
0 0 436 0.161487 -2.29903 -0.793389 -0.298163
0 0 437 0.494597 -1.83409 -1.9098 -0.176938
0 0 438 0.22707 -0.859291 -1.62184 0.2625
0 0 439 -0.152143 -0.359013 -0.79849 0.373622
0 0 440 -0.192402 -0.151933 0.368426 0.0301532
0 0 441 0.23681 0.070358 1.39378 0.151378
0 0 442 0.823162 -0.0864238 1.60599 0.797908
0 0 443 1.05043 -0.455192 1.40398 1.19694
0 0 444 0.989393 -0.318775 1.19687 1.005
0 0 445 1.35822 -0.227748 0.479634 0.479694
0 0 446 1.82834 -1.1017 -0.697485 0.398877
0 0 447 1.5199 -1.77348 -1.46523 0.797908
0 0 448 0.883551 -0.940013 -1.60679 0.994897
0 0 449 0.616024 -0.207629 -1.53588 0.722142
0 0 450 0.514727 -0.631848 -1.24817 -0.0910711
0 0 451 0.231616 -1.87457 -0.990553 -0.869147
0 0 452 0.272524 -3.0719 -1.34407 -0.924708
0 0 453 0.540051 -3.11238 -1.46523 -0.343841
0 0 454 0.540051 -1.80391 -1.18236 0.424132
0 0 455 0.494597 -0.924801 -0.162106 0.621122
0 0 456 0.00954195 -1.22291 1.25248 -0.247653
0 0 457 -0.93979 -1.51095 1.95977 -1.09139
0 0 458 -1.24823 -1.26854 1.36368 -0.788331
0 0 459 -0.702782 -1.1017 0.247271 0.181684
0 0 460 -0.192402 -1.05116 -0.555925 1.28786
0 0 461 0.211486 -0.990556 -0.788288 1.80833
0 0 462 0.0549956 -1.23812 -1.26322 1.11107
0 0 463 0.0855145 -2.1474 -2.07151 -0.399403
0 0 464 1.0303 -2.34958 -2.58164 -0.975218
0 0 465 1.85366 -1.1017 -1.58664 -0.0860201
0 0 466 1.69717 0.39349 0.247271 0.666581
0 0 467 0.989393 1.26254 1.04537 0.555459
0 0 468 0.41408 0.979643 0.666596 0.176633
0 0 469 -0.0963001 0.135868 0.211817 -0.0809691
0 0 470 -0.743041 -0.859291 0.161314 0.00994918
0 0 471 -0.828753 -1.20279 0.0603092 0.732244
0 0 472 -0.278115 -0.753053 -0.0659473 1.28281
0 0 473 0.181617 -0.485371 -0.121551 0.934285
0 0 474 0.0147367 -0.980497 -0.359015 0.0655104
0 0 475 -0.510578 -1.32399 -0.990553 -0.555984
0 0 476 -0.601485 -0.773417 -1.10151 -0.53578
0 0 477 -0.313828 -0.197569 -0.75819 -0.050663
0 0 478 -0.197597 -0.0510927 -0.500321 0.201888
0 0 479 -0.459929 0.0347815 -0.293209 -0.0102549
0 0 480 -0.652133 0.342947 -0.682181 -0.13653
0 0 481 -0.319023 0.782623 -0.899495 0.383724
0 0 482 0.499792 1.19163 -0.364117 0.626173
0 0 483 0.762125 1.18157 0.737248 0.328163
0 0 484 0.0400608 0.636146 1.31318 -0.0759181
0 0 485 -0.470319 -0.0206687 0.94436 -0.227449
0 0 486 -0.161883 -0.414708 0.737248 0.0857144
0 0 487 0.221875 -0.0307282 0.929056 0.504949
0 0 488 0.267329 1.4998 1.01501 0.41403
0 0 489 -0.0209769 3.31346 0.494683 0.181684
0 0 490 -0.187207 4.00045 -0.566127 -0.045612
0 0 491 -0.459929 3.20231 -1.19256 0.0907654
0 0 492 -1.10667 1.87372 -1.18236 0.499898
