0 0 0 0.196882
0 0 1 0.224623
0 0 2 0.26759
0 0 3 0.423003
0 0 4 0.526606
0 0 5 0.62036
0 0 6 0.850509
0 0 7 0.89404
0 0 8 0.91642
0 0 9 0.999999
0 0 10 0.846702
0 0 11 0.281469
0 0 12 0.0936036
0 0 13 -0.028914
0 0 14 -0.118741
0 0 15 0.0123804
0 0 16 0.00667873
0 0 17 -0.0215224
0 0 18 0.013729
0 0 19 0.0748086
0 0 20 0.0165116
0 0 21 -0.0314747
0 0 22 -0.0774636
0 0 23 -0.0650531
0 0 24 0.0128242
0 0 25 0.0226741
0 0 26 0.0366552
0 0 27 -0.000269117
0 0 28 0.0461637
0 0 29 -0.00429784
0 0 30 0.0431421
0 0 31 0.0473928
0 0 32 0.0943889
0 0 33 0.487548
0 0 34 0.693321
0 0 35 0.701259
0 0 36 0.666792
0 0 37 0.649448
0 0 38 0.667236
0 0 39 0.598219
0 0 40 0.448951
0 0 41 0.476025
0 0 42 0.316259
0 0 43 0.174724
0 0 44 0.132764
0 0 45 0.0268053
0 0 46 0.040462
0 0 47 0.0550064
0 0 48 0.0608275
0 0 49 -0.0134649
0 0 50 -0.0376373
0 0 51 0.0237837
0 0 52 0.0553478
0 0 53 -0.101994
0 0 54 -0.108601
0 0 55 -0.0158207
0 0 56 0.0285977
0 0 57 0.0148386
0 0 58 0.0593765
0 0 59 -0.0984096
0 0 60 -0.018057
0 0 61 -0.0342743
0 0 62 0.0836513
0 0 63 0.0367747
0 0 64 -0.117631
0 0 65 -0.0627997
0 0 66 0.0607081
0 0 67 0.0457198
0 0 68 -0.0336085
0 0 69 -0.0237586
0 0 70 -0.000371542
0 0 71 0.00700308
0 0 72 0.0175187
0 0 73 -0.0070804
0 0 74 0.0556721
0 0 75 0.0894725
0 0 76 0.00343526
0 0 77 -0.0670504
0 0 78 0.0773863
0 0 79 0.152908
