0 0 0 0.673551
0 0 1 0.999956
0 0 2 0.475456
0 0 3 0.262558
0 0 4 0.23449
0 0 5 0.125455
0 0 6 -0.0528327
0 0 7 -0.013534
0 0 8 0.0385973
0 0 9 0.0471079
0 0 10 0.0227777
0 0 11 0.0189062
0 0 12 0.00815959
0 0 13 0.0100119
0 0 14 -0.0273678
0 0 15 0.0347426
0 0 16 0.0185558
0 0 17 -0.0629286
0 0 18 -0.0490947
0 0 19 -0.0256156
0 0 20 -0.071072
0 0 21 -0.00230338
0 0 22 -0.0600917
0 0 23 0.0307376
0 0 24 -0.0269006
0 0 25 -0.0408011
0 0 26 -0.00971257
0 0 27 -0.0523488
0 0 28 0.0444713
0 0 29 -0.00310438
0 0 30 -0.012733
0 0 31 0.010112
0 0 32 0.0236288
0 0 33 0.0774789
0 0 34 -0.00158583
0 0 35 -0.0279852
0 0 36 -0.0258159
0 0 37 0.00997851
0 0 38 -0.000951708
0 0 39 0.0406999
0 0 40 -0.00345481
0 0 41 -0.0126829
0 0 42 0.0488934
0 0 43 0.00879371
0 0 44 -0.0481269
0 0 45 -0.0105469
0 0 46 -0.00956239
0 0 47 0.0264823
0 0 48 0.0318056
0 0 49 0.0500615
0 0 50 0.0242796
0 0 51 0.0258816
0 0 52 0.0492772
0 0 53 0.00408787
0 0 54 -0.000134028
0 0 55 0.0337246
0 0 56 0.0298532
0 0 57 -0.0625948
0 0 58 0.0184891
0 0 59 -0.0531331
0 0 60 0.0455059
0 0 61 0.0115638
0 0 62 0.0638119
0 0 63 0.0457729
0 0 64 -0.0686023
0 0 65 -0.0407677
0 0 66 0.0339916
0 0 67 0.0137332
0 0 68 0.0237456
0 0 69 -0.0258159
0 0 70 0.0513465
0 0 71 0.0115304
0 0 72 -0.0202089
0 0 73 -0.0205093
0 0 74 0.0360442
0 0 75 0.0170039
0 0 76 -0.0182231
0 0 77 0.0607081
0 0 78 -0.0454903
0 0 79 -0.0049233
0 0 80 0.0148178
0 0 81 -0.00966251
0 0 82 0.0575875
0 0 83 0.0149513
0 0 84 -0.0357115
0 0 85 0.0214594
0 0 86 0.0406999
0 0 87 -0.000501149
0 0 88 -0.0103467
0 0 89 0.0629275
0 0 90 -0.0226786
0 0 91 0.0320058
0 0 92 -0.0462579
0 0 93 -0.0343598
0 0 94 0.0260818
0 0 95 0.00805947
0 0 96 -0.0225785
0 0 97 0.0180719
0 0 98 -0.0416522
0 0 99 0.00423806
0 0 100 0.00765897
0 0 101 0.0262821
0 0 102 -0.00684235
0 0 103 -0.0644137
0 0 104 0.0176046
0 0 105 0.0145342
0 0 106 -0.0128164
0 0 107 -0.0491949
0 0 108 -0.0339426
0 0 109 -0.026183
0 0 110 -0.0149691
0 0 111 0.00757553
0 0 112 -0.00405556
0 0 113 -0.0475261
0 0 114 0.036745
0 0 115 0.0268661
0 0 116 -0.0313895
0 0 117 -0.0209599
0 0 118 0.0185558
0 0 119 -0.0101298
0 0 120 -0.050897
0 0 121 0.00777578
0 0 122 0.0162196
0 0 123 0.0254477
0 0 124 0.00807615
0 0 125 0.0403829
0 0 126 -0.0301379
0 0 127 -0.0117818
0 0 128 0.0225107
0 0 129 -0.0109307
0 0 130 -0.013534
0 0 131 -0.0678847
0 0 132 -0.038832
0 0 133 -0.0411349
0 0 134 -0.00141895
0 0 135 0.0365281
0 0 136 -0.0152027
0 0 137 0.00907739
0 0 138 -0.0255489
0 0 139 -0.0131168
0 0 140 0.0115805
0 0 141 0.00131777
0 0 142 -0.0359451
0 0 143 0.0401493
0 0 144 0.00578998
0 0 145 0.0446215
0 0 146 -0.0282856
0 0 147 0.013316
0 0 148 -0.01839
0 0 149 -0.0407344
0 0 150 0.0401493
0 0 151 0.0680005
0 0 152 0.0371956
0 0 153 -0.0130667
0 0 154 0.0519973
0 0 155 -0.0675343
0 0 156 0.0106126
0 0 157 0.0190397
0 0 158 0.038347
0 0 159 0.00413794
0 0 160 0.0469911
0 0 161 0.000800465
0 0 162 -0.0119654
0 0 163 0.0249971
0 0 164 0.0259149
0 0 165 0.0462902
0 0 166 -0.00832752
0 0 167 -0.017589
0 0 168 0.0800654
0 0 169 0.00745872
0 0 170 0.065781
0 0 171 0.0304873
0 0 172 0.0201077
0 0 173 0.035627
0 0 174 0.0100453
0 0 175 0.0437037
0 0 176 -0.0936333
0 0 177 0.0143673
0 0 178 0.0276504
0 0 179 0.0268661
0 0 180 -0.00879477
0 0 181 0.0108629
0 0 182 0.00348713
0 0 183 -0.00717609
0 0 184 0.057137
0 0 185 -0.0183566
0 0 186 0.0620764
0 0 187 0.0571537
0 0 188 -0.0622277
0 0 189 0.043954
0 0 190 0.014918
0 0 191 -0.0181898
0 0 192 -0.00267051
0 0 193 0.0401826
0 0 194 0.00997851
0 0 195 0.0119142
0 0 196 0.0155521
0 0 197 0.0156188
0 0 198 0.0499114
0 0 199 0.0674665
0 0 200 0.0347092
0 0 201 0.036161
0 0 202 0.0259149
0 0 203 0.0052393
0 0 204 0.0120644
0 0 205 0.0664986
0 0 206 0.0362277
0 0 207 0.0562859
0 0 208 0.0397654
0 0 209 0.0341084
0 0 210 0.014968
0 0 211 0.0756099
0 0 212 0.0726062
0 0 213 0.0602575
0 0 214 0.0478254
0 0 215 0.00877702
0 0 216 0.00912746
0 0 217 0.00557305
0 0 218 0.0586889
0 0 219 0.0150682
0 0 220 0.0404997
0 0 221 0.0201077
0 0 222 0.0708874
0 0 223 0.0102622
0 0 224 0.0283513
0 0 225 0.0319891
0 0 226 -0.0254154
0 0 227 0.0545504
0 0 228 0.0298532
0 0 229 0.0651135
0 0 230 0.0524312
0 0 231 0.0341084
0 0 232 0.0283513
0 0 233 0.0251139
0 0 234 0.0505121
0 0 235 0.020358
0 0 236 0.0908455
0 0 237 0.0483928
0 0 238 0.0316721
0 0 239 0.0491771
0 0 240 0.029169
0 0 241 0.0511629
0 0 242 0.0656976
0 0 243 0.0559021
0 0 244 0.0486431
0 0 245 0.0274836
0 0 246 0.0129989
0 0 247 0.0065576
0 0 248 0.0684677
0 0 249 -0.0285359
0 0 250 0.0479089
0 0 251 0.019507
0 0 252 0.0777959
0 0 253 0.0386975
0 0 254 -0.0463413
0 0 255 0.0785302
