0 0 0 1.28279 9.51052 3.89748 2.98017
0 0 1 4.21468 3.99714 3.61828 0.677148
0 0 2 -0.660771 4.64529 0.866036 -0.66893
0 0 3 -4.09026 2.72045 2.8506 -1.70584
0 0 4 1.75145 -0.489887 5.69214 -1.37687
0 0 5 4.67369 -2.95261 13.6584 -0.878344
0 0 6 -0.0528906 -5.67446 19.6007 0.557335
0 0 7 -3.60093 -8.46599 9.88936 0.347922
0 0 8 -3.47273 -8.60604 -2.70338 2.86062
0 0 9 -2.30522 -8.07764 -6.67142 5.43296
0 0 10 1.15322 -6.93085 -2.43385 0.836552
0 0 11 3.81631 -4.10887 -1.70598 -5.71412
0 0 12 3.22773 6.49977 -6.71123 -7.43891
0 0 13 1.23317 16.3804 -4.74711 -4.60741
0 0 14 -2.26524 13.9475 -1.1777 -0.71894
0 0 15 -0.780693 4.59523 -5.54492 1.85366
0 0 16 5.40149 -2.45397 -8.85503 4.02724
0 0 17 11.5726 -3.84974 -5.04622 5.22355
0 0 18 12.3611 0.90588 -1.94538 3.80767
0 0 19 4.25465 0.427544 -8.76519 1.47469
0 0 20 0.246225 -7.93759 -7.85818 2.28239
0 0 21 -0.471928 -6.01342 1.90324 3.56856
0 0 22 -1.29898 0.328088 1.27489 2.65121
0 0 23 -2.88415 -3.07236 -6.35241 0.557335
0 0 24 -2.47614 -11.3475 -10.7395 0.198415
0 0 25 1.33379 -10.2109 -6.94094 0.93631
0 0 26 -0.411278 -1.03791 3.34875 1.58434
0 0 27 -6.40462 4.46532 9.10177 4.2864
0 0 28 -5.57481 2.54115 -1.55643 5.58247
0 0 29 -0.849613 -1.63668 -12.5638 2.65121
0 0 30 1.19319 -5.63454 -7.94748 -0.27016
0 0 31 0.0367062 -5.4451 -6.71123 -0.649135
0 0 32 -0.361655 -5.27596 -11.497 -1.89546
0 0 33 0.107005 -6.82125 -5.01663 -3.13162
0 0 34 -1.1887 -7.48902 2.11251 -6.1827
0 0 35 0.74521 -7.02016 1.65416 -8.48572
0 0 36 4.95213 -0.370134 1.44435 -6.92059
0 0 37 6.07002 4.07697 5.13373 -4.30814
0 0 38 3.05819 2.43155 11.5248 -1.83555
0 0 39 1.87137 4.24611 12.3522 -1.55633
0 0 40 1.34344 4.78467 2.11251 -5.09578
0 0 41 -3.19292 3.69809 -5.206 -3.7398
0 0 42 -1.71801 6.93819 -1.04805 0.527381
0 0 43 2.14154 4.53569 -0.280372 -1.35682
0 0 44 0.865132 -4.87678 -4.91657 -7.03025
0 0 45 -2.36449 -6.87064 -0.798972 -7.77804
0 0 46 -2.89242 -3.2618 4.42576 -4.43785
0 0 47 -2.28592 -2.40391 0.946193 -2.8425
0 0 48 0.0863291 -4.00941 -1.29713 -1.66599
0 0 49 0.346849 -4.84701 1.48416 1.64425
0 0 50 -2.42514 -1.32748 0.198419 4.39606
0 0 51 -1.15976 1.97283 -2.81312 2.38189
0 0 52 1.94167 1.55404 -0.110912 -0.888241
0 0 53 3.30768 -0.709097 9.25133 -0.0907001
0 0 54 4.4049 1.56418 12.7912 0.567493
0 0 55 5.83018 11.1661 2.79034 -2.04496
0 0 56 3.54615 9.32108 -3.77016 -3.5705
0 0 57 -1.77729 -4.37814 -6.10333 -1.32712
0 0 58 -2.166 -14.8176 -6.03339 2.01307
0 0 59 1.06362 -20.8892 2.58107 3.71807
0 0 60 2.30006 -16.5321 1.59391 3.10988
0 0 61 0.585315 -2.74287 -2.5436 2.06308
0 0 62 2.50958 3.06956 0.467403 3.26929
0 0 63 1.52264 0.0682842 5.96112 4.61537
0 0 64 -4.85804 -4.00941 10.5376 2.02297
0 0 65 -5.37494 -7.79821 8.29428 -1.38677
0 0 66 -1.80761 -9.80222 4.52529 -0.659033
0 0 67 -0.212786 -14.3589 6.75893 0.26822
0 0 68 -0.352006 -19.484 5.51246 0.388033
0 0 69 -0.272058 -17.4597 1.58422 2.32224
0 0 70 -2.28592 -7.57901 3.53812 3.01013
0 0 71 -3.7112 -2.51351 7.66594 -0.220411
0 0 72 -0.839964 -6.42207 5.00408 -2.47369
0 0 73 0.834807 -9.11415 -2.58341 -0.678828
0 0 74 0.834807 -11.497 -7.89798 0.517484
0 0 75 0.226927 -15.3061 -9.09442 -1.716
0 0 76 -0.262409 -9.29344 -8.78509 -1.31697
0 0 77 -1.45887 -1.11775 -6.9205 0.93631
0 0 78 -3.38314 5.47274 -8.03732 0.388033
0 0 79 -3.87109 8.2345 -6.69132 0.248424
0 0 80 -2.51336 -2.49389 -0.709131 1.05586
0 0 81 -0.500875 -8.64596 5.78144 1.96332
0 0 82 -0.889587 -7.24952 11.1358 -0.529322
0 0 83 -2.37552 -9.21428 6.79874 -4.42795
0 0 84 -1.68769 -14.2689 3.82754 -5.51461
0 0 85 -1.66839 -13.2419 4.91424 -4.99628
0 0 86 0.425419 -6.99039 1.28511 -3.49054
0 0 87 2.5399 -1.70636 -4.01924 -1.0677
0 0 88 0.0973564 2.14265 -5.97368 1.55439
0 0 89 -2.65533 3.01002 -4.20861 2.44179
0 0 90 0.27655 2.65076 -5.38514 2.24254
0 0 91 7.96396 7.50651 -10.4899 3.30914
0 0 92 13.2777 11.6045 -10.6196 6.71914
0 0 93 13.388 11.1059 -2.66357 6.47977
0 0 94 10.5264 13.6586 6.64918 -0.379815
0 0 95 9.43886 11.7743 8.1146 -0.629079
0 0 96 10.3665 6.99841 6.13058 4.82478
0 0 97 11.5037 4.32595 4.91424 3.66832
0 0 98 16.6976 7.20747 3.77751 -0.0607467
0 0 99 26.2197 9.41106 -2.44407 2.67126
0 0 100 30.9766 5.2833 -3.91972 5.69212
0 0 101 34.8554 0.497231 -0.679005 3.67822
0 0 102 43.4898 -5.89367 7.42654 1.57445
0 0 103 50.9773 -10.5099 17.9556 0.377875
0 0 104 54.7183 -12.2751 16.4601 -0.678828
0 0 105 59.0135 -10.0512 6.52921 -0.948148
0 0 106 64.188 -4.84701 -4.25864 -0.0907001
0 0 107 70.2007 2.27188 -11.6966 1.63409
0 0 108 74.6571 8.02544 -15.0863 0.84645
0 0 109 73.9403 6.48963 -11.278 -0.479573
0 0 110 74.2105 0.926177 -0.549355 -1.75585
0 0 111 78.1169 1.03578 0.766512 -4.14873
0 0 112 78.8075 4.93419 -8.7555 -3.34103
0 0 113 76.5938 9.4909 -11.2081 -0.918195
0 0 114 75.0458 13.7283 -6.9205 0.617242
0 0 115 71.0401 11.8636 -2.50379 2.90047
0 0 116 66.2226 3.82732 1.18505 4.24655
0 0 117 64.9558 0.297642 9.45091 2.79081
0 0 118 64.2887 -2.21447 19.9397 4.41611
0 0 119 63.2108 -7.38957 20.1688 6.68918
0 0 120 61.8654 -16.9509 10.0787 4.42601
0 0 121 60.1603 -19.0949 -3.95953 4.85473
0 0 122 57.2284 -10.4402 -9.8422 4.77503
0 0 123 53.2421 -1.75575 -4.66749 1.25538
0 0 124 49.9807 3.34898 0.656767 0.597186
0 0 125 48.1654 1.86323 4.60491 0.35808
0 0 126 45.3134 -4.92684 9.83986 -1.21747
0 0 127 43.0101 -10.4206 14.5955 -0.818437
0 0 128 40.8267 -8.95448 15.4729 1.40489
0 0 129 33.3998 -3.31119 8.18454 3.44875
0 0 130 23.1692 2.95995 -0.9184 3.07003
0 0 131 16.75 4.23597 -3.88959 2.68116
0 0 132 17.4254 0.577066 -2.52369 2.89057
0 0 133 22.8012 1.893 -2.52369 -0.27016
0 0 134 24.9336 7.836 -10.6997 -5.62426
0 0 135 22.6799 9.25139 -14.8673 -5.10594
0 0 136 18.8534 6.7386 -5.08603 -0.0907001
0 0 137 14.5238 3.73801 5.64211 0.657093
0 0 138 10.5457 3.54857 5.52268 -2.96206
0 0 139 7.36573 2.75089 4.17669 -4.78687
0 0 140 3.47723 -5.41533 2.66069 -3.78981
0 0 141 4.32495 -14.6877 -6.09311 -1.30707
0 0 142 9.71868 -14.1296 -10.789 0.906357
0 0 143 10.5457 -7.32935 -3.77016 1.7638
0 0 144 7.07626 -2.88292 4.90402 2.73091
0 0 145 2.50958 -2.88292 7.58632 2.63115
0 0 146 -0.491226 -9.64255 5.8815 1.15562
0 0 147 -0.99986 -11.7264 1.13556 3.32919
0 0 148 -0.33133 0.0188945 -3.39143 6.66939
0 0 149 -0.201759 6.79882 -3.86969 5.06415
0 0 150 -1.00951 2.98972 -1.99541 2.02297
0 0 151 -1.46852 3.88753 1.07584 3.16979
0 0 152 -0.79999 13.4292 5.74163 3.21954
0 0 153 -0.172813 23.4492 4.64525 2.32224
0 0 154 -2.04608 21.9141 -3.86969 7.12806
0 0 155 -3.93174 10.4577 -8.89484 8.5838
0 0 156 -3.54303 -0.46959 -6.10333 5.29335
0 0 157 -1.24935 -4.28884 -0.27015 3.99728
0 0 158 0.425419 3.73801 4.46557 4.49581
0 0 159 -1.55812 11.5145 3.86735 5.82184
0 0 160 -3.60093 8.08498 3.26913 7.27757
0 0 161 -3.09229 0.945798 1.92314 5.55252
0 0 162 -2.68428 -3.83959 -2.52369 0.547437
0 0 163 -2.90483 0.0885814 -4.38829 -1.15756
0 0 164 -3.00407 3.90715 -2.41395 0.517484
0 0 165 -3.45206 -1.13804 -0.100691 0.746953
0 0 166 -3.99102 -5.91396 2.9399 -1.59618
0 0 167 -7.04007 -5.25566 6.24033 -3.74996
0 0 168 -11.5268 -3.46071 8.45352 -5.39505
0 0 169 -11.2387 -5.9938 5.59208 -5.10594
0 0 170 -6.93255 -9.3638 2.6806 -2.56329
0 0 171 -3.21221 -8.13718 6.60937 -1.75585
0 0 172 -0.919912 -2.66304 10.8668 -2.89251
0 0 173 -0.710394 0.09873 12.3323 -2.09471
0 0 174 -1.70836 -2.95261 10.6474 0.627139
0 0 175 -0.700745 -6.58174 6.35007 0.746953
0 0 176 -0.790342 -7.82798 1.89302 -0.0307933
0 0 177 -3.50306 -3.03244 -2.87283 1.56455
0 0 178 -5.57481 2.98025 -8.77541 3.4787
0 0 179 -6.84157 1.85308 -9.39353 3.74802
0 0 180 -6.27229 -0.808553 -2.61353 2.56161
0 0 181 -4.15918 -1.49663 4.5651 3.23959
0 0 182 -3.99102 -3.37141 7.64603 4.74508
0 0 183 -6.75198 -1.1076 1.75368 4.79483
0 0 184 -8.2572 2.99987 -4.45822 3.75792
0 0 185 -6.0352 1.20492 -1.74579 3.5584
0 0 186 -1.01916 -4.65757 2.29219 5.03419
0 0 187 3.77634 -11.9659 4.39564 3.18959
0 0 188 5.52141 -16.8812 8.99203 -2.6831
0 0 189 4.84323 -14.4286 10.8265 -5.02597
0 0 190 3.21808 -5.30572 4.19659 -2.09471
0 0 191 0.714885 3.82732 -6.86078 0.776646
0 0 192 -2.22527 8.69322 -13.8802 -0.419666
0 0 193 -2.04608 7.24739 -14.0394 -3.70985
0 0 194 1.2442 2.70082 -11.2581 -2.29423
0 0 195 3.03889 1.62372 -8.04754 2.53165
0 0 196 2.6102 3.06956 -3.74004 3.11978
0 0 197 2.21046 2.51138 1.67406 0.726897
0 0 198 2.05057 2.87064 2.04257 -0.170402
0 0 199 2.96859 5.56205 0.846131 -1.13751
0 0 200 5.49109 6.68921 2.70104 -1.31697
0 0 201 4.59374 4.97411 2.5913 1.20537
0 0 202 0.0670313 0.0188945 4.73456 2.75096
0 0 203 -3.87109 -2.14478 10.3482 1.36503
0 0 204 -5.59549 1.03578 12.2526 0.248424
0 0 205 -5.84498 4.47547 6.93807 0.208313
0 0 206 -4.33976 6.60938 0.946193 1.06602
0 0 207 -0.630446 8.69322 -2.31442 2.77076
0 0 208 3.50755 8.70337 -5.2259 2.85072
0 0 209 5.04172 4.15681 -6.00326 2.33214
0 0 210 2.15119 -3.98912 -1.72589 3.78787
0 0 211 -1.13908 -10.0816 3.49831 4.75497
0 0 212 0.2159 -9.74268 2.48155 2.4319
0 0 213 0.914755 -6.69134 -1.1777 -2.05486
0 0 214 -3.27286 -6.17309 -1.37729 -3.42073
0 0 215 -6.70373 -3.76991 0.796638 -0.66893
0 0 216 -5.95526 -0.210463 5.1036 -0.220411
0 0 217 -4.15918 -2.99253 10.6474 -2.87246
0 0 218 -4.49 -6.19271 13.7283 -2.37393
0 0 219 -4.59752 -0.709097 14.3464 2.06308
0 0 220 -2.79318 6.39964 11.0261 3.77797
0 0 221 -3.21221 5.23323 8.22435 1.25538
0 0 222 -5.38597 -2.6035 9.05174 -0.489471
0 0 223 -5.16818 -7.4694 6.24033 0.0689644
0 0 224 -3.11297 -3.1522 3.38856 1.16552
0 0 225 -1.29898 5.09386 3.00015 2.10293
0 0 226 0.107005 8.62353 0.347974 2.47175
0 0 227 1.02365 4.09659 -0.410022 1.54449
0 0 228 -0.121811 -1.99526 0.706798 0.617242
0 0 229 -2.0764 -2.82271 -1.90557 0.347922
0 0 230 -2.22527 -0.649558 -6.43202 -0.838493
0 0 231 -2.04608 2.5513 -8.45639 -1.9551
0 0 232 -1.11013 4.19672 -7.93779 -0.71894
0 0 233 2.57023 2.30232 -7.50903 1.52444
0 0 234 3.54615 3.46873 -5.86393 4.84484
0 0 235 0.455744 8.17497 -1.21751 6.9684
