0 0 0 8.90089 -1.46032 2.27287 -2.94465
0 0 1 3.57821 1.50768 -4.36943 6.22986
0 0 2 6.00539 6.98217 -9.67222 11.8031
0 0 3 23.0356 11.5661 -14.1316 10.8469
0 0 4 37.5005 9.30364 -17.9038 10.7147
0 0 5 39.5981 8.02413 -13.722 15.2396
0 0 6 36.5238 4.01387 -5.41116 23.194
0 0 7 27.9236 2.63551 -0.424875 27.93
0 0 8 21.2352 3.20267 -4.87037 18.7223
0 0 9 17.5348 2.89283 -13.478 8.49201
0 0 10 17.1394 2.35842 -10.3648 2.33161
0 0 11 20.6743 9.71942 -6.60514 -6.48009
0 0 12 17.0202 17.8783 -5.80692 -9.57317
0 0 13 11.2292 12.4764 -11.493 -4.84457
0 0 14 11.5657 4.09974 -23.2604 0.174748
0 0 15 12.9511 3.44022 -26.3529 2.20628
0 0 16 8.55175 9.79171 -19.3028 7.48941
0 0 17 4.41602 11.5596 -9.94262 8.68372
0 0 18 0.201064 6.88981 -6.8693 5.98607
0 0 19 -6.34782 1.18456 -3.02368 1.47436
0 0 20 -6.13679 -1.23635 5.12238 -4.75873
