0 0 0 0.0281066
0 0 1 0.573918
0 0 2 0.646046
0 0 3 0.295111
0 0 4 1.07645
0 0 5 0.561329
0 0 6 0.651816
0 0 7 0.278325
0 0 8 0.980458
0 0 9 1.60076
0 0 10 2.81041
0 0 11 3.98544
0 0 12 6.66965
0 0 13 6.79948
0 0 14 9.15924
0 0 15 11.6376
0 0 16 12.1409
0 0 17 13.388
0 0 18 14.6271
0 0 19 15.9595
0 0 20 15.9296
0 0 21 15.2956
0 0 22 15.0297
0 0 23 15.3982
0 0 24 14.8403
0 0 25 13.7143
0 0 26 13.3104
0 0 27 12.443
0 0 28 11.6095
0 0 29 11.1623
0 0 30 10.8688
0 0 31 9.86845
0 0 32 8.75532
0 0 33 8.6887
0 0 34 8.45789
0 0 35 7.95693
0 0 36 8.17961
0 0 37 6.45798
0 0 38 6.71843
0 0 39 5.52819
0 0 40 5.33017
0 0 41 5.396
0 0 42 4.69937
0 0 43 4.00852
0 0 44 2.75349
0 0 45 3.27203
0 0 46 3.18469
0 0 47 2.88883
0 0 48 2.55783
0 0 49 2.10723
0 0 50 2.59639
0 0 51 1.82291
0 0 52 2.42957
0 0 53 2.28374
0 0 54 2.28532
0 0 55 1.11894
0 0 56 1.64246
0 0 57 0.559493
0 0 58 0.890757
0 0 59 1.55827
0 0 60 0.357534
0 0 61 1.90448
0 0 62 0.661521
0 0 63 -0.97775
0 0 64 1.1415
0 0 65 0.495496
0 0 66 0.537199
0 0 67 -0.242832
0 0 68 0.60854
0 0 69 1.40037
0 0 70 0.310323
0 0 71 0.898625
0 0 72 1.24327
0 0 73 0.728665
0 0 74 0.0448927
0 0 75 0.510708
0 0 76 -0.0191045
0 0 77 0.379304
0 0 78 -0.383678
0 0 79 -0.0993632
0 0 80 -0.29083
0 0 81 -0.0534636
0 0 82 0.156363
0 0 83 0.0288934
0 0 84 -0.20585
0 0 85 -0.887262
0 0 86 0.315045
0 0 87 -1.22928
0 0 88 0.150855
0 0 89 -0.888836
0 0 90 0.00738617
0 0 91 0.100234
0 0 92 0.566837
0 0 93 -0.00153147
0 0 94 -0.555999
0 0 95 0.0737439
0 0 96 0.206197
0 0 97 -0.410956
0 0 98 0.0467287
0 0 99 -0.253848
0 0 100 -0.997684
0 0 101 0.19964
0 0 102 -0.0206782
0 0 103 -0.0343169
0 0 104 0.208558
0 0 105 -0.121657
0 0 106 0.217475
0 0 107 1.0198
0 0 108 0.29039
0 0 109 -1.04752
0 0 110 -0.17936
0 0 111 -0.347746
0 0 112 -0.0600207
0 0 113 0.510708
0 0 114 0.0304671
0 0 115 -0.0143834
0 0 116 -0.359811
0 0 117 -0.401514
0 0 118 4.22335e-05
0 0 119 0.454579
0 0 120 0.425728
0 0 121 -0.127427
0 0 122 1.05495
0 0 123 0.0210249
0 0 124 0.538772
0 0 125 0.00161593
0 0 126 -0.54577
0 0 127 -0.0663155
0 0 128 -0.738023
0 0 129 -0.151295
0 0 130 0.100234
0 0 131 0.828071
0 0 132 -0.0183176
0 0 133 -0.253061
0 0 134 0.230852
0 0 135 0.0787273
0 0 136 -0.373449
0 0 137 0.22377
0 0 138 0.238982
0 0 139 -0.809364
0 0 140 0.615621
0 0 141 -0.737236
0 0 142 -0.218702
0 0 143 0.727879
0 0 144 0.219049
0 0 145 -1.00345
0 0 146 -0.717303
0 0 147 0.364092
0 0 148 0.250261
0 0 149 -0.0366774
0 0 150 1.2931
0 0 151 0.642899
0 0 152 0.194919
0 0 153 -0.141853
0 0 154 0.0441058
0 0 155 0.237409
0 0 156 0.186001
0 0 157 0.574705
0 0 158 -0.0398248
0 0 159 0.211705
0 0 160 -0.224997
0 0 161 -0.851067
0 0 162 0.299045
0 0 163 -0.109592
0 0 164 -0.50328
0 0 165 0.647882
0 0 166 -0.57226
0 0 167 0.429662
0 0 168 0.481857
0 0 169 0.373534
0 0 170 0.213279
0 0 171 0.214852
0 0 172 0.283046
0 0 173 -0.217915
0 0 174 0.332093
0 0 175 -0.0736594
0 0 176 0.342322
0 0 177 0.263112
0 0 178 0.0915791
0 0 179 -0.164934
0 0 180 -0.292404
0 0 181 -0.523213
0 0 182 0.129086
0 0 183 0.617195
0 0 184 -0.0238256
0 0 185 0.65103
0 0 186 -0.137657
0 0 187 -0.102511
0 0 188 1.03082
0 0 189 0.26626
0 0 190 -0.00467887
0 0 191 0.433859
0 0 192 -0.164147
0 0 193 -0.148148
0 0 194 1.25376
0 0 195 -0.56885
0 0 196 0.520412
0 0 197 0.157937
0 0 198 0.857709
0 0 199 -0.168868
0 0 200 0.800007
0 0 201 0.674897
0 0 202 0.455366
0 0 203 0.781647
0 0 204 0.491561
0 0 205 0.58677
0 0 206 0.311897
0 0 207 0.522773
0 0 208 0.884986
0 0 209 0.30875
0 0 210 -0.080741
0 0 211 0.116234
0 0 212 1.13678
0 0 213 0.13879
0 0 214 0.255769
0 0 215 1.27133
0 0 216 -0.0526767
0 0 217 0.496282
0 0 218 -0.280339
0 0 219 -0.107232
0 0 220 0.966819
0 0 221 -0.170704
0 0 222 0.663881
0 0 223 0.085022
0 0 224 0.527494
0 0 225 -0.297912
0 0 226 0.598048
0 0 227 0.0346636
0 0 228 1.19842
0 0 229 -0.0303826
0 0 230 0.550837
0 0 231 -0.0440214
0 0 232 1.32011
0 0 233 -0.258045
0 0 234 0.565263
0 0 235 0.566837
0 0 236 0.113873
0 0 237 0.670176
0 0 238 -0.133722
0 0 239 0.203836
0 0 240 0.279899
0 0 241 0.074793
0 0 242 -0.563342
0 0 243 -0.0534636
0 0 244 0.435433
0 0 245 0.497856
0 0 246 0.0498761
0 0 247 -0.194572
0 0 248 -0.624192
0 0 249 0.33524
0 0 250 0.320028
0 0 251 0.664668
0 0 252 0.16056
0 0 253 0.00817302
0 0 254 0.939541
0 0 255 -0.160213
