0 0 0 -20.5372 21.0098 -7.5534 -17.2807
0 0 1 24.0678 3.78033 45.5914 38.1416
0 0 2 118.563 -157.216 80.7283 -85.5341
0 0 3 21.8943 -67.9985 -59.3523 -4.18966
0 0 4 47.6134 -39.5342 41.8667 3.98769
0 0 5 126.268 -78.5022 11.6961 45.3338
0 0 6 91.1353 4.29681 30.9455 87.4051
0 0 7 -31.4049 -34.0502 -33.5325 -28.3047
0 0 8 11.7535 -4.19316 6.05417 98.8462
0 0 9 -14.2273 95.8411 117.42 6.47172
0 0 10 91.0844 31.2581 -27.8412 34.0559
0 0 11 56.3585 72.0367 -76.1241 -42.6891
0 0 12 -55.99 47.8144 -95.9889 -3.10176
0 0 13 -0.459107 123.835 -84.0953 20.9589
0 0 14 110.486 -5.27834 -69.9054 -87.0873
0 0 15 7.76985 -42.7955 18.4751 87.0969
0 0 16 3.98976 106.861 -57.023 118.144
0 0 17 -39.3795 -71.3121 -20.5951 -132.217
0 0 18 35.0882 21.1143 53.0462 5.38382
0 0 19 44.1968 -8.84727 8.27906 -73.12
0 0 20 -69.9618 44.9709 26.9627 11.8024
0 0 21 19.1028 5.07443 -52.727 139.878
0 0 22 19.9243 -52.5274 -5.48782 59.5671
0 0 23 13.6144 13.2975 40.0539 97.8066
0 0 24 44.095 -29.9126 66.2912 37.2652
0 0 25 6.78121 -42.4357 -36.7957 54.7562
0 0 26 3.82984 70.3828 -32.0273 -50.9148
0 0 27 2.17968 -83.2143 -63.7526 -22.557
0 0 28 26.2923 -181.275 -35.4992 -30.686
0 0 29 6.73033 40.0557 149.557 58.2737
0 0 30 99.9821 -52.9916 20.4913 -66.8041
0 0 31 59.2081 -52.2662 51.2333 111.417
0 0 32 47.817 37.1077 94.0831 36.0202
0 0 33 88.86 -79.8485 124.149 34.6724
0 0 34 -74.258 14.7482 -19.403 34.5213
0 0 35 99.0517 -25.6183 67.8953 36.2257
0 0 36 -28.3009 55.0103 -30.533 -81.7566
0 0 37 115.975 70.4814 24.584 -7.13907
0 0 38 133.879 -56.2008 31.0499 -84.4522
0 0 39 131.139 -85.1293 39.5375 -91.3301
0 0 40 47.1482 -45.4882 -47.1456 -33.7381
0 0 41 53.0437 13.9706 -39.125 -50.2439
0 0 42 0.311449 -9.98468 -5.89984 23.9143
0 0 43 -54.2308 -73.7958 -129.055 -74.2562
0 0 44 15.6862 50.9249 -40.6741 -20.8526
0 0 45 -0.30645 -37.9325 -22.1498 120.84
0 0 46 -2.37823 34.3628 -63.1868 24.0654
0 0 47 23.857 121.352 37.4664 80.6783
0 0 48 125.032 2.27732 -32.9667 -31.9794
0 0 49 35.4517 -176.877 -3.67494 40.9882
0 0 50 16.5149 18.114 36.2249 181.641
0 0 51 -4.13742 -100.188 50.9751 9.16124
0 0 52 -19.5558 -38.3445 22.6667 -17.6917
0 0 53 74.7283 18.9381 145.673 -97.646
0 0 54 65.4162 -58.3189 50.3543 -85.5885
0 0 55 -0.30645 -1.80808 46.0583 57.9111
0 0 56 19.1537 -16.3507 146.97 28.5681
0 0 57 -3.41048 3.25805 -53.0896 12.5277
0 0 58 -31.9792 41.814 -7.19083 -4.34076
0 0 59 162.135 13.1466 29.3414 -61.2135
0 0 60 11.3391 -152.3 67.324 124.097
0 0 61 64.5366 -60.2861 -19.0954 -32.753
0 0 62 -116.173 126.841 -35.1366 -90.762
0 0 63 31.6716 7.61039 18.1126 -20.1757
0 0 64 -15.9865 -59.8219 0.412272 -81.9682
0 0 65 -27.5812 -94.6 35.3953 3.15968
0 0 66 -52.9878 -56.2008 -60.0829 68.2582
0 0 67 -62.0963 46.8337 -43.6736 -16.918
0 0 68 -60.7006 -5.79482 -43.366 7.45687
0 0 69 12.5822 64.5855 17.4423 3.57671
0 0 70 -42.9996 -18.318 58.9408 -4.39515
0 0 71 43.2663 -0.618436 21.7328 -5.94842
0 0 72 -18.0074 5.79401 -48.5904 72.8152
0 0 73 -53.7147 125.75 -85.2764 77.469
0 0 74 14.7557 28.7222 5.48833 -11.0192
0 0 75 -9.00065 9.21205 80.1624 -39.0144
0 0 76 85.9595 72.3965 40.2077 33.7416
0 0 77 -8.27371 -58.1158 23.3369 44.1431
0 0 78 -49.5203 -91.5418 3.62052 -55.9372
0 0 79 -32.4445 -17.8537 61.27 120.683
0 0 80 -51.3812 24.4801 70.9497 69.0862
0 0 81 9.11469 -159.856 -14.5907 -9.15772
0 0 82 34.5212 45.9516 -7.91598 -65.7162
0 0 83 53.2036 25.9773 32.9122 56.7748
0 0 84 43.9424 48.4876 -64.3185 78.4542
0 0 85 24.017 25.7742 36.3292 -6.46215
0 0 86 -14.9543 58.2194 33.3242 11.6453
0 0 87 -39.3795 24.3234 44.8168 62.9275
0 0 88 -52.5225 -8.5397 -123.259 87.4051
0 0 89 16.0497 44.5066 -81.0903 12.3705
0 0 90 49.1618 -11.6444 6.00473 -56.1971
0 0 91 -34.3054 -20.5986 -75.3441 100.345
0 0 92 -16.8661 27.5325 -76.6405 -31.6651
0 0 93 24.2714 35.5524 114.937 54.3391
0 0 94 -98.058 17.232 -47.9202 -24.6784
0 0 95 -18.3127 -33.4293 -50.0901 -21.2636
0 0 96 -39.7357 -19.0956 15.992 -15.6247
0 0 97 -110.016 65.7229 -27.6873 53.2512
0 0 98 -47.4485 11.3882 18.7828 70.3796
0 0 99 -56.1427 1.29659 62.9785 -61.8905
0 0 100 35.0374 -99.463 32.7584 -58.2158
0 0 101 -19.7666 -47.9719 79.1791 57.8567
0 0 102 1.45274 -2.27813 19.5629 -98.3712
0 0 103 -13.9148 46.9904 48.1294 -33.2183
0 0 104 78.8209 -18.7822 -53.5016 1.19543
0 0 105 198.359 -53.0438 4.08747 -167.918
0 0 106 15.6353 -99.463 -36.1749 60.9149
0 0 107 0.42049 55.4223 44.8662 -47.5
0 0 108 30.5376 30.376 52.2166 101.898
0 0 109 0.471375 26.4938 34.1538 -22.3515
0 0 110 -42.687 36.8988 65.566 -14.4884
0 0 111 -85.1767 -66.0835 -45.2777 49.0628
0 0 112 -49.2586 20.1335 -32.6535 43.6294
0 0 113 99.2552 -83.5741 58.6331 82.2316
0 0 114 21.3782 -11.1801 146.294 -27.3739
0 0 115 26.0887 -60.8549 27.3747 -41.3957
0 0 116 27.3245 -10.298 107.845 -8.11817
0 0 117 -77.2021 -40.3118 52.733 63.2901
0 0 118 14.0797 -32.5008 -8.74551 82.1288
0 0 119 -33.4258 117.162 4.08747 78.8168
0 0 120 -34.1019 -163.785 81.349 -84.9659
0 0 121 13.927 6.26407 -55.8858 -24.213
0 0 122 -4.39185 47.8144 28.1493 -89.106
0 0 123 50.9283 -48.3317 -27.2698 -39.0144
0 0 124 -81.5492 78.8147 -23.0288 -5.58579
0 0 125 -66.3925 62.3571 10.504 5.28108
0 0 126 -36.3772 24.3234 -41.1411 18.9463
0 0 127 72.1912 -36.2264 34.7251 -0.412243
0 0 128 -39.3286 0.826542 -20.1831 -71.5123
0 0 129 -55.1104 6.93723 56.6664 -41.8067
0 0 130 -78.9104 74.6249 12.6794 -53.2477
0 0 131 34.4195 -21.3182 -40.5698 -28.1475
0 0 132 -16.6044 -40.2073 44.5037 37.9361
0 0 133 -8.53541 21.9963 84.5078 153.954
0 0 134 148.52 -65.9268 113.124 61.1204
0 0 135 1.81621 -186.556 28.1493 82.1288
0 0 136 5.90161 41.2453 -86.8311 72.7608
0 0 137 65.6706 12.5779 -80.0575 -8.22696
0 0 138 46.0069 -35.7041 -39.07 -11.7445
0 0 139 -17.5422 -54.8022 5.64215 91.0798
0 0 140 -69.6492 -46.1613 73.4328 -15.4192
0 0 141 -52.4208 3.31028 -38.2405 -7.34456
0 0 142 -8.78984 150.489 -44.657 28.3626
0 0 143 17.0819 42.7947 38.3454 -1.85673
0 0 144 46.5812 8.23133 69.6038 77.3663
0 0 145 34.056 8.23133 16.5084 -46.3094
0 0 146 -11.6394 5.69536 8.17469 33.0164
0 0 147 41.5071 -143.811 -83.9909 7.35413
0 0 148 61.4325 90.6125 9.05915 -43.4144
0 0 149 -24.7825 33.9972 -55.8858 -75.8095
0 0 150 4.40412 73.8472 -10.921 24.3253
0 0 151 -105.924 2.43401 -65.8731 142.725
0 0 152 53.4071 42.226 60.9075 9.21564
0 0 153 -38.7034 -11.4877 -5.58671 47.6123
0 0 154 -2.32734 33.0165 -58.2096 98.8945
0 0 155 -3.30871 48.7487 59.3583 -12.7236
0 0 156 -49.2077 -127.771 -14.5412 -64.4772
0 0 157 -8.38275 58.3761 168.862 70.5367
0 0 158 37.5235 -112.346 58.4244 91.2369
0 0 159 13.927 -17.2328 -66.5983 -76.8974
0 0 160 26.1396 -42.488 57.5454 -23.6993
0 0 161 21.9961 -72.9137 1.7582 41.9734
0 0 162 92.1167 -74.469 56.1995 23.7572
0 0 163 -1.3387 12.0556 -60.2807 19.877
0 0 164 -41.8074 3.21163 -72.3391 -32.1305
0 0 165 -83.4175 -10.6578 78.5034 -71.2524
0 0 166 82.9572 -44.7106 118.661 40.9338
0 0 167 15.4754 34.1017 -35.8123 1.45531
0 0 168 -76.9477 -41.867 24.3752 -56.04
0 0 169 46.0578 -21.0628 7.29571 -91.6444
0 0 170 65.8305 -27.5797 91.4407 23.5517
0 0 171 -27.4722 -69.6524 -37.7241 -1.343
0 0 172 17.2855 41.9185 63.0829 66.451
0 0 173 -93.8708 67.429 -56.556 34.207
0 0 174 118.047 -63.7042 31.2587 -52.6796
0 0 175 18.6303 13.0421 -34.9279 2.22893
0 0 176 -1.44775 -9.16063 -3.36181 -19.0938
0 0 177 51.3935 -4.96498 115.92 -29.2354
0 0 178 79.2862 -135.17 71.2573 -43.1545
0 0 179 3.42275 20.3889 49.1128 6.26623
0 0 180 -47.1941 33.1209 74.7293 -9.15772
0 0 181 124.72 -20.9584 45.8496 42.5899
0 0 182 128.5 -36.6907 19.3047 2.02343
0 0 183 42.1759 -79.5931 -8.33349 37.0537
0 0 184 -21.9402 -47.0376 -129.582 -25.3009
0 0 185 -21.2641 -59.4621 49.4204 -58.2158
0 0 186 -35.5994 -5.58591 -67.6311 99.4143
0 0 187 -103.801 54.2327 -21.9411 154.111
0 0 188 -3.56314 -19.2523 54.1284 10.8173
0 0 189 6.78121 -103.189 114.365 -6.57094
0 0 190 -130.509 30.6894 43.1577 40.68
0 0 191 -5.01702 123.162 -135.059 -55.4719
0 0 192 -15.674 90.5602 33.0166 -58.6812
0 0 193 80.631 18.8917 60.1823 45.1283
0 0 194 0.624033 14.4407 33.5879 26.9665
0 0 195 138.539 -125.391 105.416 -44.0369
0 0 196 138.43 -63.7564 78.5034 24.3797
0 0 197 -24.6299 -16.1476 -68.977 18.3237
0 0 198 33.5907 -6.98446 56.4082 -101.732
0 0 199 73.8487 -146.503 -29.4947 -66.236
0 0 200 117.632 -28.8216 33.8461 24.1198
0 0 201 90.5101 -36.9982 102.307 -22.0916
0 0 202 -25.6112 -42.3313 -78.7116 0.470161
0 0 203 18.9429 -191.93 -33.5874 -12.8324
0 0 204 -49.055 19.6113 -34.4664 -13.8115
0 0 205 -17.4331 -48.4884 -81.6562 125.083
0 0 206 -5.43137 25.1532 59.5121 56.666
0 0 207 30.3268 -77.9334 -18.9416 -108.773
0 0 208 84.3529 -1.39605 -88.3363 -28.7157
0 0 209 -61.6311 94.0305 -149.656 -130.095
0 0 210 101.843 72.8143 -191.154 -24.9926
0 0 211 23.0865 -2.69015 -35.241 -34.826
0 0 212 1.8671 -109.294 -25.5119 -122.432
0 0 213 37.4726 -13.4027 65.7198 63.2418
0 0 214 62.363 -22.56 -7.71272 -65.7162
0 0 215 -45.2749 121.096 -101.993 48.4403
0 0 216 84.7673 -73.0182 -124.039 184.59
0 0 217 -5.79484 53.3564 -88.3803 58.9446
0 0 218 28.2041 -32.3441 134.291 0.210275
0 0 219 130.826 2.53846 100.445 -24.9383
0 0 220 8.75122 2.32955 -24.6329 57.4457
0 0 221 -52.6243 32.912 -4.08696 77.5234
0 0 222 36.0187 -117.058 42.5919 -89.6741
0 0 223 57.289 43.8335 -56.7648 -22.9196
0 0 224 -14.5399 76.4354 -55.3639 0.415766
0 0 225 73.0708 -2.84684 -14.0743 27.6917
0 0 226 75.8696 -21.8869 3.67545 19.4116
0 0 227 11.6444 -5.06943 1.08798 13.5128
0 0 228 37.9887 80.5208 77.0036 -103.442
0 0 229 -15.7248 -15.9909 16.9204 93.8237
0 0 230 -37.7729 -60.704 78.4539 19.6655
0 0 231 28.7275 119.025 49.9917 -4.34076
0 0 232 -59.2467 -24.7362 -59.8687 -67.475
0 0 233 61.1199 -3.52 52.5792 -51.6945
0 0 234 97.9613 -13.867 16.1459 -164.249
0 0 235 61.3816 -18.4746 -25.7701 -62.7668
0 0 236 66.4993 -3.00352 -82.8977 -20.2845
0 0 237 115.095 113.953 -52.5732 69.2433
0 0 238 190.13 108.521 30.6379 228.161
0 0 239 322.658 10.8659 43.9378 182.366
0 0 240 308.636 -38.7101 51.3377 74.5196
0 0 241 23.9661 58.4748 2.01639 87.9793
0 0 242 6.73033 188.372 -151.776 1.6608
0 0 243 52.5784 32.6567 -70.8393 69.5516
0 0 244 194.528 152.712 -29.3409 -83.4127
0 0 245 325.501 22.8726 -79.3763 -106.337
0 0 246 251.709 -30.8933 -53.139 -93.5059
0 0 247 3.31371 -88.0251 -81.6067 6.62886
0 0 248 -55.5248 -14.5924 -26.1327 2.63991
0 0 249 14.3414 68.2066 -37.8285 -49.0533
0 0 250 -9.10242 -24.1153 71.3617 48.3859
0 0 251 -105.924 9.78076 -91.9511 -51.8516
0 0 252 -56.8187 -78.7633 -92.5719 -7.86433
0 0 253 27.3245 96.5142 39.5869 -50.9692
0 0 254 -20.6971 24.4801 49.8324 32.7081
0 0 255 -12.0538 22.6173 3.67545 -53.4532
0 0 256 39.2827 -78.5544 44.8168 -89.9884
0 0 257 71.5225 -97.7569 34.7746 135.895
0 0 258 -102.819 9.62408 67.1207 4.04209
0 0 259 70.432 -61.528 4.50498 -74.3046
0 0 260 -70.0636 -31.3054 40.4164 -52.9334
0 0 261 -5.79484 1.03545 -22.3036 -43.4144
0 0 262 -58.2145 -78.7633 45.1244 9.21564
0 0 263 36.8983 -27.1155 -0.362322 65.7741
0 0 264 -52.6752 3.36251 30.1709 45.2854
0 0 265 27.3827 20.4411 -33.8951 -46.7264
0 0 266 47.1991 54.5461 -9.98706 -2.27375
0 0 267 -35.185 27.2191 -123.21 12.1106
0 0 268 22.0469 135.534 46.9868 -117.313
0 0 269 57.3399 23.8069 17.0248 1.92069
0 0 270 1.19105 -28.3051 -125.846 -66.7497
0 0 271 116.956 107.848 58.7869 -50.6609
0 0 272 -4.60266 24.01 -55.4683 -10.711
0 0 273 -90.8686 42.9514 -98.9389 74.6768
0 0 274 148.68 -20.0241 56.6664 -87.1901
0 0 275 59.5134 104.377 -14.2281 96.9303
0 0 276 -19.1923 -17.1283 -105.152 11.8568
0 0 277 15.9407 -83.9919 40.6252 59.5127
0 0 278 120.838 -34.8278 94.182 -88.4895
0 0 279 54.0323 -94.6 -50.7603 -79.4841
0 0 280 -37.3077 98.4293 7.44953 16.8249
0 0 281 42.3867 -1.23937 13.3002 40.9338
0 0 282 -24.9933 3.10717 -66.0325 -102.771
0 0 283 -73.1676 88.0765 -30.8406 7.40248
0 0 284 -27.2686 90.2004 -127.039 26.2412
0 0 285 22.9265 17.5453 41.1416 24.6335
0 0 286 -150.892 -30.4813 -58.7809 -42.7435
0 0 287 24.1187 -38.6579 63.0335 -20.49
0 0 288 -44.3445 -65.2014 -17.2331 17.7012
0 0 289 -107.843 69.7096 -77.4701 -50.2983
0 0 290 22.5122 40.8855 -36.5375 114.107
0 0 291 67.328 87.0958 -6.98757 -4.91492
0 0 292 17.0311 52.1145 -21.3203 -54.5411
0 0 293 -16.7644 0.101151 14.9538 -29.9063
0 0 294 -23.4377 -68.7761 148.728 -77.4655
0 0 295 -9.77847 -42.9522 82.7993 -46.3638
0 0 296 -35.1341 6.3163 7.50447 -52.5708
0 0 297 -90.6069 4.0879 11.8004 -12.9835
0 0 298 -28.0465 39.3825 21.8372 4.97284
0 0 299 35.2991 64.7886 -3.72439 33.379
0 0 300 40.0605 12.5779 -21.6829 -9.36321
0 0 301 -37.8238 -28.514 0.000253946 0.935539
0 0 302 -140.235 19.4081 -74.6738 39.9547
0 0 303 -109.137 67.7946 -50.8647 16.5106
0 0 304 -27.5812 47.8144 -12.6789 10.6662
0 0 305 -49.8837 -16.6118 -25.5119 39.5921
0 0 306 -44.6062 -14.6446 13.6628 30.8466
0 0 307 -16.8153 79.4356 38.0377 -22.7141
0 0 308 -37.8747 8.7478 2.17571 -13.1406
0 0 309 30.8429 -71.6719 -88.3363 -9.5687
0 0 310 37.9378 -16.7163 -45.3327 0.572907
0 0 311 12.524 11.1271 -28.0994 54.9617
0 0 312 -13.1369 4.45349 -33.9995 73.9515
0 0 313 -87.2412 -2.48124 14.0253 -23.5421
0 0 314 -113.484 119.286 -57.9514 -29.3382
0 0 315 -33.4258 85.8539 -137.652 -17.1235
0 0 316 -9.51678 80.8342 -66.1808 21.6358
0 0 317 -7.60492 95.2724 5.84541 -1.70563
0 0 318 -7.60492 25.5653 -32.9667 -55.1576
0 0 319 13.0474 24.2189 -26.1876 -48.3824
0 0 320 11.5427 19.4081 -49.777 -97.3861
0 0 321 19.7716 -17.4417 -61.8409 -96.4553
0 0 322 9.9434 -57.0248 -61.8903 -50.5522
0 0 323 -46.518 7.97019 -55.7815 -53.6104
0 0 324 4.92025 -11.1801 -27.8906 -44.188
0 0 325 40.6275 -101.947 13.3496 -22.7685
0 0 326 5.74896 -45.5926 30.9455 -11.3275
0 0 327 -46.6707 36.6898 -45.5414 -10.4995
0 0 328 -2.42911 20.2322 57.441 -70.1162
0 0 329 77.4688 -9.62488 94.5995 -47.6571
0 0 330 -42.5344 21.1665 10.3007 -8.74069
0 0 331 -17.484 2.22509 37.5213 -35.5996
0 0 332 -6.67444 -17.3372 -43.5198 -52.0027
0 0 333 -33.0115 48.6443 -49.6232 -71.1497
0 0 334 45.1273 75.9712 46.4704 -73.6337
0 0 335 34.0051 65.7751 12.4707 -72.8057
0 0 336 -27.116 26.6504 -29.654 -19.8674
0 0 337 -60.5407 59.1479 -65.8237 48.7486
0 0 338 -28.7153 83.0046 -117.26 17.9067
0 0 339 5.38549 54.3371 -99.4059 -114.774
0 0 340 -14.0165 80.0566 -70.8393 -76.2205
0 0 341 -7.445 71.5202 -95.4725 -32.6502
0 0 342 8.75122 5.27754 -48.9529 -28.7701
0 0 343 60.7565 -43.312 78.2946 24.8451
0 0 344 95.8967 -82.1233 113.64 -28.6129
0 0 345 112.507 -25.7692 -19.3536 -77.5138
0 0 346 21.0147 38.5004 -130.456 -12.778
0 0 347 -85.6928 80.6253 -116.535 -12.9835
0 0 348 -86.3616 28.8788 -77.6733 -4.75778
0 0 349 -10.0329 -14.9057 -57.6932 -14.023
0 0 350 -1.39686 -29.7037 -4.03752 -4.91492
0 0 351 -14.489 -55.4231 18.0082 -33.2727
0 0 352 75.9204 5.38199 35.1371 -48.5879
0 0 353 55.2754 -2.69015 -6.62499 3.52231
0 0 354 -9.20419 -40.985 -24.7867 -2.89627
0 0 355 -9.77847 9.36874 10.8665 -52.0571
0 0 356 30.1741 52.0101 16.2997 -42.0182
0 0 357 66.6083 35.1404 8.64164 -5.74293
0 0 358 2.01976 44.9709 2.43391 47.8178
0 0 359 -5.11879 59.9255 -3.72439 6.88875
0 0 360 70.7446 45.0231 10.8171 -36.3249
0 0 361 -15.3686 59.2524 -108.926 41.7135
0 0 362 -99.6646 50.1473 -68.1475 58.8962
0 0 363 -60.5407 -24.3242 14.8549 27.7945
0 0 364 51.2336 -40.2596 -17.5956 23.2918
0 0 365 0.311449 17.1797 -39.1744 58.9446
0 0 366 -56.1936 35.0882 -41.8113 5.59536
0 0 367 14.3923 14.4929 -31.8789 -71.8266
0 0 368 105.987 46.0561 55.7325 -71.5123
0 0 369 41.6598 12.4734 65.2034 -99.3564
0 0 370 -11.6903 38.9705 43.2621 -87.9697
0 0 371 12.0079 80.2133 17.338 -36.7359
0 0 372 -30.6344 -46.5734 -24.1165 -26.3888
0 0 373 -93.093 -25.4616 -68.3562 23.9627
0 0 374 -10.4981 16.3557 -35.1916 -73.5309
0 0 375 11.957 -21.7882 10.4545 -59.8174
0 0 376 -81.9636 -17.1283 2.32953 37.1081
0 0 377 -62.6124 25.1532 -16.2497 28.6225
0 0 378 -44.1918 31.1014 -15.8377 10.0436
0 0 379 30.6903 -33.1682 40.1088 9.68101
0 0 380 18.1142 -48.5406 41.246 -24.5273
0 0 381 -24.7825 47.2457 29.7589 -17.6917
0 0 382 -60.2862 56.9776 36.538 -1.2886
0 0 383 -29.3913 35.036 15.5745 -6.46215
0 0 384 71.3625 45.232 22.0459 -16.1444
0 0 385 88.2857 -60.9593 -23.8034 7.55962
0 0 386 13.0983 -52.6783 20.7 23.4973
0 0 387 -74.0981 0.727888 6.72988 81.2464
0 0 388 -32.9606 19.0948 -34.829 64.8978
0 0 389 12.684 29.2909 -23.4408 -51.5373
0 0 390 27.6371 48.3367 0.154074 -55.7318
0 0 391 -27.7339 6.10738 -40.828 -34.2519
0 0 392 -35.1341 -28.723 24.0621 -21.318
0 0 393 2.01976 -9.52043 16.9754 -3.36165
0 0 394 -19.7157 32.2388 7.09245 20.9105
0 0 395 -4.85709 79.1281 30.8961 -34.7716
0 0 396 -29.3913 25.8728 -32.0273 8.02499
0 0 397 -12.9334 -44.9195 -42.899 41.3509
0 0 398 16.8202 -24.4751 7.71323 21.0677
0 0 399 -9.77847 58.3239 20.5956 37.9844
0 0 400 -21.4168 70.3306 8.95477 67.5329
0 0 401 -84.3479 -34.2591 7.29571 111.315
0 0 402 -45.1223 -33.8935 -3.98258 40.3657
0 0 403 -11.6903 42.0751 3.05468 -93.5059
0 0 404 -97.0767 67.7424 -49.4144 -90.6109
0 0 405 -108.62 7.08811 -40.0534 20.9105
0 0 406 -24.0047 -23.3377 -14.0743 42.0761
0 0 407 95.8967 -44.7628 -1.13691 -27.9904
0 0 408 51.6988 -50.9199 -18.4746 -6.4138
0 0 409 -58.6797 -55.9918 5.94979 -19.1966
0 0 410 -91.1739 -21.1673 38.1421 -73.0656
0 0 411 -17.644 35.448 45.2288 -43.6742
0 0 412 -10.1419 21.5785 69.3456 35.863
0 0 413 17.7507 -40.985 64.1706 -3.77263
0 0 414 32.2968 -66.1879 45.1244 -40.6221
0 0 415 32.5512 -61.1682 24.8422 -7.08467
0 0 416 -4.29008 -89.8357 15.8877 -13.5033
0 0 417 -88.9495 1.19214 -30.8956 -28.5646
0 0 418 -83.3084 47.7158 -23.8034 17.804
0 0 419 -40.0991 16.199 -47.4532 2.7487
0 0 420 30.4867 20.9053 -29.0333 10.1464
0 0 421 44.0441 -12.1608 -14.0248 80.3701
0 0 422 -18.9379 -65.9268 -32.9667 -35.7024
0 0 423 -44.9115 -37.8281 38.8618 -38.6518
0 0 424 -37.046 2.59069 50.0412 56.5149
0 0 425 -96.4588 -31.6187 -3.05417 47.3524
0 0 426 -73.6837 -46.9854 -13.9699 11.8568
0 0 427 55.5807 -6.72913 18.9421 -4.18966
0 0 428 73.696 -27.22 1.91751 58.999
0 0 429 108.473 -60.8026 7.55391 42.2816
0 0 430 140.349 -65.567 23.9083 -10.9648
0 0 431 39.5953 -50.0959 6.3673 38.5042
0 0 432 -38.9651 -40.364 22.5129 16.6133
0 0 433 -67.3739 8.85226 -18.1615 -110.689
0 0 434 -52.5734 20.65 -95.4176 -125.538
0 0 435 6.73033 5.22531 -62.8242 -89.5714
0 0 436 -14.4309 33.8463 -1.60387 -42.2237
0 0 437 -41.7057 0.774313 -22.9739 -4.39515
0 0 438 -4.03565 -73.6391 -45.9535 50.4046
0 0 439 33.9542 -27.3766 -12.1625 -12.1071
0 0 440 -17.7966 52.1668 -109.651 -34.5117
0 0 441 -9.36412 1.39525 -61.7365 19.877
0 0 442 22.4613 -88.8027 7.65829 27.9456
0 0 443 -69.9618 -16.6641 29.9127 45.4365
0 0 444 -94.2271 53.6118 5.43339 55.3726
0 0 445 28.2041 81.2985 -24.3747 26.9121
0 0 446 66.7101 -14.4879 4.60387 -23.385
0 0 447 61.687 -31.462 -17.5407 -12.5181
0 0 448 109.869 30.9448 10.4545 14.4436
0 0 449 68.4693 74.3637 1.5 13.7667
0 0 450 -8.38275 41.9707 23.1831 76.4355
0 0 451 -9.05153 28.9311 84.4035 -10.2456
0 0 452 -26.8034 77.0041 55.2711 -55.7318
0 0 453 -14.0165 69.6052 -22.1993 21.2188
0 0 454 11.0774 19.1992 -26.2865 24.3253
0 0 455 7.04291 -16.2462 -91.3303 -28.3047
0 0 456 -30.8888 26.2384 -49.5188 -21.9888
0 0 457 -60.2862 8.27775 29.4458 61.6885
0 0 458 -74.6724 54.0296 27.3253 27.7401
0 0 459 -65.6147 74.9846 16.871 -7.34456
0 0 460 -39.3286 -0.827349 81.4534 27.4802
0 0 461 -11.0724 -9.4682 0.516649 0.00478356
0 0 462 60.5529 -8.06965 -27.2698 -14.8994
0 0 463 54.7011 24.9965 -22.2542 -8.89783
0 0 464 -5.43137 72.292 -66.0325 32.6054
0 0 465 18.3759 -28.102 -45.0745 1.14103
0 0 466 1.66356 -62.619 -29.4947 -18.2114
0 0 467 -80.2553 23.2904 -27.2204 3.36517
0 0 468 -124.192 79.4879 -48.3871 6.99149
0 0 469 -73.3784 22.565 -0.257944 -46.6236
0 0 470 16.8711 -4.96498 -22.5124 -11.3819
0 0 471 22.9774 36.2778 -123.468 -8.89783
0 0 472 -21.1623 41.9185 -84.6117 3.98769
0 0 473 -3.25783 23.3891 12.0037 65.4115
0 0 474 51.6988 -24.6318 -27.0116 16.6677
0 0 475 10.9248 -51.7498 52.5792 -58.524
0 0 476 -50.1382 -47.0376 56.15 -49.7241
0 0 477 -10.2946 57.2329 -22.408 11.6453
