0 0 0 80.6195 -4.90523 25.6094 -48.6364
0 0 1 26.3734 -33.9116 6.29751 -30.1771
0 0 2 35.0577 -98.3753 16.1534 18.5453
0 0 3 9.29917 -105.518 -35.2065 -77.0772
0 0 4 111.695 -94.1174 -14.3558 -85.8787
0 0 5 0.657808 -65.5568 -8.91912 -45.7983
0 0 6 -71.8462 -45.0253 -9.93154 -38.6961
0 0 7 -24.2973 -4.61829 -17.5601 -54.2763
0 0 8 75.0569 -4.70027 32.4634 51.2866
0 0 9 3.41151 -57.5225 36.8877 70.1104
0 0 10 -24.7388 -74.6824 6.29751 29.3786
0 0 11 -66.2039 -8.02568 -35.4495 -0.0325143
0 0 12 5.3986 -3.8497 -33.7436 52.3025
0 0 13 98.9939 4.87629 -56.3458 35.0184
0 0 14 104.636 25.1208 -44.4145 -7.37618
0 0 15 75.1428 39.0732 71.649 -26.6875
0 0 16 -16.5881 4.18456 8.12492 -56.3856
0 0 17 -22.4696 7.91476 -78.457 -56.873
0 0 18 -76.3846 35.9117 -39.1803 -44.4999
0 0 19 -165.724 147.597 -58.4516 5.36134
0 0 20 -70.9079 104.065 55.0606 33.8021
0 0 21 -9.4064 49.7053 41.5954 12.623
0 0 22 -38.6546 31.6077 -65.9992 -37.0333
0 0 23 -28.0261 47.2714 -69.5275 0.901388
0 0 24 -12.9329 122.039 -8.50909 85.9731
0 0 25 -0.280537 49.1365 -4.33287 8.80995
0 0 26 -90.791 83.2565 -84.9871 -103.122
0 0 27 -175.009 101.026 -22.6273 -44.3359
0 0 28 -59.9176 -8.67641 46.9866 44.1889
0 0 29 35.6648 25.5256 -19.8279 53.5598
0 0 30 -3.03424 66.2144 -20.7644 77.5361
0 0 31 -57.078 104.27 -10.944 84.9207
0 0 32 -112.618 143.662 -92.2512 63.3772
0 0 33 -63.812 55.2186 -10.4985 42.8086
0 0 34 70.678 -52.6138 93.3198 15.8712
0 0 35 10.1885 71.0412 25.9333 53.6008
0 0 36 -60.3224 66.2144 13.0706 36.8452
0 0 37 -25.8796 20.371 29.2996 -12.3281
0 0 38 -17.7227 51.9751 -2.99142 -65.8385
0 0 39 -17.5203 94.0065 -24.2117 -52.003
0 0 40 -29.9335 66.1735 -109.088 -30.5415
0 0 41 -7.1372 38.0586 -14.0268 31.8523
0 0 42 100.864 -43.4062 90.8799 70.4338
0 0 43 19.6026 -38.6153 2.27821 -40.0764
0 0 44 -40.887 5.1581 -63.6858 53.1134
0 0 45 -60.9295 35.8707 -101.383 74.0875
0 0 46 -28.2285 13.4332 -157.365 -10.2963
0 0 47 -30.8289 -15.6142 -178.742 -22.428
0 0 48 -77.4824 56.602 -114.808 72.8301
0 0 49 -49.0806 96.1175 20.0512 44.0659
0 0 50 39.1974 49.2953 38.3456 -51.5566
0 0 51 90.3526 30.2703 -4.17089 -18.8973
0 0 52 12.5006 28.892 -20.6834 7.99905
0 0 53 -60.8498 16.3538 -0.192085 5.40234
0 0 54 -19.1026 12.8235 -38.3703 -55.2102
0 0 55 38.3879 65.4869 13.7641 0.454937
0 0 56 7.50834 80.2539 93.9273 34.2075
0 0 57 -132.213 29.9065 30.8031 -18.5329
0 0 58 -126.939 86.6639 -140.731 7.95805
0 0 59 -98.7822 65.7277 -100.892 4.10399
0 0 60 -65.0693 21.3445 -33.2981 52.8309
0 0 61 -67.9089 78.3478 -38.9373 114.09
0 0 62 13.3101 71.2051 -21.6148 66.3383
0 0 63 45.4469 12.5416 8.89436 27.7158
0 0 64 73.9223 96.1944 -13.9053 62.0378
0 0 65 -9.65172 162.2 -59.0642 11.6117
0 0 66 0.896994 98.2234 15.0195 -90.5846
0 0 67 -39.2249 1.62774 64.1116 -51.4336
0 0 68 10.7956 29.1328 71.73 7.91705
0 0 69 24.1471 39.519 53.6837 11.8121
0 0 70 -30.0991 17.6963 -30.4178 49.7468
0 0 71 -1.81991 -21.2505 -50.8686 39.0365
0 0 72 -8.51099 -78.8635 -43.6855 -10.6243
0 0 73 -60.5677 -46.9724 -10.9845 2.60519
0 0 74 -21.0897 -6.40653 78.8777 -23.6853
0 0 75 38.1426 -7.86684 49.2594 -136.592
0 0 76 -41.5371 -40.1576 -52.691 -129.371
0 0 77 -147.141 32.8681 -72.9798 1.30684
0 0 78 -145.558 -23.7253 -30.4178 64.0241
0 0 79 -106.976 -94.2352 -21.6553 45.5283
0 0 80 -93.9127 -27.8244 -37.7224 -41.1288
0 0 81 -114.158 14.2479 -20.6834 -92.7759
0 0 82 26.9867 -26.4871 79.2776 -43.0376
0 0 83 83.0911 -6.28355 38.8771 -7.94563
0 0 84 89.1382 23.0917 98.9944 27.5928
0 0 85 74.5295 -56.8718 72.95 15.2197
0 0 86 24.1839 -21.0096 26.3788 -21.2526
0 0 87 1.22204 47.6762 -1.57403 -32.1223
0 0 88 -41.7027 -43.3242 31.6535 28.0392
0 0 89 -29.3263 -109.858 18.5073 83.1349
0 0 90 24.4292 -1.61569 -35.3685 -46.2447
0 0 91 52.2607 -91.8834 -28.9599 -63.8887
0 0 92 -23.1995 -68.9232 -24.9811 -39.3065
0 0 93 -62.8369 35.302 -56.4268 -34.6416
0 0 94 -17.9251 72.6244 -66.1207 36.5992
0 0 95 -90.6254 32.1354 -46.4039 60.457
0 0 96 -17.3609 -68.5594 22.3646 -21.0886
0 0 97 -24.377 -40.9313 -7.69916 3.90354
0 0 98 -114.728 90.8399 -110.748 74.0465
0 0 99 -137.445 63.7806 -122.391 84.7157
0 0 100 -7.90383 -90.9918 3.78165 58.0198
0 0 101 4.95702 -11.1513 37.5356 53.1544
0 0 102 -69.5709 26.8629 51.5323 44.1069
0 0 103 -56.7898 37.7768 65.448 -13.2575
0 0 104 47.9185 -19.2624 135.796 -53.5839
0 0 105 72.8675 -74.1957 98.0681 -10.1369
0 0 106 2.07452 -55.5344 33.0304 -12.893
0 0 107 43.2513 -50.9076 72.3426 -55.1282
0 0 108 49.096 27.6725 40.9019 -76.5897
0 0 109 49.1758 49.0545 52.0993 -72.4122
0 0 110 130.922 -54.9247 85.1648 -24.9017
0 0 111 213.441 -148.682 114.621 23.5383
0 0 112 226.909 -173.589 152.997 41.4282
0 0 113 173.362 -170.996 80.4976 48.9769
0 0 114 125.85 -127.827 2.97172 33.9661
0 0 115 97.5772 -81.7432 36.4827 -14.0729
0 0 116 63.4963 -39.43 23.0125 -55.2102
0 0 117 70.3529 -6.24256 2.93122 -39.753
0 0 118 50.5557 -7.33908 37.2471 -23.2389
0 0 119 29.0535 -20.1591 83.7879 -0.396964
0 0 120 30.3537 -11.556 63.0941 11.7711
0 0 121 73.6402 -80.4827 41.8739 -37.7622
0 0 122 91.0824 -141.908 73.4815 -106.57
0 0 123 109.586 -155.983 75.2279 -43.484
0 0 124 103.213 -129.534 69.5837 4.02199
0 0 125 101.508 -121.745 97.1721 -16.7881
0 0 126 92.7076 -98.4573 59.1558 -36.8693
0 0 127 30.8382 -91.5196 70.9657 -5.30792
0 0 128 8.32403 -132.249 98.7565 9.5024
0 0 129 76.4 -87.8252 50.6819 8.97395
0 0 130 83.5818 7.75592 -21.9793 19.7252
0 0 131 45.729 33.9646 -4.85933 17.616
0 0 132 36.8424 -17.7252 68.5257 23.0508
0 0 133 -7.8241 -23.8073 34.3313 33.4376
0 0 134 -52.3311 42.3217 -97.8448 4.34999
0 0 135 -4.21177 95.103 -92.0436 -10.4193
0 0 136 64.7167 41.8349 58.5939 19.7662
0 0 137 49.2984 4.58935 90.8394 32.3397
0 0 138 16.3153 -12.5296 75.7139 10.2313
0 0 139 12.9483 -26.1233 77.8602 -34.76
0 0 140 12.5803 -5.06407 43.2963 -30.6645
0 0 141 -27.1368 27.4727 -8.79763 -25.7946
0 0 142 -53.8275 -6.4424 1.2658 -58.0894
0 0 143 -69.528 -34.4804 -33.3386 -82.307
0 0 144 -42.5919 -26.4051 -37.6819 -64.6996
0 0 145 -7.54198 -3.56277 -22.5463 -47.4611
0 0 146 -63.5667 -2.63022 -66.3232 -31.5164
0 0 147 -58.0102 5.76785 -99.1862 -14.2324
0 0 148 13.8008 14.4887 -39.5093 21.7935
0 0 149 51.4879 4.71233 60.2897 95.7494
0 0 150 45.6493 36.9621 68.0398 150.64
0 0 151 9.33597 16.154 35.7082 95.0615
0 0 152 8.52641 -54.4789 55.749 -0.355963
0 0 153 -8.87897 -58.0913 73.3195 24.7136
0 0 154 -57.0351 -13.6671 58.0573 42.6446
0 0 155 -63.812 25.2387 39.0796 57.0084
0 0 156 -34.8031 2.80624 24.9209 46.0522
0 0 157 -11.1911 44.1868 -30.9848 -2.87522
0 0 158 -17.9251 71.3281 -86.0805 0.454937
0 0 159 29.1761 16.9636 -65.7967 -9.69043
0 0 160 19.9644 11.9319 -78.943 -47.0966
0 0 161 -66.6516 -33.061 -126.613 -39.671
0 0 162 -120.321 -44.0108 -112.292 -10.6608
0 0 163 -87.9514 -33.2199 -38.0464 -20.8472
0 0 164 -55.8208 -29.8535 5.77105 -11.4762
0 0 165 -28.9215 -51.9631 26.5003 2.96964
0 0 166 -9.24695 -105.636 -6.60575 8.16305
0 0 167 -22.2243 -95.2498 -38.0464 19.6432
0 0 168 18.9525 -63.6456 22.6885 25.7705
0 0 169 67.9611 -24.0942 85.9343 48.9769
0 0 170 14.6533 59.8045 32.4229 52.6669
0 0 171 11.9731 81.5093 -42.3491 12.541
0 0 172 76.3203 63.6166 9.50181 27.7978
0 0 173 68.2432 -6.32455 71.8515 77.2901
0 0 174 55.8301 -85.8782 66.668 38.6311
0 0 175 47.6364 -78.8225 31.613 -47.9485
0 0 176 31.7704 -13.9899 11.6532 -48.067
0 0 177 -30.5038 33.5957 -33.1361 46.7036
0 0 178 -26.1617 9.37507 -28.8789 137.092
0 0 179 0.939925 -18.13 3.74116 106.947
0 0 180 -67.6635 28.646 -19.7064 -12.6926
0 0 181 -95.3355 56.1152 -35.4495 -39.3065
0 0 182 -33.3434 25.1208 -17.6006 -31.9219
0 0 183 -15.6927 4.30754 22.4456 -29.3662
0 0 184 -31.479 14.7347 -15.0847 -29.7716
0 0 185 -47.2959 36.7213 -61.6154 -54.5998
0 0 186 -26.7321 8.97028 -34.7611 -80.6032
0 0 187 62.8891 -53.1006 19.9702 -32.8148
0 0 188 92.1005 -45.5941 57.8194 20.1717
0 0 189 78.105 -23.6074 84.1068 -17.804
0 0 190 99.3619 -51.2355 86.9922 -73.706
0 0 191 107.838 -59.1468 102.042 -30.5005
0 0 192 114.86 -62.795 113.199 12.3406
0 0 193 64.1893 -55.5754 54.1697 20.8186
0 0 194 -6.6895 -4.98208 -13.1358 4.91489
0 0 195 11.1636 12.1369 9.98777 -26.6875
0 0 196 61.4295 -11.0283 50.1099 -16.9931
0 0 197 75.1796 -56.385 36.8877 12.623
0 0 198 83.5818 -72.6534 33.6834 10.9192
0 0 199 48.8507 -51.8401 15.5459 20.4131
0 0 200 23.2517 -17.3153 -10.0125 52.0155
0 0 201 60.1293 47.835 5.11804 90.638
0 0 202 116.645 -2.43038 71.4871 77.2536
0 0 203 65.606 -42.3916 22.0811 -8.63353
0 0 204 34.4505 -58.2501 -61.904 -116.306
0 0 205 65.6857 -83.5673 -40.7242 -147.908
0 0 206 80.2945 -95.4957 -23.4422 -68.8406
0 0 207 107.801 -99.5538 33.4404 -17.1115
0 0 208 88.6108 -40.4446 77.6577 -0.683968
0 0 209 67.7158 38.6274 20.0107 -12.0001
0 0 210 78.1418 -5.26902 -11.8804 -50.3812
0 0 211 58.9947 -82.6347 74.332 3.21109
0 0 212 40.1296 -84.341 131.048 7.95805
0 0 213 10.7956 -88.1532 59.2773 -30.3775
0 0 214 -24.377 -102.797 -44.8599 -54.5588
0 0 215 44.0241 -138.014 -46.4849 -56.75
0 0 216 61.7545 -92.7339 12.6251 12.787
0 0 217 -3.68434 -17.8431 28.5302 66.6208
0 0 218 22.6813 -10.7875 14.2905 51.979
0 0 219 69.0159 -56.9128 20.0107 -4.13257
0 0 220 82.0363 -104.34 83.545 -41.5752
0 0 221 45.3243 -74.1547 73.603 -23.6033
0 0 222 33.1135 -24.458 41.7169 -18.6559
