0 0 0 4.37519 -1.43011 3.25065 -1.12137
0 0 1 3.94757 -2.7845 -3.91981 -7.36522
0 0 2 -3.57187 -0.603219 -10.5225 7.42341
0 0 3 -1.61975 -2.56509 -2.17679 1.08961
0 0 4 -3.30298 2.10555 -0.454061 -1.31046
0 0 5 -2.07817 1.6873 0.671254 2.6831
0 0 6 -2.32692 -6.25022 3.74811 1.26908
0 0 7 -4.99568 -0.215142 -0.962445 6.93561
0 0 8 -5.21482 -1.19105 1.29834 -9.3871
0 0 9 -1.43023 -4.73631 -13.779 -4.36775
0 0 10 -1.75953 -2.2666 1.96603 5.43165
0 0 11 -2.87418 -4.03923 8.77727 -3.00352
0 0 12 -2.62543 1.44824 7.89092 3.50975
0 0 13 0.23286 2.03561 -6.23995 -11.1697
0 0 14 0.511227 3.928 0.0636931 0.741122
0 0 15 2.48348 -1.07129 10.5703 -6.5189
0 0 16 0.899755 1.47795 -10.831 1.29878
0 0 17 -1.88864 0.651518 4.24634 10.0126
0 0 18 -3.80996 -4.72625 3.43964 4.6849
0 0 19 3.82793 -0.434092 0.611123 -2.12708
0 0 20 1.56783 4.64473 0.233154 -0.762842
0 0 21 -0.792948 -3.73023 -15.2729 1.3586
0 0 22 -2.52593 -1.90778 -2.84448 2.26475
0 0 23 1.00992 1.17901 -2.22676 0.780865
0 0 24 -4.86657 1.93597 -7.6542 -7.81327
0 0 25 3.94757 3.9376 0.969568 -8.38097
0 0 26 1.71708 1.53783 -7.6542 5.2823
0 0 27 1.50742 1.7769 -1.01164 2.10536
0 0 28 -4.72679 -2.00743 6.04872 3.8482
0 0 29 0.492274 -7.75362 -1.9183 -2.53539
0 0 30 -5.15441 2.3245 7.34349 5.32204
0 0 31 -2.48565 1.62742 -0.195575 -2.01747
0 0 32 0.511227 -1.7286 -7.32543 0.153342
0 0 33 -3.44157 1.47795 2.39398 -3.16291
0 0 34 2.7121 6.23818 9.19585 -2.107
0 0 35 -1.11159 3.43982 0.113672 -7.20583
0 0 36 -2.85404 6.88543 0.950045 -1.8083
0 0 37 4.88335 -2.12719 -7.02712 -0.921815
0 0 38 2.38398 1.80661 -1.13112 -5.80185
0 0 39 -1.05236 2.30439 0.800888 -0.961976
0 0 40 -5.3238 -2.01748 -8.48121 5.27226
0 0 41 -2.06751 -3.07338 -6.36958 0.651595
0 0 42 1.85568 -1.39034 -5.24427 1.14943
0 0 43 1.06914 1.35865 -1.68871 -4.55685
0 0 44 -2.99382 2.29479 3.32016 2.27479
0 0 45 0.691276 -0.334445 -13.3511 1.52804
0 0 46 -2.3364 0.541814 8.46881 -2.58517
0 0 47 -3.47237 -3.3321 10.0424 4.61503
0 0 48 3.31029 -1.03152 -9.82518 -1.28034
0 0 49 1.66733 3.16099 -6.58902 4.34603
0 0 50 -1.22175 0.711398 0.621275 -4.9752
0 0 51 3.55904 -1.68883 -11.5877 4.38619
0 0 52 -2.6657 2.01596 2.55329 -0.533587
0 0 53 2.5735 0.27304 -2.40638 -0.782505
0 0 54 -4.01015 2.51374 -13.0816 0.462083
0 0 55 -2.79482 -2.62497 2.91173 3.3604
0 0 56 4.76371 0.0737445 1.07968 12.134
0 0 57 -2.40629 1.39842 1.89575 3.62898
0 0 58 2.23473 -3.7604 5.75977 2.4141
0 0 59 8.26994 -3.35221 -7.79399 10.2615
0 0 60 1.95518 -0.0757269 -12.5936 3.47001
0 0 61 1.47781 3.71865 8.82725 7.23431
0 0 62 5.63079 -1.52976 -4.35791 -2.41574
0 0 63 4.29582 4.18672 0.372159 5.36178
0 0 64 -2.32692 4.5652 -3.10296 0.541988
0 0 65 -2.59581 -4.95526 2.04568 -2.86379
0 0 66 -1.23123 -1.73865 4.20651 -3.79001
0 0 67 2.88148 3.68894 -5.4434 3.89798
0 0 68 2.8116 -2.79409 -7.82367 6.15874
0 0 69 -3.46171 -9.25747 -3.38176 -6.59839
0 0 70 -0.255169 -5.94122 -4.76634 -12.9422
0 0 71 1.75617 -3.90987 1.43812 -5.67217
0 0 72 1.90543 2.28473 10.6101 0.342854
0 0 73 -0.0952562 0.820644 -0.693025 -2.80438
0 0 74 1.86634 3.30041 12.4328 2.15514
0 0 75 -8.17261 -4.24813 2.96171 4.89407
0 0 76 -3.31246 4.06742 1.4678 -0.812626
0 0 77 2.08548 3.62906 -4.88582 2.225
0 0 78 0.282611 1.18907 5.57079 -6.68833
0 0 79 -3.25323 -6.07058 -0.11592 -1.31046
0 0 80 2.78198 2.05573 9.12635 0.541988
0 0 81 4.66421 -0.19503 0.54162 3.19097
0 0 82 2.46334 -3.36181 -9.48704 2.24509
0 0 83 -6.45977 -4.7162 -3.54106 -3.02318
0 0 84 -1.38995 -0.274565 12.3531 0.472123
0 0 85 -1.64937 -0.085326 1.80672 5.93952
0 0 86 -4.40815 0.362631 4.87342 -4.90533
0 0 87 -3.23309 -1.39994 10.6601 1.06994
0 0 88 5.83927 3.53947 0.262829 -5.11451
0 0 89 -7.22617 0.143681 5.63092 2.70318
0 0 90 0.700752 1.40847 12.5523 3.48967
0 0 91 4.01745 -3.41164 0.889913 -4.05901
0 0 92 -2.09712 -0.294677 -1.48957 1.11973
0 0 93 1.58679 2.84239 9.66362 2.6831
0 0 94 -5.58321 0.970116 1.52793 1.01974
0 0 95 -4.83577 -2.30637 -1.29043 -5.72195
0 0 96 7.31402 -0.772803 4.9929 -4.5171
0 0 97 1.72656 3.84801 -4.42742 -5.47303
0 0 98 4.52562 1.92637 5.83943 11.7056
0 0 99 2.08548 -5.42333 -2.61489 -0.244926
0 0 100 2.78198 1.30883 4.21666 -6.33943
0 0 101 -3.47237 2.1252 5.21234 4.43598
0 0 102 5.9293 -1.23082 2.18469 6.36791
0 0 103 2.1447 2.93198 3.56927 -0.29471
0 0 104 0.481613 -2.09702 -11.0801 -1.65895
0 0 105 1.38778 4.57526 -1.13112 -12.8824
0 0 106 2.54271 2.63304 0.711081 -7.62418
0 0 107 1.69695 -3.12275 -4.72651 10.8693
0 0 108 0.361975 2.24496 -5.11463 2.59357
0 0 109 4.6346 -5.61257 5.32167 1.13939
0 0 110 7.19438 2.33456 -6.6882 -6.07085
0 0 111 3.61827 -3.43175 -3.3021 -0.56329
0 0 112 -5.68272 -6.38964 2.16517 -6.86739
0 0 113 2.38398 -1.90778 1.33817 -0.125279
0 0 114 -3.56121 -5.65233 1.19916 -4.65641
0 0 115 -2.4359 -5.8914 -5.06543 3.10145
0 0 116 4.87387 -4.44742 -3.52154 8.07059
0 0 117 -0.334533 1.78649 -5.22474 6.23822
0 0 118 0.601251 8.46928 8.55861 -8.22158
0 0 119 0.899755 -2.51526 3.39981 -2.31617
0 0 120 1.03953 -4.1983 9.78311 2.52371
0 0 121 4.14657 -0.364156 9.29581 -1.2406
0 0 122 -2.97368 4.27631 0.203479 -0.902152
0 0 123 -0.364146 -5.40367 -0.0456366 2.04553
0 0 124 5.29202 3.90789 6.41731 5.05304
0 0 125 2.64339 2.62344 -1.55985 0.0140314
0 0 126 0.113222 -8.05256 -11.9665 1.06994
0 0 127 2.48348 -0.832226 -4.08927 -4.29789
0 0 128 2.49296 1.84637 1.95588 -9.83515
0 0 129 -1.89812 0.502046 -0.493889 1.67739
0 0 130 -2.62543 -3.35221 -2.17679 -0.384237
0 0 131 1.99545 -0.334445 6.6266 -0.862409
0 0 132 3.66802 0.820644 8.35948 3.55954
0 0 133 3.05087 -3.31199 2.63294 1.01012
0 0 134 -0.962337 -2.4755 1.24914 3.88794
0 0 135 0.312224 1.62742 -0.892161 -10.9505
0 0 136 1.68629 -2.59526 -5.71204 5.38186
0 0 137 -2.7344 -5.01514 -7.40509 5.12291
0 0 138 0.870141 -2.86403 -5.64254 4.20672
0 0 139 8.07094 2.54345 7.39347 7.15441
0 0 140 5.23161 -0.0158469 -4.67653 -4.14854
0 0 141 2.78198 3.72871 1.84655 -4.75598
0 0 142 -2.62543 1.41807 -3.62072 -8.19188
0 0 143 -2.69531 -0.145206 -7.5847 14.345
0 0 144 4.49482 2.69292 -10.3336 5.92948
0 0 145 -0.763335 0.0138645 2.58296 7.59284
0 0 146 4.3361 6.57689 2.61342 2.00579
0 0 147 -2.32692 -0.971641 -4.40789 -2.27643
0 0 148 -0.822562 2.56356 10.6203 5.20281
0 0 149 -0.763335 1.52778 5.7996 6.84567
0 0 150 5.02313 0.641461 -0.682873 -11.4885
0 0 151 1.81659 2.02556 3.6091 -0.195143
0 0 152 2.16484 -3.55105 -0.414234 -7.46479
0 0 153 3.15037 2.4342 -5.17476 -0.42398
0 0 154 3.19065 2.51374 -1.60905 -3.083
0 0 155 -2.02842 -4.23853 -8.86933 2.32457
0 0 156 0.710229 0.49199 5.19282 -5.39354
0 0 157 2.59246 3.28075 6.10885 -8.7098
0 0 158 3.5389 6.22813 5.69027 10.6999
0 0 159 -2.54606 1.87654 2.75242 5.16265
0 0 160 0.391588 -4.06894 -14.3264 3.03158
0 0 161 4.8336 4.01759 -4.06897 1.73679
0 0 162 -6.01083 3.36029 6.95537 -8.58011
0 0 163 -0.813085 3.23093 5.64029 -8.50062
0 0 164 -4.21863 3.84801 -4.58673 -6.92721
0 0 165 1.29894 -2.56509 -5.25442 4.1172
0 0 166 -1.16134 0.571525 -9.96497 0.203125
0 0 167 5.58104 -2.2666 -1.19126 3.38007
0 0 168 -1.84837 -2.61491 -3.92997 1.52804
0 0 169 6.17805 4.64473 -0.384559 -2.65503
0 0 170 6.15791 0.402399 -12.6732 0.870391
0 0 171 3.42992 3.01152 -5.29424 3.6591
0 0 172 -0.533535 1.21923 -2.25644 1.77695
0 0 173 6.91483 -7.74402 6.63675 7.20419
0 0 174 -2.02842 2.94204 9.37546 -8.24166
0 0 175 5.65093 1.32848 3.85822 5.77009
0 0 176 0.212723 -5.49326 4.70474 4.62507
0 0 177 1.60692 -4.92555 3.31001 1.57782
0 0 178 4.7341 3.72871 -2.89446 -10.064
0 0 179 8.20005 0.850813 6.97489 -0.0156714
0 0 180 3.31029 1.20918 0.601752 -2.4057
0 0 181 7.51302 0.113512 4.00737 -10.8011
0 0 182 2.13523 2.01596 -5.98146 -2.49564
0 0 183 3.2404 -3.94964 3.76841 1.33852
0 0 184 0.332362 -0.673155 -1.95813 -4.12888
0 0 185 1.40792 -0.962042 3.42949 -3.42187
0 0 186 1.76684 -0.88205 -3.54106 0.262949
0 0 187 4.7341 1.90625 1.36862 -0.274629
0 0 188 10.2315 -1.65912 -7.91347 -0.224846
0 0 189 26.5935 -12.2848 -2.57506 1.86648
0 0 190 43.6734 -14.3564 -5.80185 -1.63886
0 0 191 66.6273 -21.4867 -23.3493 0.611433
0 0 192 50.8528 -10.4226 -31.695 2.40406
0 0 193 41.0236 -6.748 -32.9492 0.482164
0 0 194 36.7711 4.71467 -8.10246 4.45564
0 0 195 34.1023 -1.01187 -12.3249 6.48714
0 0 196 35.108 -7.96297 -15.2831 3.6591
0 0 197 37.2899 -5.62262 -12.7833 -3.8398
0 0 198 35.6955 -10.552 -3.89014 5.93952
0 0 199 38.8132 -7.65397 3.86759 -0.344494
0 0 200 48.0147 1.18907 9.01624 2.31453
0 0 201 10.4898 4.34625 -0.324427 -13.0715
0 0 202 -1.2407 -5.19432 4.25649 1.69705
0 0 203 -5.5536 -4.25818 -6.7085 -4.96516
0 0 204 1.95518 2.88216 3.38029 5.8797
0 0 205 -1.2715 0.531758 -2.4259 -2.1869
0 0 206 -4.9258 -1.14122 -1.73869 8.99682
0 0 207 5.43179 -1.12111 -2.96396 5.15303
0 0 208 -0.264645 2.07538 4.0269 -8.05257
0 0 209 -6.72866 -1.39034 18.2288 11.8052
0 0 210 -8.23184 -4.6266 1.74659 -3.13279
0 0 211 -1.30111 -2.63502 -9.02864 8.77802
0 0 212 3.90729 3.96777 8.06038 1.17913
0 0 213 -8.143 -9.5363 -3.86983 2.90231
0 0 214 -2.75454 1.6873 -4.83584 -2.57513
0 0 215 -1.57948 8.04098 6.93507 5.81988
0 0 216 -2.55554 1.40847 -7.68388 -10.612
0 0 217 -3.51146 -8.58051 -3.29273 -3.87996
0 0 218 3.28067 -1.37023 3.42012 -6.47916
0 0 219 -11.0001 -5.54309 -0.732852 -7.41501
0 0 220 -6.79855 -3.32204 -4.28841 -1.50959
0 0 221 -6.50952 -0.145206 5.58094 3.07132
0 0 222 -2.09712 5.80028 -2.29627 6.19848
0 0 223 -4.90566 -1.23082 3.91757 5.82992
0 0 224 -4.49818 -4.32812 2.14486 1.94597
0 0 225 2.19445 -5.07502 3.94724 1.56778
0 0 226 2.53323 0.402399 7.28414 3.29054
0 0 227 -5.48371 5.25222 1.81609 5.34212
0 0 228 -0.852175 2.56356 -0.743004 0.193503
0 0 229 0.531364 0.362631 1.76689 2.96172
0 0 230 -6.55927 -3.89982 -2.90383 -3.59088
0 0 231 -0.0158922 2.4438 2.77273 5.67053
0 0 232 1.47781 3.85807 9.05606 3.69885
0 0 233 -4.98502 4.1369 2.06521 3.80845
0 0 234 -4.29799 6.29806 14.5335 -7.04686
0 0 235 -2.32692 5.21245 -5.3044 -0.643194
0 0 236 -2.70479 1.67725 -2.78435 -4.65641
0 0 237 7.423 0.731053 8.46881 -5.28394
0 0 238 -0.833223 -2.66474 7.53248 -9.3871
0 0 239 3.77818 3.928 -3.24275 -0.30475
0 0 240 3.17051 0.173392 -0.563391 -4.02931
0 0 241 5.34177 1.56754 6.86556 -1.72881
0 0 242 -2.80429 -3.75035 4.88357 4.47572
0 0 243 3.8682 2.41409 1.79657 -6.00099
0 0 244 1.60692 -1.05163 6.05887 1.67739
0 0 245 -1.81876 -2.95362 5.08271 2.05557
0 0 246 -3.01395 -6.4294 -11.2394 1.73679
0 0 247 -5.08571 4.29642 2.49394 2.6831
0 0 248 -3.35273 -0.673155 -9.31758 -0.941896
0 0 249 -1.11159 3.25058 7.44345 4.31633
0 0 250 -0.0857799 -0.085326 -2.7945 3.48967
0 0 251 -2.80429 2.71303 -1.93782 -0.195143
0 0 252 1.01939 -6.05092 0.770432 -3.70049
0 0 253 -1.52973 0.571525 -0.693025 -1.13099
0 0 254 -2.82443 4.74438 10.2813 3.97789
0 0 255 -2.47617 -2.98333 -0.971816 0.352894
