0 0 0 0.0242368
0 0 1 -0.00700904
0 0 2 0.00778753
0 0 3 0.00942466
0 0 4 0.00870744
0 0 5 0.00125458
0 0 6 0.0146323
0 0 7 0.0201518
0 0 8 0.0201518
0 0 9 0.019341
0 0 10 0.0103446
0 0 11 0.00789667
0 0 12 0.0104537
0 0 13 0.0124962
0 0 14 -0.00222238
0 0 15 0.00431057
0 0 16 -0.00191054
0 0 17 0.00176911
0 0 18 0.0164721
0 0 19 0.0116699
0 0 20 -0.00417134
0 0 21 0.0157549
0 0 22 0.0113736
0 0 23 0.00513693
0 0 24 0.0237379
0 0 25 0.0221007
0 0 26 0.00585415
0 0 27 0.00155083
0 0 28 0.00574501
0 0 29 0.0186238
0 0 30 0.0145388
0 0 31 0.0458002
0 0 32 0.00686761
0 0 33 0.0221943
0 0 34 0.00267343
0 0 35 0.0162694
0 0 36 0.000740056
0 0 37 0.0242368
0 0 38 0.0278229
0 0 39 0.0217889
0 0 40 0.0271992
0 0 41 0.0190292
0 0 42 0.019341
0 0 43 0.0141334
0 0 44 0.0118726
0 0 45 0.0175012
0 0 46 -0.00577729
0 0 47 0.00973649
0 0 48 0.00237719
0 0 49 0.0131043
0 0 50 0.0198555
0 0 51 0.0242368
0 0 52 0.0172985
0 0 53 0.0239406
0 0 54 0.0084112
0 0 55 0.0139151
0 0 56 0.0155522
0 0 57 0.0019718
0 0 58 0.0288364
0 0 59 0.0175012
0 0 60 0.0311907
0 0 61 0.0131043
0 0 62 0.0119817
0 0 63 0.00451326
0 0 64 0.0105473
0 0 65 0.0221943
0 0 66 0.0103446
0 0 67 0.0109526
0 0 68 0.0187173
0 0 69 0.0162694
0 0 70 0.0257804
0 0 71 0.0179066
0 0 72 0.0101419
0 0 73 -0.00682194
0 0 74 0.00758483
0 0 75 0.00789667
0 0 76 0.0170958
0 0 77 -0.00905156
0 0 78 0.00861389
0 0 79 0.00901927
0 0 80 0.0149441
0 0 81 0.0106564
0 0 82 0.0108591
0 0 83 0.019341
0 0 84 0.0121844
0 0 85 0.00247074
0 0 86 0.00554231
0 0 87 0.0248605
0 0 88 0.00155083
0 0 89 0.0271057
0 0 90 -0.00334498
0 0 91 -0.00417134
0 0 92 0.0175012
0 0 93 0.0217889
0 0 94 0.0127925
0 0 95 0.0112645
0 0 96 0.0295536
0 0 97 0.00410787
0 0 98 0.0126989
0 0 99 0.0019718
0 0 100 0.0238314
0 0 101 0.0100327
0 0 102 0.00206535
0 0 103 0.0190292
0 0 104 0.00697675
0 0 105 0.034465
0 0 106 0.0202609
0 0 107 0.028431
0 0 108 0.0264976
0 0 109 0.0302708
0 0 110 0.0274175
0 0 111 0.0332333
0 0 112 0.0287428
0 0 113 0.0200582
0 0 114 0.0258739
0 0 115 0.0307854
0 0 116 0.00870744
0 0 117 0.0261858
0 0 118 0.0124962
0 0 119 0.0162694
0 0 120 0.0101419
0 0 121 0.0267939
0 0 122 0.0150533
0 0 123 0.0367102
0 0 124 0.0557166
0 0 125 0.0954755
0 0 126 0.272676
0 0 127 0.813662
0 0 128 0.999968
0 0 129 0.61164
0 0 130 0.236191
0 0 131 0.0320171
0 0 132 0.011779
0 0 133 -0.012014
0 0 134 0.00973649
0 0 135 -0.0212131
0 0 136 -0.00529395
0 0 137 -0.0218212
0 0 138 -0.00905156
0 0 139 0.0019718
0 0 140 -0.000179857
0 0 141 -7.07147e-05
0 0 142 -0.00875532
0 0 143 0.000537363
0 0 144 0.00502779
0 0 145 0.00410787
0 0 146 0.00278257
0 0 147 -0.0149764
0 0 148 -0.00375037
0 0 149 -0.00262776
0 0 150 0.00677406
0 0 151 0.00819291
0 0 152 0.00749128
0 0 153 0.00349979
0 0 154 0.0136188
0 0 155 -0.00805369
0 0 156 -0.00669721
0 0 157 -0.0014116
0 0 158 -0.00794455
0 0 159 -0.00130246
0 0 160 -0.0161146
0 0 161 0.00349979
0 0 162 0.007273
0 0 163 0.00165997
0 0 164 -0.00682194
0 0 165 0.00749128
0 0 166 -0.00682194
0 0 167 -0.0156001
0 0 168 -0.00772626
0 0 169 -0.00109977
0 0 170 0.00278257
0 0 171 0.00401432
0 0 172 0.0227088
0 0 173 -0.00608913
0 0 174 0.000537363
0 0 175 0.00677406
0 0 176 -0.00621386
0 0 177 0.0201518
0 0 178 0.0084112
0 0 179 -0.0127312
0 0 180 -0.00772626
0 0 181 0.000537363
0 0 182 -0.00721173
0 0 183 -0.0191706
0 0 184 -0.00549664
0 0 185 -0.00354767
0 0 186 -0.00253421
0 0 187 0.00911282
0 0 188 0.0141334
0 0 189 -0.0126377
0 0 190 0.00933111
0 0 191 0.0129016
0 0 192 0.013307
0 0 193 0.0145388
0 0 194 0.00749128
0 0 195 -0.0016143
0 0 196 -0.016941
0 0 197 0.00657137
0 0 198 -7.07147e-05
0 0 199 0.0271992
0 0 200 -0.00629182
0 0 201 0.0109526
0 0 202 -0.0147737
0 0 203 -0.00465469
0 0 204 0.0116699
0 0 205 -0.00170785
0 0 206 -0.00233152
0 0 207 0.00778753
0 0 208 0.0241433
0 0 209 0.00625953
0 0 210 0.0122935
0 0 211 0.00922197
0 0 212 -0.00354767
0 0 213 0.0059477
0 0 214 0.0144296
0 0 215 -0.00629182
0 0 216 0.00370249
0 0 217 0.00933111
0 0 218 -0.00109977
0 0 219 0.00983004
0 0 220 0.00574501
0 0 221 0.0164721
0 0 222 0.00789667
0 0 223 0.0169867
0 0 224 0.00983004
0 0 225 -0.00304874
0 0 226 0.000225528
0 0 227 0.00237719
0 0 228 -0.00417134
0 0 229 0.00666492
0 0 230 -0.00549664
0 0 231 0.0142269
0 0 232 0.0132135
0 0 233 0.0198555
0 0 234 0.0171893
0 0 235 0.0111553
0 0 236 0.0202609
0 0 237 0.0127925
0 0 238 0.0103446
0 0 239 0.0184211
0 0 240 0.0244551
0 0 241 0.0278229
0 0 242 0.0283374
0 0 243 0.0200582
0 0 244 0.01075
0 0 245 0.0121844
0 0 246 0.00533962
0 0 247 0.0032971
0 0 248 0.00657137
0 0 249 0.015256
0 0 250 0.024346
0 0 251 0.0231142
0 0 252 0.0163786
0 0 253 0.0328279
0 0 254 0.0150533
0 0 255 0.0237379
