0 0 0 0.490776
0 0 1 -1.72563
0 0 2 -1.73149
0 0 3 -2.04236
0 0 4 -2.35397
0 0 5 -1.49981
0 0 6 -1.91772
0 0 7 0.194571
0 0 8 0.804578
0 0 9 2.51875
0 0 10 3.57307
0 0 11 3.61266
0 0 12 1.68659
0 0 13 0.512772
0 0 14 -1.67797
0 0 15 -1.78942
0 0 16 -1.10756
0 0 17 -1.80261
0 0 18 -0.944059
0 0 19 -0.180817
0 0 20 -2.13108
0 0 21 -2.86133
0 0 22 -1.41403
0 0 23 -1.90453
0 0 24 -0.975585
0 0 25 0.0618655
0 0 26 1.42851
0 0 27 -1.47635
0 0 28 -2.71322
0 0 29 -1.92505
0 0 30 -1.95731
0 0 31 -2.49474
0 0 32 -0.1031
0 0 33 1.30167
0 0 34 -1.5284
0 0 35 -1.76302
0 0 36 0.0728632
0 0 37 0.0303387
0 0 38 2.02386
0 0 39 2.93813
0 0 40 4.71316
0 0 41 4.03571
0 0 42 3.8898
0 0 43 2.88534
0 0 44 4.2344
0 0 45 3.37878
0 0 46 1.71959
0 0 47 1.94761
0 0 48 1.1741
0 0 49 0.274488
0 0 50 -1.22267
0 0 51 -2.96764
0 0 52 -3.53145
0 0 53 -4.55277
0 0 54 -3.45887
0 0 55 -2.87452
0 0 56 0.373467
0 0 57 0.218033
0 0 58 1.58395
0 0 59 0.103657
0 0 60 1.22029
0 0 61 1.76724
0 0 62 1.54436
0 0 63 -0.768095
0 0 64 1.38232
0 0 65 1.11545
0 0 66 1.10445
0 0 67 2.78856
0 0 68 4.75789
0 0 69 3.61193
0 0 70 3.59213
0 0 71 2.26067
0 0 72 1.69026
0 0 73 -0.687445
0 0 74 -0.276131
0 0 75 -0.198414
0 0 76 -0.350915
0 0 77 -1.73736
0 0 78 0.448985
0 0 79 0.926286
0 0 80 0.58609
0 0 81 1.19683
0 0 82 0.892559
0 0 83 -0.934527
0 0 84 -1.83707
0 0 85 -1.54307
0 0 86 -1.42209
0 0 87 1.8369
0 0 88 2.78637
0 0 89 1.8127
0 0 90 1.00547
0 0 91 -1.57899
0 0 92 -3.49553
0 0 93 -2.6509
0 0 94 -3.55858
0 0 95 -4.64076
0 0 96 -4.19718
0 0 97 -3.01529
0 0 98 -1.61565
0 0 99 0.587556
0 0 100 -1.72636
0 0 101 -1.73223
0 0 102 -2.04383
0 0 103 -2.3547
0 0 104 -1.50054
0 0 105 -1.91846
0 0 106 0.193838
0 0 107 0.803845
0 0 108 2.51802
0 0 109 3.57234
0 0 110 3.61193
0 0 111 1.68586
0 0 112 0.512039
0 0 113 -1.67871
0 0 114 -1.79015
0 0 115 -1.10829
0 0 116 -1.80408
0 0 117 -0.945525
0 0 118 -0.181551
0 0 119 -2.13181
0 0 120 -2.86206
0 0 121 -1.41476
0 0 122 -1.90526
0 0 123 -0.976319
0 0 124 0.0611323
0 0 125 1.42778
0 0 126 -1.47708
0 0 127 -2.71396
0 0 128 -1.92579
0 0 129 -1.95805
0 0 130 -2.49547
0 0 131 -0.103833
0 0 132 1.30094
0 0 133 -1.52914
0 0 134 -1.76375
0 0 135 0.07213
0 0 136 0.0296055
0 0 137 2.02312
0 0 138 2.9374
0 0 139 4.71243
0 0 140 4.03497
0 0 141 3.88907
0 0 142 2.88461
0 0 143 4.23366
0 0 144 3.37804
0 0 145 1.71885
0 0 146 1.94687
0 0 147 1.17337
0 0 148 0.273022
0 0 149 -1.2234
0 0 150 -2.96837
0 0 151 -3.53219
0 0 152 -4.55351
0 0 153 -3.4596
0 0 154 -2.87526
0 0 155 0.372734
0 0 156 0.2173
0 0 157 1.58322
0 0 158 0.102924
0 0 159 1.21956
0 0 160 1.76651
0 0 161 1.54362
0 0 162 -0.768828
0 0 163 1.38159
0 0 164 1.11471
0 0 165 1.10372
0 0 166 2.78783
0 0 167 4.75642
0 0 168 3.61119
0 0 169 3.5914
0 0 170 2.25994
0 0 171 1.68953
0 0 172 -0.688912
0 0 173 -0.276864
0 0 174 -0.19988
0 0 175 -0.351648
0 0 176 -1.73809
0 0 177 0.448252
0 0 178 0.925553
0 0 179 0.585357
0 0 180 1.19536
0 0 181 0.891826
0 0 182 -0.93526
0 0 183 -1.83781
0 0 184 -1.5438
0 0 185 -1.42283
0 0 186 1.83616
0 0 187 2.78563
0 0 188 1.81197
0 0 189 1.00474
0 0 190 -1.58046
0 0 191 -3.49626
0 0 192 -2.65237
0 0 193 -3.55931
0 0 194 -4.64222
0 0 195 -4.19792
0 0 196 -3.01603
0 0 197 -1.61639
0 0 198 0.586823
0 0 199 4.38177
0 0 200 4.93385
0 0 201 3.93379
0 0 202 3.55107
0 0 203 3.00852
0 0 204 0.380066
0 0 205 1.6492
0 0 206 3.53348
0 0 207 1.68073
0 0 208 0.0904596
0 0 209 -0.322321
0 0 210 -0.263667
0 0 211 -1.53574
0 0 212 -1.23953
0 0 213 -0.453561
0 0 214 1.84716
0 0 215 1.89408
0 0 216 -0.120697
0 0 217 0.941683
0 0 218 0.584623
0 0 219 -0.376577
0 0 220 -0.727037
0 0 221 -0.872207
0 0 222 -0.345783
0 0 223 0.446785
0 0 224 -0.593598
0 0 225 -1.83781
0 0 226 -0.220409
0 0 227 -2.11348
0 0 228 -1.89866
0 0 229 0.366869
0 0 230 1.05166
0 0 231 0.707798
0 0 232 3.79449
0 0 233 4.44629
0 0 234 4.39716
0 0 235 5.01743
0 0 236 4.36857
0 0 237 1.8347
0 0 238 2.37872
0 0 239 0.545032
0 0 240 0.651343
0 0 241 0.975409
0 0 242 2.40365
0 0 243 0.545765
0 0 244 1.19683
0 0 245 1.81417
0 0 246 2.32593
0 0 247 1.1785
0 0 248 0.685802
0 0 249 -0.204279
0 0 250 0.411593
0 0 251 -1.35171
0 0 252 -1.53427
0 0 253 -1.30772
0 0 254 -0.247537
0 0 255 -2.07682
0 0 256 -1.59439
0 0 257 -1.86347
0 0 258 -3.45154
0 0 259 -5.66721
0 0 260 -6.41432
0 0 261 -5.45019
0 0 262 -5.30502
0 0 263 -4.17005
0 0 264 -1.04011
0 0 265 1.10518
0 0 266 2.85822
0 0 267 1.93441
0 0 268 2.85968
0 0 269 0.866165
0 0 270 -0.817952
0 0 271 -1.98737
0 0 272 -0.672782
0 0 273 1.28115
0 0 274 2.40511
0 0 275 3.29006
0 0 276 2.35306
0 0 277 2.19176
0 0 278 0.105856
0 0 279 -1.78722
0 0 280 -2.05996
0 0 281 -2.46614
0 0 282 -2.96837
0 0 283 -2.00204
0 0 284 -0.411036
0 0 285 2.37505
0 0 286 3.64712
0 0 287 1.74232
0 0 288 1.40945
0 0 289 1.72252
0 0 290 -0.577468
0 0 291 -0.853877
0 0 292 1.36033
0 0 293 2.52609
0 0 294 5.36056
0 0 295 5.09662
0 0 296 6.69862
0 0 297 10.204
0 0 298 11.4995
0 0 299 10.2142
0 0 300 15.6698
0 0 301 17.9654
0 0 302 19.7463
0 0 303 22.8829
0 0 304 28.5342
0 0 305 29.7469
0 0 306 33.4172
0 0 307 38.0091
0 0 308 37.795
0 0 309 36.0156
0 0 310 34.5214
0 0 311 29.2219
0 0 312 24.053
0 0 313 20.0506
0 0 314 16.8473
0 0 315 12.4006
0 0 316 10.5178
0 0 317 7.53151
0 0 318 6.79027
0 0 319 3.77836
0 0 320 1.37426
0 0 321 1.20709
0 0 322 0.385198
0 0 323 -2.60765
0 0 324 -1.51081
0 0 325 -0.150757
0 0 326 -2.1758
0 0 327 -3.04829
0 0 328 -0.221875
0 0 329 -0.103833
0 0 330 1.07805
0 0 331 0.496642
0 0 332 -0.23214
0 0 333 0.641812
0 0 334 0.0897264
0 0 335 0.401328
0 0 336 5.34003
0 0 337 7.55571
0 0 338 6.59597
0 0 339 7.10773
0 0 340 6.22278
0 0 341 3.43596
0 0 342 1.61181
0 0 343 1.80024
0 0 344 1.55389
0 0 345 3.14196
0 0 346 3.00412
0 0 347 4.40596
0 0 348 3.27393
0 0 349 3.22334
0 0 350 0.159379
0 0 351 -0.0994343
0 0 352 -1.52181
0 0 353 -0.991715
0 0 354 -1.24246
0 0 355 2.18956
0 0 356 2.68812
0 0 357 3.53641
0 0 358 6.33936
0 0 359 5.81147
0 0 360 1.77531
0 0 361 2.71085
0 0 362 3.35605
0 0 363 -0.0481116
0 0 364 0.497375
0 0 365 2.36919
0 0 366 -1.87447
0 0 367 -2.29531
0 0 368 -1.80995
0 0 369 -2.18167
0 0 370 -2.0233
0 0 371 1.21443
0 0 372 2.24601
0 0 373 1.90801
0 0 374 2.99972
0 0 375 2.24894
0 0 376 1.11471
0 0 377 0.157912
0 0 378 -0.573069
0 0 379 -2.8342
0 0 380 -1.39643
0 0 381 -0.0899029
0 0 382 -0.515148
0 0 383 0.435788
0 0 384 0.789914
0 0 385 -0.146358
0 0 386 -0.109699
0 0 387 1.62134
0 0 388 0.547964
0 0 389 1.23715
0 0 390 -0.4235
0 0 391 0.880095
0 0 392 -1.13395
0 0 393 0.655009
0 0 394 1.62941
0 0 395 4.56506
0 0 396 1.99966
0 0 397 2.95426
0 0 398 2.6214
0 0 399 2.34792
0 0 400 2.73138
0 0 401 2.69325
0 0 402 1.27455
0 0 403 1.68953
0 0 404 0.911622
0 0 405 1.27968
0 0 406 1.53996
0 0 407 2.59354
0 0 408 0.212901
0 0 409 0.611018
0 0 410 -0.272465
0 0 411 0.575092
0 0 412 -0.0642416
0 0 413 2.17343
0 0 414 2.65293
0 0 415 1.97987
0 0 416 1.84496
0 0 417 1.71739
0 0 418 -0.128762
0 0 419 -0.625858
0 0 420 -0.982184
0 0 421 -1.46975
0 0 422 0.179174
0 0 423 0.158645
0 0 424 -0.997581
0 0 425 -0.619259
0 0 426 0.0875268
0 0 427 -0.47409
0 0 428 0.851501
0 0 429 3.86634
0 0 430 2.27314
0 0 431 1.60374
0 0 432 -0.705775
0 0 433 -0.902267
0 0 434 -2.25792
0 0 435 1.14037
0 0 436 3.23361
0 0 437 5.27625
0 0 438 6.64803
0 0 439 6.03289
0 0 440 4.2388
0 0 441 1.92414
0 0 442 0.193838
0 0 443 0.92042
0 0 444 0.39473
0 0 445 0.481978
0 0 446 1.14697
0 0 447 2.54735
0 0 448 0.824374
0 0 449 1.21296
0 0 450 1.77531
0 0 451 0.95268
0 0 452 0.436521
0 0 453 1.7973
0 0 454 2.75044
0 0 455 2.07958
0 0 456 3.5958
0 0 457 3.73437
0 0 458 1.50477
0 0 459 0.998137
0 0 460 0.0772623
0 0 461 -1.82681
0 0 462 -2.99037
0 0 463 -5.88057
0 0 464 -7.2978
0 0 465 -6.49277
0 0 466 -5.77792
0 0 467 -5.74419
0 0 468 -4.17079
0 0 469 -2.51966
0 0 470 -2.3657
0 0 471 -2.02257
0 0 472 0.336075
0 0 473 -0.277597
0 0 474 -0.848745
0 0 475 -2.60398
0 0 476 -3.78513
0 0 477 -4.61949
0 0 478 -2.30631
0 0 479 -2.30631
0 0 480 -0.108232
0 0 481 1.26575
0 0 482 2.23428
0 0 483 1.36839
0 0 484 1.53849
0 0 485 -1.36857
0 0 486 -0.406637
0 0 487 -2.16554
0 0 488 -1.6853
0 0 489 -3.06588
0 0 490 -1.27032
0 0 491 -2.46541
0 0 492 -2.46248
0 0 493 -0.79449
0 0 494 0.565561
0 0 495 2.59574
0 0 496 0.432855
0 0 497 -1.11562
0 0 498 -2.52626
0 0 499 -2.79021
0 0 500 -4.94723
0 0 501 -4.06888
0 0 502 -1.28865
0 0 503 0.539166
0 0 504 1.22249
0 0 505 -0.300326
0 0 506 2.88901
0 0 507 3.37291
0 0 508 1.94101
0 0 509 1.24522
0 0 510 2.19542
0 0 511 0.803845
0 0 512 -1.2366
0 0 513 -2.13328
0 0 514 -1.69117
0 0 515 -1.53574
0 0 516 -1.06723
0 0 517 0.516438
0 0 518 1.33027
0 0 519 -1.39203
0 0 520 -1.11269
0 0 521 -0.900801
0 0 522 -0.661051
0 0 523 -1.75422
0 0 524 -0.133161
0 0 525 0.816309
0 0 526 0.972476
0 0 527 0.353671
0 0 528 1.14551
0 0 529 1.02966
0 0 530 0.8559
0 0 531 1.53996
0 0 532 2.92494
0 0 533 2.69472
0 0 534 3.881
0 0 535 3.60606
0 0 536 1.72839
0 0 537 -0.576735
0 0 538 1.85669
0 0 539 3.71017
0 0 540 1.0414
0 0 541 0.315546
0 0 542 2.33179
0 0 543 0.946082
0 0 544 -1.31358
0 0 545 2.27534
0 0 546 2.42344
0 0 547 2.50629
0 0 548 2.35745
0 0 549 1.79291
0 0 550 1.71885
0 0 551 2.79883
0 0 552 0.124186
0 0 553 1.68
0 0 554 1.76871
0 0 555 1.09052
0 0 556 -1.81068
0 0 557 -1.40963
0 0 558 -3.29537
0 0 559 -4.24557
0 0 560 -4.46186
0 0 561 -2.63771
0 0 562 -1.76962
0 0 563 -3.16193
0 0 564 0.019341
0 0 565 0.389597
0 0 566 -0.147824
0 0 567 1.70126
0 0 568 2.62213
0 0 569 1.17263
0 0 570 0.00027831
0 0 571 1.48937
0 0 572 -0.384642
0 0 573 0.715863
0 0 574 -0.40957
0 0 575 0.209235
0 0 576 -2.29091
0 0 577 -3.01163
0 0 578 -2.86059
0 0 579 -2.60691
0 0 580 -2.97644
0 0 581 -3.74481
0 0 582 -3.42881
0 0 583 -4.33502
0 0 584 -4.08061
0 0 585 -3.80346
0 0 586 -2.99623
0 0 587 -3.19786
0 0 588 -2.53946
0 0 589 -3.66196
0 0 590 -3.47427
0 0 591 -1.21314
0 0 592 0.377866
0 0 593 0.306015
0 0 594 1.68953
0 0 595 0.723195
0 0 596 -0.96752
0 0 597 -2.72349
0 0 598 -2.22566
0 0 599 -2.88479
0 0 600 -1.85467
0 0 601 -1.30332
0 0 602 -0.161021
0 0 603 -1.06723
0 0 604 0.0142087
0 0 605 -0.180084
0 0 606 -0.34285
0 0 607 -0.513681
0 0 608 -2.06729
0 0 609 -0.740234
0 0 610 -0.078172
0 0 611 2.07371
0 0 612 2.29367
0 0 613 2.70645
0 0 614 2.10157
0 0 615 0.804578
0 0 616 -0.72997
0 0 617 -0.351648
0 0 618 -0.00778668
0 0 619 -0.805487
0 0 620 -0.618526
0 0 621 -0.0510443
0 0 622 -0.452094
0 0 623 0.88816
0 0 624 -0.422034
0 0 625 1.42045
0 0 626 2.72771
0 0 627 0.507639
0 0 628 -1.524
0 0 629 0.44092
0 0 630 -1.43822
0 0 631 -2.22419
0 0 632 -0.154423
0 0 633 -1.8598
0 0 634 -2.47714
0 0 635 -1.81214
0 0 636 -2.15307
0 0 637 -0.496818
0 0 638 3.14123
0 0 639 3.11336
0 0 640 3.2556
0 0 641 2.73871
0 0 642 0.113921
0 0 643 -0.860476
0 0 644 -0.443296
0 0 645 1.68
0 0 646 0.0420696
0 0 647 1.1719
0 0 648 0.365402
0 0 649 -1.02324
0 0 650 -2.78728
0 0 651 -2.08489
0 0 652 -2.25132
0 0 653 -0.230674
0 0 654 -0.160288
0 0 655 -0.749032
0 0 656 0.721728
0 0 657 2.54955
0 0 658 2.89488
0 0 659 2.22548
0 0 660 2.50776
0 0 661 2.93813
0 0 662 -0.0847707
0 0 663 -0.229207
0 0 664 2.2834
0 0 665 0.44312
0 0 666 -0.881738
0 0 667 -0.67938
0 0 668 -1.51741
0 0 669 -3.74114
0 0 670 -2.62818
0 0 671 -2.35397
0 0 672 -2.16774
0 0 673 -3.1282
0 0 674 -2.11055
0 0 675 -2.04603
0 0 676 -0.519547
0 0 677 1.17117
0 0 678 1.38599
0 0 679 1.17117
0 0 680 2.71671
0 0 681 0.439454
0 0 682 -2.15307
0 0 683 -1.84367
0 0 684 -1.47342
0 0 685 -3.6297
0 0 686 -3.18613
0 0 687 -0.626591
0 0 688 -1.2256
0 0 689 -2.87159
0 0 690 0.433588
0 0 691 0.933618
0 0 692 0.0677309
0 0 693 0.639612
0 0 694 1.67706
0 0 695 0.218766
0 0 696 -1.74543
0 0 697 -1.65818
0 0 698 -0.696977
0 0 699 -0.45576
0 0 700 -0.616327
0 0 701 1.31634
0 0 702 0.414525
0 0 703 1.77531
0 0 704 2.20789
0 0 705 -0.0583762
0 0 706 -2.05849
0 0 707 -0.81062
0 0 708 -1.16841
0 0 709 -1.99837
0 0 710 1.037
0 0 711 2.88241
0 0 712 0.528168
0 0 713 -0.703575
0 0 714 -1.21827
0 0 715 -3.20519
0 0 716 -1.85907
0 0 717 1.55535
0 0 718 2.6412
0 0 719 3.53494
0 0 720 2.66979
0 0 721 0.700466
0 0 722 -1.36857
0 0 723 -2.39869
0 0 724 -1.13102
0 0 725 1.24595
0 0 726 3.00119
0 0 727 1.41165
0 0 728 0.325811
0 0 729 -2.13841
0 0 730 -3.56811
0 0 731 -3.12014
0 0 732 -0.870007
0 0 733 -2.98523
0 0 734 -1.34657
0 0 735 -1.98518
0 0 736 -1.57973
0 0 737 -2.90752
0 0 738 -0.860476
0 0 739 -0.867808
0 0 740 0.382266
0 0 741 -0.429366
0 0 742 -0.608262
0 0 743 -0.69771
0 0 744 -1.67504
0 0 745 -0.562805
0 0 746 -0.614127
0 0 747 -0.864142
0 0 748 -1.67137
0 0 749 -0.0774389
0 0 750 -1.48955
0 0 751 -4.18618
0 0 752 -2.52846
0 0 753 -1.31212
0 0 754 -3.69055
0 0 755 -6.04553
0 0 756 -4.46113
0 0 757 -3.6253
0 0 758 -4.59237
0 0 759 -3.43174
0 0 760 -0.347983
0 0 761 -1.85907
0 0 762 -3.35696
0 0 763 -1.77695
0 0 764 -2.56512
0 0 765 -4.79033
0 0 766 -2.10688
0 0 767 -2.49034
0 0 768 -3.85479
0 0 769 -3.27337
0 0 770 -1.95658
0 0 771 -2.59372
0 0 772 -2.5182
0 0 773 -1.12222
0 0 774 -0.235806
0 0 775 0.0955918
0 0 776 -2.46394
0 0 777 -3.39801
0 0 778 -1.77622
0 0 779 -3.84379
0 0 780 -2.03796
0 0 781 1.04799
0 0 782 2.72551
0 0 783 0.902091
0 0 784 3.52101
0 0 785 -0.0994343
0 0 786 -0.401505
0 0 787 -1.67577
0 0 788 -0.916931
0 0 789 -1.40303
0 0 790 0.895492
0 0 791 0.830239
0 0 792 1.74012
0 0 793 0.393996
0 0 794 0.363203
0 0 795 -2.167
0 0 796 -1.89353
0 0 797 0.688002
0 0 798 2.1507
0 0 799 1.38672
0 0 800 2.21375
0 0 801 2.54075
0 0 802 2.31566
0 0 803 -0.00338759
0 0 804 -1.09069
0 0 805 2.29513
0 0 806 0.631547
0 0 807 -0.391973
0 0 808 0.90649
0 0 809 2.922
0 0 810 1.22029
0 0 811 2.55101
0 0 812 1.8171
0 0 813 -0.161755
0 0 814 -0.273931
0 0 815 -0.178618
0 0 816 -1.12002
0 0 817 -2.79974
0 0 818 -0.885404
0 0 819 -0.796689
0 0 820 -2.09369
0 0 821 -1.23366
0 0 822 0.473913
0 0 823 1.19536
0 0 824 0.425523
0 0 825 4.74323
0 0 826 4.47195
0 0 827 5.65164
0 0 828 3.7219
0 0 829 1.70786
0 0 830 -2.36423
0 0 831 -2.75502
0 0 832 -4.41494
0 0 833 -2.9669
0 0 834 -1.28352
0 0 835 -2.08855
0 0 836 -1.63691
0 0 837 -2.12741
0 0 838 -1.39423
0 0 839 -2.80121
0 0 840 -1.54453
0 0 841 -2.05116
0 0 842 -0.982917
0 0 843 -2.14794
0 0 844 0.36247
0 0 845 0.539166
0 0 846 1.60228
0 0 847 -1.90746
0 0 848 -1.38617
0 0 849 -2.06802
0 0 850 -4.23237
0 0 851 -6.1929
0 0 852 -2.6641
0 0 853 -5.35414
0 0 854 -5.26029
0 0 855 -4.55497
0 0 856 -3.84745
0 0 857 -2.26965
0 0 858 -0.834815
0 0 859 -0.663984
0 0 860 1.44318
0 0 861 2.04439
0 0 862 0.725394
0 0 863 0.82584
0 0 864 -1.8466
0 0 865 -3.10401
0 0 866 -3.3137
0 0 867 -2.83786
0 0 868 -0.744633
0 0 869 3.7417
0 0 870 3.94846
0 0 871 2.71745
0 0 872 2.41024
0 0 873 2.02532
0 0 874 -2.26965
0 0 875 -2.73155
0 0 876 -3.03876
0 0 877 -3.57984
0 0 878 -5.72733
0 0 879 -5.65621
0 0 880 -4.86804
0 0 881 -2.98083
0 0 882 -4.36215
0 0 883 -3.05415
0 0 884 -1.24246
0 0 885 -2.84226
0 0 886 -3.04902
0 0 887 -2.02477
0 0 888 -1.80628
0 0 889 -2.37596
0 0 890 -1.69704
0 0 891 -1.58193
0 0 892 -1.0863
0 0 893 -4.23018
0 0 894 -1.99764
0 0 895 -1.57533
0 0 896 -2.09882
0 0 897 -3.44494
0 0 898 -1.3913
0 0 899 -1.67651
0 0 900 -2.93538
0 0 901 -2.85766
0 0 902 -1.52987
0 0 903 0.126385
0 0 904 0.0340046
0 0 905 0.436521
0 0 906 -0.320855
0 0 907 -0.798889
0 0 908 -0.370711
0 0 909 -0.563538
0 0 910 0.202636
0 0 911 0.561162
0 0 912 0.976875
0 0 913 -0.876606
0 0 914 -2.18607
0 0 915 -0.708708
0 0 916 0.991539
0 0 917 0.657942
0 0 918 2.57668
0 0 919 3.27246
0 0 920 0.932151
0 0 921 -0.557672
0 0 922 1.47617
0 0 923 -0.0158517
0 0 924 2.10011
0 0 925 4.64131
0 0 926 4.35097
0 0 927 3.31499
0 0 928 2.19835
0 0 929 0.124186
0 0 930 -1.85907
0 0 931 -3.54392
0 0 932 -4.04761
0 0 933 -2.59298
0 0 934 -1.97051
0 0 935 -1.66184
0 0 936 0.545765
0 0 937 0.253226
0 0 938 -1.56506
0 0 939 -2.20293
0 0 940 -1.92212
0 0 941 -3.97943
0 0 942 -3.79247
0 0 943 -3.53952
0 0 944 -2.41995
0 0 945 -0.797422
0 0 946 1.89702
0 0 947 -1.11929
0 0 948 0.321412
0 0 949 -2.34297
0 0 950 -4.56304
0 0 951 -6.09099
0 0 952 -3.53439
0 0 953 -4.44426
0 0 954 -2.81587
0 0 955 -2.45148
0 0 956 -3.71035
0 0 957 -2.64504
0 0 958 -2.41849
0 0 959 -4.84091
0 0 960 -5.05207
0 0 961 -6.11885
0 0 962 -8.55594
0 0 963 -9.20114
0 0 964 -9.60732
0 0 965 -10.0399
0 0 966 -6.61228
0 0 967 -4.02415
0 0 968 -2.46614
0 0 969 1.68439
0 0 970 3.46016
0 0 971 2.75777
0 0 972 1.57075
0 0 973 2.00919
0 0 974 1.026
0 0 975 0.0603991
0 0 976 0.0083433
0 0 977 0.691668
0 0 978 0.611751
0 0 979 -0.20208
0 0 980 0.927752
0 0 981 3.0855
0 0 982 1.94394
0 0 983 1.30681
0 0 984 1.74965
0 0 985 0.665273
0 0 986 -1.45289
0 0 987 -1.44335
0 0 988 -2.3679
0 0 989 -0.852411
0 0 990 -0.0312485
0 0 991 0.12272
0 0 992 0.737858
0 0 993 1.31634
0 0 994 -1.57093
0 0 995 -2.9867
0 0 996 -2.76968
0 0 997 -2.22053
0 0 998 -2.34737
0 0 999 -1.71683
0 0 1000 -1.91039
0 0 1001 -0.870741
0 0 1002 -3.10987
0 0 1003 -1.46535
0 0 1004 -0.674248
0 0 1005 1.59861
0 0 1006 1.32294
0 0 1007 3.20794
0 0 1008 2.3098
0 0 1009 4.17574
0 0 1010 4.32018
0 0 1011 2.17636
0 0 1012 1.004
0 0 1013 -0.343583
0 0 1014 -1.99911
0 0 1015 -2.71689
0 0 1016 0.0875268
0 0 1017 0.745923
0 0 1018 2.92934
0 0 1019 1.5187
0 0 1020 1.60521
0 0 1021 -5.55797
0 0 1022 -5.55797
0 0 1023 -5.55797
