0 0 0 -0.00766647
0 0 1 -0.00766647
0 0 2 -0.00766647
0 0 3 -0.00766647
0 0 4 -0.00766647
0 0 5 -0.00766647
0 0 6 -0.00766647
0 0 7 -0.00766647
0 0 8 -0.00766647
0 0 9 -0.00766647
0 0 10 -0.00766647
0 0 11 -0.00766647
0 0 12 -0.00766647
0 0 13 -0.00766647
0 0 14 -0.00766647
0 0 15 -0.00766647
0 0 16 -0.00766647
0 0 17 -0.00766647
0 0 18 -0.00766647
0 0 19 -0.00766647
0 0 20 -0.00766647
0 0 21 -0.00766647
0 0 22 -0.00766647
0 0 23 -0.00766647
0 0 24 -0.00766647
0 0 25 -0.00766647
0 0 26 -0.00766647
0 0 27 -0.00766647
0 0 28 -0.00766647
0 0 29 -0.00766647
0 0 30 -0.00766647
0 0 31 -0.00766647
0 0 32 -0.00766647
0 0 33 -0.00766647
0 0 34 -0.00766647
0 0 35 -0.00766647
0 0 36 -0.00766647
0 0 37 -0.00766647
0 0 38 -0.00766647
0 0 39 -0.00766647
0 0 40 -0.00766647
0 0 41 -0.00766647
0 0 42 -0.00766647
0 0 43 -0.00766647
0 0 44 -0.00766647
0 0 45 -0.00766647
0 0 46 -0.00766647
0 0 47 -0.00766647
0 0 48 -0.00766647
0 0 49 -0.00766647
0 0 50 -0.00766647
0 0 51 -0.00766647
0 0 52 -0.00766647
0 0 53 -0.00766647
0 0 54 -0.00766647
0 0 55 -0.00766647
0 0 56 -0.00766647
0 0 57 -0.00766647
0 0 58 -0.00766647
0 0 59 -0.00766647
0 0 60 -0.00766647
0 0 61 -0.00766647
0 0 62 -0.00766647
0 0 63 -0.00766647
0 0 64 -0.00766647
0 0 65 -0.00766647
0 0 66 -0.00766647
0 0 67 -0.00766647
0 0 68 -0.00766647
0 0 69 -0.00766647
0 0 70 -0.00766647
0 0 71 -0.00766647
0 0 72 -0.00766647
0 0 73 -0.00766647
0 0 74 -0.00766647
0 0 75 -0.00766647
0 0 76 -0.00766647
0 0 77 6.72111
0 0 78 4.80955
0 0 79 4.59606
0 0 80 4.15769
0 0 81 3.33472
0 0 82 1.65782
0 0 83 0.301965
0 0 84 -0.788263
0 0 85 -1.15004
0 0 86 -1.64219
0 0 87 -1.90945
0 0 88 -2.21909
0 0 89 -1.67479
0 0 90 -0.617151
0 0 91 1.14612
0 0 92 2.26731
0 0 93 2.56553
0 0 94 1.29604
0 0 95 -0.659522
0 0 96 -2.9019
0 0 97 -3.91717
0 0 98 -3.88458
0 0 99 -2.68842
0 0 100 -1.4173
0 0 101 0.00211136
0 0 102 0.68656
0 0 103 0.95382
0 0 104 0.515447
0 0 105 0.259594
0 0 106 -0.167371
0 0 107 -0.274927
0 0 108 -0.53078
0 0 109 -0.0500371
0 0 110 0.803894
0 0 111 2.23472
0 0 112 3.09028
0 0 113 3.2288
0 0 114 2.04242
0 0 115 0.867449
0 0 116 0.398114
0 0 117 1.56168
0 0 118 2.94035
0 0 119 4.02895
0 0 120 4.22125
0 0 121 4.80955
0 0 122 5.74985
0 0 123 6.99815
0 0 124 7.0943
0 0 125 6.198
0 0 126 4.06154
0 0 127 1.80775
0 0 128 -0.380854
0 0 129 -1.22501
0 0 130 -1.0653
0 0 131 -0.0288518
0 0 132 0.623004
0 0 133 1.26345
0 0 134 1.78657
0 0 135 2.85398
0 0 136 3.61339
0 0 137 4.1691
0 0 138 3.77309
0 0 139 3.04628
0 0 140 1.81916
0 0 141 1.1999
0 0 142 1.05975
0 0 143 1.85012
0 0 144 2.6405
0 0 145 3.53843
0 0 146 3.66717
0 0 147 3.40969
0 0 148 2.32109
0 0 149 1.1673
0 0 150 -0.296113
0 0 151 -1.23641
0 0 152 -2.03657
0 0 153 -2.13272
0 0 154 -2.08057
0 0 155 -1.27878
0 0 156 -0.349891
0 0 157 1.01738
0 0 158 1.84034
0 0 159 2.11738
0 0 160 1.07115
0 0 161 -0.328705
0 0 162 -1.57864
0 0 163 -1.19404
0 0 164 0.419299
0 0 165 2.81161
0 0 166 4.06154
0 0 167 3.9328
0 0 168 2.28849
0 0 169 0.72893
0 0 170 -0.403669
0 0 171 -0.659522
0 0 172 -1.10767
0 0 173 -1.62101
0 0 174 -2.59227
0 0 175 -3.01924
0 0 176 -2.87094
0 0 177 -1.72694
0 0 178 -0.755671
0 0 179 -0.0500371
0 0 180 -0.146186
0 0 181 0.00211136
0 0 182 0.238409
0 0 183 0.963598
0 0 184 1.31723
0 0 185 1.5519
0 0 186 1.23086
0 0 187 1.20967
0 0 188 1.17708
0 0 189 1.42316
0 0 190 1.11352
0 0 191 0.719152
0 0 192 0.130853
0 0 193 0.152038
0 0 194 0.290557
0 0 195 1.11352
0 0 196 2.0636
0 0 197 3.31354
0 0 198 3.69813
0 0 199 3.50583
0 0 200 2.67309
0 0 201 2.41724
0 0 202 2.33086
0 0 203 2.52316
0 0 204 2.00005
0 0 205 1.34819
0 0 206 0.569226
0 0 207 0.740338
0 0 208 1.1673
0 0 209 1.50953
0 0 210 0.632782
0 0 211 -0.467225
0 0 212 -1.17123
0 0 213 -0.199964
0 0 214 1.45575
0 0 215 2.91916
0 0 216 2.67309
0 0 217 1.31723
0 0 218 -0.809449
0 0 219 -2.31523
0 0 220 -3.35168
0 0 221 -3.51139
0 0 222 -3.70369
0 0 223 -3.71346
0 0 224 -3.80961
0 0 225 -3.06324
0 0 226 -2.1539
0 0 227 -1.11908
0 0 228 -1.00175
0 0 229 -1.29997
0 0 230 -2.12294
0 0 231 -2.3462
0 0 232 -2.16531
0 0 233 -1.31138
0 0 234 -0.969153
0 0 235 -1.03271
0 0 236 -1.84427
0 0 237 -2.08057
0 0 238 -1.84427
0 0 239 -0.926783
0 0 240 -0.392261
0 0 241 -0.0614445
0 0 242 -0.605744
0 0 243 -1.27878
0 0 244 -1.90945
0 0 245 -1.38634
0 0 246 -0.338483
0 0 247 1.23086
0 0 248 2.58835
0 0 249 4.33858
0 0 250 5.74985
0 0 251 6.65756
0 0 252 6.20778
0 0 253 5.29029
0 0 254 3.76332
0 0 255 2.28849
0 0 256 0.68656
0 0 257 0.0135188
0 0 258 0.00211136
0 0 259 0.825079
0 0 260 1.46553
0 0 261 2.22494
0 0 262 2.47101
0 0 263 2.52316
0 0 264 1.81916
0 0 265 1.33842
0 0 266 1.03856
0 0 267 1.63664
0 0 268 2.37487
0 0 269 3.34613
0 0 270 3.42109
0 0 271 2.74805
0 0 272 1.02878
0 0 273 -0.53078
0 0 274 -1.9942
0 0 275 -2.66724
0 0 276 -3.08442
0 0 277 -2.61346
0 0 278 -1.8019
0 0 279 -0.434632
0 0 280 0.461669
0 0 281 1.05975
0 0 282 0.794116
0 0 283 0.482855
0 0 284 -0.0500371
0 0 285 0.0135188
0 0 286 -0.0924077
0 0 287 -0.317298
0 0 288 -1.16145
0 0 289 -1.65197
0 0 290 -2.01538
0 0 291 -1.76931
0 0 292 -1.50367
0 0 293 -0.692115
0 0 294 0.00211136
0 0 295 0.900042
0 0 296 1.40197
0 0 297 2.12879
0 0 298 2.51338
0 0 299 2.8442
0 0 300 2.18257
0 0 301 0.91145
0 0 302 -0.990339
0 0 303 -2.17672
0 0 304 -2.88072
0 0 305 -3.00946
0 0 306 -3.35168
0 0 307 -3.04042
0 0 308 -2.14412
0 0 309 -0.167371
0 0 310 1.93649
0 0 311 4.09413
0 0 312 5.2577
0 0 313 5.51355
0 0 314 4.43473
0 0 315 3.26139
0 0 316 2.2559
0 0 317 1.99027
0 0 318 1.42316
0 0 319 0.794116
0 0 320 -0.115223
0 0 321 -0.446039
0 0 322 -0.755671
0 0 323 -0.403669
0 0 324 0.398114
0 0 325 2.12879
0 0 326 3.64435
0 0 327 4.54228
0 0 328 3.83665
0 0 329 2.26731
0 0 330 0.0770747
0 0 331 -1.43849
0 0 332 -2.45375
0 0 333 -2.44235
0 0 334 -2.01538
0 0 335 -0.755671
0 0 336 0.461669
0 0 337 1.72301
0 0 338 2.2999
0 0 339 3.0365
0 0 340 3.73072
0 0 341 4.76717
0 0 342 4.94806
0 0 343 4.5211
0 0 344 3.29235
0 0 345 2.19235
0 0 346 0.771301
0 0 347 -0.328705
0 0 348 -1.34234
0 0 349 -1.54605
0 0 350 -1.45967
0 0 351 -0.638337
0 0 352 0.0672969
0 0 353 0.579003
0 0 354 0.0135188
0 0 355 -0.840412
0 0 356 -1.86545
0 0 357 -2.17672
0 0 358 -2.50753
0 0 359 -2.51731
0 0 360 -2.50753
0 0 361 -1.53464
0 0 362 -0.103815
0 0 363 1.69042
0 0 364 2.35205
0 0 365 1.9039
0 0 366 0.440484
0 0 367 -0.178779
0 0 368 0.301965
0 0 369 2.0636
0 0 370 3.43087
0 0 371 3.96539
0 0 372 2.96153
0 0 373 1.54049
0 0 374 -0.0190739
0 0 375 -0.349891
0 0 376 0.365521
0 0 377 2.11738
0 0 378 3.43087
0 0 379 4.08273
0 0 380 3.21739
0 0 381 1.5519
0 0 382 -0.595966
0 0 383 -1.94042
0 0 384 -2.67864
0 0 385 -2.45375
0 0 386 -2.02679
0 0 387 -0.915375
0 0 388 0.290557
0 0 389 1.88271
0 0 390 2.99413
0 0 391 3.79428
0 0 392 3.48465
0 0 393 2.4482
0 0 394 0.334558
0 0 395 -1.76931
0 0 396 -3.66132
0 0 397 -4.39791
0 0 398 -4.49406
0 0 399 -3.60754
0 0 400 -2.5385
0 0 401 -1.36353
0 0 402 -1.31138
0 0 403 -1.88827
0 0 404 -2.72101
0 0 405 -2.16531
0 0 406 -0.626929
0 0 407 1.3596
0 0 408 2.20375
0 0 409 2.24612
0 0 410 1.53071
0 0 411 1.14612
0 0 412 0.740338
0 0 413 1.18849
0 0 414 2.20375
0 0 415 3.89043
0 0 416 4.61725
0 0 417 4.05176
0 0 418 1.92508
0 0 419 -0.211371
0 0 420 -1.9942
0 0 421 -2.7422
0 0 422 -3.16917
0 0 423 -2.94428
0 0 424 -2.7422
0 0 425 -1.85568
0 0 426 -0.53078
0 0 427 1.64805
0 0 428 3.37872
0 0 429 4.25384
0 0 430 3.5808
0 0 431 2.53457
0 0 432 1.34819
0 0 433 0.707745
0 0 434 -0.103815
0 0 435 -0.380854
0 0 436 -0.178779
0 0 437 0.878857
0 0 438 1.64805
0 0 439 2.18257
0 0 440 2.11738
0 0 441 2.24612
0 0 442 2.13857
0 0 443 2.0962
0 0 444 1.41338
0 0 445 0.984783
0 0 446 0.675152
0 0 447 1.1673
0 0 448 1.84034
0 0 449 2.92894
0 0 450 3.29235
0 0 451 2.94035
0 0 452 1.5193
0 0 453 0.205816
0 0 454 -1.05389
0 0 455 -1.38634
0 0 456 -1.20382
0 0 457 -0.253742
0 0 458 0.238409
0 0 459 0.248187
0 0 460 -0.659522
0 0 461 -1.45967
0 0 462 -2.29405
0 0 463 -2.25005
0 0 464 -1.33256
0 0 465 1.0076
0 0 466 3.3885
0 0 467 5.2691
0 0 468 5.52496
0 0 469 4.88451
0 0 470 3.3885
0 0 471 2.08642
0 0 472 0.846264
0 0 473 0.50567
0 0 474 0.569226
0 0 475 1.31723
0 0 476 1.82894
0 0 477 2.50198
0 0 478 2.8442
0 0 479 3.42109
0 0 480 3.50583
0 0 481 3.47487
0 0 482 3.1962
0 0 483 3.85947
0 0 484 5.03444
0 0 485 6.52881
0 0 486 7.15948
0 0 487 7.4903
0 0 488 7.79993
0 0 489 9.30572
0 0 490 11.3884
0 0 491 13.8459
0 0 492 15.394
0 0 493 16.4843
0 0 494 17.1883
0 0 495 18.6305
0 0 496 20.5323
0 0 497 23.3092
0 0 498 26.2784
0 0 499 29.3014
0 0 500 30.9669
0 0 501 31.4362
0 0 502 30.8919
0 0 503 31.1478
0 0 504 32.4727
0 0 505 35.186
0 0 506 37.9417
0 0 507 40.4514
0 0 508 41.9783
0 0 509 43.4532
0 0 510 44.8628
0 0 511 46.8917
0 0 512 48.8473
0 0 513 50.9185
0 0 514 52.1897
0 0 515 52.9165
0 0 516 52.6704
0 0 517 52.2646
0 0 518 51.0571
0 0 519 49.1781
0 0 520 46.2089
0 0 521 43.7204
0 0 522 42.3841
0 0 523 43.036
0 0 524 44.4146
0 0 525 45.8878
0 0 526 46.0052
0 0 527 44.884
0 0 528 42.4493
0 0 529 40.088
0 0 530 37.8994
0 0 531 36.6592
0 0 532 35.7939
0 0 533 35.7205
0 0 534 35.6456
0 0 535 35.8167
0 0 536 35.507
0 0 537 35.0899
0 0 538 33.8611
0 0 539 32.5053
0 0 540 30.9457
0 0 541 30.2189
0 0 542 29.9092
0 0 543 30.315
0 0 544 30.7322
0 0 545 31.5226
0 0 546 31.917
0 0 547 32.1207
0 0 548 31.5112
0 0 549 30.8072
0 0 550 30.1879
0 0 551 30.8169
0 0 552 31.961
0 0 553 33.338
0 0 554 33.6476
0 0 555 33.263
0 0 556 32.1744
0 0 557 31.565
0 0 558 31.2227
0 0 559 31.49
0 0 560 31.5975
0 0 561 32.0669
0 0 562 32.313
0 0 563 32.665
0 0 564 32.559
0 0 565 32.7725
0 0 566 32.9648
0 0 567 33.7014
0 0 568 34.3321
0 0 569 35.3033
0 0 570 36.1475
0 0 571 37.5148
0 0 572 38.7647
0 0 573 39.9494
0 0 574 40.2705
0 0 575 40.484
0 0 576 40.6763
0 0 577 41.786
0 0 578 43.1435
0 0 579 44.7552
0 0 580 45.7493
0 0 581 46.732
0 0 582 47.2339
0 0 583 47.5761
0 0 584 47.2665
0 0 585 47.2013
0 0 586 47.3089
0 0 587 48.2166
0 0 588 49.2628
0 0 589 50.855
0 0 590 52.2972
0 0 591 53.8242
0 0 592 54.9356
0 0 593 56.6125
0 0 594 59.0146
0 0 595 63.0088
0 0 596 67.7837
0 0 597 73.3489
0 0 598 79.1797
0 0 599 86.0063
0 0 600 92.7351
0 0 601 98.2253
0 0 602 99.9967
0 0 603 97.6794
0 0 604 91.2814
0 0 605 82.6199
0 0 606 72.5047
0 0 607 62.5183
0 0 608 53.0762
0 0 609 45.2572
0 0 610 38.5936
0 0 611 33.2956
0 0 612 28.2649
0 0 613 23.5015
0 0 614 18.4382
0 0 615 14.1653
0 0 616 10.7594
0 0 617 8.98631
0 0 618 8.15193
0 0 619 8.47297
0 0 620 8.87875
0 0 621 9.27475
0 0 622 8.68646
0 0 623 7.66141
0 0 624 6.14422
0 0 625 5.00184
0 0 626 3.7405
0 0 627 2.71546
0 0 628 1.32701
0 0 629 0.301965
0 0 630 -0.551966
0 0 631 -0.584559
0 0 632 -0.542188
0 0 633 -0.188556
0 0 634 0.0347041
0 0 635 0.653967
0 0 636 0.794116
0 0 637 0.601818
0 0 638 -0.30752
0 0 639 -0.840412
0 0 640 -0.851819
0 0 641 0.259594
0 0 642 1.41338
0 0 643 2.21353
0 0 644 1.70182
0 0 645 0.803894
0 0 646 -0.371076
0 0 647 -1.17123
0 0 648 -2.42116
0 0 649 -3.6385
0 0 650 -4.92103
0 0 651 -5.25184
0 0 652 -5.05955
0 0 653 -4.14206
0 0 654 -3.80961
0 0 655 -4.24799
0 0 656 -5.78637
0 0 657 -6.8
0 0 658 -6.67289
0 0 659 -4.70754
0 0 660 -2.3902
0 0 661 -0.284705
0 0 662 0.623004
0 0 663 1.17708
0 0 664 1.1673
0 0 665 1.02878
0 0 666 0.163446
0 0 667 -0.53078
0 0 668 -0.947968
0 0 669 -0.274927
0 0 670 0.782708
0 0 671 2.4482
0 0 672 3.84806
0 0 673 5.05562
0 0 674 5.04421
0 0 675 4.1691
0 0 676 2.39605
0 0 677 1.03856
0 0 678 0.130853
0 0 679 0.121075
0 0 680 0.152038
0 0 681 0.54804
0 0 682 0.825079
0 0 683 1.38079
0 0 684 1.20967
0 0 685 0.536633
0 0 686 -0.776856
0 0 687 -1.54605
0 0 688 -1.82308
0 0 689 -0.882782
0 0 690 0.719152
0 0 691 3.00391
0 0 692 4.63843
0 0 693 5.63251
0 0 694 5.47118
0 0 695 4.96925
0 0 696 3.89043
0 0 697 2.97294
0 0 698 1.9039
0 0 699 1.34819
0 0 700 0.782708
0 0 701 0.50567
0 0 702 -0.242334
0 0 703 -1.04412
0 0 704 -2.04797
0 0 705 -2.1979
0 0 706 -1.94042
0 0 707 -1.24619
0 0 708 -1.22501
0 0 709 -1.58842
0 0 710 -2.69983
0 0 711 -3.56517
0 0 712 -4.17302
0 0 713 -3.73465
0 0 714 -3.04042
0 0 715 -2.06916
0 0 716 -1.59982
0 0 717 -1.14027
0 0 718 -1.29019
0 0 719 -1.53464
0 0 720 -2.17672
0 0 721 -2.29405
0 0 722 -2.1539
0 0 723 -1.16145
0 0 724 0.0249263
0 0 725 1.50953
0 0 726 2.35205
0 0 727 2.88657
0 0 728 2.80183
0 0 729 2.97294
0 0 730 2.85398
0 0 731 2.69427
0 0 732 1.66923
0 0 733 0.675152
0 0 734 -0.274927
0 0 735 -0.403669
0 0 736 -0.595966
0 0 737 -0.93656
0 0 738 -2.05775
0 0 739 -3.01924
0 0 740 -4.01332
0 0 741 -4.6114
0 0 742 -5.41155
0 0 743 -5.66903
0 0 744 -5.53051
0 0 745 -4.4191
0 0 746 -3.12679
0 0 747 -1.50367
0 0 748 -0.573151
0 0 749 -0.296113
0 0 750 -1.21523
0 0 751 -2.09034
0 0 752 -2.56131
0 0 753 -2.05775
0 0 754 -1.69597
0 0 755 -1.29997
0 0 756 -1.23641
0 0 757 -0.744263
0 0 758 -0.317298
0 0 759 0.761523
0 0 760 2.02123
0 0 761 3.42109
0 0 762 3.5482
0 0 763 2.75783
0 0 764 1.53071
0 0 765 1.43456
0 0 766 2.01146
0 0 767 3.11146
0 0 768 3.63458
0 0 769 3.91161
0 0 770 3.62317
0 0 771 3.39991
0 0 772 2.6519
0 0 773 2.05383
0 0 774 1.53071
0 0 775 1.81916
0 0 776 2.13857
0 0 777 2.80183
0 0 778 3.1962
0 0 779 3.66717
0 0 780 3.36732
0 0 781 2.58835
0 0 782 1.07115
0 0 783 -0.115223
0 0 784 -1.11908
0 0 785 -1.40753
0 0 786 -1.63079
0 0 787 -1.32116
0 0 788 -0.990339
0 0 789 -0.178779
0 0 790 0.248187
0 0 791 0.386706
0 0 792 -0.434632
0 0 793 -1.22501
0 0 794 -1.87686
0 0 795 -1.67479
0 0 796 -1.48249
0 0 797 -1.32116
0 0 798 -2.0056
0 0 799 -2.88072
0 0 800 -3.97095
0 0 801 -4.37673
0 0 802 -4.69614
0 0 803 -4.45169
0 0 804 -3.8748
0 0 805 -2.28264
0 0 806 -0.788263
0 0 807 0.461669
0 0 808 0.91145
0 0 809 1.62686
0 0 810 2.12879
0 0 811 2.48079
0 0 812 1.81916
0 0 813 1.1673
0 0 814 0.900042
0 0 815 1.81916
0 0 816 2.79042
0 0 817 3.5808
0 0 818 3.34613
0 0 819 2.59813
0 0 820 0.846264
0 0 821 -1.11908
0 0 822 -3.24413
0 0 823 -4.64399
0 0 824 -5.76518
0 0 825 -6.03244
0 0 826 -5.87111
0 0 827 -4.59021
0 0 828 -2.91331
0 0 829 -0.990339
0 0 830 -0.0826298
0 0 831 0.0347041
0 0 832 -0.776856
0 0 833 -1.34234
0 0 834 -1.65197
0 0 835 -0.990339
0 0 836 -0.157593
0 0 837 0.846264
0 0 838 1.34819
0 0 839 2.05383
0 0 840 2.4482
0 0 841 2.74805
0 0 842 2.17116
0 0 843 1.3596
0 0 844 0.0672969
0 0 845 -0.755671
0 0 846 -1.21523
0 0 847 -0.788263
0 0 848 -0.446039
0 0 849 -0.178779
0 0 850 -0.680707
0 0 851 -1.37493
0 0 852 -2.63464
0 0 853 -3.38265
0 0 854 -3.35168
0 0 855 -1.64219
0 0 856 0.494262
0 0 857 2.15975
0 0 858 1.69042
0 0 859 -0.211371
0 0 860 -2.94428
0 0 861 -4.69614
0 0 862 -5.17688
0 0 863 -3.67109
0 0 864 -1.23641
0 0 865 1.41338
0 0 866 2.50198
0 0 867 2.47101
0 0 868 1.88271
0 0 869 2.32109
0 0 870 3.35754
0 0 871 4.69221
0 0 872 5.15177
0 0 873 5.23651
0 0 874 4.63843
0 0 875 3.94421
0 0 876 2.56553
0 0 877 1.39219
0 0 878 0.430706
0 0 879 0.430706
0 0 880 0.515447
0 0 881 0.50567
0 0 882 -0.584559
0 0 883 -1.81331
0 0 884 -2.80576
0 0 885 -2.57109
0 0 886 -2.08057
0 0 887 -1.36353
0 0 888 -1.19404
0 0 889 -0.926783
0 0 890 -0.93656
0 0 891 -0.765448
0 0 892 -1.11908
0 0 893 -1.54605
0 0 894 -2.30383
0 0 895 -2.3462
0 0 896 -1.82308
0 0 897 -0.542188
0 0 898 0.269372
0 0 899 0.771301
0 0 900 0.579003
0 0 901 0.611596
0 0 902 0.569226
0 0 903 1.03856
0 0 904 1.44434
0 0 905 2.14998
0 0 906 2.33086
0 0 907 2.33086
0 0 908 1.88271
0 0 909 1.92508
0 0 910 2.13857
0 0 911 2.89798
0 0 912 3.20761
0 0 913 3.06909
0 0 914 1.79797
0 0 915 0.419299
0 0 916 -0.840412
0 0 917 -1.18264
0 0 918 -1.32116
0 0 919 -1.00175
0 0 920 -1.03271
0 0 921 -1.15004
0 0 922 -1.68456
0 0 923 -1.43849
0 0 924 -0.551966
0 0 925 0.95382
0 0 926 1.7116
0 0 927 1.95768
0 0 928 1.57308
0 0 929 1.57308
0 0 930 1.38079
0 0 931 1.18849
0 0 932 0.365521
0 0 933 -0.53078
0 0 934 -1.87686
0 0 935 -3.03065
0 0 936 -4.2268
0 0 937 -4.64399
0 0 938 -4.62117
0 0 939 -3.57495
0 0 940 -2.32501
0 0 941 -1.03271
0 0 942 -0.93656
0 0 943 -1.70575
0 0 944 -3.37287
0 0 945 -4.46147
0 0 946 -4.63258
0 0 947 -3.14798
0 0 948 -1.17123
0 0 949 0.984783
0 0 950 2.41724
0 0 951 3.63458
0 0 952 4.1251
0 0 953 4.22125
0 0 954 3.24998
0 0 955 2.1076
0 0 956 1.24227
0 0 957 1.97886
0 0 958 3.30376
0 0 959 4.59606
0 0 960 4.70199
0 0 961 4.31739
0 0 962 3.29235
0 0 963 2.30968
0 0 964 1.09234
0 0 965 0.569226
0 0 966 0.344335
0 0 967 0.719152
0 0 968 1.02878
0 0 969 1.92508
0 0 970 2.79042
0 0 971 3.64435
0 0 972 3.65576
0 0 973 3.68835
0 0 974 3.49606
0 0 975 3.34613
0 0 976 2.30968
0 0 977 1.08093
0 0 978 -0.296113
0 0 979 -0.744263
0 0 980 -0.788263
0 0 981 -0.434632
0 0 982 -0.734485
0 0 983 -1.17123
0 0 984 -1.97301
0 0 985 -2.3462
0 0 986 -2.65583
0 0 987 -2.28264
0 0 988 -1.69597
0 0 989 -0.48841
0 0 990 0.32315
0 0 991 0.803894
0 0 992 0.482855
0 0 993 0.248187
0 0 994 -0.349891
0 0 995 -0.969153
0 0 996 -2.06916
0 0 997 -2.56131
0 0 998 -2.35761
0 0 999 -0.744263
0 0 1000 1.24227
0 0 1001 3.23857
0 0 1002 3.85947
0 0 1003 3.43087
0 0 1004 1.87131
0 0 1005 0.419299
0 0 1006 -0.89419
0 0 1007 -1.48249
0 0 1008 -1.9942
0 0 1009 -2.13272
0 0 1010 -2.36901
0 0 1011 -1.89805
0 0 1012 -1.09789
0 0 1013 0.301965
0 0 1014 1.10375
0 0 1015 1.22108
0 0 1016 0.248187
0 0 1017 -0.648114
0 0 1018 -1.29019
0 0 1019 -1.09789
0 0 1020 -0.00766647
0 0 1021 -0.00766647
0 0 1022 -0.00766647
0 0 1023 -0.00766647
