0 0 0 6.53178 -1.67202 10.4654 -4.30566
0 0 1 -0.54088 -0.248227 2.55614 -3.21754
0 0 2 -2.5074 2.55359 4.02111 -0.66519
0 0 3 -0.166073 -1.75545 3.26594 2.05509
0 0 4 0.632217 -5.10364 -2.46587 1.09236
0 0 5 2.59874 -9.32925 5.90236 3.01707
0 0 6 2.59874 0.796064 6.74025 -0.45623
0 0 7 11.5503 6.48853 0.589496 -0.790566
0 0 8 9.04347 7.90962 5.02444 -3.38547
0 0 9 3.30941 0.755692 0.923051 -2.54811
0 0 10 5.19318 -0.878031 -2.75939 0.129618
0 0 11 11.6769 0.629193 -2.63398 2.72452
0 0 12 8.54211 1.25631 -3.7227 -1.29283
0 0 13 0.213602 -3.93285 4.52277 -6.56547
0 0 14 -3.51013 -3.34611 2.17989 -3.09217
0 0 15 -3.09152 0.672256 -5.52123 -5.2266
0 0 16 -0.832938 -0.794596 -0.75006 -1.33462
0 0 17 -6.19219 -5.73075 0.0024395 3.43575
0 0 18 -7.94941 -3.59642 -2.13231 -0.790566
0 0 19 -9.99868 -4.14009 -3.30376 -5.64528
0 0 20 -11.6293 -5.98375 -3.4692 -2.13019
0 0 21 -7.82285 -4.7699 1.17388 4.48207
0 0 22 -2.84327 2.17679 0.672218 10.8421
0 0 23 4.52145 1.63311 -3.21837 5.69556
0 0 24 5.11043 0.839128 -4.13898 -1.62793
0 0 25 2.18012 1.63311 -6.27373 -2.925
0 0 26 0.422909 6.9057 3.35133 -1.41821
0 0 27 0.5446 7.40901 4.35466 -6.48188
0 0 28 -0.166073 11.4677 4.22925 -5.39377
0 0 29 4.2732 3.89395 0.923051 -0.748774
0 0 30 4.10283 -3.13618 -1.08628 -1.04208
0 0 31 -0.667439 -0.41779 -3.68001 -1.62793
0 0 32 2.26287 9.62678 -7.44517 -0.162926
0 0 33 2.05356 3.43371 -6.39914 2.89169
0 0 34 -5.77358 9.66715 -2.25773 4.89999
0 0 35 -3.80706 9.29304 -2.84212 0.339338
0 0 36 -1.25155 -4.01629 -1.12631 2.93348
0 0 37 1.29908 -3.13618 3.26594 3.39396
0 0 38 2.26287 0.419258 4.77361 -0.706982
0 0 39 -4.01636 -4.01629 5.27527 -1.46
0 0 40 -7.65735 -3.34611 6.69755 -2.42274
0 0 41 -0.331572 -12.3006 2.80697 -0.204718
0 0 42 3.72803 -10.5862 3.14052 5.31867
0 0 43 0.213602 2.00992 -5.85478 3.56113
0 0 44 -1.42192 0.042452 -10.8768 -3.30189
0 0 45 -3.09152 0.462322 -9.2864 -5.64528
0 0 46 -4.97529 0.042452 2.21991 -2.96679
0 0 47 -5.43771 -6.15062 0.253273 -0.539814
0 0 48 -5.64702 -3.47261 0.672218 3.51933
0 0 49 -4.55667 -0.878031 -0.75006 5.36046
0 0 50 -12.7197 3.68401 -1.08628 3.31037
0 0 51 -13.6786 -0.918403 -4.13898 0.0460343
0 0 52 -11.3811 -3.51298 -0.960867 -3.92953
0 0 53 -6.98562 3.97738 1.04847 -8.07226
0 0 54 -1.37811 2.09335 -2.21503 -2.63246
0 0 55 -2.13259 2.76353 -4.26439 6.02989
0 0 56 -0.750188 3.43371 -4.89415 2.97528
0 0 57 -2.25915 6.48853 -1.79609 1.30132
0 0 58 0.841525 11.0075 1.92905 1.59462
0 0 59 1.29908 -1.50514 -0.960867 -3.30189
0 0 60 1.80045 -2.34219 -2.96753 -8.82528
0 0 61 -1.1688 1.04906 -4.97687 -5.35198
0 0 62 4.81351 -2.55213 -4.85145 -5.89603
0 0 63 2.63768 1.96955 -1.2117 -0.121134
0 0 64 -2.59015 2.21985 6.94838 2.72452
0 0 65 -0.375381 -7.69822 5.23258 -3.00858
0 0 66 -2.38084 -16.7362 10.0037 -4.80792
0 0 67 0.169793 -10.0829 1.76094 -1.41821
0 0 68 2.76424 2.34635 -6.19101 -0.539814
0 0 69 -1.54361 5.02437 -4.76873 0.296787
0 0 70 -5.18459 3.1834 2.26261 -5.01764
0 0 71 -7.02942 0.335822 1.13386 -5.81245
0 0 72 -6.69356 -0.207855 -1.33712 -2.0884
0 0 73 -5.77358 1.59274 -1.12631 3.01707
0 0 74 -3.47119 -3.17924 -0.75006 4.60745
0 0 75 -3.80706 3.14034 -2.84212 5.52763
0 0 76 2.00976 8.32949 -1.29442 2.43122
0 0 77 4.31214 10.9644 -2.46587 -1.29283
0 0 78 -2.13259 7.61894 5.77694 -2.88321
0 0 79 -3.97256 0.128579 10.5054 -1.12566
0 0 80 3.05629 -5.64732 11.5514 -0.121134
0 0 81 4.14664 -6.61087 6.19589 -0.623398
0 0 82 -0.959496 6.82227 5.73691 -2.0884
0 0 83 -1.125 6.82227 7.45272 -6.35651
0 0 84 -1.50467 0.839128 5.10716 -4.64075
0 0 85 -0.584689 4.81443 6.23858 -2.75783
0 0 86 5.6118 5.02437 -4.80875 1.72
0 0 87 2.55493 2.89003 -11.672 1.97075
0 0 88 0.46185 3.81051 -10.7514 -0.623398
0 0 89 -5.14565 6.7819 -8.36578 -4.0967
0 0 90 -4.64429 6.98914 -5.10228 -4.0967
0 0 91 0.169793 11.0075 -1.58795 -3.34368
0 0 92 1.97081 9.71022 -8.74203 -2.75783
0 0 93 2.68149 -1.12834 -10.7941 -2.54811
0 0 94 -1.71398 -4.26659 -6.48453 -5.31019
0 0 95 -1.0033 -3.13618 -4.01356 -3.34368
0 0 96 4.31214 -3.42955 -3.09295 1.97075
0 0 97 9.12622 -2.42563 0.378689 3.05886
0 0 98 5.02282 -3.80635 0.170551 2.97528
0 0 99 0.130852 4.89787 -0.122977 -4.80792
0 0 100 -1.04225 3.22377 1.63552 -7.86254
0 0 101 -6.52319 -1.37864 -7.44517 -1.71151
0 0 102 -4.51773 -5.98375 -11.5039 4.27235
0 0 103 3.76697 -2.9693 -4.64331 4.73282
0 0 104 4.06389 -3.42955 5.94505 -2.13019
0 0 105 -1.84054 -3.13618 4.64819 -1.37641
0 0 106 -0.0784559 -1.00184 -0.456532 -1.7951
0 0 107 6.36141 4.52106 -1.79609 0.254995
0 0 108 6.69728 4.8548 -5.27039 -0.66519
0 0 109 3.72803 1.75961 -6.69267 -7.77896
0 0 110 1.59114 4.39456 1.71825 -7.19311
0 0 111 -1.1688 4.68793 11.2179 -0.289062
0 0 112 1.88806 -3.55605 11.0925 1.80358
0 0 113 -2.00604 -3.51298 6.82297 1.21773
0 0 114 -4.97529 1.75961 1.42472 2.01254
0 0 115 -0.497072 8.11956 8.11983 6.3232
0 0 116 7.1597 2.00992 10.7162 3.77009
0 0 117 6.86764 -5.1467 1.51011 1.76179
0 0 118 2.76424 -1.50514 -7.11162 2.68273
0 0 119 1.26014 -1.83889 -4.4752 -0.0375497
0 0 120 2.97354 -2.21569 4.35466 -4.84971
0 0 121 2.30668 -3.17924 3.35133 -4.84971
0 0 122 4.14664 -1.88195 -1.25173 -3.00858
0 0 123 6.40522 3.85088 -7.02623 0.0878264
0 0 124 3.39216 3.35027 -5.2277 -0.581606
0 0 125 2.38943 -2.63556 4.85633 -2.21378
0 0 126 -4.72704 -8.53527 0.629523 1.21773
0 0 127 -6.567 -4.60034 0.546801 0.296787
0 0 128 -3.55394 -0.29129 6.40669 1.42669
0 0 129 4.31214 2.47016 -1.83878 1.63641
0 0 130 8.12349 4.43762 -4.05626 0.799051
0 0 131 2.18012 10.5473 -2.88481 -0.498022
0 0 132 -0.331572 8.07919 -3.51189 -5.10123
0 0 133 -5.14565 0.672256 1.88636 -7.36104
0 0 134 -6.567 -1.12834 7.49275 -5.43556
0 0 135 -0.959496 2.51322 5.90236 0.17141
0 0 136 0.252543 1.75961 -5.47853 -2.63246
0 0 137 3.51872 -5.27051 -8.91014 -3.88774
0 0 138 4.56526 0.168951 -3.30376 -1.25104
0 0 139 0.714967 6.94877 -1.04359 0.254995
0 0 140 -3.21807 10.1705 -3.51189 5.86273
0 0 141 -5.89527 4.9813 -2.88481 3.35216
0 0 142 -3.6805 -1.42171 -6.14831 -3.17575
0 0 143 -2.96983 -3.72292 -5.56392 -1.04208
0 0 144 -2.84327 -11.0868 5.10716 -0.581606
0 0 145 1.00702 -9.66568 8.66419 -3.00858
0 0 146 -3.00877 -6.98767 8.875 -7.02594
0 0 147 -10.208 -2.63556 5.358 -6.35651
0 0 148 -8.57733 -9.07894 6.94838 -3.67802
0 0 149 -3.42738 -1.29521 0.923051 -1.71151
0 0 150 -0.750188 3.0569 -4.09895 1.84537
0 0 151 -2.96983 5.48461 -12.6353 1.21773
0 0 152 -1.87948 -0.834968 -16.3578 2.93348
0 0 153 -0.166073 -3.88979 -6.69267 7.36952
0 0 154 0.963216 -2.00576 5.69422 8.45687
0 0 155 2.26287 -2.42563 10.2973 6.07169
0 0 156 -1.37811 -0.501225 8.8323 2.26405
0 0 157 -2.76052 5.19124 7.1165 0.631883
0 0 158 -0.287764 2.47016 -2.38314 -1.83689
0 0 159 0.379101 5.86141 -2.50856 -4.13849
0 0 160 -3.05257 3.97738 -2.63398 -2.13019
0 0 161 -4.05531 2.55359 -2.04692 2.89169
0 0 162 -2.55121 5.27467 -1.46253 1.46924
0 0 163 -4.51773 4.31113 0.127856 -5.51915
0 0 164 3.47491 -0.541597 3.64219 -6.18934
0 0 165 9.25278 -3.76329 4.22925 -4.0549
0 0 166 7.24245 -4.39309 1.67555 -3.55264
0 0 167 5.19318 -7.23798 1.13386 2.97528
0 0 168 5.27593 -6.98767 1.59283 3.56113
0 0 169 6.03041 -3.67985 0.127856 -2.50632
0 0 170 0.296351 1.63311 -5.77206 -7.19311
0 0 171 -2.42465 7.28251 -11.0022 -6.14679
0 0 172 -2.92602 8.83011 -7.90681 1.59462
0 0 173 -2.25915 5.31504 0.840329 5.44405
0 0 174 -4.80979 5.81835 -0.165672 6.07169
0 0 175 -5.93908 8.07919 -8.32576 4.64924
0 0 176 -0.375381 5.98522 -4.34978 -2.25557
0 0 177 0.130852 6.86533 -1.71337 -6.31471
0 0 178 -5.81252 1.92648 -6.90081 -6.31471
0 0 179 -3.30082 1.88611 -10.6686 -8.28122
0 0 180 1.46945 2.76353 -10.5005 -2.925
0 0 181 -1.96223 0.962935 -12.1736 4.89999
0 0 182 -8.15871 -5.56388 -10.3751 7.24338
0 0 183 -6.85906 -4.18316 -7.27973 6.82546
0 0 184 -4.47392 3.26683 2.55614 2.26405
0 0 185 -3.51013 3.76745 1.96908 0.799051
0 0 186 -1.04225 2.76353 -0.667339 -1.87868
0 0 187 5.19318 -2.25876 0.714913 0.213203
0 0 188 7.61726 -8.82864 -4.05626 5.48584
0 0 189 3.2656 -7.36448 0.295968 6.23961
0 0 190 4.14664 -2.80243 3.39136 3.72829
0 0 191 0.632217 -7.11148 -2.21503 1.17594
0 0 192 -1.54361 -10.963 2.97508 -1.71151
0 0 193 -1.25155 -3.34611 8.0798 -1.25104
0 0 194 -3.13532 -2.13226 10.0891 1.97075
0 0 195 -1.58742 -1.08527 12.7229 5.82093
0 0 196 3.93733 -3.17924 7.57814 2.34764
0 0 197 1.38183 -1.33827 1.63552 -3.38547
0 0 198 -3.30082 7.19907 -4.4752 -3.97132
0 0 199 -8.24146 9.92015 -1.08628 2.80811
0 0 200 -8.86939 10.7141 -0.667339 3.56113
0 0 201 -2.63396 2.80659 -4.4752 2.30584
0 0 202 -0.414322 -6.27443 2.80697 1.6782
0 0 203 -2.04984 4.35419 9.33397 2.72452
0 0 204 3.81078 14.606 9.12583 4.10518
0 0 205 10.1728 12.5147 0.213246 4.56565
0 0 206 11.5114 -1.75545 -4.22437 1.13415
0 0 207 3.97628 4.52106 -8.4912 -4.34745
0 0 208 -3.846 6.82227 -7.94684 -3.63622
0 0 209 -6.35769 2.80659 -7.40515 -1.87868
0 0 210 -5.72977 0.378886 -8.32576 2.68273
0 0 211 -4.05531 -1.79851 -5.52123 10.0472
0 0 212 0.588409 -5.52082 -2.29775 8.75018
0 0 213 4.10283 -4.05666 2.01177 2.68273
0 0 214 5.23212 -2.719 6.23858 -3.38547
0 0 215 4.81351 -3.67985 3.14052 -3.84594
0 0 216 5.31974 -3.88979 3.0578 -2.29736
0 0 217 1.67876 -10.1663 5.48608 -5.51915
0 0 218 0.252543 -8.32533 6.53211 -7.44462
0 0 219 -0.584689 -6.06719 4.6055 -7.10952
0 0 220 -1.96223 -6.73467 2.80697 -4.01311
0 0 221 0.753908 -5.60695 -0.248394 0.381131
0 0 222 2.05356 -1.75545 -2.25773 -0.414438
0 0 223 7.82657 -0.878031 0.880356 -0.204718
0 0 224 10.09 3.22377 -5.56392 -0.162926
0 0 225 10.6303 1.1325 -6.77539 -4.43179
0 0 226 12.5141 -4.89371 -4.30709 -8.4066
0 0 227 13.1858 -3.80635 4.73091 -8.90886
0 0 228 20.7598 5.27467 7.869 -4.84971
0 0 229 46.0326 7.32557 10.8416 0.339338
0 0 230 97.0453 3.81051 18.1211 -2.79962
0 0 231 169.777 -13.6814 34.7348 -8.99244
0 0 232 245.853 -36.3624 63.2738 -19.6639
0 0 233 293.644 -63.7723 94.1156 -34.728
0 0 234 305.321 -87.7937 109.304 -38.9543
0 0 235 277.785 -101.601 107.338 -34.519
0 0 236 237.024 -110.889 86.7934 -33.766
0 0 237 199.699 -113.107 55.4899 -38.7035
0 0 238 178.145 -106.077 9.87833 -33.1384
0 0 239 173.209 -84.4859 -37.7853 -19.2452
0 0 240 169.359 -47.5374 -64.1468 -3.13396
0 0 241 168.351 2.76353 -65.5691 0.381131
0 0 242 170.571 45.8674 -47.2823 -0.958494
0 0 243 175.049 63.2759 -20.251 -1.87868
0 0 244 179.902 58.9238 2.84966 -0.87415
0 0 245 177.561 44.1072 7.869 -3.00858
0 0 246 174.294 24.2738 10.1719 -7.10952
0 0 247 181.367 10.1705 6.69755 -10.75
0 0 248 200.867 -21.675 -10.1243 -4.72434
0 0 249 213.046 -58.2494 -43.5998 6.57395
0 0 250 156.177 -54.6052 -51.3437 9.37782
0 0 251 71.2274 -27.1576 -24.227 6.53216
0 0 252 26.5329 -10.71 -7.86412 4.89999
0 0 253 14.943 -8.03196 -8.40848 0.548299
0 0 254 6.32247 -4.72684 -5.85478 -3.71981
0 0 255 1.80045 -4.7699 -1.29442 -3.63622
0 0 256 4.56526 -8.78557 3.30863 0.715467
0 0 257 3.55766 -6.27443 -5.27039 4.23056
0 0 258 0.753908 1.63311 -3.26106 1.6782
0 0 259 -1.67017 0.252387 -1.79609 -1.33462
0 0 260 -7.02942 0.839128 -1.25173 0.715467
0 0 261 -10.6266 -6.44399 3.72758 0.213203
0 0 262 -6.48425 -3.30305 10.2546 0.840843
0 0 263 -3.38844 8.45599 13.7716 2.34764
0 0 264 -3.63669 10.0036 6.364 0.966979
0 0 265 -4.26461 3.76745 4.5628 0.213203
0 0 266 1.88806 0.545757 8.20522 -1.50255
0 0 267 3.85458 5.06474 5.23258 -5.14302
0 0 268 4.52145 4.27075 1.09116 -1.66972
0 0 269 -1.58742 1.33974 0.923051 1.25952
0 0 270 -0.584689 -5.43738 1.76094 -0.121134
0 0 271 -3.05257 -7.28104 -0.0802821 -2.67425
0 0 272 -1.87948 -11.8404 3.60216 -4.97585
0 0 273 3.13904 -15.2316 -0.165672 0.422923
0 0 274 8.4983 -5.27051 -3.93084 -0.581606
0 0 275 6.06935 5.48461 -3.26106 -8.82528
0 0 276 0.379101 4.31113 -2.29775 -5.47735
0 0 277 -2.59015 -2.04882 2.93238 2.72452
0 0 278 -4.47392 -3.38917 3.30863 2.89169
0 0 279 -3.47119 -2.29913 -0.331115 0.966979
0 0 280 -1.63123 -8.15846 -1.67067 -3.17575
0 0 281 -0.248823 -7.57172 -7.48787 -0.0375497
0 0 282 2.47218 -3.30305 -6.23103 4.48207
0 0 283 1.42564 -3.0958 -10.3751 -0.0793418
0 0 284 -5.89527 -6.40093 -16.0669 -2.04661
0 0 285 -5.64702 -5.85725 -8.15765 -0.162926
0 0 286 -1.0033 -6.15062 5.48608 3.6865
0 0 287 -2.29809 -3.67985 3.60216 3.35216
0 0 288 4.10283 -2.466 -1.12631 -3.63622
0 0 289 7.87038 0.462322 -0.291089 -5.56094
0 0 290 6.53178 2.42979 1.71825 -1.7533
0 0 291 -4.80979 2.76353 1.76094 -0.790566
0 0 292 -7.77904 4.31113 -3.76273 0.381131
0 0 293 -5.77358 -0.124419 -4.51523 4.94178
0 0 294 -6.69356 -3.13618 -0.875477 7.4531
0 0 295 -3.42738 0.042452 0.0878295 2.09688
0 0 296 -4.68323 -3.38917 0.127856 1.21773
0 0 297 -6.69356 -9.99943 0.754939 6.49037
0 0 298 -0.205014 -5.35395 4.5628 7.57848
0 0 299 2.76424 -2.17532 -1.71337 1.34311
0 0 300 3.97628 1.1325 -1.79609 -5.97962
0 0 301 5.90386 -3.55605 2.97508 -3.88774
0 0 302 6.74109 -6.15062 9.04044 2.30584
0 0 303 8.70761 -2.00576 12.1812 0.0878264
0 0 304 8.62486 2.05298 0.754939 -1.33462
0 0 305 3.72803 -0.124419 -4.76873 -2.13019
0 0 306 2.09737 -2.67593 -3.7227 -0.372646
0 0 307 1.97081 1.75961 -2.59128 2.93348
0 0 308 -2.63396 6.6554 -2.00689 -0.958494
0 0 309 -2.6729 6.48853 -4.68334 -2.88321
0 0 310 3.97628 3.76745 -1.33712 -0.958494
0 0 311 6.86764 7.90962 3.97841 0.506507
0 0 312 -0.205014 8.36986 8.28794 -0.0793418
0 0 313 0.213602 4.9813 4.73091 -0.748774
0 0 314 3.81078 6.02828 -2.63398 -0.539814
0 0 315 4.98387 0.042452 -5.35312 -1.87868
0 0 316 4.39489 -0.41779 0.0024395 -2.38094
0 0 317 1.63495 4.94093 2.76427 1.63641
0 0 318 1.21633 14.3557 1.25927 3.47754
0 0 319 -2.13259 13.9358 -1.46253 -4.0549
0 0 320 -3.26188 1.96955 -1.41984 -7.10952
0 0 321 0.924275 -2.29913 1.76094 -1.92047
0 0 322 2.59874 0.796064 -0.205699 -1.71151
0 0 323 -1.54361 3.97738 -5.81476 -1.92047
0 0 324 3.01735 -1.58858 -9.87345 -1.33462
0 0 325 6.65834 -10.2094 -10.0816 1.92896
0 0 326 1.21633 -8.03196 -8.45117 2.5148
0 0 327 -1.1688 -7.44791 -7.27973 3.56113
0 0 328 4.18558 -4.55996 -3.05292 8.87555
0 0 329 11.1366 -2.719 0.714913 9.71291
0 0 330 8.74655 -5.35395 2.0945 6.78367
0 0 331 3.97628 2.26022 3.77027 3.22603
0 0 332 4.18558 5.35811 9.25125 0.882635
0 0 333 6.74109 1.88611 9.08314 2.97528
0 0 334 1.29908 -0.0813557 7.19922 4.98357
0 0 335 -4.68323 0.712628 1.51011 6.36499
0 0 336 -2.79946 -4.26659 8.875 3.43575
0 0 337 -1.42192 -6.81811 8.45605 -0.832358
0 0 338 -1.29536 -4.55996 -0.624644 0.0460343
0 0 339 2.38943 -3.84942 -4.30709 2.97528
0 0 340 3.60147 -7.15454 -4.60062 -2.42274
0 0 341 -2.17153 3.68401 -6.86078 -6.60726
0 0 342 -3.71944 4.14425 -8.57659 -2.04661
0 0 343 0.5446 5.81835 -7.69601 -2.67425
0 0 344 0.422909 8.78973 -5.05959 -2.42274
0 0 345 -0.205014 4.48069 -2.63398 0.882635
0 0 346 -0.414322 2.30329 -4.55792 5.06792
0 0 347 -4.8536 3.01384 -7.65598 6.57395
0 0 348 -3.55394 5.1078 -4.26439 4.48207
0 0 349 -2.25915 1.33974 -0.456532 3.05886
0 0 350 -0.832938 -2.88587 2.43072 6.23961
0 0 351 4.73076 -7.90815 -1.71337 6.49037
0 0 352 1.7177 -4.05666 -5.56392 3.47754
0 0 353 -0.750188 -2.63556 -1.33712 1.46924
0 0 354 5.14937 -6.06719 0.338663 -0.581606
0 0 355 6.82384 -2.55213 -0.707365 -4.51538
0 0 356 8.70761 -2.55213 0.797634 -3.71981
0 0 357 5.86005 -3.72292 3.1005 -2.71604
0 0 358 -1.37811 1.25631 2.55614 -0.0793418
0 0 359 0.0432347 5.1078 1.84366 1.25952
0 0 360 0.5446 6.61233 -2.25773 4.81641
0 0 361 -3.59775 3.68401 -8.4912 0.0460343
0 0 362 -2.79946 0.962935 -5.89748 -3.59443
0 0 363 0.252543 -7.65516 -4.4752 -0.790566
0 0 364 -5.0629 -13.7648 -3.4692 -1.12566
0 0 365 -6.98562 -9.74912 3.93572 -2.5899
0 0 366 -4.47392 -5.98375 6.61483 -0.204718
0 0 367 -2.13259 2.17679 5.23258 3.22603
0 0 368 -0.458131 2.17679 -3.7227 1.00877
0 0 369 2.47218 -2.21569 -7.65598 -2.04661
0 0 370 5.44143 -5.98375 -1.62798 -0.24651
0 0 371 -0.205014 -8.2419 -1.67067 -0.414438
0 0 372 -9.24419 -6.35787 -5.85478 1.3849
0 0 373 -5.43771 -0.961467 -4.43251 4.23056
0 0 374 -0.331572 3.81051 -5.72937 0.254995
0 0 375 4.02008 3.1834 -1.16901 0.882635
0 0 376 6.69728 -6.44399 -2.54859 1.21773
0 0 377 1.59114 -6.5678 -3.84812 1.88716
0 0 378 -0.458131 -0.29129 -3.34378 -0.289062
0 0 379 3.47491 -3.0958 -1.00089 -5.18481
0 0 380 6.36141 -1.12834 0.421384 -4.26386
0 0 381 -1.08605 3.93432 -1.16901 -0.66519
0 0 382 -0.832938 -1.96539 -3.05292 -1.29283
0 0 383 0.379101 -7.78165 -2.54859 -5.31019
0 0 384 0.00429371 -8.82864 3.77027 -3.13396
0 0 385 -0.667439 -3.17924 7.24191 -1.25104
0 0 386 0.505659 -1.67202 1.42472 1.72
0 0 387 -2.76052 -4.55996 -0.792755 1.80358
0 0 388 -4.26461 -3.21961 1.42472 -0.0375497
0 0 389 -5.0191 0.922563 1.00844 0.00424229
0 0 390 -1.25155 -2.466 -1.41984 -0.832358
0 0 391 2.18012 -10.753 -0.75006 -1.66972
0 0 392 4.48251 -6.35787 5.77694 0.17141
0 0 393 -1.96223 -0.961467 10.4654 4.73282
0 0 394 -4.18186 -0.584661 12.5975 1.46924
0 0 395 -0.166073 -0.668096 8.53877 1.6782
0 0 396 3.85458 1.54968 8.28794 2.5566
0 0 397 5.23212 -0.834968 4.02111 3.26858
0 0 398 5.6118 -3.97322 0.0024395 4.06339
0 0 399 3.30941 -1.21177 2.80697 7.11801
0 0 400 -2.25915 0.335822 4.48008 7.1598
0 0 401 -4.68323 -0.124419 -2.75939 5.86273
0 0 402 -1.25155 -0.29129 -1.58795 -0.204718
0 0 403 5.06662 -0.584661 3.72758 0.00424229
0 0 404 2.80805 -3.55605 8.45605 3.89622
0 0 405 2.13631 4.22769 10.0464 3.72829
0 0 406 0.5446 6.94877 6.69755 -0.414438
0 0 407 -3.30082 -3.88979 2.51344 -0.289062
0 0 408 -4.51773 -3.76329 2.63886 4.89999
0 0 409 -6.23113 -1.75545 3.43405 0.0878264
0 0 410 -6.52319 -0.961467 1.342 -1.08387
0 0 411 -1.42192 -0.374726 3.26594 3.81264
0 0 412 1.59114 -7.32141 -0.960867 8.70839
0 0 413 -0.915687 -8.86901 -3.68001 4.8582
0 0 414 -0.497072 -5.35395 -1.58795 5.65377
0 0 415 -1.3343 -3.13618 5.19255 2.43122
0 0 416 -1.63123 1.21593 10.9671 -0.289062
0 0 417 -0.331572 4.43762 12.7229 -1.83689
0 0 418 3.43597 1.42318 5.5688 0.925187
0 0 419 6.65834 5.60841 -1.16901 2.76632
0 0 420 5.6118 8.32949 -1.16901 1.25952
0 0 421 3.76697 7.1587 7.36733 -0.372646
0 0 422 1.50839 8.16262 10.4654 2.93348
0 0 423 0.252543 7.61894 10.8817 -1.87868
0 0 424 3.22666 2.72047 7.36733 -3.63622
0 0 425 5.19318 -4.26659 2.59616 0.00424229
0 0 426 11.8862 -7.32141 -6.39914 -1.7951
0 0 427 16.1551 -3.93285 -5.9802 -4.43179
0 0 428 12.1782 -4.47653 0.0451345 -4.68255
0 0 429 6.23972 -3.59642 5.06714 -0.372646
0 0 430 5.06662 -0.584661 8.37333 -1.66972
0 0 431 5.40249 1.006 1.67555 -5.43556
0 0 432 -0.205014 1.17287 0.338663 -0.121134
0 0 433 -0.70638 -5.60695 -4.93417 4.48207
0 0 434 1.67876 -8.6187 -2.17234 4.23056
0 0 435 0.880466 -2.719 0.754939 3.10065
0 0 436 -2.76052 1.46624 0.754939 2.05509
0 0 437 -8.24146 8.24606 -5.47853 1.63641
0 0 438 -7.98835 10.044 -9.41181 2.05509
0 0 439 -4.39117 8.7063 -10.6686 2.93348
0 0 440 -4.05531 2.84697 -9.07826 3.72829
0 0 441 -0.915687 -1.54552 -6.77539 4.56565
0 0 442 1.34289 1.67618 -3.05292 3.39396
0 0 443 -3.34463 7.70238 -3.01023 7.36952
0 0 444 -7.82285 3.09727 -0.667339 6.23961
0 0 445 -7.65735 -2.50906 -2.46587 6.65754
0 0 446 -6.77631 -3.01237 -8.07226 5.77914
0 0 447 -6.98562 -4.14009 -5.47853 7.11801
0 0 448 -3.42738 -0.961467 1.21658 6.19782
0 0 449 -0.62363 -2.466 5.27527 2.38943
0 0 450 0.46185 -2.13226 3.89569 -1.33462
0 0 451 1.7177 3.30721 0.253273 -1.16745
0 0 452 2.51599 4.31113 2.26261 -3.34368
0 0 453 4.18558 3.0569 6.78294 -5.35198
0 0 454 0.0432347 -0.961467 1.51011 -3.88774
0 0 455 -5.89527 -5.10364 -1.41984 -3.09217
0 0 456 -6.31388 -4.09972 -0.541922 -6.18934
0 0 457 -3.09152 -1.79851 -0.707365 -5.85424
0 0 458 -3.09152 -0.668096 1.04847 -3.88774
0 0 459 -3.97256 -0.0409836 1.71825 -3.42726
0 0 460 -6.14838 5.56804 5.44339 -3.7616
0 0 461 -6.98562 4.8548 12.3893 -4.13849
0 0 462 -3.6805 0.128579 14.8176 -5.10123
0 0 463 0.169793 1.17287 5.94505 -8.3648
0 0 464 -3.13532 4.52106 1.21658 -4.68255
0 0 465 -1.50467 1.17287 -2.34045 -0.66519
0 0 466 -0.375381 -0.668096 1.92905 1.3849
0 0 467 -2.42465 -1.92232 6.3213 1.88716
0 0 468 -0.54088 -4.72684 4.22925 0.673675
0 0 469 -1.125 -2.21569 3.43405 4.69103
0 0 470 -5.47665 1.3828 2.0945 5.36046
0 0 471 -10.0814 6.48853 -3.05292 -2.0884
0 0 472 -2.71671 6.86533 -1.04359 -7.57
0 0 473 1.63495 0.378886 7.70355 -5.77066
0 0 474 3.93733 -4.89371 6.48941 -3.92953
0 0 475 1.42564 -3.13618 2.3053 -4.68255
0 0 476 2.13631 -0.334354 3.01511 -4.89151
0 0 477 3.1001 4.89787 2.0945 -2.96679
0 0 478 0.213602 6.94877 -0.165672 3.22603
0 0 479 1.05083 1.75961 -3.42917 4.73282
0 0 480 3.55766 -2.63556 -4.60062 5.36046
0 0 481 1.46945 0.00207995 -1.62798 5.9881
0 0 482 -2.96983 -1.79851 0.797634 1.72
0 0 483 0.880466 0.212015 2.3053 -4.55717
0 0 484 6.74109 1.42318 4.5628 -7.69537
