0 0 0 -0.0048053 0.0282937 0.0211873 0.0936004
0 0 1 -0.0502012 0.0347873 0.033927 -0.00531367
0 0 2 -0.0320913 -0.0124476 0.0124839 -0.0291989
0 0 3 -0.134639 0.0126306 -0.00328633 -0.0995277
0 0 4 0.0155034 0.0204376 0.0410512 -0.0227567
0 0 5 -0.0178597 -0.127724 0.0308435 -0.0945067
0 0 6 -0.0958915 -0.0110483 -0.0450124 -0.0344939
0 0 7 -0.00260649 0.0315835 0.114763 0.0534535
0 0 8 -0.0368006 0.0114031 -0.0754412 0.0466346
0 0 9 -0.0400036 -0.078034 0.0417173 -0.030864
0 0 10 0.0454038 -0.0197145 0.0441082 0.0360575
0 0 11 0.0319339 -0.014338 -0.0163128 0.0566339
0 0 12 -0.0286633 0.0647756 -0.0401203 -0.0889078
0 0 13 0.000319491 0.0556183 -0.00180856 -0.0198888
0 0 14 -0.0446263 -0.073173 0.0533365 -0.064466
0 0 15 -0.038203 -0.0444982 -0.0911364 0.0281214
0 0 16 -0.0340304 -0.00074937 -0.00721676 0.124364
0 0 17 0.117705 0.019873 0.0458109 0.120662
0 0 18 -0.0153319 -0.00682559 0.0793761 0.0299278
0 0 19 0.0291464 -0.0309709 0.0654719 0.115893
0 0 20 -0.0839105 0.018449 0.0136441 -0.0453964
0 0 21 0.0111058 -0.0257171 0.084974 0.157384
0 0 22 -0.0788204 -0.0113183 0.0209138 0.00837112
0 0 23 0.0357255 0.035131 -0.0418627 0.0351029
0 0 24 0.0111058 -0.0767328 7.94548e-05 0.0221415
0 0 25 -0.0226555 0.00477447 0.124671 0.0274494
0 0 26 0.106122 0.0369355 0.0664953 -0.0872469
0 0 27 -0.0157647 -0.0640403 -0.0123779 0.0719239
0 0 28 -0.048037 0.00147244 -0.0117118 -0.0145467
0 0 29 0.0452826 0.0190014 -0.052538 0.0316528
0 0 30 0.0190007 -0.0304308 -0.078132 0.081311
0 0 31 0.0374049 -0.0100049 0.0491326 0.104323
0 0 32 -0.00963575 0.00586696 -0.000948367 -0.00552342
0 0 33 0.0411793 0.0297913 0.0012749 0.0145779
0 0 34 -0.011748 0.000956883 -0.0904659 0.0394862
0 0 35 -0.00255454 -0.0024679 -0.0277732 0.064968
0 0 36 -0.0292865 0.0503891 0.025378 0.0607945
0 0 37 0.10285 -0.0798876 0.011209 0.0496352
0 0 38 0.0342193 0.0128147 0.00552735 -0.00797187
0 0 39 0.0476372 0.00598971 0.136528 -0.0428966
0 0 40 0.0176676 0.0416492 -0.00573458 -0.0125049
0 0 41 -0.0371295 -0.0263309 0.01019 -0.00688462
0 0 42 -0.00167156 -0.0439581 -0.0299215 0.0315501
0 0 43 0.0131141 -0.0429515 -0.0481752 -0.00299363
0 0 44 0.0534892 -0.0527348 -0.0315007 -0.00655502
0 0 45 -0.0837547 -0.0174191 -0.0462607 -0.0899394
0 0 46 0.0282634 0.0430854 0.0769014 -0.0776115
0 0 47 -0.0487123 -0.0513723 -0.0188184 -0.069654
0 0 48 0.0299601 0.0449266 -0.021174 0.112495
0 0 49 0.0526062 0.0722144 0.0496575 0.0607089
0 0 50 0.0303757 0.0107893 0.0743252 -0.0533282
0 0 51 0.129547 0.0892524 0.0822081 -0.0267976
0 0 52 0.0201434 0.106352 0.0218666 -0.0284156
0 0 53 0.0634098 0.0718093 0.0363091 -0.0189642
0 0 54 0.0783686 -0.0103363 0.0827507 0.00686866
0 0 55 0.155119 0.109273 0.00234243 0.0826337
0 0 56 0.218798 0.102804 0.081348 0.0477861
0 0 57 0.427391 0.28487 0.137419 0.0489675
0 0 58 0.600577 0.393825 0.12269 -0.0872298
0 0 59 0.999999 0.674399 0.145743 -0.00657214
0 0 60 0.805188 0.495991 0.0647749 0.0081999
0 0 61 0.493338 0.173436 0.0283423 0.0421101
0 0 62 0.531912 -0.0114042 -0.0964079 -0.0191012
0 0 63 0.494048 -0.00823724 -0.00458765 -0.107614
0 0 64 0.403273 0.195494 0.0272131 -0.0517358
0 0 65 0.444618 0.134855 0.0180244 -0.0226241
0 0 66 0.341966 0.0486828 -0.0764381 0.0302188
0 0 67 0.365997 -0.0164739 0.0420658 -0.0125563
0 0 68 0.392227 0.0379052 0.0644176 -0.00736832
0 0 69 0.230035 -0.0142398 0.0140146 -0.0522666
0 0 70 0.151051 0.0394396 0.0784056 -0.0556225
0 0 71 0.0739017 0.0842932 -0.00344072 0.0348675
0 0 72 0.187686 -0.088026 -0.0923539 -0.0276751
0 0 73 0.18038 -0.0803295 0.0931172 0.0298807
0 0 74 0.11677 -0.0109378 0.00352023 0.00633788
0 0 75 0.205536 0.028036 0.0515852 -0.00332751
0 0 76 0.0956821 -0.013982 -0.0677303 -0.0172863
0 0 77 0.0705775 -0.123194 -0.0187522 -0.0442107
0 0 78 0.0746635 -0.00854412 -0.0497633 0.0836054
0 0 79 0.0412832 -0.130044 0.0706418 -0.0960691
0 0 80 0.0397769 -0.0160074 0.0220475 0.0210414
0 0 81 0.0557399 -0.068889 0.0279409 -0.027461
0 0 82 0.0268091 0.020143 -0.0607694 0.0498792
0 0 83 0.101136 -0.0569698 -0.0562566 0.02343
0 0 84 0.0252855 0.0717357 0.0179538 -0.0737933
0 0 85 -0.0580269 -0.0292769 -0.143348 0.0387713
0 0 86 0.0196413 0.0593132 0.0256074 -0.00727842
0 0 87 0.0404175 -0.0571171 -0.0744531 -0.0102149
0 0 88 0.00502875 -0.00136313 0.0496531 -0.0589313
0 0 89 0.0332324 0.0454913 -0.0996501 -0.123139
0 0 90 -0.0293212 -0.0603209 -0.046221 0.101271
0 0 91 0.08126 0.0175407 0.126841 0.104169
0 0 92 0.00300308 0.0137476 0.0256206 -0.0614825
0 0 93 0.0149147 -0.0350217 -0.0349062 0.0645828
0 0 94 0.0554975 -0.0397722 -0.0127573 -0.0168753
0 0 95 0.0110885 -0.0278653 -0.0543819 0.00461283
0 0 96 0.0392402 0.0786589 0.0826184 -0.0556182
0 0 97 0.0125601 0.0361008 0.0277821 -0.0426098
0 0 98 -0.0158859 0.030356 0.0233488 -0.067548
0 0 99 0.116147 0.0227331 -0.00538609 0.00474125
0 0 100 0.0349984 0.0249917 -0.018139 0.0619503
0 0 101 -0.000753944 -0.00747618 0.0511132 -0.0556097
0 0 102 0.00514995 -0.0850431 0.0359209 0.0033672
0 0 103 0.00989384 0.0488056 0.00815205 -0.0984276
0 0 104 -0.0663893 -0.0326403 -0.0788378 0.0596859
0 0 105 0.0414563 -0.0252138 -0.0567375 -0.0439538
0 0 106 -0.0797034 -0.0041496 -0.0485546 -0.0191397
0 0 107 0.107109 0.0369846 0.0804789 -0.0286339
0 0 108 0.0888606 -0.0139084 0.0118531 0.064677
0 0 109 0.0034186 -0.0200951 0.0182626 0.0491045
0 0 110 -0.0104495 -0.0914017 -0.0175832 0.0181264
0 0 111 -0.0600872 0.00207393 0.0534512 -0.0112465
0 0 112 -0.0177385 0.0822187 0.0120692 0.0629947
0 0 113 -0.0213916 0.0606757 -0.0448668 -0.0384748
0 0 114 -0.0848108 -0.0262327 -0.0553126 0.016778
0 0 115 0.0591333 0.0402498 0.0338299 -0.0298538
0 0 116 -0.000944392 -0.00364632 -0.0211166 -0.001397
0 0 117 0.0370933 0.0398447 -0.0575668 -0.000262668
0 0 118 0.0332151 -0.0245632 0.0636015 -0.069898
0 0 119 0.0264282 -0.0366052 0.0135426 -0.0526476
0 0 120 0.0737113 -0.019555 -0.013022 0.043741
0 0 121 -0.0182752 -0.0882101 -0.0406408 0.00193751
0 0 122 -0.01876 0.0019389 -0.0272835 0.063243
0 0 123 0.069608 -0.0256435 5.22116e-08 -0.0127061
0 0 124 -0.0565033 -0.0641998 0.085049 0.0266018
0 0 125 0.057073 0.0184736 0.0026468 0.0628192
0 0 126 -0.0215647 -0.0593266 -0.0224003 -0.026896
0 0 127 0.0681883 -0.0569698 0.0850622 0.0206348
