0 0 0 -1.96605e-05 -1.16191e-05 -1.4759e-05 -1.36944e-05
0 0 1 -1.96605e-05 -1.16191e-05 -1.4759e-05 -1.36944e-05
0 0 2 -1.96605e-05 -1.16191e-05 -1.4759e-05 -1.36944e-05
0 0 3 -1.96605e-05 -1.16191e-05 -1.4759e-05 -1.36944e-05
0 0 4 -1.96605e-05 -1.16191e-05 -1.4759e-05 -1.36944e-05
0 0 5 -1.96605e-05 -1.16191e-05 -1.4759e-05 -1.36944e-05
0 0 6 -1.96605e-05 -1.16191e-05 -1.4759e-05 -1.36944e-05
0 0 7 -1.96605e-05 -1.16191e-05 -1.4759e-05 -1.36944e-05
0 0 8 -1.96605e-05 -1.16191e-05 -1.4759e-05 -1.36944e-05
0 0 9 -1.96605e-05 -1.16191e-05 -1.4759e-05 -1.36944e-05
0 0 10 -1.96605e-05 -1.16191e-05 -1.4759e-05 -1.36944e-05
0 0 11 -1.96605e-05 -1.16191e-05 -1.4759e-05 -1.36944e-05
0 0 12 -1.96605e-05 -1.16191e-05 -1.4759e-05 -1.36944e-05
0 0 13 -1.96605e-05 -1.16191e-05 -1.4759e-05 -1.36944e-05
0 0 14 -1.96605e-05 -1.16191e-05 -1.4759e-05 -1.36944e-05
0 0 15 -1.96605e-05 -1.16191e-05 -1.4759e-05 -1.36944e-05
0 0 16 -1.96605e-05 -1.16191e-05 -1.4759e-05 -1.36944e-05
0 0 17 -1.96605e-05 -1.16191e-05 -1.4759e-05 -1.36944e-05
0 0 18 -1.96605e-05 -1.16191e-05 -1.4759e-05 -1.36944e-05
0 0 19 -1.96605e-05 -1.16191e-05 -1.4759e-05 -1.36944e-05
0 0 20 -0.127416 0.00413954 0.0187821 -0.0197878
0 0 21 -0.111801 0.0843021 -0.0935647 0.00431989
0 0 22 -0.155298 0.0667368 0.0615412 0.0142785
0 0 23 -0.158545 0.0387756 -0.0317009 0.0266508
0 0 24 -0.035149 0.0692533 0.0376936 -0.0633403
0 0 25 -0.0758347 0.0222068 -0.0310854 -0.134073
0 0 26 -0.121642 0.0334916 -0.0308561 -0.00289553
0 0 27 -0.0398016 0.189243 0.0510838 0.00164607
0 0 28 0.0026916 0.0453931 -0.00847486 0.0722011
0 0 29 0.0539379 0.083829 0.00586266 0.0149068
0 0 30 0.0209006 0.034058 0.0559052 -0.0272633
0 0 31 -0.0348477 -0.0511448 0.0161632 -0.0155149
0 0 32 -0.00370163 -0.0241156 -0.0203926 -0.00898421
0 0 33 -0.0084045 0.0151161 0.0500217 0.0444272
0 0 34 0.0403983 0.0142916 0.0271215 0.00136872
0 0 35 0.0357121 -0.0123791 0.00927808 -0.0264832
0 0 36 -0.0128396 0.0832267 0.0727952 0.0357644
0 0 37 -0.0515337 0.00152266 0.0447116 -0.0372348
0 0 38 0.00162049 -0.0299014 -0.00918691 0.0164539
0 0 39 0.00488405 0.0251033 0.0111668 0.0270149
0 0 40 -0.0380778 -0.0603648 -0.128177 -0.0041826
0 0 41 0.115661 -0.00232021 -0.048066 -0.034587
0 0 42 -0.0486383 0.00282752 0.13828 0.0149112
0 0 43 -0.00775179 -0.0427994 0.00731693 -0.00522699
0 0 44 0.0483982 -0.0581781 -0.039986 -0.04003
0 0 45 0.0013025 -0.00647854 -0.0238986 0.0565135
0 0 46 0.00585475 -0.0213051 -0.189118 0.0637246
0 0 47 -0.0485547 0.131994 0.0137797 0.094155
0 0 48 0.0463731 0.0494223 0.0686316 -0.0490568
0 0 49 -0.0121032 -0.0457891 -0.0328595 -0.0320779
0 0 50 -0.0641528 0.0479167 -0.0934561 -0.0175517
0 0 51 -0.00204474 -0.0391573 0.0679074 -0.0237444
0 0 52 0.021001 -0.0304893 -0.00338794 -0.0716565
0 0 53 -0.0370904 0.00360183 0.0144555 -0.0511023
0 0 54 0.0606993 -0.0331636 -0.0333664 0.00418555
0 0 55 -0.0354837 -0.0365189 0.0584034 -0.0365241
0 0 56 0.00982123 -0.0250763 0.0216424 0.0766864
0 0 57 0.0698875 -0.0936171 0.106358 -0.0537371
0 0 58 0.0835442 -0.0727681 0.041441 0.0605178
0 0 59 0.0385238 -0.144901 0.0372833 -0.0866897
0 0 60 -0.00194432 -0.117606 -0.0201754 0.0164756
0 0 61 0.0722807 0.0212747 0.0141055 -0.016529
0 0 62 0.0772681 0.0378435 -0.059157 -0.0382879
0 0 63 0.0473103 -0.0850782 0.0703091 0.0159512
0 0 64 0.045235 -0.00970483 0.0458943 -0.0745556
0 0 65 -0.00756769 0.124136 -0.010792 0.0680322
0 0 66 0.0288168 0.0641414 0.0494002 0.0865453
0 0 67 0.0511931 0.109109 0.0576008 -0.00266151
0 0 68 0.0765987 -0.0395229 -0.0477944 0.0450989
0 0 69 0.0483982 -0.0377879 0.0291129 0.0693236
0 0 70 -0.0366887 -0.0266751 -0.108669 -0.010592
0 0 71 0.0826572 0.154607 -0.00741886 -0.0601681
0 0 72 0.0688666 0.164709 0.0407349 -0.0482811
0 0 73 0.116063 -0.0874585 0.0522786 -0.0123341
0 0 74 0.14587 -0.0254061 0.0543966 0.0148245
0 0 75 0.249367 0.00464858 0.0199467 0.0792648
0 0 76 0.41149 0.160815 -0.017122 -0.0625473
0 0 77 0.5061 0.0692461 0.00800484 0.0223996
0 0 78 0.446268 -0.0150963 -0.0535391 0.046477
0 0 79 0.650885 -0.0344182 -0.00991103 -0.0665992
0 0 80 0.481146 -0.0319304 -0.000588019 0.093557
0 0 81 0.459557 -0.0852861 0.0629231 0.0121247
0 0 82 0.515539 -0.0418244 -0.0298303 -0.100947
0 0 83 0.48523 -0.0798588 -0.0342896 0.0309107
0 0 84 0.480912 0.0738203 0.0530932 0.0402323
0 0 85 0.507807 -0.02874 -0.000877665 -0.045395
0 0 86 0.459607 0.0409766 -0.054227 -0.0238267
0 0 87 0.506217 -0.0647454 -0.11629 -0.000247708
0 0 88 0.471004 -0.00376846 -0.0749428 -0.0534728
0 0 89 0.497765 0.00566666 -0.00251296 -0.0692037
0 0 90 0.616509 -0.0851427 0.00288171 -0.0560816
0 0 91 0.750248 -0.0203659 0.0611792 -0.03395
0 0 92 0.869108 -0.0396233 0.0335662 0.0074704
0 0 93 0.938262 -0.00465031 0.0212381 -0.0359131
0 0 94 0.937057 -0.0250907 0.107571 -0.00851618
0 0 95 0.88166 -0.0503705 0.146637 0.0365704
0 0 96 0.903334 -0.0386984 0.206341 0.0678935
0 0 97 0.864924 -0.0706101 0.156171 0.0967379
0 0 98 0.827586 -0.0206455 0.0359618 0.0974096
0 0 99 0.659069 -0.0390426 0.0707375 -0.0555009
0 0 100 0.66096 -0.00764001 0.17422 -0.0961065
0 0 101 0.583522 0.0272398 0.109484 0.11438
0 0 102 0.553581 -0.0417813 0.0823053 0.0149458
0 0 103 0.554786 -0.125916 -0.0148109 0.00741406
0 0 104 0.553648 -0.0632254 0.0325222 0.0291686
0 0 105 0.514334 -0.118173 0.0565328 0.053012
0 0 106 0.461933 -0.280613 0.0540527 -0.0416204
0 0 107 0.499874 -0.185882 0.121184 0.0100792
0 0 108 0.400461 -0.109067 0.179898 -0.0129581
0 0 109 0.471958 -0.0614044 0.0776649 0.115862
0 0 110 0.467406 -0.160939 0.00763675 0.0459309
0 0 111 0.487355 -0.0264672 0.105139 0.0343733
0 0 112 0.460142 -0.23685 0.0574258 -0.00170812
0 0 113 0.301483 -0.100822 0.118626 0.0250864
0 0 114 0.261919 -0.0950295 0.155272 -0.0349944
0 0 115 0.12182 -0.152515 0.0166158 -0.0722415
0 0 116 0.0978202 -0.113061 -0.0211952 -0.0345523
0 0 117 0.0308586 -0.0783173 0.0153245 -0.0644454
0 0 118 0.0936864 -0.0188962 0.0384781 -0.0545648
0 0 119 0.026457 0.0883744 -0.0678102 -0.056801
0 0 120 0.0975189 -0.080841 0.0458098 -0.017634
0 0 121 0.0499881 -0.109211 -0.0506668 -0.128036
0 0 122 0.0209675 0.0144278 0.0760658 0.0158082
0 0 123 0.00926893 -0.0670755 -0.0354543 -0.0126851
0 0 124 0.0968328 0.000203467 0.000733496 0.0152969
0 0 125 0.0153776 0.0149154 0.0426358 -0.0120177
0 0 126 0.076582 0.0535233 0.0908982 0.0277429
0 0 127 -0.0243708 0.0168583 0.0410065 -0.0676479
0 0 128 -0.00927478 -0.00816338 -0.00683957 -0.045941
0 0 129 -0.0389983 -0.0675989 -0.107528 -0.00681308
0 0 130 -0.0584458 -0.000212366 -0.0437213 -0.0478478
0 0 131 0.0268754 -0.0135692 0.0638403 -0.00263118
0 0 132 -0.0626633 -0.0801312 -0.0182867 -0.0220023
0 0 133 -0.0716506 -0.0700006 0.112302 -0.0734939
0 0 134 0.0345741 0.0745157 0.0270612 0.0280982
0 0 135 0.1089 0.0364455 -0.00535512 -0.0409357
0 0 136 0.0229257 0.0346961 -0.0508237 0.076825
0 0 137 0.00354515 -0.00890185 -0.140783 0.0330775
0 0 138 0.0627746 0.091866 0.0528217 0.0592134
0 0 139 0.0336871 0.0679628 0.0216665 -0.040043
0 0 140 0.00485058 0.039808 -0.0559045 0.0500088
0 0 141 -0.00914089 0.0640339 0.00362393 0.0172123
0 0 142 0.0105241 0.0199555 -0.0777186 -0.00495398
0 0 143 -0.00145897 0.00154417 -0.0296855 -0.086577
0 0 144 -0.0337096 0.0248954 -0.0143764 0.0310364
0 0 145 0.0433104 -0.0634549 0.00871689 0.00995354
0 0 146 0.00660788 0.129133 0.119984 -0.0342967
0 0 147 -0.00996097 0.0275911 0.0865112 -0.0376118
0 0 148 0.00605558 -0.0940258 0.000775736 -0.0787895
0 0 149 0.00331084 -0.111161 0.00545233 -0.0123081
0 0 150 -0.0349816 -0.00192589 -0.0975715 -0.0125897
0 0 151 -0.0758012 0.100964 0.110172 0.0417707
0 0 152 0.0152605 -0.0847484 -0.016935 0.0490295
0 0 153 0.0246662 -0.153268 0.011547 0.0739215
0 0 154 0.0377707 -0.00248511 0.0566776 -0.0628203
0 0 155 0.0361138 0.0165428 -0.0963405 -0.0467427
0 0 156 0.0839626 -0.057669 -0.0454531 0.0237473
0 0 157 -0.00465559 0.0055376 0.0624223 -0.107513
0 0 158 -0.0262788 -0.0872219 -0.0395274 -0.0115757
0 0 159 -0.0762029 -0.0240009 -0.108385 -0.0106656
0 0 160 -0.059316 0.00512177 -0.043154 0.06473
0 0 161 0.0274612 -0.00494426 -0.0155048 -0.0404417
0 0 162 0.0707912 0.0582696 -0.0595613 -0.0619796
0 0 163 0.0527329 -0.130813 0.045502 -0.0421664
0 0 164 0.0433104 -0.056228 0.0128745 -0.0281733
0 0 165 0.0299214 0.0655323 0.0748831 -0.100453
0 0 166 -0.00721623 0.0900736 -0.0188539 -0.0462487
0 0 167 0.00486731 0.132202 0.0756495 0.0569122
0 0 168 -0.00393593 -0.0573823 0.106907 -0.0793876
0 0 169 0.0294361 -0.0609455 0.0823113 -0.0241647
0 0 170 -0.0219776 0.0440954 0.000299025 -0.0644541
0 0 171 -0.00860533 -0.0768762 0.0554828 -0.0620749
0 0 172 0.0802807 -0.0690614 -0.000648362 -0.0498412
0 0 173 0.052532 -0.0208893 0.0254319 -0.0353454
0 0 174 -0.0403037 0.00861333 0.047783 -0.0340583
0 0 175 -0.0301783 0.0579111 0.00636351 0.0476644
0 0 176 0.0521136 0.00354447 0.0312188 -0.0262405
0 0 177 -0.0242704 0.0645357 0.0774356 0.0858952
0 0 178 0.0284486 0.019002 -0.0423153 -0.00582069
0 0 179 0.0778539 -0.0777653 -0.0662715 0.0595904
0 0 180 0.00781288 -0.0824111 -0.122572 -0.052281
0 0 181 -0.0481195 -0.0452371 -0.00548788 -0.0384482
0 0 182 0.0527831 -0.0211833 0.00685229 -0.0398653
0 0 183 0.050122 0.0115959 -0.025908 0.00460157
0 0 184 0.0196286 -0.0307188 0.0884181 -0.0171573
0 0 185 -0.0224294 0.00373088 -0.00261555 0.022989
0 0 186 -0.0142956 -0.0322602 -0.0404808 -0.0169363
0 0 187 -0.0370234 -0.047983 -0.0780927 -0.028663
0 0 188 -0.0186303 -0.0375155 0.0427987 0.0500912
0 0 189 -0.0106974 -0.0293494 -0.0115041 -0.0186264
0 0 190 0.0290344 -0.0410787 -0.0478125 -0.0804276
0 0 191 -0.0397514 0.133743 0.00475838 -0.0382836
0 0 192 0.0161977 0.0637829 -0.0366068 -0.0121131
0 0 193 0.0103735 0.16463 0.0477046 0.0711437
0 0 194 0.0535697 0.140296 -0.0576062 -0.0883321
0 0 195 0.0286829 -0.0423119 0.119205 -0.0250445
0 0 196 0.00113514 -0.0440971 -0.0499245 0.0388715
0 0 197 0.0897533 0.00731565 -0.0524167 0.0435648
0 0 198 0.0351766 -0.137817 0.035467 -0.113211
0 0 199 0.0442141 -0.00553216 0.0266207 -0.0162733
0 0 200 -0.0143459 -0.0075468 0.13583 -0.046903
0 0 201 0.0304402 0.0344093 0.00324377 -0.0025055
0 0 202 -0.0522534 -0.0125583 0.0116858 -0.0534424
0 0 203 0.0549588 0.00814732 0.0431306 0.00108704
0 0 204 0.000766941 -0.00944673 -0.0361301 -0.0430375
0 0 205 0.0119635 0.0768171 0.0751124 -0.0171443
0 0 206 0.0523145 -0.0222085 0.0177865 -0.0436572
0 0 207 0.0758288 -0.0407704 0.0416823 -0.104995
0 0 208 0.0621721 0.0173817 0.0107444 0.0292076
0 0 209 0.0312938 0.0479311 -0.0274347 -0.0587077
0 0 210 -0.020806 -0.0508938 -0.0410541 0.0232793
0 0 211 0.0375364 -0.0390856 -0.0166031 -0.131906
0 0 212 -0.0497597 0.0333196 -0.0169229 -0.0351894
0 0 213 -0.0340611 -0.0289479 -0.0197892 0.00975853
0 0 214 -0.033877 0.0287382 0.0172735 -0.022219
0 0 215 -0.0209567 0.0274119 0.0228975 -0.0177727
0 0 216 -0.0641026 -0.00538877 -0.076385 -0.0507209
0 0 217 -0.0580608 0.0860802 0.0888284 0.0201981
0 0 218 0.0352937 -0.0429643 -0.0150764 -0.11878
0 0 219 -0.0426468 0.0879801 0.0246656 -0.0534901
0 0 220 0.0709753 -0.0150318 -0.0587588 -0.0805793
0 0 221 -0.0323875 0.00267696 0.0596525 -0.040199
0 0 222 -0.00301544 -0.0201437 0.0189692 4.26422e-05
0 0 223 0.0645988 0.0048565 0.166001 0.0120553
0 0 224 0.101084 0.099688 -0.00993517 -0.0120784
0 0 225 -0.0261616 0.0171021 0.0581741 -0.046136
0 0 226 0.0185575 -0.123557 0.0957799 -0.00578169
0 0 227 0.0236119 -3.31278e-05 0.056219 -0.0841329
0 0 228 0.0740883 -0.0995105 0.00576008 0.0280289
0 0 229 0.0753435 -0.0658997 -0.113062 0.0294243
0 0 230 0.0653687 0.0649874 -0.104432 -0.0193371
0 0 231 0.00854928 -0.0132538 0.0443555 -0.0842325
0 0 232 -0.00457191 -0.00343149 0.0309594 0.0167573
0 0 233 -0.0382786 0.181385 -0.0775677 -0.0839248
0 0 234 0.018273 -0.0131534 0.00595317 -0.023155
0 0 235 -0.0695921 0.0364096 0.00965824 -0.028156
0 0 236 -0.0144965 -0.118596 0.012072 0.0028508
0 0 237 0.0494191 -0.0594686 -0.0560071 -0.0139765
0 0 238 0.0146078 -0.00427032 -0.155398 -0.0829368
0 0 239 -0.0431656 -0.0590671 -0.143583 -0.0526797
0 0 240 -0.0311323 0.122817 -0.0250692 -0.0283467
0 0 241 0.0572684 0.0219917 0.0226561 -0.0184401
0 0 242 0.125234 0.0383167 -0.0132963 0.00822878
0 0 243 -0.00907395 -0.082153 -0.0229572 -0.0932507
0 0 244 0.0519965 0.073132 0.0791313 -0.0536374
0 0 245 -0.0138772 -0.00953993 0.0137978 -0.0498802
0 0 246 -0.00756769 -0.0974887 0.0467632 0.00370452
0 0 247 0.0823057 -0.0148741 0.0313938 -0.0655548
0 0 248 -0.0237516 0.100111 0.0460451 -0.0124901
0 0 249 0.0505237 -0.00367525 0.00226018 -0.0732296
0 0 250 0.0391431 -0.015125 0.0274896 -0.0265135
0 0 251 -0.0288561 0.0212532 0.0340067 -0.0101803
0 0 252 -0.00817019 0.0629728 0.065886 -0.0395403
0 0 253 -0.0305967 0.0493435 -0.0400222 -0.125896
0 0 254 0.0296704 -0.0470079 -0.115228 -0.011749
0 0 255 -0.0351322 -0.102299 -0.0451936 -0.114147
0 0 256 0.0251181 -0.0474309 0.0401013 -0.11507
0 0 257 -0.0117183 -0.0839239 -0.0782074 -0.0986894
0 0 258 0.0951591 0.0216117 -0.00711714 -0.0834135
0 0 259 0.0622725 -0.00593366 -0.0922311 0.0167399
0 0 260 -0.01053 0.0744871 0.0651256 0.040969
0 0 261 0.0419715 0.0233969 -0.0311458 -0.0442032
0 0 262 0.00284223 -0.0182581 0.00439632 0.0196521
0 0 263 0.00314348 0.0212676 0.00921774 -0.0521814
0 0 264 0.0291181 0.00492102 0.00394375 -0.0853766
0 0 265 0.0256369 -0.0627666 0.0371687 -0.00373624
0 0 266 -0.0578935 -0.0243235 -0.100426 0.00884415
0 0 267 0.0222228 0.138181 -0.0123489 0.0145515
0 0 268 -0.0054924 0.0918302 0.122325 -0.0494339
0 0 269 0.0365824 0.028093 0.0150227 -0.0142408
0 0 270 -0.0339774 0.00431878 0.125354 -0.0358177
0 0 271 0.0183734 -0.0633115 -0.0579622 0.0908008
0 0 272 0.094975 -0.00667929 -0.0312846 -0.0314322
0 0 273 0.0810003 -0.020832 0.00868068 -0.0321689
0 0 274 0.0309591 0.0441742 -0.0363594 -0.023038
0 0 275 0.0111769 -0.0257431 -0.0267226 -0.0110557
0 0 276 -0.043333 0.0422313 -0.0776824 -0.0270422
0 0 277 0.0356619 0.0352482 -0.0168203 -0.0763194
0 0 278 0.00473342 -0.053102 0.0359678 -0.168135
0 0 279 -0.0155341 -0.00910976 -0.0144006 0.00711505
0 0 280 0.0690841 -0.0409999 0.0245087 0.00608799
0 0 281 -0.0237014 -0.00931768 0.00791433 -0.0603632
0 0 282 -0.0227474 0.0333124 0.0623619 -0.0541098
0 0 283 -0.0180948 0.0315057 0.0221191 -0.000334379
0 0 284 -0.0730565 0.0342301 0.017177 0.0815703
0 0 285 0.0166161 0.0594812 -0.0250511 -0.0267952
0 0 286 0.0226914 -0.0664589 -0.097481 -0.128994
0 0 287 0.0540383 0.037822 0.0152339 0.058819
0 0 288 0.0431932 0.0798642 -0.0582941 -0.0251095
0 0 289 -0.0331239 0.0540037 -0.153835 -0.0145832
0 0 290 -0.0318017 -0.0311561 0.00273689 -0.039744
0 0 291 0.0175868 0.0734331 0.102599 -0.100622
0 0 292 -0.0403539 0.0424034 -0.0371258 -0.0498889
0 0 293 -0.0496258 0.0221207 -0.0422791 -0.136448
0 0 294 0.017637 0.0155606 -0.107051 -0.0559472
0 0 295 0.0112438 -0.110078 -0.0222391 -0.0742653
0 0 296 -0.0431991 -0.0282811 -0.0440833 -0.0220196
0 0 297 -0.0809727 0.0244293 0.035461 -0.0587294
0 0 298 -0.0598516 0.0349686 -0.0420317 -0.0165593
0 0 299 0.0107919 -0.0569879 -0.0103636 -0.0641117
0 0 300 -0.0564039 -0.0642077 -0.00298967 -0.0446019
0 0 301 0.0369171 -0.120912 0.0499493 0.0538657
0 0 302 -0.0725209 -0.0615693 0.0304645 0.0866146
0 0 303 0.0360636 -0.0527436 0.0129952 0.00615299
0 0 304 -0.115951 0.0210095 -0.0425385 0.0758847
0 0 305 -0.0568558 -0.068703 -0.0599475 0.0309194
0 0 306 0.0563646 -0.0367053 -0.0597001 0.0117563
0 0 307 0.0333691 0.0501035 -0.00527064 -0.064311
0 0 308 -0.00684803 0.0768458 0.0122409 -0.0209969
0 0 309 0.0691009 0.0450991 0.100082 0.0325705
0 0 310 0.00895095 0.0596174 -0.0306027 0.0654927
0 0 311 -0.0866965 -0.0922047 -0.0564235 -0.0600771
0 0 312 0.03439 0.0869836 -0.00910847 0.0193054
0 0 313 -0.0464292 -0.0964132 -0.0403059 -0.0472107
0 0 314 0.046758 0.0324521 -0.0132842 -0.0826984
0 0 315 0.0300553 0.0150014 -0.00729214 0.104595
0 0 316 0.0659879 0.0396431 -0.00564477 -0.0590977
0 0 317 -0.0406886 0.13978 -0.0521391 -0.000837075
0 0 318 0.0559295 -0.116058 0.0112754 0.035292
0 0 319 0.0524149 -0.0300807 -0.0364741 -0.0309641
0 0 320 0.06408 0.0284514 -0.135081 -0.0081825
0 0 321 -0.0600524 0.0291684 0.0369333 -0.0516917
0 0 322 0.0594775 0.013718 0.0427082 -0.0241777
0 0 323 0.0419213 -0.0839454 0.105151 -0.00545234
0 0 324 -0.00783547 0.0363093 -0.0245985 0.0588883
0 0 325 -0.0256428 0.0732467 -0.0155048 -0.0126591
0 0 326 -0.0272495 0.0129294 0.0344894 -0.057555
0 0 327 0.0338042 0.0400661 0.014015 0.0400503
0 0 328 -0.0820271 -0.0634692 0.0764762 -0.0272113
0 0 329 0.0965985 -0.00809886 -0.00053371 -0.0259762
0 0 330 -0.110261 -0.0282309 -0.0178763 0.0476817
0 0 331 -0.0535588 0.127248 0.0734349 -0.0291874
0 0 332 0.0135367 0.00390295 -0.00991706 0.00070568
0 0 333 0.035026 -0.0146231 -0.0373551 -0.0487535
0 0 334 -0.0191324 0.0399514 0.0475175 -0.133232
0 0 335 -0.0315674 0.00640512 -0.0205012 0.0386072
0 0 336 -0.00800283 0.000454401 -0.0316949 0.0256324
0 0 337 0.0324988 -0.123887 -0.0530986 -0.0676999
0 0 338 0.0119133 -0.0814289 0.0449771 -0.105103
0 0 339 -0.022714 0.129707 0.0481692 0.0597724
0 0 340 -0.00162634 0.0917656 -0.0474444 -0.0764104
