0 0 0 1.16254 0.365804 1.45217 -2.37345
0 0 1 -1.7612 4.04107 -0.558957 -2.18816
0 0 2 -1.27551 -2.25796 2.63086 -2.14184
0 0 3 -4.08384 -1.77237 2.86214 3.33644
0 0 4 -0.951722 1.60251 3.54417 2.22663
0 0 5 -3.21826 1.38275 -0.269967 0.782271
0 0 6 -3.57571 2.14569 0.527487 -1.622
0 0 7 -3.39138 -3.44829 -4.00322 0.238625
0 0 8 -3.52923 -0.512623 -2.32743 0.33127
0 0 9 -0.525343 3.09354 -0.362653 3.40593
0 0 10 1.25551 2.71191 0.145811 3.31328
0 0 11 -0.363448 -5.40156 -1.62223 -0.616412
0 0 12 -2.52419 -2.53531 3.24338 -3.91046
0 0 13 -0.964545 -6.22209 2.35367 -1.81822
0 0 14 -1.42619 -2.04971 2.23782 2.16873
0 0 15 -0.316963 3.02412 4.24894 0.759109
0 0 16 -0.131023 1.35972 -0.397192 -2.09616
0 0 17 -0.385889 -0.66297 -1.06742 -1.05583
0 0 18 -0.940501 0.816535 4.23757 1.01324
0 0 19 -0.454814 -4.15333 0.631541 1.16314
0 0 20 2.71096 0.631636 -0.686182 1.96092
0 0 21 -1.48389 -0.431691 1.84521 0.562239
0 0 22 -2.33986 3.28995 0.0767331 1.93776
0 0 23 0.838747 2.35363 -3.63335 -0.188572
0 0 24 5.25481 -3.04394 -4.68526 -2.24606
0 0 25 2.08743 0.261837 0.423433 -0.408604
0 0 26 0.457251 -3.48315 2.5268 0.192302
0 0 27 -3.32085 -1.39105 2.64266 -1.2868
0 0 28 -3.35611 -2.76628 5.99424 -2.58126
0 0 29 -1.34444 -3.37887 -1.16011 -0.997929
0 0 30 0.503735 2.35363 -4.21133 0.689626
0 0 31 1.43984 0.469771 0.342551 0.389173
0 0 32 -0.51252 -2.37344 0.631541 1.71837
0 0 33 -1.95836 -3.67957 -1.18328 -0.732218
0 0 34 -3.6222 0.0651095 0.851015 -0.397023
0 0 35 -6.51067 -4.65044 -2.70867 -0.604831
0 0 36 -3.72639 -1.59898 -2.13069 -5.36704
0 0 37 -0.177508 -3.27491 2.22645 -5.17017
0 0 38 1.59052 0.273355 1.20952 -0.350701
0 0 39 0.862791 3.72917 -0.998343 1.82195
0 0 40 1.22024 2.21511 -3.09035 0.793851
0 0 41 3.72882 2.79284 3.50919 -0.454926
0 0 42 3.62463 3.1396 1.31357 -0.893703
0 0 43 2.44648 4.44573 3.15113 1.25579
0 0 44 1.68349 1.05933 0.966436 2.65447
0 0 45 -1.62335 -0.639624 -2.03844 3.55583
0 0 46 -2.07377 1.46368 0.157615 2.52709
0 0 47 -2.77906 -0.107961 3.00073 1.36002
0 0 48 -3.93477 0.238492 2.30733 -2.39661
0 0 49 -3.00988 -0.766937 2.68857 -0.211733
0 0 50 0.838747 -0.316206 0.0303898 0.643303
0 0 51 0.122239 -1.74933 -0.0273207 -2.19974
0 0 52 4.00613 0.134525 -1.95756 1.17473
0 0 53 -1.86539 0.377322 -0.131374 -0.847381
0 0 54 -1.49511 0.307907 -2.04981 -3.07858
0 0 55 2.26054 -1.7263 0.353918 0.885853
0 0 56 2.13391 -2.58138 1.02458 1.5215
0 0 57 2.08743 -0.246791 0.00721817 -0.709057
0 0 58 -2.02729 3.33602 -0.836579 0.0308168
0 0 59 -1.07996 -1.98061 -0.767064 3.10547
0 0 60 -0.998206 -2.47741 1.93746 1.79944
0 0 61 -2.29337 -0.142824 3.01253 -1.12532
0 0 62 -1.66823 -1.37953 3.95995 -3.70265
0 0 63 -1.95836 -3.48315 0.989608 -0.882123
0 0 64 -0.050877 1.51006 1.60213 1.5215
0 0 65 -1.56404 2.35363 -0.200889 0.666465
0 0 66 -0.975765 -0.188893 -1.06742 2.98967
0 0 67 1.65945 -3.89902 2.40002 1.62573
0 0 68 0.192768 -5.47097 0.273036 3.6948
0 0 69 1.05835 -4.38461 1.72935 -0.512186
0 0 70 0.619146 -1.02125 1.18635 -2.76655
0 0 71 1.08239 -0.547175 0.608369 0.377592
0 0 72 1.04713 -2.70869 -0.697549 3.08231
0 0 73 0.978202 1.55613 -2.39651 -1.48303
0 0 74 -0.674415 1.2212 -2.11933 -2.38503
0 0 75 1.85661 0.215457 -2.8359 -1.70306
0 0 76 2.4 -3.93388 -0.0504923 -3.4022
0 0 77 1.1978 -0.582038 1.24406 -1.44893
0 0 78 -0.00439214 2.56187 0.157615 0.470237
0 0 79 0.792262 -0.293172 0.249864 -2.78907
0 0 80 1.67067 0.469771 0.457972 -2.43135
0 0 81 1.85661 2.80436 2.72355 -2.35029
0 0 82 1.89027 3.74068 3.01253 0.0192361
0 0 83 -0.559005 2.88529 2.04151 -1.00951
0 0 84 -1.50633 0.0535922 -0.177718 -2.35029
0 0 85 -1.86539 -1.17129 -0.801603 -1.36787
0 0 86 0.0180488 -3.8875 -3.15943 0.366012
0 0 87 -0.363448 0.550704 -4.09591 0.793851
0 0 88 -2.66204 0.88595 -1.11376 1.77627
0 0 89 -0.767385 1.98383 0.562026 2.40034
0 0 90 0.412369 -2.66231 -0.0159535 0.33127
0 0 91 -0.478858 -3.00907 1.66027 -0.627992
0 0 92 1.05835 -0.75542 3.48646 -1.47145
0 0 93 1.64822 3.22054 4.19123 -1.02109
0 0 94 4.08628 3.85617 1.4867 -1.76096
0 0 95 5.58982 0.423702 0.0999047 -0.697476
0 0 96 4.73386 -1.92271 1.972 0.400753
0 0 97 4.39885 -2.24644 0.457972 1.24421
0 0 98 8.34044 0.573738 -2.8359 0.77069
0 0 99 6.95391 -0.789972 -0.940195 -0.674315
0 0 100 3.36977 -0.478071 -1.16011 -0.454926
0 0 101 3.41625 1.41761 -0.547589 1.77627
0 0 102 1.48633 0.192422 -2.36197 0.805432
0 0 103 1.94797 -3.3328 -2.02664 -2.14184
0 0 104 1.48633 -3.30977 -0.397192 -1.87613
0 0 105 0.146283 -1.02125 -1.51817 1.04798
0 0 106 -0.316963 -0.293172 -2.0039 2.40034
0 0 107 3.25436 1.60251 -1.46046 0.284947
0 0 108 4.50304 2.28421 1.09366 -0.651154
0 0 109 2.68852 -1.92271 3.20884 1.67205
0 0 110 0.44603 -4.76593 -0.697549 2.16873
0 0 111 1.78768 -2.46589 -3.91097 0.493398
0 0 112 3.34733 3.27843 0.423433 -0.108151
0 0 113 1.68349 5.39357 1.85658 0.366012
0 0 114 -2.00324 -2.52379 4.16806 1.81037
0 0 115 -2.08499 -6.02567 6.54905 0.943756
0 0 116 1.01186 -3.79505 2.00697 2.93176
0 0 117 3.24314 -2.61624 -0.535785 4.86187
0 0 118 4.7579 -1.41408 -0.547589 0.053978
0 0 119 5.20832 -0.720557 1.17454 -0.963187
0 0 120 6.02902 0.908985 0.134444 1.56782
0 0 121 4.76912 -1.62233 -1.17147 1.02482
0 0 122 2.44648 -4.95083 4.22577 -0.76696
0 0 123 0.168724 -2.17703 4.78057 1.16314
0 0 124 -1.71471 -0.986388 0.562026 1.84511
0 0 125 -1.1601 1.03599 -0.963367 -0.119731
0 0 126 1.06957 2.78132 -1.58769 -1.35628
0 0 127 1.84538 2.29604 -1.20645 1.27895
0 0 128 1.15132 1.08237 -2.44285 1.5215
0 0 129 1.09361 0.897468 0.666079 -2.08458
0 0 130 2.85042 0.654671 -1.74945 -1.07899
0 0 131 0.816306 -0.0734093 -1.22918 2.93176
0 0 132 1.69471 -0.165859 0.908726 3.71796
0 0 133 2.8392 -2.13065 0.492948 3.34802
0 0 134 3.0588 -2.29251 1.68301 3.22064
0 0 135 2.97705 0.15787 0.319379 -0.0618283
0 0 136 2.44648 1.45217 0.712423 -4.18775
0 0 137 0.758601 -2.0961 0.608369 -4.14143
0 0 138 0.377104 -4.22275 0.642908 0.412334
0 0 139 2.46892 -4.2573 1.42899 1.12905
0 0 140 2.26054 -3.03211 2.38821 1.4295
0 0 141 -1.36848 -1.99213 2.63086 0.689626
0 0 142 -2.65082 -1.6105 -0.743892 -1.55251
0 0 143 -1.21781 -3.03211 -1.07923 -1.64516
0 0 144 1.62578 -3.79505 -0.466707 -0.997929
0 0 145 1.15132 -2.18854 0.0999047 0.608561
0 0 146 -0.40833 -1.36802 2.21508 2.55025
0 0 147 2.14513 -0.258309 3.32426 0.0771393
0 0 148 3.90194 1.61403 -0.0159535 0.805432
0 0 149 2.87286 1.41761 -1.70311 2.26137
0 0 150 2.57311 -0.639624 -0.686182 -0.0965701
0 0 151 4.64249 -4.04937 0.86282 -0.373862
0 0 152 2.86164 -3.45981 2.40002 2.4235
0 0 153 1.25551 0.758637 -0.628471 2.98967
0 0 154 0.0420927 1.01295 -1.12513 4.59616
0 0 155 0.388325 1.26727 -0.952 6.46836
0 0 156 -0.235214 1.30182 -3.7374 4.01841
0 0 157 -0.350624 -0.859387 -5.08967 1.45266
0 0 158 0.874011 -1.31012 -0.31631 1.68363
0 0 159 0.0420927 -2.91662 5.41626 -1.17099
0 0 160 -0.0396565 -3.22884 4.87326 -3.10174
0 0 161 -0.385889 1.6601 2.27279 -0.951606
0 0 162 0.572661 3.07019 -0.882485 0.135042
0 0 163 2.64204 1.25575 -0.628471 1.29053
0 0 164 5.02238 -4.77745 0.157615 1.12905
0 0 165 2.13391 -3.42525 1.57939 0.053978
0 0 166 0.539 -0.258309 -2.80136 -1.19416
0 0 167 -0.82509 -3.25187 -5.20509 1.72995
0 0 168 -0.374668 -4.58103 -1.93439 0.203883
0 0 169 0.781042 -3.5177 -0.235428 -2.43135
0 0 170 3.17421 0.423702 2.19191 -1.89929
0 0 171 -0.259257 2.93167 3.53237 0.481818
0 0 172 -3.76005 1.63706 2.29596 0.111881
0 0 173 0.0997981 0.908985 0.123076 0.527497
0 0 174 3.20787 2.96622 0.689251 0.123462
0 0 175 3.2784 0.354287 1.30177 -0.8358
0 0 176 2.49136 0.0769381 1.11683 -0.362281
0 0 177 0.192768 0.504323 5.45124 0.366012
0 0 178 0.157503 1.96079 4.67652 1.70679
0 0 179 1.18658 1.32516 0.596564 1.49834
0 0 180 2.95461 1.92593 2.01834 0.447076
0 0 181 7.02284 4.53818 -0.246795 -0.674315
0 0 182 7.63515 -0.559003 -1.84214 -0.165411
0 0 183 6.75675 -3.96843 -4.50032 2.3656
0 0 184 4.00613 -0.570521 -2.74365 2.53867
0 0 185 2.8969 2.18025 0.481144 1.05956
0 0 186 3.56693 -0.00399423 3.74047 2.48076
0 0 187 6.54837 -4.5001 1.35948 0.458657
0 0 188 7.54218 -1.40257 -1.62223 1.27895
0 0 189 5.39266 0.15787 0.319379 1.31369
0 0 190 4.08628 0.15787 3.98312 0.747529
0 0 191 4.3187 -1.8533 1.32494 -0.882123
0 0 192 0.654411 -3.52922 -2.85907 0.666465
0 0 193 -0.119803 -0.258309 -2.03844 1.16314
0 0 194 -1.83013 1.18633 -1.07923 1.31369
0 0 195 2.50419 1.09388 -0.454903 0.978498
0 0 196 2.0185 0.11149 0.735594 -1.20574
0 0 197 -0.478858 -0.709039 1.93746 -1.3447
0 0 198 -1.39092 -0.223757 7.19611 -2.10774
0 0 199 -1.42619 -0.489588 6.22552 0.701206
0 0 200 1.67067 -1.80723 2.29596 1.62573
0 0 201 4.11032 -3.63319 -1.16011 1.66047
0 0 202 1.26673 -3.8875 -0.385825 2.60815
0 0 203 3.90194 1.89138 -2.4892 0.447076
0 0 204 4.50304 2.06476 -1.94576 -0.108151
0 0 205 5.53212 -3.19397 -3.25211 -1.43735
0 0 206 3.89072 -2.04971 -1.94576 -1.1369
0 0 207 4.38763 0.365804 2.70037 1.07114
0 0 208 6.95391 -0.489588 2.73491 1.0943
0 0 209 4.38763 -2.95149 -1.55315 1.34843
0 0 210 1.24429 -0.61659 -2.28109 -0.76696
0 0 211 2.4 -3.86447 2.07605 -0.33912
0 0 212 0.192768 -2.93966 4.13352 1.60257
0 0 213 0.55022 -0.165859 0.608369 2.15715
0 0 214 1.94797 -1.6105 -1.58769 1.11747
0 0 215 4.71142 -6.98503 2.24962 0.0076555
0 0 216 4.71142 -6.56885 -1.25236 -1.85297
0 0 217 -0.339404 -3.85295 -3.96868 -0.639573
0 0 218 -1.87661 -5.17059 -3.42524 -1.10215
0 0 219 3.77531 -6.80013 -3.17123 1.74153
0 0 220 1.06957 -1.79571 -3.12489 0.0423974
0 0 221 -0.663195 -2.85873 -1.03288 -1.21732
0 0 222 -0.270478 -1.87633 -4.93927 -1.18258
0 0 223 1.12888 -5.04328 -4.09591 0.862692
0 0 224 -1.80768 -1.73781 -2.02664 4.85029
0 0 225 -0.559005 2.35363 2.05288 0.874272
0 0 226 -0.050877 -3.07849 -2.8359 2.46918
0 0 227 2.13391 0.00752307 -2.74365 3.46319
0 0 228 5.71645 -6.26847 -4.50032 2.67763
0 0 229 5.80942 -3.22884 -7.36661 1.92618
0 0 230 9.62278 0.458254 -5.86395 2.00724
0 0 231 13.9924 2.49246 -1.28733 -2.95119
0 0 232 25.7915 1.11692 -1.37958 -3.30955
0 0 233 44.2492 -3.39039 5.46261 -5.38956
0 0 234 62.8928 -10.4866 11.6236 -2.073
0 0 235 53.2769 -0.339241 1.53305 1.69521
0 0 236 33.71 0.735603 -7.14713 2.72396
0 0 237 36.2282 -1.78388 -4.96244 6.22581
0 0 238 64.499 4.33024 -9.85165 7.57817
0 0 239 91.3352 9.91271 -13.9084 21.2394
0 0 240 98.5355 8.65265 -17.0283 36.7736
0 0 241 73.7687 -3.29794 -11.4234 28.2779
0 0 242 34.4265 -7.49366 -3.55247 8.87263
0 0 243 12.593 -2.60472 2.12239 -0.570089
0 0 244 5.49685 -4.1303 -0.824774 0.793851
0 0 245 2.38717 -2.06123 0.203958 -0.709057
0 0 246 3.30084 -0.0388574 1.8334 -0.997929
0 0 247 4.02857 -5.12421 0.203958 0.724368
0 0 248 6.38648 -2.30403 3.05844 1.55624
0 0 249 6.63012 0.0190404 0.145811 2.18031
0 0 250 6.58363 -3.80657 1.76433 1.66047
0 0 251 5.37022 -1.14825 -0.0273207 -0.523767
0 0 252 2.31825 -2.04971 0.827844 1.40634
0 0 253 3.16299 0.828052 2.24962 -0.33912
0 0 254 -0.871575 3.34754 -0.374021 -0.315959
0 0 255 2.4577 -0.339241 2.59632 3.97209
0 0 256 3.4403 -5.80622 3.1743 0.296528
0 0 257 3.90194 -6.25695 0.273036 0.573819
0 0 258 7.57745 -2.30403 1.79887 1.01324
0 0 259 4.94224 -3.39039 1.19772 -0.500605
0 0 260 4.39885 -0.986388 2.20328 0.0771393
0 0 261 -1.63457 -0.131307 2.59632 0.389173
0 0 262 -0.767385 -6.23392 1.72935 -0.385442
0 0 263 -1.09118 -1.19463 1.75252 -1.00951
0 0 264 0.654411 1.31365 5.23133 -1.26364
0 0 265 -3.09003 -1.81875 2.38821 -0.882123
0 0 266 -1.65701 -4.32671 2.03014 -1.44893
0 0 267 -1.87661 0.631636 -0.512613 0.909014
0 0 268 -1.25307 3.74068 0.330747 2.50392
0 0 269 2.07621 0.0305577 -1.80716 -2.24606
0 0 270 1.27795 -3.56377 -0.6053 -4.49978
0 0 271 3.79775 0.689534 -1.16011 -4.38462
0 0 272 3.69356 2.09931 1.55622 1.31369
0 0 273 0.85157 -2.75476 0.261669 1.29053
0 0 274 2.10987 4.01803 -0.189085 0.724368
0 0 275 0.492515 1.38275 -1.84214 4.59616
0 0 276 -2.18918 -0.940319 2.03014 0.527497
0 0 277 -2.52419 -1.20615 0.619736 -4.62717
0 0 278 1.64822 0.0190404 -2.30426 -0.350701
0 0 279 -1.31078 -1.96878 -1.47227 -2.15342
0 0 280 2.04094 -4.39613 -3.5411 -1.19416
0 0 281 4.38763 -0.0849266 -0.478074 -4.24565
0 0 282 1.69471 -0.501106 -3.86463 1.36002
0 0 283 1.24429 1.718 -1.89985 1.0364
0 0 284 1.55526 -2.41982 -2.75501 0.620142
0 0 285 0.942937 -2.00365 -4.68526 3.49793
0 0 286 2.37595 1.89138 -3.09035 0.712787
0 0 287 3.07002 -1.26405 1.22089 3.39435
0 0 288 3.57815 -4.90476 2.57315 2.09989
0 0 289 0.412369 -5.07814 -1.09059 -0.662734
0 0 290 -3.15895 0.573738 -2.75501 -0.223314
0 0 291 -2.75501 -1.73781 -1.4491 -0.108151
0 0 292 0.55022 -2.10761 2.53861 -2.33871
0 0 293 -4.05018 -1.76085 3.34743 -1.87613
0 0 294 -3.32085 -2.93966 2.06468 1.32527
0 0 295 -1.25307 0.319424 -0.998343 2.06515
0 0 296 -0.871575 1.20937 -0.558957 0.146623
0 0 297 0.585485 5.03529 -4.54666 -1.70306
0 0 298 1.00064 6.47993 -4.50032 -4.0031
0 0 299 -1.91187 4.07593 -3.96868 -3.95678
0 0 300 -2.46649 1.79893 -4.39627 -3.07858
0 0 301 -1.5993 3.48637 -3.36753 -2.66232
0 0 302 -3.05636 0.365804 0.515682 -2.37345
0 0 303 -3.92194 -1.99213 1.6371 0.284947
0 0 304 -4.22329 2.38849 0.897358 -0.905284
0 0 305 -1.00943 2.55004 -2.45466 -2.06142
0 0 306 -3.69112 1.17482 -1.50681 -0.420184
0 0 307 -2.73257 0.770155 -1.88805 1.05956
0 0 308 0.0420927 -0.408656 -1.32187 1.5215
0 0 309 -2.10743 -0.917285 -5.44817 0.666465
0 0 310 -1.62335 -2.98604 -4.90473 0.735948
0 0 311 -0.466035 -1.03277 -0.547589 -0.00392512
0 0 312 0.805086 0.712568 0.342551 1.79944
0 0 313 -1.1024 3.8792 1.32494 2.52709
0 0 314 -4.87088 1.718 0.538854 1.07114
0 0 315 -4.15437 1.15178 1.54442 1.36002
0 0 316 -3.81775 0.0535922 0.92053 0.308108
0 0 317 -3.63342 1.03599 0.00721817 -0.397023
0 0 318 -1.90065 1.31365 2.61949 -3.75991
0 0 319 0.827527 0.562221 0.654712 -3.17058
0 0 320 0.665631 0.701051 -3.3907 -3.11268
0 0 321 -2.47771 1.4752 -2.37378 -1.61042
0 0 322 0.412369 -0.824835 -0.154546 -0.720637
0 0 323 -0.350624 2.48094 0.596564 -2.45387
0 0 324 0.168724 1.41761 2.72355 -3.77149
0 0 325 0.0180488 2.8277 1.00141 -2.23448
0 0 326 1.24429 -1.14825 -0.767064 -1.42577
0 0 327 0.0180488 -0.766937 -1.04425 -1.25206
0 0 328 2.66608 0.423702 -1.78399 -2.21132
0 0 329 5.45037 -0.674488 -2.57008 -0.408604
0 0 330 4.00613 -3.89902 -3.85283 0.527497
0 0 331 2.35351 -2.41982 -1.1483 1.14063
0 0 332 0.769821 -2.04971 -3.70287 3.97209
0 0 333 1.83256 0.735603 -3.0322 2.58499
0 0 334 -0.131023 -1.39105 0.157615 1.66047
0 0 335 -2.72135 -1.69143 2.40002 2.16873
0 0 336 -2.24689 -0.373793 1.42899 1.94934
0 0 337 -3.11407 4.26083 -1.40275 -1.49461
0 0 338 0.272914 5.22019 -3.14806 -1.91087
0 0 339 0.111019 1.591 -2.22338 -2.68548
0 0 340 0.388325 0.400356 -0.975171 -1.65674
0 0 341 1.25551 -0.951836 -1.34504 0.284947
0 0 342 -0.108582 0.11149 -1.20645 -0.893703
0 0 343 -1.68105 2.98926 -0.616667 1.93776
0 0 344 -0.882796 2.35363 0.342551 4.60774
0 0 345 -0.270478 1.91441 0.37709 2.14557
0 0 346 -0.00439214 3.03564 1.77569 1.9146
0 0 347 3.11651 -0.00399423 3.10478 0.932176
0 0 348 0.896452 -0.373793 3.65959 1.61415
0 0 349 -1.19537 -0.651453 -0.108203 1.75311
0 0 350 -0.397109 -0.478071 -2.1425 -0.327539
0 0 351 -1.83013 -0.0388574 -1.39139 -2.74339
0 0 352 -2.95217 -1.06732 -0.847946 -2.77749
0 0 353 -1.47267 -0.940319 -1.39139 0.0076555
0 0 354 2.08743 -0.223757 -0.524418 1.54466
0 0 355 -0.119803 1.01295 -0.40856 0.851111
0 0 356 -2.01606 0.0651095 -0.397192 0.0887199
0 0 357 0.0997981 -0.454725 0.989608 1.84511
0 0 358 0.665631 -0.293172 -1.1483 3.2438
0 0 359 0.862791 -2.78962 -3.96868 0.111881
0 0 360 2.10987 -2.17703 -2.82453 -2.15342
0 0 361 1.10483 -0.188893 -0.235428 -1.48303
0 0 362 -0.270478 2.16873 2.15693 -1.32154
0 0 363 1.26673 1.72951 1.94926 -1.63358
0 0 364 1.69471 4.02955 -0.189085 -1.57567
0 0 365 2.12269 4.23779 -3.59881 -3.9452
0 0 366 0.215209 4.56121 -3.12489 -1.69148
0 0 367 -0.0268331 3.64823 0.654712 0.180722
0 0 368 1.39336 0.781983 1.07049 -0.76696
0 0 369 0.457251 0.874433 0.123076 -1.98035
0 0 370 -0.940501 0.631636 0.608369 -4.04942
0 0 371 -2.29337 -0.0849266 -0.350849 -3.54052
0 0 372 -3.37855 -0.801489 -3.85283 -0.974768
0 0 373 -4.39641 -0.940319 -5.20509 -0.732218
0 0 374 -2.8592 1.27878 -3.63335 -2.43135
0 0 375 -0.986986 3.995 -2.53554 -2.69706
0 0 376 -0.350624 2.67736 -0.790236 -2.18816
0 0 377 0.146283 -1.94575 0.666079 -2.63916
0 0 378 -0.82509 -2.78962 0.446605 0.608561
0 0 379 -1.34444 -1.89968 -0.269967 3.6948
0 0 380 -1.53038 -1.7263 -0.0159535 2.70079
0 0 381 -2.30459 -3.27491 -1.02151 0.608561
0 0 382 -1.33322 -5.42459 -0.836579 0.654884
0 0 383 -2.18918 -2.93966 2.75808 1.30211
0 0 384 -3.95721 -0.628107 2.13376 1.98408
0 0 385 -6.35038 -0.188893 0.885554 2.61973
0 0 386 -5.93362 -0.974871 -0.0736639 1.62573
0 0 387 -4.34993 1.91441 1.35948 2.06515
0 0 388 -5.3213 4.16838 -0.293139 1.93776
0 0 389 -5.25237 0.932019 -0.593495 1.98408
0 0 390 -2.45527 -2.69717 0.608369 0.862692
0 0 391 -0.421153 -4.2573 -0.709354 -2.41977
0 0 392 0.377104 -2.47741 -1.495 -4.01468
0 0 393 1.84538 1.00143 -2.09615 -3.067
0 0 394 2.16757 1.24423 -0.628471 -1.99193
0 0 395 -1.36848 -0.859387 1.08229 -0.905284
0 0 396 -4.54709 0.123007 3.3706 -0.847381
0 0 397 -2.81272 2.94319 4.2144 -0.697476
0 0 398 -2.31581 2.57339 1.47534 -1.07899
0 0 399 -1.64579 -0.431691 -1.56452 -1.52935
0 0 400 0.607926 -1.47198 -2.16567 -0.281217
0 0 401 -0.0156126 0.712568 0.0303898 -0.570089
0 0 402 -0.905237 1.2903 1.59076 -0.570089
0 0 403 -0.583049 0.238492 -0.246795 0.261786
0 0 404 -2.13148 0.735603 -3.25211 1.15156
0 0 405 -5.34374 1.79893 -4.76614 0.654884
0 0 406 -5.59861 2.72343 -3.30982 -1.89929
0 0 407 -4.76669 3.23205 -1.86487 -1.8298
0 0 408 -1.66823 2.75829 -0.189085 0.250205
0 0 409 0.308178 2.76981 2.4809 0.654884
0 0 410 -1.43741 0.828052 3.92541 0.0192361
0 0 411 -2.62838 -1.59898 4.80375 -1.05583
0 0 412 -2.31581 -1.03277 2.97756 -2.40819
0 0 413 -2.30459 -0.00399423 0.308012 -1.79506
0 0 414 -3.74883 1.07085 -0.200889 0.377592
0 0 415 -3.14773 1.99535 1.84521 0.192302
0 0 416 -0.663195 2.8277 4.87326 1.33685
0 0 417 0.168724 4.79249 3.1743 0.146623
0 0 418 -0.166288 5.04681 1.59076 -3.39062
0 0 419 0.192768 2.53853 3.93721 -3.89888
0 0 420 -1.34444 0.596773 3.80999 -0.801702
0 0 421 -0.789826 0.273355 2.76945 0.573819
0 0 422 -0.466035 0.215457 1.24406 -2.28081
0 0 423 -0.143847 -0.339241 1.41719 -2.44293
0 0 424 0.572661 -2.23461 0.943702 0.215463
0 0 425 -2.32703 -2.68566 -1.89985 -0.512186
0 0 426 -3.93477 -1.84178 -0.628471 -3.14742
0 0 427 -1.56404 -2.65079 0.319379 -2.33871
0 0 428 0.0997981 -1.51805 -0.0618595 0.515916
0 0 429 -1.322 1.39427 -1.52998 0.0771393
0 0 430 -2.82394 0.192422 -3.71423 -0.385442
0 0 431 -3.33367 -1.0558 -1.21782 -0.0734089
0 0 432 -3.58693 -0.593555 0.423433 0.654884
0 0 433 0.470074 0.377322 -1.93439 -1.42577
0 0 434 4.87331 1.1054 -0.639839 -3.37903
0 0 435 4.66493 5.89037 3.16249 -1.55251
0 0 436 3.72882 5.19684 4.34162 1.15156
0 0 437 4.02857 3.59034 1.67164 2.09989
0 0 438 3.61341 4.64214 -0.894289 2.87386
0 0 439 2.82638 4.61911 -2.77819 0.412334
0 0 440 -0.166288 2.53853 -4.31538 -1.39103
0 0 441 -2.98584 -0.107961 -2.75501 -0.76696
0 0 442 -2.52419 1.9029 -0.686182 -0.627992
0 0 443 -3.37855 2.11114 1.02458 0.470237
0 0 444 -2.88164 2.92015 3.38241 0.712787
0 0 445 -1.06713 2.35363 2.23782 -0.685895
0 0 446 0.412369 0.689534 -1.495 -0.281217
0 0 447 0.539 -0.651453 -2.08479 0.203883
0 0 448 -0.82509 0.146042 -0.847946 -0.408604
0 0 449 -2.82394 2.68887 -0.0273207 1.4295
0 0 450 -2.54663 0.00752307 0.735594 1.8567
0 0 451 0.226429 -0.385621 3.76364 1.9146
0 0 452 1.16254 -3.54074 0.273036 -1.39103
0 0 453 0.689675 -2.97452 -2.60462 1.15156
0 0 454 1.77486 -0.940319 -0.697549 3.38276
0 0 455 0.399545 1.4061 1.30177 4.82713
0 0 456 1.1401 1.19785 -0.431731 3.71796
0 0 457 1.03591 0.0190404 -1.03288 0.0423974
0 0 458 2.21406 1.23271 -2.13069 0.724368
0 0 459 0.412369 2.36514 -2.46603 0.862692
0 0 460 -1.02225 0.897468 -2.54691 0.423915
0 0 461 -1.51916 0.758637 -3.05537 0.470237
0 0 462 -0.155067 -0.789972 -2.84726 0.423915
0 0 463 2.86164 -3.15942 -1.25236 -1.54093
0 0 464 1.637 -2.01516 -2.32743 -1.26364
0 0 465 -2.52419 -1.04429 -1.2987 -1.21732
0 0 466 -3.13651 -2.30403 -1.92302 -2.14184
0 0 467 -2.03851 -1.79571 -1.21782 -0.397023
0 0 468 -0.61671 -1.21767 -4.62754 1.30211
0 0 469 -0.432373 -0.454725 -1.62223 -0.234894
0 0 470 -0.62793 -0.905456 3.39377 -0.131312
0 0 471 0.365884 -3.20549 2.28416 4.00683
0 0 472 -2.42 1.02447 0.642908 4.22622
0 0 473 -1.5993 2.70039 0.943702 1.46424
0 0 474 -3.13651 0.816535 -2.88224 1.32527
0 0 475 -4.39641 4.20293 -2.76638 1.70679
0 0 476 -2.90569 3.97196 -1.83034 1.20947
0 0 477 -1.91187 4.41086 -1.63403 -0.108151
0 0 478 -2.33986 1.33668 0.897358 -0.558508
