0 0 0 -0.00614666
0 0 1 -0.00614666
0 0 2 -0.00614666
0 0 3 -0.00614666
0 0 4 -0.00614666
0 0 5 -0.00614666
0 0 6 -0.00614666
0 0 7 -0.00614666
0 0 8 -0.00614666
0 0 9 -0.00614666
0 0 10 -0.00614666
0 0 11 -0.00614666
0 0 12 -0.00614666
0 0 13 -0.00614666
0 0 14 -0.00614666
0 0 15 -0.00614666
0 0 16 -0.00614666
0 0 17 -0.00614666
0 0 18 -0.00614666
0 0 19 -0.00614666
0 0 20 -0.00614666
0 0 21 -0.00614666
0 0 22 -0.00614666
0 0 23 -0.00614666
0 0 24 -0.00614666
0 0 25 -0.00614666
0 0 26 -0.00614666
0 0 27 -0.00614666
0 0 28 -0.00614666
0 0 29 -0.00614666
0 0 30 -0.00614666
0 0 31 -0.00614666
0 0 32 -0.00614666
0 0 33 -0.00614666
0 0 34 -0.00614666
0 0 35 -0.00614666
0 0 36 -0.00614666
0 0 37 -0.00614666
0 0 38 -0.00614666
0 0 39 -0.00614666
0 0 40 -0.00614666
0 0 41 -0.00614666
0 0 42 -0.00614666
0 0 43 -0.00614666
0 0 44 -0.00614666
0 0 45 -0.00614666
0 0 46 -0.00614666
0 0 47 -0.00614666
0 0 48 -0.00614666
0 0 49 -0.00614666
0 0 50 -0.00614666
0 0 51 -0.00614666
0 0 52 -0.00614666
0 0 53 -0.00614666
0 0 54 -0.00614666
0 0 55 -0.00614666
0 0 56 -0.00614666
0 0 57 -0.00614666
0 0 58 1.63365
0 0 59 -1.12678
0 0 60 -2.22525
0 0 61 -0.949503
0 0 62 0.294588
0 0 63 0.595322
0 0 64 0.81375
0 0 65 1.86157
0 0 66 2.71312
0 0 67 2.68147
0 0 68 2.36965
0 0 69 2.04834
0 0 70 2.319
0 0 71 2.12115
0 0 72 1.78876
0 0 73 1.77927
0 0 74 1.70646
0 0 75 0.948289
0 0 76 -0.316378
0 0 77 -1.43701
0 0 78 -2.35029
0 0 79 -1.96725
0 0 80 -0.77381
0 0 81 0.139472
0 0 82 0.460783
0 0 83 0.3579
0 0 84 -0.0583795
0 0 85 -1.28189
0 0 86 -1.47974
0 0 87 -0.192918
0 0 88 0.378477
0 0 89 -0.316378
0 0 90 -1.07454
0 0 91 -0.753234
0 0 92 0.524095
0 0 93 1.4263
0 0 94 0.315164
0 0 95 0.0571658
0 0 96 1.51968
0 0 97 1.39464
0 0 98 0.180625
0 0 99 0.897639
0 0 100 2.00719
0 0 101 2.53585
0 0 102 1.79984
0 0 103 0.160049
0 0 104 -0.482573
0 0 105 -0.140686
0 0 106 0.699787
0 0 107 1.2601
0 0 108 0.253435
0 0 109 -1.37528
0 0 110 -1.83113
0 0 111 -1.13627
0 0 112 -0.783307
0 0 113 -0.151765
0 0 114 0.201202
0 0 115 -0.0362201
0 0 116 -0.286304
0 0 117 -0.525309
0 0 118 -1.57313
0 0 119 -1.97675
0 0 120 -0.867196
0 0 121 0.0571658
0 0 122 -0.0472998
0 0 123 -0.482573
0 0 124 -0.0156435
0 0 125 1.19837
0 0 126 0.989442
0 0 127 0.82483
0 0 128 -0.37969
0 0 129 -1.38636
0 0 130 -0.887773
0 0 131 0.834326
0 0 132 1.98661
0 0 133 1.65422
0 0 134 0.460783
0 0 135 -0.940006
0 0 136 -1.54147
0 0 137 -0.689921
0 0 138 -0.4525
0 0 139 -0.77381
0 0 140 -0.867196
0 0 141 -0.949503
0 0 142 -0.202415
0 0 143 0.00493302
0 0 144 -0.710498
0 0 145 -0.514229
0 0 146 0.3579
0 0 147 0.854903
0 0 148 0.399053
0 0 149 -0.814964
0 0 150 -1.54147
0 0 151 -0.876693
0 0 152 -0.89727
0 0 153 -0.618695
0 0 154 0.326244
0 0 155 0.139472
0 0 156 -0.359114
0 0 157 -0.639271
0 0 158 -1.53039
0 0 159 -2.89003
0 0 160 -2.94385
0 0 161 -1.97675
0 0 162 -1.25024
0 0 163 0.688708
0 0 164 1.86157
0 0 165 1.51968
0 0 166 0.679211
0 0 167 0.731444
0 0 168 0.595322
0 0 169 -1.03339
0 0 170 -1.47974
0 0 171 0.128392
0 0 172 0.638058
0 0 173 1.06225
0 0 174 1.28068
0 0 175 0.107816
0 0 176 -1.03339
0 0 177 -0.701001
0 0 178 -0.555382
0 0 179 0.0777424
0 0 180 1.06225
0 0 181 0.399053
0 0 182 -0.316378
0 0 183 -0.689921
0 0 184 -0.151765
0 0 185 1.72703
0 0 186 3.18955
0 0 187 2.59758
0 0 188 0.471863
0 0 189 -0.431923
0 0 190 1.38515
0 0 191 2.78435
0 0 192 2.62924
0 0 193 2.06892
0 0 194 0.865983
0 0 195 -0.826043
0 0 196 -1.43701
0 0 197 -0.295801
0 0 198 -0.525309
0 0 199 -1.24074
0 0 200 -0.742154
0 0 201 0.0350064
0 0 202 -0.265728
0 0 203 -0.473076
0 0 204 -1.50032
0 0 205 -1.22016
0 0 206 0.0144299
0 0 207 0.253435
0 0 208 0.337324
0 0 209 -0.639271
0 0 210 -2.06064
0 0 211 -1.38636
0 0 212 -0.545886
0 0 213 -1.1062
0 0 214 -1.05397
0 0 215 0.968866
0 0 216 2.56751
0 0 217 3.21013
0 0 218 2.23512
0 0 219 0.221778
0 0 220 -0.575959
0 0 221 0.0666627
0 0 222 0.699787
0 0 223 0.772597
0 0 224 0.595322
0 0 225 0.337324
0 0 226 0.180625
0 0 227 0.41963
0 0 228 0.180625
0 0 229 -0.129606
0 0 230 -0.338537
0 0 231 -0.587039
0 0 232 -0.368611
0 0 233 1.56084
0 0 234 2.54693
0 0 235 1.54976
0 0 236 0.679211
0 0 237 0.626978
0 0 238 1.22845
0 0 239 2.05942
0 0 240 1.78876
0 0 241 0.326244
0 0 242 -1.01281
0 0 243 -1.37528
0 0 244 0.440206
0 0 245 2.48362
0 0 246 1.9233
0 0 247 0.638058
0 0 248 -1.48924
0 0 249 -2.46425
0 0 250 -2.46425
0 0 251 -2.35029
0 0 252 -1.16793
0 0 253 0.440206
0 0 254 0.34682
0 0 255 0.460783
0 0 256 1.89323
0 0 257 2.64981
0 0 258 1.44687
0 0 259 0.471863
0 0 260 0.740941
0 0 261 0.399053
0 0 262 -0.338537
0 0 263 0.959369
0 0 264 1.54976
0 0 265 0.699787
0 0 266 -1.15685
0 0 267 -2.70484
0 0 268 -1.66652
0 0 269 -0.742154
0 0 270 -0.639271
0 0 271 0.513016
0 0 272 0.638058
0 0 273 -0.545886
0 0 274 -0.389187
0 0 275 0.264514
0 0 276 -0.44142
0 0 277 -1.29297
0 0 278 -1.09512
0 0 279 -0.265728
0 0 280 -0.202415
0 0 281 -0.00614666
0 0 282 0.0571658
0 0 283 -0.493653
0 0 284 -1.58263
0 0 285 -0.607615
0 0 286 1.12556
0 0 287 1.54026
0 0 288 2.45354
0 0 289 2.79543
0 0 290 1.74761
0 0 291 -0.338537
0 0 292 -1.14735
0 0 293 -0.50315
0 0 294 0.139472
0 0 295 0.658634
0 0 296 -0.867196
0 0 297 -3.09738
0 0 298 -3.31581
0 0 299 -2.09071
0 0 300 -1.17743
0 0 301 0.118895
0 0 302 1.87265
0 0 303 2.08
0 0 304 0.253435
0 0 305 -1.22016
0 0 306 -1.78048
0 0 307 -0.940006
0 0 308 0.626978
0 0 309 1.23953
0 0 310 0.688708
0 0 311 0.00493302
0 0 312 -1.02231
0 0 313 -1.54147
0 0 314 -1.46866
0 0 315 -1.33413
0 0 316 -1.17743
0 0 317 -1.03339
0 0 318 -1.6032
0 0 319 -1.89444
0 0 320 -1.45759
0 0 321 -1.62378
0 0 322 -2.04956
0 0 323 -1.85329
0 0 324 -0.732657
0 0 325 -0.628192
0 0 326 -1.07454
0 0 327 -0.721578
0 0 328 0.201202
0 0 329 0.0350064
0 0 330 -1.26132
0 0 331 -2.19518
0 0 332 -2.92169
0 0 333 -3.47092
0 0 334 -1.3547
0 0 335 0.274011
0 0 336 -1.26132
0 0 337 -1.7694
0 0 338 -1.41643
0 0 339 -1.48924
0 0 340 -1.30247
0 0 341 -1.80106
0 0 342 -1.25024
0 0 343 0.128392
0 0 344 -0.753234
0 0 345 -0.928926
0 0 346 1.56084
0 0 347 3.1484
0 0 348 1.85207
0 0 349 -0.275225
0 0 350 -2.0084
0 0 351 -1.63486
0 0 352 -0.400267
0 0 353 -1.09512
0 0 354 -2.72383
0 0 355 -2.50541
0 0 356 -1.25024
0 0 357 0.533592
0 0 358 1.40572
0 0 359 1.40572
0 0 360 0.87548
0 0 361 -0.867196
0 0 362 -1.18851
0 0 363 0.285091
0 0 364 0.679211
0 0 365 0.180625
0 0 366 -0.545886
0 0 367 -0.286304
0 0 368 1.12556
0 0 369 0.87548
0 0 370 -0.37969
0 0 371 0.128392
0 0 372 0.107816
0 0 373 -0.639271
0 0 374 -0.732657
0 0 375 -1.03339
0 0 376 -0.742154
0 0 377 -0.109029
0 0 378 0.243938
0 0 379 0.285091
0 0 380 0.793173
0 0 381 1.22845
0 0 382 -0.234072
0 0 383 -1.01281
0 0 384 -0.254648
0 0 385 0.232858
0 0 386 0.440206
0 0 387 -0.151765
0 0 388 -1.41643
0 0 389 -1.7694
0 0 390 -2.1746
0 0 391 -1.84221
0 0 392 0.315164
0 0 393 1.14614
0 0 394 -0.0156435
0 0 395 0.0460861
0 0 396 -0.245151
0 0 397 -0.742154
0 0 398 -0.0362201
0 0 399 2.66089
0 0 400 3.95721
0 0 401 2.3285
0 0 402 1.62257
0 0 403 0.81375
0 0 404 0.232858
0 0 405 0.938792
0 0 406 0.959369
0 0 407 2.17339
0 0 408 2.88882
0 0 409 1.22845
0 0 410 -0.0267232
0 0 411 0.0460861
0 0 412 1.52918
0 0 413 2.02777
0 0 414 0.285091
0 0 415 -1.6032
0 0 416 -2.1841
0 0 417 -1.06346
0 0 418 0.565248
0 0 419 0.959369
0 0 420 -0.327457
0 0 421 -1.37528
0 0 422 -1.24074
0 0 423 -0.316378
0 0 424 -0.140686
0 0 425 -0.514229
0 0 426 -0.803884
0 0 427 -0.949503
0 0 428 -1.39586
0 0 429 -1.25024
0 0 430 -0.525309
0 0 431 -0.316378
0 0 432 -1.33413
0 0 433 -1.6032
0 0 434 -0.607615
0 0 435 0.253435
0 0 436 1.45637
0 0 437 2.08
0 0 438 0.544672
0 0 439 0.00493302
0 0 440 0.606402
0 0 441 -0.514229
0 0 442 -2.15402
0 0 443 -1.5209
0 0 444 -0.0583795
0 0 445 -0.409764
0 0 446 -1.34362
0 0 447 -0.327457
0 0 448 0.772597
0 0 449 0.191705
0 0 450 -0.587039
0 0 451 -1.08404
0 0 452 -0.129606
0 0 453 1.12556
0 0 454 1.39464
0 0 455 0.81375
0 0 456 -0.50315
0 0 457 -1.16793
0 0 458 0.481359
0 0 459 2.50419
0 0 460 2.26677
0 0 461 1.40572
0 0 462 0.0983189
0 0 463 -0.794387
0 0 464 -1.24074
0 0 465 -1.27081
0 0 466 -0.919429
0 0 467 -1.28189
0 0 468 -1.48924
0 0 469 -1.17743
0 0 470 -0.794387
0 0 471 -0.587039
0 0 472 -0.534806
0 0 473 -0.234072
0 0 474 -0.327457
0 0 475 -0.316378
0 0 476 -0.172342
0 0 477 0.75202
0 0 478 1.59249
0 0 479 0.699787
0 0 480 -0.701001
0 0 481 -0.928926
0 0 482 -0.607615
0 0 483 -0.908349
0 0 484 -0.742154
0 0 485 0.0777424
0 0 486 -0.701001
0 0 487 -0.867196
0 0 488 1.20787
0 0 489 2.51527
0 0 490 3.08667
0 0 491 2.78435
0 0 492 0.959369
0 0 493 0.451286
0 0 494 1.99611
0 0 495 3.25128
0 0 496 2.92997
0 0 497 3.22121
0 0 498 3.89548
0 0 499 4.07118
0 0 500 4.18514
0 0 501 4.23737
0 0 502 4.35133
0 0 503 4.54919
0 0 504 5.21238
0 0 505 5.08892
0 0 506 5.41973
0 0 507 6.65433
0 0 508 7.61984
0 0 509 7.87942
0 0 510 7.20514
0 0 511 6.62425
0 0 512 7.58818
0 0 513 8.3147
0 0 514 7.86834
0 0 515 7.66099
0 0 516 6.21905
0 0 517 6.26021
0 0 518 7.77496
0 0 519 7.47422
0 0 520 7.25738
0 0 521 9.06178
0 0 522 9.52871
0 0 523 9.8611
0 0 524 11.5009
0 0 525 11.8634
0 0 526 11.1574
0 0 527 10.8155
0 0 528 11.0751
0 0 529 11.1479
0 0 530 11.064
0 0 531 12.0596
0 0 532 13.109
0 0 533 12.5994
0 0 534 11.5515
0 0 535 12.3619
0 0 536 12.6833
0 0 537 13.481
0 0 538 15.8362
0 0 539 15.9296
0 0 540 14.4877
0 0 541 14.9024
0 0 542 15.4627
0 0 543 15.5054
0 0 544 14.5399
0 0 545 13.8134
0 0 546 13.9273
0 0 547 13.6994
0 0 548 13.0869
0 0 549 13.5744
0 0 550 15.1414
0 0 551 16.6672
0 0 552 16.0657
0 0 553 15.1113
0 0 554 14.9957
0 0 555 15.4009
0 0 556 17.0297
0 0 557 17.9952
0 0 558 17.237
0 0 559 16.7194
0 0 560 17.7767
0 0 561 19.1886
0 0 562 19.904
0 0 563 20.8996
0 0 564 20.8791
0 0 565 20.5894
0 0 566 19.9246
0 0 567 19.9658
0 0 568 20.4533
0 0 569 20.8173
0 0 570 21.7607
0 0 571 23.5255
0 0 572 25.3711
0 0 573 25.6101
0 0 574 25.5484
0 0 575 26.2638
0 0 576 26.9491
0 0 577 28.4433
0 0 578 29.7713
0 0 579 31.3889
0 0 580 32.2088
0 0 581 31.9904
0 0 582 31.7102
0 0 583 32.5919
0 0 584 33.8993
0 0 585 35.528
0 0 586 37.8626
0 0 587 38.2773
0 0 588 38.4134
0 0 589 39.9788
0 0 590 39.7715
0 0 591 40.4363
0 0 592 42.3452
0 0 593 44.0467
0 0 594 45.3335
0 0 595 45.4158
0 0 596 45.8622
0 0 597 46.4953
0 0 598 47.1078
0 0 599 48.5387
0 0 600 50.3035
0 0 601 51.3197
0 0 602 51.4447
0 0 603 52.3675
0 0 604 54.4426
0 0 605 56.7044
0 0 606 56.1647
0 0 607 55.4065
0 0 608 55.9573
0 0 609 56.6838
0 0 610 58.0213
0 0 611 58.5611
0 0 612 56.9735
0 0 613 55.8845
0 0 614 57.5449
0 0 615 59.4854
0 0 616 61.2376
0 0 617 63.376
0 0 618 66.2282
0 0 619 69.4033
0 0 620 71.7269
0 0 621 74.6013
0 0 622 75.3278
0 0 623 76.1572
0 0 624 77.1116
0 0 625 77.4535
0 0 626 78.5441
0 0 627 80.8154
0 0 628 82.5897
0 0 629 84.0633
0 0 630 86.4185
0 0 631 87.6531
0 0 632 87.756
0 0 633 87.4141
0 0 634 87.9127
0 0 635 90.1318
0 0 636 93.8783
0 0 637 97.0946
0 0 638 99.0858
0 0 639 99.9896
0 0 640 98.7961
0 0 641 98.0585
0 0 642 98.4432
0 0 643 98.0174
0 0 644 96.9807
0 0 645 96.3776
0 0 646 93.8783
0 0 647 90.7032
0 0 648 87.3619
0 0 649 84.6126
0 0 650 83.1611
0 0 651 81.4691
0 0 652 78.18
0 0 653 74.8609
0 0 654 71.7174
0 0 655 69.932
0 0 656 68.5423
0 0 657 66.54
0 0 658 65.1709
0 0 659 63.3649
0 0 660 60.8023
0 0 661 59.3699
0 0 662 57.7317
0 0 663 56.8801
0 0 664 55.7911
0 0 665 53.6227
0 0 666 52.7506
0 0 667 52.0351
0 0 668 49.9917
0 0 669 48.0306
0 0 670 46.3497
0 0 671 44.5548
0 0 672 43.6731
0 0 673 44.3996
0 0 674 43.5386
0 0 675 40.5502
0 0 676 38.6936
0 0 677 36.7325
0 0 678 33.7647
0 0 679 33.1316
0 0 680 32.3022
0 0 681 29.1271
0 0 682 26.1292
0 0 683 24.6556
0 0 684 24.48
0 0 685 23.9196
0 0 686 22.9747
0 0 687 22.3004
0 0 688 21.7718
0 0 689 20.1525
0 0 690 18.4099
0 0 691 18.0363
0 0 692 17.2576
0 0 693 16.5833
0 0 694 15.4326
0 0 695 14.3737
0 0 696 12.8495
0 0 697 11.5215
0 0 698 11.303
0 0 699 12.392
0 0 700 12.87
0 0 701 10.2964
0 0 702 6.48971
0 0 703 5.37858
0 0 704 5.45139
0 0 705 5.84551
0 0 706 6.45806
0 0 707 6.36467
0 0 708 6.19848
0 0 709 6.86326
0 0 710 6.8411
0 0 711 6.63375
0 0 712 5.67931
0 0 713 3.62482
0 0 714 2.58808
0 0 715 2.95055
0 0 716 2.58808
0 0 717 3.22121
0 0 718 3.84325
0 0 719 2.71312
0 0 720 1.6748
0 0 721 3.43805
0 0 722 4.22788
0 0 723 3.21013
0 0 724 2.33958
0 0 725 1.17621
0 0 726 0.171128
0 0 727 1.47853
0 0 728 2.56751
0 0 729 2.02777
0 0 730 1.03218
0 0 731 0.41963
0 0 732 0.294588
0 0 733 -0.181839
0 0 734 0.3579
0 0 735 0.460783
0 0 736 -0.389187
0 0 737 0.679211
0 0 738 2.44246
0 0 739 2.33958
0 0 740 1.13506
0 0 741 0.927712
0 0 742 1.95496
0 0 743 2.3285
0 0 744 1.22845
0 0 745 0.918216
0 0 746 1.22845
0 0 747 1.22845
0 0 748 0.907136
0 0 749 0.606402
0 0 750 0.378477
0 0 751 -0.202415
0 0 752 -0.669345
0 0 753 0.337324
0 0 754 1.17621
0 0 755 1.10499
0 0 756 0.574745
0 0 757 0.617481
0 0 758 0.337324
0 0 759 -0.44142
0 0 760 0.221778
0 0 761 0.845406
0 0 762 -1.29297
0 0 763 -3.08946
0 0 764 -2.07013
0 0 765 -1.59371
0 0 766 -1.50032
0 0 767 -0.0678763
0 0 768 0.201202
0 0 769 -0.0884529
0 0 770 0.128392
0 0 771 -0.0583795
0 0 772 -0.84662
0 0 773 -1.26132
0 0 774 -1.61428
0 0 775 -0.669345
0 0 776 0.378477
0 0 777 0.75202
0 0 778 0.305667
0 0 779 -1.27081
0 0 780 -1.04289
0 0 781 1.22845
0 0 782 2.4947
0 0 783 2.11007
0 0 784 1.09391
0 0 785 1.12556
0 0 786 0.989442
0 0 787 -0.84662
0 0 788 -2.28856
0 0 789 -1.17743
0 0 790 0.367397
0 0 791 2.02777
0 0 792 1.90272
0 0 793 0.337324
0 0 794 -0.77381
0 0 795 -0.669345
0 0 796 0.740941
0 0 797 2.20346
0 0 798 0.626978
0 0 799 -1.08404
0 0 800 -1.47974
0 0 801 -0.940006
0 0 802 0.399053
0 0 803 0.0255096
0 0 804 -0.0678763
0 0 805 1.59249
0 0 806 1.76819
0 0 807 -0.534806
0 0 808 -1.99732
0 0 809 -0.701001
0 0 810 0.554169
0 0 811 0.00493302
0 0 812 -0.928926
0 0 813 -1.02231
0 0 814 0.430709
0 0 815 1.58141
0 0 816 0.606402
0 0 817 -0.431923
0 0 818 -0.856117
0 0 819 -1.1062
0 0 820 -1.15685
0 0 821 -1.42751
0 0 822 -1.89444
0 0 823 -2.07013
0 0 824 -1.82163
0 0 825 -1.34362
0 0 826 -0.990656
0 0 827 -0.803884
0 0 828 -0.84662
0 0 829 0.574745
0 0 830 0.731444
0 0 831 -0.44142
0 0 832 -0.368611
0 0 833 0.710867
0 0 834 1.2601
0 0 835 0.731444
0 0 836 -0.783307
0 0 837 -0.826043
0 0 838 0.544672
0 0 839 0.968866
0 0 840 -0.306881
0 0 841 -0.555382
0 0 842 0.492439
0 0 843 1.90272
0 0 844 2.02777
0 0 845 0.968866
0 0 846 -0.265728
0 0 847 0.315164
0 0 848 0.440206
0 0 849 -0.120109
0 0 850 -0.078956
0 0 851 -0.566462
0 0 852 -1.85329
0 0 853 -1.74882
0 0 854 -1.12678
0 0 855 -1.30247
0 0 856 -0.566462
0 0 857 -0.161262
0 0 858 -0.420843
0 0 859 -0.803884
0 0 860 -0.981159
0 0 861 0.285091
0 0 862 0.565248
0 0 863 0.481359
0 0 864 2.15281
0 0 865 4.12341
0 0 866 2.05942
0 0 867 -0.37969
0 0 868 -0.990656
0 0 869 -0.876693
0 0 870 -0.431923
0 0 871 -0.078956
0 0 872 0.171128
0 0 873 0.82483
0 0 874 0.574745
0 0 875 0.243938
0 0 876 1.18729
0 0 877 2.02777
0 0 878 1.05275
0 0 879 0.793173
0 0 880 1.17621
0 0 881 1.96604
0 0 882 2.95055
0 0 883 1.93438
0 0 884 0.845406
0 0 885 1.44687
0 0 886 2.41239
0 0 887 1.60199
0 0 888 0.658634
0 0 889 1.32183
0 0 890 2.41239
0 0 891 2.87774
0 0 892 1.6653
0 0 893 0.979945
0 0 894 2.23512
0 0 895 2.80651
0 0 896 1.70646
0 0 897 0.720364
0 0 898 0.221778
0 0 899 0.00493302
0 0 900 0.118895
0 0 901 -0.234072
0 0 902 -0.431923
0 0 903 1.16672
0 0 904 2.23512
0 0 905 0.688708
0 0 906 -1.25024
0 0 907 -0.949503
0 0 908 0.481359
0 0 909 1.05275
0 0 910 -0.0156435
0 0 911 -0.990656
0 0 912 -0.794387
0 0 913 0.0255096
0 0 914 0.81375
0 0 915 0.638058
0 0 916 -0.161262
0 0 917 -0.00614666
0 0 918 0.710867
0 0 919 1.11448
0 0 920 0.326244
0 0 921 -1.06346
0 0 922 -0.368611
0 0 923 1.41522
0 0 924 1.86157
0 0 925 1.86157
0 0 926 0.606402
0 0 927 -1.16793
0 0 928 -1.59371
0 0 929 -0.928926
0 0 930 0.460783
0 0 931 1.65422
0 0 932 1.95496
0 0 933 1.80934
0 0 934 2.12115
0 0 935 1.48803
0 0 936 0.326244
0 0 937 0.0350064
0 0 938 0.75202
0 0 939 0.87548
0 0 940 0.118895
0 0 941 -0.368611
0 0 942 -0.295801
0 0 943 0.710867
0 0 944 0.75202
0 0 945 0.834326
0 0 946 0.180625
0 0 947 -0.867196
0 0 948 -1.24074
0 0 949 -0.876693
0 0 950 0.201202
0 0 951 1.0116
0 0 952 0.0460861
0 0 953 -0.970079
0 0 954 -0.83554
0 0 955 0.501936
0 0 956 1.57192
0 0 957 0.492439
0 0 958 -0.192918
0 0 959 0.679211
0 0 960 0.658634
0 0 961 -0.0472998
0 0 962 -0.44142
0 0 963 -0.0472998
0 0 964 1.00052
0 0 965 0.75202
0 0 966 -0.431923
0 0 967 0.0350064
0 0 968 1.48803
0 0 969 1.74761
0 0 970 1.20787
0 0 971 1.56084
0 0 972 1.84099
0 0 973 1.06225
0 0 974 0.565248
0 0 975 0.0571658
0 0 976 -0.265728
0 0 977 1.0211
0 0 978 1.88215
0 0 979 1.60199
0 0 980 0.658634
0 0 981 -0.721578
0 0 982 -1.37528
0 0 983 -1.6032
0 0 984 -1.93559
0 0 985 -1.17743
0 0 986 -1.6032
0 0 987 -2.62095
0 0 988 -2.48483
0 0 989 -2.6716
0 0 990 -1.59371
0 0 991 -0.37969
0 0 992 -1.74882
0 0 993 -3.21292
0 0 994 -3.74
0 0 995 -3.69885
0 0 996 -2.47533
0 0 997 -0.919429
0 0 998 -0.37969
0 0 999 -0.265728
0 0 1000 -1.31355
0 0 1001 -1.94667
0 0 1002 -1.68709
0 0 1003 -1.61428
0 0 1004 -0.234072
0 0 1005 1.97553
0 0 1006 2.3285
0 0 1007 1.35349
0 0 1008 0.34682
0 0 1009 0.471863
0 0 1010 -0.129606
0 0 1011 -0.409764
0 0 1012 0.285091
0 0 1013 0.451286
0 0 1014 -0.0156435
0 0 1015 -1.26132
0 0 1016 -2.56872
0 0 1017 -1.66652
0 0 1018 -0.919429
0 0 1019 -1.31355
0 0 1020 -0.00614666
0 0 1021 -0.00614666
0 0 1022 -0.00614666
0 0 1023 -0.00614666
