0 0 0 -9.99215e-06 -2.10614e-06 -2.01831e-06 -2.218e-06
0 0 1 -9.99215e-06 -2.10614e-06 -2.01831e-06 -2.218e-06
0 0 2 -9.99215e-06 -2.10614e-06 -2.01831e-06 -2.218e-06
0 0 3 -9.99215e-06 -2.10614e-06 -2.01831e-06 -2.218e-06
0 0 4 -9.99215e-06 -2.10614e-06 -2.01831e-06 -2.218e-06
0 0 5 -9.99215e-06 -2.10614e-06 -2.01831e-06 -2.218e-06
0 0 6 -9.99215e-06 -2.10614e-06 -2.01831e-06 -2.218e-06
0 0 7 -9.99215e-06 -2.10614e-06 -2.01831e-06 -2.218e-06
0 0 8 -9.99215e-06 -2.10614e-06 -2.01831e-06 -2.218e-06
0 0 9 -9.99215e-06 -2.10614e-06 -2.01831e-06 -2.218e-06
0 0 10 -9.99215e-06 -2.10614e-06 -2.01831e-06 -2.218e-06
0 0 11 -9.99215e-06 -2.10614e-06 -2.01831e-06 -2.218e-06
0 0 12 -9.99215e-06 -2.10614e-06 -2.01831e-06 -2.218e-06
0 0 13 -9.99215e-06 -2.10614e-06 -2.01831e-06 -2.218e-06
0 0 14 -9.99215e-06 -2.10614e-06 -2.01831e-06 -2.218e-06
0 0 15 -9.99215e-06 -2.10614e-06 -2.01831e-06 -2.218e-06
0 0 16 -9.99215e-06 -2.10614e-06 -2.01831e-06 -2.218e-06
0 0 17 -9.99215e-06 -2.10614e-06 -2.01831e-06 -2.218e-06
0 0 18 -9.99215e-06 -2.10614e-06 -2.01831e-06 -2.218e-06
0 0 19 -9.99215e-06 -2.10614e-06 -2.01831e-06 -2.218e-06
0 0 20 -9.99215e-06 -2.10614e-06 -2.01831e-06 -2.218e-06
0 0 21 -9.99215e-06 -2.10614e-06 -2.01831e-06 -2.218e-06
0 0 22 -9.99215e-06 -2.10614e-06 -2.01831e-06 -2.218e-06
0 0 23 -9.99215e-06 -2.10614e-06 -2.01831e-06 -2.218e-06
0 0 24 -9.99215e-06 -2.10614e-06 -2.01831e-06 -2.218e-06
0 0 25 -9.99215e-06 -2.10614e-06 -2.01831e-06 -2.218e-06
0 0 26 -9.99215e-06 -2.10614e-06 -2.01831e-06 -2.218e-06
0 0 27 -9.99215e-06 -2.10614e-06 -2.01831e-06 -2.218e-06
0 0 28 -9.99215e-06 -2.10614e-06 -2.01831e-06 -2.218e-06
0 0 29 -9.99215e-06 -2.10614e-06 -2.01831e-06 -2.218e-06
0 0 30 -9.99215e-06 -2.10614e-06 -2.01831e-06 -2.218e-06
0 0 31 -9.99215e-06 -2.10614e-06 -2.01831e-06 -2.218e-06
0 0 32 -9.99215e-06 -2.10614e-06 -2.01831e-06 -2.218e-06
0 0 33 -9.99215e-06 -2.10614e-06 -2.01831e-06 -2.218e-06
0 0 34 -9.99215e-06 -2.10614e-06 -2.01831e-06 -2.218e-06
0 0 35 -9.99215e-06 -2.10614e-06 -2.01831e-06 -2.218e-06
0 0 36 -9.99215e-06 -2.10614e-06 -2.01831e-06 -2.218e-06
0 0 37 -9.99215e-06 -2.10614e-06 -2.01831e-06 -2.218e-06
0 0 38 -9.99215e-06 -2.10614e-06 -2.01831e-06 -2.218e-06
0 0 39 -9.99215e-06 -2.10614e-06 -2.01831e-06 -2.218e-06
0 0 40 -9.99215e-06 -2.10614e-06 -2.01831e-06 -2.218e-06
0 0 41 -9.99215e-06 -2.10614e-06 -2.01831e-06 -2.218e-06
0 0 42 -9.99215e-06 -2.10614e-06 -2.01831e-06 -2.218e-06
0 0 43 -9.99215e-06 -2.10614e-06 -2.01831e-06 -2.218e-06
0 0 44 -9.99215e-06 -2.10614e-06 -2.01831e-06 -2.218e-06
0 0 45 -9.99215e-06 -2.10614e-06 -2.01831e-06 -2.218e-06
0 0 46 -9.99215e-06 -2.10614e-06 -2.01831e-06 -2.218e-06
0 0 47 -9.99215e-06 -2.10614e-06 -2.01831e-06 -2.218e-06
0 0 48 -9.99215e-06 -2.10614e-06 -2.01831e-06 -2.218e-06
0 0 49 -9.99215e-06 -2.10614e-06 -2.01831e-06 -2.218e-06
0 0 50 -9.99215e-06 -2.10614e-06 -2.01831e-06 -2.218e-06
0 0 51 -9.99215e-06 -2.10614e-06 -2.01831e-06 -2.218e-06
0 0 52 -9.99215e-06 -2.10614e-06 -2.01831e-06 -2.218e-06
0 0 53 -9.99215e-06 -2.10614e-06 -2.01831e-06 -2.218e-06
0 0 54 -9.99215e-06 -2.10614e-06 -2.01831e-06 -2.218e-06
0 0 55 -9.99215e-06 -2.10614e-06 -2.01831e-06 -2.218e-06
0 0 56 -9.99215e-06 -2.10614e-06 -2.01831e-06 -2.218e-06
0 0 57 -9.99215e-06 -2.10614e-06 -2.01831e-06 -2.218e-06
0 0 58 -9.99215e-06 -2.10614e-06 -2.01831e-06 -2.218e-06
0 0 59 -9.99215e-06 -2.10614e-06 -2.01831e-06 -2.218e-06
0 0 60 -9.99215e-06 -2.10614e-06 -2.01831e-06 -2.218e-06
0 0 61 -0.00140889 -0.00322001 -0.00311811 0.000607327
0 0 62 0.00517053 -0.00635527 -0.00582378 0.000849283
0 0 63 0.00103534 -0.00189207 -0.00048828 -0.00170987
0 0 64 -0.00217751 -0.000332713 -0.00269876 0.00158213
0 0 65 0.00377163 -0.00145127 0.00383677 -0.00221938
0 0 66 0.00191157 0.00866255 -0.00450998 -0.00296851
0 0 67 0.00329509 0.00183552 0.00187834 -0.000548947
0 0 68 -0.000886222 -0.0071928 0.00495875 -0.000130176
0 0 69 -0.00128591 0.00669544 0.00525318 0.00325954
0 0 70 -0.000501911 0.00656595 -0.00365567 -0.00245203
0 0 71 -0.000455793 0.00107788 -0.00262516 0.00425064
0 0 72 0.00192694 -0.00492539 0.00138316 -0.000579192
0 0 73 0.00185008 0.00183276 -0.00287944 0.00529058
0 0 74 -0.000363559 -0.00380133 -0.00515684 -0.000728088
0 0 75 -0.00386848 -0.000131594 -0.00347054 0.000290922
0 0 76 -0.000163717 -0.00393082 0.00146123 0.00146348
0 0 77 0.00120443 -0.0021538 0.00281518 0.00187527
0 0 78 -0.00262331 -0.000153634 0.00493198 -0.00385259
0 0 79 -0.00219288 -0.0050659 0.00325014 0.00117499
0 0 80 -0.00105532 -0.00101046 0.00340851 0.00381325
0 0 81 0.00255721 -0.00552048 0.00214824 -0.00240783
0 0 82 0.00329509 0.00213582 -0.00186677 -0.00103519
0 0 83 0.00284929 0.00438119 0.0029624 -0.00187506
0 0 84 -0.00220825 -0.00346797 0.00774025 -0.0035199
0 0 85 0.00744565 0.00246367 -0.00169724 0.00208931
0 0 86 0.00215752 -0.00133831 0.000861208 -0.000430295
0 0 87 -0.000640263 0.00265928 -8.4549e-05 -0.00132135
0 0 88 0.00266482 -4.89421e-05 0.00433642 0.00237315
0 0 89 -0.00114755 -0.00423938 0.00367394 -0.000481478
0 0 90 -0.00222363 0.000507579 8.72041e-05 -0.00147722
0 0 91 0.001558 -0.00125566 0.00349104 -0.0020635
0 0 92 -0.000317441 -0.0090993 -0.00209205 -0.000362827
0 0 93 0.00364865 -0.007438 0.00546062 -0.00369904
0 0 94 0.00231125 -0.000627504 -0.000501664 -0.000509396
0 0 95 0.00275705 0.000926348 0.00246498 -0.00505772
0 0 96 0.00464786 -0.00217034 0.00366279 0.00332469
0 0 97 -0.00382236 -0.00511825 0.00298916 0.000330472
0 0 98 0.00152725 -0.0011427 -0.00228611 0.00180082
0 0 99 0.00347956 -0.0027241 -0.00202737 0.00382721
0 0 100 -0.00087085 -0.00174055 0.000854517 -0.00154934
0 0 101 -0.00239272 -0.0020436 0.00501674 0.00224519
0 0 102 0.00192694 -0.00182595 -0.00415309 -0.000904903
0 0 103 -0.00334582 0.00882785 -0.00121321 0.00349917
0 0 104 0.00125055 0.00200633 -0.00238426 -0.00371067
0 0 105 0.00018985 -0.00306022 -0.00177531 0.000700387
0 0 106 0.00241886 0.00370895 0.00389477 -0.00119572
0 0 107 0.00149651 -0.00204085 0.00263896 0.00159609
0 0 108 -0.00270017 0.00200082 0.000417327 0.00152862
0 0 109 -0.00230049 -0.00151188 0.00161514 0.00390631
0 0 110 -0.00120904 -0.00360021 -0.000329911 -0.00182155
0 0 111 0.00248035 0.000270644 -0.00221027 0.000200188
0 0 112 0.000574161 -0.00257257 0.00127832 0.0021847
0 0 113 -0.00262331 0.000648087 -0.00374044 0.000821365
0 0 114 0.00198843 -0.00142372 -0.000929931 -0.000681558
0 0 115 0.00181933 -0.00422285 0.00128278 2.33736e-05
0 0 116 -0.00259257 0.00193745 -0.00263854 0.00440651
0 0 117 5.14977e-05 0.001965 -0.00349061 -0.00221938
0 0 118 0.000174477 -0.00104627 -0.0048401 -0.00320814
0 0 119 -0.000117599 -0.00140718 -0.00136043 -0.000562906
0 0 120 0.00151188 0.00295958 -0.00341254 0.00335726
0 0 121 -7.1482e-05 -0.000186695 0.00186496 -0.001554
0 0 122 0.000866238 0.000989714 -0.00637473 -0.000218583
0 0 123 -0.000179089 -3.51668e-05 0.00236907 -0.00491813
0 0 124 0.000497299 0.00258765 0.000497627 -0.00249391
0 0 125 -0.00591302 0.00154899 -0.0006868 0.00267559
0 0 126 0.00613899 0.00144154 -0.00485349 0.00228241
0 0 127 0.00188082 -0.0032145 -0.00662232 0.000795774
0 0 128 0.000328202 0.000298195 -0.000267455 -0.000756006
0 0 129 0.00223439 -0.00156973 0.00135416 0.000437492
0 0 130 0.000927728 -0.00460856 0.00323006 0.00452051
0 0 131 0.00120443 0.00264826 0.0039773 -0.00162845
0 0 132 -0.00102457 -0.00164412 0.00110211 0.000267657
0 0 133 -0.00360715 -0.00287563 0.00347765 -1.1524e-05
0 0 134 0.00131204 0.00558515 -0.00486687 -0.00389446
0 0 135 0.00126592 0.00380538 -0.00103923 -0.00347104
0 0 136 -0.00160873 -0.00340185 -0.000680108 0.00205674
0 0 137 0.00354105 -0.00191687 0.00203448 0.00244992
0 0 138 -0.000409676 -0.00194718 0.00287986 -0.000935147
0 0 139 -0.00428354 -0.0049557 0.00391038 0.000500307
0 0 140 0.00101996 0.000185238 0.00635285 0.00381325
0 0 141 -0.000778615 0.00262071 -0.00511223 -0.000842087
0 0 142 0.00363328 -0.000550362 -0.00179316 -0.00427136
0 0 143 -0.000378931 -0.0025891 0.00254082 -0.00146094
0 0 144 0.00151188 -0.00164136 0.00389923 -0.00773785
0 0 145 0.00031283 0.00390181 -0.00121544 -0.00363389
0 0 146 -0.00119367 0.00626014 -0.00257831 0.00287334
0 0 147 -0.00139351 -0.00293624 -0.00196268 -0.00160518
0 0 148 0.00297227 0.000240339 -0.00290175 -0.00232175
0 0 149 -0.000916967 -0.000861684 0.000412866 0.00235453
0 0 150 -0.00408369 -0.00176259 0.000158582 0.00291522
0 0 151 0.0026187 0.00363457 0.00209917 0.000728305
0 0 152 -0.00246959 0.00167848 -0.00647287 -0.00498792
0 0 153 0.00489382 -0.00164687 -0.000860784 0.0052301
0 0 154 0.00126592 -0.00175708 -0.00502301 -0.00227521
0 0 155 -0.00123979 -0.00108209 0.00482268 -0.00145861
0 0 156 0.00271093 -0.00120607 0.0034665 0.00075157
0 0 157 0.00268019 0.0022102 0.00286202 0.00103308
0 0 158 -0.00349954 0.0019099 -0.00333224 -0.00229615
0 0 159 -0.00360715 -0.00269931 0.00118018 0.00363179
0 0 160 -0.00159336 -0.00181769 -0.000521739 0.000718999
0 0 161 -0.001455 -0.00182871 -9.57018e-05 0.00205907
0 0 162 0.0064157 -0.00231911 -0.00791158 0.000321166
0 0 163 -0.00163947 -0.000288632 -0.00426462 0.00432276
0 0 164 -0.000963085 0.00455751 0.00191403 -0.00293129
0 0 165 0.0012198 0.00165093 0.00235122 -0.000274419
0 0 166 -0.00456024 0.000204523 0.00634615 0.00251972
0 0 167 -0.00153187 -0.00355337 -0.000347755 -0.000797883
0 0 168 0.00146576 0.00185756 0.00116679 0.00236384
0 0 169 0.00214215 0.00321304 0.000138507 -0.00116547
0 0 170 -0.000855477 -0.000112308 0.00575059 -0.00171453
0 0 171 -0.00159336 0.000138402 0.00328806 -0.00102355
0 0 172 0.0018347 -0.00107933 0.00244267 0.00105402
0 0 173 0.00223439 0.00030095 -0.00180654 0.00272445
0 0 174 0.00203454 0.0022598 -0.000789406 -0.000723435
0 0 175 0.00189619 -0.00237421 -0.00341254 0.00190552
0 0 176 -0.00646643 -0.000905765 -0.00265638 -0.00177502
0 0 177 0.0022805 -0.00393082 -0.00120206 0.00221727
0 0 178 -2.53646e-05 -0.00304644 -0.00290175 -0.000483805
0 0 179 -0.00154724 0.00339212 -0.00258055 -0.00264048
0 0 180 -0.000717125 -0.00352582 0.00159506 0.00215445
0 0 181 -0.00250033 -0.000486996 -0.000280838 -0.000495437
0 0 182 -0.00180857 0.000912573 0.00260328 -0.00123061
0 0 183 0.00123518 0.00194847 -0.0037672 -0.0031081
0 0 184 0.00185008 -0.001443 -0.00121544 -0.00194252
0 0 185 -0.000578773 0.000130137 0.00133186 0.00221727
0 0 186 -0.00248496 0.00222673 0.000475321 0.000942344
0 0 187 0.00220364 0.00228735 -0.00402595 0.0035713
0 0 188 0.000343574 0.00152695 -0.000967851 -0.000111564
0 0 189 0.00189619 0.00134512 0.00217724 -0.00277076
0 0 190 -0.00306911 -0.000900254 0.00251851 0.00161703
0 0 191 0.00115831 -0.00289767 -0.00197606 -0.0013702
0 0 192 -0.00225437 0.00303121 0.0013207 0.000137372
0 0 193 0.000328202 0.00112471 0.00658929 -0.00195416
0 0 194 -0.00266943 0.00375855 0.00190957 0.000514266
0 0 195 -0.00606674 0.000962164 0.00132516 -0.000814169
0 0 196 -0.00122442 0.000411152 0.00557215 -0.00334541
0 0 197 0.00229588 -0.00293624 0.00167536 -0.00031397
0 0 198 0.00347956 0.00245265 0.00403306 0.000723652
0 0 199 0.000220595 0.00290172 0.00275941 -0.00056058
0 0 200 0.000789376 -0.000332713 0.000649305 -0.00133763
0 0 201 0.00449414 0.00183827 4.92846e-05 -0.00127947
0 0 202 -0.000455793 -0.00385092 -0.00570779 0.00185433
0 0 203 0.000666396 -0.00279298 -0.00257385 0.00210094
0 0 204 3.61252e-05 0.00136991 0.00174451 0.00289894
0 0 205 0.00626197 0.002505 -4.21684e-05 -0.00197044
0 0 206 -0.000517283 -0.00360572 -0.00299989 -0.000272093
0 0 207 -0.00431428 -0.00125566 -0.00393896 0.000377003
0 0 208 0.00126592 -0.00352582 -0.00273891 -0.00300806
0 0 209 0.00286466 -0.0065123 -0.0025627 -0.00117245
0 0 210 0.00271093 -0.00315114 -0.00146527 -0.00156098
0 0 211 -0.00409907 -0.00339358 -0.00418432 0.00351779
0 0 212 0.00332583 -0.00129698 -0.00504085 0.000395615
0 0 213 0.00234199 -0.00148984 0.000896897 0.00116336
0 0 214 0.00493994 0.00553556 -0.00149649 0.000430512
0 0 215 0.00109682 -0.00416224 0.0016709 -0.00135392
0 0 216 0.000574161 -0.000139859 -0.00250025 -0.000451234
0 0 217 0.00123518 -0.000291387 -0.00020723 0.00116336
0 0 218 0.00012836 -0.0043055 0.00116233 0.00259649
0 0 219 0.00243423 -0.00106556 0.00327244 0.00244294
0 0 220 -0.00314597 -0.00225023 0.00157722 -0.000206951
0 0 221 0.00315673 0.00237551 0.00181812 -0.00150979
0 0 222 0.000774003 0.000163197 -0.00148311 0.00347824
0 0 223 0.00129667 0.00352161 -0.000392366 -0.00250321
0 0 224 0.00486308 -0.00509345 -0.000111316 -0.000199971
0 0 225 -0.00168559 0.00238928 -0.000979003 -0.000883964
0 0 226 -0.00618972 0.000832676 -0.00156787 -0.00118408
0 0 227 -0.0029615 -0.00170473 -0.00224373 0.00133552
0 0 228 -0.00376087 -0.00418979 0.00293786 0.00425296
0 0 229 0.00295689 -0.0015229 -0.00020946 0.00265698
0 0 230 0.0013889 -0.00224472 0.00157499 0.00497185
0 0 231 0.00346418 0.00111369 0.00267019 -8.82987e-05
0 0 232 0.00025134 -0.000756992 -0.000892012 0.00176825
0 0 233 -0.00187006 0.00194021 0.00266573 0.00352477
0 0 234 -0.000732498 -0.00263869 0.00115118 -0.00303133
0 0 235 0.00131204 -0.000150879 -0.00403487 -0.00161216
0 0 236 0.00103534 0.00451343 0.00011174 -0.00141673
0 0 237 -0.00208527 0.00522699 -0.00167271 -0.000488458
0 0 238 -0.000194462 0.00135063 0.00062923 0.0034573
0 0 239 0.000835493 -0.00094709 -0.00250248 0.00329677
0 0 240 0.00115831 -0.00142372 -0.0031828 -0.00248693
0 0 241 -0.00160873 0.000369826 0.00292001 -0.00128878
0 0 242 0.00154263 0.00478618 -0.00557842 0.00274539
0 0 243 0.00134278 -0.00135208 0.0050502 -0.00142837
0 0 244 -0.00383773 -0.00399418 -0.000204999 0.000607327
0 0 245 0.00103534 0.00143328 0.000885744 0.00405056
0 0 246 0.000159105 -0.0021235 0.00335274 0.00310134
0 0 247 -0.00254645 0.00178042 0.0105619 0.000390962
0 0 248 -0.00234661 0.00144981 0.00282856 -0.000597804
0 0 249 0.00254184 0.00357671 0.00112664 -0.000390745
0 0 250 0.00160412 -0.000566893 0.00394161 -0.000695517
0 0 251 -0.00342268 3.92197e-05 -0.0020006 -0.000558253
0 0 252 -0.0026848 0.00248846 -0.00353746 -0.00489486
0 0 253 0.00246497 -0.0029142 -0.00267423 0.000721326
0 0 254 0.000989218 0.000218298 -0.00234188 0.00115406
0 0 255 -0.000363559 0.00137267 -0.0073584 0.00535805
0 0 256 -0.000732498 9.98309e-05 -0.00370252 0.00275702
0 0 257 -0.0017932 -0.00475733 -0.00190915 0.000507287
0 0 258 0.00301838 -0.00164412 -0.0035263 -0.00236595
0 0 259 -0.000824732 -0.00141269 0.00478922 0.00544879
0 0 260 -0.00394534 0.000554415 0.000200963 0.00129132
0 0 261 0.00237274 -0.00233013 0.00496098 -0.00373626
0 0 262 0.0011122 0.00127073 0.0012181 -0.00181922
0 0 263 0.00192694 -0.00943542 -0.00283037 0.00344101
0 0 264 -0.00262331 0.00394864 -0.00235749 -0.000644334
0 0 265 0.00260333 -0.00251472 -0.00701044 0.00331538
0 0 266 0.000358947 -0.000748726 -0.00803203 0.00298269
0 0 267 0.0035103 -0.00512927 -0.000383444 0.00319208
0 0 268 0.00434041 -0.00232186 -0.000218383 0.00219633
0 0 269 0.00103534 -0.0043854 0.00734544 0.00429251
0 0 270 -0.00743489 -3.24118e-05 -0.00184223 -0.00133298
0 0 271 -0.00308448 0.00269785 0.00324568 0.00216143
0 0 272 0.000835493 -0.00307675 0.00283525 0.00487647
0 0 273 0.000820121 -0.00274339 -0.00497394 -0.00069319
0 0 274 0.00226513 -0.00136035 -0.00166602 0.00401566
0 0 275 -0.00363789 0.000185238 0.0017222 0.00206605
0 0 276 0.00424818 -0.00562518 0.00496544 -0.00201697
0 0 277 -0.0032997 0.00100073 -0.000231766 0.00184968
0 0 278 0.00165023 0.0012294 -0.00227273 0.0014914
0 0 279 0.00566245 -0.00196095 -0.000903164 0.00439023
0 0 280 -0.00123979 -0.000707401 -0.00371144 0.00280588
0 0 281 -0.00159336 -0.00211799 -0.00616729 -0.000158094
0 0 282 0.00141965 -0.00988449 0.00124263 -0.000963065
0 0 283 -0.00062489 -0.000969131 -0.000820634 0.000956303
0 0 284 -0.000317441 0.00378334 0.00315199 7.22302e-05
0 0 285 0.00441728 0.00260693 -0.00372259 0.00100283
0 0 286 0.00403296 0.00613065 -0.00016708 -9.99313e-05
0 0 287 -0.000671008 0.00528209 0.00306277 -0.00177734
0 0 288 -0.0029615 -0.000880969 0.00180473 -0.000348867
0 0 289 -0.00371475 -0.00121709 -0.00311365 0.000809733
0 0 290 0.00220364 0.00345273 0.00340628 0.00362713
0 0 291 -0.00148575 0.00122114 -0.00185338 -0.000539641
0 0 292 0.000789376 -0.00208493 -0.00184446 -0.00215191
0 0 293 0.00126592 -0.000448425 0.00137647 0.000309534
0 0 294 -0.000671008 -0.0012777 -0.00616952 0.00298036
0 0 295 0.00357179 -0.00257533 0.0007073 0.00246388
0 0 296 -7.1482e-05 0.000824411 -0.00465273 -0.00316161
0 0 297 -0.0025157 0.00238653 0.000689455 0.000491001
0 0 298 -0.00131665 -0.00251472 0.00138539 -0.000295358
0 0 299 -0.00130128 -0.000955356 -0.000829556 0.000921405
0 0 300 0.00118906 -0.00492539 -0.005913 -0.00103053
0 0 301 0.00515515 0.00440323 -0.00280137 0.00174731
0 0 302 0.000697141 0.00405334 -0.00211659 -0.00335006
0 0 303 -0.00362252 8.33006e-05 0.00553423 -0.000930494
0 0 304 -0.00260794 -0.00301063 0.00155491 -0.00182155
0 0 305 0.00189619 0.00170327 -0.00354861 -0.00119804
0 0 306 -0.00114755 -0.000831378 0.00332598 0.00590478
0 0 307 0.00358716 0.00238102 0.0011088 0.00137042
0 0 308 0.00237274 0.00138369 0.00383008 -0.00357806
0 0 309 -0.000378931 0.00134236 -7.56268e-05 -0.00189367
0 0 310 0.000774003 -0.00272961 0.000615847 0.00045843
0 0 311 0.00241886 -0.000641279 0.00256536 -0.000439601
0 0 312 -0.00263868 -0.0012226 0.00528218 0.00036537
0 0 313 0.00214215 0.00467873 0.00186273 0.00133785
0 0 314 -0.000947712 0.00270887 -0.00109945 -0.00332447
0 0 315 0.00231125 -0.00147055 0.000185349 0.00310134
0 0 316 0.00414057 0.00273642 -0.00195153 -0.00117012
0 0 317 -0.000348186 -0.00334399 0.00180473 0.00472757
0 0 318 0.00158874 -0.00551222 -0.00277237 0.00420178
0 0 319 0.00369477 -0.000960866 -0.00516353 -0.00122131
0 0 320 -0.00113218 0.00511679 0.0038167 0.00116569
0 0 321 -0.00237735 0.00235898 -0.00279914 0.00253833
0 0 322 -0.000671008 -0.000564138 0.000435171 0.000832998
0 0 323 0.0024496 -0.00182595 -0.00388988 -0.00485298
0 0 324 -0.000916967 -0.00226952 0.00213709 0.00343869
0 0 325 0.000374319 -0.00223921 0.00366502 0.000995853
0 0 326 0.0044019 0.000893287 -0.00117975 0.001061
0 0 327 -0.000317441 0.00294305 -0.000341063 -0.00183318
0 0 328 0.00526276 -0.00256982 -0.00125559 0.000491001
0 0 329 0.00529351 0.00133961 -0.00441183 0.00194972
0 0 330 -0.00412981 0.00125695 -0.00704166 -1.1524e-05
0 0 331 0.00257258 -0.00287287 -0.00465273 3.03531e-05
0 0 332 -0.00136277 0.00321304 0.00152368 0.000451451
0 0 333 -0.00140889 0.00241959 0.00305608 -0.00260558
0 0 334 -0.000455793 0.00306703 0.00101512 -0.000702497
0 0 335 0.00240348 0.00230663 0.00407321 -0.00100494
0 0 336 0.0036794 -0.000580668 -0.00109722 0.00406219
0 0 337 0.00283391 -0.00254778 0.00349327 -0.00280101
0 0 338 0.00360254 0.00273366 -0.00390773 0.00136809
0 0 339 0.00186545 0.00165368 0.00135639 -0.000674578
0 0 340 0.00195768 -0.000117819 -0.00517469 0.000197862
0 0 341 0.00240348 -0.00461683 -0.00167717 0.00620025
0 0 342 0.00304913 -0.000688115 -0.0028839 0.00771248
0 0 343 -0.00485232 0.00080788 -0.00297312 0.00124712
0 0 344 0.0032336 -0.00301614 -0.00754354 0.00735187
0 0 345 0.000389692 -0.00319797 -0.00439845 0.00196601
0 0 346 -0.000793988 -0.00447907 -0.0031248 0.000221127
0 0 347 0.000174477 -0.00628363 0.00155045 0.0023871
0 0 348 -0.000378931 0.00592126 0.00270365 -0.00110498
0 0 349 -0.0024081 0.00116879 0.00389923 -0.00305459
0 0 350 -0.00354566 -6.27174e-05 -0.00407725 -0.000383765
0 0 351 -0.000363559 -0.00158626 0.0020434 0.00136344
0 0 352 -0.00182394 -0.00043465 0.00220624 0.00355966
0 0 353 0.00240348 -0.00244584 -0.00186007 -0.000623395
0 0 354 0.000328202 0.00322682 -0.000858553 -0.00181922
0 0 355 3.61252e-05 0.0046071 7.15902e-05 0.0015356
0 0 356 -0.000240579 0.000389112 -0.00254932 0.00156817
0 0 357 -0.00233123 0.00497353 -0.00621413 -0.00130971
0 0 358 0.0033412 -0.000139859 -0.00152995 -0.00159355
0 0 359 -0.00290001 -0.000145369 -0.0039055 0.000176923
0 0 360 0.00188082 -0.00214278 0.00152815 -0.00225428
0 0 361 0.00437116 0.0014746 -0.000260763 0.0014216
0 0 362 0.0013889 -0.00571058 -0.00312703 0.002878
0 0 363 -0.0017932 0.00263448 -9.79324e-05 -0.00204954
0 0 364 -0.0011783 0.00135338 0.00117795 0.00110287
0 0 365 0.00146576 -0.0015229 -0.00721788 0.00375044
0 0 366 -0.000578773 0.00305876 0.00465316 -0.00439234
0 0 367 -0.00277703 -0.0020133 0.00288879 -0.0013609
0 0 368 -0.00222363 0.00366212 -0.00128905 0.00259882
0 0 369 8.22426e-05 0.000559925 -0.00246679 0.00268722
0 0 370 0.00123518 6.15903e-06 -0.000599808 -0.00226824
0 0 371 0.0017271 0.00214133 0.00762426 0.00266163
0 0 372 0.00375626 -0.000633014 0.00381447 0.00128899
0 0 373 0.00031283 0.00514985 -0.000956698 0.00133552
0 0 374 0.0033412 -0.00229156 0.00661828 0.00530687
0 0 375 -0.000578773 -0.000299652 -0.00399695 0.00123548
0 0 376 -0.00080936 0.000832676 -0.00298205 -0.00709108
0 0 377 0.000497299 -0.0018535 -0.00178424 -0.00157494
0 0 378 -0.0010092 -0.00197197 -0.00314488 0.00325024
0 0 379 -0.00180857 -0.00235217 -0.00161471 0.00292918
0 0 380 -0.00080936 0.000604006 -0.000947776 0.000360717
0 0 381 0.000543416 0.00300917 -0.00120652 -0.00319418
0 0 382 -0.00211602 0.00464016 -0.00554273 0.0019916
0 0 383 -0.00348417 -0.00173504 0.0023713 -0.00111196
0 0 384 -0.00120904 -0.00232737 0.0027148 0.000595694
0 0 385 -0.00294613 -0.000602708 0.000580158 0.00853606
0 0 386 -0.00283852 -0.00161657 -0.00383189 0.00594666
0 0 387 -0.00226974 -0.00093607 0.000841133 0.00302224
0 0 388 0.00258795 0.000419417 -0.000182694 -0.000842087
0 0 389 0.00088161 0.000427683 0.00219508 -0.00381536
0 0 390 -0.000409676 0.000251359 -0.002643 0.00289894
0 0 391 -0.00213139 -0.000803827 -0.000604269 -0.000397724
0 0 392 0.00443265 -0.00188656 -0.00289728 -0.000418663
0 0 393 -0.00405295 -0.00425591 -0.00390773 4.66386e-05
0 0 394 -0.00582078 -0.00430275 -0.00500962 -0.00369438
0 0 395 -0.00280778 -0.00380684 0.00279733 0.000663163
0 0 396 -0.000563401 -0.00240452 -0.00467727 -0.00352222
0 0 397 -0.000671008 0.000659107 -0.00222366 -0.000769965
0 0 398 0.00157337 -0.0074931 -0.000840709 -0.00297084
0 0 399 5.38031e-06 -0.000285877 -0.0035843 0.000618959
0 0 400 -0.0032997 0.000243094 0.0081306 0.00247319
0 0 401 0.000205222 0.00176664 -0.00316495 0.0015356
0 0 402 0.00660017 -9.3023e-05 0.00320553 -0.00316859
0 0 403 -0.000640263 -0.000599953 0.00100396 -0.00382699
0 0 404 -0.00479083 0.00300366 -0.0003656 0.00177291
0 0 405 -0.000578773 0.000419417 0.000238882 -0.00115384
0 0 406 0.00467861 0.000923593 6.7129e-05 0.0016496
0 0 407 -4.07371e-05 0.00322406 0.00557438 -0.00235897
0 0 408 0.00381775 -0.00335776 0.0019408 0.0011052
0 0 409 0.00198843 -0.00592548 0.00729637 0.00323163
0 0 410 -0.00159336 -0.00199401 0.00329475 -0.00192391
0 0 411 0.00248035 0.00106135 0.000992811 -0.00094678
0 0 412 0.000574161 0.00056819 -0.00163479 -0.0037223
0 0 413 0.000850866 5.85051e-05 0.00133855 0.00606298
0 0 414 -0.00093234 0.00354641 0.000983889 -0.00278239
0 0 415 -0.00142426 0.00134236 5.59762e-05 0.00085161
0 0 416 -0.00397609 0.00433986 -0.000544044 0.000290922
0 0 417 -0.000548028 -0.000514547 0.00125156 -0.00230779
0 0 418 0.00335658 0.00387977 -0.00164817 0.0010354
0 0 419 5.38031e-06 0.00421864 0.0032769 -0.00112127
0 0 420 -0.000240579 0.00190715 0.000566774 -0.00112592
0 0 421 0.00249572 -0.000754236 0.00371186 -0.00339659
0 0 422 -0.00120904 0.000130137 0.00201218 -0.00226126
0 0 423 -0.00080936 -0.00199126 -0.0014608 0.00305249
0 0 424 -0.00248496 -0.00212901 0.00278618 -0.00099331
0 0 425 0.00126592 0.00290448 0.000644844 0.00283147
0 0 426 0.000420437 -0.00591721 -0.000260763 0.00364342
0 0 427 0.00169635 0.00121287 -0.000878628 -0.00110731
0 0 428 -0.000440421 -0.00403826 0.000490935 -0.00022091
0 0 429 0.0022805 0.00309458 -0.00250025 -0.00360598
0 0 430 -0.00130128 0.000865737 0.00497882 -0.000300011
0 0 431 0.00031283 0.000452478 -0.000198308 0.000686428
0 0 432 -0.000517283 0.00030646 -0.000706875 -0.000465193
0 0 433 -0.00180857 0.0015545 -0.00351292 0.00483226
0 0 434 -0.000671008 -0.00327511 -0.00256493 0.00216143
0 0 435 0.000220595 -0.00138514 0.00294678 -0.00368973
0 0 436 0.00195768 0.00284387 -0.00241548 0.00065851
0 0 437 -0.000148344 -0.000605463 -0.00571671 -0.00357573
0 0 438 -0.000455793 0.00398446 -0.00182215 1.08503e-07
0 0 439 0.000989218 -0.0052863 -0.00145634 -0.0025195
0 0 440 -0.00233123 -0.00613486 0.00414905 -0.000525682
0 0 441 0.00215752 0.000400132 -0.000876398 0.00197997
0 0 442 0.00134278 0.000303705 -0.00308688 0.00362248
0 0 443 0.00118906 -0.00455621 0.0015103 0.00274771
0 0 444 -0.00319209 0.000168707 0.00115564 0.00502304
0 0 445 -0.000209834 0.0018245 0.00114895 0.00174731
0 0 446 0.00106608 -0.00301063 0.00252521 -0.00172849
0 0 447 0.00387924 0.00216061 -0.00148088 -3.01361e-05
0 0 448 0.00271093 0.000394622 -0.00563641 -0.00270562
0 0 449 -0.00575929 -0.000991171 -0.00376274 0.000718999
0 0 450 -0.00148575 -0.00328613 -0.00172178 0.00364342
0 0 451 -0.00157798 -0.00334674 -0.00240433 -0.00144
0 0 452 0.000266712 0.000871247 0.000216577 0.00151234
0 0 453 -7.1482e-05 0.00295682 -0.00301327 -0.00438536
0 0 454 0.00269556 0.00210551 0.0030137 0.0037737
0 0 455 -0.00442189 -0.00295002 0.000825519 0.000946997
0 0 456 5.14977e-05 -0.00114545 0.0013274 0.00136809
0 0 457 0.00169635 -1.31264e-05 -0.000461514 0.00166589
0 0 458 -0.00575929 0.00510026 3.14401e-05 0.00142626
0 0 459 0.00309524 0.000488294 0.00454386 0.000216474
0 0 460 -0.00325358 -0.00160004 -0.00257831 -0.00121433
0 0 461 0.00211141 0.0013093 -0.00301327 -0.0026777
0 0 462 0.000451182 0.00388528 0.00436542 -0.00465756
0 0 463 0.00255721 0.00432884 -0.00403933 -0.000565233
0 0 464 0.000512671 0.00189062 -0.00293074 0.00437161
0 0 465 -0.00273092 -0.000329958 -0.000631036 -0.000776945
0 0 466 -0.000978457 -0.00211248 -0.00436276 0.000493328
0 0 467 -0.00168559 -0.00442122 0.00566137 0.000579409
0 0 468 -0.000594146 -0.00316767 -0.00232403 0.00675861
0 0 469 -0.00526737 0.00451894 0.000370485 -0.00228917
0 0 470 -0.00093234 0.00265928 -0.00361329 -0.00120502
0 0 471 -0.000671008 -0.00163585 -0.00130913 0.00208001
0 0 472 -4.07371e-05 -0.00450111 0.000649305 0.0019125
0 0 473 0.000666396 -7.09825e-05 -0.000722489 -0.00309415
0 0 474 0.00291078 0.00336457 -0.00217235 -0.000455887
0 0 475 -0.000563401 -0.000277612 0.00046863 0.00242665
0 0 476 -0.00263868 -0.000955356 0.000977197 0.000984221
0 0 477 -0.0031306 0.00260142 0.000883514 -0.00182155
0 0 478 0.00160412 -0.00450938 0.00345312 0.00291755
0 0 479 -0.00360715 0.00103931 0.000713991 0.00341309
0 0 480 0.00208066 0.000353296 0.00165083 -0.00231709
0 0 481 0.00394073 0.00437292 0.00265681 0.00414129
0 0 482 0.00108145 0.00169776 -0.00412186 -0.000374459
0 0 483 0.000651024 0.0011192 0.000970506 -0.000562906
0 0 484 0.00251109 0.00352988 -0.00446983 -0.000849066
0 0 485 -0.000824732 -0.00422561 -0.00266308 0.000256024
0 0 486 0.00126592 0.000832676 -0.00285044 -0.00217052
0 0 487 -0.000578773 -0.00103525 0.00114449 0.00439023
0 0 488 0.00112757 -0.00110137 -0.00191361 -0.00294292
0 0 489 0.000374319 0.00300917 -0.00107492 -0.00069319
0 0 490 0.00420206 0.00136991 -0.00904917 0.00123083
0 0 491 0.00232662 -0.00185901 0.00114449 0.0040459
0 0 492 0.00695373 -0.00109586 0.00564576 0.000337452
0 0 493 0.00360254 -0.00406306 0.00539371 0.00111683
0 0 494 0.00464786 0.000226564 -0.00446314 0.0016845
0 0 495 -0.00365327 -0.00284532 -0.0041174 0.000760876
0 0 496 0.000266712 -0.00293624 0.00123148 -0.00112127
0 0 497 0.00168098 -0.00240176 0.000209885 -0.00327794
0 0 498 -0.000594146 -0.00103801 0.00156383 0.00420643
0 0 499 0.000697141 0.00080237 -0.00157902 0.0024918
0 0 500 -0.00276166 0.00152144 -0.00337016 0.00513238
0 0 501 -0.00137814 0.00408915 -0.00592192 0.000807406
0 0 502 0.000143732 0.00140022 0.000450785 -0.00496931
0 0 503 0.000481927 -0.000409854 -0.00242664 -0.00233105
0 0 504 0.000512671 -1.03713e-05 -0.00200506 0.00222425
0 0 505 0.00283391 -0.00297757 0.000125124 -0.00108637
0 0 506 0.00215752 0.00249397 -6.00129e-05 -0.000574539
0 0 507 0.00252646 0.00394038 -0.0012489 0.00178221
0 0 508 0.00215752 0.00225153 0.00240029 0.00323163
0 0 509 0.00211141 0.0028053 0.00570598 -6.96867e-05
0 0 510 0.00105071 0.00173358 0.000618077 -0.00104449
0 0 511 0.000435809 0.00108614 0.00265458 0.0035806
0 0 512 0.00175784 0.00342518 -0.00583939 0.00417386
0 0 513 0.00031283 0.00124318 -0.00481334 -0.00312439
0 0 514 0.0041252 -0.000644034 3.36706e-05 -0.000109237
0 0 515 -0.000425049 -0.00437714 -0.00471519 -0.00291966
0 0 516 0.00101996 0.00189613 -0.00167494 -0.00195648
0 0 517 -0.000378931 -0.001308 0.000113971 -0.00200534
0 0 518 -0.000701753 -0.002534 -0.000300913 0.00551858
0 0 519 -0.000179089 -0.000283122 0.00172667 0.000812059
0 0 520 0.00158874 -0.00184248 0.00631493 -0.00439466
0 0 521 0.00149651 0.00152144 -0.00294859 0.00479737
0 0 522 0.00595452 0.00473935 9.13449e-06 -0.00090025
0 0 523 0.0027878 -0.00411541 0.00275272 0.00251506
0 0 524 0.00389461 0.000350541 0.00010951 0.000130393
0 0 525 0.00584691 -0.00155596 -0.00217681 -0.00331051
0 0 526 0.00298764 -0.00228329 0.00240922 0.00207303
0 0 527 0.00312599 -0.00402724 0.0025832 -0.000637354
0 0 528 0.00570856 0.000862981 0.00231553 0.00162634
0 0 529 0.00838337 -0.00283155 0.00147238 2.10471e-05
0 0 530 0.00842949 -0.00107382 0.000872361 -0.00254742
0 0 531 0.000343574 -0.00403 0.00538255 0.0057838
0 0 532 0.00185008 -0.00225299 0.00155937 0.00237315
0 0 533 0.00540111 -0.000779032 -0.000481589 0.000525899
0 0 534 0.00295689 -0.0023439 -0.00064665 -0.000579192
0 0 535 0.00593915 0.00193194 0.00265012 -5.10746e-05
0 0 536 0.00781459 0.000890532 -0.000918778 0.00341077
0 0 537 0.00884454 -0.00180667 -0.00447652 -0.000393071
0 0 538 0.00866008 0.00627942 0.00382116 -0.00248227
0 0 539 0.00663091 0.00130379 -0.000918778 -0.00206118
0 0 540 0.00690761 0.00346375 -0.00109053 -0.000821148
0 0 541 0.0120113 0.00249948 -0.00202291 0.000623612
0 0 542 0.00715357 0.00330396 -0.00117529 -0.00200999
0 0 543 0.0117192 0.000201768 2.25178e-05 0.000335125
0 0 544 0.012703 0.000402887 0.00162629 0.000842304
0 0 545 0.0197129 0.00351059 -0.00237087 0.000484022
0 0 546 0.0139175 -0.000641279 0.00324568 0.00110985
0 0 547 0.0141942 0.00672574 0.00296909 -0.00384328
0 0 548 0.0201433 0.00641717 -0.00517469 -0.000358174
0 0 549 0.0227105 0.00149113 -0.00126005 -0.00143767
0 0 550 0.021988 0.0016344 0.00205233 -0.00248227
0 0 551 0.0285828 0.002235 -0.00627212 -0.000318623
0 0 552 0.0240479 0.00455476 0.00119133 -0.0026428
0 0 553 0.0271839 0.00543086 -0.00526614 -0.00466221
0 0 554 0.0351315 0.00793797 -0.000941084 -0.00329888
0 0 555 0.0341322 0.00748063 0.000330335 -0.00167963
0 0 556 0.0384365 0.00583861 -8.90101e-05 -0.00490882
0 0 557 0.0395587 0.00694339 -0.00340139 -0.00306157
0 0 558 0.0452004 0.00282458 -0.00381851 -4.64216e-05
0 0 559 0.0566068 0.00540056 -0.00679407 -0.00512984
0 0 560 0.0577905 0.0094257 -0.010963 -0.00680725
0 0 561 0.0593123 0.00380263 -0.00330994 -0.00916167
0 0 562 0.0669524 0.0106076 -0.00927445 -0.00247995
0 0 563 0.073332 0.0104726 -0.0102046 -0.00299411
0 0 564 0.0835393 0.00692686 -0.0105325 -0.00293827
0 0 565 0.0849075 0.00454374 -0.0158769 -0.00276843
0 0 566 0.094008 0.00116879 -0.0137445 0.000867895
0 0 567 0.0998188 0.00618851 -0.00790043 -0.00473899
0 0 568 0.104876 0.00183552 -0.0114537 0.000795774
0 0 569 0.110995 0.00587167 -0.0160509 -0.000937474
0 0 570 0.113592 0.000127381 -0.0201083 -0.00104449
0 0 571 0.117282 0.00220745 -0.0177372 -0.00171685
0 0 572 0.118865 -0.00240452 -0.0184086 -0.00140045
0 0 573 0.126613 -0.00124188 -0.0210451 -0.00538575
0 0 574 0.121678 -0.000255571 -0.0181543 -0.00872894
0 0 575 0.126936 -0.000751481 -0.0207886 -0.011088
0 0 576 0.130917 0.000455233 -0.0171394 -0.0124211
0 0 577 0.124738 0.0023452 -0.0168048 -0.0146359
0 0 578 0.129611 -0.00206013 -0.0186629 -0.015627
0 0 579 0.12689 0.00335906 -0.0199499 -0.0163738
0 0 580 0.122186 0.00539505 -0.0214868 -0.0134564
0 0 581 0.121294 0.00824929 -0.0254014 -0.0126863
0 0 582 0.120034 0.00412772 -0.0154576 -0.0130772
0 0 583 0.111917 0.00673676 -0.019283 -0.0223786
0 0 584 0.11596 0.00760185 -0.0205589 -0.0204127
0 0 585 0.10729 0.00392385 -0.0142664 -0.0182862
0 0 586 0.106214 0.00634003 -0.017329 -0.0153944
0 0 587 0.103877 0.00859642 -0.0129259 -0.0131353
0 0 588 0.0992346 0.00760736 -0.0130062 -0.0166763
0 0 589 0.0924092 0.00432609 -0.0138493 -0.0144522
0 0 590 0.100034 0.00819419 -0.0157275 -0.013261
0 0 591 0.0865216 0.0108886 -0.0197202 -0.0132028
0 0 592 0.0857837 0.00430129 -0.0205522 -0.0109298
0 0 593 0.0817715 0.00330947 -0.0206325 -0.00994338
0 0 594 0.0837699 0.00734838 -0.020057 -0.0130981
0 0 595 0.0762528 0.00142501 -0.0185982 -0.0111136
0 0 596 0.070319 0.00580555 -0.0210697 -0.0140334
0 0 597 0.0753612 0.00745583 -0.0234519 -0.0127096
0 0 598 0.0656612 0.00379987 -0.0203849 -0.011316
0 0 599 0.0669678 0.000576456 -0.0177394 -0.013496
0 0 600 0.0711184 -0.00021149 -0.0138359 -0.011565
0 0 601 0.070196 0.000369826 -0.0113801 -0.0144591
0 0 602 0.0664298 -2.10614e-06 -0.0126538 -0.00617909
0 0 603 0.0647849 0.00475312 -0.0138516 -0.00870568
0 0 604 0.0685512 0.00411395 -0.0146166 -0.00929196
0 0 605 0.0634321 0.00206143 -0.0150338 -0.00925939
0 0 606 0.0631554 0.00151868 -0.0135906 -0.0113509
0 0 607 0.0648618 0.00246091 -0.0146077 -0.011316
0 0 608 0.0684436 -0.00093056 -0.0144293 -0.0124932
0 0 609 0.0685358 0.000637067 -0.0142664 -0.0139915
0 0 610 0.0722559 -0.00158075 -0.0147706 -0.00724929
0 0 611 0.071349 -0.00750963 -0.0105102 -0.0106902
0 0 612 0.0729784 -0.00159453 -0.00916739 -0.0126398
0 0 613 0.0729323 -0.00641588 -0.0110232 -0.020294
0 0 614 0.0717794 -0.00273512 -0.00975849 -0.0108251
0 0 615 0.0757455 -0.00174606 -0.00450106 -0.0159853
0 0 616 0.0876438 -0.000131594 -0.00323633 -0.0158108
0 0 617 0.0860912 -0.00223095 0.000426249 -0.018477
0 0 618 0.0901802 -0.00618721 -0.0102626 -0.0158178
0 0 619 0.0902725 -0.0079284 -0.0100864 -0.0211222
0 0 620 0.0970363 -0.000500771 -0.00450552 -0.016097
0 0 621 0.104154 0.000356051 -0.00535536 -0.0153199
0 0 622 0.108243 -0.00374898 -0.00381404 -0.0174184
0 0 623 0.113639 -0.00260012 -0.000851861 -0.0239257
0 0 624 0.115114 -0.00682638 -0.000671186 -0.0256147
0 0 625 0.126674 -0.00981011 0.0023133 -0.0239722
0 0 626 0.128642 -0.00314012 0.000593541 -0.0253262
0 0 627 0.135099 -0.00116749 0.00355795 -0.0274364
0 0 628 0.139972 -0.00869706 0.00612756 -0.0287532
0 0 629 0.152854 -0.00663353 0.00892468 -0.0249959
0 0 630 0.165167 -0.0113254 0.0108028 -0.0282158
0 0 631 0.169625 -0.0166977 0.013194 -0.0262173
0 0 632 0.183214 -0.012072 0.0134349 -0.0240467
0 0 633 0.191454 -0.0105925 0.0213244 -0.0298443
0 0 634 0.200339 -0.0146039 0.0226962 -0.0251611
0 0 635 0.215404 -0.0148271 0.0271104 -0.0303282
0 0 636 0.221953 -0.0115265 0.0299031 -0.0278203
0 0 637 0.233405 -0.0200479 0.0300079 -0.0273131
0 0 638 0.250407 -0.0168272 0.0353434 -0.0255356
0 0 639 0.260369 -0.0129894 0.0394945 -0.0231766
0 0 640 0.276341 -0.0141355 0.0492621 -0.0177581
0 0 641 0.290222 -0.010565 0.0590989 -0.0202149
0 0 642 0.303227 -0.0125734 0.0574104 -0.015769
0 0 643 0.318846 -0.0149758 0.0652262 -0.012684
0 0 644 0.341043 -0.00874114 0.0770906 -0.00848699
0 0 645 0.354033 -0.00923154 0.0820134 0.00173103
0 0 646 0.367653 -0.00120056 0.0792698 -0.00361063
0 0 647 0.380566 -0.00884033 0.0852344 0.00168683
0 0 648 0.398859 0.00677809 0.0933402 0.00262208
0 0 649 0.407406 0.00273091 0.0983634 0.00681212
0 0 650 0.426929 0.00677258 0.101319 0.00801725
0 0 651 0.442855 0.0111917 0.095196 0.0109277
0 0 652 0.465115 0.0198591 0.111129 0.0095574
0 0 653 0.486159 0.0202145 0.105269 0.00753334
0 0 654 0.504975 0.0247163 0.109329 0.0177723
0 0 655 0.525359 0.0257053 0.114589 0.0149246
0 0 656 0.545205 0.0297249 0.120776 0.0151038
0 0 657 0.56791 0.0402961 0.118706 0.00807541
0 0 658 0.590953 0.0385907 0.110052 0.00977842
0 0 659 0.620745 0.0368165 0.119054 0.00269886
0 0 660 0.644588 0.0453489 0.105789 -0.0013702
0 0 661 0.667262 0.0350284 0.105392 -0.0081985
0 0 662 0.682005 0.0278047 0.100998 -0.0154968
0 0 663 0.706662 0.0149386 0.0947544 -0.0216155
0 0 664 0.724494 0.0153794 0.0887274 -0.0255077
0 0 665 0.754286 0.00707839 0.0768653 -0.0317172
0 0 666 0.785138 0.00719135 0.0682888 -0.0336947
0 0 667 0.820695 0.000653597 0.0582044 -0.0400856
0 0 668 0.841478 -0.0106587 0.0473728 -0.0365074
0 0 669 0.878034 -0.0177529 0.0391599 -0.0292115
0 0 670 0.903122 -0.016684 0.0291402 -0.034267
0 0 671 0.926488 -0.0277621 0.0238248 -0.0285066
0 0 672 0.949916 -0.0319856 0.0188284 -0.022118
0 0 673 0.963766 -0.0326936 0.017809 -0.018826
0 0 674 0.971253 -0.0359804 0.0145925 -0.0122908
0 0 675 0.994926 -0.0331454 0.00872616 -0.00510657
0 0 676 0.996879 -0.0432124 0.00544947 0.000260677
0 0 677 0.999999 -0.0513481 0.00640638 0.00265465
0 0 678 0.991652 -0.0552933 0.00565245 0.00168915
0 0 679 0.990637 -0.0618201 0.000325874 0.00994592
0 0 680 0.985749 -0.0580622 0.00421597 0.0115628
0 0 681 0.978585 -0.0581834 0.000482013 0.0128075
0 0 682 0.96558 -0.069694 -0.0044096 0.0163787
0 0 683 0.95153 -0.0821358 -0.00827962 0.0128029
0 0 684 0.938571 -0.0920017 -1.76322e-05 0.0164136
0 0 685 0.913975 -0.104168 0.00553869 0.0202035
0 0 686 0.88984 -0.119762 0.00931726 0.0288209
0 0 687 0.8624 -0.120632 0.0157747 0.0323897
0 0 688 0.837113 -0.125936 0.0212151 0.042866
0 0 689 0.803616 -0.127856 0.0320846 0.0462441
0 0 690 0.77181 -0.12342 0.0406522 0.0606707
0 0 691 0.738913 -0.11226 0.0434158 0.0700349
0 0 692 0.70886 -0.104537 0.0528199 0.0865229
0 0 693 0.672873 -0.0839184 0.0676152 0.0890797
0 0 694 0.634042 -0.0680437 0.0652775 0.0984602
0 0 695 0.606049 -0.0513288 0.0676843 0.102197
0 0 696 0.571446 -0.0361374 0.0634842 0.108669
0 0 697 0.537411 -0.0130115 0.0543322 0.11238
0 0 698 0.504268 -0.00164687 0.0455549 0.108255
0 0 699 0.470034 0.0156631 0.0476249 0.109148
0 0 700 0.435599 0.0253857 0.0436077 0.0988185
0 0 701 0.405562 0.036957 0.0388209 0.0964594
0 0 702 0.376554 0.0424368 0.0306526 0.0882305
0 0 703 0.349929 0.0451395 0.023856 0.0872208
0 0 704 0.323457 0.0456354 0.0161294 0.0838241
0 0 705 0.300844 0.0526966 0.0152572 0.076277
0 0 706 0.281306 0.0496054 0.0136535 0.0657774
0 0 707 0.261076 0.0497955 0.0128906 0.0625157
0 0 708 0.239908 0.0489194 0.00423381 0.0630764
0 0 709 0.228855 0.046933 0.00687034 0.052193
0 0 710 0.209317 0.045572 0.00551862 0.0472445
0 0 711 0.195712 0.0445912 0.00263004 0.0469537
0 0 712 0.188979 0.0458751 -0.0090001 0.0405348
0 0 713 0.181078 0.0433845 -0.00619182 0.0409745
0 0 714 0.162707 0.0432908 -0.00322295 0.0351978
0 0 715 0.155221 0.0352268 -0.00200952 0.0344533
0 0 716 0.149472 0.0370727 -0.00795396 0.0300586
0 0 717 0.143676 0.0351579 -0.0022705 0.028537
0 0 718 0.143876 0.0364996 -0.00286606 0.0285836
0 0 719 0.138235 0.0301713 -0.00658217 0.0223904
0 0 720 0.134653 0.028645 -0.00802088 0.0243586
0 0 721 0.128043 0.0310419 -0.00785805 0.0244796
0 0 722 0.12878 0.0288819 -0.0076796 0.0260965
0 0 723 0.121617 0.029477 -0.0056431 0.0254381
0 0 724 0.116283 0.0250248 -0.00342816 0.0193101
0 0 725 0.115145 0.0267688 -0.00360214 0.0229325
0 0 726 0.117682 0.0181372 -0.0104544 0.0228441
0 0 727 0.114638 0.020107 -0.00986555 0.0236909
0 0 728 0.11184 0.0162858 -0.00926107 0.0261221
0 0 729 0.110733 0.0178286 -0.000691261 0.025024
0 0 730 0.107321 0.0141424 -0.0043293 0.026834
0 0 731 0.106291 0.0189306 -0.0040081 0.0235118
0 0 732 0.103954 0.0115085 -0.00483564 0.0252241
0 0 733 0.105998 0.00965712 -0.00126451 0.0242539
0 0 734 0.107582 0.0135473 -0.00119091 0.0221019
0 0 735 0.110272 0.014101 -0.00305788 0.0248728
0 0 736 0.103385 0.0124287 0.00535132 0.021162
0 0 737 0.101156 0.00908682 -0.00134705 0.0257522
0 0 738 0.10277 0.0116904 2.12248e-07 0.0206223
0 0 739 0.106875 0.0093706 0.00527102 0.0269457
0 0 740 0.0984045 0.00968467 0.000684994 0.0210969
0 0 741 0.100587 0.00620504 0.00341074 0.0247867
0 0 742 0.100449 0.00390456 0.00545616 0.0249659
0 0 743 0.10443 0.00528209 0.00120471 0.0244238
0 0 744 0.10254 0.00727951 0.00612756 0.0242819
0 0 745 0.101633 0.00456578 0.000615847 0.0263059
0 0 746 0.106244 0.000587476 0.00588889 0.0233071
0 0 747 0.101479 0.00350233 0.0130111 0.0252706
0 0 748 0.103862 0.00534546 0.00706439 0.0278926
0 0 749 0.0982354 -0.00135484 0.0148089 0.0233792
0 0 750 0.106736 0.00684696 0.00934849 0.0234001
0 0 751 0.105922 0.0020449 0.00427173 0.0233815
0 0 752 0.108596 0.00527934 0.00918789 0.0270015
0 0 753 0.112686 0.000190748 0.0158193 0.0240329
0 0 754 0.110287 -0.00018394 0.00699302 0.0281322
0 0 755 0.121156 0.00126797 0.0157323 0.0236235
0 0 756 0.125537 0.00544188 0.00688818 0.0249914
0 0 757 0.128073 0.00170052 0.00494759 0.0262617
0 0 758 0.132747 -0.000302407 0.0131917 0.0241143
0 0 759 0.145198 -0.000387814 0.013359 0.0264827
0 0 760 0.149303 -0.00017292 0.0117396 0.0314708
0 0 761 0.165659 -0.00214829 0.0167584 0.0348954
0 0 762 0.172607 -0.00156147 0.0215943 0.0362983
0 0 763 0.185059 -0.000307917 0.0263431 0.031622
0 0 764 0.199263 0.00508648 0.0282815 0.0338461
0 0 765 0.208118 -0.00305746 0.0423965 0.033895
0 0 766 0.220815 0.00239479 0.0501878 0.035014
0 0 767 0.23814 -0.00205187 0.0599621 0.0331552
0 0 768 0.24927 0.00208898 0.0623265 0.031508
0 0 769 0.259631 -0.00691454 0.0669371 0.0248239
0 0 770 0.26784 0.000934613 0.0725157 0.0213737
0 0 771 0.274511 -0.00255604 0.0756697 0.0141662
0 0 772 0.279369 -0.00581803 0.0716056 0.0106253
0 0 773 0.285364 -0.00515682 0.0639637 0.00131924
0 0 774 0.295664 -0.00308777 0.0587732 0.00177989
0 0 775 0.298446 -0.000817603 0.0500227 -0.00121898
0 0 776 0.304534 -0.00174606 0.0454434 -0.00576497
0 0 777 0.300337 -0.00579874 0.0429073 -0.00512751
0 0 778 0.298308 -0.00797248 0.0283997 -0.00508796
0 0 779 0.291559 -0.0156095 0.0343664 -0.00652807
0 0 780 0.272544 -0.00158626 0.0304206 -0.00381536
0 0 781 0.260031 -0.00768871 0.0222835 -0.00379675
0 0 782 0.245304 0.000670128 0.0220894 -0.00305692
0 0 783 0.226411 -0.00306848 0.0276993 -0.00244505
0 0 784 0.206673 -0.00483172 0.025926 -0.00260093
0 0 785 0.190762 0.00137267 0.0183555 -0.00129808
0 0 786 0.181677 0.00605075 0.0168967 -0.00134927
0 0 787 0.159879 0.00171429 0.0129218 -0.000234869
0 0 788 0.148303 0.000259624 0.00936187 0.00334795
0 0 789 0.135544 -0.00123086 0.00944217 -0.00172383
0 0 790 0.122447 0.00890499 0.0106043 0.00198695
0 0 791 0.11473 0.00295407 0.0105351 0.00267326
0 0 792 0.104846 -0.00298583 0.0100444 0.000723652
0 0 793 0.0922248 -0.00177361 -0.00184669 0.0040366
0 0 794 0.0874286 0.00315794 0.00416913 0.00265931
0 0 795 0.0788354 0.000626047 0.00587551 8.85157e-05
0 0 796 0.0703805 0.00310835 0.0110437 0.00209629
0 0 797 0.0667987 0.00489914 0.0067945 0.00224053
0 0 798 0.060081 0.00413599 0.00229323 -0.000979351
0 0 799 0.0503502 0.00216888 0.00170659 0.00332934
0 0 800 0.0477061 0.000940123 0.00128725 0.002422
0 0 801 0.0444933 -0.00107382 0.00477361 0.00174731
0 0 802 0.0415418 0.00246918 0.00272596 0.000853936
0 0 803 0.0399584 -0.00285359 0.00103965 0.000235086
0 0 804 0.0330869 -0.00122535 -0.000492741 -0.000539641
0 0 805 0.0362536 0.00197327 0.00289325 0.00191715
0 0 806 0.0294898 -0.000528322 0.000945969 -0.00199371
0 0 807 0.0261232 -0.00145678 -0.00363337 -0.00259162
0 0 808 0.0260617 -0.00384265 -0.00141842 -0.00447609
0 0 809 0.0228796 0.00258489 -0.000671186 -0.000921188
0 0 810 0.0218958 -0.00184799 -0.00686099 0.0054767
0 0 811 0.0250932 0.00177215 0.00407991 0.00645616
0 0 812 0.0237712 0.00189613 0.000261188 0.00219633
0 0 813 0.021742 0.00109716 0.0045907 8.85157e-05
0 0 814 0.0168075 0.000543395 0.00128501 -0.000562906
0 0 815 0.019882 -0.00342113 -0.00659778 -0.00351524
0 0 816 0.0158544 -0.000222511 -0.00321179 -0.0029499
0 0 817 0.0178989 -0.00263043 0.00222854 -0.00161216
0 0 818 0.00841412 -0.00246237 0.00468216 0.000474716
0 0 819 0.00982838 -0.00479039 -0.00515907 -0.00135857
0 0 820 0.015178 0.00340314 -0.00781344 -0.00124457
0 0 821 0.0069691 -0.00217585 -0.00142512 0.0012541
0 0 822 0.013733 0.000887777 0.00102404 0.000728305
0 0 823 0.00483233 0.00265928 -0.00517915 -0.00144465
0 0 824 0.00844486 -0.00183973 -0.00168386 -0.00234036
0 0 825 0.007584 -0.00133555 0.00331705 -0.00606277
0 0 826 0.00778384 0.00261244 -0.00110615 -0.00308251
0 0 827 0.00769161 0.00467598 -0.00348615 0.00118663
0 0 828 0.00786071 -0.000106798 -0.00143627 0.000402594
0 0 829 0.00629272 0.00214959 0.000593541 -0.00307321
0 0 830 0.00577005 -0.00320348 -0.000238458 0.000135046
0 0 831 0.00830651 -0.00109035 -0.0015188 -0.00224264
0 0 832 0.00188082 0.0036263 -0.00662901 0.00583964
0 0 833 0.00397147 0.00142777 -0.00517915 -0.00229383
0 0 834 0.00773773 -0.00352582 -0.000410211 0.0012285
0 0 835 0.00630809 -0.00115647 0.000600233 0.00146115
0 0 836 0.00613899 -0.00363878 -0.00457243 -0.0028359
0 0 837 0.00158874 0.0013892 -0.00153218 0.000874875
0 0 838 0.000282085 -0.000101288 -0.00899563 -0.00178432
0 0 839 0.00521664 -0.00645169 0.00324345 0.000446798
0 0 840 0.00284929 0.000152177 0.00127163 -0.00278472
0 0 841 0.007584 -0.0019334 0.00170213 -0.0010631
0 0 842 0.00787608 -0.00283981 -0.00092547 -0.00204954
0 0 843 3.61252e-05 -0.00256982 -0.00423785 0.00248249
0 0 844 0.00178859 -0.00392806 -0.00558957 0.00225449
0 0 845 -0.000471166 0.000956653 -0.000682339 -0.00277309
0 0 846 0.00460175 -0.00316491 0.0092615 0.00245457
0 0 847 0.00689224 0.000942878 0.00254305 -0.00326631
0 0 848 0.0021729 0.00194572 0.00219731 -0.000530335
0 0 849 0.00197306 -0.00341011 -0.001008 0.000214147
0 0 850 0.00410983 0.00351886 -0.000439208 0.00473455
0 0 851 0.0060775 0.00300917 -0.00264077 0.00242665
0 0 852 -0.00137814 -0.00269931 6.90393e-06 -0.00169824
0 0 853 0.00403296 -0.000594443 0.00152591 -0.000572212
0 0 854 0.00403296 -0.00204085 0.00271703 -0.000572212
0 0 855 0.00312599 -0.00172126 -0.001869 -0.000611763
0 0 856 0.00329509 0.00488261 0.00371632 -0.00139812
0 0 857 -0.000532656 -0.00114821 -0.00178424 0.00279192
0 0 858 0.00441728 0.00104206 0.00474907 0.00234988
0 0 859 0.00454026 0.00225153 -0.00196045 -0.00363855
0 0 860 0.00369477 0.00342794 0.00253413 0.000674795
0 0 861 0.000927728 0.00424068 0.000573466 -0.00399916
0 0 862 0.00303375 -0.00137412 0.000250035 -0.00126086
0 0 863 0.00706134 0.00235622 0.00261889 -0.00231244
0 0 864 0.0017271 0.00276673 0.000241113 0.00148442
0 0 865 0.00532425 -0.00214554 -0.00382074 -0.0031779
0 0 866 -0.0050829 0.000744514 0.0013497 0.00251274
0 0 867 0.00218827 -0.00451764 0.000345949 -0.000288378
0 0 868 -0.000332814 -3.79219e-05 7.15902e-05 0.00259416
0 0 869 0.00197306 0.00572841 0.0032836 -0.00128412
0 0 870 0.000912355 0.00328192 -0.000356677 0.00201254
0 0 871 -0.00093234 0.00517189 -0.0024021 0.00166821
0 0 872 -0.00446801 -0.00131902 -0.00620297 -0.000593151
0 0 873 0.000820121 0.00324611 -0.00426016 -0.000379112
0 0 874 0.0028954 0.00387701 0.00448141 3.03531e-05
0 0 875 -0.000578773 0.00302295 0.00532679 -0.000346541
0 0 876 0.00175784 -0.000858929 7.38207e-05 0.000714346
0 0 877 0.00237274 0.000620537 0.000408405 -0.000183686
0 0 878 0.00458637 -0.000307917 0.00100619 -0.000825801
0 0 879 0.00493994 0.00258214 0.000999503 0.00199625
0 0 880 0.00168098 -0.000263836 -0.000262994 -0.00181689
0 0 881 0.00360254 0.00169225 -0.00205413 -0.00117012
0 0 882 0.00532425 0.00341967 0.000995042 0.00190319
0 0 883 -0.000225207 0.00305876 -0.000704645 -0.000562906
0 0 884 -0.00154724 -0.00176259 0.00262558 -0.000369806
0 0 885 -0.00122442 -0.000208735 -0.00196714 -0.00321512
0 0 886 -0.000717125 0.000609516 0.00600934 0.00703779
0 0 887 0.00120443 0.000367071 -0.00188238 0.00118895
0 0 888 -0.000532656 -0.00069638 -0.00221919 0.00333865
0 0 889 -0.00080936 -0.00623955 0.000515472 -0.00280333
0 0 890 0.000374319 -0.00214829 -0.000604269 0.000988874
0 0 891 0.0030645 0.0018796 -0.0024021 -4.87481e-05
0 0 892 0.00477084 0.00638136 0.00166198 -0.00031397
0 0 893 -0.000471166 -0.00176259 0.000241113 -0.0026335
0 0 894 0.000558789 -0.0016083 0.00312746 -0.00230779
0 0 895 -0.000732498 -0.00293624 -0.00187346 -0.00423879
0 0 896 -0.00369938 0.00170052 -0.00206082 -0.00292431
0 0 897 0.00234199 0.00469802 0.00531341 0.00716342
0 0 898 0.00209603 -0.00440469 -0.00221473 0.00248249
0 0 899 0.00166561 -0.00214003 -0.0006065 -0.00184016
0 0 900 -0.000963085 0.00199255 -0.000622114 -0.0036781
0 0 901 0.00166561 -0.00166065 0.00244714 -0.00564632
0 0 902 -0.00103995 0.00698747 -0.00148311 0.00314322
0 0 903 -0.00360715 -0.00398041 0.00253636 0.00177291
0 0 904 0.00231125 0.00353263 0.000392791 0.00244527
0 0 905 -0.00468322 -0.000594443 -0.00239541 0.00069806
0 0 906 -0.00197767 -0.00488958 0.00271257 0.000937691
0 0 907 0.001558 0.00233143 -0.0032564 -0.00226824
0 0 908 0.00375626 -0.00166892 -0.00230619 0.00500675
0 0 909 -0.000240579 0.00112747 -0.00172178 0.00251274
0 0 910 -0.000778615 -8.75129e-05 -0.00256493 0.00333167
0 0 911 0.00131204 0.000678393 0.00192295 -0.00306157
0 0 912 0.00168098 0.000973184 0.000564544 2.43501e-06
0 0 913 0.00114294 0.000570946 0.000140737 -0.000697843
0 0 914 0.000174477 -0.00215105 0.00261443 -0.000881638
0 0 915 -0.000240579 0.00499281 -0.000802789 -0.001212
0 0 916 0.00297227 0.00510301 0.00335943 -0.000537315
0 0 917 0.00168098 0.00788562 -0.000809481 2.43501e-06
0 0 918 0.00272631 -0.00136861 0.00150361 -0.000704823
0 0 919 0.00344881 0.000752779 0.00497659 -0.00473899
0 0 920 -0.000978457 -0.00253676 0.00176235 -0.00171453
0 0 921 -0.00168559 0.00420486 0.00310069 0.00241968
0 0 922 -5.61095e-05 0.00300642 0.00183373 8.61892e-05
0 0 923 -0.00222363 0.00148011 0.00557215 -2.08301e-05
0 0 924 -0.000763243 0.00290448 -0.00512784 0.000477042
0 0 925 -0.000947712 -0.000671585 0.00574836 -0.00382002
0 0 926 0.00131204 -0.0012529 0.0032836 0.00398309
0 0 927 -0.00479083 0.00030095 0.00387469 0.00122152
0 0 928 -0.00373013 -0.0019885 -0.00206306 -0.00319186
0 0 929 0.00109682 0.00140573 0.00293786 -0.00114453
0 0 930 0.000374319 0.00176939 -0.00334563 0.000358391
0 0 931 0.00143502 0.00532066 0.00216162 0.00125177
0 0 932 0.00141965 0.00377232 0.00395276 -0.00129808
0 0 933 0.00123518 0.00188511 -0.00156564 0.000497981
0 0 934 0.000558789 0.00455751 -0.00233741 0.00196135
0 0 935 0.00188082 0.00176113 0.00743467 -0.000762986
0 0 936 0.00128129 0.00285213 0.00174228 0.0010261
0 0 937 -0.000209834 0.00119359 0.00454832 0.00372717
0 0 938 -0.00417593 -0.000150879 -0.00240879 -0.000953759
0 0 939 -0.00122442 0.000259624 -0.00758592 0.00167985
0 0 940 0.00312599 0.00028442 -0.000461514 -0.000860699
0 0 941 -0.00128591 -0.000781787 0.00438326 0.0009912
0 0 942 -0.00203916 -0.000765257 0.00395946 -0.00698174
0 0 943 0.00120443 1.44242e-05 -0.00232626 0.00197531
0 0 944 -0.00176245 -0.00365256 0.00116679 -0.00369671
0 0 945 -5.61095e-05 0.00110818 0.00233784 0.00150303
0 0 946 0.0020038 -0.00390602 0.00124933 0.00229404
0 0 947 0.00332583 0.000598496 0.000129585 -0.00113988
0 0 948 0.000758631 0.000245849 -0.00156564 -0.00133531
0 0 949 -0.00205453 -0.000839643 -0.00385419 0.00498116
0 0 950 0.00214215 -0.00170198 -0.000198308 0.00187295
0 0 951 0.00309524 -0.00523947 -0.00333224 0.000132719
0 0 952 -0.000163717 -0.00179014 0.00514611 0.000912099
0 0 953 0.00174247 -0.00306297 -0.00155672 -0.00319651
0 0 954 -0.00105532 0.00077482 -0.00258947 -0.00345941
0 0 955 -0.00168559 -0.004986 -0.00341924 0.00304783
0 0 956 -0.00366864 -0.00271033 -0.00223927 0.00130295
0 0 957 0.000620279 0.00335355 0.00479145 -0.00447609
0 0 958 -0.000302069 0.00172531 -0.00360883 -0.0026335
0 0 959 -0.00062489 0.00395415 -0.00353299 0.0031502
0 0 960 0.00140427 0.000548905 -0.000548505 -0.00156563
0 0 961 -0.000717125 -0.00090852 0.00106865 0.00100283
0 0 962 -0.00205453 -0.00106556 0.00335274 -0.000181359
0 0 963 0.00561633 -0.000938825 -0.000465975 0.0055907
0 0 964 0.00434041 0.00483026 -0.0024311 0.00256625
0 0 965 0.000389692 0.000716964 -0.000465975 0.000760876
0 0 966 -0.00157798 -0.00042914 -0.00343262 0.00132854
0 0 967 -0.00308448 -0.00564997 -0.000532891 -0.00573008
0 0 968 0.000143732 -0.00922879 -0.00238872 -0.00503445
0 0 969 -0.001455 -0.00402173 0.000308029 -0.000532662
0 0 970 0.00186545 -0.000547607 0.000383868 -0.00426903
0 0 971 0.00426355 0.000482784 -0.000813942 0.000579409
0 0 972 -0.000394304 0.00252428 3.14401e-05 0.00163564
0 0 973 -0.00150112 0.00151593 -0.00200283 0.00045843
0 0 974 0.000866238 -0.000131594 0.000381638 0.00496255
0 0 975 -0.00317672 -0.00131627 -0.00131359 -0.000509396
0 0 976 -0.000394304 0.00429027 0.00698632 -0.00138184
0 0 977 -0.00213139 0.000430438 -0.00149203 0.000930711
0 0 978 0.00115831 -0.0029693 -0.00131136 0.00177058
0 0 979 -0.000671008 0.00370895 -0.000651111 0.00128434
0 0 980 0.00208066 -9.3023e-05 0.00190734 -0.00501351
0 0 981 -0.00119367 -0.00120607 0.000464169 0.000200188
0 0 982 0.0026187 -0.00237145 0.000725144 0.00242665
0 0 983 0.000973845 -0.00165238 -0.00343931 0.000632918
0 0 984 0.000143732 -0.00370766 0.0013207 0.000188556
0 0 985 0.00018985 0.00649707 0.000357102 -0.000153441
0 0 986 0.000681769 0.00109992 -0.00157679 -0.00030699
0 0 987 -0.0010092 -0.00163034 -0.00148757 0.0030804
0 0 988 -0.00311523 -0.0042201 -0.00844246 0.000423533
0 0 989 -0.00349954 -0.00158902 -0.00275899 -0.000597804
0 0 990 -0.00468322 0.00216061 0.00155268 0.00439953
0 0 991 0.00169635 0.000510334 0.0015616 -0.00293827
0 0 992 0.000174477 -0.00634425 0.0012404 -0.00183551
0 0 993 -0.000117599 0.00246918 -0.000225074 -0.000870005
0 0 994 -0.00168559 0.000973184 -0.00251586 -0.00021393
0 0 995 -8.68544e-05 0.002235 0.00181143 -0.00496
0 0 996 -0.000348186 -0.000864439 0.00300924 0.00382256
0 0 997 -0.00353029 -0.00466917 -0.00198945 0.00341077
0 0 998 -0.000102227 -0.00628639 -0.00564087 0.0013774
0 0 999 0.00135816 -0.00538549 -0.00538659 -0.00144698
0 0 1000 -7.1482e-05 0.00129553 0.000453016 0.00036537
0 0 1001 0.00400222 -0.000861684 0.000626999 -0.000318623
0 0 1002 -0.00368401 -0.00418428 0.00105973 -0.00252648
0 0 1003 0.00281854 -0.00456448 0.00258989 0.00437394
0 0 1004 -0.00154724 -0.00435234 0.00377878 0.00254065
0 0 1005 -0.00108606 0.00441976 -0.00397464 0.00236849
0 0 1006 -0.00093234 -0.000619239 -0.00421778 0.000388635
0 0 1007 0.00115831 0.000615026 0.0113158 -0.00219844
0 0 1008 -0.000455793 -0.000858929 -0.00175078 -6.87102e-06
0 0 1009 0.00271093 0.00478067 -0.00227496 0.00497883
0 0 1010 -0.00234661 0.00265928 -0.000570811 -0.000879311
0 0 1011 0.00163486 0.00462639 1.58262e-05 -0.00332447
0 0 1012 -0.00325358 -0.00356439 -0.0025114 0.000356064
0 0 1013 -0.000225207 -0.00349276 -0.00225711 -0.000104584
0 0 1014 -0.00171634 0.00168123 -0.00108384 0.0030013
0 0 1015 0.00197306 -0.00137963 -0.00353746 0.00170311
0 0 1016 -0.000225207 -0.00526151 -0.00123329 -0.00121665
0 0 1017 0.00126592 -0.00477386 0.00182258 -0.00225893
0 0 1018 0.00275705 0.00312488 0.000524394 -0.00242876
0 0 1019 5.38031e-06 0.00292101 0.00689041 -0.00509959
0 0 1020 0.00120443 -0.00292798 0.00105081 0.00322697
0 0 1021 -0.00159336 0.00138369 0.000696147 0.00201254
0 0 1022 -0.00165485 0.00138369 0.000696147 -0.000581518
0 0 1023 -0.00120904 0.00152144 -0.00354415 -0.00069319
