0 0 0 -0.0238211
0 0 1 -0.0171794
0 0 2 -0.00226852
0 0 3 -0.000135255
0 0 4 -0.00587528
0 0 5 0.0122905
0 0 6 -0.0075467
0 0 7 0.00309763
0 0 8 0.00369143
0 0 9 0.00514293
0 0 10 -0.00978993
0 0 11 -0.00935008
0 0 12 -0.0173333
0 0 13 -0.000465142
0 0 14 0.00239387
0 0 15 0.00193203
0 0 16 -0.0510257
0 0 17 0.0126643
0 0 18 0.00844179
0 0 19 0.00991528
0 0 20 -0.00622716
0 0 21 -0.0224356
0 0 22 -0.000641081
0 0 23 0.0150615
0 0 24 -0.00149879
0 0 25 -0.00589727
0 0 26 -0.0378083
0 0 27 0.00954141
0 0 28 0.00793597
0 0 29 -0.0229414
0 0 30 -0.0223036
0 0 31 -0.00943805
0 0 32 0.0145117
0 0 33 0.0100912
0 0 34 0.0138079
0 0 35 0.00202
0 0 36 -0.00701888
0 0 37 -0.00981192
0 0 38 0.0345908
0 0 39 0.00743014
0 0 40 -0.00253243
0 0 41 -0.00776663
0 0 42 0.00155816
0 0 43 0.004945
0 0 44 -0.000377172
0 0 45 -0.000333187
0 0 46 -0.00591926
0 0 47 -0.00961399
0 0 48 -0.00965798
0 0 49 0.00138222
0 0 50 0.00597864
0 0 51 0.00688033
0 0 52 0.00166812
0 0 53 0.000656472
0 0 54 -0.00328017
0 0 55 0.0118066
0 0 56 0.0140059
0 0 57 -0.00297228
0 0 58 -0.00838241
0 0 59 -0.0017407
0 0 60 0.0145777
0 0 61 -0.0247888
0 0 62 0.00602262
0 0 63 -0.0219078
0 0 64 0.0286968
0 0 65 -0.0141884
0 0 66 -0.0263942
0 0 67 0.0158312
0 0 68 -0.00317021
0 0 69 0.00791397
0 0 70 0.0217912
0 0 71 0.0301043
0 0 72 -0.00451175
0 0 73 0.000304593
0 0 74 0.00556078
0 0 75 -0.00343412
0 0 76 0.00254782
0 0 77 -0.0167395
0 0 78 0.0133681
0 0 79 -0.000421157
0 0 80 0.0190201
0 0 81 0.0158532
0 0 82 0.0129282
0 0 83 0.00846378
0 0 84 0.0118726
0 0 85 0.0116307
0 0 86 -0.00578731
0 0 87 0.00320759
0 0 88 -0.0260423
0 0 89 -0.018345
0 0 90 0.0155673
0 0 91 -0.000135255
0 0 92 -0.0134407
0 0 93 0.0075401
0 0 94 -0.0159918
0 0 95 0.00839781
0 0 96 0.0168869
0 0 97 0.0344148
0 0 98 0.0167109
0 0 99 -0.0207641
0 0 100 -0.00532547
0 0 101 -0.0435043
0 0 102 -0.0261083
0 0 103 -0.0113954
0 0 104 -0.0043578
0 0 105 0.00254782
0 0 106 -0.00772264
0 0 107 -0.0257124
0 0 108 0.00989329
0 0 109 -0.018367
0 0 110 0.0409246
0 0 111 -0.0107356
0 0 112 0.0173047
0 0 113 -0.00286232
0 0 114 0.00217395
0 0 115 0.0215053
0 0 116 0.0130822
0 0 117 -0.00939407
0 0 118 0.00571473
0 0 119 -0.0228754
0 0 120 0.0215713
0 0 121 0.00839781
0 0 122 -0.0130888
0 0 123 -0.0306168
0 0 124 0.00366943
0 0 125 0.0142258
0 0 126 0.00380139
0 0 127 0.0156333
0 0 128 -0.0147602
0 0 129 -0.00123488
0 0 130 -0.0128029
0 0 131 0.0138739
0 0 132 0.0409246
0 0 133 -0.0204563
0 0 134 0.0169749
0 0 135 -0.009592
0 0 136 0.0272893
0 0 137 0.00333955
0 0 138 -0.0488265
0 0 139 -0.00459972
0 0 140 -0.021204
0 0 141 0.0133241
0 0 142 -0.0093061
0 0 143 0.00153617
0 0 144 0.0386374
0 0 145 0.016667
0 0 146 -0.0164316
0 0 147 0.0389013
0 0 148 0.0160732
0 0 149 -0.0297371
0 0 150 0.0142918
0 0 151 0.0383515
0 0 152 -0.0177732
0 0 153 0.0436297
0 0 154 -0.0127369
0 0 155 0.0499415
0 0 156 -0.0102078
0 0 157 0.0385934
0 0 158 -0.0167395
0 0 159 -0.00594126
0 0 160 0.0536362
0 0 161 0.0317538
0 0 162 0.00894762
0 0 163 -0.0119012
0 0 164 0.0226929
0 0 165 0.0403088
0 0 166 0.0835239
0 0 167 0.0607838
0 0 168 0.0731215
0 0 169 0.12366
0 0 170 0.122275
0 0 171 0.131951
0 0 172 0.130698
0 0 173 0.150051
0 0 174 0.101008
0 0 175 0.124518
0 0 176 0.0982369
0 0 177 0.112158
0 0 178 0.0802031
0 0 179 0.0649623
0 0 180 0.0946961
0 0 181 0.0835679
0 0 182 0.0473024
0 0 183 0.105648
0 0 184 0.0724398
0 0 185 0.142728
0 0 186 0.141892
0 0 187 0.185371
0 0 188 0.235008
0 0 189 0.268942
0 0 190 0.378684
0 0 191 0.471272
0 0 192 0.600434
0 0 193 0.712485
0 0 194 0.859945
0 0 195 0.986885
0 0 196 1.14242
0 0 197 1.29764
0 0 198 1.34582
0 0 199 1.38697
0 0 200 1.34048
0 0 201 1.20303
0 0 202 1.00575
0 0 203 0.883784
0 0 204 0.722492
0 0 205 0.590119
0 0 206 0.462299
0 0 207 0.374968
0 0 208 0.26947
0 0 209 0.228168
0 0 210 0.15247
0 0 211 0.143211
0 0 212 0.123704
0 0 213 0.0983248
0 0 214 0.150777
0 0 215 0.119526
0 0 216 0.10567
0 0 217 0.114379
0 0 218 0.107386
0 0 219 0.0993585
0 0 220 0.106286
0 0 221 0.125947
0 0 222 0.104307
0 0 223 0.104439
0 0 224 0.113917
0 0 225 0.186822
0 0 226 0.262784
0 0 227 0.333776
0 0 228 0.402194
0 0 229 0.434787
0 0 230 0.387855
0 0 231 0.320514
0 0 232 0.25225
0 0 233 0.163774
0 0 234 0.115127
0 0 235 0.0967634
0 0 236 0.0650063
0 0 237 0.0171288
0 0 238 0.0748149
0 0 239 0.0341949
0 0 240 0.0264316
0 0 241 -0.0157939
0 0 242 0.0363282
0 0 243 0.00254782
0 0 244 0.00562676
0 0 245 0.0262996
0 0 246 0.0168429
0 0 247 0.00485703
0 0 248 0.0148196
0 0 249 0.00342752
0 0 250 -0.0283076
0 0 251 0.0246942
0 0 252 -0.0118792
0 0 253 -0.00297228
0 0 254 0.0287408
0 0 255 0.0052089
0 0 256 0.0186023
0 0 257 -0.0338936
0 0 258 0.013742
0 0 259 -0.0180591
0 0 260 -0.00682095
0 0 261 -0.0207641
0 0 262 0.00971735
0 0 263 0.00202
0 0 264 -0.0128909
0 0 265 0.0168429
0 0 266 -0.000487134
0 0 267 0.0143138
0 0 268 0.0233746
0 0 269 -0.00196063
0 0 270 -0.00833843
0 0 271 0.0233746
0 0 272 -0.0199724
0 0 273 0.0387034
0 0 274 0.00655044
0 0 275 0.0255519
0 0 276 0.00536285
0 0 277 0.0127743
0 0 278 0.0320617
0 0 279 0.0333152
0 0 280 -0.0200604
0 0 281 0.00641849
0 0 282 0.00641849
0 0 283 -0.0202583
0 0 284 -0.0213799
0 0 285 0.0170408
0 0 286 -0.024085
0 0 287 0.0072542
0 0 288 0.00866172
0 0 289 0.0490178
0 0 290 -0.0193566
0 0 291 0.0277072
0 0 292 0.00756209
0 0 293 -0.00429182
0 0 294 0.0382635
0 0 295 0.0402208
0 0 296 0.016667
0 0 297 0.00762807
0 0 298 0.0435857
0 0 299 -0.0237991
0 0 300 -0.0171794
0 0 301 -0.00226852
0 0 302 -0.000135255
0 0 303 -0.00585329
0 0 304 0.0122905
0 0 305 -0.0075467
0 0 306 0.00311962
0 0 307 0.00371342
0 0 308 0.00516492
0 0 309 -0.00978993
0 0 310 -0.00932809
0 0 311 -0.0173333
0 0 312 -0.000465142
0 0 313 0.00241587
0 0 314 0.00193203
0 0 315 -0.0510037
0 0 316 0.0126643
0 0 317 0.00846378
0 0 318 0.00991528
0 0 319 -0.00620516
0 0 320 -0.0224356
0 0 321 -0.000641081
0 0 322 0.0150615
0 0 323 -0.00149879
0 0 324 -0.00589727
0 0 325 -0.0378083
0 0 326 0.00954141
0 0 327 0.00795796
0 0 328 -0.0229414
0 0 329 -0.0223036
0 0 330 -0.00943805
0 0 331 0.0145337
0 0 332 0.0100912
0 0 333 0.0138299
0 0 334 0.00202
0 0 335 -0.00699689
0 0 336 -0.00978993
0 0 337 0.0346128
0 0 338 0.00745213
0 0 339 -0.00253243
0 0 340 -0.00774463
0 0 341 0.00155816
0 0 342 0.004945
0 0 343 -0.000355179
0 0 344 -0.000333187
0 0 345 -0.00591926
0 0 346 -0.009592
0 0 347 -0.00965798
0 0 348 0.00138222
0 0 349 0.00597864
0 0 350 0.00690232
0 0 351 0.00166812
0 0 352 0.000678465
0 0 353 -0.00325818
0 0 354 0.0118066
0 0 355 0.0140059
0 0 356 -0.00297228
0 0 357 -0.00838241
0 0 358 -0.0017407
0 0 359 0.0145777
0 0 360 -0.0247888
0 0 361 0.00602262
0 0 362 -0.0218858
0 0 363 0.0286968
0 0 364 -0.0141664
0 0 365 -0.0263722
0 0 366 0.0158312
0 0 367 -0.00314822
0 0 368 0.00791397
0 0 369 0.0218132
0 0 370 0.0301043
0 0 371 -0.00448976
0 0 372 0.000326586
0 0 373 0.00556078
0 0 374 -0.00341213
0 0 375 0.00256981
0 0 376 -0.0167395
0 0 377 0.0133901
0 0 378 -0.000421157
0 0 379 0.0190201
0 0 380 0.0158532
0 0 381 0.0129282
0 0 382 0.00846378
0 0 383 0.0118946
0 0 384 0.0116307
0 0 385 -0.00578731
0 0 386 0.00322959
0 0 387 -0.0260203
0 0 388 -0.018345
0 0 389 0.0155893
0 0 390 -0.000135255
0 0 391 -0.0134407
0 0 392 0.00756209
0 0 393 -0.0159918
0 0 394 0.00839781
0 0 395 0.0168869
0 0 396 0.0344148
0 0 397 0.0167109
0 0 398 -0.0207641
0 0 399 0.004923
0 0 400 0.00439518
0 0 401 -0.0284835
0 0 402 -0.000443149
0 0 403 0.0358224
0 0 404 -0.0168275
0 0 405 -0.00382998
0 0 406 -0.0123411
0 0 407 -0.0217318
0 0 408 0.0241664
0 0 409 0.0293126
0 0 410 -0.0272959
0 0 411 0.0172168
0 0 412 -0.000839013
0 0 413 -0.0168495
0 0 414 -0.00591926
0 0 415 0.00457112
0 0 416 0.0314459
0 0 417 -0.021116
0 0 418 0.0248261
0 0 419 -0.0195766
0 0 420 0.0103991
0 0 421 -0.0146722
0 0 422 -0.0169155
0 0 423 -0.01542
0 0 424 -0.015464
0 0 425 0.0270474
0 0 426 0.00468109
0 0 427 0.00512093
0 0 428 -0.0378962
0 0 429 -0.000157248
0 0 430 0.0250241
0 0 431 0.0156333
0 0 432 -0.00299427
0 0 433 0.00360346
0 0 434 0.0259698
0 0 435 6.26766e-05
0 0 436 0.016645
0 0 437 -0.00158676
0 0 438 4.06842e-05
0 0 439 0.0169749
0 0 440 -0.00152078
0 0 441 -0.0231393
0 0 442 0.00602262
0 0 443 0.0158093
0 0 444 -0.0155519
0 0 445 -0.0126489
0 0 446 -0.0101858
0 0 447 0.0406167
0 0 448 0.0366141
0 0 449 0.0134341
0 0 450 -0.0110875
0 0 451 0.0124004
0 0 452 0.0161171
0 0 453 0.0257498
0 0 454 0.0331833
0 0 455 0.0384175
0 0 456 -0.0064031
0 0 457 0.0150395
0 0 458 -0.0100099
0 0 459 -0.00921813
0 0 460 0.00732018
0 0 461 -0.02127
0 0 462 -0.00561137
0 0 463 0.00745213
0 0 464 -0.0362028
0 0 465 0.000942374
0 0 466 0.0109269
0 0 467 0.016491
0 0 468 0.00188805
0 0 469 -0.018433
0 0 470 0.0241664
0 0 471 0.0199218
0 0 472 0.00307564
0 0 473 -0.00677697
0 0 474 -0.00182867
0 0 475 0.00567075
0 0 476 -0.00193863
0 0 477 -0.00402791
0 0 478 -0.000948975
0 0 479 0.0337551
0 0 480 0.00738615
0 0 481 0.0215273
0 0 482 0.013742
0 0 483 -0.000795028
0 0 484 -0.00418186
0 0 485 0.0267395
0 0 486 0.0234626
0 0 487 -2.52931e-05
0 0 488 0.00114031
0 0 489 0.0069683
0 0 490 -0.00420385
0 0 491 -0.0175533
0 0 492 0.0169968
0 0 493 -0.018389
0 0 494 0.00954141
0 0 495 0.0142918
0 0 496 -0.0219517
0 0 497 0.01935
0 0 498 0.0169529
0 0 499 0.00830984
0 0 500 0.000128654
0 0 501 -0.0134847
0 0 502 -0.0121651
0 0 503 0.00584668
0 0 504 0.00479105
0 0 505 -0.0046657
0 0 506 -0.0084264
0 0 507 0.00749612
0 0 508 -0.0289013
0 0 509 0.00962938
0 0 510 0.0180305
0 0 511 0.0158532
0 0 512 -0.00574332
0 0 513 0.0184264
0 0 514 -0.00257641
0 0 515 0.0178545
0 0 516 0.0482261
0 0 517 0.0207136
0 0 518 -0.0090202
0 0 519 -0.00770065
0 0 520 0.0230887
0 0 521 -0.0081405
0 0 522 0.0261677
0 0 523 0.00103034
0 0 524 0.0115867
0 0 525 -0.0486505
0 0 526 0.0113448
0 0 527 -0.0247228
0 0 528 0.0207356
0 0 529 0.000810419
0 0 530 0.0408146
0 0 531 -0.0289673
0 0 532 0.0143138
0 0 533 -0.0196425
0 0 534 -0.0188728
0 0 535 -0.00501757
0 0 536 0.00727619
0 0 537 0.00954141
0 0 538 0.0116307
0 0 539 -0.00554539
0 0 540 -0.0109995
0 0 541 0.0198559
0 0 542 -0.0191807
0 0 543 0.0173487
0 0 544 0.0131042
0 0 545 0.0395391
0 0 546 -0.0265482
0 0 547 -0.0162777
0 0 548 0.0442675
0 0 549 -0.00574332
0 0 550 0.0189102
0 0 551 0.0145777
0 0 552 0.0355365
0 0 553 0.0100692
0 0 554 0.0114108
0 0 555 0.00685834
0 0 556 0.00925551
0 0 557 0.0343049
0 0 558 0.0163371
0 0 559 0.0213074
0 0 560 -0.0142764
0 0 561 -0.000245217
0 0 562 -0.00160875
0 0 563 -0.00163074
0 0 564 -0.0121871
0 0 565 0.010685
0 0 566 -0.00165273
0 0 567 -0.0150681
0 0 568 0.0121365
0 0 569 -0.0407992
0 0 570 -0.0305508
0 0 571 0.0139839
0 0 572 -0.0014548
0 0 573 0.0213294
0 0 574 0.00679236
0 0 575 -0.00158676
0 0 576 -0.0209841
0 0 577 0.0228468
0 0 578 -0.00926211
0 0 579 0.0184703
0 0 580 0.00314162
0 0 581 0.00228391
0 0 582 -0.00317021
0 0 583 0.013764
0 0 584 -0.0185429
0 0 585 -0.000311195
0 0 586 0.0296865
0 0 587 0.00617657
0 0 588 0.0286088
0 0 589 -0.0157499
0 0 590 0.00611059
0 0 591 0.00901359
0 0 592 -0.00189465
0 0 593 -0.0133087
0 0 594 -0.00772264
0 0 595 0.0315558
0 0 596 0.0187123
0 0 597 0.0337551
0 0 598 0.016491
0 0 599 -0.0173993
0 0 600 -0.00213657
0 0 601 0.00386737
0 0 602 -0.0223916
0 0 603 0.00808991
0 0 604 0.0218352
0 0 605 -0.00273036
0 0 606 -0.00422585
0 0 607 -0.0378962
0 0 608 0.0134121
0 0 609 0.0156553
0 0 610 -0.00565535
0 0 611 0.0185583
0 0 612 0.00619856
0 0 613 0.0198998
0 0 614 -0.0237551
0 0 615 -0.0118352
0 0 616 -0.00662302
0 0 617 -0.000421157
0 0 618 -0.0300889
0 0 619 0.0155453
0 0 620 0.00991528
0 0 621 -0.0245688
0 0 622 0.0294666
0 0 623 -0.0170914
0 0 624 0.0383955
0 0 625 -0.00587528
0 0 626 0.00151418
0 0 627 -0.00965798
0 0 628 0.00967337
0 0 629 0.00597864
0 0 630 -0.0108456
0 0 631 0.0341949
0 0 632 -0.00605122
0 0 633 0.0276192
0 0 634 -0.0102738
0 0 635 -0.0119012
0 0 636 0.00309763
0 0 637 0.00481304
0 0 638 0.010729
0 0 639 0.0172168
0 0 640 0.0201857
0 0 641 0.0178106
0 0 642 0.0110369
0 0 643 0.0261457
0 0 644 -0.0040719
0 0 645 -0.0247228
0 0 646 -0.0287694
0 0 647 -0.0122971
0 0 648 -0.00154277
0 0 649 -0.00512754
0 0 650 0.0126863
0 0 651 0.0103991
0 0 652 -0.0340036
0 0 653 -0.0326181
0 0 654 0.0277291
0 0 655 0.0244743
0 0 656 -0.00572133
0 0 657 -0.00497359
0 0 658 -0.00415987
0 0 659 0.0532624
0 0 660 0.0114108
0 0 661 0.0023059
0 0 662 0.0103551
0 0 663 -0.00937207
0 0 664 0.00325158
0 0 665 0.00573672
0 0 666 0.00747412
0 0 667 0.00307564
0 0 668 0.00294368
0 0 669 -0.00440179
0 0 670 -0.0135946
0 0 671 -0.0139025
0 0 672 0.00547281
0 0 673 -0.0049296
0 0 674 0.0181624
0 0 675 0.000106661
0 0 676 0.00353748
0 0 677 0.000172639
0 0 678 0.00252583
0 0 679 0.00822187
0 0 680 0.00298767
0 0 681 0.0229128
0 0 682 -0.00242247
0 0 683 -0.00565535
0 0 684 0.0183384
0 0 685 -0.0142984
0 0 686 0.0271134
0 0 687 -0.0216438
0 0 688 0.0245183
0 0 689 0.00171211
0 0 690 -0.0102958
0 0 691 -0.0195546
0 0 692 0.0149515
0 0 693 -0.0078326
0 0 694 0.00822187
0 0 695 0.0218352
0 0 696 -0.0543026
0 0 697 0.00791397
0 0 698 0.00619856
0 0 699 0.0178985
0 0 700 0.0350526
0 0 701 -0.024239
0 0 702 -0.0161457
0 0 703 -0.0117473
0 0 704 -0.0251187
0 0 705 0.0374938
0 0 706 -0.00646907
0 0 707 -0.0203463
0 0 708 -0.00688693
0 0 709 -0.00891023
0 0 710 0.0103331
0 0 711 -0.0139685
0 0 712 0.00138222
0 0 713 -0.00306025
0 0 714 -0.0351692
0 0 715 0.00202
0 0 716 0.0278831
0 0 717 -0.0190267
0 0 718 -0.018213
0 0 719 -0.0138805
0 0 720 -0.00514953
0 0 721 0.00723221
0 0 722 -0.0230294
0 0 723 -0.00688693
0 0 724 0.0228908
0 0 725 0.000898389
0 0 726 -0.0113514
0 0 727 -0.00528148
0 0 728 -0.00880027
0 0 729 0.0150835
0 0 730 -0.000487134
0 0 731 0.0171288
0 0 732 -0.0219737
0 0 733 0.00998126
0 0 734 0.0452131
0 0 735 -0.0157059
0 0 736 -0.027098
0 0 737 0.0230887
0 0 738 -0.000377172
0 0 739 -0.0425586
0 0 740 -0.0309466
0 0 741 0.0138519
0 0 742 0.000678465
0 0 743 -0.044362
0 0 744 0.0127743
0 0 745 -9.12704e-05
0 0 746 0.036834
0 0 747 0.013676
0 0 748 0.0272893
0 0 749 -0.0301329
0 0 750 -0.0234692
0 0 751 -0.0119892
0 0 752 -0.00209258
0 0 753 -0.00992189
0 0 754 0.0220991
0 0 755 0.0122905
0 0 756 -0.00737076
0 0 757 0.00756209
0 0 758 -0.029781
0 0 759 0.0350306
0 0 760 -0.021248
0 0 761 -0.0205442
0 0 762 -0.0274498
0 0 763 0.0095854
0 0 764 -0.012605
0 0 765 0.0343489
0 0 766 0.00250384
0 0 767 0.00762807
0 0 768 0.0257938
0 0 769 0.00868371
0 0 770 0.00415327
0 0 771 -0.00297228
0 0 772 0.0159412
0 0 773 0.0145557
0 0 774 0.0360863
0 0 775 0.033997
0 0 776 -0.0168055
0 0 777 0.00738615
0 0 778 -0.0142764
0 0 779 0.00140421
0 0 780 -0.00312623
0 0 781 -0.0177952
0 0 782 0.0250021
0 0 783 0.0206916
0 0 784 0.0124664
0 0 785 0.0269374
0 0 786 0.0248921
0 0 787 0.0023059
0 0 788 -0.015288
0 0 789 0.0195919
0 0 790 -0.0244809
0 0 791 0.00663841
0 0 792 -0.0110215
0 0 793 -0.000795028
0 0 794 -0.0146942
0 0 795 -0.00781061
0 0 796 0.0177666
0 0 797 -0.0208521
0 0 798 0.0153694
0 0 799 -0.0128029
0 0 800 0.0413864
0 0 801 0.0233527
0 0 802 0.0315558
0 0 803 -0.00616118
0 0 804 -0.0165196
0 0 805 0.0204497
0 0 806 0.0101572
0 0 807 -0.00882226
0 0 808 0.00734217
0 0 809 0.0277072
0 0 810 -0.0314745
0 0 811 0.0058027
0 0 812 -0.0064031
0 0 813 -0.0166736
0 0 814 0.0105751
0 0 815 -0.00558938
0 0 816 -0.0117692
0 0 817 0.00885965
0 0 818 -0.00178469
0 0 819 -0.0134847
0 0 820 -0.0179711
0 0 821 -0.00776663
0 0 822 0.00470308
0 0 823 0.000502525
0 0 824 -0.0189388
0 0 825 0.0290707
0 0 826 -0.0495962
0 0 827 0.0209995
0 0 828 -0.0031922
0 0 829 -0.0263502
0 0 830 -0.00657904
0 0 831 -0.0136606
0 0 832 0.0217472
0 0 833 0.0257938
0 0 834 -0.0326621
0 0 835 -0.00567735
0 0 836 -0.0342235
0 0 837 -0.0178831
0 0 838 0.00512093
0 0 839 -0.00739276
0 0 840 0.00239387
0 0 841 -0.0334318
0 0 842 -0.0167395
0 0 843 0.00474706
0 0 844 -0.00880027
0 0 845 0.034063
0 0 846 -0.0164316
0 0 847 0.00476906
0 0 848 0.022253
0 0 849 0.0113668
0 0 850 0.0092775
0 0 851 0.0272893
0 0 852 0.0109049
0 0 853 0.0122465
0 0 854 -0.041525
0 0 855 0.0034715
0 0 856 -0.0145183
0 0 857 -0.015266
0 0 858 0.00776003
0 0 859 -0.00710685
0 0 860 -0.0194006
0 0 861 0.0150615
0 0 862 0.00169012
0 0 863 0.0289167
0 0 864 -0.0184549
0 0 865 -0.0201484
0 0 866 0.0231327
0 0 867 -0.000685066
0 0 868 0.0405287
0 0 869 0.0095634
0 0 870 -0.00099296
0 0 871 0.0266295
0 0 872 -0.0225455
0 0 873 0.0207795
0 0 874 -0.0355431
0 0 875 -0.00475366
0 0 876 0.0126204
0 0 877 -0.000882998
0 0 878 0.013632
0 0 879 -0.0187848
0 0 880 0.0183384
0 0 881 0.0134121
0 0 882 0.00586868
0 0 883 -0.00774463
0 0 884 0.00107433
0 0 885 -0.00809651
0 0 886 -0.00356607
0 0 887 0.0109929
0 0 888 0.0152155
0 0 889 -0.00356607
0 0 890 0.0276412
0 0 891 0.0142918
0 0 892 -0.0139465
0 0 893 -0.00246645
0 0 894 0.0200978
0 0 895 0.0052089
0 0 896 0.0403088
0 0 897 -0.00886625
0 0 898 0.0324575
0 0 899 0.0493697
0 0 900 -0.0196865
0 0 901 0.00850777
0 0 902 0.0389893
0 0 903 -0.0268561
0 0 904 -0.0200604
0 0 905 -0.0106476
0 0 906 0.00780401
0 0 907 0.00575871
0 0 908 -0.0101418
0 0 909 -0.0163657
0 0 910 -0.0103397
0 0 911 -0.00481964
0 0 912 0.0314899
0 0 913 0.0199878
0 0 914 -0.00165273
0 0 915 -0.0078546
0 0 916 0.0173487
0 0 917 0.0122465
0 0 918 0.0181185
0 0 919 0.00250384
0 0 920 -0.0026204
0 0 921 -0.0145183
0 0 922 0.0342169
0 0 923 0.000524518
0 0 924 0.0153694
0 0 925 0.0154794
0 0 926 0.000172639
0 0 927 0.00391135
0 0 928 0.00611059
0 0 929 -0.02116
0 0 930 -0.000773036
0 0 931 0.0203617
0 0 932 -0.0180371
0 0 933 -0.0151781
0 0 934 -0.00644708
0 0 935 -0.00574332
0 0 936 0.0307201
0 0 937 -0.00864632
0 0 938 0.0323696
0 0 939 0.016579
0 0 940 -0.0196645
0 0 941 0.0100692
0 0 942 0.0112568
0 0 943 -0.026878
0 0 944 0.000832412
0 0 945 -0.0316284
0 0 946 0.0127303
0 0 947 -0.0339596
0 0 948 -0.0376323
0 0 949 -0.0174653
0 0 950 -0.00633712
0 0 951 0.0395391
0 0 952 0.000986359
0 0 953 -0.00882226
0 0 954 0.0066604
0 0 955 -0.0058093
0 0 956 0.00382338
0 0 957 -0.00688693
0 0 958 -0.00026721
0 0 959 -0.00781061
0 0 960 -0.00932809
0 0 961 -0.0248547
0 0 962 -0.015332
0 0 963 -0.0143424
0 0 964 0.000106661
0 0 965 -0.00121288
0 0 966 0.00606661
0 0 967 0.0197679
0 0 968 0.0034935
0 0 969 0.00525289
0 0 970 -0.0029063
0 0 971 0.0214173
0 0 972 0.00331756
0 0 973 0.00914555
0 0 974 -0.00196063
0 0 975 0.031116
0 0 976 0.016623
0 0 977 -0.0173773
0 0 978 0.0287408
0 0 979 0.00461511
0 0 980 -0.00167473
0 0 981 0.00342752
0 0 982 -0.024217
0 0 983 -0.00136683
0 0 984 0.0192621
0 0 985 -0.009592
0 0 986 0.0272673
0 0 987 0.0159852
0 0 988 0.00413128
0 0 989 0.00410928
0 0 990 0.0124884
0 0 991 0.0364601
0 0 992 0.00228391
0 0 993 0.0138959
0 0 994 -0.00706287
0 0 995 -0.024151
0 0 996 -0.00130085
0 0 997 0.0201198
0 0 998 0.0212414
0 0 999 -0.0192467
0 0 1000 -0.0191147
0 0 1001 0.0250901
0 0 1002 0.0237045
0 0 1003 -0.0206762
0 0 1004 -0.00486363
0 0 1005 -0.0180811
0 0 1006 -0.00180668
0 0 1007 0.00976134
0 0 1008 -0.00114691
0 0 1009 -0.0199504
0 0 1010 0.0102892
0 0 1011 0.0190201
0 0 1012 -0.0148702
0 0 1013 -0.0140345
0 0 1014 -0.0200384
0 0 1015 0.00780401
0 0 1016 -0.00600723
0 0 1017 -0.00286232
0 0 1018 0.0173047
0 0 1019 -0.0287034
0 0 1020 0.00767206
0 0 1021 0.0589364
0 0 1022 0.0589364
0 0 1023 0.0589364
