0 0 0 2.68498 1.0056 -7.05955 -1.31055
0 0 1 1.35588 3.56585 -7.83104 4.19591
0 0 2 11.8064 3.38994 -4.60534 3.10904
0 0 3 -8.21655 -4.78082 -1.09868 -1.20547
0 0 4 -7.20413 -1.27378 -11.9695 -6.11439
0 0 5 -8.18297 1.84744 -10.1812 -0.397775
0 0 6 3.1792 5.5991 -16.2833 -3.4137
0 0 7 18.0489 -5.97298 -9.97012 17.1002
0 0 8 10.5061 -4.25457 6.1599 21.3787
0 0 9 19.5219 -15.1253 12.0524 0.442858
0 0 10 -4.88659 13.1039 -5.34115 5.87874
0 0 11 2.54583 1.35593 -0.99314 -2.85223
0 0 12 -8.57162 -5.55169 -3.90371 -5.55292
0 0 13 -9.83355 1.21625 0.268899 3.17805
0 0 14 3.31835 -3.76382 -4.6752 10.3328
0 0 15 8.19333 -6.39353 -15.1253 -8.25361
0 0 16 2.58422 -5.65739 18.0133 -8.81508
0 0 17 10.1558 15.5932 8.37033 -2.88831
0 0 18 2.22915 17.6974 3.70569 -9.44555
0 0 19 5.24723 13.56 1.98729 0.0225416
0 0 20 4.12445 -3.02692 10.6491 4.09083
0 0 21 6.47557 10.5792 -0.642326 -15.548
0 0 22 -2.78498 -5.51696 -2.25518 14.8559
0 0 23 10.2949 -5.13114 7.17815 3.91517
0 0 24 -4.21964 -8.91829 -6.49914 -11.3746
0 0 25 21.0621 5.80975 2.68892 -4.67622
0 0 26 11.7008 2.79423 -1.09868 8.92917
0 0 27 -2.29076 -7.86656 -5.02602 14.2945
0 0 28 7.42082 -8.39205 1.7777 -6.39512
0 0 29 -5.16969 -11.5488 -17.3699 11.3836
0 0 30 17.9769 0.339682 -0.678002 0.864743
0 0 31 4.26359 4.72253 7.07261 -13.6879
0 0 32 5.77503 2.51336 7.24802 -3.23805
0 0 33 16.8877 -5.44674 -6.81428 4.37156
0 0 34 -10.8124 5.5991 -12.7766 2.09119
0 0 35 -9.90073 7.28278 -1.16855 2.58208
0 0 36 7.38723 7.0374 13.0692 -1.52071
0 0 37 6.68669 12.6479 6.09003 8.3677
0 0 38 7.38723 4.54737 1.11026 -2.537
0 0 39 -5.06413 -5.97298 8.08938 3.88067
0 0 40 -10.4621 0.0935473 2.82865 -6.60528
0 0 41 0.338658 -7.34031 16.9266 -0.223689
0 0 42 6.72028 -12.2849 -1.58923 -2.50249
0 0 43 14.1911 -0.361726 2.61906 -5.48235
0 0 44 3.45749 -16.9486 -4.2902 0.198196
0 0 45 -3.37996 -19.1933 2.30243 -3.72894
0 0 46 3.66862 -12.8111 4.75813 -7.83173
0 0 47 7.31526 8.15935 5.88044 -10.7786
0 0 48 -4.3252 0.760224 7.31788 -11.0939
0 0 49 -6.43162 -1.69432 -3.86952 -9.16482
0 0 50 -3.41354 -8.6027 -11.1623 -1.73087
0 0 51 10.2949 -19.3337 -9.16443 11.8745
0 0 52 8.08777 7.6686 14.4709 -7.93838
0 0 53 -7.13216 -4.95598 11.2809 13.6279
0 0 54 9.48885 -2.53616 18.3997 5.42235
0 0 55 13.8024 -6.00772 17.9077 -4.2559
0 0 56 -7.13216 -11.0927 -0.957464 -0.433847
0 0 57 1.63417 -2.39573 -3.58857 9.2099
0 0 58 -9.41131 -15.5813 7.80843 11.4887
0 0 59 6.33642 1.3212 -5.6221 -4.92245
0 0 60 -11.7624 6.72181 -5.37683 -5.30826
0 0 61 3.42391 3.74102 -15.7214 10.7532
0 0 62 -1.20637 3.84596 -8.39294 -7.13068
0 0 63 4.82499 -0.992917 5.59949 0.794167
0 0 64 -0.328294 0.444628 -5.55224 17.381
0 0 65 -5.4144 -0.783023 -2.92262 3.17805
0 0 66 2.09 -8.00699 -1.30828 2.30135
0 0 67 -0.361881 0.794955 4.54705 16.785
0 0 68 -2.29076 -4.14963 -5.69197 12.963
0 0 69 0.477806 -2.46595 9.7721 3.03847
0 0 70 1.73974 7.45795 6.26544 -10.4273
0 0 71 -6.49879 9.49195 -13.2315 -0.258192
0 0 72 16.12 1.35593 8.6156 10.7532
0 0 73 2.33471 0.23398 -2.60599 -1.48464
0 0 74 -1.31193 3.42542 6.96707 -2.39741
0 0 75 14.1527 6.05513 6.05584 -5.44784
0 0 76 -1.34551 5.21329 -12.8108 -7.0256
0 0 77 -3.24081 2.02261 -14.1085 -5.48235
0 0 78 -16.7046 3.49564 -3.3433 -2.22176
0 0 79 -6.92104 3.60058 0.338764 -4.15082
0 0 80 -8.01023 -14.3189 -2.25518 -0.644005
0 0 81 -3.8022 -4.88577 -2.32653 -2.46799
0 0 82 9.77194 7.98419 -0.817733 -0.783588
0 0 83 10.4389 6.05513 -7.86672 18.7486
0 0 84 -17.2996 -11.3026 -6.46346 6.44021
0 0 85 -12.7077 -4.25457 -15.6158 -11.7604
0 0 86 -8.32211 -3.86876 5.31854 -5.30826
0 0 87 -6.04296 -6.98999 -0.783543 6.26455
0 0 88 14.6469 -10.4261 -7.3405 -0.678508
0 0 89 7.98221 16.996 -0.887598 13.4178
0 0 90 8.89387 2.75874 5.42408 9.52514
0 0 91 -8.04382 -5.97298 -9.90025 -4.36098
0 0 92 1.00561 -4.78082 -9.65498 -5.30826
0 0 93 2.30113 5.77502 0.900662 -11.5142
0 0 94 11.84 7.31751 2.12702 10.3673
0 0 95 9.03302 18.0485 0.199033 -7.27183
0 0 96 0.0939488 -0.0113996 -3.83384 1.1094
0 0 97 11.173 -0.88797 5.49395 2.26684
0 0 98 9.10499 -6.3588 6.79166 0.442858
0 0 99 5.88059 -5.65739 7.59883 -13.7946
0 0 100 -17.1604 3.46015 -8.07631 -4.71229
0 0 101 -16.3543 3.95091 1.9531 6.68487
0 0 102 -4.64189 -7.44526 -4.6752 11.3491
0 0 103 0.338658 -7.76086 8.72114 7.59765
0 0 104 3.56306 1.07582 4.26758 11.8745
0 0 105 13.385 3.95091 11.0698 20.0801
0 0 106 11.6288 1.28647 4.72245 -10.603
0 0 107 17.9049 3.9864 6.47652 -18.6674
0 0 108 4.65225 5.5991 3.39055 -5.86816
0 0 109 -3.30798 -2.32552 0.584037 -1.1349
0 0 110 -2.57386 3.46015 1.14593 6.19398
0 0 111 2.72337 12.6479 3.1096 4.44057
0 0 112 12.2238 5.66932 3.46042 -5.44784
0 0 113 4.58028 -5.06093 7.6687 0.899246
0 0 114 4.89696 0.619792 3.91677 1.49522
0 0 115 9.38329 -0.537644 5.73922 8.2987
0 0 116 -5.27525 -15.8267 -13.5481 3.52936
0 0 117 -29.8181 -12.3551 -5.34115 -2.32684
0 0 118 -8.11579 -15.8267 -1.30828 -2.08218
0 0 119 0.900048 -17.5451 4.58272 15.1367
0 0 120 -1.45108 -2.18584 9.07047 2.61815
0 0 121 -3.34637 8.6856 7.21234 -8.28812
0 0 122 -8.74436 -4.39501 3.00406 11.6299
0 0 123 3.80776 -1.23905 5.42408 0.0931171
0 0 124 9.17696 7.31751 10.7889 2.65266
0 0 125 8.86028 -8.2871 2.12702 9.45613
0 0 126 -0.222733 -0.783023 -6.28805 -0.993746
0 0 127 25.5149 -2.2553 13.7351 -6.9911
0 0 128 -8.04382 -7.86656 -7.90091 0.337779
0 0 129 -0.222733 -0.326995 23.5193 8.15755
0 0 130 10.1894 -0.817754 16.7854 6.36963
0 0 131 20.256 -2.53616 10.9643 0.828671
0 0 132 -11.3066 -7.90129 -9.2343 6.75544
0 0 133 -4.15247 -15.3004 -4.00925 7.49257
0 0 134 -10.323 -2.81703 -5.90305 7.98346
0 0 135 -5.55355 -8.39205 -2.07977 1.25056
0 0 136 3.74059 -20.4904 -6.81428 -9.79686
0 0 137 -0.644976 -12.7054 -8.70808 -6.74486
0 0 138 12.3294 6.65159 8.8252 0.723592
0 0 139 5.84221 19.6612 -11.7941 -5.44784
0 0 140 -10.1454 0.970873 -1.55504 -7.20125
0 0 141 6.08691 -5.79782 -6.95549 -0.328768
0 0 142 1.14476 11.9118 -2.50045 -11.9361
0 0 143 6.85943 10.0529 15.1027 -9.34048
0 0 144 10.4725 -7.0602 -3.5187 -4.81737
0 0 145 5.03611 -4.14963 6.23125 6.19398
0 0 146 -3.34637 -3.62338 -7.12941 -1.48464
0 0 147 2.40669 -6.60418 -2.00991 -1.52071
0 0 148 3.52947 -7.2701 -2.43059 0.2327
0 0 149 2.3731 -2.00992 -4.64101 2.4425
0 0 150 -5.55355 -2.04541 5.42408 -8.77901
0 0 151 -10.2894 9.42174 -0.536784 -6.46413
0 0 152 10.0502 2.30272 -2.32653 -6.39512
0 0 153 7.87665 -13.6175 -6.28805 8.71901
0 0 154 2.19557 -0.256779 5.14313 3.77402
0 0 155 -5.1313 8.96571 10.7547 1.49522
0 0 156 12.8236 -14.3891 1.67216 0.47893
0 0 157 -2.43471 -7.79634 11.877 8.15755
0 0 158 2.61781 -1.69432 -11.4432 11.9106
0 0 159 2.51225 8.05441 8.75533 7.56157
0 0 160 2.22915 -3.2723 -1.37963 -0.783588
0 0 161 9.42167 6.72181 -4.25452 6.15947
0 0 162 8.08777 7.87849 -4.36006 4.86245
0 0 163 3.56306 -1.27378 -6.78009 -4.11475
0 0 164 -1.31193 6.68632 3.42474 -10.603
0 0 165 13.8024 -9.51475 -19.7899 7.31691
0 0 166 8.82189 -10.1459 -12.2147 1.42464
0 0 167 -14.4254 -7.76086 -7.72699 10.4379
0 0 168 -3.62467 -3.86876 -6.14832 1.91553
0 0 169 -6.46521 5.87997 -5.2371 -1.1694
0 0 170 1.60059 16.0145 1.74202 1.49522
0 0 171 17.238 16.4705 -5.69197 3.07297
0 0 172 5.88059 -0.467428 1.91743 -6.92052
0 0 173 -1.16798 5.28351 1.60229 1.63637
0 0 174 13.7353 2.30272 3.32068 -5.20318
0 0 175 -10.7068 -13.1615 4.79232 -7.51649
0 0 176 5.49194 -12.7409 -4.88628 3.00396
0 0 177 20.6783 0.023331 4.37164 6.78995
0 0 178 16.9261 6.68632 -0.783543 -0.71458
0 0 179 -11.4457 3.10983 -10.3566 -5.16711
0 0 180 13.4858 5.10835 -10.0058 -12.2513
0 0 181 1.17834 6.09062 -0.747867 -5.44784
0 0 182 7.91023 0.374412 -0.257322 3.70501
0 0 183 10.2949 2.26799 -1.51936 4.75581
0 0 184 2.44027 4.65232 -8.00645 -9.93645
0 0 185 14.4358 3.18004 15.1384 -0.292696
0 0 186 -5.76467 0.83044 -3.13221 2.79224
0 0 187 -8.6388 5.52889 -9.6193 2.09119
0 0 188 2.72337 2.93391 14.1216 -9.30597
0 0 189 6.47557 -7.58569 -4.88628 -2.18726
0 0 190 -14.6701 -7.93677 -5.51656 3.98575
0 0 191 10.8563 -4.42974 -2.60599 7.8078
0 0 192 2.8961 -0.992917 10.1928 4.75581
0 0 193 6.47557 -7.69139 14.2955 8.01796
0 0 194 5.56391 2.58358 -5.90305 8.3677
0 0 195 14.1527 5.03813 -0.466919 -0.153113
0 0 196 0.372245 -18.2465 1.32134 -10.007
0 0 197 2.51225 -14.9146 4.58272 -7.72665
0 0 198 -13.4418 6.40621 4.26758 -8.98917
0 0 199 -18.7054 5.80975 2.05716 -2.92281
0 0 200 -3.48552 7.59838 -2.99248 11.3146
0 0 201 0.583366 23.3079 -0.397053 -2.43192
0 0 202 -4.3252 7.87849 4.40732 -6.95659
0 0 203 -10.9179 0.163763 -5.30696 -3.87009
0 0 204 3.52947 6.47643 2.89852 -0.397775
0 0 205 -9.58884 10.7543 18.1887 11.1045
0 0 206 -3.90776 2.40842 5.98449 -4.18533
0 0 207 -1.02883 5.17856 1.84756 4.30099
0 0 208 -11.9016 3.49564 8.96641 -12.2858
0 0 209 -18.5279 1.42615 -9.51525 -0.258192
0 0 210 -10.6732 5.77502 0.934851 -0.607933
0 0 211 5.21364 2.82896 7.98384 -5.48235
0 0 212 10.4725 -0.397211 -6.78009 -7.55256
0 0 213 3.56306 -2.81703 8.72114 -6.25397
0 0 214 -11.1627 -23.0854 -5.20142 -12.5321
0 0 215 6.89301 -3.41273 -11.3377 -5.51842
0 0 216 -2.29076 3.42542 -4.60534 -4.60564
0 0 217 3.42391 4.75802 12.0524 -17.5116
0 0 218 -10.6732 2.05734 9.0006 -9.44555
0 0 219 12.3678 0.585061 -7.58577 -6.71036
0 0 220 2.51225 -14.8799 -3.41316 1.49522
0 0 221 -10.7788 2.58358 -3.55289 7.17576
0 0 222 13.2075 -4.7106 4.26758 6.86052
0 0 223 -1.59022 -10.602 7.28221 7.87681
0 0 224 -7.16574 -2.32552 -5.16575 -3.27412
0 0 225 -15.5146 -2.00992 0.129168 5.10711
0 0 226 -15.4427 18.1882 5.31854 -4.67622
0 0 227 -1.76776 1.14604 -7.72699 0.899246
0 0 228 9.83912 -11.1629 -3.20208 -3.30862
0 0 229 -4.08049 -5.58717 -6.88414 -9.51613
0 0 230 -6.04296 4.02113 -5.72764 3.03847
0 0 231 -8.81633 -3.97371 -16.1777 4.89696
0 0 232 -5.69269 -8.18215 -1.30828 -1.31055
0 0 233 11.101 -9.23389 1.84756 -9.34048
0 0 234 5.66947 8.15935 5.10894 -9.79686
0 0 235 13.8024 5.73954 3.00406 -1.52071
0 0 236 -1.06722 3.81123 2.26824 9.59572
0 0 237 -13.2355 -4.07941 -1.76463 6.68487
0 0 238 -10.9563 -5.86728 1.81189 -0.993746
0 0 239 0.0939488 -6.88429 -6.25386 6.15947
0 0 240 9.48885 -13.3019 0.0934919 -5.41334
0 0 241 -6.00938 -5.90277 3.84542 2.54758
0 0 242 -10.7788 2.54885 8.64979 -5.6235
0 0 243 -15.2315 -6.98999 5.91463 -4.00967
0 0 244 -17.6882 5.35372 -1.4495 2.23234
0 0 245 -17.4435 11.4557 -6.25386 -0.644005
0 0 246 -5.55355 -9.97078 4.72245 -2.25626
0 0 247 -10.3949 -6.91977 -0.536784 1.00433
0 0 248 -8.21655 -3.93898 9.80777 19.1344
0 0 249 -15.4427 -2.04541 -5.51656 3.91517
0 0 250 -3.97493 3.10983 6.51071 8.15755
0 0 251 -6.99301 -12.6352 4.828 2.89732
0 0 252 -12.7413 -3.13262 5.35422 -2.95888
0 0 253 -13.7969 0.444628 -5.65778 0.584009
0 0 254 -8.6388 1.0056 -13.5823 7.17576
0 0 255 -13.1635 -1.65959 -8.07631 9.42006
0 0 256 -7.34328 1.35593 14.4709 -2.46799
0 0 257 -6.08135 -6.00772 -4.11479 -10.1121
0 0 258 10.1894 5.73954 5.10894 6.57979
0 0 259 3.95171 -10.0757 5.9503 1.31956
0 0 260 -4.04691 -4.2893 -3.27194 3.66894
0 0 261 -5.79825 -5.37652 5.0034 -4.18533
0 0 262 4.09086 10.4387 8.33465 -1.52071
0 0 263 11.0675 -8.04172 -9.37403 -3.48428
0 0 264 2.72337 8.2643 3.95096 -10.007
0 0 265 4.40754 0.23398 7.49329 -5.48235
0 0 266 12.5069 -14.4593 11.8071 2.477
0 0 267 -5.65911 -2.71133 4.23191 0.442858
0 0 268 -5.34242 4.75802 2.47784 -0.749084
0 0 269 3.00166 -0.0461302 5.38841 -6.57078
0 0 270 11.4897 -5.65739 2.51351 6.9311
0 0 271 3.49588 0.655277 1.98729 -1.20547
0 0 272 -7.23772 0.794955 -7.23495 -4.60564
0 0 273 -13.0579 -0.186563 18.8204 -11.9361
0 0 274 -15.0924 -11.5488 -1.65909 5.21219
0 0 275 4.36915 1.46163 -5.51656 1.17998
0 0 276 16.0144 -3.65811 -5.34115 2.37192
0 0 277 6.26445 5.5991 7.56316 -8.92016
0 0 278 -5.16969 3.63531 7.94965 -3.94067
0 0 279 13.385 16.0145 5.73922 1.6003
0 0 280 11.2786 14.1912 -3.44735 2.5115
0 0 281 7.34884 13.8756 -10.6376 18.9932
0 0 282 2.09 13.56 -14.9856 -4.32648
0 0 283 7.4544 -7.02472 7.00275 0.93375
0 0 284 -18.739 -0.151832 -1.09868 7.17576
0 0 285 3.77418 3.74102 -14.1784 18.3973
0 0 286 10.6836 -2.78154 -2.11545 6.82602
0 0 287 27.0599 22.5718 3.14528 -4.88638
0 0 288 -12.4294 6.05513 -14.1085 1.39014
0 0 289 -13.8305 4.37221 -17.5453 -5.55292
0 0 290 -4.64189 13.5245 -2.50045 -3.06396
0 0 291 -6.64274 0.444628 4.61691 2.86281
0 0 292 -4.08049 10.9295 -0.678002 16.3631
0 0 293 -17.5491 -8.25237 1.35553 3.73952
0 0 294 -16.1816 7.31751 1.91743 -7.72665
0 0 295 -9.90073 1.25098 2.09283 0.93375
0 0 296 2.72337 15.9443 16.9965 -1.1694
0 0 297 -9.55046 5.10835 2.89852 11.4542
0 0 298 -16.004 4.93318 5.91463 13.2076
0 0 299 -2.54027 11.526 1.32134 17.5566
0 0 300 13.8744 2.58358 6.68612 -8.67393
0 0 301 2.75696 8.93098 2.75879 4.75581
0 0 302 1.91727 -3.09714 -0.887598 -6.46413
0 0 303 -2.01247 -0.0461302 -0.466919 -0.644005
0 0 304 5.14167 4.8977 -1.23841 -13.4433
0 0 305 -0.923272 6.09062 -14.2483 -12.496
0 0 306 -14.9532 -5.48147 0.479982 -5.20318
0 0 307 -9.20019 -0.0113996 -5.02602 -12.7767
0 0 308 -0.995245 -3.55317 5.35422 4.02025
0 0 309 -11.0571 -14.2487 -2.67586 15.1712
0 0 310 -12.3574 -12.1445 11.9112 2.26684
0 0 311 -8.25494 1.84744 9.70223 -0.397775
0 0 312 -11.5129 11.7359 -6.98968 -6.39512
0 0 313 -8.0774 9.31679 -5.16575 -4.11475
0 0 314 -12.2518 -10.2864 -6.14832 -12.2858
0 0 315 -4.11408 2.30272 1.81189 -7.97288
0 0 316 -2.39632 5.07362 -11.7941 11.6299
0 0 317 -18.9166 12.8231 -9.05889 -3.23805
0 0 318 -12.986 11.3855 -3.48303 3.28313
0 0 319 3.49588 16.5755 -6.35792 -9.62121
0 0 320 -17.5107 -6.32331 9.5625 4.15983
0 0 321 -15.4762 -12.8459 -16.9136 9.80587
0 0 322 -17.4435 -12.7054 -1.20422 4.44057
0 0 323 -14.459 -14.8451 -11.6543 8.54336
0 0 324 -18.8782 -12.7054 -19.9995 0.303275
0 0 325 -8.92189 9.77206 1.0062 -1.73087
0 0 326 -8.46606 12.3323 -5.02602 5.5635
0 0 327 -11.3402 9.35152 -0.18597 8.22812
0 0 328 0.444218 2.54885 5.17881 -4.04574
0 0 329 9.94468 10.3685 -3.41316 16.2235
0 0 330 1.8453 9.73733 12.9993 17.9769
0 0 331 10.4389 -1.72981 -4.85061 -10.4273
0 0 332 7.38723 -2.74681 -9.16443 -12.7422
0 0 333 11.245 1.95239 -13.0918 -14.8109
0 0 334 4.36915 -3.2723 -6.3936 5.24827
0 0 335 -16.5654 3.3552 0.689579 -7.34084
0 0 336 -11.9688 -6.3588 -1.94004 9.80587
0 0 337 7.4544 -11.0927 -8.11199 -3.48428
0 0 338 -7.5544 2.40842 18.7847 -2.36134
0 0 339 0.616954 3.6708 20.9937 -7.93838
0 0 340 3.31835 -3.93898 3.21514 -3.4137
0 0 341 -1.45108 -17.7905 5.98449 -1.23998
0 0 342 -8.0774 1.63679 -0.116105 -0.854163
0 0 343 -14.4254 -4.39501 -6.32373 2.30135
0 0 344 -2.713 4.26651 -1.23841 -4.46606
0 0 345 -14.0416 3.38994 -6.67454 -8.18304
0 0 346 6.29804 -7.44526 12.6827 -12.9869
0 0 347 15.7313 -1.80003 -10.3566 -4.53664
0 0 348 5.98135 4.72253 12.8581 -4.2559
0 0 349 4.19642 3.10983 -5.16575 -4.71229
0 0 350 2.3731 -7.41053 5.66935 6.23005
0 0 351 1.42305 -7.16515 1.18161 1.21448
0 0 352 1.95086 -1.90497 13.1747 -7.44748
0 0 353 4.89696 0.23398 3.00406 1.52972
0 0 354 0.0555631 -11.6884 -3.41316 -3.09846
0 0 355 12.0511 3.07434 16.0496 0.2327
0 0 356 15.7697 10.8948 5.213 8.78959
0 0 357 -2.60744 3.9864 4.96773 7.17576
0 0 358 13.4522 14.4713 13.8406 -1.62579
0 0 359 7.59835 3.81123 18.5395 -6.04382
0 0 360 3.10723 -2.15035 -4.36006 6.19398
0 0 361 7.34884 10.6494 -12.3545 0.0570451
0 0 362 14.1191 21.4846 -3.13221 1.1094
0 0 363 1.81171 10.8246 -15.8626 2.79224
0 0 364 -8.0774 -11.3026 2.58338 3.35371
0 0 365 3.63503 8.5799 -2.92262 -8.7445
0 0 366 -5.65911 5.42394 -10.3209 19.8354
0 0 367 4.33557 3.14456 1.84756 -9.62121
0 0 368 -5.09772 -8.2871 -6.32373 -13.7585
0 0 369 -11.6185 0.444628 -5.55224 2.26684
0 0 370 -2.43471 9.24657 13.42 -5.41334
0 0 371 -10.0447 0.935387 14.6121 -3.69443
0 0 372 6.68669 1.42615 1.70634 -0.71458
0 0 373 -2.22359 0.760224 -11.4789 -7.97288
0 0 374 14.6085 -1.09862 -8.49699 -14.9159
0 0 375 -2.64103 -6.0432 -3.83384 4.61622
0 0 376 1.14476 4.47715 1.60229 2.68716
0 0 377 -5.83664 -10.5318 2.96987 -0.433847
0 0 378 -1.87332 6.96719 -1.48369 -10.5685
0 0 379 -16.9877 3.14456 9.38709 9.31498
0 0 380 -0.678563 -8.35732 9.63236 14.6097
0 0 381 -3.76381 7.17708 7.1068 1.95161
0 0 382 -3.59108 2.79423 1.07607 -9.58514
0 0 383 -5.51996 1.21625 13.6652 -5.97324
0 0 384 -8.57162 21.3449 7.56316 13.4178
0 0 385 -8.32211 3.84596 -10.8828 6.54529
0 0 386 -3.55269 -6.3588 -14.1442 4.09083
0 0 387 2.51225 1.35593 -4.32439 -10.1827
0 0 388 17.593 0.409143 2.37378 -0.363271
0 0 389 9.31611 -3.86876 -5.27129 8.57943
0 0 390 16.6814 0.444628 -0.18597 9.84195
0 0 391 2.51225 -2.361 -13.7577 -6.32455
0 0 392 -0.573003 3.18004 3.00406 -4.04574
0 0 393 -8.67238 14.0855 -0.957464 16.6439
0 0 394 -10.0447 -14.9848 -0.642326 2.75773
0 0 395 5.91418 -4.35952 9.45696 -2.25626
0 0 396 -5.06413 -5.90277 12.7183 -14.9504
0 0 397 17.2763 0.23398 11.5604 -8.42927
0 0 398 10.2614 4.37221 12.6485 1.00433
0 0 399 -5.51996 -0.642591 22.2572 -4.04574
0 0 400 -7.09857 1.88217 4.12637 -1.41563
0 0 401 3.66862 7.59838 -2.7814 -5.06203
0 0 402 -0.611388 6.12535 -15.6158 -8.21754
0 0 403 -10.4285 8.75581 -0.18597 -9.44555
0 0 404 1.42305 -2.29078 5.7749 -12.3909
0 0 405 14.0855 8.65011 10.6491 -6.60528
0 0 406 -6.43162 -7.09493 8.44019 -8.32419
0 0 407 1.91727 -7.62118 1.11026 -4.46606
0 0 408 -9.44489 -1.65959 -9.47957 -2.95888
0 0 409 -4.64189 -11.3728 -16.5984 3.17805
0 0 410 6.08691 3.46015 7.77424 0.899246
0 0 411 -6.00938 -0.853239 10.1229 1.28506
0 0 412 5.77503 3.49564 -5.6221 6.65037
0 0 413 6.26445 -3.83403 -0.466919 -4.53664
0 0 414 1.35588 -14.038 1.7777 -10.4618
0 0 415 -5.1313 1.81196 11.8071 -2.95888
0 0 416 9.63279 -2.29078 3.70569 3.49486
0 0 417 12.6461 -2.53616 6.37098 -2.57307
0 0 418 -21.2293 -2.22057 -5.97292 -8.28812
0 0 419 -8.3605 -12.5303 -7.62144 4.23041
0 0 420 -4.95857 -4.64039 -1.65909 -9.37498
0 0 421 -0.784124 -5.83255 2.75879 -1.23998
0 0 422 7.14252 -8.74313 -5.27129 2.79224
0 0 423 -11.4457 0.83044 4.0565 10.8582
0 0 424 -4.39718 1.21625 0.234709 -10.1466
0 0 425 -11.0571 -4.00919 -18.4224 -2.11668
0 0 426 -14.0752 -16.2472 0.129168 4.47664
0 0 427 5.91418 -6.88429 -0.678002 0.93375
0 0 428 6.85943 0.760224 -4.88628 -1.76537
0 0 429 12.0847 4.86297 -3.44735 -8.07796
0 0 430 -6.49879 -7.55096 -6.98968 3.81009
0 0 431 5.24723 5.95019 -2.25518 -10.6375
0 0 432 1.91727 11.1047 -1.13287 -3.72894
0 0 433 8.19333 -5.86728 -3.41316 2.65266
0 0 434 -2.95771 -5.0262 1.0062 9.07032
0 0 435 10.0886 -7.79634 21.835 6.54529
0 0 436 45.1204 -10.0055 27.5165 -7.58707
0 0 437 44.1703 -7.65591 28.0427 -3.09846
0 0 438 52.4136 -18.9124 42.7709 10.1572
0 0 439 76.3663 -19.9649 57.2197 0.689088
0 0 440 83.0598 -26.1711 44.8758 9.87645
0 0 441 89.9021 -7.51548 32.5661 11.0684
0 0 442 120.759 -6.56869 42.5955 22.395
0 0 443 182.795 -8.7084 18.4696 28.6025
0 0 444 257.384 10.3338 -7.65563 36.7736
0 0 445 284.633 -19.684 -40.1981 -31.8541
0 0 446 239.851 -19.8592 8.40452 -66.0079
0 0 447 146.535 -14.1437 27.2355 -43.9868
0 0 448 88.7793 -6.28858 15.2781 -23.2627
0 0 449 62.7586 1.84744 28.6744 -25.1557
0 0 450 20.0785 -7.9715 28.9539 -26.2425
0 0 451 23.3749 -2.32552 21.8009 -8.70843
0 0 452 8.05418 9.87776 9.49263 -4.04574
0 0 453 33.1968 10.1934 9.91331 -0.678508
0 0 454 22.2569 1.11055 19.311 -8.60335
0 0 455 7.49279 4.40694 11.2095 -3.69443
0 0 456 15.6641 1.91766 9.49263 -5.34276
0 0 457 15.8705 0.514845 -13.5481 -4.81737
0 0 458 6.79225 7.77354 -9.83038 -4.99146
0 0 459 11.3122 7.87849 -2.64167 -0.258192
0 0 460 10.5061 -2.6766 5.42408 -23.5779
0 0 461 -3.2744 -9.02399 3.77555 -19.5802
0 0 462 -3.09686 -1.80003 5.81057 9.03425
0 0 463 -14.8477 -3.65811 0.304575 13.5589
0 0 464 1.49503 -1.37873 20.6087 3.70501
0 0 465 4.75781 -0.817754 -4.6752 -1.59128
0 0 466 6.72028 1.53185 -4.04344 -13.3382
0 0 467 -4.74745 -9.65518 8.0537 -2.22176
0 0 468 -3.20242 -8.25237 2.79446 -6.71036
0 0 469 11.3841 -0.186563 6.79166 0.337779
0 0 470 4.12445 -0.88797 1.25148 -8.46377
0 0 471 -6.08135 2.86445 13.3501 -8.70843
0 0 472 4.19642 5.07362 12.2977 5.00204
0 0 473 1.21193 -8.95378 -5.20142 -5.34276
0 0 474 3.87974 -2.39573 -15.4404 -7.51649
0 0 475 -5.23686 -7.62118 13.3843 -15.2672
0 0 476 -6.04296 -0.256779 4.96773 -0.0480339
0 0 477 -3.59108 16.8911 3.81123 7.73723
0 0 478 -1.80134 5.17856 1.91743 -4.53664
0 0 479 -0.155558 2.54885 -1.80031 -9.34048
0 0 480 -5.51996 -5.30631 6.05584 -3.51878
0 0 481 11.768 -11.9346 0.199033 -11.3746
0 0 482 18.8885 6.05513 3.00406 -3.06396
0 0 483 0.794488 0.199249 11.1397 3.03847
0 0 484 11.0339 3.95091 14.7519 4.02025
0 0 485 10.6452 -2.43122 13.7351 0.0570451
0 0 486 -0.361881 2.44315 4.68826 13.3127
0 0 487 -3.37996 -2.46595 3.17947 -14.2855
0 0 488 -6.99301 5.70481 1.0062 7.59765
0 0 489 -11.4793 -0.783023 13.9804 -1.66029
0 0 490 -7.06018 3.60058 -1.80031 -6.63979
0 0 491 -10.5005 4.33672 -8.04212 0.547937
0 0 492 -7.79911 1.04033 10.5436 11.6299
0 0 493 13.3466 -0.853239 -3.65843 10.2623
0 0 494 22.1513 0.83044 -6.91982 7.07068
0 0 495 6.79225 -3.86876 9.84196 7.8078
0 0 496 -6.04296 1.56658 2.86433 8.2987
0 0 497 5.42476 3.6708 -8.77794 -3.55485
0 0 498 -0.505828 -8.67291 -4.71088 7.49257
0 0 499 2.82893 -1.20357 -1.16855 -8.21754
0 0 500 -11.724 11.1749 -5.97292 -6.78094
0 0 501 0.338658 7.87849 -11.3377 0.0931171
0 0 502 1.567 8.61538 -8.18186 6.61586
0 0 503 7.70391 4.93318 -8.35726 -8.88409
0 0 504 0.722514 -0.397211 6.26544 -15.4413
0 0 505 8.82189 0.0588166 -1.16855 -16.6693
0 0 506 2.86252 0.304196 -4.07911 -11.9
0 0 507 -6.43162 6.12535 -6.95549 2.05668
0 0 508 6.50916 0.129033 -2.22099 6.0889
0 0 509 11.9119 1.91766 -0.397053 -6.25397
0 0 510 12.6797 6.9317 -11.583 -2.0461
0 0 511 5.73665 3.53037 -11.1281 10.7187
