0 0 0 -1.18353 0.75656 0.104054 0.207223
0 0 1 -1.91003 1.73519 -1.26341 1.91805
0 0 2 -1.85263 0.115732 -0.565234 -0.479322
0 0 3 -0.0851422 1.61498 -2.51661 1.01418
0 0 4 2.08963 1.17437 -2.56217 0.848144
0 0 5 -0.193645 1.89539 -0.353558 -1.58379
0 0 6 -0.205438 1.03697 -0.828579 1.29441
0 0 7 -0.468046 2.28441 -1.87566 0.0641368
0 0 8 -0.925643 4.12128 -0.262073 -0.324897
0 0 9 1.01954 0.859563 2.8451 1.30602
0 0 10 0.286754 1.68939 2.0784 -0.645357
0 0 11 -2.77962 1.01416 1.4717 -0.39941
0 0 12 -0.462542 -0.736898 2.03821 -0.387801
0 0 13 2.19813 -3.58641 2.52471 -0.0157757
0 0 14 2.73042 -4.38764 1.87246 -0.479322
0 0 15 1.53453 -0.496494 0.281469 2.50174
0 0 16 5.76849 1.94119 -0.0216925 2.12998
0 0 17 5.96348 3.60047 1.42615 2.3816
0 0 18 2.90811 3.57187 1.76931 1.73501
0 0 19 0.85364 1.47198 1.06558 2.23284
0 0 20 1.74053 -0.725308 -0.456711 2.50768
0 0 21 -0.0387534 -1.36053 -0.193366 2.74229
0 0 22 0.464447 -0.233284 -0.662646 3.94367
0 0 23 -0.560037 2.53622 0.235726 4.18989
0 0 24 -1.58373 1.55778 1.00835 3.33164
0 0 25 -1.02314 -0.462098 3.00529 -1.79545
0 0 26 0.412554 0.464747 2.33026 -2.48226
0 0 27 -0.754241 -0.731103 0.28721 1.07708
0 0 28 -1.63563 0.201537 -0.36504 2.00984
0 0 29 -0.897338 0.22453 -0.416524 2.10137
0 0 30 -1.93912 -1.72674 0.945386 0.344641
0 0 31 -2.56262 -1.78974 -0.702462 0.699387
0 0 32 -1.89902 0.0241315 -1.95585 -1.15453
0 0 33 -0.977536 0.378942 -1.26915 -1.57812
0 0 34 -0.66854 -0.153087 -0.525047 0.894039
0 0 35 -0.60564 1.37458 0.0583109 1.60353
0 0 36 -0.153546 3.62907 1.18558 1.44317
0 0 37 2.40963 1.04856 0.178501 0.13298
0 0 38 2.35302 0.590745 -0.336521 -0.845678
0 0 39 0.436142 -0.725308 0.201465 -0.525218
0 0 40 -0.28485 -1.49213 1.12854 -0.668305
0 0 41 -1.26923 -2.95699 0.0583109 -0.147523
0 0 42 -2.71122 -4.25024 -2.36772 -1.1602
0 0 43 -3.5926 -1.89274 -3.24313 -2.98577
0 0 44 -3.04852 0.859563 -1.68121 -3.74089
0 0 45 -1.24643 1.80379 -0.742834 -2.47066
0 0 46 0.933838 1.31738 -0.399486 -0.0273846
0 0 47 0.927548 2.56482 0.0355322 0.865422
0 0 48 -2.13883 2.45042 -1.01748 0.02985
0 0 49 -1.91003 1.8552 -0.965992 0.77957
0 0 50 -1.32113 3.16565 2.18118 0.0814152
0 0 51 -1.09783 1.09417 1.99821 -1.61241
0 0 52 -1.16073 -1.87555 -1.39508 -2.01305
0 0 53 -0.60564 -0.610901 -3.35776 -2.02439
0 0 54 0.487248 1.58638 -3.58666 -1.61241
0 0 55 1.66033 0.155737 -1.53213 -1.61241
0 0 56 -0.902842 -0.313481 0.424808 -0.673974
0 0 57 -2.88891 -0.359094 3.19419 -0.622409
0 0 58 -3.444 -0.336287 3.13678 -1.69826
0 0 59 -1.33764 -2.92259 0.384436 0.13865
0 0 60 -1.49253 -3.42621 0.390362 1.81519
0 0 61 -2.69392 -2.75678 0.756489 0.802248
0 0 62 -3.27181 -1.86414 1.28281 0.121371
0 0 63 -2.87712 -1.38352 2.30711 0.705057
0 0 64 -1.52712 -2.13296 1.76931 -0.0902887
0 0 65 1.31124 -1.93854 -0.428006 -1.68665
0 0 66 0.298548 1.39757 0.55611 -1.83568
0 0 67 -1.24093 2.54202 3.27419 -0.479322
0 0 68 -1.41233 1.27737 1.99247 -0.044393
0 0 69 -0.210942 -0.113082 0.974091 -0.776835
0 0 70 -1.26923 -0.0386801 -0.410783 -1.4866
0 0 71 -1.46973 1.17437 -1.3549 -2.70526
0 0 72 0.939342 0.407544 -0.21633 -1.1602
0 0 73 2.54172 -1.96135 -1.31471 0.447501
0 0 74 2.93642 -2.71677 -3.28331 -0.0273846
0 0 75 3.46871 -1.52073 -3.76982 1.03119
0 0 76 3.02212 -0.988519 -2.84274 2.29575
0 0 77 2.78782 -0.919912 -2.02456 1.52335
0 0 78 0.212847 1.70659 -0.0503974 -0.845678
0 0 79 -0.600136 2.46182 -0.931361 -1.70393
0 0 80 -0.336742 2.28441 -0.0503974 -2.22471
0 0 81 -0.371337 1.33458 -0.788577 -2.96849
0 0 82 -0.537236 1.24877 -2.80829 -2.29895
0 0 83 -0.28485 0.378942 -1.28045 -1.26333
0 0 84 -1.30383 -1.34333 1.14576 0.172937
0 0 85 -1.99023 -2.52778 1.08261 -0.0673409
0 0 86 -0.725936 -2.00715 -0.399486 -0.130245
0 0 87 -1.02314 1.86679 -2.3905 -1.07462
0 0 88 -2.00752 2.06121 -1.32638 -1.28061
0 0 89 -2.96282 -0.261886 0.52759 -0.296279
0 0 90 -1.61833 -2.04155 3.12548 -0.39941
0 0 91 -1.35494 -2.02435 3.6405 -0.18181
0 0 92 1.16814 -2.32756 0.636298 -0.250384
0 0 93 1.98663 -3.18599 -0.582457 -0.456644
0 0 94 0.745138 -0.977115 -1.5725 -0.0673409
0 0 95 0.389753 1.60358 -0.36504 0.916717
0 0 96 -0.342246 2.43322 1.46596 -1.62375
0 0 97 0.258449 1.22017 0.121277 -3.95282
0 0 98 0.160954 1.03136 -0.0389154 -3.10024
0 0 99 1.16264 2.03261 1.29447 -2.34485
0 0 100 2.79332 -0.198887 1.42041 -1.95581
0 0 101 2.35852 0.899755 3.8981 -1.3778
0 0 102 0.206557 0.470543 3.81773 -1.10323
0 0 103 0.412554 -0.25609 0.127018 -0.725539
0 0 104 0.384249 -1.01731 1.3917 1.93533
0 0 105 0.458943 -0.885515 0.882605 3.15994
0 0 106 -1.85892 -0.0272768 -0.702462 2.08976
0 0 107 -3.26081 1.48338 -0.250591 1.0428
0 0 108 -2.01303 -0.473688 -0.0561384 0.745013
0 0 109 1.24834 -1.83554 -0.811356 -0.273332
0 0 110 1.77513 -0.6281 -0.239109 -0.897243
0 0 111 1.45984 0.956959 2.62194 -1.24605
0 0 112 -1.32663 2.78223 2.29026 -0.044393
0 0 113 -2.55082 1.69499 1.31725 0.8881
0 0 114 -2.48792 2.53043 0.149981 -0.445036
0 0 115 -3.18061 2.31881 2.376 0.321693
0 0 116 -1.46422 1.86679 3.03399 0.304414
0 0 117 -1.64113 -1.41773 1.8782 -0.176141
0 0 118 -1.91632 -2.01295 -0.467823 -3.28328
0 0 119 -0.497137 -0.153087 0.109795 -3.03706
0 0 120 0.750642 -1.37193 1.31151 -0.490931
0 0 121 -1.95563 -4.38764 2.27878 0.384597
0 0 122 -3.57531 -3.0256 -0.376522 0.418884
0 0 123 -3.5242 -1.19453 1.22577 -1.4407
0 0 124 -0.399642 0.996964 1.52911 -2.27033
0 0 125 0.298548 0.602148 1.19132 -0.570844
0 0 126 -1.70403 0.316131 0.367398 -0.965817
0 0 127 -0.136248 -0.382088 -0.439488 -0.256323
0 0 128 3.11411 0.0985334 2.71361 -0.450705
0 0 129 3.11961 -1.10311 3.6292 1.42616
0 0 130 2.29562 -2.99139 1.38596 2.3187
0 0 131 0.584743 0.516343 -0.0389154 2.14132
0 0 132 -1.52712 1.16297 0.653707 2.77657
0 0 133 -1.39503 1.04856 2.28433 2.77657
0 0 134 -2.23632 1.27158 2.17007 1.56925
0 0 135 -3.341 -2.24755 1.23706 0.916717
0 0 136 -2.85982 -1.97855 1.66653 0.813857
0 0 137 -2.20802 -1.16592 1.20299 1.97529
0 0 138 -1.40683 -0.25609 -0.622644 2.35298
0 0 139 -0.205438 -1.10872 -0.920064 3.81787
0 0 140 1.94102 -0.078872 -0.296334 3.82947
0 0 141 1.93473 0.235934 0.275728 5.01385
0 0 142 1.33404 1.95821 1.8095 3.29708
0 0 143 0.0642454 3.25725 1.8782 0.962613
0 0 144 -1.11513 2.14141 1.93524 1.92399
0 0 145 -1.84713 3.69786 1.11687 1.79225
0 0 146 -1.65292 1.54638 0.344434 0.602197
0 0 147 -0.925643 0.201537 0.401844 0.556301
0 0 148 -0.0623409 0.327534 -0.348003 -0.376462
0 0 149 0.705039 0.785161 0.0984978 -1.69259
0 0 150 1.66033 2.03261 0.161278 -1.25199
0 0 151 1.80893 1.24877 -1.85862 -0.273332
0 0 152 0.0925504 1.47758 -0.828579 0.378927
0 0 153 -2.12782 0.487741 0.550369 0.573579
0 0 154 -2.16792 -0.54809 0.573333 1.80952
0 0 155 -2.08772 -2.37336 -1.76677 0.041189
0 0 156 -2.75682 -1.46353 -2.36216 -0.0387236
0 0 157 -1.81332 0.144333 -1.05155 0.0698063
0 0 158 -1.04044 -0.908509 -0.691165 -0.834069
0 0 159 -1.51533 -1.46933 0.373139 -2.1502
0 0 160 -1.70403 -0.462098 -0.610977 -1.98443
0 0 161 -2.20173 0.373334 -1.45212 -0.708261
0 0 162 -1.05223 0.687953 0.292951 0.121371
0 0 163 -0.251041 0.281734 0.516293 -0.416418
0 0 164 0.389753 -1.63514 2.86213 -0.891304
0 0 165 -1.86993 -0.919912 0.149981 1.10003
0 0 166 -3.341 1.58059 -0.925805 1.90105
0 0 167 -1.50432 2.66783 -0.508195 1.38026
0 0 168 1.03684 1.16857 1.14002 1.58059
0 0 169 1.56913 0.241729 -0.348003 1.23151
0 0 170 1.99213 -1.44633 -2.42494 -0.484992
0 0 171 1.26564 0.653556 -3.1746 -1.18882
0 0 172 0.567445 0.63075 -3.53518 -2.09296
0 0 173 -1.77872 -0.0214817 -4.52485 -2.97416
0 0 174 -1.40683 -0.233284 -3.97556 -1.34351
0 0 175 0.384249 -0.364889 -1.51509 0.275797
0 0 176 0.670444 -0.170285 0.579074 0.819526
0 0 177 -1.09783 1.07137 -1.28619 1.70072
0 0 178 -1.02864 2.42181 -1.85288 1.82086
0 0 179 -0.811637 1.94119 -3.28331 0.418884
0 0 180 -1.05223 1.8782 -2.42494 -0.336236
0 0 181 -1.14343 -0.496494 -3.86704 -1.10323
0 0 182 -2.47691 -0.267681 -4.05594 -1.20042
0 0 183 -2.54532 1.07716 -3.64388 -0.153193
0 0 184 -1.79602 2.06121 -3.25461 -0.239045
0 0 185 -0.645738 1.73519 -2.54513 1.45478
0 0 186 0.0870466 -0.221881 -0.759872 2.61621
0 0 187 1.10524 -0.0272768 0.184242 3.70907
0 0 188 1.61473 0.81395 1.29447 1.43183
0 0 189 0.984944 -0.679695 2.1584 -2.84835
0 0 190 -0.79434 -2.79099 1.44318 -3.58079
0 0 191 -1.06874 -2.04155 -2.09289 -3.54651
0 0 192 -0.0560509 -0.75391 -0.691165 -3.4207
0 0 193 0.544644 -0.816908 -0.960251 -2.17314
0 0 194 0.705039 -2.05856 -3.60944 -1.17748
0 0 195 1.16264 -2.90558 -4.00983 0.172937
0 0 196 3.24541 -0.336287 -1.34916 -0.445036
0 0 197 3.24541 0.481946 2.03265 -0.18181
0 0 198 1.72874 0.493349 3.19974 1.36326
0 0 199 1.48893 1.26597 1.4717 2.99957
0 0 200 1.80893 -0.645298 0.596297 1.51201
0 0 201 0.962143 -1.83554 -0.410783 0.522014
0 0 202 0.682238 -1.76675 0.813899 0.321693
0 0 203 0.881945 -1.75534 1.6206 -0.0217152
0 0 204 1.46613 -2.25316 -0.914323 -0.141854
0 0 205 1.63753 -2.27036 -2.19623 -1.14319
0 0 206 2.82791 -1.55513 -0.98303 0.602197
0 0 207 4.7503 -1.87555 -0.71987 2.85082
0 0 208 4.04031 -2.45917 -0.937287 2.10137
0 0 209 3.02762 -0.313481 0.109795 1.1057
0 0 210 2.32943 1.75799 0.247208 -1.30329
0 0 211 5.93439 1.64938 -1.06303 -2.23605
0 0 212 11.2903 3.72646 -2.44217 0.401875
0 0 213 15.3474 2.06121 -3.39184 3.37727
0 0 214 18.9924 0.710947 0.184242 5.39155
0 0 215 23.7815 0.739548 2.46175 7.01086
0 0 216 28.8229 -0.919912 3.35993 7.3486
0 0 217 36.8796 -3.48341 3.92088 6.14694
0 0 218 46.0119 -6.65932 3.87514 1.26579
0 0 219 46.8705 -8.09539 0.859641 -6.8024
0 0 220 36.422 -7.52336 -2.94552 -10.3442
0 0 221 21.19 -4.61645 -5.1258 -9.40604
0 0 222 13.7395 -2.71677 -6.28159 -7.84369
0 0 223 13.1671 -3.1916 -8.21556 -5.81807
0 0 224 11.8344 -0.445086 -4.12446 -3.44338
0 0 225 8.33245 0.602148 -1.37194 -0.794113
0 0 226 5.60259 -0.0844802 0.0240502 -0.324897
0 0 227 4.14331 -2.84258 -2.29346 -0.874295
0 0 228 1.03684 -2.41337 -2.73384 -1.67531
0 0 229 -1.97293 -1.66954 -0.565234 -1.08596
0 0 230 -1.39503 -0.158882 1.46041 -1.76683
0 0 231 0.996738 -0.0958835 2.8338 -2.6537
0 0 232 -0.181851 -2.43636 2.20433 -1.68665
0 0 233 0.304052 -2.02435 2.416 -0.00443677
0 0 234 0.149947 0.533541 -0.0389154 -0.651026
0 0 235 2.02044 1.65499 -0.348003 0.527683
0 0 236 1.65483 3.32585 0.722228 1.84381
0 0 237 0.127145 4.15568 0.418882 1.92399
0 0 238 -1.58373 0.93976 1.14002 1.29441
0 0 239 -2.08772 -0.948514 1.00835 -0.0330541
0 0 240 -0.47984 0.745156 0.25869 -1.36052
0 0 241 0.373242 3.72067 -0.456711 -0.977156
0 0 242 -0.302147 3.30305 -0.388004 0.304414
0 0 243 -1.01213 2.63343 -0.759872 -1.63535
0 0 244 -2.28192 0.859563 -1.84714 -3.08863
0 0 245 -2.59092 -1.70394 -0.759872 -1.64669
0 0 246 -1.73863 -2.18456 1.2717 -1.74982
0 0 247 -1.73863 -0.5823 0.876679 -2.41342
0 0 248 -3.9071 1.27737 0.539257 -2.66531
0 0 249 -4.6564 3.80087 0.17276 -2.68826
0 0 250 -4.0046 1.78099 1.04854 -2.19042
0 0 251 -0.846232 -0.50229 0.928348 -1.28061
0 0 252 0.286754 -2.01295 1.19725 0.184276
0 0 253 0.0524516 -1.40633 0.195724 1.64349
0 0 254 0.675948 -0.456489 -1.67528 1.59786
0 0 255 0.333143 -0.982911 -2.80274 -0.445036
0 0 256 -1.22914 -1.50933 -1.68695 -0.176141
0 0 257 -0.296643 0.0241315 0.275728 0.155658
0 0 258 0.235648 -1.00011 0.367398 -0.158862
0 0 259 0.0642454 -1.18892 0.579074 -1.68665
0 0 260 0.710543 0.390346 0.790935 -1.98443
0 0 261 1.96383 0.945555 0.962424 -0.330566
0 0 262 1.32854 2.53043 0.716487 1.10003
0 0 263 -0.302147 3.86368 -0.147624 0.825196
0 0 264 -0.98933 2.32442 -0.725426 -0.742548
0 0 265 -1.31484 1.04276 -1.42935 -0.994434
0 0 266 -0.593846 -0.204682 -0.628385 -1.40075
0 0 267 -0.485343 -0.479296 0.807972 -0.593792
0 0 268 -1.18353 -0.7655 -0.754131 0.767961
0 0 269 0.127145 -1.88134 0.624817 0.939665
0 0 270 0.899243 -1.64673 3.50883 -0.158862
0 0 271 2.00943 0.047125 1.27744 -1.80112
0 0 272 3.31382 -0.273289 0.985387 -1.29195
0 0 273 2.43243 -1.41773 1.56893 -1.72121
0 0 274 1.01954 -0.588095 -0.639682 -2.06434
0 0 275 0.258449 0.213127 -1.48657 -1.8184
0 0 276 -0.582838 1.00837 -2.79125 -0.954208
0 0 277 -1.63563 0.13293 -1.6125 -0.891304
0 0 278 -1.75592 -0.794102 -0.307816 -0.18748
0 0 279 0.572949 -0.0672818 1.56319 0.264458
0 0 280 1.95203 0.762355 1.57467 0.424823
0 0 281 2.61012 0.619346 -1.58954 0.0471284
0 0 282 2.50162 1.00276 -2.37327 -1.62375
0 0 283 0.824549 1.62059 -0.576716 -1.24605
0 0 284 0.373242 -0.301891 0.470551 -0.971486
0 0 285 0.212847 -0.839902 -0.279296 -0.50227
0 0 286 0.647643 -1.52073 -2.3505 -0.376462
0 0 287 1.19094 -0.839902 -1.87566 -0.382131
0 0 288 1.28844 -0.0100784 -0.508195 -0.0846193
0 0 289 0.991234 -0.462098 -0.771169 -1.40642
0 0 290 3.01661 -0.445086 0.859641 -2.30462
0 0 291 4.0867 0.842552 0.790935 -1.00577
0 0 292 2.50162 0.373334 1.0941 0.470449
0 0 293 0.79074 -0.805505 -1.78417 0.487727
0 0 294 1.17993 -1.53793 -2.48772 -0.39347
0 0 295 0.745138 -2.37916 -1.50935 0.264458
0 0 296 0.293044 -2.83679 -1.39508 -0.0157757
0 0 297 0.0469479 -3.09439 -1.77269 -0.210428
0 0 298 -0.148042 0.413339 -1.37768 1.08842
0 0 299 0.349654 1.45478 -1.09748 0.293075
0 0 300 2.14702 0.441941 0.304433 0.767961
0 0 301 1.79164 -0.794102 2.09543 0.865422
0 0 302 0.235648 -0.639503 2.75343 -0.222036
0 0 303 -1.34943 -0.868504 2.03821 -0.834069
0 0 304 -1.87622 -1.47493 1.41448 -0.279001
0 0 305 -2.01932 -0.725308 0.464625 -0.256323
0 0 306 -0.79434 -0.651093 -0.307816 -2.68232
0 0 307 1.33954 -0.982911 -0.227812 -4.54784
0 0 308 2.35852 -0.204682 -0.210589 -3.75817
0 0 309 2.42693 0.613551 -0.433747 -2.64803
0 0 310 1.74603 0.390346 0.0755339 -1.20042
0 0 311 2.49612 -1.01151 0.790935 0.859482
0 0 312 4.09771 -0.805505 0.865197 3.30869
0 0 313 5.40839 -0.776903 1.23151 5.15127
0 0 314 5.59158 0.230139 2.05562 4.24146
0 0 315 4.6528 0.607943 2.82787 2.58192
0 0 316 3.82881 0.996964 2.81639 1.56925
0 0 317 2.63292 1.54638 2.42156 1.56331
0 0 318 0.830839 1.88399 2.35859 1.84381
0 0 319 -0.181851 2.65063 1.73486 2.37026
0 0 320 -0.450748 2.95403 0.928348 2.55897
0 0 321 -0.113447 2.15281 0.562036 1.96962
0 0 322 -0.0851422 0.481946 -0.36504 1.92399
0 0 323 -0.308437 -1.04591 -2.04733 1.15699
0 0 324 -0.148042 -1.34912 -0.570975 -0.805452
0 0 325 0.0241466 -0.513693 0.585 -2.47066
0 0 326 -0.0961497 1.20877 -0.553937 -1.88697
0 0 327 0.160954 2.36461 -0.885618 -0.885634
0 0 328 0.28125 3.33165 -0.588013 -0.496601
0 0 329 -0.571045 1.43758 0.109795 0.253119
0 0 330 -0.909132 -0.427888 0.922607 -0.239045
0 0 331 -0.279346 -0.0502703 0.498885 -2.6537
0 0 332 0.984944 -0.862709 0.132759 -3.48927
0 0 333 -0.0450434 -1.03432 -0.256332 -1.53789
0 0 334 -2.32831 0.235934 -1.53787 -0.513609
0 0 335 -1.92733 1.26597 -3.20887 -0.244714
0 0 336 -0.273842 1.50058 -3.46073 -0.456644
0 0 337 0.481744 -0.136075 -0.794133 -1.19476
0 0 338 -0.0450434 -2.21895 1.25429 -0.233375
0 0 339 0.0807566 -2.24176 1.22003 1.80385
0 0 340 0.499042 -0.565101 0.0870159 2.07842
0 0 341 1.32854 0.378942 0.636298 2.04413
0 0 342 0.904747 -1.54934 0.218503 2.30736
0 0 343 -1.92182 -1.98434 0.0870159 1.51201
0 0 344 -2.68291 -0.834107 1.89524 1.4375
0 0 345 -0.233743 -0.919912 3.32012 1.78658
0 0 346 1.61473 -2.20175 2.66768 0.911048
0 0 347 2.46152 -1.07451 0.830751 -0.696922
0 0 348 1.44254 0.0585283 -1.33212 -1.9901
0 0 349 0.304052 -0.353486 -2.85978 -1.50928
0 0 350 -0.365047 -1.80114 -1.95585 -0.0616714
0 0 351 -0.771538 -2.84258 -1.55528 -0.18748
0 0 352 -0.445245 -1.44633 -1.28045 -0.736878
0 0 353 0.447149 0.642153 -0.0961401 -2.64803
0 0 354 1.64304 0.830962 0.750748 -2.55084
0 0 355 2.80511 -0.193279 0.985387 -1.53789
0 0 356 2.15253 -0.696706 0.252949 -0.410749
0 0 357 1.36863 -1.96715 1.22577 1.35165
0 0 358 1.95203 -2.77958 2.38156 2.14132
0 0 359 1.74053 -1.26893 1.28281 1.00257
0 0 360 0.647643 0.155737 0.596297 -0.679644
0 0 361 0.396043 -0.101679 1.22577 -0.158862
0 0 362 1.57463 -0.496494 0.310174 1.68938
0 0 363 1.40323 -1.52073 -2.57958 2.11271
0 0 364 0.642139 -2.13876 -3.3235 1.0428
0 0 365 0.738848 -1.19453 -1.97289 0.321693
0 0 366 0.670444 0.459139 -0.702462 0.682109
0 0 367 1.14534 1.12277 -1.08007 0.825196
0 0 368 1.79793 1.28878 -0.86858 0.361649
0 0 369 1.08244 1.13436 -0.530973 -0.124576
0 0 370 0.149947 0.956959 -1.03451 -0.977156
0 0 371 0.572949 2.2044 -1.56102 0.756622
0 0 372 1.33404 2.57062 -1.08581 2.46745
0 0 373 1.32854 1.27737 -2.2303 0.808187
0 0 374 2.65573 -1.22892 -3.78667 -0.776835
0 0 375 4.13781 -3.08859 -3.36906 -0.857017
0 0 376 4.5671 -1.73815 -2.1103 -1.12591
0 0 377 2.91912 -0.462098 -1.92159 -0.731209
0 0 378 1.17993 -0.851305 -0.702462 -0.39347
0 0 379 0.881945 -0.479296 0.189983 -1.45798
0 0 380 1.22554 0.996964 -0.399486 -1.93854
0 0 381 0.138153 3.07405 -1.64102 -1.69826
0 0 382 -1.06874 3.89228 -1.73251 -1.62375
0 0 383 -0.828935 1.9754 -1.67528 -1.02872
0 0 384 -0.656746 -0.261886 -1.26915 0.115702
0 0 385 -0.199148 -1.66954 -0.731352 0.35598
0 0 386 0.115352 -1.46933 -1.5838 0.830865
0 0 387 0.773443 -0.897105 -2.35642 1.03686
0 0 388 1.42603 0.665146 -0.86858 0.767961
0 0 389 1.89464 2.1014 -0.0789171 0.418884
0 0 390 0.65865 2.60483 -1.3436 -0.542226
0 0 391 -0.336742 2.22721 -1.79566 -1.60674
0 0 392 -0.268338 1.924 0.144241 -1.54383
0 0 393 -0.0788522 0.373334 1.67208 -0.82273
0 0 394 0.801748 -1.16032 -0.530973 -1.15453
0 0 395 0.355944 -1.61813 -1.71547 -0.914252
0 0 396 -1.18353 -0.399286 -1.76677 1.08842
0 0 397 -2.16163 1.63779 -0.445229 1.78658
0 0 398 -2.11052 0.75656 0.229985 -0.267662
0 0 399 -0.942941 -0.187484 -0.101881 -2.48793
0 0 400 -0.611143 0.825353 -0.433747 -2.29328
0 0 401 -1.61283 1.44898 -1.61824 -0.748217
0 0 402 -3.3811 0.527746 -1.74399 0.0698063
0 0 403 -2.43682 -0.467893 -1.36638 0.928326
0 0 404 -0.766035 -1.45774 -2.25327 1.12865
0 0 405 0.864648 -0.748302 -1.78992 0.0641368
0 0 406 1.53453 -0.565101 -0.376522 -0.273332
0 0 407 1.98663 -1.33772 0.785009 1.06547
0 0 408 2.03773 -1.87555 1.7006 1.82653
0 0 409 0.515553 -2.08155 0.928348 1.80952
0 0 410 -0.15905 -2.80819 -0.908582 1.55764
0 0 411 0.34415 -1.69235 -1.58954 1.61487
0 0 412 0.315845 0.436146 -1.60657 2.57058
0 0 413 -1.10884 1.31738 -0.68561 1.63215
0 0 414 -1.92182 0.790956 -0.553937 0.945334
0 0 415 -1.13793 -0.496494 -0.702462 1.47179
0 0 416 -0.714142 -0.216085 -1.78417 2.09543
0 0 417 -0.130745 0.184338 -1.89844 1.74662
0 0 418 -0.130745 0.00132492 -0.416524 1.25446
0 0 419 -1.45793 -0.473688 1.26595 0.956943
0 0 420 -2.51072 -1.75534 1.34577 0.504736
0 0 421 -2.88891 -2.36196 0.355916 -0.382131
0 0 422 -2.40222 -0.616696 -1.77269 -0.39347
0 0 423 -1.61283 0.0185233 -1.61824 0.0870847
0 0 424 -1.30383 0.539149 0.624817 -0.405079
0 0 425 -1.85263 -0.0902753 2.75343 -0.845678
0 0 426 -2.69392 0.819558 2.23859 -0.634018
0 0 427 -2.48792 1.32317 1.21429 -1.76683
0 0 428 -1.70403 -0.422093 0.327211 -2.79112
0 0 429 -0.874537 -2.23596 -1.08007 -2.16181
0 0 430 0.000559099 -3.48921 -0.880062 -0.605401
0 0 431 0.618552 -3.00858 -0.0389154 1.23718
0 0 432 1.46613 -2.21895 -0.124845 2.06708
0 0 433 2.15253 0.144333 -0.691165 1.66644
0 0 434 1.91744 1.09417 -0.147624 0.178606
