0 0 0 0.287918
0 0 1 0.0281711
0 0 2 0.494575
0 0 3 0.507738
0 0 4 0.533625
0 0 5 0.677539
0 0 6 0.536696
0 0 7 1.34446
0 0 8 1.32515
0 0 9 1.69634
0 0 10 1.9675
0 0 11 2.32641
0 0 12 3.68701
0 0 13 4.75057
0 0 14 7.44939
0 0 15 11.2807
0 0 16 17.0416
0 0 17 24.8485
0 0 18 28.0563
0 0 19 25.7072
0 0 20 21.6552
0 0 21 19.163
0 0 22 17.1838
0 0 23 16.4028
0 0 24 12.1349
0 0 25 9.86872
0 0 26 5.32622
0 0 27 2.96481
0 0 28 1.51557
0 0 29 1.16939
0 0 30 0.952643
0 0 31 0.148392
0 0 32 0.306346
0 0 33 0.169891
0 0 34 -0.164007
0 0 35 -0.312747
0 0 36 -0.573372
0 0 37 0.000529087
0 0 38 -0.203495
0 0 39 0.189197
0 0 40 -0.170588
0 0 41 -0.279401
0 0 42 -0.569423
0 0 43 -0.124079
0 0 44 -0.300023
0 0 45 0.174279
0 0 46 -0.190771
0 0 47 -0.14163
0 0 48 -0.42156
0 0 49 0.0439665
0 0 50 0.178666
0 0 51 0.0680984
0 0 52 -0.0797644
0 0 53 0.559073
0 0 54 -0.202179
0 0 55 -0.4356
0 0 56 0.0606395
0 0 57 -0.141191
0 0 58 0.377864
0 0 59 0.222981
0 0 60 -0.47114
0 0 61 0.366895
0 0 62 -0.32591
0 0 63 -0.219291
0 0 64 -0.217974
0 0 65 -0.298707
0 0 66 0.0426502
0 0 67 -0.177608
0 0 68 0.294061
0 0 69 0.00754928
0 0 70 -0.221484
0 0 71 -0.049051
0 0 72 0.101883
0 0 73 -0.382071
0 0 74 0.464739
0 0 75 -0.265799
0 0 76 -0.60584
0 0 77 -0.69798
0 0 78 0.323458
0 0 79 0.00798804
0 0 80 0.00623299
0 0 81 0.122505
0 0 82 -0.196914
0 0 83 0.0996893
0 0 84 -0.310114
0 0 85 0.403751
0 0 86 -0.114427
0 0 87 0.0224672
0 0 88 0.358998
0 0 89 -0.0420308
0 0 90 0.481851
0 0 91 0.0299261
0 0 92 0.0514255
0 0 93 -0.160497
0 0 94 -0.514139
0 0 95 -0.215342
0 0 96 -0.394357
0 0 97 -0.271065
0 0 98 -0.211393
0 0 99 -0.112233
0 0 100 0.748179
0 0 101 0.0518642
0 0 102 0.371283
0 0 103 0.373916
0 0 104 0.328284
0 0 105 -0.108284
0 0 106 0.0571294
0 0 107 0.0167633
0 0 108 0.461229
0 0 109 -0.447008
0 0 110 0.602511
0 0 111 -0.213587
0 0 112 -0.532567
0 0 113 0.0953017
0 0 114 0.412527
0 0 115 0.313366
0 0 116 0.261592
0 0 117 0.615235
0 0 118 0.358998
0 0 119 0.525288
0 0 120 0.213329
0 0 121 0.618745
0 0 122 -0.038082
0 0 123 0.801708
0 0 124 0.114607
0 0 125 0.476147
0 0 126 -0.405765
0 0 127 0.296255
0 0 128 0.0588844
0 0 129 -0.311431
0 0 130 -0.328104
0 0 131 -0.0389595
0 0 132 -0.286421
0 0 133 -0.0810806
0 0 134 0.359436
0 0 135 0.0435278
0 0 136 -0.249565
0 0 137 0.718344
0 0 138 0.171646
0 0 139 0.0777512
0 0 140 0.456403
0 0 141 0.287041
0 0 142 0.466494
0 0 143 0.276949
0 0 144 0.129964
0 0 145 0.219033
0 0 146 0.396731
0 0 147 0.579256
0 0 148 0.326529
0 0 149 0.796443
0 0 150 0.208502
0 0 151 0.209819
0 0 152 0.451138
0 0 153 0.590225
0 0 154 0.652968
0 0 155 0.606459
0 0 156 0.215961
0 0 157 0.236583
0 0 158 0.106709
0 0 159 0.828912
0 0 160 0.473514
0 0 161 0.255889
0 0 162 0.569603
0 0 163 0.157167
0 0 164 0.299326
0 0 165 0.189197
0 0 166 0.567848
0 0 167 -0.366715
0 0 168 0.411649
0 0 169 0.0250998
0 0 170 0.130403
0 0 171 -0.0508061
0 0 172 -0.0512448
0 0 173 0.15629
0 0 174 0.382252
0 0 175 0.341886
0 0 176 0.546349
0 0 177 0.529676
0 0 178 0.133035
0 0 179 0.370405
0 0 180 0.293183
0 0 181 0.0417727
0 0 182 0.623132
0 0 183 0.938163
0 0 184 0.31556
0 0 185 0.461668
0 0 186 0.855237
0 0 187 0.595929
0 0 188 0.12777
0 0 189 0.0917916
0 0 190 -0.00561358
0 0 191 0.470004
0 0 192 0.0759961
0 0 193 0.293622
0 0 194 0.997835
0 0 195 -0.257463
0 0 196 0.881124
0 0 197 -0.14865
0 0 198 1.1729
0 0 199 0.376987
0 0 200 0.752567
0 0 201 0.667009
0 0 202 0.0303649
0 0 203 0.608214
0 0 204 0.185248
0 0 205 -0.164445
0 0 206 0.58847
0 0 207 0.644193
0 0 208 0.144882
0 0 209 0.321264
0 0 210 -0.0973148
0 0 211 0.337498
0 0 212 0.231318
0 0 213 0.0294874
0 0 214 0.0957404
0 0 215 0.572675
0 0 216 0.0637108
0 0 217 0.197972
0 0 218 0.373477
0 0 219 -0.0455409
0 0 220 -0.154354
0 0 221 0.582766
0 0 222 0.155851
0 0 223 -0.0727442
0 0 224 0.546788
0 0 225 -0.308798
0 0 226 -0.218852
0 0 227 0.479657
0 0 228 0.256327
0 0 229 0.20236
0 0 230 0.0777512
0 0 231 0.122944
0 0 232 0.0724861
0 0 233 0.785474
0 0 234 0.960979
0 0 235 0.728874
0 0 236 -0.31538
0 0 237 0.401119
0 0 238 0.425689
0 0 239 0.383568
0 0 240 0.338376
0 0 241 0.408578
0 0 242 -0.0744992
0 0 243 0.970632
0 0 244 0.63454
0 0 245 0.0536193
0 0 246 0.235706
0 0 247 0.187003
0 0 248 0.198411
0 0 249 0.225614
0 0 250 0.193584
0 0 251 0.444995
0 0 252 0.269051
0 0 253 0.526166
0 0 254 0.357681
0 0 255 0.319509
