0 0 0 0.0455093
0 0 1 0.0195603
0 0 2 -0.00745633
0 0 3 -0.0266225
0 0 4 -0.0215641
0 0 5 -0.0163907
0 0 6 -0.0259656
0 0 7 -0.0285605
0 0 8 -0.00821181
0 0 9 -0.0132702
0 0 10 -0.0229601
0 0 11 -0.0465278
0 0 12 -0.062245
0 0 13 -0.0338324
0 0 14 0.00481199
0 0 15 0.0142883
0 0 16 -0.0181152
0 0 17 -0.0205951
0 0 18 -0.0132702
0 0 19 -0.000459939
0 0 20 0.0204307
0 0 21 0.0272136
0 0 22 -0.00509136
0 0 23 -0.0215641
0 0 24 -0.00799831
0 0 25 0.035064
0 0 26 0.0415349
0 0 27 0.033126
0 0 28 0.00331746
0 0 29 0.0126788
0 0 30 0.0445403
0 0 31 0.0349655
0 0 32 0.035179
0 0 33 0.0296935
0 0 34 0.0157993
0 0 35 -0.00509136
0 0 36 -0.0142392
0 0 37 0.00589594
0 0 38 0.0050255
0 0 39 -0.00960781
0 0 40 0.0121369
0 0 41 0.0220402
0 0 42 0.0119234
0 0 43 0.0273121
0 0 44 0.0338815
0 0 45 0.0249472
0 0 46 0.038398
0 0 47 0.0476608
0 0 48 0.0529327
0 0 49 0.0194617
0 0 50 -0.0330769
0 0 51 -0.0547066
0 0 52 -0.00367894
0 0 53 0.0133193
0 0 54 0.00405651
0 0 55 -0.0145513
0 0 56 -0.0342594
0 0 57 -0.027805
0 0 58 -0.0232721
0 0 59 -0.0119728
0 0 60 0.00277548
0 0 61 0.00353096
0 0 62 0.00331746
0 0 63 -0.00400741
0 0 64 0.00481199
0 0 65 0.0160128
0 0 66 0.0240931
0 0 67 0.0193468
0 0 68 0.0244052
0 0 69 0.0363615
0 0 70 0.0111679
0 0 71 -0.0120878
0 0 72 -0.0182137
0 0 73 0.0229106
0 0 74 0.0410914
0 0 75 0.0165548
0 0 76 -0.00443442
0 0 77 -0.000673444
0 0 78 0.0118084
0 0 79 0.0225822
0 0 80 0.0279691
0 0 81 0.0284946
0 0 82 0.0335695
0 0 83 0.0259161
0 0 84 0.00771895
0 0 85 -0.0118742
0 0 86 -0.00487785
0 0 87 0.0185913
0 0 88 0.0287246
0 0 89 0.00653646
0 0 90 -0.0141243
0 0 91 -0.0255386
0 0 92 0.00771895
0 0 93 0.0219417
0 0 94 0.0108394
0 0 95 -0.00972277
0 0 96 -0.0035804
0 0 97 -0.00367894
0 0 98 0.00686493
0 0 99 0.00934487
0 0 100 0.0092299
0 0 101 0.00719339
0 0 102 0.0092299
0 0 103 0.00405651
0 0 104 -0.00121542
0 0 105 -0.00648735
0 0 106 -0.0117593
0 0 107 -0.030712
0 0 108 -0.0210221
0 0 109 0.0101989
0 0 110 0.0187062
0 0 111 0.0153723
0 0 112 0.00298899
0 0 113 0.00674996
0 0 114 -0.00282492
0 0 115 -0.0304985
0 0 116 -0.00755487
0 0 117 0.0148303
0 0 118 -0.0386773
0 0 119 -0.0703253
0 0 120 -0.0673034
0 0 121 -0.0348014
0 0 122 -0.0093943
0 0 123 -0.000344975
0 0 124 0.0050255
0 0 125 0.00826092
0 0 126 0.0166533
0 0 127 0.00632295
0 0 128 -0.0365259
0 0 129 -0.031566
0 0 130 0.00459849
0 0 131 0.00847442
0 0 132 0.00492696
0 0 133 0.003416
0 0 134 -0.0104618
0 0 135 0.00696347
0 0 136 0.0400239
0 0 137 0.0166533
0 0 138 -0.029628
0 0 139 -0.0579421
0 0 140 -0.02544
0 0 141 0.00599448
0 0 142 -0.00615888
0 0 143 -0.0116607
0 0 144 0.0259161
0 0 145 0.0321571
0 0 146 0.00771895
0 0 147 0.00320249
0 0 148 0.0117098
0 0 149 0.0125639
0 0 150 0.0153723
0 0 151 0.00847442
0 0 152 0.00492696
0 0 153 0.00955837
0 0 154 0.0167683
0 0 155 0.0301205
0 0 156 0.00126452
0 0 157 -0.0093943
0 0 158 0.0184927
0 0 159 0.0281826
0 0 160 0.0170967
0 0 161 0.00428644
0 0 162 -0.00627384
0 0 163 -0.0149947
0 0 164 -0.0143378
0 0 165 -0.0203652
0 0 166 -0.0253251
0 0 167 -0.0389894
0 0 168 -0.0379219
0 0 169 -0.0123998
0 0 170 -0.0146662
0 0 171 -0.00885233
0 0 172 -0.00594538
0 0 173 -0.0269346
0 0 174 -0.00885233
0 0 175 0.0495988
0 0 176 0.068223
0 0 177 0.0464783
0 0 178 0.0137464
0 0 179 0.00599448
0 0 180 0.0259161
0 0 181 0.0194617
0 0 182 0.00998538
0 0 183 0.0180657
0 0 184 0.0321571
0 0 185 0.0246187
0 0 186 0.0120383
0 0 187 -0.0093943
0 0 188 -0.0077848
0 0 189 0.0112828
0 0 190 0.0169818
0 0 191 0.00331746
0 0 192 -0.0314674
0 0 193 -0.00648735
0 0 194 0.0513232
0 0 195 0.119464
0 0 196 0.206673
0 0 197 0.410882
0 0 198 0.736756
0 0 199 0.968853
0 0 200 0.999844
0 0 201 0.871642
0 0 202 0.722534
0 0 203 0.626407
0 0 204 0.571931
0 0 205 0.514235
0 0 206 0.456424
0 0 207 0.400338
0 0 208 0.423906
0 0 209 0.509817
0 0 210 0.54383
0 0 211 0.474293
0 0 212 0.332509
0 0 213 0.190841
0 0 214 0.119152
0 0 215 0.113765
0 0 216 0.0846957
0 0 217 0.0428159
0 0 218 -0.00551837
0 0 219 -0.0228451
0 0 220 -0.0170312
0 0 221 0.00471345
0 0 222 0.037429
0 0 223 0.0254891
0 0 224 -0.0199382
0 0 225 -0.0411573
0 0 226 -0.00863882
0 0 227 0.0372155
0 0 228 0.0235512
0 0 229 0.0162263
0 0 230 -0.00509136
0 0 231 -0.00261141
0 0 232 0.0151588
0 0 233 0.0289381
0 0 234 0.0264581
0 0 235 0.0241917
0 0 236 0.00578098
0 0 237 0.00998538
0 0 238 0.0468068
0 0 239 0.064347
0 0 240 0.0414199
0 0 241 0.0133193
0 0 242 -0.00766984
0 0 243 -0.00100191
0 0 244 0.0112828
0 0 245 0.0252756
0 0 246 0.0231242
0 0 247 0.00686493
0 0 248 -0.0170312
0 0 249 -0.0259656
0 0 250 -0.0101498
0 0 251 -0.000673444
0 0 252 -0.0123998
0 0 253 -0.0385624
0 0 254 -0.028659
0 0 255 -0.0149947
0 0 256 -0.0245696
0 0 257 -0.0322065
0 0 258 -0.0407138
0 0 259 -0.0304985
0 0 260 -0.0173597
0 0 261 0.00459849
0 0 262 0.000197
0 0 263 -0.0195112
0 0 264 -0.0220896
0 0 265 -0.00875379
0 0 266 -0.030597
0 0 267 -0.03017
0 0 268 -0.0143378
0 0 269 -0.0172447
0 0 270 -0.0205951
0 0 271 -0.0171462
0 0 272 -0.0323215
0 0 273 -0.0189692
0 0 274 -0.0121863
0 0 275 -0.0154217
0 0 276 -0.0404018
0 0 277 -0.030055
0 0 278 -0.00627384
0 0 279 -0.00788334
0 0 280 -0.0216626
0 0 281 -0.0552486
0 0 282 -0.0764513
0 0 283 -0.0549366
0 0 284 0.0274271
0 0 285 0.0204307
0 0 286 -0.00734137
0 0 287 -0.0461007
0 0 288 -0.0675169
0 0 289 -0.0407138
0 0 290 0.00310395
0 0 291 0.00223351
0 0 292 -0.032962
0 0 293 -0.0481537
0 0 294 -0.0120878
0 0 295 0.0144033
0 0 296 0.0201022
0 0 297 -0.00863882
0 0 298 -0.0541811
0 0 299 -0.0538526
0 0 300 -0.0368379
0 0 301 -0.0106918
0 0 302 0.0115949
0 0 303 -0.0247831
0 0 304 -0.0521282
0 0 305 -0.0499767
0 0 306 -0.0252101
0 0 307 -0.00336689
0 0 308 -0.000459939
0 0 309 -0.00670085
0 0 310 -0.0308105
0 0 311 -0.0456737
0 0 312 -0.0312375
0 0 313 -0.0150932
0 0 314 -0.0368379
0 0 315 -0.0519146
0 0 316 -0.0418963
0 0 317 -0.02769
0 0 318 -0.0158487
0 0 319 -0.0133688
0 0 320 -0.0189692
0 0 321 -0.0145513
0 0 322 -0.027378
0 0 323 -0.0413708
0 0 324 -0.0452467
0 0 325 -0.0304985
0 0 326 -0.00121542
0 0 327 -0.0175732
0 0 328 -0.0478252
0 0 329 -0.0553636
0 0 330 -0.0595516
0 0 331 -0.0408288
0 0 332 0.00643792
0 0 333 0.0206442
0 0 334 0.000295541
0 0 335 -0.00972277
0 0 336 -0.000673444
0 0 337 -0.00433588
0 0 338 -0.0135823
0 0 339 -0.0115458
0 0 340 0.00116598
0 0 341 0.0134343
0 0 342 0.0220402
0 0 343 0.00837588
0 0 344 0.0124653
0 0 345 0.0191333
0 0 346 0.03173
0 0 347 0.0373304
0 0 348 0.0106259
0 0 349 -0.00336689
0 0 350 0.0465933
0 0 351 0.0577777
0 0 352 0.0142883
0 0 353 -0.0248981
0 0 354 -0.00766984
0 0 355 0.0366899
0 0 356 0.0441133
0 0 357 0.0144033
0 0 358 -0.0184272
0 0 359 -0.0142392
0 0 360 0.0147153
0 0 361 0.0266716
0 0 362 0.00837588
0 0 363 -0.00982131
0 0 364 -0.00681582
0 0 365 -0.00906583
0 0 366 0.00213497
0 0 367 0.0131058
0 0 368 -0.0117593
0 0 369 -0.0247831
0 0 370 -0.0245696
0 0 371 -0.0212356
0 0 372 -0.0357704
0 0 373 -0.0252101
0 0 374 -0.000131469
0 0 375 -0.0131553
0 0 376 -0.0240276
0 0 377 -0.0155203
0 0 378 -0.0232721
0 0 379 -0.0103633
0 0 380 0.0211862
0 0 381 0.0485312
0 0 382 0.0230092
0 0 383 -0.0312375
0 0 384 -0.0436208
0 0 385 0.00965691
0 0 386 0.0389399
0 0 387 0.0128923
0 0 388 -0.00724283
0 0 389 -0.00594538
0 0 390 0.0149453
0 0 391 0.0127774
0 0 392 -0.0208086
0 0 393 -0.0212356
0 0 394 0.00858939
0 0 395 0.0190347
0 0 396 0.00965691
0 0 397 0.0090164
0 0 398 0.038398
0 0 399 0.0498123
