0 0 0 0.0178531
0 0 1 0.0194553
0 0 2 0.0259861
0 0 3 0.025452
0 0 4 0.0241703
0 0 5 0.0172122
0 0 6 0.0179599
0 0 7 0.0218051
0 0 8 0.021912
0 0 9 0.0243839
0 0 10 0.0176394
0 0 11 0.0165713
0 0 12 0.017319
0 0 13 0.0125124
0 0 14 0.00982681
0 0 15 0.00331121
0 0 16 0.00437934
0 0 17 0.0117647
0 0 18 0.023209
0 0 19 0.0304723
0 0 20 0.0263066
0 0 21 0.0133669
0 0 22 0.0158236
0 0 23 0.0171054
0 0 24 0.0216983
0 0 25 0.01561
0 0 26 0.00790417
0 0 27 0.00437934
0 0 28 0.00555428
0 0 29 0.0183871
0 0 30 0.0265202
0 0 31 0.0356146
0 0 32 0.0364691
0 0 33 0.0401007
0 0 34 0.0316472
0 0 35 0.0257725
0 0 36 0.0203098
0 0 37 0.0199893
0 0 38 0.0244907
0 0 39 0.0199893
0 0 40 0.0230869
0 0 41 0.0216983
0 0 42 0.024918
0 0 43 0.0225528
0 0 44 0.0177462
0 0 45 0.0153964
0 0 46 0.0126192
0 0 47 0.0141146
0 0 48 0.0130465
0 0 49 0.0089723
0 0 50 0.0089723
0 0 51 0.011429
0 0 52 0.0110018
0 0 53 0.00694286
0 0 54 0.00886549
0 0 55 0.0192416
0 0 56 0.0248112
0 0 57 0.0187076
0 0 58 0.0193484
0 0 59 0.016144
0 0 60 0.0202029
0 0 61 0.0204166
0 0 62 0.0278019
0 0 63 0.0302586
0 0 64 0.0303655
0 0 65 0.0213779
0 0 66 0.0149691
0 0 67 0.00854505
0 0 68 0.0204166
0 0 69 0.0298314
0 0 70 0.0421302
0 0 71 0.0502632
0 0 72 0.0654459
0 0 73 0.0843824
0 0 74 0.116457
0 0 75 0.186938
0 0 76 0.315602
0 0 77 0.517739
0 0 78 0.750469
0 0 79 0.939986
0 0 80 1
0 0 81 0.935714
0 0 82 0.798062
0 0 83 0.65594
0 0 84 0.535286
0 0 85 0.441489
0 0 86 0.392828
0 0 87 0.378286
0 0 88 0.390265
0 0 89 0.407263
0 0 90 0.426825
0 0 91 0.454215
0 0 92 0.472297
0 0 93 0.483085
0 0 94 0.464698
0 0 95 0.427161
0 0 96 0.367803
0 0 97 0.299245
0 0 98 0.227161
0 0 99 0.163729
0 0 100 0.117098
0 0 101 0.084062
0 0 102 0.0564584
0 0 103 0.0335699
0 0 104 0.021912
0 0 105 0.0195621
0 0 106 0.0256657
0 0 107 0.0242771
0 0 108 0.0244907
0 0 109 0.0212711
0 0 110 0.0240635
0 0 111 0.021912
0 0 112 0.0189212
0 0 113 0.0115358
0 0 114 0.00801099
0 0 115 0.0113222
0 0 116 0.0163577
0 0 117 0.0259861
0 0 118 0.0247044
0 0 119 0.0253452
0 0 120 0.0234073
0 0 121 0.0308995
0 0 122 0.0358282
0 0 123 0.0371099
0 0 124 0.0264134
0 0 125 0.0162509
0 0 126 0.00779736
0 0 127 0.00950637
0 0 128 0.0131533
0 0 129 0.013901
0 0 130 0.0176394
0 0 131 0.0166781
0 0 132 0.0162509
0 0 133 0.0130465
0 0 134 0.0174258
0 0 135 0.0205234
0 0 136 0.0181735
0 0 137 0.0158236
0 0 138 0.00608835
0 0 139 0.00138857
0 0 140 0
0 0 141 0.0106813
0 0 142 0.0151827
0 0 143 0.0103609
0 0 144 0.00587472
0 0 145 0.00106813
0 0 146 0.00480659
0 0 147 0.00918593
