0 0 0 -1.57929 -3.69083 2.37428 3.70984
0 0 1 0.827156 -0.581705 0.632244 2.08938
0 0 2 1.70375 -1.39983 1.49802 -2.27069
0 0 3 1.68265 -3.83871 1.39767 -3.944
0 0 4 0.800967 -0.587043 -1.64261 -2.00686
0 0 5 -0.207297 1.04386 -0.29147 -0.87182
0 0 6 -3.37976 -0.191195 2.71186 0.0940977
0 0 7 -0.956584 -1.62164 0.943788 -3.28945
0 0 8 1.87252 -2.93063 -1.34198 -4.076
0 0 9 1.31819 0.769463 -1.52673 -2.68756
0 0 10 -0.666326 2.22633 -1.23618 -1.12541
0 0 11 -5.24789 2.11556 0.626786 -1.11462
0 0 12 -2.9622 0.0252798 3.16574 0.358112
0 0 13 1.10214 -1.05683 3.58267 -1.24151
0 0 14 1.02284 2.24208 3.38743 -4.1815
0 0 15 -1.36324 1.60867 0.964781 -3.31596
0 0 16 -3.20517 0.389364 1.08108 -0.50231
0 0 17 -2.48717 -2.03324 0.294249 0.284246
0 0 18 -2.65594 -1.31548 -1.36844 -0.0536331
0 0 19 -1.42653 -0.149021 0.679689 1.91002
0 0 20 -0.824913 1.45572 2.15763 1.5193
0 0 21 4.69653 2.0523 2.56952 1.81494
0 0 22 6.98222 2.51674 -0.460258 0.495238
0 0 23 6.94512 2.18416 0.00411863 -2.73528
0 0 24 1.56117 2.0152 -3.168 -2.64002
0 0 25 -0.196385 -0.634555 0.0620607 0.120609
0 0 26 0.505617 -1.62164 0.178365 1.38729
0 0 27 1.91471 -2.8938 0.531895 3.79962
0 0 28 9.28319 -2.52945 1.52951 0.395044
0 0 29 5.40363 0.489727 0.574302 -0.655343
0 0 30 -0.455362 2.83865 0.764083 1.24486
0 0 31 -2.88291 5.64162 0.811529 0.822513
0 0 32 -5.59634 1.83582 -0.814208 -0.792652
0 0 33 -2.85672 0.400041 -0.217573 -3.9493
0 0 34 -2.17581 1.65111 -0.180624 -2.60857
0 0 35 -5.29517 -0.428757 -0.0433267 -0.834887
0 0 36 -4.13924 0.405379 2.78072 -0.803257
0 0 37 -1.44762 2.69612 4.92373 -2.21273
0 0 38 2.12059 2.07846 3.46133 -1.0989
0 0 39 5.26686 0.236416 -0.724356 1.4032
0 0 40 7.16118 -3.50078 -1.66906 -0.349277
0 0 41 2.29518 -3.63264 2.9071 -1.24681
0 0 42 -0.682331 -2.80918 1.11803 -2.13887
0 0 43 -0.486643 -3.24213 -4.14462 -0.175036
0 0 44 1.38148 -5.17413 -0.344373 -0.454773
0 0 45 -0.909299 -1.06217 2.74881 -1.19909
0 0 46 -0.935488 0.632264 4.4434 0.722319
0 0 47 -0.128004 1.61935 2.33188 -0.032607
0 0 48 3.96252 3.3717 -3.19991 -2.4186
0 0 49 6.26422 6.7974 -5.66497 -1.87467
0 0 50 -1.6113 5.43048 0.595295 0.864748
0 0 51 -0.677238 2.43747 0.801032 3.48295
0 0 52 0.273556 1.36604 0.067519 1.5193
0 0 53 -2.84071 -3.56404 2.81221 -0.58678
0 0 54 -1.84845 -6.55706 0.0939708 -1.32598
0 0 55 -1.04606 -2.68266 -2.87241 -3.4796
0 0 56 1.59827 1.75655 -3.43756 -2.36577
0 0 57 -1.90156 2.77006 2.45868 1.83597
0 0 58 -2.58756 2.21058 2.49017 2.75983
0 0 59 -2.3344 3.98402 0.510902 2.22669
0 0 60 0.442328 4.72847 -1.67956 0.637849
0 0 61 2.07839 4.13724 0.352611 -0.945685
0 0 62 -0.782721 1.90442 1.32881 -0.734511
0 0 63 -2.57155 2.0152 2.58002 -1.38394
0 0 64 3.20814 4.72314 -3.74868 -1.52107
0 0 65 4.57505 6.7288 -5.21612 -1.24151
0 0 66 -1.07807 3.15015 -0.090772 -2.74058
0 0 67 0.859164 -0.0486581 1.6773 2.03654
0 0 68 0.00439468 3.00228 1.36072 1.65661
0 0 69 -2.38678 2.76472 -0.824705 -3.66938
0 0 70 5.43054 4.55951 -3.27381 -2.26027
0 0 71 9.68475 8.65038 -3.61684 4.39054
0 0 72 -3.43214 4.43806 1.92544 0.90168
0 0 73 -3.04659 0.194242 1.78815 -0.38621
0 0 74 1.82524 0.167817 -2.44498 -3.27903
0 0 75 3.93633 -0.185857 -6.88931 -1.03564
0 0 76 3.09684 -2.42935 -4.48765 0.695808
0 0 77 1.292 -1.17294 1.32881 2.36363
0 0 78 1.24472 0.795888 3.87322 3.04999
0 0 79 3.98944 2.33203 -1.65857 1.44013
0 0 80 3.22924 1.2921 -3.51145 2.78616
0 0 81 0.426323 2.37421 -0.090772 3.20321
0 0 82 2.31627 2.35312 -0.207076 3.02366
0 0 83 1.54516 0.658689 -2.22329 3.36154
0 0 84 -0.370976 1.1549 -1.57417 3.47234
0 0 85 0.74859 2.33203 -5.26357 2.53275
0 0 86 3.63589 1.86225 -4.12866 1.96797
0 0 87 6.71306 -1.38408 -3.86498 1.46646
0 0 88 4.21059 3.76755 -5.04734 -2.43415
0 0 89 5.10828 3.6832 -7.28524 -1.24681
0 0 90 6.12163 1.76722 -4.33482 1.55623
0 0 91 7.90028 -1.48444 -1.15724 1.7621
0 0 92 -1.41561 3.18165 -1.97515 -0.565754
0 0 93 -0.539748 -0.0433196 -1.15724 -1.98583
0 0 94 -2.64575 0.917338 -1.29454 -2.46614
0 0 95 -3.20008 -0.413009 -4.67239 -0.972014
0 0 96 -4.87834 -0.0329096 -3.30026 -0.861216
0 0 97 -3.30047 1.23925 -2.97276 -0.359882
0 0 98 -0.951492 0.378954 -3.6962 0.70111
0 0 99 -4.31383 -3.35291 0.416011 1.02308
0 0 100 -5.63854 -1.4791 2.51116 1.00736
0 0 101 -3.05241 4.01579 1.6139 1.12876
0 0 102 -3.90717 3.8575 -0.893143 1.69884
0 0 103 -4.26072 0.315426 -1.88572 1.8782
0 0 104 -1.31522 -1.84345 -1.60566 1.7674
0 0 105 1.79323 -0.48668 -3.28976 0.980848
0 0 106 2.0733 0.47905 -5.10024 -1.25212
0 0 107 0.663476 0.838062 -4.36631 0.358112
0 0 108 0.912269 2.97052 -1.73246 2.18975
0 0 109 0.204447 4.96577 0.347152 0.305272
0 0 110 -0.603037 3.4088 -1.06193 -2.20213
0 0 111 -0.787813 2.83865 -2.85687 -2.79342
0 0 112 0.790782 1.95727 -1.56368 -1.46841
0 0 113 6.10563 1.69862 2.38478 -2.43945
0 0 114 10.1227 0.331441 6.58096 -1.71103
0 0 115 -1.01478 5.68913 4.1264 -0.565754
0 0 116 -2.10234 4.45381 2.20508 -1.06197
0 0 117 0.209539 -1.83811 0.722096 -0.396814
0 0 118 1.3713 -5.36418 0.315662 -0.396814
0 0 119 1.77722 -4.04984 3.16574 -0.322766
0 0 120 -1.22575 -1.44734 3.40884 0.368533
0 0 121 -0.376069 -1.2733 1.41866 0.326481
0 0 122 -0.819094 1.13889 0.611251 2.08407
0 0 123 3.17613 1.11273 1.37122 0.685386
0 0 124 8.05887 1.42396 3.43488 -2.60857
0 0 125 1.85652 3.03911 2.10473 -1.20458
0 0 126 1.24981 1.43464 3.28204 0.516447
0 0 127 4.54886 0.225739 4.55929 2.17915
0 0 128 6.32241 1.0492 0.326159 1.98388
0 0 129 1.59317 0.15714 -0.592517 1.23426
0 0 130 -2.15472 -0.893204 1.95693 -0.322766
0 0 131 -3.8337 -1.76418 0.379062 0.231407
0 0 132 -0.888203 -1.58988 -1.67452 0.61664
0 0 133 -1.75898 -3.66974 2.50612 -0.834887
0 0 134 -1.17846 0.0885407 0.563805 -3.3368
0 0 135 -0.0174292 -0.93004 0.996271 -2.88282
0 0 136 -3.56381 -3.81762 0.0515639 2.15776
0 0 137 -1.69569 -3.47436 -0.755846 2.67006
0 0 138 0.0407678 -3.44793 1.80914 1.01266
0 0 139 -2.55046 -2.30256 0.489908 -1.6688
0 0 140 -3.14698 -1.9964 -2.98871 -3.69077
0 0 141 -2.27111 -1.15185 -1.67956 -3.23679
0 0 142 -2.19182 0.0781306 -0.307425 -0.808742
0 0 143 -0.671419 -0.750667 -0.930092 0.0465606
0 0 144 -0.719431 -1.69024 -1.72197 0.827815
0 0 145 -0.776901 0.47905 0.135958 2.61192
0 0 146 -0.381161 1.21282 0.663734 2.26362
0 0 147 0.711489 -0.312646 -1.1098 2.21608
0 0 148 1.70884 0.521491 0.700683 1.7515
0 0 149 1.09632 0.373615 -2.41853 3.88409
0 0 150 1.37639 -1.32082 -5.93914 6.39661
0 0 151 4.9235 -3.75409 -2.59824 4.43277
0 0 152 6.15364 0.658689 0.104468 -0.338673
0 0 153 1.19161 1.07029 -0.829743 -1.07788
0 0 154 -4.24472 -0.196534 -0.127721 -0.560635
0 0 155 -3.98138 0.922677 2.51116 -0.613108
0 0 156 -2.45589 0.220668 5.65725 0.822513
0 0 157 -2.83053 -1.00932 2.96546 1.51399
0 0 158 -0.0487101 -0.887866 -0.544651 2.61722
0 0 159 -0.613222 2.43747 -1.54772 3.69412
0 0 160 -4.10286 1.90976 0.151913 1.20263
0 0 161 -4.06067 0.331441 1.08612 -0.280714
0 0 162 -2.55046 -0.0486581 0.822445 0.78558
0 0 163 -1.57929 0.996348 1.45561 0.326481
0 0 164 -0.54484 0.769463 -1.46837 1.60377
0 0 165 0.822063 5.41981 -3.15246 0.827815
0 0 166 -1.14136 7.36755 -0.38636 -2.11766
0 0 167 -2.06524 6.88201 0.0146154 -1.90648
0 0 168 -1.41052 3.2716 2.06778 -1.62163
0 0 169 -1.80117 -0.676729 3.63054 -4.10764
0 0 170 -2.00704 -1.37874 4.58028 -3.9493
0 0 171 0.442328 1.0863 1.13903 -4.52468
0 0 172 6.03725 1.83582 -0.212114 -3.34759
0 0 173 0.732585 1.65618 -0.634504 -2.76672
0 0 174 3.83085 -0.339071 -4.02327 -2.19134
0 0 175 9.18862 -2.62981 -2.98326 3.11344
0 0 176 1.88343 0.547916 1.41866 6.12217
0 0 177 -0.655414 1.0492 1.84609 1.35566
0 0 178 -0.956584 4.61743 1.99388 -2.21273
0 0 179 -0.576848 6.02679 1.29186 -3.57979
0 0 180 0.294652 2.75938 -2.53483 -2.5294
0 0 181 2.80149 0.537239 -6.06594 -2.27581
0 0 182 2.72802 0.241755 -0.328418 -2.59285
0 0 183 2.24207 -0.360158 2.72781 -1.05136
0 0 184 2.39484 -3.71726 1.58745 -0.618593
0 0 185 0.173166 -4.48786 -0.0118364 -2.14399
0 0 186 -2.9782 -4.20279 -0.518619 -1.08318
0 0 187 -5.36938 -1.86961 -0.402315 -1.59512
0 0 188 -4.68847 -2.13894 -1.82232 -0.549847
0 0 189 -0.354972 -2.07034 -0.940589 2.47479
0 0 190 -1.16755 1.5665 -1.07285 2.07365
0 0 191 -1.6484 2.94436 -0.629465 0.61664
0 0 192 -3.79078 -0.581705 0.246803 1.5246
0 0 193 -4.11814 -1.26263 -0.803291 -0.164431
0 0 194 -1.40543 -0.413009 -0.0328299 -1.38394
0 0 195 -0.455362 -1.18362 1.90949 -1.65307
0 0 196 1.69284 -3.24213 2.27897 -1.39455
0 0 197 5.28796 -3.29498 -2.0016 0.50054
0 0 198 2.93898 -1.63739 -5.90219 3.12934
0 0 199 1.16033 0.130715 -1.07789 5.60493
0 0 200 3.13903 0.442214 2.25252 6.09566
0 0 201 0.373219 -1.00932 3.87322 2.74393
0 0 202 -2.61957 1.43998 2.00984 -0.0220026
0 0 203 -2.78834 4.39589 -2.37109 -1.91691
0 0 204 -1.23666 5.34587 -2.52434 0.0836761
0 0 205 -0.0748988 5.88959 -3.61138 1.82024
0 0 206 0.54781 3.84683 -1.39447 0.833117
0 0 207 5.76809 -1.23113 0.209855 -1.97505
0 0 208 1.18652 -4.03917 1.17052 -0.549847
0 0 209 -0.507739 -1.03574 2.56407 -1.34701
0 0 210 -0.0116095 2.23701 -0.112185 -1.99095
0 0 211 -2.52427 1.21282 -0.428767 1.09713
0 0 212 1.3873 -0.687406 2.04175 1.02838
0 0 213 9.3523 1.30251 0.86989 1.44013
0 0 214 6.25912 1.24993 -0.249063 0.252433
0 0 215 0.690392 -0.111919 -2.47689 -0.127498
0 0 216 0.606007 -1.93314 -2.09649 -0.0430286
0 0 217 -0.0858108 -4.65149 -4.69884 0.78558
0 0 218 -0.502647 -4.4246 -3.94392 0.706412
0 0 219 -2.03323 -2.00708 -2.23925 1.37157
0 0 220 -4.00757 -3.11027 -2.87787 0.516447
0 0 221 -3.98647 -0.908953 -0.888105 -0.50231
0 0 222 -2.3715 2.73829 -1.33149 1.10755
0 0 223 -2.78834 2.73322 2.36883 0.980848
0 0 224 -4.84706 4.11081 4.65964 0.352809
0 0 225 -1.52692 2.38996 3.74138 -1.46293
0 0 226 0.0989649 -1.60055 5.65725 -2.1758
0 0 227 -1.79026 -0.275543 1.66135 -0.576176
0 0 228 -2.32931 -0.233369 -2.17585 1.51399
0 0 229 -3.35285 0.495065 0.0251121 1.45073
0 0 230 -1.74806 2.90192 0.832942 1.9943
0 0 231 -1.36324 0.948835 0.2573 2.24241
0 0 232 0.869348 -1.50019 -0.777259 1.20793
0 0 233 4.38009 -1.44734 -0.244024 1.02308
0 0 234 -0.24949 -1.98599 0.146455 1.33994
0 0 235 1.06504 -5.30599 0.416011 -2.34986
0 0 236 3.01245 0.00419278 2.12068 -0.914055
0 0 237 5.18757 4.27978 2.33734 0.632547
0 0 238 8.38623 1.88334 -1.28362 -0.924659
0 0 239 21.8457 0.489727 -6.53032 -2.95175
0 0 240 33.6117 2.33203 -7.428 -1.72182
0 0 241 39.4707 5.94778 -12.0726 -3.12069
0 0 242 22.6321 6.41757 -11.5608 0.58501
0 0 243 6.22202 2.50607 -5.41682 3.69412
0 0 244 6.54938 -1.13077 -3.2948 1.51399
0 0 245 10.5766 -1.05149 1.91999 0.906982
0 0 246 16.0821 -3.53762 9.41004 2.29525
0 0 247 29.5474 -5.57531 15.4432 3.28768
0 0 248 40.706 -4.48786 14.3347 1.93104
0 0 249 37.4855 -4.74118 4.92877 -1.35231
0 0 250 19.3651 -3.733 -1.47382 -2.68756
0 0 251 4.8864 -4.56714 0.0570222 -1.82713
0 0 252 -3.6642 -3.53255 3.1607 -1.93811
0 0 253 -5.2006 -1.19403 2.45868 0.0624672
0 0 254 -3.7966 -0.713832 1.53496 0.305272
0 0 255 -3.15789 -2.29188 2.09423 -0.0905658
0 0 256 -0.608129 -2.80918 -0.745349 1.21323
0 0 257 3.13903 -2.57696 -3.07311 3.68352
0 0 258 1.978 0.79055 -2.43994 3.1873
0 0 259 2.68 0.141392 -2.63518 0.189172
0 0 260 -0.333876 -2.45044 -0.608052 -1.69549
0 0 261 -0.207297 -0.175447 1.71425 -0.032607
0 0 262 -0.270586 0.890913 1.12307 -0.449471
0 0 263 -0.0487101 1.10205 1.6034 -2.1811
0 0 264 -0.392073 2.68037 4.74403 0.310574
0 0 265 -2.85163 -0.328394 2.81767 -0.402117
0 0 266 -3.26846 -3.50612 -1.76941 -1.33128
0 0 267 -1.17337 -3.05208 -2.63518 1.57214
0 0 268 -0.301867 -1.9278 -0.164669 -0.750418
0 0 269 -1.36833 -0.059335 2.25252 -2.13887
0 0 270 0.24664 0.700863 2.60647 -2.21273
0 0 271 2.25808 2.62752 -1.54772 -0.254203
0 0 272 2.28936 -0.122596 -0.798253 1.50869
0 0 273 1.46078 -4.5247 2.55903 0.87005
0 0 274 -2.64575 -5.06309 4.81793 0.490118
0 0 275 -3.34266 -2.8252 4.74403 0.933493
0 0 276 -3.52744 -0.301969 0.442043 -0.914055
0 0 277 -0.175289 -0.79818 -5.43278 -0.143405
0 0 278 0.906449 -2.62981 -3.57989 3.20321
0 0 279 0.0145792 -1.50553 -1.45787 1.50357
0 0 280 -1.44253 1.38712 -0.708401 -2.00156
0 0 281 -1.73279 -0.0697451 1.28136 -1.20988
0 0 282 -2.96802 0.0992176 1.35526 1.49297
0 0 283 -0.867106 0.215329 -1.76395 1.56683
0 0 284 3.37182 -1.6163 -4.38226 1.46134
0 0 285 -2.03323 1.2921 -2.23925 -0.818981
0 0 286 -3.76968 2.17348 -0.186082 0.706412
0 0 287 -4.29273 -1.80635 -2.29719 2.07877
0 0 288 -4.4986 -1.52661 -3.97583 -0.159312
0 0 289 -4.08686 1.03345 -0.962002 -2.05952
0 0 290 -3.84389 -0.28622 -1.13079 -2.37107
0 0 291 -2.07033 2.28959 -2.67717 -2.09663
0 0 292 -1.17337 3.23984 -1.63757 -2.22846
0 0 293 -1.89647 -0.0697451 -0.713859 -1.85364
0 0 294 1.3713 -1.53729 1.47156 -0.861216
0 0 295 1.00175 0.246826 1.52447 -0.307042
0 0 296 3.13394 3.96294 -2.67213 -1.73224
0 0 297 13.3424 5.36188 -4.80465 -2.94645
0 0 298 12.4084 3.58818 -3.14701 -2.08073
0 0 299 7.34595 0.938425 -4.39276 -2.21273
0 0 300 6.55447 3.76755 -3.42664 -1.32598
0 0 301 -1.94884 2.8544 -2.99417 -1.82713
0 0 302 -4.68847 0.0356898 -4.12362 -1.63205
0 0 303 -6.17177 1.85691 -1.71651 -1.71652
0 0 304 -4.32401 3.67252 0.795993 -0.623713
0 0 305 1.21271 1.98343 0.357649 -0.528639
0 0 306 3.4824 1.28142 0.996271 -0.433747
0 0 307 -2.15981 2.15773 -0.634504 0.136333
0 0 308 -2.40787 1.39246 -0.143676 -0.0905658
0 0 309 3.12376 -2.69307 2.96546 -2.06994
0 0 310 5.27196 -5.45386 2.79625 -2.02258
0 0 311 2.56943 -3.44793 2.9071 -1.92769
0 0 312 -2.46607 3.35595 1.88304 -1.53716
0 0 313 -0.687423 5.11364 1.50305 0.906982
0 0 314 -1.15227 3.37704 3.0234 1.68824
0 0 315 -3.72749 3.04979 4.00002 -0.623713
0 0 316 -4.13414 4.09506 4.72304 -2.58224
0 0 317 -1.90665 1.65111 3.37693 -0.539243
0 0 318 3.5144 -1.46869 0.00411863 0.527051
0 0 319 5.07627 0.400041 -0.962002 -0.570873
0 0 320 2.6851 1.50857 0.394598 0.50054
0 0 321 3.26052 -0.29663 -0.0697785 1.21853
0 0 322 5.7419 -3.92839 -2.0016 -0.808742
0 0 323 -0.159285 -2.36075 -3.1575 -0.850611
0 0 324 -2.73523 -0.766416 -1.32603 -0.264808
0 0 325 -1.03079 2.81223 4.06846 -0.18564
0 0 326 -1.44762 3.44564 5.37216 0.511144
0 0 327 -1.30504 1.30785 2.12068 -1.28375
0 0 328 1.02284 -2.41333 -0.792794 -5.35841
0 0 329 1.08104 -0.127934 0.83798 -3.46881
0 0 330 0.299745 0.933087 0.22581 -0.15401
0 0 331 -0.877291 -2.55053 -2.37109 1.21323
0 0 332 2.1104 -0.059335 -1.8643 -0.655343
0 0 333 3.04446 3.33487 2.25798 -1.72694
0 0 334 -2.29221 0.400041 2.18954 -0.50231
0 0 335 -4.18725 -1.60055 0.764083 -0.512915
0 0 336 -2.89891 2.74897 0.906839 -1.43148
0 0 337 -3.0204 5.6942 -0.940589 -0.407236
0 0 338 -4.30292 6.77124 0.48445 1.39259
0 0 339 -3.30047 5.22442 2.22649 3.63068
0 0 340 -0.0807185 3.26093 1.85155 4.51212
0 0 341 -0.122911 0.415789 -0.428767 1.80964
0 0 342 -0.44445 0.732627 3.96307 0.66948
0 0 343 -4.27673 3.75714 4.42745 0.66948
0 0 344 -3.12079 3.49849 1.15498 2.65415
0 0 345 0.54781 0.510814 -1.26263 4.51724
0 0 346 -1.37342 0.531901 2.05728 0.178567
0 0 347 -3.65402 -1.02506 2.72236 -1.215
0 0 348 -3.91227 -2.54546 1.32881 -0.433747
0 0 349 -1.12536 -2.28147 -0.29147 -0.98792
0 0 350 -0.771809 1.12314 -0.608052 0.637849
0 0 351 -2.18672 2.04696 -0.618548 0.210198
0 0 352 2.50614 -2.55053 -2.57178 0.358112
0 0 353 8.78197 -8.84219 0.0725574 3.00264
0 0 354 2.89679 -4.85195 1.27632 0.980848
0 0 355 1.3873 -0.639894 -0.0752368 0.368533
0 0 356 1.07013 1.43464 -1.24164 2.06835
0 0 357 0.922453 0.241755 -0.650459 0.590312
0 0 358 -1.33123 0.0938791 -2.92028 0.664177
0 0 359 -3.26846 -0.41808 -3.36366 0.685386
0 0 360 -0.275679 0.0885407 -0.301967 -2.03849
0 0 361 1.22362 1.80406 3.94712 -2.55573
0 0 362 -0.159285 -0.301969 1.51355 -0.91954
0 0 363 -0.244398 -3.04167 -1.8643 -1.85895
0 0 364 1.71393 -1.28371 -1.17824 -4.22374
0 0 365 2.97608 1.32386 0.521398 -3.93358
0 0 366 -0.207297 0.832724 1.52951 -2.61387
0 0 367 -1.29995 -3.74875 2.96546 -0.803257
0 0 368 1.02794 -4.72543 2.51116 -0.343975
0 0 369 2.664 -2.90955 2.67491 0.490118
0 0 370 -0.967496 0.816975 2.54811 1.03369
0 0 371 -2.58246 2.76472 0.331197 -0.935264
0 0 372 -5.2428 0.759053 -1.12029 -2.51368
0 0 373 -4.35602 -0.16477 -1.00945 -0.692276
0 0 374 -0.128004 1.30785 -1.10434 -1.79569
0 0 375 2.45304 -3.57472 0.906839 -3.06785
0 0 376 1.24981 -6.12411 -0.270476 -2.77221
0 0 377 1.38148 -3.68549 -0.0962303 -1.76406
0 0 378 4.44847 -0.893204 0.938329 -1.92769
0 0 379 1.83033 -0.0961705 -0.587058 -1.16234
0 0 380 -1.15736 0.785211 -1.72701 -0.908936
0 0 381 -1.20974 2.53249 0.669193 -0.655343
0 0 382 -0.634318 0.46864 -1.46333 0.125728
0 0 383 -1.99104 -1.00398 -4.7782 0.431977
0 0 384 -4.77286 -0.265133 -3.92292 3.40908
0 0 385 -3.74859 -1.15185 -0.154172 4.05303
0 0 386 1.71393 0.595429 1.55596 2.81249
0 0 387 4.38518 5.60452 1.58745 1.48236
0 0 388 0.996654 2.08379 -0.518619 -0.481284
0 0 389 1.2549 0.352528 -3.33175 2.36363
0 0 390 0.753682 -1.36299 -3.66428 2.77537
0 0 391 2.54324 -5.92365 -2.53483 1.46134
0 0 392 4.62233 -5.33241 2.53761 1.73047
0 0 393 4.89731 -2.57189 4.58028 1.35036
0 0 394 -0.00142503 -3.23146 1.99934 -0.111775
0 0 395 1.45568 -4.25564 -0.566065 -1.61084
0 0 396 -0.661234 -6.19804 -2.403 -1.37846
0 0 397 -3.18917 -5.79152 -1.44737 -3.69077
0 0 398 1.32911 -0.444506 -3.72223 -2.21803
0 0 399 6.41189 1.66152 -2.03351 0.949217
0 0 400 1.2549 -2.28147 3.57763 0.405649
0 0 401 -3.37394 -5.20055 1.31327 0.949217
0 0 402 -5.30099 -2.69307 -1.07789 0.875352
0 0 403 -1.44762 -0.766416 -4.5775 -1.18849
0 0 404 5.00789 -1.2047 -5.80226 -1.54209
0 0 405 7.74751 -2.8938 -3.73314 -4.00196
0 0 406 1.08613 0.906662 -0.734852 -1.36822
0 0 407 -1.17337 3.546 1.52951 -0.655343
0 0 408 -0.956584 5.10323 2.05224 -0.84019
0 0 409 2.50614 0.764124 4.03151 2.40605
0 0 410 8.21745 -8.06678 3.62508 6.62369
0 0 411 4.8864 -4.8733 -1.05689 5.16667
0 0 412 2.78549 1.95727 -2.81993 3.50927
0 0 413 8.56591 0.912 -1.67452 3.51458
0 0 414 3.95234 0.331441 0.637702 0.115307
0 0 415 0.0887804 -1.89604 0.600754 -1.215
0 0 416 -1.00969 -3.75409 3.37693 0.0783739
0 0 417 -0.708519 -2.29188 4.3376 -2.25497
0 0 418 -1.10935 -3.61689 2.03083 -3.65896
0 0 419 -1.92775 -4.50895 -1.70097 -2.55573
0 0 420 -6.12957 -3.50612 -2.04905 0.553379
0 0 421 -4.5779 -2.46619 1.43965 1.84657
0 0 422 -2.50826 -1.65847 1.89899 2.32139
0 0 423 -2.43479 -1.00398 -0.0273716 0.875352
0 0 424 0.0778685 -1.9964 -1.69006 -0.972014
0 0 425 1.3713 -0.117257 -2.65072 -0.0642375
0 0 426 -2.27111 -0.159431 -1.39993 3.05529
0 0 427 -3.13679 -1.05683 -1.72701 1.08653
0 0 428 -1.89647 -3.38467 -1.86976 -0.497008
0 0 429 -1.82227 -0.565956 -3.97037 -0.180338
0 0 430 -2.57737 1.11273 0.135958 -1.45799
0 0 431 -3.91227 -0.708493 4.20576 0.943915
0 0 432 -5.1686 -3.76477 3.21864 2.05775
0 0 433 -3.25246 -2.88312 -1.59517 2.06305
0 0 434 -0.655414 -2.53478 -3.0202 1.59316
0 0 435 3.07065 -0.924968 -1.32057 1.62498
0 0 436 3.80975 1.4293 -1.17278 2.04714
0 0 437 -1.09407 4.6492 -2.38158 1.30282
0 0 438 -2.71995 -0.0697451 -2.96772 2.70169
0 0 439 -3.7966 -2.71416 -3.5484 2.77025
0 0 440 -4.25054 -0.639894 0.310204 -0.0905658
0 0 441 -2.38168 2.42172 0.642741 -0.000793731
0 0 442 -2.84653 1.8094 0.278714 -0.238479
0 0 443 -6.96834 0.457963 1.89395 -1.4366
0 0 444 -6.003 -1.7535 1.02818 -1.47883
0 0 445 -3.57982 -1.01465 -0.460258 0.558682
0 0 446 -1.36833 -0.940717 -0.212114 0.98615
0 0 447 -2.3344 -0.93004 -1.0464 1.06002
0 0 448 -4.86233 -0.792841 -2.51384 0.78558
0 0 449 -4.22362 -0.275543 -0.566065 -0.55515
0 0 450 -1.60621 1.90976 0.853935 -0.570873
0 0 451 -0.45027 -1.05683 1.38717 -0.87182
0 0 452 -3.88099 -3.10493 0.146455 -0.834887
0 0 453 -4.37202 -3.99165 -1.74296 0.226105
0 0 454 -3.84898 -2.57696 0.363107 -0.0905658
0 0 455 -3.11569 -3.32141 0.552889 -0.829585
0 0 456 0.194263 -2.28681 1.32377 -0.486404
0 0 457 3.94725 2.92834 3.9891 0.753949
0 0 458 5.27196 6.16933 4.35859 1.23426
0 0 459 2.29518 -0.0750835 3.36098 0.891259
0 0 460 -0.988593 -4.36641 0.125461 -0.782048
0 0 461 3.94725 -1.16253 -2.51888 0.368533
0 0 462 6.33842 -0.434096 -3.17892 -0.0852635
0 0 463 0.48452 -2.32899 -2.08599 -1.72694
0 0 464 1.2549 -3.733 1.11803 -3.38434
0 0 465 0.94355 -3.11027 2.51662 -3.17317
0 0 466 -4.5197 1.13381 0.80649 -1.23073
0 0 467 -4.59317 3.30844 2.32138 -0.206666
0 0 468 -3.43723 2.04696 1.00173 1.27649
0 0 469 -3.61182 2.07846 -1.63211 2.57499
0 0 470 -2.81962 3.38772 -0.866692 0.81721
0 0 471 -2.83562 0.27859 -2.39208 -0.644922
0 0 472 -2.03323 -0.354819 -5.23208 1.11816
0 0 473 -2.36568 0.162478 -2.65618 2.8443
0 0 474 -2.99421 -1.21004 0.991233 2.48521
0 0 475 -2.67194 -1.61096 -0.787756 0.321179
0 0 476 -2.63484 -0.756006 -0.359909 1.92044
0 0 477 -0.977681 0.996348 -0.777259 1.8835
0 0 478 3.80975 -0.79818 1.26583 1.94165
0 0 479 5.19775 -2.84628 2.53258 0.479514
0 0 480 -3.18408 -1.22045 0.558347 0.0518628
0 0 481 -3.99665 -1.099 -0.439264 0.178567
0 0 482 -2.78834 0.34719 -1.64807 0.780278
0 0 483 -4.4615 -1.02506 0.531895 1.01266
0 0 484 -3.44305 -4.10243 1.9414 0.463607
0 0 485 -2.78834 -5.50671 -0.555568 -0.449471
0 0 486 -3.35794 -3.75409 -0.90364 -0.402117
0 0 487 -1.92266 -1.79594 -1.23114 -0.533941
0 0 488 1.98891 -4.81511 0.552889 -1.82713
0 0 489 6.17474 -5.82328 3.16574 -3.03092
0 0 490 4.8493 0.90159 4.47489 -4.4137
0 0 491 3.45112 -0.365496 7.25149 -1.7902
0 0 492 1.62955 -1.9964 4.71758 -0.95629
0 0 493 2.0202 -1.0304 1.58241 2.14752
0 0 494 0.421231 -1.70092 -0.634504 3.98958
0 0 495 -4.06067 -1.99106 1.19193 3.01836
0 0 496 -3.67002 -3.02032 2.49563 3.94735
