0 0 0 -0.00330845
0 0 1 -0.000369942
0 0 2 -0.0159457
0 0 3 -0.0178404
0 0 4 -0.00994018
0 0 5 -0.00436825
0 0 6 0.00258463
0 0 7 0.0134234
0 0 8 0.0237323
0 0 9 0.0160568
0 0 10 0.00362836
0 0 11 0.00404586
0 0 12 -0.00236107
0 0 13 -0.00110858
0 0 14 0.0117374
0 0 15 0.0136322
0 0 16 0.00457575
0 0 17 -0.00658417
0 0 18 -0.000899837
0 0 19 0.00321087
0 0 20 0.00258463
0 0 21 0.0119461
0 0 22 0.0156233
0 0 23 0.011625
0 0 24 -0.00563678
0 0 25 -0.000996182
0 0 26 0.00794782
0 0 27 0.00794782
0 0 28 0.0204726
0 0 29 0.0212113
0 0 30 0.00447941
0 0 31 0.0142584
0 0 32 0.0236359
0 0 33 0.0105812
0 0 34 0.00531439
0 0 35 0.00383711
0 0 36 0.0162656
0 0 37 0.0364658
0 0 38 0.0312151
0 0 39 0.0140496
0 0 40 -0.00069109
0 0 41 -0.00478574
0 0 42 -0.00436825
0 0 43 0.00688802
0 0 44 0.020585
0 0 45 0.0269919
0 0 46 0.0125724
0 0 47 0.00247223
0 0 48 -0.00152608
0 0 49 -0.000578688
0 0 50 0.0194128
0 0 51 0.0374132
0 0 52 0.0250008
0 0 53 0.00921635
0 0 54 0.0256271
0 0 55 0.0243746
0 0 56 0.00499325
0 0 57 0.00300212
0 0 58 0.00847771
0 0 59 0.0154145
0 0 60 0.0202639
0 0 61 0.0054268
0 0 62 -0.0137297
0 0 63 -0.0125736
0 0 64 -0.0036296
0 0 65 0.00521805
0 0 66 0.00605304
0 0 67 0.0115286
0 0 68 0.0127811
0 0 69 0.00584429
0 0 70 -0.00184723
0 0 71 0.0130059
0 0 72 0.0159444
0 0 73 -0.0100526
0 0 74 0.00815656
0 0 75 0.0362571
0 0 76 0.0314238
0 0 77 0.0181604
0 0 78 -4.87926e-05
0 0 79 -0.0100526
0 0 80 -0.00489814
0 0 81 0.00353202
0 0 82 -0.00910519
0 0 83 -0.0205702
0 0 84 0.000368701
0 0 85 0.0280517
0 0 86 0.0348922
0 0 87 0.0203602
0 0 88 0.00973019
0 0 89 0.0139533
0 0 90 0.012476
0 0 91 -0.00184723
0 0 92 -0.0124773
0 0 93 -0.0245685
0 0 94 -0.0170055
0 0 95 0.000577448
0 0 96 0.00667928
0 0 97 0.0167955
0 0 98 0.0108863
0 0 99 0.00457575
0 0 100 -0.00152608
0 0 101 0.00510565
0 0 102 0.000898597
0 0 103 -0.0180492
0 0 104 -0.0125736
0 0 105 0.0242622
0 0 106 0.0415239
0 0 107 0.0264781
0 0 108 -0.00635937
0 0 109 0.00847771
0 0 110 0.0416363
0 0 111 0.0390993
0 0 112 0.0234272
0 0 113 -0.000161195
0 0 114 -0.00531564
0 0 115 0.0119461
0 0 116 0.0299465
0 0 117 0.0170042
0 0 118 0.00753032
0 0 119 0.0158481
0 0 120 0.0276342
0 0 121 0.0443661
0 0 122 0.0438362
0 0 123 0.017213
0 0 124 0.00773907
0 0 125 0.0101637
0 0 126 0.0250972
0 0 127 0.0323712
0 0 128 0.0238447
0 0 129 -0.00489814
0 0 130 -0.0202651
0 0 131 -0.00563678
0 0 132 0.0154145
0 0 133 0.0125724
0 0 134 -0.00889645
0 0 135 -0.0040471
0 0 136 0.00973019
0 0 137 0.00963385
0 0 138 0.0115286
0 0 139 0.00563554
0 0 140 -0.00152608
0 0 141 0.00594064
0 0 142 0.0208901
0 0 143 0.018048
0 0 144 0.0138409
0 0 145 0.0252096
0 0 146 0.0233148
0 0 147 0.0292079
0 0 148 0.0289991
0 0 149 0.0215324
0 0 150 0.0155269
0 0 151 0.0111111
0 0 152 -0.00973143
0 0 153 -0.0401603
0 0 154 -0.0424726
0 0 155 -0.0128948
0 0 156 0.0157357
0 0 157 0.0153182
0 0 158 -0.000161195
0 0 159 -0.0080454
0 0 160 -0.0103737
0 0 161 -0.0217263
0 0 162 -0.0203615
0 0 163 -0.0193177
0 0 164 -0.019944
0 0 165 -0.0154158
0 0 166 -0.00658417
0 0 167 0.00468815
0 0 168 0.0139533
0 0 169 0.0208901
0 0 170 0.0248884
0 0 171 0.0264781
0 0 172 0.0200551
0 0 173 -0.00184723
0 0 174 -0.0203615
0 0 175 -0.0370933
0 0 176 -0.0185791
0 0 177 0.0246797
0 0 178 0.0276342
0 0 179 0.00921635
0 0 180 0.0102601
0 0 181 0.0132147
0 0 182 0.00732158
0 0 183 -0.00131733
0 0 184 -0.0102613
0 0 185 -0.0081578
0 0 186 0.0161532
0 0 187 0.0460521
0 0 188 0.0777335
0 0 189 0.119306
0 0 190 0.187293
0 0 191 0.273393
0 0 192 0.357069
0 0 193 0.433599
0 0 194 0.521369
0 0 195 0.626834
0 0 196 0.746189
0 0 197 0.871453
0 0 198 0.971539
0 0 199 0.999848
0 0 200 0.930079
0 0 201 0.780712
0 0 202 0.590737
0 0 203 0.387498
0 0 204 0.218027
0 0 205 0.113943
0 0 206 0.0759351
0 0 207 0.0557348
0 0 208 0.0159444
0 0 209 -0.0138421
0 0 210 -0.011835
0 0 211 0.012476
0 0 212 0.0250972
0 0 213 0.0210025
0 0 214 0.0155269
0 0 215 -0.00120493
0 0 216 -0.0170055
0 0 217 -0.00468939
0 0 218 0.0111111
0 0 219 0.0128935
0 0 220 0.00383711
0 0 221 -0.012686
0 0 222 -0.0146771
0 0 223 -0.0240547
0 0 224 -0.0489919
0 0 225 -0.0524603
0 0 226 -0.0362583
0 0 227 -0.0215176
0 0 228 -0.0128948
0 0 229 -0.0147895
0 0 230 -0.0186754
0 0 231 -0.0212125
0 0 232 -0.0134246
0 0 233 -0.0210038
0 0 234 -0.0292091
0 0 235 -0.0318425
0 0 236 -0.0385706
0 0 237 -0.0353109
0 0 238 -0.0263669
0 0 239 -0.019109
0 0 240 -0.0272019
0 0 241 -0.0342672
0 0 242 -0.0362583
0 0 243 -0.0275231
0 0 244 -0.0149983
0 0 245 -0.0178404
0 0 246 -0.0218387
0 0 247 -0.0131035
0 0 248 0.00857406
0 0 249 0.00268097
0 0 250 -0.0212125
0 0 251 -0.0336249
0 0 252 -0.0223686
0 0 253 -0.0184667
0 0 254 -0.0269932
0 0 255 -0.0416215
0 0 256 -0.041204
0 0 257 -0.0222562
0 0 258 -0.0115299
0 0 259 -0.00721041
0 0 260 -0.00847895
0 0 261 0.000481103
0 0 262 0.00142849
0 0 263 -0.00762791
0 0 264 -0.0214213
0 0 265 -0.0121561
0 0 266 -0.0182579
0 0 267 -0.0265757
0 0 268 -0.0139385
0 0 269 -0.00152608
0 0 270 -0.00531564
0 0 271 -0.0176317
0 0 272 -0.030574
0 0 273 -0.0259495
0 0 274 -0.00395075
0 0 275 0.00247223
0 0 276 -0.0105825
0 0 277 0.00499325
0 0 278 0.0302677
0 0 279 0.0114162
0 0 280 -0.0321476
0 0 281 -0.0332074
0 0 282 -0.0187878
0 0 283 -0.0266881
0 0 284 -0.028888
0 0 285 -0.0212125
0 0 286 -0.0127823
0 0 287 -0.020795
0 0 288 -0.0313126
0 0 289 -0.0264633
0 0 290 -0.0138421
0 0 291 -0.0266881
0 0 292 -0.0257407
0 0 293 -0.0132159
0 0 294 -0.0212125
0 0 295 -0.0213089
0 0 296 -0.0145808
0 0 297 -0.00658417
0 0 298 0.00531439
0 0 299 0.00457575
0 0 300 -0.0085753
0 0 301 -0.0103737
0 0 302 -0.0162668
0 0 303 -0.0102613
0 0 304 -0.000257539
0 0 305 -0.00626302
0 0 306 -0.0290004
0 0 307 -0.03226
0 0 308 -0.0132159
0 0 309 -0.0165719
0 0 310 -0.0101489
0 0 311 -0.012686
0 0 312 -0.00847895
0 0 313 0.00647053
0 0 314 0.0161532
0 0 315 0.0143708
0 0 316 0.00394951
0 0 317 -0.0120437
0 0 318 -0.0137297
0 0 319 -0.0040471
0 0 320 0.00732158
0 0 321 0.00667928
0 0 322 0.0112075
0 0 323 0.0134234
0 0 324 0.0241498
0 0 325 0.0383606
0 0 326 0.0160568
0 0 327 -0.0163632
0 0 328 -0.0212125
0 0 329 -0.0167807
0 0 330 -0.0104701
0 0 331 -0.00878404
0 0 332 -0.00330845
0 0 333 -0.00615062
0 0 334 -0.0148859
0 0 335 -0.0134246
0 0 336 -0.00626302
0 0 337 -0.0108876
0 0 338 -0.00931394
0 0 339 -0.00330845
0 0 340 -0.00173482
0 0 341 -0.0102613
0 0 342 -0.0155282
0 0 343 -0.0250984
0 0 344 -0.0273143
0 0 345 -0.011
0 0 346 0.0154145
0 0 347 0.0271043
0 0 348 0.0285816
0 0 349 0.0314238
0 0 350 0.0255307
0 0 351 0.00362836
0 0 352 -0.0134246
0 0 353 -0.0119474
0 0 354 -0.0132159
0 0 355 -0.0214213
0 0 356 -0.0381531
0 0 357 -0.0372057
0 0 358 -0.0121561
0 0 359 0.00237588
0 0 360 -0.00563678
0 0 361 -0.00679292
0 0 362 0.000577448
0 0 363 0.0047845
0 0 364 -0.0136334
0 0 365 -0.0340424
0 0 366 -0.0366758
0 0 367 -0.0363707
0 0 368 -0.0364671
0 0 369 -0.028053
0 0 370 -0.0137297
0 0 371 -0.0183703
0 0 372 -0.0208914
0 0 373 -0.0134246
0 0 374 -0.00173482
0 0 375 -0.0138421
0 0 376 -0.0364671
0 0 377 -0.0345723
0 0 378 -0.0128948
0 0 379 -0.0036296
0 0 380 -0.00489814
0 0 381 -0.0160581
0 0 382 -0.0226737
0 0 383 -0.0159457
0 0 384 -0.00247347
0 0 385 0.00584429
0 0 386 0.0219499
0 0 387 0.032885
0 0 388 0.0245833
0 0 389 0.0235235
0 0 390 -0.00478574
0 0 391 -0.0080454
0 0 392 -0.00141368
0 0 393 -0.00658417
0 0 394 -0.00942634
0 0 395 -0.00679292
0 0 396 -0.000996182
0 0 397 0.00394951
0 0 398 0.00131609
