0 0 0 53774.2 -3036.16 455.199 -35.9106
0 0 1 53775.2 -3035.9 455.339 -36.0055
0 0 2 53776.4 -3035.45 455.43 -35.7114
0 0 3 53777.5 -3035.47 455.307 -35.5724
0 0 4 53778.8 -3034.95 455.713 -34.9758
0 0 5 53780.2 -3035.03 455.866 -35.0827
0 0 6 53782 -3034.52 456.184 -34.9934
0 0 7 53783.5 -3034.22 456.244 -34.8431
0 0 8 53785.8 -3033.79 456.587 -34.5195
0 0 9 53787.7 -3033.33 456.55 -34.5537
0 0 10 53789.9 -3033.17 456.767 -34.629
0 0 11 53792.3 -3032.76 456.96 -34.4684
0 0 12 53794.4 -3032.5 457.077 -34.4002
0 0 13 53796.3 -3031.88 457.369 -34.6653
0 0 14 53798.1 -3031.74 456.98 -34.892
0 0 15 53799.4 -3031.8 456.756 -34.7797
0 0 16 53800.5 -3031.38 456.999 -34.8969
0 0 17 53801.1 -3031.36 457.02 -35.0808
0 0 18 53801.5 -3031.46 456.669 -35.579
0 0 19 53801 -3031.76 456.451 -35.6442
0 0 20 53800.8 -3031.75 456.839 -35.7459
0 0 21 53800.1 -3032.01 456.488 -36.2834
0 0 22 53798.9 -3032.4 456.813 -36.3618
0 0 23 53798.1 -3032.65 456.591 -36.6021
0 0 24 53797.4 -3032.89 456.623 -36.5798
0 0 25 53795.9 -3033.35 456.778 -36.9148
0 0 26 53794.6 -3033.6 456.805 -37.0307
0 0 27 53793.6 -3033.74 456.907 -37.1432
0 0 28 53792.9 -3033.88 456.926 -37.3173
0 0 29 53791.5 -3034.6 456.898 -37.0037
0 0 30 53790.5 -3034.55 456.902 -37.3615
0 0 31 53789.5 -3034.45 456.956 -37.7143
0 0 32 53788.6 -3034.8 457.119 -37.7723
0 0 33 53787.6 -3034.58 456.85 -37.7742
0 0 34 53786.9 -3034.86 457.187 -37.3879
0 0 35 53785.9 -3035.12 456.964 -37.5476
0 0 36 53785 -3034.78 456.867 -37.6588
0 0 37 53784.3 -3035.11 456.585 -37.7081
0 0 38 53783.9 -3034.81 456.896 -37.5027
0 0 39 53782.8 -3034.92 456.598 -37.7455
0 0 40 53782.5 -3035.15 456.569 -37.8302
0 0 41 53781.9 -3034.99 456.467 -37.9941
0 0 42 53781.2 -3034.87 456.4 -38.1259
0 0 43 53780.5 -3034.9 455.887 -37.4532
0 0 44 53780.2 -3034.65 455.974 -37.81
0 0 45 53779.4 -3034.5 455.839 -37.75
0 0 46 53778.8 -3034.43 455.415 -37.9254
0 0 47 53778.4 -3034.37 455.573 -37.7005
0 0 48 53777.8 -3034.46 455.362 -37.5744
0 0 49 53777.4 -3034.24 455.27 -37.9616
0 0 50 53776.5 -3034.26 455.187 -37.9067
0 0 51 53776.2 -3033.95 455.091 -37.8361
0 0 52 53775.8 -3033.91 454.735 -38.0728
0 0 53 53775.1 -3033.77 454.79 -38.3362
0 0 54 53774.8 -3033.47 454.914 -38.0496
0 0 55 53774.1 -3033.12 454.51 -38.1606
0 0 56 53773.6 -3033.26 454.444 -38.1999
0 0 57 53773.3 -3032.89 454.454 -38.4121
0 0 58 53772.7 -3032.99 454.438 -38.5605
0 0 59 53772.2 -3032.73 454.158 -38.6001
0 0 60 53771.7 -3032.67 454.213 -38.7091
0 0 61 53771.6 -3032.56 454.197 -38.9324
0 0 62 53770.8 -3032.32 454.368 -38.8269
0 0 63 53770.4 -3032.63 454.242 -38.7967
0 0 64 53770 -3032.61 454.083 -38.845
0 0 65 53769.6 -3032.44 454.238 -39.0264
0 0 66 53769.2 -3032.57 453.927 -39.4216
0 0 67 53768.9 -3032.28 454.282 -39.2783
0 0 68 53768.6 -3032.41 454.421 -39.1014
0 0 69 53768.2 -3032.3 454.15 -39.4824
0 0 70 53767.7 -3032.47 454.243 -39.5313
0 0 71 53767.4 -3032.45 454.333 -39.388
0 0 72 53767 -3032.38 454.34 -39.5307
0 0 73 53766.9 -3032.66 454.353 -39.3989
0 0 74 53766.7 -3032.67 454.606 -39.4686
0 0 75 53766.3 -3032.51 454.401 -39.5681
0 0 76 53765.6 -3032.55 454.408 -39.7631
0 0 77 53765.7 -3032.51 454.634 -40.0201
0 0 78 53765.2 -3032.51 454.801 -39.8985
0 0 79 53764.8 -3032.64 454.619 -39.7928
0 0 80 53764.7 -3032.98 454.696 -40.0178
0 0 81 53764.4 -3032.78 454.925 -39.7433
0 0 82 53764.6 -3032.64 454.77 -39.9081
0 0 83 53764.2 -3032.78 454.913 -39.852
0 0 84 53763.9 -3032.96 454.86 -39.7563
0 0 85 53763.7 -3032.73 454.746 -39.8813
0 0 86 53763.6 -3032.89 454.739 -40.1028
0 0 87 53763.2 -3033.01 454.863 -40.126
0 0 88 53763.2 -3032.83 454.941 -40.0754
0 0 89 53762.9 -3033.34 455.019 -40.2623
0 0 90 53763 -3032.99 455.034 -40.1147
0 0 91 53762.6 -3033.02 455.175 -40.1719
0 0 92 53762.7 -3033.22 455.203 -40.3527
0 0 93 53762.6 -3033.23 454.951 -40.3693
0 0 94 53762.3 -3033.43 455.181 -40.2077
0 0 95 53762 -3033.22 455.203 -40.4919
0 0 96 53762.2 -3033.47 455.334 -40.2689
0 0 97 53761.8 -3033.16 455.052 -40.1858
0 0 98 53762 -3033.34 455.028 -40.2691
0 0 99 53761.6 -3033.29 455.221 -40.2513
0 0 100 53762 -3033.56 455.235 -40.3556
0 0 101 53761.5 -3033.53 455.269 -40.3933
0 0 102 53761.4 -3033.6 455.393 -40.5634
0 0 103 53761.6 -3033.8 455.535 -40.3191
0 0 104 53761.5 -3033.68 455.096 -40.1598
0 0 105 53761.4 -3033.79 455.049 -40.1671
0 0 106 53761.2 -3033.7 455.458 -40.4501
0 0 107 53761.3 -3033.67 455.358 -40.4949
0 0 108 53761.2 -3033.93 455.613 -40.2419
0 0 109 53761 -3033.72 455.164 -40.2931
0 0 110 53761 -3033.74 455.591 -40.5814
0 0 111 53760.9 -3033.98 455.685 -40.3474
0 0 112 53761.1 -3033.55 455.398 -40.604
0 0 113 53760.8 -3033.88 455.697 -40.4377
0 0 114 53760.8 -3033.86 455.252 -40.473
0 0 115 53760.9 -3033.79 455.461 -40.5
0 0 116 53761.2 -3033.99 455.529 -40.7703
0 0 117 53760.8 -3033.86 455.541 -40.7156
0 0 118 53761.1 -3033.73 455.661 -40.651
0 0 119 53760.8 -3033.58 455.652 -40.4673
0 0 120 53760.8 -3034.12 455.41 -40.429
0 0 121 53760.9 -3033.76 455.257 -40.8817
0 0 122 53761 -3034.2 455.769 -40.719
0 0 123 53760.8 -3034.02 455.677 -40.5659
0 0 124 53760.8 -3034.03 455.846 -40.5285
0 0 125 53760.9 -3034.01 455.563 -40.6329
0 0 126 53760.9 -3034.21 455.759 -40.5011
0 0 127 53761 -3034.08 455.755 -40.6501
0 0 128 53761.2 -3034.21 455.742 -40.567
0 0 129 53761 -3033.95 455.868 -40.4817
0 0 130 53760.7 -3034.12 455.795 -40.7037
0 0 131 53761.1 -3034.04 455.747 -40.4868
0 0 132 53761.3 -3034.28 455.847 -40.739
0 0 133 53761.3 -3033.96 455.673 -40.5587
0 0 134 53761.3 -3034.14 455.572 -40.7037
0 0 135 53761.4 -3034.23 455.69 -40.8096
0 0 136 53761.3 -3034.12 455.943 -40.4964
0 0 137 53761.3 -3033.96 455.463 -40.9956
0 0 138 53761.7 -3033.83 455.455 -40.6758
0 0 139 53761.4 -3034.23 455.621 -40.948
0 0 140 53761.5 -3034.23 455.647 -41.0211
0 0 141 53761.6 -3034.14 455.686 -40.8304
0 0 142 53761.6 -3034.27 455.828 -41.009
0 0 143 53761.9 -3034.4 455.676 -41.2301
0 0 144 53762.1 -3034.35 455.752 -41.025
0 0 145 53761.9 -3034.36 455.624 -40.9746
0 0 146 53762.2 -3034.37 455.407 -40.9784
0 0 147 53762.4 -3034.16 455.891 -40.9708
0 0 148 53762.2 -3034.45 455.672 -41.0192
0 0 149 53762.5 -3034.31 455.928 -41.0367
0 0 150 53762.6 -3034.39 456.001 -41.3669
0 0 151 53762.5 -3034.44 455.862 -41.0552
0 0 152 53762.6 -3034.16 456.008 -40.9323
0 0 153 53762.7 -3034.52 455.958 -40.7968
0 0 154 53763.1 -3034.69 456.063 -41.1579
0 0 155 53762.9 -3034.36 456.026 -41.1468
0 0 156 53763.1 -3034.71 456.182 -40.7252
0 0 157 53763.2 -3034.63 456.136 -41.0892
0 0 158 53763.1 -3034.53 456.07 -40.9773
0 0 159 53763.4 -3034.54 456.119 -40.8141
0 0 160 53763.3 -3034.72 456.242 -40.8908
0 0 161 53763.4 -3034.74 456.196 -40.8849
0 0 162 53763.2 -3034.7 456.104 -40.9929
0 0 163 53763.6 -3034.83 456.484 -40.915
0 0 164 53763.3 -3034.54 456.07 -40.7566
0 0 165 53763.4 -3034.98 456.255 -40.9454
0 0 166 53763.5 -3034.78 456.401 -40.6546
0 0 167 53763.6 -3035.13 456.413 -40.6514
0 0 168 53763.7 -3034.79 456.291 -40.5793
0 0 169 53763.5 -3035.19 456.467 -40.6516
0 0 170 53763.3 -3034.82 456.598 -40.2693
0 0 171 53763.5 -3034.86 456.576 -40.2768
0 0 172 53763.5 -3034.95 456.73 -40.3661
0 0 173 53763.2 -3034.95 456.714 -40.2481
0 0 174 53763.5 -3035.14 456.359 -39.9799
0 0 175 53763.1 -3035.2 456.628 -39.8445
0 0 176 53763.1 -3035.07 456.776 -40.0473
0 0 177 53763 -3035.18 456.59 -40.1222
0 0 178 53763.1 -3035.15 456.627 -39.9151
0 0 179 53763 -3035.32 456.81 -39.9736
0 0 180 53763.1 -3035.12 456.804 -39.8605
0 0 181 53762.9 -3034.96 456.707 -39.6308
0 0 182 53762.7 -3035.05 456.744 -39.8033
0 0 183 53762.8 -3035.28 456.451 -39.7431
0 0 184 53762.8 -3035.07 456.513 -39.55
0 0 185 53762.7 -3034.85 456.53 -39.5717
0 0 186 53762.7 -3035.32 456.561 -39.8198
0 0 187 53762.8 -3035.06 456.625 -39.4399
0 0 188 53762.5 -3035.19 456.728 -39.0374
0 0 189 53762.6 -3035.16 456.51 -39.347
0 0 190 53762.4 -3035.34 456.677 -39.3625
0 0 191 53762.2 -3035.45 456.227 -39.3576
0 0 192 53762.4 -3035.44 456.445 -39.0508
0 0 193 53762.4 -3035.4 456.462 -39.0534
0 0 194 53762.2 -3035.4 456.217 -39.0682
0 0 195 53761.9 -3035.17 456.439 -38.7646
0 0 196 53761.8 -3035.15 456.256 -39.0079
0 0 197 53761.9 -3035.34 456.079 -38.9915
0 0 198 53761.9 -3035.26 456.265 -38.9991
0 0 199 53761.9 -3035.32 456.09 -38.8509
0 0 200 53762 -3035.73 455.861 -39.4129
0 0 201 53761.7 -3035.3 456.041 -39.1195
0 0 202 53761.8 -3035.43 456.062 -39.1237
0 0 203 53761.7 -3035.65 455.803 -39.1273
0 0 204 53761.8 -3035.54 455.985 -39.0021
0 0 205 53761.7 -3035.87 455.729 -39.1441
0 0 206 53761.7 -3035.59 455.984 -38.8986
0 0 207 53761.3 -3035.72 455.886 -39.0312
0 0 208 53761.5 -3035.58 455.741 -39.1875
0 0 209 53761.3 -3035.61 455.793 -39.2196
0 0 210 53761.2 -3035.51 455.796 -39.3276
0 0 211 53761.2 -3035.83 455.747 -38.9007
0 0 212 53761.4 -3035.53 455.448 -39.2502
0 0 213 53761.2 -3035.47 455.569 -39.1072
0 0 214 53761.2 -3035.66 455.701 -39.0349
0 0 215 53761.2 -3035.76 455.509 -39.3081
0 0 216 53760.9 -3035.53 455.429 -39.3072
0 0 217 53760.9 -3035.74 455.713 -39.1741
0 0 218 53761.1 -3035.82 455.477 -38.9743
0 0 219 53760.8 -3035.75 455.706 -39.1567
0 0 220 53760.9 -3035.65 455.586 -39.2213
0 0 221 53760.6 -3035.86 455.521 -39.0187
0 0 222 53760.7 -3035.99 455.499 -39.0614
0 0 223 53760.4 -3035.79 455.4 -39.2575
0 0 224 53760.5 -3035.83 455.263 -39.2315
0 0 225 53760.4 -3036.01 455.56 -39.6782
0 0 226 53760.4 -3035.51 455.368 -39.3196
0 0 227 53760.5 -3035.58 455.377 -39.1828
0 0 228 53760.5 -3035.66 455.339 -39.2785
0 0 229 53760.2 -3035.56 455.391 -39.4097
0 0 230 53760.5 -3035.65 455.438 -39.2987
0 0 231 53760.3 -3035.89 455.557 -39.0668
0 0 232 53760.4 -3035.71 455.34 -39.2681
0 0 233 53760.2 -3035.62 455.47 -39.3719
0 0 234 53760 -3035.75 455.329 -39.3287
0 0 235 53760 -3035.69 455.356 -39.4129
0 0 236 53760 -3035.96 455.391 -39.0546
0 0 237 53760.1 -3035.92 455.268 -39.1673
0 0 238 53760 -3035.86 455.345 -39.6072
0 0 239 53759.9 -3035.73 455.385 -39.1709
0 0 240 53759.8 -3035.82 455.127 -39.2719
0 0 241 53759.8 -3035.71 455.058 -39.1312
0 0 242 53759.9 -3035.67 455.485 -39.1616
0 0 243 53759.9 -3035.69 455.303 -39.2509
0 0 244 53760 -3035.77 455.491 -39.2936
0 0 245 53759.5 -3035.75 455.219 -39.0187
0 0 246 53759.9 -3035.83 455.411 -39.0791
0 0 247 53759.8 -3035.99 455.136 -39.5458
0 0 248 53759.7 -3035.95 455.405 -39.3085
0 0 249 53759.6 -3035.58 455.494 -39.263
0 0 250 53759.7 -3035.78 455.251 -39.3408
0 0 251 53759.6 -3035.74 455.215 -39.23
0 0 252 53759.5 -3035.69 455.441 -39.3066
0 0 253 53759.4 -3035.96 455.198 -39.5084
0 0 254 53759.6 -3035.67 455.167 -39.3685
0 0 255 53759.6 -3035.92 455.078 -39.3665
0 0 256 53759.5 -3036.11 455.386 -39.1803
0 0 257 53759.3 -3035.8 455.231 -39.1671
0 0 258 53759.7 -3035.89 455.259 -39.3461
0 0 259 53759.5 -3035.92 455.354 -39.3149
0 0 260 53759.9 -3035.71 455.427 -39.401
0 0 261 53759.5 -3035.8 455.491 -39.3315
0 0 262 53759.6 -3036.09 455.405 -39.1631
0 0 263 53759.6 -3035.79 455.096 -39.5955
0 0 264 53759.4 -3036.07 455.287 -39.3712
0 0 265 53759.5 -3035.9 454.981 -39.1726
0 0 266 53759.2 -3035.78 455.104 -39.347
0 0 267 53759.3 -3035.92 455.278 -39.4652
0 0 268 53759.4 -3035.59 454.94 -39.1899
0 0 269 53759.4 -3035.98 455.112 -39.1773
0 0 270 53759.4 -3035.85 455.159 -39.4069
0 0 271 53759.3 -3035.71 454.846 -39.4214
0 0 272 53759.2 -3035.89 455.165 -39.5383
0 0 273 53759.3 -3035.68 455.064 -39.2364
0 0 274 53759.2 -3035.7 455.209 -39.2426
0 0 275 53759.4 -3036.04 455.297 -39.4248
0 0 276 53759.5 -3035.65 455.224 -39.4618
0 0 277 53759.3 -3035.82 454.999 -39.3174
0 0 278 53759.3 -3035.8 455.134 -39.374
0 0 279 53759.2 -3035.94 455.078 -39.2415
0 0 280 53759.3 -3035.78 455.056 -39.5022
0 0 281 53759.1 -3035.68 455.06 -39.358
0 0 282 53759.4 -3035.67 455.184 -39.3287
0 0 283 53759.6 -3035.77 455.078 -39.334
0 0 284 53759.1 -3035.57 455.272 -39.1901
0 0 285 53759.3 -3036.02 455.145 -39.1512
0 0 286 53759.6 -3035.68 455.208 -39.3659
0 0 287 53759.5 -3035.85 455.41 -39.6589
0 0 288 53759.7 -3035.58 455.455 -39.3136
0 0 289 53759.6 -3035.72 455.222 -39.4565
0 0 290 53759.6 -3035.7 455.144 -39.1939
0 0 291 53759.4 -3036.05 455.225 -39.3417
0 0 292 53759.4 -3035.84 455.232 -39.2741
0 0 293 53759.5 -3035.68 455.05 -39.3678
0 0 294 53759.4 -3035.84 455.097 -39.3721
0 0 295 53759.7 -3035.87 455.32 -39.148
0 0 296 53759.8 -3035.67 455.283 -39.2906
0 0 297 53759.7 -3036.13 454.96 -39.4365
0 0 298 53759.8 -3035.67 455.282 -39.2371
0 0 299 53759.9 -3035.88 455.127 -39.5081
0 0 300 53759.7 -3035.82 455.327 -39.4235
0 0 301 53759.6 -3035.84 455.141 -39.1095
0 0 302 53759.7 -3035.92 455.131 -39.3432
0 0 303 53760.1 -3036 455.115 -39.4212
0 0 304 53759.7 -3035.46 455.063 -39.4897
0 0 305 53759.9 -3035.76 455.078 -39.1982
0 0 306 53759.7 -3035.67 455.203 -39.4467
0 0 307 53760 -3035.68 455.244 -39.4826
0 0 308 53760.3 -3035.97 455.345 -39.2643
0 0 309 53760 -3035.72 455.146 -39.1161
0 0 310 53760.1 -3035.78 455.142 -39.4962
0 0 311 53760.3 -3035.56 455.431 -39.4291
0 0 312 53760.2 -3035.72 455.555 -39.3948
0 0 313 53760.3 -3035.64 455.667 -39.2981
0 0 314 53760.2 -3035.71 455.815 -39.5113
0 0 315 53760.8 -3035.8 455.604 -39.7482
0 0 316 53760.7 -3035.85 456.069 -39.4127
0 0 317 53760.8 -3035.54 456.051 -39.5794
0 0 318 53760.9 -3035.54 456.011 -39.3449
0 0 319 53760.7 -3035.56 456.047 -39.2028
0 0 320 53760.9 -3035.91 456.037 -39.5135
0 0 321 53760.9 -3035.64 456.228 -39.3874
0 0 322 53760.9 -3035.52 455.945 -39.6466
0 0 323 53760.6 -3035.66 456.124 -39.3685
0 0 324 53760.9 -3035.55 456.187 -39.633
0 0 325 53760.8 -3035.85 455.985 -39.5592
0 0 326 53761 -3035.75 456.087 -39.6281
0 0 327 53760.9 -3035.73 456.336 -39.7448
0 0 328 53760.9 -3035.39 455.995 -39.6253
0 0 329 53761 -3035.46 456.007 -39.5787
0 0 330 53760.8 -3035.71 456.087 -39.4057
0 0 331 53760.9 -3035.6 455.784 -39.8181
0 0 332 53760.7 -3035.79 456.241 -39.6172
0 0 333 53760.6 -3035.53 456.026 -39.5841
0 0 334 53760.9 -3035.49 456.129 -39.7943
0 0 335 53760.7 -3035.52 456.135 -39.4935
0 0 336 53760.6 -3035.72 456.104 -39.5337
0 0 337 53761 -3035.84 455.833 -39.4004
0 0 338 53760.8 -3035.64 455.847 -39.5252
0 0 339 53760.8 -3035.8 456.005 -39.657
0 0 340 53761 -3035.59 455.972 -39.6523
0 0 341 53760.8 -3035.25 455.941 -39.4826
0 0 342 53760.9 -3035.51 455.837 -39.7057
0 0 343 53761 -3035.41 456.034 -39.9009
0 0 344 53760.9 -3035.57 456.196 -39.486
0 0 345 53760.8 -3035.45 455.996 -39.7945
0 0 346 53760.9 -3035.54 455.75 -39.5934
0 0 347 53760.8 -3035.54 455.769 -39.7035
0 0 348 53760.8 -3035.24 456.004 -39.8711
0 0 349 53761 -3035.6 455.805 -39.8409
0 0 350 53761.1 -3035.6 455.672 -39.7984
0 0 351 53761.1 -3035.63 455.852 -39.4271
0 0 352 53760.9 -3035.23 455.722 -39.5156
0 0 353 53761 -3035.54 455.565 -39.9727
0 0 354 53760.7 -3035.52 455.543 -39.4269
0 0 355 53760.8 -3035.51 455.912 -39.4501
0 0 356 53760.8 -3035.26 455.724 -39.8392
0 0 357 53760.9 -3035.57 455.513 -39.5926
0 0 358 53760.7 -3035.37 455.616 -39.809
0 0 359 53760.9 -3035.48 455.622 -39.7076
0 0 360 53760.9 -3035.48 455.682 -39.7069
0 0 361 53760.6 -3035.23 455.622 -39.6751
0 0 362 53761 -3035.48 455.748 -39.4748
0 0 363 53760.6 -3035.47 455.551 -39.7731
0 0 364 53760.5 -3035.56 455.401 -39.6746
0 0 365 53760.4 -3035.42 455.542 -39.8222
0 0 366 53760.6 -3035.51 455.437 -39.516
0 0 367 53760.6 -3035.5 455.58 -39.4271
0 0 368 53760.9 -3035.33 455.495 -39.5783
0 0 369 53760.7 -3035.53 455.346 -39.4797
0 0 370 53760.5 -3035.54 455.421 -39.4718
0 0 371 53760.7 -3035.44 455.09 -39.6987
0 0 372 53760.7 -3035.49 455.161 -39.3774
0 0 373 53760.5 -3035.25 455.138 -39.7573
0 0 374 53760.4 -3035.4 455.312 -39.2086
0 0 375 53760.4 -3035.34 455.223 -39.3132
0 0 376 53760.3 -3035.32 455.166 -39.334
0 0 377 53760.3 -3035.3 455.149 -39.4412
0 0 378 53760.6 -3035.38 455.264 -39.2681
0 0 379 53760.3 -3035.16 455.116 -39.3446
0 0 380 53760.4 -3035.01 454.918 -39.1733
0 0 381 53760.5 -3035.35 455.291 -39.1716
0 0 382 53760.5 -3035.43 454.971 -39.2741
0 0 383 53760.2 -3035.1 455.097 -39.074
0 0 384 53760.3 -3035.2 455.067 -39.3219
0 0 385 53760.2 -3035.03 455.148 -39.1082
0 0 386 53760.3 -3035.03 454.852 -39.0213
0 0 387 53760.4 -3035.11 454.983 -39.3721
0 0 388 53760.2 -3035.07 454.883 -39.1979
0 0 389 53760.1 -3035.01 455.151 -39.1718
0 0 390 53760.2 -3035.05 454.782 -39.2005
0 0 391 53760.1 -3034.91 454.978 -39.0682
0 0 392 53760.4 -3034.93 454.939 -39.0963
0 0 393 53760.1 -3035.17 454.879 -39.0302
0 0 394 53759.8 -3034.82 454.941 -39.1977
0 0 395 53760 -3035.06 454.786 -38.9679
0 0 396 53760.2 -3034.67 455.164 -39.1643
0 0 397 53760.1 -3034.7 454.611 -38.9234
0 0 398 53760.1 -3034.73 454.824 -38.8726
0 0 399 53760.2 -3034.9 454.768 -38.8973
0 0 400 53760 -3035.18 455.006 -38.7404
0 0 401 53760.2 -3035.02 454.804 -38.8439
0 0 402 53760.3 -3034.98 454.919 -38.7852
0 0 403 53760.1 -3034.83 455.056 -39.085
0 0 404 53760.1 -3034.81 455.192 -38.9517
0 0 405 53760.1 -3034.62 454.974 -38.6936
0 0 406 53760.2 -3034.79 455.088 -38.8065
0 0 407 53760.3 -3034.75 454.931 -38.8516
0 0 408 53760.3 -3034.91 454.923 -38.9694
0 0 409 53760.3 -3034.75 455.045 -38.8252
0 0 410 53760.4 -3034.88 455.051 -38.795
0 0 411 53760.1 -3034.88 454.944 -38.8416
0 0 412 53760.4 -3034.86 455.061 -39.007
0 0 413 53760.4 -3034.74 455.113 -39.0289
0 0 414 53760.5 -3034.7 454.943 -38.95
0 0 415 53760.3 -3035.05 455.274 -39.1416
0 0 416 53760.3 -3034.74 455.285 -38.7872
0 0 417 53760.3 -3034.95 455.143 -39.1131
0 0 418 53760.6 -3034.78 455.14 -38.6568
0 0 419 53760.6 -3034.86 454.927 -39.0527
0 0 420 53760.4 -3034.84 454.884 -39.1018
0 0 421 53760.4 -3034.9 455.096 -38.9966
0 0 422 53760.4 -3034.74 455.082 -39.2237
0 0 423 53760.4 -3035 455.415 -39.0438
0 0 424 53760.5 -3034.75 455.106 -39.0291
0 0 425 53760.6 -3034.96 455.24 -39.0017
0 0 426 53760.7 -3034.86 455.126 -39.0638
0 0 427 53760.7 -3035.06 455.091 -39.0361
0 0 428 53760.8 -3034.77 455.254 -39.1052
0 0 429 53760.6 -3035.05 455.313 -38.9015
0 0 430 53760.9 -3035 455.058 -39.4986
0 0 431 53760.7 -3035.04 455.409 -39.1099
0 0 432 53760.9 -3034.86 455.506 -39.1412
0 0 433 53760.7 -3035.19 455.518 -39.1858
0 0 434 53761 -3035.12 455.359 -39.0889
0 0 435 53761.1 -3034.96 455.628 -39.24
0 0 436 53761.1 -3035.09 455.453 -39.0085
0 0 437 53760.9 -3034.97 455.66 -39.4605
0 0 438 53761 -3035.06 455.583 -39.2496
0 0 439 53761.1 -3034.74 455.973 -39.1582
0 0 440 53761 -3034.77 455.765 -39.0582
0 0 441 53761.2 -3034.75 455.754 -38.9957
0 0 442 53761.2 -3034.58 456.055 -39.0559
0 0 443 53761.3 -3034.78 455.964 -39.0872
0 0 444 53761.4 -3034.64 455.862 -38.7691
0 0 445 53761.5 -3034.48 455.939 -38.7283
0 0 446 53761.5 -3034.58 456.156 -38.9211
0 0 447 53761.7 -3034.43 455.923 -39.0253
0 0 448 53761.7 -3034.52 456.1 -38.7234
0 0 449 53761.7 -3034.68 456.061 -38.828
0 0 450 53761.8 -3034.46 455.867 -38.5801
0 0 451 53762.2 -3034.62 456.091 -38.7244
0 0 452 53762.1 -3034.64 455.792 -38.8254
0 0 453 53762 -3034.48 456.077 -38.7463
0 0 454 53762.3 -3034.53 455.939 -38.7134
0 0 455 53762.2 -3034.61 456.084 -38.7687
0 0 456 53762.6 -3034.64 455.813 -39.138
0 0 457 53762.6 -3034.79 455.861 -39.1378
0 0 458 53762.5 -3034.68 455.962 -38.7098
0 0 459 53762.5 -3035.16 455.928 -39.1314
0 0 460 53762.6 -3034.99 455.801 -38.9698
0 0 461 53762.7 -3035 455.774 -39.1454
0 0 462 53762.5 -3034.99 455.989 -38.9989
0 0 463 53762.7 -3035.01 455.626 -39.111
0 0 464 53762.6 -3034.99 455.864 -39.0119
0 0 465 53762.6 -3035.05 455.988 -38.9481
0 0 466 53762.6 -3035.26 455.969 -38.9636
0 0 467 53762.7 -3035.18 455.912 -38.6649
0 0 468 53762.6 -3034.8 455.648 -38.5435
0 0 469 53762.6 -3034.92 455.568 -38.7017
0 0 470 53762.8 -3035.01 455.865 -38.9855
0 0 471 53762.7 -3035.01 455.626 -38.8478
0 0 472 53762.4 -3035.23 455.764 -38.9013
0 0 473 53762.5 -3035.22 455.669 -39.1397
0 0 474 53762.4 -3035.17 455.229 -38.9177
0 0 475 53762.4 -3035.36 455.55 -38.9188
0 0 476 53762.4 -3035 455.391 -38.8382
0 0 477 53762.2 -3035.1 455.478 -38.9364
0 0 478 53762.1 -3035.18 455.368 -39.1767
0 0 479 53762 -3034.97 455.699 -38.8837
0 0 480 53761.8 -3034.9 455.362 -39.0782
0 0 481 53761.7 -3034.9 455.195 -39.0168
0 0 482 53761.5 -3035.02 455.314 -38.8543
0 0 483 53761.4 -3034.86 455.091 -39.0538
0 0 484 53761.1 -3035.06 455.319 -38.6524
0 0 485 53761.1 -3035.28 455.431 -38.8363
0 0 486 53760.9 -3034.76 455.175 -38.8964
0 0 487 53760.9 -3035.21 455.089 -38.8854
0 0 488 53760.7 -3035.08 455.152 -38.7965
0 0 489 53760.6 -3035.1 455.038 -39.0663
0 0 490 53760.5 -3034.97 455.264 -38.8877
0 0 491 53760.4 -3035.07 455.178 -38.9143
0 0 492 53760.1 -3034.98 455.18 -39.1346
0 0 493 53759.8 -3034.91 455.13 -38.9732
0 0 494 53760 -3035.09 455.461 -39.0149
0 0 495 53759.4 -3034.91 455.336 -39.1125
0 0 496 53759.5 -3035.16 454.959 -39.0861
0 0 497 53759.5 -3035.01 455.107 -38.8052
0 0 498 53759.1 -3035.13 455.146 -38.916
0 0 499 53759.2 -3034.84 455.074 -39.0904
0 0 500 53759.1 -3034.89 455.226 -38.8118
0 0 501 53758.9 -3035.01 455.13 -39.1597
0 0 502 53758.9 -3034.68 455.111 -39.0397
0 0 503 53758.8 -3034.91 455.465 -38.9496
0 0 504 53758.7 -3034.89 455.228 -39.0042
0 0 505 53758.8 -3035 455.045 -38.8137
0 0 506 53758.6 -3034.79 455.099 -38.946
0 0 507 53758.8 -3034.85 455.425 -39.0002
0 0 508 53758.4 -3034.87 454.987 -38.8333
0 0 509 53758.4 -3034.66 455.059 -38.9809
0 0 510 53758.3 -3034.88 455.277 -38.9224
0 0 511 53758.3 -3034.93 455.24 -38.8784
0 0 512 53758.2 -3034.8 455.224 -38.9307
0 0 513 53757.9 -3035 455.352 -38.9579
0 0 514 53758 -3035.05 455.204 -39.047
0 0 515 53757.7 -3034.77 455.012 -39.166
0 0 516 53757.7 -3035 455.339 -39.1359
0 0 517 53758 -3034.84 455.389 -39.0006
0 0 518 53757.7 -3035.15 455.326 -39.2137
0 0 519 53757.4 -3035.11 455.274 -39.3134
0 0 520 53757.2 -3035.01 455.197 -39.0587
0 0 521 53757.2 -3034.99 455.126 -39.0616
0 0 522 53757.3 -3035.08 455.318 -38.8656
0 0 523 53757 -3035.08 455.303 -39.1142
0 0 524 53756.8 -3035 455.312 -38.892
0 0 525 53756.8 -3035.17 455.366 -38.9989
0 0 526 53756.7 -3034.89 455.531 -39.0283
0 0 527 53756.6 -3034.91 455.197 -39.1116
0 0 528 53756.7 -3034.84 455.167 -39.1359
0 0 529 53756.5 -3034.9 455.507 -38.7744
0 0 530 53756.6 -3034.81 455.282 -38.9079
0 0 531 53756.1 -3034.74 455.337 -38.9785
0 0 532 53756.2 -3035.06 455.032 -38.9239
0 0 533 53756.3 -3035.15 455.253 -38.939
0 0 534 53756.1 -3034.9 455.156 -39.395
0 0 535 53755.9 -3034.89 455.414 -39.2205
0 0 536 53756.1 -3034.93 454.934 -39.1023
0 0 537 53756 -3034.7 455.152 -39.1103
0 0 538 53755.8 -3034.79 455.102 -39.0865
0 0 539 53755.7 -3035.28 455.281 -39.1014
0 0 540 53755.7 -3034.57 455.244 -38.9998
0 0 541 53755.9 -3034.93 455.341 -38.9483
0 0 542 53755.8 -3035.06 455.15 -38.8027
0 0 543 53755.5 -3035.27 455.416 -39.185
0 0 544 53755.4 -3034.93 455.133 -39.2256
0 0 545 53755.5 -3034.86 455.265 -39.142
0 0 546 53755.7 -3035.3 455.323 -38.9239
0 0 547 53755.4 -3035.08 455.414 -39.2936
0 0 548 53755.7 -3034.97 455.048 -38.9169
0 0 549 53755.5 -3034.95 455.125 -39.0765
0 0 550 53755.2 -3035.43 455.3 -38.9113
0 0 551 53755.3 -3035.17 455.514 -39.2458
0 0 552 53755.6 -3035.09 455.321 -38.876
0 0 553 53755 -3035.09 455.316 -39.4157
0 0 554 53755.2 -3035.08 455.53 -39.0038
0 0 555 53755.4 -3035.22 455.287 -39.1422
0 0 556 53755.3 -3035.1 455.337 -39.1958
0 0 557 53755.1 -3035.43 455.679 -39.3642
0 0 558 53755.2 -3035.2 455.224 -38.9441
0 0 559 53755 -3034.97 455.643 -39.3476
0 0 560 53755.4 -3035.14 455.076 -39.2651
0 0 561 53754.8 -3035.07 455.106 -39.2232
0 0 562 53755.3 -3035.21 455.207 -39.3064
0 0 563 53754.9 -3034.8 455.191 -39.1197
0 0 564 53755 -3035.16 455.588 -38.8103
0 0 565 53754.9 -3035.28 455.359 -39.4227
0 0 566 53754.9 -3035.19 455.229 -39.1771
0 0 567 53755.1 -3034.93 455.59 -39.0923
0 0 568 53754.8 -3035.16 455.293 -39.4507
0 0 569 53755 -3034.96 455.342 -39.2994
0 0 570 53754.8 -3035.14 455.193 -39.3204
0 0 571 53754.7 -3034.99 455.53 -38.8541
0 0 572 53754.8 -3034.86 455.271 -39.2662
0 0 573 53754.9 -3034.92 455.311 -39.0761
0 0 574 53754.9 -3035.25 455.304 -39.1444
0 0 575 53754.7 -3035.1 455.178 -39.1269
0 0 576 53754.6 -3035.24 455.69 -38.9373
0 0 577 53754.9 -3035.22 455.161 -39.2749
0 0 578 53754.8 -3035.09 455.425 -39.3166
0 0 579 53754.9 -3035.14 455.297 -39.132
0 0 580 53754.8 -3034.83 455.324 -39.051
0 0 581 53754.8 -3035.04 455.588 -39.3361
0 0 582 53754.6 -3034.94 455.183 -39.1782
0 0 583 53754.8 -3035.33 455.502 -39.1618
0 0 584 53754.8 -3035.14 455.38 -39.2851
0 0 585 53754.8 -3035.1 455.326 -39.3295
0 0 586 53754.6 -3035.22 455.332 -39.2547
0 0 587 53754.6 -3035.41 455.302 -39.0574
0 0 588 53754.7 -3034.91 455.333 -39.1879
0 0 589 53754.9 -3035.09 455.528 -39.3261
0 0 590 53754.6 -3035.2 455.236 -39.3011
0 0 591 53755 -3035.27 455.3 -39.2471
0 0 592 53754.5 -3035.33 454.98 -39.2028
0 0 593 53754.8 -3035.35 455.193 -39.2624
0 0 594 53754.9 -3035.04 455.146 -39.263
0 0 595 53754.4 -3035.09 455.268 -39.2173
0 0 596 53754.6 -3035.05 455.488 -39.1429
0 0 597 53754.9 -3035.02 455.349 -39.2067
0 0 598 53754.7 -3035.14 455.28 -39.1879
0 0 599 53754.8 -3035.25 455.181 -39.0765
0 0 600 53754.6 -3035.05 455.356 -39.1529
0 0 601 53754.3 -3034.89 455.383 -39.3285
0 0 602 53754.6 -3035.07 455.37 -38.9366
0 0 603 53754.6 -3035.35 455.361 -39.1186
0 0 604 53754.6 -3035.29 455.564 -39.364
0 0 605 53754.6 -3035.5 455.046 -39.3344
0 0 606 53754.6 -3035.07 455.339 -39.3162
0 0 607 53754.6 -3035.37 455.346 -39.1575
0 0 608 53754.4 -3035.13 455.57 -39.1405
0 0 609 53754.6 -3035.22 455.349 -39.4609
0 0 610 53754.6 -3035.22 455.507 -38.8648
0 0 611 53754.4 -3035.13 455.446 -39.1809
0 0 612 53754.4 -3035.45 455.239 -39.0729
0 0 613 53754.6 -3035.21 455.284 -38.9286
0 0 614 53754.7 -3034.91 455.276 -39.5286
0 0 615 53754.5 -3035.17 455.286 -39.3768
0 0 616 53754.5 -3034.99 455.093 -39.0916
0 0 617 53754.5 -3034.92 455.255 -39.2218
0 0 618 53754.5 -3035.03 455.016 -39.2998
0 0 619 53754.5 -3035.14 455.22 -39.2209
0 0 620 53754.7 -3034.89 455.338 -39.2741
0 0 621 53754.7 -3035.39 455.181 -39.1699
0 0 622 53754.4 -3035.11 455.362 -39.1867
0 0 623 53754.5 -3035.07 455.193 -39.0929
0 0 624 53754.7 -3035.09 455.139 -39.0472
0 0 625 53754.4 -3035.05 455.231 -39.2305
0 0 626 53754.5 -3035.3 455.258 -39.2972
0 0 627 53754.6 -3035.17 455.23 -39.0517
0 0 628 53754.4 -3035.11 455.478 -39.1222
0 0 629 53754.6 -3035.16 455.341 -39.1731
0 0 630 53754.6 -3035.14 455.275 -39.1526
0 0 631 53754.7 -3035.12 455.238 -39.3164
0 0 632 53754.6 -3035.15 455.038 -39.1401
0 0 633 53754.4 -3035.12 455.31 -39.1745
0 0 634 53754.5 -3035.01 455.203 -39.3489
0 0 635 53754.5 -3035.21 455.368 -38.9394
0 0 636 53754.5 -3035.21 455.101 -39.3117
0 0 637 53754.6 -3035.27 455.652 -39.1977
0 0 638 53754.3 -3034.96 455.237 -38.9498
0 0 639 53754.5 -3035.26 455.231 -39.2551
0 0 640 53754.3 -3034.97 455.407 -39.148
0 0 641 53754.8 -3035.05 455.23 -39.2917
0 0 642 53754.5 -3035.07 455.449 -39.2011
0 0 643 53754.8 -3034.95 455.497 -39.4169
0 0 644 53754.4 -3035.05 455.218 -39.2269
0 0 645 53754.6 -3035.1 455.471 -39.2243
0 0 646 53754.4 -3035.21 455.107 -39.2581
0 0 647 53754.7 -3035.17 455.168 -39.2441
0 0 648 53754.4 -3034.92 455.285 -39.1605
0 0 649 53754.3 -3035.23 455.492 -39.223
0 0 650 53754.4 -3035.15 455.505 -39.1956
0 0 651 53754.4 -3034.88 455.301 -39.3619
0 0 652 53754.5 -3034.96 455.155 -39.1724
0 0 653 53754.5 -3035.25 455.151 -39.239
0 0 654 53754.3 -3035.27 455.127 -39.0895
0 0 655 53754.3 -3035.35 455.428 -39.2058
0 0 656 53754.5 -3035.4 455.178 -39.6202
0 0 657 53754.5 -3035.29 455.501 -38.9296
0 0 658 53754.4 -3035.31 455.302 -39.2804
0 0 659 53754.4 -3035.17 455.277 -39.0355
0 0 660 53754.4 -3035.28 455.111 -39.1801
0 0 661 53754.6 -3035.1 455.254 -39.2549
0 0 662 53754.7 -3035.28 455.462 -39.4871
0 0 663 53754.3 -3035.29 455.174 -39.3659
0 0 664 53754.4 -3035.01 455.356 -39.011
0 0 665 53754.4 -3035.24 455.25 -39.1573
0 0 666 53754.5 -3035.08 455.234 -38.8629
0 0 667 53754.5 -3035.24 455.243 -39.2447
0 0 668 53754.7 -3034.8 455.155 -39.1144
0 0 669 53754.2 -3035.11 455.38 -39.3064
0 0 670 53754.4 -3035.08 455.151 -39.1505
0 0 671 53754.4 -3035.21 455.212 -39.4484
0 0 672 53754.4 -3035 455.479 -38.9239
0 0 673 53754.5 -3035.01 455.167 -39.132
0 0 674 53754.3 -3034.93 455.226 -39.1652
0 0 675 53754.2 -3034.99 455.522 -39.2702
0 0 676 53754.3 -3034.98 455.326 -39.4726
0 0 677 53754.3 -3035.04 455.208 -39.2201
0 0 678 53754.4 -3035.12 455.293 -39.0818
0 0 679 53754.3 -3035.22 455.311 -39.4352
0 0 680 53754.5 -3035.21 455.322 -39.2409
0 0 681 53754.5 -3035.19 455.138 -39.3472
0 0 682 53754.4 -3035.08 455.111 -39.2173
0 0 683 53754.5 -3035.07 455.288 -39.1291
0 0 684 53754.5 -3035.26 455.119 -39.0901
0 0 685 53754.3 -3035.27 455.206 -39.3487
0 0 686 53754.1 -3035.25 455.422 -39.178
0 0 687 53754.3 -3034.99 455.323 -39.0757
0 0 688 53754.6 -3035.38 455.239 -39.2505
0 0 689 53754.3 -3035.44 455.53 -39.4012
0 0 690 53754.4 -3034.96 455.469 -39.0312
0 0 691 53754.5 -3035.17 455.503 -39.2881
0 0 692 53754.7 -3034.87 455.382 -39.2001
0 0 693 53754.6 -3034.81 455.383 -39.4958
0 0 694 53754.2 -3035.15 455.349 -39.1127
0 0 695 53754.4 -3035.14 455.322 -39.1828
0 0 696 53754.4 -3035.23 455.366 -39.2269
0 0 697 53754.5 -3035.32 455.208 -39.4514
0 0 698 53754.5 -3035.14 455.214 -39.246
0 0 699 53754.5 -3035.26 455.239 -39.1771
0 0 700 53754.3 -3035.1 455.053 -38.9188
0 0 701 53754.5 -3035.1 455.49 -39.384
0 0 702 53754.4 -3035.22 455.371 -39.4403
0 0 703 53754.5 -3034.82 455.078 -39.1556
0 0 704 53754.1 -3035.05 455.483 -39.0704
0 0 705 53754.6 -3035.05 455.515 -39.1803
0 0 706 53754.4 -3035.17 455.453 -39.172
0 0 707 53754.5 -3035.07 455.28 -39.3368
0 0 708 53754.8 -3035.16 455.518 -39.5524
0 0 709 53754.4 -3035.3 455.201 -39.2385
0 0 710 53754.3 -3035.14 455.219 -39.2177
0 0 711 53754.3 -3035.22 455.172 -39.1086
0 0 712 53754.7 -3034.99 455.18 -39.3901
0 0 713 53754.6 -3035.18 455.208 -39.2906
0 0 714 53754.4 -3035 455.45 -39.3627
0 0 715 53754.4 -3035.07 455.055 -39.2979
0 0 716 53754.5 -3034.98 455.355 -39.253
0 0 717 53754.4 -3035.01 455.328 -39.4186
0 0 718 53754.5 -3035.08 455.412 -39.323
0 0 719 53754.4 -3035.26 455.469 -39.1469
0 0 720 53754.5 -3035.23 455.392 -39.141
0 0 721 53754.6 -3035.33 455.252 -39.4029
0 0 722 53754.4 -3034.97 455.434 -39.0155
0 0 723 53754.4 -3035.14 455.491 -39.314
0 0 724 53754.5 -3035.17 455.195 -39.3419
0 0 725 53754.6 -3034.96 455.612 -39.2966
0 0 726 53754.6 -3035.13 455.682 -39.1356
0 0 727 53754.3 -3034.77 455.116 -39.2056
0 0 728 53754.6 -3035.06 455.261 -39.3036
0 0 729 53754.5 -3035.04 455.41 -39.058
0 0 730 53754.6 -3035.19 455.113 -39.1967
0 0 731 53754.5 -3035 455.193 -39.1575
0 0 732 53754.4 -3035.35 455.218 -39.2177
0 0 733 53754.4 -3035.17 455.269 -39.3489
0 0 734 53754.5 -3035.22 455.085 -39.1935
0 0 735 53754.6 -3035.26 455.354 -38.99
0 0 736 53754.5 -3035.3 455.136 -39.2583
0 0 737 53754.3 -3035.23 455.297 -39.2539
0 0 738 53754.5 -3034.96 455.302 -39.0206
0 0 739 53754.4 -3035.22 455.51 -39.205
0 0 740 53754.5 -3035.16 455.462 -39.0485
0 0 741 53754.4 -3035.01 455.165 -39.1265
0 0 742 53754.4 -3035.18 455.483 -39.1439
0 0 743 53754.6 -3035.28 455.275 -39.0776
0 0 744 53754.5 -3035.38 455.181 -39.0693
0 0 745 53754.6 -3035.24 455.386 -39.071
0 0 746 53754.3 -3035.34 455.521 -38.9217
0 0 747 53754.6 -3035.29 455.03 -39.1741
0 0 748 53754.6 -3034.91 455.468 -39.269
0 0 749 53754.4 -3035.29 455.212 -39.1858
0 0 750 53754.6 -3035.13 455.154 -39.1873
0 0 751 53754.7 -3035.17 455.31 -38.9032
0 0 752 53754.6 -3035.05 455.483 -39.2719
0 0 753 53754.5 -3035.04 455.461 -39.3298
0 0 754 53754.6 -3035.12 455.144 -39.108
0 0 755 53754.6 -3035.21 455.375 -39.257
0 0 756 53754.5 -3035.01 455.483 -39.0699
0 0 757 53754.7 -3035.07 455.083 -39.2392
0 0 758 53754.6 -3034.93 455.239 -39.1822
0 0 759 53754.7 -3035.19 455.105 -39.1273
0 0 760 53754.5 -3034.87 455.239 -39.0555
0 0 761 53754.4 -3035.18 455.31 -39.2853
0 0 762 53754.7 -3035.31 455.325 -39.2766
0 0 763 53754.5 -3034.92 455.299 -39.0334
0 0 764 53754.3 -3035.02 455.379 -39.2636
0 0 765 53754.6 -3035.34 455.222 -39.1016
0 0 766 53754.7 -3035.15 455.164 -39.1822
0 0 767 53754.5 -3035.01 455.014 -39.0444
0 0 768 53754.4 -3035.07 455.243 -39.0344
0 0 769 53754.4 -3035.2 455.314 -39.0334
0 0 770 53754.5 -3035.37 455.014 -39.2385
0 0 771 53754.4 -3035.22 455.34 -39.2498
0 0 772 53754.7 -3035.42 455.514 -39.0546
0 0 773 53754.5 -3035.27 455.287 -39.1816
0 0 774 53754.5 -3035.37 455.012 -38.9915
0 0 775 53754.8 -3035.06 455.376 -39.1699
0 0 776 53754.7 -3035.11 455.274 -39.317
0 0 777 53754.5 -3035.19 455.268 -39.1901
0 0 778 53754.5 -3035.4 455.186 -39.1222
0 0 779 53754.6 -3034.93 455.449 -39.1629
0 0 780 53754.5 -3035.07 455.205 -39.1348
0 0 781 53754.6 -3035.31 455.099 -39.445
0 0 782 53754.6 -3035.11 455.411 -38.9526
0 0 783 53754.4 -3035.32 455.216 -39.0028
0 0 784 53754.7 -3034.98 455.449 -39.2334
0 0 785 53754.5 -3035.18 455.44 -39.1171
0 0 786 53754.6 -3035.07 455.128 -39.5715
0 0 787 53754.6 -3035.05 455.273 -39.2915
0 0 788 53754.6 -3035.26 455.322 -39.0421
0 0 789 53754.6 -3035.31 455.458 -39.2166
0 0 790 53754.8 -3035.18 455.588 -39.2628
0 0 791 53754.7 -3035.12 455.418 -39.1097
0 0 792 53754.9 -3035.11 455.248 -39.4004
0 0 793 53754.5 -3034.88 455.37 -38.8788
0 0 794 53754.2 -3034.92 455.178 -39.0925
0 0 795 53754.4 -3035.22 455.358 -39.0096
0 0 796 53754.4 -3035.34 455.09 -39.1184
0 0 797 53754.3 -3034.81 455.22 -39.2377
0 0 798 53754.4 -3035.32 455.215 -39.1631
0 0 799 53754.4 -3035.23 455.211 -39.3136
0 0 800 53754.3 -3034.96 455.371 -39.1601
0 0 801 53754.7 -3035 455.281 -39.3438
0 0 802 53754.6 -3035.09 455.3 -39.1905
0 0 803 53754.6 -3035.04 455.164 -39.2147
0 0 804 53754.4 -3035.12 454.981 -39.259
0 0 805 53754.7 -3035.12 454.916 -39.1178
0 0 806 53754.7 -3035.18 455.096 -39.2509
0 0 807 53754.5 -3035.2 455.1 -38.8501
0 0 808 53754.7 -3035.12 455.154 -38.9649
0 0 809 53754.6 -3035.32 455.08 -38.943
0 0 810 53754.6 -3035.22 455.134 -39.1682
0 0 811 53754.3 -3034.77 455.196 -38.9354
0 0 812 53754.3 -3035.02 455.229 -39.0733
0 0 813 53754.6 -3035.17 455.342 -39.2111
0 0 814 53754.7 -3035.16 455.337 -38.9934
0 0 815 53754.6 -3035.3 455.322 -39.1958
0 0 816 53754.6 -3035.22 455.34 -39.2573
0 0 817 53754.5 -3035.01 455.405 -39.0495
0 0 818 53754.6 -3035.04 455.334 -39.3368
0 0 819 53754.5 -3035.04 455.242 -39.1907
0 0 820 53754.6 -3035.24 455.184 -39.1059
0 0 821 53754.5 -3035.19 455.13 -39.1307
0 0 822 53754.5 -3035.14 455.245 -39.2124
0 0 823 53754.6 -3035.3 455.129 -39.0047
0 0 824 53754.4 -3035.23 455.21 -39.0508
0 0 825 53754.6 -3035.02 455.079 -39.2979
0 0 826 53754.5 -3035.07 455.341 -39.0327
0 0 827 53754.4 -3035.2 454.93 -39.3021
0 0 828 53754.5 -3034.91 455.471 -39.3976
0 0 829 53754.5 -3034.91 455.257 -39.3948
0 0 830 53754.6 -3035.07 455.244 -39.2432
0 0 831 53754.5 -3035.1 455.282 -39.0234
0 0 832 53754.5 -3035.17 455.242 -38.9819
0 0 833 53754.4 -3035 455.264 -39.0283
0 0 834 53754.4 -3035.15 455.319 -39.2968
0 0 835 53754.3 -3035.01 455.22 -39.1072
0 0 836 53754.8 -3035.26 455.36 -38.9809
0 0 837 53754.6 -3035.09 455.361 -39.203
0 0 838 53754.6 -3034.87 455.195 -39.4148
0 0 839 53754.6 -3035.04 455.302 -39.3612
0 0 840 53754.6 -3035.4 455.03 -39.1862
0 0 841 53754.4 -3035.2 455.196 -39.35
0 0 842 53754.7 -3034.99 455.264 -39.2485
0 0 843 53754.5 -3035.31 455.487 -39.2062
0 0 844 53754.4 -3035.58 455.222 -39.2987
0 0 845 53754.5 -3035.36 455.296 -39.0806
0 0 846 53754.5 -3035.3 455.261 -39.1892
0 0 847 53754.8 -3034.97 455.186 -39.246
0 0 848 53754.4 -3035.22 455.17 -39.1888
0 0 849 53754.3 -3035.14 455.238 -39.2868
0 0 850 53754.4 -3035.26 455.425 -39.2919
0 0 851 53754.3 -3035.19 455.436 -39.1975
0 0 852 53754.7 -3035.32 455.149 -39.2086
0 0 853 53754.7 -3035.42 455.39 -39.1624
0 0 854 53754.8 -3035.29 454.996 -39.6232
0 0 855 53754.5 -3035.42 455.287 -39.2024
0 0 856 53754.6 -3035.19 455.218 -39.1152
0 0 857 53754.5 -3035.28 455.236 -39.2483
0 0 858 53754.4 -3035.09 455.185 -39.3429
0 0 859 53754.5 -3035.23 455.39 -39.3791
0 0 860 53754.7 -3035.42 455.142 -39.0281
0 0 861 53754.8 -3035.54 455.114 -39.1743
0 0 862 53754.5 -3035.16 455.346 -39.3578
0 0 863 53754.7 -3035.31 454.98 -39.0548
0 0 864 53754.5 -3035.11 455.319 -39.0997
0 0 865 53754.4 -3035.12 455.34 -39.1342
0 0 866 53754.5 -3035.19 455.309 -39.1469
0 0 867 53754.5 -3035.27 455.386 -39.3889
0 0 868 53754.5 -3035.17 455.026 -39.1724
0 0 869 53754.4 -3035.24 455.334 -39.2617
0 0 870 53754.5 -3035.23 455.272 -39.2298
0 0 871 53754.6 -3035.41 455.028 -39.0884
0 0 872 53754.6 -3035.1 455.327 -39.2702
0 0 873 53754.6 -3035.3 455.164 -39.0995
0 0 874 53754.7 -3035.47 455.203 -39.2096
0 0 875 53754.4 -3035.33 455.275 -39.2354
0 0 876 53754.5 -3035.34 455.407 -39.1709
0 0 877 53754.6 -3035.32 454.902 -39.1537
0 0 878 53754.3 -3035.24 455.422 -39.1667
0 0 879 53754.6 -3035.33 455.369 -39.4325
0 0 880 53754.4 -3035.27 455.108 -39.125
0 0 881 53754.2 -3035.01 455.3 -38.977
0 0 882 53754.2 -3035.54 455.186 -39.0969
0 0 883 53754.6 -3035.3 455.155 -39.2466
0 0 884 53754.7 -3035.03 455.045 -39.5619
0 0 885 53754.6 -3035.29 455.198 -39.3242
0 0 886 53754.5 -3035.2 455.464 -39.1614
0 0 887 53754.6 -3035.35 455.207 -39.1977
0 0 888 53754.5 -3035.06 455.139 -39.2683
0 0 889 53754.4 -3035.23 455.074 -39.2532
0 0 890 53754.6 -3035.43 455.166 -39.0761
0 0 891 53754.6 -3035.46 455.158 -39.2977
0 0 892 53754.7 -3035.3 455.425 -38.9553
0 0 893 53754.5 -3035.34 455.321 -39.1133
0 0 894 53754.5 -3034.86 455.218 -39.2496
0 0 895 53754.6 -3035.13 455.205 -39.3083
0 0 896 53754.6 -3035.16 455.384 -39.2991
0 0 897 53754.3 -3035.11 455.324 -39.2194
0 0 898 53754.3 -3035.07 455.25 -39.0653
0 0 899 53754.3 -3034.9 455.463 -39.2539
0 0 900 53754.5 -3035.12 455.458 -39.2821
0 0 901 53754.5 -3035.11 455.374 -39.3106
0 0 902 53754.6 -3035.08 455.343 -39.1673
0 0 903 53754.4 -3035.15 455.381 -39.0121
0 0 904 53754.5 -3035.22 454.949 -38.9394
0 0 905 53754.8 -3035.3 455.297 -39.1784
0 0 906 53754.8 -3035.28 455.375 -39.2215
0 0 907 53754.5 -3035.23 455.034 -39.1361
0 0 908 53754.3 -3035.07 455.369 -38.9766
0 0 909 53754.4 -3035.27 455.034 -39.1671
0 0 910 53754.5 -3035.26 455.315 -39.2955
0 0 911 53754.5 -3035.08 455.261 -39.3042
0 0 912 53754.7 -3035.12 455.428 -39.1907
0 0 913 53754.4 -3035.3 455.545 -39.303
0 0 914 53754.8 -3035.29 455.12 -39.0536
0 0 915 53754.6 -3035.1 455.535 -39.4029
0 0 916 53754.7 -3035.22 455.511 -39.2583
0 0 917 53754.4 -3035.47 455.11 -39.1803
0 0 918 53754.5 -3035.03 455.033 -39.0642
0 0 919 53754.6 -3035.36 455.255 -39.216
0 0 920 53754.3 -3034.88 455.354 -39.2339
0 0 921 53754.5 -3035.13 455.064 -39.5235
0 0 922 53754.3 -3035.4 455.189 -39.1444
0 0 923 53754.2 -3035.02 455.181 -39.3485
0 0 924 53754.3 -3035.03 455.291 -39.2713
0 0 925 53754.4 -3034.98 455.134 -39.5426
0 0 926 53754.4 -3035.26 455.404 -39.0931
0 0 927 53754.7 -3035.25 455.09 -39.1782
0 0 928 53754.6 -3035.52 455.184 -39.0912
0 0 929 53754.4 -3035.14 455.439 -39.1677
0 0 930 53754.6 -3035.15 455.174 -39.1458
0 0 931 53754.7 -3035.32 455.279 -39.0714
0 0 932 53754.6 -3034.92 455.381 -39.6415
0 0 933 53754.8 -3035.16 455.389 -39.2266
0 0 934 53754.6 -3035.18 455.075 -39.1667
0 0 935 53754.4 -3035.25 455.178 -39.2394
0 0 936 53754.4 -3035.03 455.24 -39.4161
0 0 937 53754.5 -3035.1 455.24 -39.3457
0 0 938 53754.5 -3035.31 455.248 -39.3712
0 0 939 53754.5 -3034.93 455.11 -39.1728
0 0 940 53754.7 -3035.27 455.373 -39.1633
0 0 941 53754.3 -3034.9 455.283 -38.9364
0 0 942 53754.5 -3035.39 455.329 -39.2047
0 0 943 53754.4 -3034.74 455.094 -39.2923
0 0 944 53754.6 -3035.14 455.284 -39.2653
0 0 945 53754.4 -3035.11 455.313 -39.0746
0 0 946 53754.6 -3035.33 455.271 -39.1044
0 0 947 53754.6 -3035.26 455.366 -39.2568
0 0 948 53754.5 -3035.24 455.262 -39.2694
0 0 949 53754.3 -3034.93 455.329 -39.3408
0 0 950 53754.2 -3035.08 455.15 -39.4977
0 0 951 53754.3 -3035.3 455.121 -39.3712
0 0 952 53754.4 -3034.95 455.216 -39.2879
0 0 953 53754.6 -3035 455.407 -39.2896
0 0 954 53754.3 -3035 455.324 -39.1984
0 0 955 53754.6 -3035.19 455.345 -39.0161
0 0 956 53754.3 -3035.12 455.058 -39.3412
0 0 957 53754.4 -3035.27 455.21 -39.2526
0 0 958 53754.4 -3035.22 455.523 -39.075
0 0 959 53754.2 -3035.12 455.234 -39.3208
0 0 960 53754.6 -3035.11 455.38 -39.3446
0 0 961 53754.6 -3035.24 455.363 -39.1161
0 0 962 53754.6 -3034.96 455.156 -39.3782
0 0 963 53754.6 -3035.38 455.337 -39.1526
0 0 964 53754.5 -3035.37 455.381 -39.0846
0 0 965 53754.5 -3035.25 455.342 -39.2171
0 0 966 53754.5 -3035.36 455.486 -39.1595
0 0 967 53754.6 -3035.35 455.117 -39.4862
0 0 968 53754.3 -3035.15 455.531 -39.178
0 0 969 53754.7 -3035.22 455.117 -39.1569
0 0 970 53754.6 -3035.23 455.156 -38.9666
0 0 971 53754.6 -3035.23 455.273 -39.2564
0 0 972 53754.7 -3035.35 455.211 -39.3549
0 0 973 53754.7 -3035.21 454.965 -39.2683
0 0 974 53754.2 -3035.17 455.108 -39.1203
0 0 975 53754.6 -3035.15 455.168 -39.2853
0 0 976 53754.6 -3035.39 454.976 -39.4473
0 0 977 53754.3 -3035.32 455.43 -39.2902
0 0 978 53754.6 -3035.36 455.448 -39.4008
0 0 979 53754.5 -3035.21 455.499 -39.0595
0 0 980 53754.7 -3035.16 455.061 -39.2254
0 0 981 53754.6 -3035.08 455.291 -39.2853
0 0 982 53754.5 -3034.9 455.417 -39.1797
0 0 983 53754.5 -3035.01 455.493 -39.4641
0 0 984 53754.5 -3035.36 455.066 -39.1986
0 0 985 53754.5 -3035.05 455.33 -39.0574
0 0 986 53754.5 -3035.12 455.431 -39.1954
0 0 987 53754.6 -3035.03 455.15 -39.4626
0 0 988 53754.5 -3035.2 455.235 -38.9575
0 0 989 53754.7 -3035.35 455.364 -39.6378
0 0 990 53754.8 -3035.12 455.352 -39.3402
0 0 991 53754.6 -3035.12 455.435 -39.3702
0 0 992 53754.3 -3034.95 455.466 -39.169
0 0 993 53754.4 -3035.21 455.338 -39.1327
0 0 994 53754.5 -3035.12 455.478 -39.1765
0 0 995 53754.5 -3035.1 455.298 -39.4499
0 0 996 53754.4 -3035.08 455.291 -39.3278
0 0 997 53754.6 -3035.12 455.385 -39.3706
0 0 998 53754.7 -3035.13 455.331 -39.2305
0 0 999 53754.4 -3035.17 455.039 -39.3255
0 0 1000 53754.7 -3034.9 455.151 -39.4916
0 0 1001 53754.3 -3035.03 455.351 -39.1418
0 0 1002 53754.6 -3035 455.291 -39.1937
0 0 1003 53754.3 -3035.09 455.354 -39.3931
0 0 1004 53754.6 -3035.1 455.186 -39.388
0 0 1005 53754.7 -3035.25 455.01 -39.2351
0 0 1006 53754.7 -3035.14 455.126 -39.0221
0 0 1007 53754.4 -3035.14 455.102 -39.2481
0 0 1008 53754.3 -3035.03 455.222 -39.0559
0 0 1009 53754.4 -3034.94 455.595 -39.209
0 0 1010 53754.5 -3035.19 455.361 -39.3417
0 0 1011 53754.6 -3035.07 455.126 -39.0806
0 0 1012 53754.6 -3035.17 455.384 -39.3999
0 0 1013 53754.3 -3035.35 455.149 -39.1216
0 0 1014 53754.3 -3035.26 455.137 -39.1843
0 0 1015 53754.1 -3035.13 455.404 -39.3385
0 0 1016 53754.7 -3035.21 455.18 -39.2071
0 0 1017 53754.4 -3035.09 455.437 -39.2022
0 0 1018 53754.6 -3035.1 455.507 -39.2305
0 0 1019 53754.8 -3035.1 455.285 -39.2173
0 0 1020 53754.6 -3035.34 455.022 -39.0725
0 0 1021 53754.6 -3034.99 455.169 -39.1756
0 0 1022 53754.5 -3035.22 455.351 -39.1478
0 0 1023 53754.7 -3035.03 454.919 -39.2581
0 0 1024 53754.6 -3035.08 455.19 -39.4171
0 0 1025 53754.5 -3035.05 455.306 -39.0863
0 0 1026 53754.3 -3034.96 455.39 -39.2424
0 0 1027 53754.5 -3034.98 455.271 -39.1952
0 0 1028 53754.5 -3035.37 455.389 -39.3383
0 0 1029 53754.5 -3035.11 455.258 -39.3451
0 0 1030 53754.5 -3035.23 455.305 -39.1984
0 0 1031 53754.4 -3035.09 455.39 -39.2181
0 0 1032 53754.2 -3035 455.35 -39.2887
0 0 1033 53754.3 -3035.01 455.047 -39.0938
0 0 1034 53754.6 -3035.1 455.263 -39.1518
0 0 1035 53754.4 -3035.07 455.188 -39.327
0 0 1036 53754.7 -3035.13 455.413 -39.2713
0 0 1037 53754.5 -3035.21 455.406 -39.3723
0 0 1038 53754.5 -3035.08 455.299 -39.1286
0 0 1039 53754.5 -3035.15 455.188 -39.1531
0 0 1040 53754.2 -3035.03 455.162 -39.2396
0 0 1041 53754.2 -3035.14 455.256 -39.3521
0 0 1042 53754.4 -3035.21 455.041 -39.2772
0 0 1043 53754.5 -3035.48 455.02 -39.4356
0 0 1044 53754.7 -3035 455.254 -39.4235
0 0 1045 53754.5 -3034.98 455.101 -39.2143
0 0 1046 53754.5 -3035.05 455.115 -39.1967
0 0 1047 53754.7 -3035.17 455.524 -39.3117
0 0 1048 53754.6 -3035 455.24 -39.2349
0 0 1049 53754.4 -3035.1 455.389 -39.2783
0 0 1050 53754.8 -3034.94 455.176 -39.2281
0 0 1051 53754.7 -3034.89 455.106 -39.2411
0 0 1052 53754.7 -3035.26 455.346 -39.229
0 0 1053 53754.5 -3035.1 455.429 -39.3021
0 0 1054 53754.5 -3034.95 455.069 -39.0006
0 0 1055 53754.3 -3035.25 455.171 -39.3853
0 0 1056 53754.5 -3035.24 455.05 -39.4106
0 0 1057 53754.5 -3035.08 455.265 -39.4123
0 0 1058 53754.6 -3035.08 455.587 -39.3402
0 0 1059 53754.4 -3035.02 455.291 -39.4027
0 0 1060 53754.3 -3035.19 455.12 -39.0946
0 0 1061 53754.6 -3035.05 455.307 -39.3049
0 0 1062 53754.3 -3035.07 455.227 -39.2738
0 0 1063 53754.4 -3035.12 455.208 -39.2881
0 0 1064 53754.5 -3034.98 455.168 -39.1888
0 0 1065 53754.5 -3035.17 455.085 -39.1118
0 0 1066 53754.7 -3035.23 455.206 -39.1903
0 0 1067 53754.6 -3035.36 455.305 -39.2987
0 0 1068 53754.5 -3035.13 455.233 -39.269
0 0 1069 53754.5 -3035.12 455.181 -39.3901
0 0 1070 53754.5 -3035.2 455.253 -39.0829
0 0 1071 53754.5 -3035.22 455.342 -39.2296
0 0 1072 53754.4 -3035.35 455.247 -39.1312
0 0 1073 53754.9 -3035.04 455.405 -39.2332
0 0 1074 53754.4 -3035.12 455.27 -39.3721
0 0 1075 53754.7 -3035.37 455.349 -39.2587
0 0 1076 53754.4 -3035.23 455.223 -39.2632
0 0 1077 53754.6 -3035.09 455.455 -39.3887
0 0 1078 53754.6 -3034.95 455.266 -39.3164
0 0 1079 53754.5 -3035.22 454.953 -39.2806
0 0 1080 53754.7 -3035.16 455.311 -39.1777
0 0 1081 53754.4 -3034.89 455.144 -39.3227
0 0 1082 53754.7 -3035.26 455.411 -39.1652
0 0 1083 53754.7 -3035.13 455.207 -39.0321
0 0 1084 53754.7 -3035.07 455.22 -39.3731
0 0 1085 53754.4 -3035.2 455.29 -39.3168
0 0 1086 53754.7 -3035.32 455.06 -38.8896
0 0 1087 53754.6 -3035.29 455.308 -39.2719
0 0 1088 53754.4 -3035.28 455.34 -39.4146
0 0 1089 53754.4 -3035.31 455.02 -39.3374
0 0 1090 53754.5 -3035.43 455.23 -38.9468
0 0 1091 53754.5 -3035.12 455.096 -39.232
0 0 1092 53754.6 -3034.92 455.297 -39.3508
0 0 1093 53754.5 -3035.2 455.33 -39.2005
0 0 1094 53754.4 -3035.16 455.29 -39.0831
0 0 1095 53754.2 -3035.03 455.355 -39.1558
0 0 1096 53754 -3034.86 455.273 -39.5254
0 0 1097 53754.4 -3035.17 455.154 -39.0553
0 0 1098 53754.5 -3034.94 455.459 -39.2607
0 0 1099 53754.4 -3035.43 455.341 -39.2334
0 0 1100 53754.5 -3035.19 455.482 -39.2938
0 0 1101 53754.4 -3034.95 454.974 -39.3687
0 0 1102 53754.7 -3035.13 455.187 -39.4629
0 0 1103 53754.6 -3035.06 455.357 -39.408
0 0 1104 53754.6 -3035.21 455.316 -39.1937
0 0 1105 53754.2 -3034.92 454.885 -39.5651
0 0 1106 53754.5 -3035.22 454.943 -38.9279
0 0 1107 53754.5 -3035.22 455.214 -39.2266
0 0 1108 53754.6 -3035.4 455.269 -39.3542
0 0 1109 53754.5 -3035.23 455.206 -39.3889
0 0 1110 53754.3 -3035.25 455.091 -39.2224
0 0 1111 53754.5 -3035.28 455.129 -39.2879
0 0 1112 53754.5 -3035.06 455.09 -39.2292
0 0 1113 53754.6 -3034.96 455.104 -39.0249
0 0 1114 53754.6 -3035 455.094 -39.3825
0 0 1115 53754.5 -3035.22 455.121 -39.3359
0 0 1116 53754.3 -3034.98 455.271 -39.3884
0 0 1117 53754.4 -3035.1 455.369 -39.3842
0 0 1118 53754.8 -3035.23 455.309 -39.2789
0 0 1119 53754.6 -3035 455.276 -39.4025
0 0 1120 53754.5 -3035.13 455.137 -38.8839
0 0 1121 53754.3 -3035.34 455.181 -39.0861
0 0 1122 53754.5 -3035.19 455.387 -39.327
0 0 1123 53754.4 -3035.31 455.282 -39.296
0 0 1124 53754.4 -3035.06 455.322 -39.2196
0 0 1125 53754.5 -3035.03 455.228 -39.0867
0 0 1126 53754.6 -3034.89 455.259 -39.1208
0 0 1127 53754.2 -3035.11 454.97 -39.0559
0 0 1128 53754.2 -3034.98 455.253 -39.0938
0 0 1129 53754.4 -3035.17 455.204 -39.3483
0 0 1130 53754.6 -3035.05 455.384 -39.1788
0 0 1131 53754.6 -3034.99 454.961 -39.0298
0 0 1132 53754.3 -3035.22 455.439 -39.2147
0 0 1133 53754.6 -3035.37 455.312 -39.196
0 0 1134 53754.4 -3035.13 455.306 -39.2847
0 0 1135 53754.6 -3035.09 455.07 -39.2519
0 0 1136 53754.6 -3034.89 455.312 -39.1199
0 0 1137 53754.2 -3034.96 455.222 -39.2247
0 0 1138 53754.4 -3034.95 455.202 -39.2211
0 0 1139 53754.4 -3034.96 455.246 -39.1263
0 0 1140 53754.7 -3035.21 455.4 -39.3374
0 0 1141 53754.2 -3035.06 455.255 -39.2445
0 0 1142 53754.6 -3035.06 455.328 -39.2868
0 0 1143 53754.5 -3035.12 455.379 -39.1312
0 0 1144 53754.5 -3035.08 455.553 -39.2101
0 0 1145 53754.7 -3035.32 455.473 -39.3776
0 0 1146 53754.5 -3035.24 455.212 -39.3627
0 0 1147 53754.7 -3034.93 455.489 -39.4448
0 0 1148 53754.5 -3035.43 455.182 -39.1103
0 0 1149 53754.6 -3035.28 455.343 -39.2709
0 0 1150 53754.4 -3035.14 455.476 -39.1129
0 0 1151 53754.2 -3035.15 455.277 -39.3366
0 0 1152 53754.5 -3035.15 455.136 -39.4305
0 0 1153 53754.4 -3035.22 455.086 -39.2634
0 0 1154 53754.2 -3035.06 455.276 -39.0178
0 0 1155 53754.5 -3035.12 455.389 -39.2921
0 0 1156 53754.3 -3035.33 455.147 -39.2249
0 0 1157 53754.5 -3034.95 455.237 -39.358
0 0 1158 53754.3 -3035.25 455.111 -38.9664
0 0 1159 53754.8 -3034.95 455.045 -39.0274
0 0 1160 53754.4 -3035.24 455.106 -39.1703
0 0 1161 53754.5 -3035.09 455.162 -39.2938
0 0 1162 53754.4 -3035.01 455.052 -39.0702
0 0 1163 53754.5 -3035 455.324 -39.4373
0 0 1164 53754.7 -3035.29 455.112 -39.0814
0 0 1165 53754.6 -3035.26 455.302 -39.1722
0 0 1166 53754.6 -3035.33 455.271 -39.2088
0 0 1167 53754.5 -3035.09 455.089 -39.2069
0 0 1168 53754.7 -3034.89 455.381 -38.9177
0 0 1169 53754.4 -3035.22 455.333 -39.3984
0 0 1170 53754.7 -3035.19 455.439 -39.449
0 0 1171 53754.5 -3035.19 455.355 -39.4531
0 0 1172 53754.7 -3035.38 455.432 -39.2492
0 0 1173 53754.8 -3035.23 455.445 -39.5177
0 0 1174 53754.5 -3035.07 455.254 -39.2024
0 0 1175 53754.4 -3035.07 455.333 -39.1191
0 0 1176 53754.4 -3035.16 455.18 -39.1473
0 0 1177 53754.3 -3035.2 455.334 -39.2753
0 0 1178 53754.4 -3035.32 455.188 -39.0038
0 0 1179 53754.6 -3035.17 455.154 -39.0691
0 0 1180 53754.5 -3035.22 455.335 -39.1682
0 0 1181 53754.6 -3035.12 455.113 -39.2864
0 0 1182 53754.6 -3035.07 455.086 -39.1137
0 0 1183 53754.4 -3035.4 455.314 -39.1979
0 0 1184 53754.7 -3034.89 455.505 -39.213
0 0 1185 53754.3 -3035.06 455.273 -39.4205
0 0 1186 53754.5 -3035.1 454.957 -39.3725
0 0 1187 53754.5 -3034.82 455.286 -39.3295
0 0 1188 53754.4 -3035.24 455.343 -39.3198
0 0 1189 53754.5 -3035.16 455.127 -39.2243
0 0 1190 53754.4 -3035.03 455.012 -39.3015
0 0 1191 53754.4 -3034.92 455.112 -39.3053
0 0 1192 53754.3 -3034.75 455.247 -39.3661
0 0 1193 53754.5 -3034.89 455.317 -39.118
0 0 1194 53754.3 -3035.2 455.437 -39.1933
0 0 1195 53754.4 -3035.04 455.208 -39.1435
0 0 1196 53754.5 -3035.12 455.467 -39.1816
0 0 1197 53754.1 -3034.96 455.568 -39.4195
0 0 1198 53754.5 -3035.06 455.454 -39.1569
0 0 1199 53754.5 -3034.96 455.327 -39.3189
0 0 1200 53754.4 -3035.22 455.19 -39.2264
0 0 1201 53754.5 -3035.28 455.286 -39.0929
0 0 1202 53754.3 -3034.82 455.296 -39.176
0 0 1203 53754.3 -3034.86 455.465 -39.1361
0 0 1204 53754.7 -3035.26 455.286 -39.2317
0 0 1205 53754.4 -3034.98 455.091 -39.206
0 0 1206 53754.4 -3035.06 455.314 -39.1869
0 0 1207 53754.4 -3035.11 455.278 -39.3283
0 0 1208 53754.5 -3035.07 455.373 -39.0699
0 0 1209 53754.5 -3035.16 455.535 -39.2547
0 0 1210 53754.4 -3035.15 455.271 -39.2662
0 0 1211 53754.9 -3035.06 455.141 -39.1737
0 0 1212 53754.7 -3035.42 455.256 -39.2634
0 0 1213 53754.4 -3035.08 455.116 -39.2107
0 0 1214 53754.3 -3035.2 455.214 -39.4325
0 0 1215 53754.4 -3034.84 455.409 -39.1692
0 0 1216 53754.4 -3035.06 455.523 -39.1399
0 0 1217 53754.2 -3035.06 455.345 -39.2779
0 0 1218 53754.5 -3035.59 455.408 -39.3899
0 0 1219 53754.3 -3035.13 455.196 -39.3306
0 0 1220 53754.5 -3035.05 455.27 -39.2247
0 0 1221 53754.6 -3035.02 455.34 -39.0774
0 0 1222 53754.3 -3035.23 455.403 -39.205
0 0 1223 53754.4 -3034.91 455.255 -39.3572
0 0 1224 53754.4 -3035.07 455.323 -39.4025
0 0 1225 53754.4 -3035.18 455.447 -39.1599
0 0 1226 53754.4 -3035.08 455.371 -39.2218
0 0 1227 53754.6 -3035.06 455.333 -39.3693
0 0 1228 53754.5 -3034.9 455.159 -39.1431
0 0 1229 53754.3 -3035.29 455.153 -39.2573
0 0 1230 53754.6 -3034.98 455.414 -39.2836
0 0 1231 53754.9 -3035.2 455.274 -39.4274
0 0 1232 53754.6 -3035.18 455.151 -39.3017
0 0 1233 53754.7 -3035.15 455.217 -38.9328
0 0 1234 53754.4 -3035.22 455.342 -38.7468
0 0 1235 53754.3 -3034.98 455.181 -39.2545
0 0 1236 53754.4 -3035.1 455.317 -39.3389
0 0 1237 53754.6 -3034.83 455.466 -39.5432
0 0 1238 53754.7 -3035.04 455.42 -39.021
0 0 1239 53754.5 -3035.31 455.451 -38.9566
0 0 1240 53754.3 -3035.06 455.188 -39.256
0 0 1241 53754.6 -3035.35 455.294 -39.3538
0 0 1242 53754.5 -3035.32 455.133 -39.1748
0 0 1243 53754.4 -3035.09 455.272 -39.4797
0 0 1244 53754.6 -3035.17 455.309 -39.35
0 0 1245 53754.4 -3034.99 455.13 -39.56
0 0 1246 53754.5 -3035.43 455.147 -39.3527
0 0 1247 53754.6 -3035.08 455.239 -39.233
0 0 1248 53754.7 -3035.27 455.156 -39.0215
0 0 1249 53754.6 -3035.19 455.47 -38.8611
0 0 1250 53754.4 -3035.01 455.172 -39.2526
0 0 1251 53754.3 -3035 455.346 -39.3255
0 0 1252 53754.5 -3035.01 455.204 -39.3438
0 0 1253 53754.4 -3035.03 455.467 -39.1578
0 0 1254 53754.3 -3035.07 455.144 -39.0374
0 0 1255 53754.5 -3035.03 455.348 -39.1556
0 0 1256 53754.4 -3035.31 455.361 -39.2368
0 0 1257 53754.3 -3035 454.977 -39.1916
0 0 1258 53754.4 -3035.19 455.366 -39.2532
0 0 1259 53754.5 -3034.85 455.391 -39.091
0 0 1260 53754.4 -3035.41 455.231 -39.2724
0 0 1261 53754.3 -3035.09 455.26 -39.1865
0 0 1262 53754.3 -3035.18 455.296 -39.1824
0 0 1263 53754.5 -3035.28 455.34 -39.1682
0 0 1264 53754.6 -3035.15 455.173 -39.105
0 0 1265 53754.5 -3035.09 455.17 -39.2613
0 0 1266 53754.4 -3035.06 455.433 -39.1622
0 0 1267 53754.5 -3035.34 455.462 -39.2736
0 0 1268 53754.3 -3035.06 455.206 -39.1822
0 0 1269 53754.5 -3035.2 455.076 -39.2749
0 0 1270 53754.7 -3035.47 455.476 -39.3908
0 0 1271 53754.3 -3035.12 455.353 -39.2088
0 0 1272 53754.3 -3035.05 455.072 -39.4848
0 0 1273 53754.4 -3034.91 455.285 -39.486
0 0 1274 53754.3 -3035.02 455.205 -39.1316
0 0 1275 53754.3 -3035.13 455.341 -39.2422
0 0 1276 53754.5 -3035.01 455.288 -39.4203
0 0 1277 53754.5 -3035.08 455.208 -39.3795
0 0 1278 53754.2 -3034.91 455.267 -39.0117
0 0 1279 53754.4 -3035.08 455.389 -39.5303
0 0 1280 53754.4 -3035.19 455.199 -39.4012
0 0 1281 53754.5 -3035.2 455.38 -39.141
0 0 1282 53754.4 -3034.94 455.509 -39.4752
0 0 1283 53754.5 -3034.99 455.432 -39.0972
0 0 1284 53754.4 -3035.05 455.085 -39.4811
0 0 1285 53754.5 -3035.03 455.373 -39.2147
0 0 1286 53754.5 -3034.85 455.11 -39.0927
0 0 1287 53754.4 -3035.32 455.284 -39.354
0 0 1288 53754.5 -3035.19 455.087 -39.3123
0 0 1289 53754.5 -3034.98 455.463 -39.3219
0 0 1290 53754.7 -3034.96 455.309 -39.3799
0 0 1291 53754.6 -3034.98 455.255 -39.2492
0 0 1292 53754.5 -3035.03 455.417 -39.0506
0 0 1293 53754.5 -3035.25 455.221 -39.1635
0 0 1294 53754.6 -3035.11 455.534 -39.3032
0 0 1295 53754.3 -3034.95 455.012 -39.0644
0 0 1296 53754.4 -3034.89 455.391 -39.502
0 0 1297 53754.2 -3035.24 455.328 -39.0651
0 0 1298 53754.3 -3034.97 455.235 -39.4082
0 0 1299 53754.5 -3035.28 455.337 -39.1924
0 0 1300 53754.5 -3034.96 455.464 -39.0967
0 0 1301 53754.4 -3035.13 455.296 -39.3051
0 0 1302 53754.3 -3035.13 455.117 -39.0338
0 0 1303 53754.4 -3035.18 455.439 -39.1467
0 0 1304 53754.5 -3035.25 455.49 -39.4414
0 0 1305 53754.4 -3035.28 455.327 -39.0853
0 0 1306 53754.4 -3035 455.025 -39.2149
0 0 1307 53754.6 -3035.01 455.289 -39.2911
0 0 1308 53754.5 -3035.22 455.396 -39.2407
0 0 1309 53754.4 -3035.3 455.365 -39.3814
0 0 1310 53754.4 -3034.93 455.553 -39.1626
0 0 1311 53754.8 -3035.11 455.147 -39.1378
0 0 1312 53754.4 -3035.15 455.552 -39.314
0 0 1313 53754.4 -3034.84 455.161 -39.2619
0 0 1314 53754.3 -3035 455.347 -39.2322
0 0 1315 53754.6 -3034.88 455.251 -39.0965
0 0 1316 53754.3 -3034.83 455.303 -39.2847
0 0 1317 53754.5 -3034.94 455.191 -39.2747
0 0 1318 53754.2 -3035.09 455.328 -39.1641
0 0 1319 53754.5 -3035.19 455.445 -38.9179
0 0 1320 53754.5 -3034.74 455.268 -39.2498
0 0 1321 53754.5 -3035.04 455.495 -39.3708
0 0 1322 53754.3 -3035.36 455.358 -39.3857
0 0 1323 53754.4 -3035 455.28 -39.112
0 0 1324 53754.4 -3035.2 455.334 -39.0853
0 0 1325 53754.5 -3035.32 455.409 -39.32
0 0 1326 53754.4 -3035 455.203 -39.2173
0 0 1327 53754.2 -3035.05 455.285 -39.2645
0 0 1328 53754.4 -3035.03 455.205 -39.4707
0 0 1329 53754.4 -3035.18 455.328 -39.1174
0 0 1330 53754.5 -3035.19 455.118 -39.3398
0 0 1331 53754.6 -3035.18 455.319 -39.4582
0 0 1332 53754.6 -3035.05 455.314 -39.1928
0 0 1333 53754.3 -3035.19 455.311 -39.111
0 0 1334 53754.3 -3035.33 455.129 -39.2615
0 0 1335 53754.5 -3035.22 455.474 -39.1407
0 0 1336 53754.2 -3035.01 455.343 -39.2847
0 0 1337 53754.6 -3035.23 455.647 -39.0631
0 0 1338 53754.3 -3034.84 455.249 -39.1856
0 0 1339 53754.4 -3035.32 455.301 -39.2305
0 0 1340 53754.3 -3035.1 455.314 -39.2943
0 0 1341 53754.4 -3034.91 455.039 -39.296
0 0 1342 53754.5 -3035.33 455.059 -39.4178
0 0 1343 53754.7 -3035.48 455.226 -39.1599
0 0 1344 53754.5 -3034.98 455.429 -39.3527
0 0 1345 53754.5 -3035.12 455.564 -39.1871
0 0 1346 53754.5 -3034.93 455.23 -39.0912
0 0 1347 53754.2 -3035.04 455.029 -39.2909
0 0 1348 53754.2 -3034.68 455.407 -39.4471
0 0 1349 53754.4 -3035.22 455.216 -39.2156
0 0 1350 53754.5 -3035.06 455.558 -39.1782
0 0 1351 53754.4 -3035.02 455.351 -39.135
0 0 1352 53754.4 -3035 455.147 -39.3193
0 0 1353 53754.6 -3035.08 455.197 -39.3055
0 0 1354 53754.6 -3035 455.069 -39.4924
0 0 1355 53754.4 -3035.06 455.338 -38.9592
0 0 1356 53754.5 -3035.32 455.316 -39.091
0 0 1357 53754.3 -3035.02 455.516 -39.0491
0 0 1358 53754.7 -3035.36 455.233 -39.341
0 0 1359 53754.3 -3034.98 455.243 -39.0961
0 0 1360 53754.4 -3035.12 455.214 -39.1182
0 0 1361 53754.3 -3035.3 455.242 -39.1157
0 0 1362 53754.8 -3034.97 455.172 -39.2828
0 0 1363 53754.7 -3034.9 455.041 -39.2037
0 0 1364 53754.5 -3035.32 455.32 -39.1271
0 0 1365 53754.6 -3035.33 455.139 -39.1947
0 0 1366 53754.4 -3035.03 455.222 -39.3663
0 0 1367 53754.6 -3035.28 455.07 -39.0818
0 0 1368 53754.5 -3035 455.338 -39.2169
0 0 1369 53754.3 -3035.29 455.277 -39.0753
0 0 1370 53754.4 -3035.08 455.218 -39.2645
0 0 1371 53754.6 -3035.34 455.372 -39.0359
0 0 1372 53754.6 -3034.89 455.382 -39.368
0 0 1373 53754.6 -3035.21 455.263 -39.0623
0 0 1374 53754.6 -3035.26 455.097 -39.3298
0 0 1375 53754.4 -3035.17 455.425 -39.2639
0 0 1376 53754.4 -3035.13 455.397 -39.2481
0 0 1377 53754.3 -3035.1 455.491 -39.3417
0 0 1378 53754.5 -3035.2 455.221 -39.0193
0 0 1379 53754.5 -3035.17 455.38 -39.4103
0 0 1380 53754.6 -3035.33 455.536 -39.2143
0 0 1381 53754.6 -3035.09 455.482 -39.1573
0 0 1382 53754.3 -3035.16 455.259 -39.166
0 0 1383 53754.3 -3035.04 455.244 -39.1656
0 0 1384 53754.4 -3035.05 455.579 -39.1503
0 0 1385 53754.5 -3035.11 455.563 -39.2896
0 0 1386 53754.6 -3035.25 455.389 -39.2266
0 0 1387 53754.3 -3035.03 455.436 -39.2509
0 0 1388 53754.3 -3034.95 455.312 -39.1784
0 0 1389 53754.3 -3035.12 455.474 -39.4367
0 0 1390 53754.4 -3034.97 455.236 -39.1786
0 0 1391 53754.6 -3035.28 455.235 -39.2013
0 0 1392 53754.4 -3035.18 455.349 -39.2128
0 0 1393 53754.6 -3035.28 455.195 -39.2496
0 0 1394 53754.3 -3034.98 455.45 -39.3227
0 0 1395 53754.2 -3034.83 455.249 -39.3287
0 0 1396 53754.7 -3035.21 455.252 -39.4444
0 0 1397 53754.2 -3035.03 455.053 -39.2254
0 0 1398 53754.6 -3035.18 455.248 -39.2564
0 0 1399 53754.2 -3035.11 455.349 -39.0485
0 0 1400 53754.3 -3035.24 455.166 -39.4699
0 0 1401 53754.4 -3035.04 455.234 -39.304
0 0 1402 53754.4 -3035.19 455.374 -39.287
0 0 1403 53754.5 -3035.18 455.226 -39.3361
0 0 1404 53754.3 -3034.87 455.179 -39.2519
0 0 1405 53754.4 -3035.21 455.187 -39.2179
0 0 1406 53754.5 -3035.09 455.43 -39.1928
0 0 1407 53754.4 -3035.29 455.224 -39.0986
0 0 1408 53754.5 -3035.02 455.53 -39.5069
0 0 1409 53754.6 -3035.41 455.36 -39.4652
0 0 1410 53754.4 -3035.21 455.03 -39.3085
0 0 1411 53754.7 -3035.2 455.388 -39.3357
0 0 1412 53754.7 -3035.03 455.184 -39.2851
0 0 1413 53754.6 -3035 455.293 -39.1384
0 0 1414 53754.4 -3034.91 455.175 -39.0268
0 0 1415 53754.5 -3035 455.314 -39.2832
0 0 1416 53754.5 -3035.2 455.107 -39.1646
0 0 1417 53754.3 -3035.22 455.163 -39.4882
0 0 1418 53754.5 -3034.93 455.28 -39.0787
0 0 1419 53754.6 -3035.36 455.12 -39.2787
0 0 1420 53754.5 -3035.13 455.268 -39.1512
0 0 1421 53754.6 -3035.13 455.365 -39.5641
0 0 1422 53754.7 -3035.15 455.101 -39.2507
0 0 1423 53754.5 -3034.97 455.438 -39.1446
0 0 1424 53754.4 -3035.38 455.258 -39.1711
0 0 1425 53754.6 -3035.19 455.235 -39.1741
0 0 1426 53754.4 -3035.17 455.397 -39.0283
0 0 1427 53754.5 -3035.21 455.238 -39.2577
0 0 1428 53754.3 -3035.13 455.535 -39.2124
0 0 1429 53754.7 -3035.13 455.394 -38.9874
0 0 1430 53754.5 -3034.76 455.439 -39.3036
0 0 1431 53754.6 -3034.88 455.224 -39.2079
0 0 1432 53754.5 -3035.26 455.273 -39.3434
0 0 1433 53754.4 -3035.25 455.113 -39.1286
0 0 1434 53754.5 -3034.89 455.353 -39.1127
0 0 1435 53754.4 -3035.12 455.173 -39.4933
0 0 1436 53754.5 -3035.22 455.284 -38.9936
0 0 1437 53754.7 -3035.14 455.203 -39.1816
0 0 1438 53754.2 -3035.21 455.299 -39.0914
0 0 1439 53754.6 -3034.78 455.503 -39.2385
0 0 1440 53754.4 -3035.01 455.397 -39.28
0 0 1441 53754.3 -3034.76 455.276 -39.1571
0 0 1442 53754.5 -3035.03 455.308 -39.0349
0 0 1443 53754.4 -3035.19 455.114 -39.2201
0 0 1444 53754.6 -3035.01 455.437 -39.3497
0 0 1445 53754.6 -3035.1 455.563 -39.0818
0 0 1446 53754.3 -3034.74 455.204 -39.0059
0 0 1447 53754.4 -3035.09 455.171 -39.4031
0 0 1448 53754.4 -3035 455.434 -39.149
0 0 1449 53754.5 -3035.15 455.141 -39.0918
0 0 1450 53754.3 -3035.09 455.043 -39.3504
0 0 1451 53754.5 -3035.15 455.323 -39.3121
0 0 1452 53754.8 -3035.15 455.233 -38.9132
0 0 1453 53754.5 -3035.37 455.252 -39.3876
0 0 1454 53754.6 -3035.11 455.359 -39.1197
0 0 1455 53754.6 -3035.3 455.197 -39.2562
0 0 1456 53754.5 -3034.95 455.315 -39.2488
0 0 1457 53754.3 -3035.29 455.33 -39.1639
0 0 1458 53754.4 -3035.06 455.232 -39.2488
0 0 1459 53754.6 -3035.2 455.268 -39.3591
0 0 1460 53754.5 -3035.21 455.325 -39.1018
0 0 1461 53754.6 -3034.94 455.379 -39.23
0 0 1462 53754.5 -3035.08 455.566 -39.2611
0 0 1463 53754.4 -3035.09 455.473 -39.2962
0 0 1464 53754.6 -3035.06 455.254 -39.314
0 0 1465 53754.6 -3035.18 455.228 -39.0089
0 0 1466 53754.5 -3035.1 455.421 -39.0291
0 0 1467 53754.3 -3034.98 455.497 -39.0432
0 0 1468 53754.7 -3035.03 455.235 -39.384
0 0 1469 53754.6 -3035.06 455.339 -39.0986
0 0 1470 53754.4 -3035.14 455.277 -39.0908
0 0 1471 53754.5 -3035.05 455.506 -39.3255
0 0 1472 53754.5 -3035.14 455.202 -39.1958
0 0 1473 53754.5 -3035.17 455.294 -39.195
0 0 1474 53754.6 -3034.8 455.131 -39.4467
0 0 1475 53754.4 -3035.19 455.098 -39.3587
0 0 1476 53754.4 -3035.05 455.356 -39.1471
0 0 1477 53754.5 -3034.96 455.376 -39.2462
0 0 1478 53754.5 -3035.16 455.377 -39.2016
0 0 1479 53754.3 -3035.09 455.335 -39.2252
0 0 1480 53754.7 -3035.39 455.261 -38.92
0 0 1481 53754.4 -3035.19 455.187 -39.5398
0 0 1482 53754.4 -3035.18 455.246 -39.3663
0 0 1483 53754.5 -3035.25 455.474 -39.2149
0 0 1484 53754.6 -3034.88 455.529 -39.1786
0 0 1485 53754.6 -3035.01 455.145 -39.4295
0 0 1486 53754.6 -3035.17 455.105 -39.3993
0 0 1487 53754.3 -3035.04 455.344 -39.4782
0 0 1488 53754.5 -3035.08 455.245 -39.2445
0 0 1489 53754.5 -3034.88 455.297 -39.0791
0 0 1490 53754.5 -3035.1 455.239 -39.1588
0 0 1491 53754.1 -3035.12 455.427 -39.4463
0 0 1492 53754.6 -3034.95 455.305 -39.2634
0 0 1493 53754.4 -3034.84 455.424 -39.085
0 0 1494 53754.5 -3035.01 455.22 -38.9215
0 0 1495 53754.4 -3034.89 455.179 -39.1716
0 0 1496 53754.4 -3034.8 455.147 -39.2772
0 0 1497 53754.3 -3035.09 455.145 -39.172
0 0 1498 53754.3 -3035.23 455.283 -39.2334
0 0 1499 53754.4 -3035.24 455.138 -39.0778
0 0 1500 53754.6 -3035.25 455.37 -39.2626
0 0 1501 53754.5 -3035.24 455.347 -39.1475
0 0 1502 53754.5 -3035.15 455.341 -39.1558
0 0 1503 53754.7 -3035.01 455.187 -39.003
0 0 1504 53754.6 -3034.79 455.392 -39.3053
0 0 1505 53754.4 -3035.11 455.252 -39.3989
0 0 1506 53754.5 -3035.14 455.268 -39.2932
0 0 1507 53754.2 -3035.17 455.396 -39.1314
0 0 1508 53754.4 -3035.1 455.283 -39.3174
0 0 1509 53754.3 -3034.85 455.266 -39.1788
0 0 1510 53754.4 -3034.92 455.514 -39.0034
0 0 1511 53754.4 -3034.97 455.198 -39.4254
0 0 1512 53754.5 -3035.14 455.276 -39.1318
0 0 1513 53754.5 -3035.37 455.415 -39.213
0 0 1514 53754.6 -3035.18 455.259 -39.3733
0 0 1515 53754.4 -3035.25 455.237 -39.3617
0 0 1516 53754.5 -3035.08 455.208 -39.2609
0 0 1517 53754.7 -3035.35 455.576 -39.3755
0 0 1518 53754.6 -3035.05 455.24 -39.1325
0 0 1519 53754.5 -3034.94 455.345 -39.0191
0 0 1520 53754.8 -3035.19 455.601 -39.2437
0 0 1521 53754.4 -3034.99 455.368 -39.0438
0 0 1522 53754.6 -3035.12 455.465 -39.4042
0 0 1523 53754.5 -3035.13 455.377 -39.2734
0 0 1524 53754.3 -3035.04 455.602 -39.4373
0 0 1525 53754.3 -3035.19 455.474 -39.2258
0 0 1526 53754.6 -3035.16 455.408 -39.0264
0 0 1527 53754.6 -3035.2 455.25 -39.2441
0 0 1528 53754.4 -3035.18 455.233 -39.3836
0 0 1529 53754.3 -3034.8 455.433 -39.1794
0 0 1530 53754.3 -3034.93 455.247 -39.1335
0 0 1531 53754.9 -3035.19 455.489 -39.0714
0 0 1532 53754.5 -3035.09 455.482 -39.1539
0 0 1533 53754.7 -3035.17 455.366 -39.2528
0 0 1534 53754.4 -3034.94 455.393 -39.2488
0 0 1535 53754.5 -3034.69 455.129 -39.0668
0 0 1536 53754.9 -3035.38 455.193 -39.2874
0 0 1537 53754.7 -3034.69 455.514 -39.1677
0 0 1538 53754.5 -3035.09 455.222 -39.2371
0 0 1539 53754.5 -3034.87 455.39 -39.3648
0 0 1540 53754.7 -3034.86 455.582 -39.1631
0 0 1541 53754.3 -3035.07 455.285 -39.178
0 0 1542 53754.6 -3034.96 455.396 -39.1833
0 0 1543 53754.5 -3035.03 455.529 -39.2524
0 0 1544 53754.4 -3034.97 455.343 -39.1461
0 0 1545 53754.8 -3035.25 455.318 -39.1797
0 0 1546 53754.7 -3035.29 455.456 -39.1235
0 0 1547 53754.7 -3035.12 455.349 -39.1918
0 0 1548 53754.7 -3035.12 455.355 -39.0989
0 0 1549 53754.7 -3035.22 455.123 -39.0446
0 0 1550 53754.6 -3035.04 455.448 -39.1193
0 0 1551 53754.4 -3034.85 455.439 -39.2621
0 0 1552 53754.5 -3034.92 455.236 -39.2543
0 0 1553 53754.6 -3035.16 455.261 -38.9009
0 0 1554 53754.6 -3035 455.257 -39.2407
0 0 1555 53754.4 -3035.26 455.506 -39.3217
0 0 1556 53754.5 -3035.03 455.533 -39.0927
0 0 1557 53754.5 -3034.73 455.207 -39.0982
0 0 1558 53754.7 -3034.75 455.435 -38.9173
0 0 1559 53754.6 -3035 455.4 -39.1771
0 0 1560 53754.7 -3034.96 455.393 -39.2158
0 0 1561 53754.6 -3034.98 455.228 -39.1108
0 0 1562 53754.6 -3035.01 455.46 -39.1548
0 0 1563 53754.7 -3035.16 455.376 -39.276
0 0 1564 53754.8 -3034.74 455.42 -39.0036
0 0 1565 53754.6 -3035.01 455.238 -39.0308
0 0 1566 53754.8 -3034.74 455.367 -39.1671
0 0 1567 53754.5 -3034.66 455.09 -39.2154
0 0 1568 53754.8 -3034.9 455.359 -39.2845
0 0 1569 53754.6 -3035.02 455.198 -39.1235
0 0 1570 53754.8 -3034.93 455.271 -39.2111
0 0 1571 53754.7 -3035.22 455.475 -39.2802
0 0 1572 53754.2 -3034.7 455.326 -38.9281
0 0 1573 53754.6 -3034.78 455.635 -39.2702
0 0 1574 53754.8 -3034.76 455.478 -39.2668
0 0 1575 53754.6 -3034.94 455.584 -39.074
0 0 1576 53755 -3034.78 455.497 -39.1418
0 0 1577 53754.5 -3034.83 455.314 -39.3504
0 0 1578 53754.8 -3034.97 455.555 -39.3238
0 0 1579 53754.8 -3035.13 455.434 -39.1089
0 0 1580 53754.8 -3034.9 455.145 -39.0661
0 0 1581 53754.9 -3034.88 455.487 -38.9579
0 0 1582 53754.7 -3035.07 455.345 -39.0982
0 0 1583 53754.6 -3034.88 455.387 -39.0091
0 0 1584 53755 -3034.94 455.518 -38.9783
0 0 1585 53754.8 -3034.75 455.289 -39.0933
0 0 1586 53754.9 -3034.82 455.326 -38.8943
0 0 1587 53754.6 -3034.7 455.222 -39.0397
0 0 1588 53754.9 -3034.99 455.435 -39.0859
0 0 1589 53754.8 -3034.83 455.545 -39.0087
0 0 1590 53754.9 -3034.84 455.276 -39.021
0 0 1591 53755.1 -3035.03 455.414 -39.0427
0 0 1592 53754.7 -3034.71 455.454 -38.9524
0 0 1593 53754.7 -3034.67 455.545 -38.8216
0 0 1594 53754.6 -3034.85 455.44 -39.1888
0 0 1595 53754.7 -3034.75 455.359 -39.1884
0 0 1596 53755 -3034.76 455.288 -38.9028
0 0 1597 53754.9 -3034.62 455.42 -38.9662
0 0 1598 53754.9 -3034.96 455.479 -39.1348
0 0 1599 53754.8 -3034.85 455.45 -38.8482
0 0 1600 53754.5 -3034.82 455.422 -38.9651
0 0 1601 53754.7 -3035.04 455.475 -38.9966
0 0 1602 53754.6 -3034.87 455.587 -39.1033
0 0 1603 53755 -3034.67 455.449 -39.0621
0 0 1604 53755.1 -3035.08 455.607 -39.0908
0 0 1605 53754.8 -3034.9 455.727 -39.0189
0 0 1606 53754.7 -3034.75 455.559 -38.8069
0 0 1607 53754.8 -3034.83 455.674 -38.8654
0 0 1608 53755.1 -3034.75 455.489 -39.0461
0 0 1609 53754.9 -3034.88 455.423 -39.1386
0 0 1610 53754.9 -3034.74 455.397 -38.9853
0 0 1611 53755.1 -3034.77 455.422 -39.2983
0 0 1612 53754.8 -3034.66 455.145 -38.9417
0 0 1613 53754.6 -3034.85 455.346 -39.091
0 0 1614 53754.9 -3034.79 455.187 -39.1631
0 0 1615 53754.8 -3034.78 455.556 -38.8899
0 0 1616 53754.8 -3034.81 455.636 -38.7984
0 0 1617 53754.9 -3034.71 455.575 -39.2232
0 0 1618 53755 -3034.54 455.417 -38.97
0 0 1619 53754.8 -3034.78 455.357 -39.3236
0 0 1620 53754.8 -3034.83 455.418 -39.071
0 0 1621 53755.2 -3034.87 455.557 -38.9749
0 0 1622 53754.9 -3034.8 455.676 -39.0185
0 0 1623 53754.9 -3034.7 455.43 -39.1086
0 0 1624 53754.9 -3034.75 455.578 -38.9366
0 0 1625 53754.8 -3034.8 455.437 -39.0025
0 0 1626 53755.1 -3035.03 455.491 -39.0538
0 0 1627 53754.9 -3034.99 455.293 -39.1271
0 0 1628 53755.1 -3034.84 455.514 -38.9113
0 0 1629 53755.2 -3034.72 455.468 -38.9641
0 0 1630 53754.9 -3034.73 455.527 -38.865
0 0 1631 53754.8 -3034.69 455.679 -39.0391
0 0 1632 53755 -3034.98 455.493 -39.1295
0 0 1633 53754.9 -3034.8 455.519 -39.0417
0 0 1634 53755 -3034.8 455.297 -39.0281
0 0 1635 53755 -3034.97 455.427 -38.8146
0 0 1636 53754.6 -3035.03 455.409 -39.0972
0 0 1637 53755.1 -3034.62 455.411 -39.1465
0 0 1638 53755.1 -3034.57 455.418 -38.768
0 0 1639 53755.1 -3034.81 455.602 -39.2741
0 0 1640 53755 -3034.8 455.384 -38.9196
0 0 1641 53754.8 -3034.88 455.5 -38.9343
0 0 1642 53755.1 -3034.98 455.315 -39.0236
0 0 1643 53754.7 -3034.85 455.379 -39.1458
0 0 1644 53755 -3035.27 455.553 -38.9868
0 0 1645 53755 -3034.76 455.36 -38.8427
0 0 1646 53754.9 -3034.78 455.517 -38.893
0 0 1647 53755 -3034.61 455.352 -39.0278
0 0 1648 53754.9 -3034.74 455.681 -38.7653
0 0 1649 53755.1 -3035.05 455.374 -38.9251
0 0 1650 53755 -3035 455.649 -39.2088
0 0 1651 53754.9 -3034.91 455.449 -39.1614
0 0 1652 53755 -3034.97 455.394 -38.9945
0 0 1653 53755.3 -3034.72 455.369 -39.1307
0 0 1654 53755.1 -3034.67 455.75 -38.7861
0 0 1655 53755 -3034.92 455.328 -39.0208
0 0 1656 53754.9 -3034.97 455.261 -39.269
0 0 1657 53755.1 -3035 455.356 -39.1348
0 0 1658 53754.9 -3035.07 455.328 -38.683
0 0 1659 53755 -3034.96 455.705 -39.017
0 0 1660 53755 -3034.88 455.169 -39.3008
0 0 1661 53755 -3034.96 455.452 -39.2649
0 0 1662 53755 -3034.98 455.548 -39.0721
0 0 1663 53755 -3034.8 455.583 -38.9517
0 0 1664 53755.1 -3035 455.343 -39.1488
0 0 1665 53754.9 -3035.03 455.639 -39.0704
0 0 1666 53755.1 -3034.83 455.421 -39.1006
0 0 1667 53754.9 -3035.01 455.36 -39.1201
0 0 1668 53754.9 -3035.02 455.535 -38.8879
0 0 1669 53755.1 -3034.75 455.524 -38.92
0 0 1670 53754.9 -3035.07 455.53 -39.0591
0 0 1671 53755.1 -3035.01 455.405 -39.2426
0 0 1672 53754.8 -3034.78 455.179 -38.7982
0 0 1673 53755.1 -3034.84 455.37 -39.0312
0 0 1674 53755.2 -3034.86 455.38 -39.1441
0 0 1675 53755 -3034.83 455.553 -39.0085
0 0 1676 53755.1 -3035 455.446 -39.1261
0 0 1677 53755.2 -3034.92 455.314 -39.1114
0 0 1678 53754.9 -3035.03 455.563 -39.1684
0 0 1679 53754.9 -3034.76 455.34 -39.1856
0 0 1680 53754.8 -3034.9 455.463 -38.9694
0 0 1681 53755.2 -3034.91 455.483 -38.9685
0 0 1682 53754.8 -3034.7 455.332 -38.9381
0 0 1683 53755.1 -3035.01 455.472 -39.2424
0 0 1684 53755 -3035.16 455.637 -39.0961
0 0 1685 53754.9 -3034.93 455.653 -39.0821
0 0 1686 53755 -3034.91 455.365 -39.0986
0 0 1687 53755.1 -3035.15 455.504 -39.2872
0 0 1688 53755 -3034.88 455.519 -38.9668
0 0 1689 53754.9 -3034.84 455.478 -39.1565
0 0 1690 53755.2 -3034.98 455.438 -39.2441
0 0 1691 53755.2 -3034.99 455.413 -38.8588
0 0 1692 53754.9 -3034.92 455.443 -39.1788
0 0 1693 53755 -3035.1 455.44 -38.6985
0 0 1694 53754.9 -3034.82 455.476 -39.0657
0 0 1695 53755.1 -3034.77 455.732 -38.9864
0 0 1696 53754.7 -3034.99 455.387 -39.122
0 0 1697 53755.1 -3034.85 455.313 -39.1422
0 0 1698 53754.8 -3035.18 455.603 -39.1327
0 0 1699 53754.9 -3034.88 455.47 -39.0159
0 0 1700 53754.9 -3035.03 455.31 -39.1203
0 0 1701 53754.8 -3034.85 455.422 -38.8752
0 0 1702 53755.1 -3035.02 455.351 -39.0032
0 0 1703 53755 -3034.9 455.615 -38.9047
0 0 1704 53754.9 -3034.97 455.503 -39.0578
0 0 1705 53754.9 -3035.15 455.314 -39.0774
0 0 1706 53755 -3035 455.152 -39.2201
0 0 1707 53754.9 -3035.19 455.29 -39.0412
0 0 1708 53755 -3035.1 455.406 -39.0631
0 0 1709 53755 -3035.21 455.668 -39.1361
0 0 1710 53754.8 -3035.05 455.431 -38.9453
0 0 1711 53755.1 -3035.28 455.458 -39.138
0 0 1712 53754.9 -3034.92 455.459 -38.9724
0 0 1713 53755 -3034.84 455.621 -39.0204
0 0 1714 53755.1 -3035.05 455.386 -39.2249
0 0 1715 53754.8 -3034.9 455.578 -39.1488
0 0 1716 53755.1 -3035.16 455.364 -38.9298
0 0 1717 53754.9 -3034.93 455.828 -39.112
0 0 1718 53754.6 -3035.37 455.443 -39.1943
0 0 1719 53754.9 -3034.76 455.536 -39.0759
0 0 1720 53755 -3035.05 455.369 -39.1235
0 0 1721 53755 -3035.14 455.573 -39.0993
0 0 1722 53754.9 -3034.77 455.543 -39.1125
0 0 1723 53754.8 -3035.17 455.228 -39.4059
0 0 1724 53754.8 -3035 455.519 -39.4055
0 0 1725 53754.8 -3035.01 455.495 -38.8716
0 0 1726 53755 -3034.97 455.476 -38.9709
0 0 1727 53755 -3034.85 455.369 -39.3672
0 0 1728 53754.8 -3034.97 455.437 -39.1626
0 0 1729 53754.9 -3034.72 455.163 -39.1116
0 0 1730 53754.7 -3035.08 455.313 -39.4852
0 0 1731 53754.7 -3034.97 455.47 -39.0908
0 0 1732 53754.8 -3034.93 455.352 -39.2196
0 0 1733 53754.8 -3034.94 455.379 -39.2139
0 0 1734 53754.7 -3035.22 455.428 -39.0232
0 0 1735 53754.9 -3035.1 455.485 -39.1624
0 0 1736 53755 -3035.09 455.4 -39.3162
0 0 1737 53754.9 -3034.92 455.143 -39.4631
0 0 1738 53755 -3035.08 455.173 -39.0797
0 0 1739 53754.8 -3035.18 455.3 -39.2132
0 0 1740 53754.8 -3035.28 455.428 -39.3119
0 0 1741 53754.9 -3034.89 455.654 -39.4057
0 0 1742 53754.8 -3035.26 455.208 -39.2564
0 0 1743 53754.8 -3034.94 455.486 -38.9362
0 0 1744 53754.6 -3035.17 455.143 -39.1478
0 0 1745 53754.7 -3035.05 455.365 -39.0336
0 0 1746 53754.7 -3034.99 455.535 -39.0493
0 0 1747 53754.9 -3034.92 455.257 -39.2592
0 0 1748 53754.6 -3035.03 455.35 -39.1016
0 0 1749 53754.9 -3034.8 455.141 -39.0831
0 0 1750 53754.7 -3035.17 455.44 -39.2086
0 0 1751 53754.7 -3035.16 455.449 -39.277
0 0 1752 53754.6 -3034.93 455.46 -38.8737
0 0 1753 53754.7 -3034.92 455.397 -39.3474
0 0 1754 53754.8 -3035.19 455.256 -39.2749
0 0 1755 53754.6 -3035.32 455.231 -39.4012
0 0 1756 53754.7 -3035.1 455.196 -39.3008
0 0 1757 53754.7 -3035.11 455.263 -39.138
0 0 1758 53754.7 -3034.92 455.42 -39.0183
0 0 1759 53754.7 -3035.22 455.263 -39.0672
0 0 1760 53754.8 -3034.97 455.355 -39.2626
0 0 1761 53754.8 -3034.97 455.41 -39.1537
0 0 1762 53755 -3035 455.24 -39.112
0 0 1763 53754.6 -3035.12 455.3 -39.3876
0 0 1764 53754.6 -3035.18 455.567 -39.1093
0 0 1765 53754.7 -3035.08 455.343 -38.8841
0 0 1766 53754.6 -3034.9 455.574 -39.394
0 0 1767 53754.7 -3035.29 455.327 -39.1665
0 0 1768 53754.6 -3034.92 455.479 -39.061
0 0 1769 53754.6 -3034.99 455.255 -39.1299
0 0 1770 53754.7 -3034.98 455.117 -39.0725
0 0 1771 53754.5 -3035.16 455.489 -39.2237
0 0 1772 53754.8 -3035.4 455.698 -39.168
0 0 1773 53754.7 -3035.26 455.295 -39.5658
0 0 1774 53754.6 -3035.03 455.302 -39.2292
0 0 1775 53754.8 -3034.97 455.439 -39.0634
0 0 1776 53754.6 -3035.13 455.427 -39.2281
0 0 1777 53754.7 -3035.36 455.261 -39.5213
0 0 1778 53754.7 -3034.98 455.172 -39.0187
0 0 1779 53754.6 -3034.92 455.241 -39.1797
0 0 1780 53754.7 -3035.03 455.554 -39.3536
0 0 1781 53754.8 -3035.24 455.555 -39.1822
0 0 1782 53754.5 -3034.98 455.363 -39.4263
0 0 1783 53754.6 -3034.98 455.324 -39.2347
0 0 1784 53754.8 -3035.04 455.231 -39.0459
0 0 1785 53754.7 -3035.03 455.57 -39.2617
0 0 1786 53754.5 -3035.07 455.254 -39.0536
0 0 1787 53754.5 -3034.78 455.305 -39.0646
0 0 1788 53754.8 -3034.85 455.136 -39.0944
0 0 1789 53754.4 -3035.06 455.502 -39.3659
0 0 1790 53754.5 -3035.12 455.37 -39.1526
0 0 1791 53754.6 -3035.11 455.502 -39.3149
0 0 1792 53754.7 -3035.14 455.369 -39.213
0 0 1793 53754.4 -3034.75 455.216 -39.1286
0 0 1794 53754.5 -3034.99 455.332 -39.0548
0 0 1795 53754.7 -3035.28 455.546 -39.2566
0 0 1796 53754.6 -3035.04 455.266 -39.1977
0 0 1797 53754.7 -3034.98 455.176 -39.0952
0 0 1798 53754.6 -3035.17 454.981 -39.3213
0 0 1799 53754.5 -3035.1 455.526 -39.3147
0 0 1800 53754.6 -3035.23 455.167 -39.037
0 0 1801 53754.3 -3035.19 454.937 -39.4977
0 0 1802 53754.7 -3034.93 455.176 -39.2056
0 0 1803 53754.6 -3035.19 455.085 -39.2375
0 0 1804 53754.6 -3034.97 455.17 -39.2915
0 0 1805 53754.7 -3035.01 455.651 -39.0767
0 0 1806 53754.4 -3035.22 455.334 -39.2047
0 0 1807 53754.4 -3034.98 455.316 -39.1437
0 0 1808 53754.4 -3035.07 455.189 -39.0121
0 0 1809 53754.4 -3035.15 455.378 -39.229
0 0 1810 53754.5 -3035.06 455.231 -39.0527
0 0 1811 53754.6 -3035.23 455.325 -39.2107
0 0 1812 53754.8 -3035.03 455.428 -39.199
0 0 1813 53754.4 -3035.19 455.21 -39.1811
0 0 1814 53754.6 -3035.19 455.365 -38.8484
0 0 1815 53754.4 -3035.17 455.464 -39.1142
0 0 1816 53754.4 -3035.2 455.371 -39.2777
0 0 1817 53754.2 -3035.19 455.211 -39.1191
0 0 1818 53754.7 -3034.96 455.298 -39.0689
0 0 1819 53754.4 -3035.11 455.317 -39.1516
0 0 1820 53754.3 -3034.83 455.38 -39.1125
0 0 1821 53754.7 -3034.99 455.287 -39.2292
0 0 1822 53754.4 -3035.13 454.993 -39.2821
0 0 1823 53754.3 -3034.98 455.056 -39.0961
0 0 1824 53754.4 -3035.14 455.425 -39.3238
0 0 1825 53754.6 -3034.95 455.29 -39.2024
0 0 1826 53754.6 -3035.14 455.247 -39.2205
0 0 1827 53754.6 -3035.27 455.298 -39.23
0 0 1828 53754.6 -3035.01 455.722 -39.31
0 0 1829 53754.6 -3035.14 455.235 -38.984
0 0 1830 53754.7 -3035.09 455.086 -39.1014
0 0 1831 53754.6 -3035.08 455.47 -39.1652
0 0 1832 53754.2 -3034.78 455.43 -39.2094
0 0 1833 53754.5 -3035.24 455.388 -39.0653
0 0 1834 53754.7 -3035.2 455.482 -39.35
0 0 1835 53754.6 -3035.18 455.389 -39.2037
0 0 1836 53754.4 -3035.1 455.598 -39.1416
0 0 1837 53754.3 -3035.01 455.381 -39.2962
0 0 1838 53754.6 -3034.93 455.335 -39.367
0 0 1839 53754.2 -3034.94 455.479 -39.3901
0 0 1840 53754.5 -3034.96 455.4 -39.0132
0 0 1841 53754.5 -3035.28 455.245 -39.3833
0 0 1842 53754.3 -3035.09 455.348 -39.2343
0 0 1843 53754.6 -3035.06 455.29 -38.9804
0 0 1844 53754.4 -3035.15 454.788 -39.4195
0 0 1845 53754.4 -3035.19 455.409 -39.29
0 0 1846 53754.5 -3035.28 455.318 -39.2115
0 0 1847 53754.7 -3035.14 455.341 -39.3589
0 0 1848 53754.4 -3035.12 455.349 -39.2028
0 0 1849 53754.4 -3035.08 455.415 -39.5022
0 0 1850 53754.4 -3035.22 455.596 -39.1303
0 0 1851 53754.7 -3035.26 455.476 -39.2343
0 0 1852 53754.4 -3035.17 455.171 -39.0176
0 0 1853 53754.4 -3035.13 455.141 -39.2488
0 0 1854 53754.8 -3035.35 454.93 -39.294
0 0 1855 53754.2 -3035.16 455.31 -39.3861
0 0 1856 53754.2 -3035.32 455.057 -39.1916
0 0 1857 53754.5 -3035.22 455.187 -39.451
0 0 1858 53754.7 -3035.55 455.163 -39.3551
0 0 1859 53754.5 -3035.21 455.219 -39.1084
0 0 1860 53754.4 -3035.02 455.264 -39.2713
0 0 1861 53754.4 -3035.18 455.423 -39.1169
0 0 1862 53754.5 -3035.21 455.464 -39.4743
0 0 1863 53754.5 -3035.15 455.268 -39.1157
0 0 1864 53754.4 -3035.1 455.203 -39.3074
0 0 1865 53754.4 -3035.03 455.17 -39.1191
0 0 1866 53754.8 -3035.3 455.097 -39.253
0 0 1867 53754.7 -3035.31 455.371 -39.4954
0 0 1868 53754.3 -3035.15 455.361 -39.4103
0 0 1869 53754.3 -3034.82 455.378 -39.1095
0 0 1870 53754.4 -3035 455.312 -38.8176
0 0 1871 53754.5 -3034.82 455.434 -39.5062
0 0 1872 53754.6 -3035.1 455.239 -38.9792
0 0 1873 53754.5 -3035.01 455.191 -39.3204
0 0 1874 53754.4 -3035.19 455.019 -39.5307
0 0 1875 53754.6 -3035.09 455.327 -39.2707
0 0 1876 53754.4 -3035.21 455.584 -39.3821
0 0 1877 53754.8 -3035.16 455.157 -39.1999
0 0 1878 53754.5 -3034.99 455.097 -39.2239
0 0 1879 53754.4 -3035.09 455.208 -39.4899
0 0 1880 53754.3 -3035.02 455.539 -39.0232
0 0 1881 53754.5 -3034.97 455.138 -39.4437
0 0 1882 53754.4 -3035.22 455.228 -39.3325
0 0 1883 53754.3 -3035.29 455.318 -39.3276
0 0 1884 53754.5 -3035.1 455.433 -39.0402
0 0 1885 53754.8 -3035 455.3 -39.1818
0 0 1886 53754.3 -3035.19 455.403 -39.287
0 0 1887 53754.5 -3035.11 455.151 -39.2556
0 0 1888 53754.3 -3035.11 455.344 -39.078
0 0 1889 53754.4 -3035.24 455.29 -39.0676
0 0 1890 53754.9 -3035.21 455.453 -38.9485
0 0 1891 53754.7 -3035.22 455.405 -39.0427
0 0 1892 53754.3 -3034.94 455.282 -39.2519
0 0 1893 53754.4 -3034.96 455.167 -39.3466
0 0 1894 53754.5 -3035.16 455.215 -39.4365
0 0 1895 53754.6 -3035.19 455.075 -39.0931
0 0 1896 53754.3 -3035.13 455.462 -39.0417
0 0 1897 53754.6 -3035.25 455.166 -39.1152
0 0 1898 53754.5 -3035.1 455.7 -39.1533
0 0 1899 53754.4 -3035.21 455.355 -39.2005
0 0 1900 53754.4 -3035.27 455.213 -39.2298
0 0 1901 53754.5 -3035.24 455.43 -39.3631
0 0 1902 53754.6 -3035.33 455.409 -39.2069
0 0 1903 53754.3 -3035.2 455.244 -39.1384
0 0 1904 53754.3 -3035.04 455.096 -39.1114
0 0 1905 53754.4 -3035.21 455.34 -39.1799
0 0 1906 53754.4 -3035.12 455.421 -39.1199
0 0 1907 53754.9 -3034.82 455.367 -39.1694
0 0 1908 53754.6 -3034.92 455.062 -39.2237
0 0 1909 53754.3 -3035.14 455.295 -39.303
0 0 1910 53754.5 -3035.42 455.03 -39.3142
0 0 1911 53754.5 -3035.34 455.257 -39.2953
0 0 1912 53754.4 -3035.43 455.13 -39.1127
0 0 1913 53754.6 -3035 455.185 -39.1982
0 0 1914 53754.3 -3035.07 455.462 -39.1227
0 0 1915 53754.6 -3035.11 455.408 -39.425
0 0 1916 53754.8 -3035.06 455.273 -39.4452
0 0 1917 53754.6 -3035.27 454.943 -38.8646
0 0 1918 53754.6 -3035.08 455.389 -39.3393
0 0 1919 53754.4 -3035.06 455.425 -39.2237
0 0 1920 53754.5 -3035.13 455.215 -39.28
0 0 1921 53754.7 -3035.08 455.424 -39.1801
0 0 1922 53754.6 -3035.19 455.268 -39.0676
0 0 1923 53754.6 -3035.2 455.379 -39.3155
0 0 1924 53754.4 -3035.12 455.554 -39.1456
0 0 1925 53754.6 -3035.26 455.093 -39.3455
0 0 1926 53754.4 -3035.2 455.405 -39.2371
0 0 1927 53754.5 -3035.11 455.349 -39.4284
0 0 1928 53754.7 -3035.03 455.293 -39.0691
0 0 1929 53754.4 -3035.22 455.247 -39.1333
0 0 1930 53754.8 -3035.43 455.418 -39.179
0 0 1931 53754.5 -3035.02 455.233 -39.2069
0 0 1932 53754.7 -3034.94 455.281 -39.3844
0 0 1933 53754.3 -3035.08 455.045 -39.4076
0 0 1934 53754.7 -3035.16 455.173 -39.1756
0 0 1935 53754.6 -3035.18 455.592 -39.2164
0 0 1936 53754.6 -3035 455.19 -39.1023
0 0 1937 53754.5 -3035.14 455.115 -39.3676
0 0 1938 53754.6 -3035.14 455.257 -39.3249
0 0 1939 53754.5 -3035.07 455.19 -39.3068
0 0 1940 53754.6 -3034.65 455.168 -39.0493
0 0 1941 53754.5 -3035.3 455.293 -39.2094
0 0 1942 53754.4 -3034.92 455.153 -39.1726
0 0 1943 53754.6 -3035.06 455.094 -39.1618
0 0 1944 53754.8 -3035.15 455.028 -39.2247
0 0 1945 53754.7 -3035.01 455.378 -39.2707
0 0 1946 53754.9 -3035.14 455.374 -39.141
0 0 1947 53754.6 -3035.07 455.351 -39.2466
0 0 1948 53754.7 -3034.91 455.418 -39.2581
0 0 1949 53754.6 -3034.95 455.528 -39.0257
0 0 1950 53754.7 -3035.16 455.366 -39.1739
0 0 1951 53754.8 -3034.83 455.11 -39.2292
0 0 1952 53754.7 -3035.06 455.179 -39.1463
0 0 1953 53754.6 -3035.25 455.418 -39.0938
0 0 1954 53754.7 -3035 455.381 -39.1222
0 0 1955 53754.8 -3034.99 455.314 -39.0702
0 0 1956 53754.4 -3035.1 455.436 -39.2787
0 0 1957 53754.9 -3035.15 455.527 -39.3147
0 0 1958 53754.8 -3035.21 455.257 -39.1163
0 0 1959 53754.8 -3034.99 455.174 -39.1023
0 0 1960 53754.8 -3034.93 455.43 -39.1346
0 0 1961 53754.9 -3035.03 455.636 -39.2022
0 0 1962 53755 -3035.15 455.416 -39.2485
0 0 1963 53754.6 -3035.22 455.457 -38.9675
0 0 1964 53754.7 -3034.86 455.277 -39.2054
0 0 1965 53754.8 -3034.86 455.299 -39.2647
0 0 1966 53754.8 -3035.05 455.549 -39.0804
0 0 1967 53754.9 -3034.92 455.259 -39.2139
0 0 1968 53755 -3035.06 455.654 -38.9804
0 0 1969 53754.8 -3034.89 455.408 -39.1167
0 0 1970 53755 -3035.08 455.438 -39.0801
0 0 1971 53754.9 -3035.08 455.333 -39.0415
0 0 1972 53754.8 -3035.15 455.554 -39.0825
0 0 1973 53755 -3035.17 455.326 -39.1794
0 0 1974 53754.9 -3035.21 455.318 -39.2738
0 0 1975 53755 -3034.86 455.594 -39.394
0 0 1976 53754.7 -3034.95 455.303 -39.3036
0 0 1977 53754.7 -3035 455.664 -39.0127
0 0 1978 53755.1 -3034.98 455.593 -38.9449
0 0 1979 53754.8 -3035.17 455.015 -39.1342
0 0 1980 53754.6 -3034.9 455.359 -38.9092
0 0 1981 53754.9 -3035.1 455.354 -39.1548
0 0 1982 53755 -3035.1 455.317 -39.0021
0 0 1983 53755.2 -3034.96 455.326 -39.0106
0 0 1984 53754.9 -3035.21 455.294 -39.0553
0 0 1985 53755 -3035.11 455.328 -39.0846
0 0 1986 53755 -3034.82 455.401 -39.4038
0 0 1987 53755 -3035.16 455.555 -39.1773
0 0 1988 53755.1 -3035.07 455.413 -39.2249
0 0 1989 53755.1 -3035.24 455.304 -39.047
0 0 1990 53755.2 -3035.06 455.521 -39.0961
0 0 1991 53755.1 -3035.4 455.429 -39.0827
0 0 1992 53755.1 -3035.14 455.234 -39.2968
0 0 1993 53755.2 -3035.17 455.259 -39.3327
0 0 1994 53755.2 -3035.22 455.172 -39.0404
0 0 1995 53755.3 -3035.12 455.484 -39.3474
0 0 1996 53755.1 -3035.2 455.246 -39.1273
0 0 1997 53755 -3035.13 455.148 -39.054
0 0 1998 53755.1 -3035.19 455.47 -39.1254
0 0 1999 53755.1 -3034.84 455.322 -39.1824
0 0 2000 53755.4 -3035.29 455.032 -39.2804
0 0 2001 53755.5 -3035.27 455.053 -38.9071
0 0 2002 53755.6 -3035.15 455.297 -39.1399
0 0 2003 53755.6 -3035.12 455.237 -39.0616
0 0 2004 53755.7 -3035.26 455.25 -39.24
0 0 2005 53755.6 -3035.08 455.22 -39.2122
0 0 2006 53755.7 -3035.46 455.062 -39.1427
0 0 2007 53755.5 -3035.31 455.065 -39.0548
0 0 2008 53755.9 -3035.18 455.04 -39.2628
0 0 2009 53755.6 -3035.45 455.175 -39.246
0 0 2010 53756.2 -3035.37 455.221 -38.9196
0 0 2011 53756.1 -3035.54 455.248 -39.2494
0 0 2012 53756.1 -3035.21 455.351 -39.29
0 0 2013 53756 -3035.28 455.005 -39.0799
0 0 2014 53756.2 -3035.37 454.876 -39.1707
0 0 2015 53756.3 -3035.18 455.193 -38.9009
0 0 2016 53756.4 -3035.44 454.999 -39.0176
0 0 2017 53756.7 -3035.6 455.055 -38.8692
0 0 2018 53756.9 -3035.44 454.988 -38.7776
0 0 2019 53756.7 -3035.45 455.09 -38.9653
0 0 2020 53756.8 -3035.41 454.986 -39.1091
0 0 2021 53757.1 -3035.68 454.85 -39.2084
0 0 2022 53757.3 -3035.58 455.061 -39.2536
0 0 2023 53757.6 -3035.54 455.034 -38.667
0 0 2024 53757.7 -3035.64 454.753 -38.808
0 0 2025 53757.7 -3035.64 454.957 -38.8195
0 0 2026 53758.1 -3035.66 454.746 -38.8454
0 0 2027 53758.4 -3035.98 454.763 -38.8018
0 0 2028 53758.8 -3035.81 454.31 -38.5641
0 0 2029 53758.9 -3035.79 454.345 -38.6592
0 0 2030 53759.6 -3035.75 454.422 -38.4168
0 0 2031 53760.1 -3035.8 454.255 -38.2733
0 0 2032 53760.5 -3036.24 454.406 -38.1593
0 0 2033 53761.1 -3036.05 454.329 -38.3596
0 0 2034 53761.5 -3036.04 454.276 -38.1017
0 0 2035 53762.4 -3036.26 453.935 -38.0103
0 0 2036 53762.9 -3036.11 454.247 -37.7681
0 0 2037 53763.7 -3036.28 454.149 -37.6741
0 0 2038 53764.9 -3036.82 454.136 -37.5857
0 0 2039 53765.5 -3036.46 454.023 -37.2576
0 0 2040 53766.5 -3036.78 454.331 -37.43
0 0 2041 53767.2 -3036.55 454.376 -37.2193
0 0 2042 53768.5 -3036.64 454.305 -37.1534
0 0 2043 53769.2 -3036.35 454.526 -36.9195
0 0 2044 53770.2 -3036.35 454.352 -36.7318
0 0 2045 53771.3 -3036.53 455.071 -36.3901
0 0 2046 53772 -3036.42 455.132 -36.2051
0 0 2047 53773.2 -3036.24 454.9 -36.3756
