0 0 0 0.00813572 0.0276888 0.00320748 -0.0253566
0 0 1 0.0236762 0.0238758 0.00721733 0.0264184
0 0 2 0.0335387 0.0425746 0.0457027 0.0685038
0 0 3 -0.0117206 -0.039839 -0.0246665 0.00479822
0 0 4 -0.0201718 0.0398887 -0.00522122 -0.0116834
0 0 5 0.00301575 0.00553567 -0.00875707 0.0254412
0 0 6 0.0248741 0.00689691 0.0292658 0.0122805
0 0 7 -0.0212221 0.0172599 0.0272245 -0.0281855
0 0 8 -0.00924265 0.00920224 0.00453391 0.0219153
0 0 9 -0.0322989 0.0131762 0.0292925 0.0437199
0 0 10 -0.0632814 -0.00672282 -0.0429765 -0.00377057
0 0 11 -0.0133616 -0.00267569 -0.0358169 0.033723
0 0 12 0.0186546 0.00112262 -0.00536266 -0.0778285
0 0 13 0.00592035 -0.0273683 0.0127256 0.0220315
0 0 14 0.0606483 -0.0315399 0.0154549 0.0200635
0 0 15 -0.0111462 -0.0258241 0.0179396 0.0166469
0 0 16 0.0284843 0.0225805 0.0172439 -0.0566115
0 0 17 0.00639625 0.020019 0.0289064 0.0665701
0 0 18 -0.00172679 -0.0367726 0.00372735 -0.0131798
0 0 19 -0.0177103 0.00557958 -0.0129886 0.0323291
0 0 20 -0.0682044 0.024132 0.00525637 -0.0577799
0 0 21 0.0397745 -0.0271707 -0.00987326 0.00460006
0 0 22 -0.0136734 -0.0225015 0.0478777 0.0102648
0 0 23 0.0175552 -0.0450937 0.0421974 0.0165444
0 0 24 -0.036303 -0.0220112 0.0103289 0.00183946
0 0 25 -0.00422114 -0.0343868 -0.00595515 -0.0321897
0 0 26 -0.017579 -0.0434251 -0.00109288 0.00134064
0 0 27 -0.00912778 0.0271106 0.021376 -0.0397404
0 0 28 -0.0246026 -0.0245946 0.0336158 -0.0504001
0 0 29 -0.00505806 0.0297745 -0.0125681 0.0113444
0 0 30 0.0414812 -0.00879395 0.00941912 0.0259879
0 0 31 -0.0146908 -0.00395642 0.0184403 -0.0224935
0 0 32 -0.00725702 0.0756762 0.00651398 0.00682084
0 0 33 0.00386908 -0.00685455 -0.00309589 -0.0532359
0 0 34 -0.0212713 -0.0407099 -0.051753 -0.0106037
0 0 35 -0.0101124 0.00187642 -0.00124578 0.00756565
0 0 36 0.0101378 -0.00577141 -0.00096291 -0.0540832
0 0 37 0.000685505 -0.0188862 -0.0361953 0.0324384
0 0 38 0.0256782 0.00107139 0.02073 -0.0242359
0 0 39 -0.0405369 -0.035265 -0.0190206 -0.00953094
0 0 40 -0.0468876 0.0082362 0.0382755 -0.0343422
0 0 41 0.00224447 0.0557845 -0.0079467 0.00718983
0 0 42 -0.0230436 -0.00871345 -0.0179618 0.0491865
0 0 43 -0.0232734 -0.0190984 0.000168563 -0.00832146
0 0 44 0.0109911 -0.0234383 0.0251833 -0.035046
0 0 45 -0.0154293 0.000881105 -0.0204005 0.0147268
0 0 46 -0.0447543 -0.0057275 0.0298774 0.00102631
0 0 47 -0.00262935 -0.0306836 0.012481 0.0122532
0 0 48 -0.0278682 -0.00624711 0.0320256 0.00314459
0 0 49 -0.0151667 0.0110319 0.00583739 -0.0164529
0 0 50 0.0336207 0.0236782 -0.00549262 -0.0437173
0 0 51 -0.0392733 -0.00579337 0.0282834 -0.0053627
0 0 52 0.00137473 -0.0107041 0.00392612 0.0129297
0 0 53 0.0194916 0.0125468 -0.0444978 0.0460979
0 0 54 0.00710188 -0.00948189 0.0144381 -0.00985209
0 0 55 -0.0243564 -0.0389755 -0.0570893 -0.014526
0 0 56 0.00918598 0.0191847 -0.0167538 -0.0179699
0 0 57 -0.0401758 0.025925 -0.0687251 -0.0152435
0 0 58 0.0313889 -0.0616555 -0.0524602 0.0449636
0 0 59 -0.0454927 -0.0269146 -0.0048619 0.00125864
0 0 60 -0.0174806 0.0243954 0.042832 -0.0282265
0 0 61 -0.00907855 0.017194 -0.0161613 0.0183894
0 0 62 0.0187695 0.03167 0.0263377 -0.0105969
0 0 63 -0.0130334 0.00361091 -0.00376483 -0.00955827
0 0 64 0.0102855 -0.010726 0.0427784 -0.00303259
0 0 65 0.0181788 0.0335216 0.0337381 0.0582814
0 0 66 0.00521471 -0.042986 0.0429543 0.0104219
0 0 67 -0.0283933 0.0519203 -0.00800021 -0.0119157
0 0 68 -0.0102273 0.0266569 -0.0152707 0.0234664
0 0 69 -0.0191708 -0.0289857 -0.00141015 -0.00109881
0 0 70 0.00818495 -0.0373507 0.00790921 -0.0637795
0 0 71 0.0245951 0.0232099 0.0260319 0.0442734
0 0 72 0.0595816 0.0294159 0.00291697 -0.00383207
0 0 73 0.0275326 -4.43326e-06 -0.0564471 -0.0131935
0 0 74 0.0194259 -0.0193106 0.00694975 0.000616319
0 0 75 0.0138136 -0.024719 -0.0020294 0.00162763
0 0 76 0.0150444 0.0247906 0.020753 -0.0157696
0 0 77 -0.026621 -0.00809138 0.0185741 0.0244367
0 0 78 -0.0379112 -0.0112457 -0.0396661 -0.000422322
0 0 79 0.0204269 -0.0399781 0.0138724 0.00228361
0 0 80 0.017309 0.0136153 -0.0333704 0.00211278
0 0 81 0.0242177 0.0186358 -0.0304041 0.0180614
0 0 82 -0.00796266 -0.0547907 0.0490474 -0.0705375
0 0 83 0.0171449 -0.00925502 0.035248 0.0242112
0 0 84 -0.0225677 -0.0224064 -0.0341655 -0.0162616
0 0 85 -0.00637087 0.0142301 -0.0119107 -0.0211337
0 0 86 -0.0216816 -0.0117506 -0.00760267 0.00798247
0 0 87 -0.0267687 0.0116027 -0.0412525 -0.0432048
0 0 88 0.0117952 0.00925347 0.0466392 0.0722758
0 0 89 0.0489478 -0.00229512 -0.0322351 0.0180136
0 0 90 -0.0575214 -0.021594 -0.0302971 0.0176856
0 0 91 -0.0176939 0.0169672 0.0168998 -0.0400342
0 0 92 -0.0222231 0.00720429 -0.0238102 0.0347343
0 0 93 -0.0462804 0.0133811 -0.015565 0.0292815
0 0 94 0.0106301 0.0416817 0.014312 -0.0236004
0 0 95 -0.0150847 -0.00632762 -0.0126905 0.0179042
0 0 96 0.000652684 0.0332582 0.0158869 0.0188404
0 0 97 0.012107 -0.0354699 0.0103595 -0.00951727
0 0 98 0.0240372 -0.0160246 -0.0366922 0.0356636
0 0 99 0.0351961 0.00448181 0.0151988 0.00952677
0 0 100 0.01511 0.00339135 0.0315325 -0.027591
0 0 101 0.0090711 -0.0468136 -0.0225106 -0.0319711
0 0 102 0.0546914 0.0390178 0.00499261 -0.00458372
0 0 103 0.0234628 0.0371662 -0.0298422 0.0426403
0 0 104 0.0287633 -0.0167492 -0.0172928 -0.00501421
0 0 105 0.013387 -0.0407173 0.0355041 0.0283863
0 0 106 0.0283531 -0.00651058 -0.000626526 -0.0247074
0 0 107 0.0182772 0.0345682 0.0257299 -0.00964027
0 0 108 0.0141583 0.0153864 -0.00913168 0.0132235
0 0 109 0.0724472 0.000866468 -0.00119226 -0.0040849
0 0 110 0.0425315 0.00208134 -0.0416004 0.0420048
0 0 111 0.0446648 0.0619467 -0.0301442 -0.0258417
0 0 112 0.0660144 0.0935992 -3.40322e-05 -0.0395832
0 0 113 0.0590729 0.0408035 -0.0523952 -0.0235116
0 0 114 0.0579734 0.101013 -0.045572 -0.00599135
0 0 115 0.096882 0.0679844 -0.0367037 -0.015223
0 0 116 0.0640288 0.05768 0.0138877 0.012014
0 0 117 0.0905969 0.092399 -0.0225412 -0.0132413
0 0 118 0.0642093 0.104387 0.0257528 0.0200703
0 0 119 0.0761067 0.0547453 0.0124007 -0.0204093
0 0 120 0.0548719 0.0726317 0.0373772 0.0163941
0 0 121 0.0654072 0.0859806 -0.0431791 -0.0365356
0 0 122 0.0921066 0.0512104 -0.0238332 -0.0212567
0 0 123 0.0577929 -0.00276351 -0.062674 0.0114811
0 0 124 0.0712657 0.0567579 0.0151606 0.0417383
0 0 125 0.039594 0.0644057 -0.028619 0.0500133
0 0 126 -0.00356473 0.0729025 -0.0574333 -0.0321556
0 0 127 0.0494401 -0.0664637 0.0276182 -0.000927977
0 0 128 0.0286977 -0.0343941 0.0116477 -0.0551082
0 0 129 0.0201152 0.0482684 0.00474797 -0.0240241
0 0 130 0.00941572 0.0573873 -0.0348345 -0.0133233
0 0 131 -0.00904573 -0.0214916 -0.0462486 -0.0186122
0 0 132 0.0849682 -0.0149781 -0.0540962 -0.00746049
0 0 133 -0.0245533 -3.37073e-05 0.0152485 0.00554303
0 0 134 0.0235777 -0.0136095 0.00828764 -0.0250969
0 0 135 0.020148 0.000683506 -0.0425101 -0.0599119
0 0 136 0.011746 0.0161987 0.0598079 0.0141323
0 0 137 -0.0285246 -0.00846462 -0.0253201 -0.0366586
0 0 138 -0.0108344 0.0134031 0.0304699 -0.00642184
0 0 139 -0.00858624 0.0293281 0.0103327 0.00214695
0 0 140 -0.013378 -0.0140486 0.00597118 0.00798247
0 0 141 0.0356392 0.0377956 0.0397892 -0.00721449
0 0 142 0.0277459 0.038586 -0.0178777 0.0367091
0 0 143 -0.048184 -0.0399342 0.00892983 0.00317192
0 0 144 0.01511 -0.0351845 0.0179052 -0.0194322
0 0 145 0.00577266 -0.0159661 -0.00197206 -0.0272972
0 0 146 -0.0176775 0.0221267 0.0136392 0.0383969
0 0 147 0.0060024 -0.0330475 0.0315363 -0.0168083
0 0 148 0.00370498 -0.0441057 0.00710265 -0.0715966
0 0 149 0.0442053 -0.0325498 0.00591384 -0.00793881
0 0 150 -0.0440322 0.0205166 -0.0112379 0.0512433
0 0 151 0.0131572 -0.0411564 0.0229242 0.0228719
0 0 152 -0.0142806 0.00389633 0.0112425 0.0260904
0 0 153 -0.010096 0.0230196 -0.0217423 0.00231094
0 0 154 -0.0223052 -0.00577873 0.00902922 0.018977
0 0 155 -0.0414886 0.0386007 -0.0105269 0.00351358
0 0 156 0.00631419 -0.00258055 -0.00677317 0.00578219
0 0 157 -0.00709292 -0.0475747 0.0339866 -0.00596402
0 0 158 -0.0219113 -0.0171078 0.0494411 -0.0235048
0 0 159 0.0386258 0.000925016 0.0277559 0.0027551
0 0 160 -0.0161677 -0.0272219 0.00765692 -0.0100298
0 0 161 -0.0329554 -0.0742872 -0.0164519 -0.0491428
0 0 162 -0.0749654 0.0116613 -0.0409352 -0.013542
0 0 163 0.0125172 -0.0217477 -0.0427357 0.0098821
0 0 164 -0.0173821 -0.00692042 0.00445746 -0.00884079
0 0 165 0.0490463 -0.0208036 0.0184938 0.0188335
0 0 166 0.00619932 0.0758006 0.0309286 -0.0517736
0 0 167 -0.0310354 -0.0308812 0.0188531 -0.0476942
0 0 168 0.0294197 -0.0308958 -0.0187339 -0.0345267
0 0 169 0.00570702 -0.0376435 0.00970963 0.0367433
0 0 170 -0.0201554 -0.0740311 -0.0091852 -0.0379637
0 0 171 0.0347202 -0.0251728 0.0100116 0.0113649
0 0 172 0.0286156 0.0105342 -0.0482669 0.0546667
0 0 173 -0.0131647 -0.0166467 -0.0254883 0.00124497
0 0 174 0.0283366 0.0259397 0.0482791 0.0186969
0 0 175 -0.00912778 -0.0353894 0.0219762 0.0273272
0 0 176 0.0166854 0.0263349 0.0155352 0.00410123
0 0 177 0.0519181 -0.00551526 -0.0150146 -0.00120814
0 0 178 -0.0147401 -0.0220331 -0.00856212 0.0504506
0 0 179 0.0499324 0.0110758 0.0411309 0.0420322
0 0 180 0.036952 0.00252777 0.0156346 -0.0081233
0 0 181 0.0542483 0.0337631 -0.0434581 0.0430776
0 0 182 0.0192618 0.00519902 -0.00100114 -0.0103168
0 0 183 0.00395113 0.0384397 0.0172974 0.0297119
0 0 184 0.0874789 -0.0436373 0.028528 0.0205077
0 0 185 0.00738086 0.00915101 0.0104397 -0.000470155
0 0 186 0.0110075 0.0101683 0.0117356 -0.0370413
0 0 187 0.0483571 0.0323653 0.00114331 -0.00401657
0 0 188 -0.0241103 0.0110904 -0.0283935 -0.00589569
0 0 189 0.0373622 0.0479903 0.0111049 -0.00493905
0 0 190 0.0393151 0.0301697 -0.00199117 0.00853596
0 0 191 0.0410217 0.0160597 -0.00836717 0.0040534
0 0 192 0.0597129 0.0688846 0.00280229 0.00889129
0 0 193 0.155893 0.0882494 -0.0267116 -0.0377109
0 0 194 0.151019 0.0737587 0.045007 -0.0129202
0 0 195 0.210358 0.0709411 -0.0187989 0.0163804
0 0 196 0.256208 0.0769496 0.0101416 -0.0511518
0 0 197 0.295461 0.067194 0.00443452 0.0027141
0 0 198 0.333714 0.175383 0.0266397 0.00480505
0 0 199 0.383666 0.110688 0.0330883 0.0223048
0 0 200 0.508384 0.140694 0.0182798 -0.0933124
0 0 201 0.621712 0.181202 0.0646816 -0.028903
0 0 202 0.616723 0.151569 0.0961373 -0.106254
0 0 203 0.716858 -0.0249312 0.0186391 -0.0205528
0 0 204 0.762003 0.0524473 0.0204433 -0.0124145
0 0 205 0.846548 -0.0522512 0.0148662 -0.014362
0 0 206 0.902802 -0.0392536 0.034063 -0.0464642
0 0 207 0.887852 -0.0862164 0.0155122 -0.0412437
0 0 208 1 -0.144684 -0.0412028 -0.00193929
0 0 209 0.967409 -0.154688 -0.0429535 0.00627418
0 0 210 0.942876 -0.141134 -0.0258821 0.0380142
0 0 211 0.883225 -0.139956 -0.06134 0.012588
0 0 212 0.746085 -0.122699 -0.0678612 -0.00126964
0 0 213 0.635136 -0.166127 -0.154373 0.0165786
0 0 214 0.567263 -0.161487 -0.0732242 0.0506419
0 0 215 0.520609 -0.11118 -0.0765804 0.0636591
0 0 216 0.449652 -0.0924298 -0.0558737 0.0103946
0 0 217 0.394743 -0.0568399 -0.073358 0.0295958
0 0 218 0.403949 -0.0265047 0.0296977 0.0239858
0 0 219 0.25762 -0.0356309 -0.0247544 -0.0277755
0 0 220 0.26269 0.0470828 0.0234134 -0.00427623
0 0 221 0.242375 -0.000384995 -0.0188753 0.0172209
0 0 222 0.246034 0.00456963 -0.0115475 0.0236509
0 0 223 0.20793 0.00159832 0.0179052 -0.0303653
0 0 224 0.188713 0.010783 0.0303628 0.0120209
0 0 225 0.147524 -0.036919 0.00107068 0.00443606
0 0 226 0.176012 -0.0483651 0.00599029 -0.0584633
0 0 227 0.216545 -0.0107699 0.0752165 -0.0795914
0 0 228 0.155877 -0.00443213 0.00771426 -0.0670662
0 0 229 0.0863466 0.0242344 0.0328169 -0.00625101
0 0 230 0.102166 0.0102927 0.0291205 -0.0027046
0 0 231 0.0698216 -0.0282831 0.0286503 -0.00907311
0 0 232 0.135873 -0.0208548 0.027947 -0.0015088
0 0 233 0.0610093 0.0280547 -0.00400565 -0.0403964
0 0 234 0.126223 0.00894609 0.00504995 -0.0348478
0 0 235 0.0939938 0.0154815 -0.00517153 0.00684134
0 0 236 0.0376412 -0.0706572 -0.0103052 1.33411e-06
0 0 237 0.0728903 -0.00736685 0.0400606 -0.00050432
0 0 238 0.045715 0.0272277 -0.0194029 -0.00150196
0 0 239 0.0861497 -0.0265413 0.0507637 -0.0469152
0 0 240 0.0405786 -0.0572644 0.0121255 0.00570703
0 0 241 0.0634544 -0.0421297 -0.0368107 -0.0443869
0 0 242 0.010269 -0.0339184 -0.0192308 -0.00622368
0 0 243 0.0299777 0.0192432 -0.0294256 0.0222843
0 0 244 0.0475037 -0.00914524 -0.0148884 -0.028001
0 0 245 0.0323079 -0.00110221 -0.00645208 -0.0530856
0 0 246 0.0439099 0.00621629 0.0201184 -0.043116
0 0 247 0.0385438 -0.0134778 0.0322703 0.00929444
0 0 248 0.0594832 -0.0264462 0.00202632 0.0339963
0 0 249 0.0905804 -0.00163646 -0.0294638 -0.0114374
0 0 250 0.0470114 -0.00954776 0.0280655 -0.0094216
0 0 251 0.0934194 0.0329654 0.0300838 0.00869996
0 0 252 0.0794379 0.0323214 0.0310241 0.00188729
0 0 253 0.0720205 0.000354173 -0.00441467 0.019838
0 0 254 0.0366894 0.0123199 0.0035324 -0.0833838
0 0 255 0.081801 -0.0349942 0.0151453 0.00369808
0 0 256 0.0369684 0.00937057 0.0114871 0.000568487
0 0 257 0.111684 0.0330825 -0.00197588 -0.0272903
0 0 258 0.125206 -0.0198229 0.0280425 -0.00709149
0 0 259 0.0972102 -0.0198229 -0.0225565 0.00644501
0 0 260 0.0752041 0.00825084 0.0149274 -0.0399522
0 0 261 0.0997537 0.0113027 0.020623 -0.0306044
0 0 262 0.0556104 -0.0194204 0.0041096 -0.0237576
0 0 263 0.100394 -0.0244775 -0.0133479 0.00429256
0 0 264 0.120217 -0.0708622 -0.0030806 0.0203095
0 0 265 0.12304 0.0320213 -0.0231681 -0.0277277
0 0 266 0.10041 0.0134323 0.000806927 -0.0539875
0 0 267 0.141977 -0.0355504 0.093775 -0.0405809
0 0 268 0.131754 -0.0364433 -0.0101599 -0.0158584
0 0 269 0.128947 -0.00383201 -0.0252208 -0.0117722
0 0 270 0.153481 -0.0207377 -0.00698724 -0.0412232
0 0 271 0.125058 0.0320067 0.017909 0.0342902
0 0 272 0.147425 -0.0279318 -0.0102823 0.0177266
0 0 273 0.184036 -0.0341745 -0.0163563 -0.0360505
0 0 274 0.132213 -0.0313203 0.00902157 -0.00250644
0 0 275 0.134593 0.0192505 0.0404352 0.00334275
0 0 276 0.185185 0.00854358 0.0320562 0.00497588
0 0 277 0.213017 0.0170769 0.0175688 0.00502371
0 0 278 0.121448 -0.00805478 0.0197476 -0.013009
0 0 279 0.233021 -0.00217071 0.00521814 0.00822847
0 0 280 0.220861 0.0122394 0.0514289 0.00686183
0 0 281 0.193702 0.0146253 -0.00620744 -0.0455281
0 0 282 0.304979 -0.000685054 -0.0173005 -0.0119089
0 0 283 0.270567 0.0160084 -0.0363405 -0.0364878
0 0 284 0.279248 0.0226976 -0.00434586 0.0142827
0 0 285 0.307687 0.0273887 -0.0394827 0.0110642
0 0 286 0.395744 0.0323507 0.0195871 -0.0164119
0 0 287 0.380597 0.0329947 -0.00777468 -0.0145123
0 0 288 0.395285 0.0612734 0.0157301 0.0131825
0 0 289 0.379482 0.071351 -0.0375523 0.047608
0 0 290 0.472527 0.0532303 -0.0505757 0.0307848
0 0 291 0.463649 0.0563114 -0.0186116 0.0512638
0 0 292 0.52353 0.122771 -0.0235847 0.0239243
0 0 293 0.525056 0.0850512 -0.0433855 0.0642536
0 0 294 0.538201 0.144141 -0.0267192 0.0214985
0 0 295 0.585577 0.089252 -0.0216505 0.081316
0 0 296 0.617232 0.136295 -0.0131836 0.119131
0 0 297 0.605417 0.121036 -0.0434084 0.0710731
0 0 298 0.67818 0.115965 0.0430193 0.0695767
0 0 299 0.625355 0.11644 0.00766839 0.0953445
0 0 300 0.690733 0.134356 -0.0650937 0.113678
0 0 301 0.655173 0.0661695 -0.000714445 0.105676
0 0 302 0.699989 0.0767227 -0.0179579 0.0825392
0 0 303 0.708259 0.0872541 0.0336082 0.095406
0 0 304 0.748005 0.0716657 -0.00929605 0.130597
0 0 305 0.802142 0.0264519 -0.0125987 0.0715993
0 0 306 0.776641 0.0465632 0.0459473 0.124782
0 0 307 0.831992 0.0353073 0.0379964 0.074968
0 0 308 0.80334 -0.0243238 -0.00968595 0.062969
0 0 309 0.79653 -0.0307421 -0.00858506 0.0375291
0 0 310 0.789293 -0.00202434 -0.0279424 -0.0757102
0 0 311 0.782696 -0.07226 -0.0333437 -0.0380321
0 0 312 0.655255 -0.111582 -0.0188027 -0.150738
0 0 313 0.682134 -0.216903 -0.058152 -0.239091
0 0 314 0.692703 -0.255962 -0.0735453 -0.218517
0 0 315 0.688239 -0.298409 -0.091087 -0.317208
0 0 316 0.692407 -0.234131 -0.0765957 -0.205622
0 0 317 0.584002 -0.206445 -0.149515 -0.231301
0 0 318 0.543255 -0.221023 -0.116985 -0.217765
0 0 319 0.577339 -0.150107 -0.0491193 -0.163325
0 0 320 0.420671 -0.115629 -0.0933461 -0.112131
0 0 321 0.407838 -0.0938642 -0.134412 -0.0733186
0 0 322 0.309985 -0.0791101 -0.0954523 -0.0670799
0 0 323 0.278001 -0.0599649 -0.116767 -0.0314517
0 0 324 0.177505 -0.0300835 -0.151648 -0.0802952
0 0 325 0.153743 -0.0189594 -0.0891337 -0.0308299
0 0 326 0.0974071 -0.0534222 -0.139075 -0.0430066
0 0 327 0.169366 0.0194262 -0.105024 0.00286443
0 0 328 0.100033 -0.0249386 -0.069482 -0.00509621
0 0 329 0.0950768 0.057014 -0.0728076 -0.0427538
0 0 330 0.0612226 0.0335143 -0.0221627 -0.0101801
0 0 331 0.025071 -0.00871345 -0.0772953 -0.0377588
0 0 332 0.07504 -0.0276391 -0.0282215 -0.0328457
0 0 333 0.0569068 0.040101 -0.0450789 -0.0369114
0 0 334 0.0364105 -0.0165662 -0.0528616 -0.0296956
0 0 335 -0.029739 0.0429771 -0.0717602 0.00457272
0 0 336 0.00142396 0.0168574 -0.00753768 0.013326
0 0 337 -0.00264576 0.0143325 -0.0369063 -0.0150521
0 0 338 0.00445984 -0.0164711 0.0228171 -0.00638084
0 0 339 -0.0322169 0.0212705 -0.0243225 -0.0168766
0 0 340 0.00107935 0.0131616 -0.0124726 -0.068795
0 0 341 0.0123695 0.0348463 -0.0110621 0.0442324
0 0 342 0.00798803 0.0212412 -0.0215855 0.0156083
0 0 343 0.0276474 0.0181528 -0.017117 -0.0283631
0 0 344 0.0229869 0.00495019 -0.0700477 -0.00403707
0 0 345 -0.0138375 -0.0317082 0.0415208 0.0298144
0 0 346 -0.00161192 0.0071677 0.00524872 0.0357525
0 0 347 0.0252679 -0.00547135 0.0123778 0.0337572
0 0 348 -0.0184488 0.0245052 -0.00755297 0.0156835
0 0 349 -0.0354169 -0.00880859 0.0275685 -0.00919611
0 0 350 0.0156516 -0.0529465 0.0100116 -0.0312536
0 0 351 -0.0497594 0.0544159 0.0264906 -0.00989993
0 0 352 0.0209193 0.0626785 -0.0101141 0.0667682
0 0 353 0.0465191 -0.0243385 -0.0163601 -0.0161591
0 0 354 0.00242498 0.00859481 0.00892218 8.33321e-05
0 0 355 -0.0173165 0.0339973 -0.0452394 0.021929
0 0 356 0.00580548 0.00601137 -0.0532324 -0.00118764
0 0 357 -0.0239626 -0.00158523 0.0279584 0.00198979
0 0 358 0.023791 0.011288 -0.0118801 0.0149591
0 0 359 0.0359674 0.0352927 -0.0122471 0.0247579
0 0 360 -0.0329389 -0.00369296 0.0698535 -0.0408337
0 0 361 -0.0147729 0.0408621 0.0255846 0.0265619
0 0 362 0.00311421 -0.0115603 0.0333941 -0.00159079
0 0 363 -0.0539932 0.0254493 -0.00435351 0.000718817
0 0 364 0.0109747 0.0028571 -0.00124196 0.0117817
0 0 365 0.0452063 -0.00261714 0.0255655 0.0362171
0 0 366 0.0126813 -0.00139495 0.0458365 -0.0177786
0 0 367 0.00623214 0.042238 0.0303514 -0.0232109
0 0 368 0.022708 -0.038024 -0.0188257 0.0380962
0 0 369 -0.0379605 0.0555649 -0.0508356 -0.0306249
0 0 370 0.028632 -0.0260071 -0.00342463 -0.0318891
0 0 371 0.0102362 0.011932 -0.00714014 -0.0106242
0 0 372 0.0430238 -0.0299151 -0.0213676 -0.0289303
0 0 373 -0.0244549 -0.0589769 -0.0492302 -0.0529967
0 0 374 0.0133213 -0.00619589 0.0262154 -0.0553132
0 0 375 0.0188844 0.0167988 0.00625787 -0.0171294
0 0 376 -0.0133452 0.00240335 0.000757234 -0.0561331
0 0 377 -0.0211236 0.000573728 -0.0270441 -0.0318891
0 0 378 -0.000512438 0.0190164 -0.0168226 0.0253456
0 0 379 -0.0754413 -0.0167565 -0.0374491 0.0253182
0 0 380 0.00135832 -0.0190179 0.00876164 0.00644501
0 0 381 -0.0410784 0.0122101 -0.0272008 -0.01428
0 0 382 -0.0113432 0.0270447 0.0143043 0.0814049
0 0 383 0.0102526 -0.0157465 -0.0366349 0.00337692
0 0 384 -0.00876676 -0.0103235 -0.0550022 -0.0170269
0 0 385 0.0352453 -0.0452986 0.00264939 0.028482
0 0 386 -0.0208118 0.0128395 0.000287061 0.042285
0 0 387 -0.00308884 -0.00545672 -0.00361575 0.0396337
0 0 388 0.00235934 -0.0213525 -0.00300033 -0.0290943
0 0 389 -0.0110478 0.0438553 0.0135933 -0.0365698
0 0 390 0.0304372 0.00947303 0.0280196 -0.0421798
0 0 391 0.0273849 0.00731407 -0.0366081 -5.33312e-05
0 0 392 -0.0142478 0.011471 -0.0111003 -0.0485005
0 0 393 0.0363776 -0.000941201 0.0366547 0.00765448
0 0 394 0.00483728 -0.020123 -0.0177056 -0.0191247
0 0 395 0.00103012 -0.0062398 0.0104206 0.0195237
0 0 396 -0.00358114 -0.0454304 -0.0325524 -0.0325724
0 0 397 -0.0200241 0.0727049 -0.0208019 0.0399754
0 0 398 -0.0128529 -0.0325205 0.0279317 -0.0209287
0 0 399 -0.0546168 0.0299282 -0.0158746 -3.96649e-05
0 0 400 0.0190485 0.0269789 0.0165138 0.0247306
0 0 401 0.0268105 -0.000692372 0.00204543 -0.0257187
0 0 402 0.0035737 -0.0367579 0.0292352 0.00190779
0 0 403 -0.00331858 0.0313993 -0.0673337 -0.0235458
0 0 404 -0.0422271 0.0177722 0.0250762 0.0130664
0 0 405 -0.0357287 -0.00595437 0.00253854 0.0370918
0 0 406 0.029912 0.0729025 0.0335814 0.0462277
0 0 407 0.00421369 0.0178381 0.00908273 -0.0106584
0 0 408 0.0368864 -0.0302006 0.0531681 -0.0238601
0 0 409 0.00537881 -0.00909401 0.0272666 -0.00161129
0 0 410 0.0116967 0.0162939 -0.0354919 0.0527261
0 0 411 -0.0113596 0.0151156 0.0394452 0.0292951
0 0 412 0.0103347 -0.00250004 -0.0460957 -0.0197124
0 0 413 -0.0344159 0.00836061 0.0221558 0.00588469
0 0 414 0.0308146 0.0135202 0.0187194 -0.00618952
0 0 415 0.00575625 0.0134031 -0.00907817 0.00903478
0 0 416 0.0363284 0.00837525 0.0312688 0.0103331
0 0 417 0.015389 0.0315164 0.0182301 0.0192572
0 0 418 -0.0296569 -0.0356236 -0.011364 0.0739772
0 0 419 -0.0525819 -0.0210378 -0.0296205 -0.0234843
0 0 420 0.014109 -0.0246166 -0.0308705 -0.00504838
0 0 421 0.00188345 0.0256542 0.0195833 -0.0359548
0 0 422 -0.0023832 0.0452093 -0.0304538 0.0164419
0 0 423 0.013026 -0.0665589 -0.0143456 -0.0318617
0 0 424 -0.0153472 0.00211793 0.017672 -0.0127425
0 0 425 0.0374443 0.0212339 0.0218997 -0.0282128
0 0 426 0.0353274 0.00623825 0.0128976 -0.020628
0 0 427 -0.0539276 -0.00629834 -0.0435116 0.0215873
0 0 428 -0.0043196 0.0240295 -0.0339935 0.0242454
0 0 429 -0.0301164 -0.0150659 -0.00409357 0.0147131
0 0 430 -0.0144939 2.48407e-05 0.00250414 0.00386207
0 0 431 -0.0308549 0.0162353 0.0174617 -0.00794564
0 0 432 -0.0266538 -0.00617393 0.0315593 0.0113649
0 0 433 0.0105152 0.021168 -0.0271435 -0.0283563
0 0 434 -0.0140016 -0.0369409 0.00183519 0.0324726
0 0 435 0.0238074 -0.0185934 0.035141 -0.00022416
0 0 436 0.00539523 0.0271838 -0.0121056 0.0209177
0 0 437 0.0156352 0.00973649 0.0292428 -0.062447
0 0 438 -0.0335954 0.0110611 0.0320142 0.00283027
0 0 439 -0.0361061 0.00309129 -0.0151484 -0.0206007
0 0 440 -0.0196303 -0.0591818 0.0137233 0.0260699
0 0 441 0.00352447 0.00287906 0.0168234 0.021191
0 0 442 -0.00737189 -0.0365677 0.0175879 0.0319191
0 0 443 0.0050342 0.0298185 0.00622729 -0.00981109
0 0 444 -0.0311995 0.0186212 -0.00250722 0.0353971
0 0 445 0.0135183 -0.030786 -0.0181338 -0.0350392
0 0 446 -0.0372548 0.00802396 0.0112004 -0.00176162
0 0 447 -0.00553395 -0.0459134 -0.0113526 -0.0145396
0 0 448 0.0242177 0.00959744 0.0119955 0.00336325
0 0 449 -0.0178416 -0.000575276 0.0197973 0.00110831
0 0 450 0.00221165 0.0241613 -0.0175642 -0.00221261
0 0 451 -0.0383707 0.0443018 -0.0385423 0.00769548
0 0 452 -0.0144447 -0.0250557 -0.0118572 0.00501688
0 0 453 0.00237575 -0.0124898 -0.00631829 -0.00185045
0 0 454 0.00359011 0.0504786 -0.0287566 0.0208288
0 0 455 0.0110567 -0.0210378 0.014893 0.0244777
0 0 456 -0.0449348 -0.00722779 -0.00577549 0.0197082
0 0 457 -0.0200405 -0.00237563 0.0220756 0.013285
0 0 458 -0.0140837 -0.00293183 0.0588713 0.0135925
0 0 459 0.0076106 0.0408182 -0.006303 -0.000627317
0 0 460 0.00554292 -0.00282206 -0.0572154 -0.00518504
0 0 461 0.059598 -0.0435861 -0.0330111 0.0294455
0 0 462 -0.0141493 0.0487587 -0.0611871 0.0152598
0 0 463 0.00637984 0.0246955 -0.025905 -0.00514404
0 0 464 -0.00494319 0.0130079 0.0164182 -0.0206963
0 0 465 0.00111217 -0.039195 -0.010481 0.0296846
0 0 466 0.019229 0.0185041 -0.00485808 0.0212525
0 0 467 0.00936649 -0.0150513 0.0133525 0.00435406
0 0 468 -0.00988265 -0.0231968 0.033914 0.0208972
0 0 469 -0.00870112 -0.0459427 -0.00814929 0.0415128
0 0 470 0.0564637 0.0145155 -0.0129389 -0.0164939
0 0 471 0.0340638 -0.0110993 -0.0193226 -0.0787031
0 0 472 0.0305028 -0.0661417 -0.0182943 0.0130049
0 0 473 0.00444343 0.0118589 -0.0234662 0.0493983
0 0 474 0.0128783 0.0432406 0.0100766 -0.0368363
0 0 475 -0.0179236 0.0227488 -0.0738397 0.00721716
0 0 476 0.0312084 0.0284572 0.000692251 0.0171253
0 0 477 0.0193439 0.0178747 -0.0138411 -0.00793197
0 0 478 0.0162588 0.00405733 -0.00368838 -0.0199105
0 0 479 -0.0216487 -0.00213412 -0.0388099 -0.0400957
0 0 480 -0.0242416 0.0244101 0.0052449 0.0197629
0 0 481 0.033112 -0.00680332 -0.0135008 0.0300399
0 0 482 0.0194752 -0.0172322 0.00757665 -0.054008
0 0 483 0.0152249 -0.000421588 0.065794 -0.039385
0 0 484 0.0163736 0.00697742 0.023704 -0.0231699
0 0 485 -0.0751459 0.0586534 -0.0133441 0.0275868
0 0 486 -0.00107038 -0.0529684 0.0364521 -0.00310776
0 0 487 0.0056742 0.0349048 0.00043614 0.028359
0 0 488 0.0281233 -0.00435894 0.00983577 -0.035456
0 0 489 -0.0284918 -0.0204596 0.015906 0.0108114
0 0 490 0.00677368 0.0196823 -0.00449494 -0.000613651
0 0 491 0.0230526 0.0179918 -0.00249193 0.0307848
0 0 492 0.00831624 -0.0536783 0.00215628 -0.0183936
0 0 493 0.0404966 0.0267593 0.0358138 -0.0184277
0 0 494 0.00352447 0.0132713 0.000554639 0.0141802
0 0 495 0.0087429 -0.0263949 0.00760723 -0.0820855
0 0 496 -0.0130498 -0.0296224 -0.0047434 -0.0155988
0 0 497 -0.00356473 0.00445253 0.0176796 -0.00813697
0 0 498 -0.00297396 0.00964135 0.0116209 -0.00243127
0 0 499 -0.0503666 0.00951694 -0.00765618 -0.0163299
0 0 500 -0.0283605 -0.00705947 0.00266086 0.00395774
0 0 501 -0.0232569 -0.00298306 -0.0140857 -0.0466214
0 0 502 -0.0510722 0.0448873 0.0145604 0.0152188
0 0 503 -0.00673189 -0.0193399 -0.000362771 0.0140913
0 0 504 -0.00353191 -0.00908669 0.0182263 -0.0108702
0 0 505 -0.053665 0.0179405 0.0137615 0.0254071
0 0 506 0.03175 -0.0276757 -0.050052 -0.00446072
0 0 507 -0.0342682 -0.0159514 -0.000282497 -0.0229239
0 0 508 0.0448125 0.00303274 0.0323353 0.0304363
0 0 509 0.00559215 -0.00746199 0.0203592 0.0298008
0 0 510 -0.0257349 0.0225365 0.00456449 0.0200089
0 0 511 -0.0291154 0.0225146 0.0229165 0.0212867
