0 0 0 0.0312352
0 0 1 0.0249943
0 0 2 0.01561
0 0 3 0.0249943
0 0 4 0.0218662
0 0 5 0.0374914
0 0 6 0.0312352
0 0 7 0.0124971
0 0 8 0.0374914
0 0 9 0.0249943
0 0 10 0.0218662
0 0 11 0.0218662
0 0 12 0.0187381
0 0 13 0.0374914
0 0 14 0.0281224
0 0 15 0.0249943
0 0 16 0.0312352
0 0 17 0.0374914
0 0 18 0.0406195
0 0 19 0.0187381
0 0 20 0.0374914
0 0 21 0.0499886
0 0 22 0.0562448
0 0 23 0.0562448
0 0 24 0.0343633
0 0 25 0.0312352
0 0 26 0.0281224
0 0 27 0.0218662
0 0 28 0.0343633
0 0 29 0.0406195
0 0 30 0.0437476
0 0 31 0.0374914
0 0 32 0.0218662
0 0 33 0.01561
0 0 34 0
0 0 35 0.0124971
0 0 36 0.0218662
0 0 37 0.0218662
0 0 38 0.0374914
0 0 39 0.0468605
0 0 40 0.0906233
0 0 41 0.128115
0 0 42 0.153124
0 0 43 0.165621
0 0 44 0.184375
0 0 45 0.187488
0 0 46 0.193744
0 0 47 0.193744
0 0 48 0.196872
0 0 49 0.209369
0 0 50 0.187488
0 0 51 0.187488
0 0 52 0.178119
0 0 53 0.156237
0 0 54 0.171878
0 0 55 0.190616
0 0 56 0.209369
0 0 57 0.256245
0 0 58 0.293736
0 0 59 0.359365
0 0 60 0.459358
0 0 61 0.6
0 0 62 0.749996
0 0 63 0.884367
0 0 64 0.984375
0 0 65 1
0 0 66 0.959365
0 0 67 0.837491
0 0 68 0.678111
0 0 69 0.540627
0 0 70 0.415625
0 0 71 0.287495
0 0 72 0.2
0 0 73 0.134371
0 0 74 0.10312
0 0 75 0.0687419
0 0 76 0.0531167
0 0 77 0.0312352
0 0 78 0.01561
0 0 79 0.0218662
0 0 80 0.01561
0 0 81 0.00936904
0 0 82 0.00936904
0 0 83 0.0124971
0 0 84 0.0187381
0 0 85 0.01561
0 0 86 0.01561
0 0 87 0.0281224
0 0 88 0.0187381
0 0 89 0.0187381
0 0 90 0.0187381
0 0 91 0.0187381
0 0 92 0.01561
0 0 93 0.01561
0 0 94 0.0406195
0 0 95 0.0531167
0 0 96 0.0468605
0 0 97 0.0374914
0 0 98 0.0312352
0 0 99 0.0499886
0 0 100 0.0312352
0 0 101 0.0249943
0 0 102 0.01561
0 0 103 0.00936904
0 0 104 0
0 0 105 0.00936904
0 0 106 0.0187381
0 0 107 0.0249943
0 0 108 0.0281224
0 0 109 0.0343633
