0 0 0 -6.17893
0 0 1 -2.30705
0 0 2 -29.2953
0 0 3 -35.2016
0 0 4 -30.6899
0 0 5 -19.6156
0 0 6 -1.22424
0 0 7 13.607
0 0 8 27.0601
0 0 9 18.4468
0 0 10 15.4445
0 0 11 11.8843
0 0 12 11.8843
0 0 13 17.4789
0 0 14 34.689
0 0 15 31.9984
0 0 16 39.7422
0 0 17 25.2226
0 0 18 2.74607
0 0 19 4.58357
0 0 20 -0.469555
0 0 21 17.6922
0 0 22 -1.01096
0 0 23 -12.4133
0 0 24 -18.861
0 0 25 -40.7961
0 0 26 -52.4117
0 0 27 -71.9844
0 0 28 -53.8063
0 0 29 -40.5828
0 0 30 -41.3375
0 0 31 -19.0742
0 0 32 -22.4047
0 0 33 -16.8266
0 0 34 -7.36018
0 0 35 -12.6266
0 0 36 -12.4133
0 0 37 6.07654
0 0 38 33.5078
0 0 39 17.4789
0 0 40 11.2445
0 0 41 10.6047
0 0 42 22.7453
0 0 43 11.2445
0 0 44 8.12732
0 0 45 2.64763
0 0 46 -1.76565
0 0 47 12.639
0 0 48 -4.55471
0 0 49 -41.3375
0 0 50 -29.9352
0 0 51 -43.7
0 0 52 -55.7422
0 0 53 -75.2
0 0 54 -49.1797
0 0 55 -40.2547
0 0 56 -49.6227
0 0 57 -34.4469
0 0 58 -16.8266
0 0 59 3.07419
0 0 60 24.6812
0 0 61 40.0703
0 0 62 43.7125
0 0 63 40.382
0 0 64 36.4117
0 0 65 15.5429
0 0 66 18.1351
0 0 67 31.0304
0 0 68 38.6593
0 0 69 14.0336
0 0 70 10.1617
0 0 71 -4.12815
0 0 72 -23.7008
0 0 73 -4.88283
0 0 74 -8.00002
0 0 75 -13.7094
0 0 76 -12.0852
0 0 77 -12.0852
0 0 78 -16.7117
0 0 79 -29.082
0 0 80 -29.5086
0 0 81 -37.8922
0 0 82 -15.3172
0 0 83 -10.8055
0 0 84 -6.60549
0 0 85 -12.5117
0 0 86 -11.6586
0 0 87 -20.0422
0 0 88 -9.83752
0 0 89 -1.43752
0 0 90 -7.90158
0 0 91 0.170289
0 0 92 4.58357
0 0 93 0.38357
0 0 94 -20.5836
0 0 95 -35.2016
0 0 96 -42.0922
0 0 97 -39.2867
0 0 98 -53.593
0 0 99 -51.3289
0 0 100 -50.9024
0 0 101 -55.5289
0 0 102 -67.1445
0 0 103 -54.6758
0 0 104 -73.8055
0 0 105 -42.8469
0 0 106 -36.9242
0 0 107 -3.91487
0 0 108 -19.8289
0 0 109 -11.1172
0 0 110 5.22341
0 0 111 1.46638
0 0 112 15.5429
0 0 113 22.2203
0 0 114 20.1695
0 0 115 34.3609
0 0 116 11.3593
0 0 117 -0.584398
0 0 118 4.89529
0 0 119 27.3718
0 0 120 42.4328
0 0 121 8.01247
0 0 122 13.0656
0 0 123 15.7562
0 0 124 10.9164
0 0 125 -2.40549
0 0 126 0.711695
0 0 127 19.4148
0 0 128 33.1797
0 0 129 20.9242
0 0 130 23.5
0 0 131 10.3914
0 0 132 15.6578
0 0 133 1.89294
0 0 134 0.170289
0 0 135 4.58357
0 0 136 7.48747
0 0 137 -6.49065
0 0 138 -10.3625
0 0 139 -9.60783
0 0 140 7.70076
0 0 141 -0.682836
0 0 142 10.8179
0 0 143 12.2125
0 0 144 11.7859
0 0 145 12.0976
0 0 146 5.55154
0 0 147 4.37029
0 0 148 5.43669
0 0 149 -13.8078
0 0 150 -14.136
0 0 151 -38.975
0 0 152 -40.6977
0 0 153 -44.4547
0 0 154 -54.8891
0 0 155 -51.657
0 0 156 -35.8578
0 0 157 -36.7109
0 0 158 -39.2867
0 0 159 -22.3063
0 0 160 -23.1594
0 0 161 -24.3406
0 0 162 -10.9039
0 0 163 4.68201
0 0 164 13.2953
0 0 165 8.98044
0 0 166 7.27419
0 0 167 10.0633
0 0 168 1.67966
0 0 169 7.70076
0 0 170 -8.2133
0 0 171 10.9164
0 0 172 25.2226
0 0 173 19.4148
0 0 174 19.8414
0 0 175 30.9156
0 0 176 38.4461
0 0 177 38.6593
0 0 178 17.9054
0 0 179 43.614
0 0 180 50.1765
0 0 181 53.8187
0 0 182 60.3812
0 0 183 64.5812
0 0 184 62.5304
0 0 185 46.1898
0 0 186 6.07654
0 0 187 25.1242
0 0 188 21.564
0 0 189 25.9773
0 0 190 23.7133
0 0 191 10.0633
0 0 192 6.30622
0 0 193 -11.1172
0 0 194 -33.1672
0 0 195 -38.7617
0 0 196 -32.5274
0 0 197 -10.8055
0 0 198 -37.3508
0 0 199 -31.986
0 0 200 -43.0602
0 0 201 -70.475
0 0 202 -48.9664
0 0 203 -54.2328
0 0 204 -40.7961
0 0 205 -25.6367
0 0 206 -8.63986
0 0 207 -14.7758
0 0 208 -8.63986
0 0 209 10.3914
0 0 210 31.6703
0 0 211 45.7632
0 0 212 56.2961
0 0 213 34.7875
0 0 214 60.8242
0 0 215 68.3382
0 0 216 36.2968
0 0 217 29.2093
0 0 218 27.5851
0 0 219 4.58357
0 0 220 3.92732
0 0 221 -24.1274
0 0 222 -17.5649
0 0 223 -26.2766
0 0 224 -21.9781
0 0 225 -39.7297
0 0 226 -55.6438
0 0 227 -32.0844
0 0 228 -33.5938
0 0 229 -38.7617
0 0 230 -25.3086
0 0 231 -24.0289
0 0 232 -13.9227
0 0 233 -36.6125
0 0 234 -12.7414
0 0 235 -10.8055
0 0 236 -18.1063
0 0 237 -35.9563
0 0 238 -39.7297
0 0 239 -44.8813
0 0 240 -38.975
0 0 241 -44.2414
0 0 242 -59.8273
0 0 243 -55.2008
0 0 244 -39.6149
0 0 245 -42.732
0 0 246 -34.9883
0 0 247 -35.4149
0 0 248 -45.9641
0 0 249 -47.9984
0 0 250 -44.9961
0 0 251 -41.9774
0 0 252 -28.2125
0 0 253 -40.3695
0 0 254 -25.7516
0 0 255 -39.2867
0 0 256 -53.1664
0 0 257 -64.4539
0 0 258 -56.4969
0 0 259 -36.2844
0 0 260 -23.6024
0 0 261 -36.1695
0 0 262 -27.5727
0 0 263 -31.1164
0 0 264 -23.8156
0 0 265 -35.3164
0 0 266 -17.3516
0 0 267 -17.1383
0 0 268 -16.925
0 0 269 -6.27737
0 0 270 13.7218
0 0 271 -4.55471
0 0 272 -13.168
0 0 273 -29.3938
0 0 274 -41.4359
0 0 275 -34.4469
0 0 276 -25.9649
0 0 277 -38.975
0 0 278 -46.5055
0 0 279 -56.7102
0 0 280 -46.0625
0 0 281 -56.7102
0 0 282 -48.6547
0 0 283 -23.1594
0 0 284 -8.63986
0 0 285 -4.99768
0 0 286 16.5109
0 0 287 7.58591
0 0 288 6.83122
0 0 289 21.6789
0 0 290 42.3179
0 0 291 42.1047
0 0 292 49.4218
0 0 293 51.7843
0 0 294 49.6351
0 0 295 37.0515
0 0 296 55.8695
0 0 297 31.2437
0 0 298 43.1875
0 0 299 49.2086
0 0 300 44.3687
0 0 301 41.7765
0 0 302 22.4336
0 0 303 11.3593
0 0 304 4.04216
0 0 305 -0.469555
0 0 306 28.7664
0 0 307 22.8601
0 0 308 20.7109
0 0 309 10.3914
0 0 310 5.22341
0 0 311 0.711695
0 0 312 1.13826
0 0 313 -11.9867
0 0 314 -15.6289
0 0 315 -12.4133
0 0 316 1.67966
0 0 317 -24.2422
0 0 318 -31.018
0 0 319 -14.6774
0 0 320 -24.9969
0 0 321 -13.8078
0 0 322 13.5086
0 0 323 -1.6508
0 0 324 30.489
0 0 325 53.3921
0 0 326 81.25
0 0 327 88.1242
0 0 328 95.9828
0 0 329 97.4757
0 0 330 119.099
0 0 331 152.962
0 0 332 181.459
0 0 333 192.862
0 0 334 229.415
0 0 335 240.062
0 0 336 263.408
0 0 337 302.866
0 0 338 335.333
0 0 339 372.658
0 0 340 425.453
0 0 341 469.11
0 0 342 521.364
0 0 343 556.211
0 0 344 601.049
0 0 345 656.748
0 0 346 706.311
0 0 347 743.521
0 0 348 752.987
0 0 349 783.847
0 0 350 824.601
0 0 351 892.014
0 0 352 925.023
0 0 353 938.247
0 0 354 958.574
0 0 355 964.808
0 0 356 982.133
0 0 357 993.732
0 0 358 993.732
0 0 359 999.983
0 0 360 978.786
0 0 361 979.656
0 0 362 942.233
0 0 363 929.108
0 0 364 903.203
0 0 365 879.217
0 0 366 858.365
0 0 367 807.718
0 0 368 748.361
0 0 369 717.172
0 0 370 672.006
0 0 371 661.473
0 0 372 617.275
0 0 373 572.765
0 0 374 511.044
0 0 375 450.505
0 0 376 416.626
0 0 377 387.915
0 0 378 369.098
0 0 379 369.524
0 0 380 365.669
0 0 381 333.398
0 0 382 306.311
0 0 383 279.323
0 0 384 254.582
0 0 385 232.762
0 0 386 225.231
0 0 387 220.933
0 0 388 209.104
0 0 389 180.491
0 0 390 156.834
0 0 391 124.037
0 0 392 121.79
0 0 393 104.366
0 0 394 119.312
0 0 395 110.387
0 0 396 131.781
0 0 397 122.544
0 0 398 111.782
0 0 399 120.92
0 0 400 118.886
0 0 401 134.373
0 0 402 134.587
0 0 403 155.439
0 0 404 148.991
0 0 405 134.587
0 0 406 139.738
0 0 407 122.102
0 0 408 131.027
0 0 409 141.674
0 0 410 117.377
0 0 411 131.994
0 0 412 117.377
0 0 413 124.694
0 0 414 119.739
0 0 415 140.821
0 0 416 160.066
0 0 417 174.684
0 0 418 179.425
0 0 419 178.884
0 0 420 160.394
0 0 421 179.737
0 0 422 193.075
0 0 423 204.477
0 0 424 225.986
0 0 425 227.594
0 0 426 228.348
0 0 427 220.391
0 0 428 211.565
0 0 429 193.19
0 0 430 209.416
0 0 431 221.786
0 0 432 214.255
0 0 433 195.011
0 0 434 207.808
0 0 435 202.869
0 0 436 200.277
0 0 437 204.904
0 0 438 200.605
0 0 439 200.704
0 0 440 221.146
0 0 441 231.252
0 0 442 218.029
0 0 443 228.89
0 0 444 236.191
0 0 445 211.04
0 0 446 180.393
0 0 447 183.51
0 0 448 168.023
0 0 449 166.087
0 0 450 160.607
0 0 451 154.471
0 0 452 128.664
0 0 453 131.568
0 0 454 113.833
0 0 455 123.512
0 0 456 118.131
0 0 457 119.526
0 0 458 117.377
0 0 459 125.12
0 0 460 124.152
0 0 461 122.003
0 0 462 114.899
0 0 463 120.28
0 0 464 118.558
0 0 465 124.907
0 0 466 106.089
0 0 467 129.845
0 0 468 155.767
0 0 469 139.738
0 0 470 121.248
0 0 471 122.643
0 0 472 119.641
0 0 473 141.133
0 0 474 138.229
0 0 475 138.13
0 0 476 144.906
0 0 477 149.09
0 0 478 131.469
0 0 479 108.025
0 0 480 117.048
0 0 481 118.558
0 0 482 125.973
0 0 483 141.461
0 0 484 140.608
0 0 485 159.311
0 0 486 167.481
0 0 487 153.191
0 0 488 151.469
0 0 489 152.962
0 0 490 159.852
0 0 491 166.841
0 0 492 182.214
0 0 493 185.987
0 0 494 185.118
0 0 495 181.574
0 0 496 175.553
0 0 497 174.044
0 0 498 165.545
0 0 499 182.755
0 0 500 179.212
0 0 501 145.759
0 0 502 125.12
0 0 503 130.6
0 0 504 99.8546
0 0 505 81.6765
0 0 506 79.7406
0 0 507 83.1859
0 0 508 66.3039
0 0 509 57.3789
0 0 510 32.8515
0 0 511 111.569
0 0 512 99.3132
0 0 513 107.057
0 0 514 96.7374
0 0 515 100.38
0 0 516 118.459
0 0 517 110.387
0 0 518 105.761
0 0 519 131.568
0 0 520 151.026
0 0 521 197.587
0 0 522 199.736
0 0 523 225.543
0 0 524 221.244
0 0 525 204.477
0 0 526 187.48
0 0 527 157.276
0 0 528 152.863
0 0 529 148.45
0 0 530 120.822
0 0 531 109.419
0 0 532 112.209
0 0 533 114.686
0 0 534 104.038
0 0 535 82.2179
0 0 536 90.7164
0 0 537 98.4437
0 0 538 114.358
0 0 539 103.185
0 0 540 82.9726
0 0 541 105.761
0 0 542 120.92
0 0 543 125.973
0 0 544 106.302
0 0 545 91.5695
0 0 546 134.587
0 0 547 126.63
0 0 548 127.811
0 0 549 127.056
0 0 550 122.971
0 0 551 138.459
0 0 552 126.728
0 0 553 112.652
0 0 554 107.598
0 0 555 106.63
0 0 556 81.7914
0 0 557 63.7117
0 0 558 83.3992
0 0 559 88.9937
0 0 560 75.8687
0 0 561 80.3804
0 0 562 98.4437
0 0 563 113.177
0 0 564 118.558
0 0 565 103.284
0 0 566 97.0492
0 0 567 127.483
0 0 568 143.938
0 0 569 133.619
0 0 570 119.099
0 0 571 129.091
0 0 572 127.155
0 0 573 121.888
0 0 574 123.184
0 0 575 111.569
0 0 576 145.448
0 0 577 179.425
0 0 578 198.768
0 0 579 180.491
0 0 580 183.084
0 0 581 196.947
0 0 582 196.094
0 0 583 195.979
0 0 584 200.704
0 0 585 183.182
0 0 586 186.726
0 0 587 161.46
0 0 588 144.791
0 0 589 133.405
0 0 590 127.155
0 0 591 137.491
0 0 592 111.355
0 0 593 114.801
0 0 594 125.448
0 0 595 125.875
0 0 596 126.63
0 0 597 118.984
0 0 598 120.28
0 0 599 121.576
0 0 600 122.102
0 0 601 125.547
0 0 602 93.2921
0 0 603 119.952
0 0 604 121.888
0 0 605 119.526
0 0 606 104.694
0 0 607 97.3773
0 0 608 82.7593
0 0 609 85.975
0 0 610 74.6875
0 0 611 60.5945
0 0 612 50.9312
0 0 613 49.4218
0 0 614 22.6468
0 0 615 6.61794
0 0 616 -7.03205
0 0 617 -10.5758
0 0 618 -15.3172
0 0 619 -6.81877
0 0 620 -2.61877
0 0 621 -6.27737
0 0 622 7.04451
0 0 623 2.20466
0 0 624 14.0336
0 0 625 14.6898
0 0 626 19.4148
0 0 627 13.1804
0 0 628 14.3617
0 0 629 32.3265
0 0 630 30.489
0 0 631 6.94607
0 0 632 10.8179
0 0 633 -3.4883
0 0 634 22.3187
0 0 635 34.2625
0 0 636 54.6882
0 0 637 64.3679
0 0 638 75.3273
0 0 639 81.7914
0 0 640 67.4851
0 0 641 74.0476
0 0 642 102.759
0 0 643 106.089
0 0 644 115.769
0 0 645 103.94
0 0 646 91.0281
0 0 647 65.5492
0 0 648 55.0164
0 0 649 50.7015
0 0 650 43.2859
0 0 651 30.489
0 0 652 28.8812
0 0 653 27.7984
0 0 654 37.3797
0 0 655 20.3828
0 0 656 12.2125
0 0 657 18.9883
0 0 658 32.2117
0 0 659 28.0117
0 0 660 39.7422
0 0 661 34.5742
0 0 662 32.6382
0 0 663 55.5414
0 0 664 37.2648
0 0 665 35.3289
0 0 666 53.0804
0 0 667 47.4859
0 0 668 46.0914
0 0 669 44.3687
0 0 670 48.7656
0 0 671 50.9312
0 0 672 29.0945
0 0 673 42.5312
0 0 674 37.8062
0 0 675 51.7843
0 0 676 37.1664
0 0 677 14.2633
0 0 678 16.0843
0 0 679 6.51951
0 0 680 4.79685
0 0 681 2.31951
0 0 682 -2.19221
0 0 683 22.8601
0 0 684 12.2125
0 0 685 6.51951
0 0 686 13.8203
0 0 687 19.6281
0 0 688 8.24216
0 0 689 -6.72033
0 0 690 11.2445
0 0 691 16.6258
0 0 692 10.0633
0 0 693 3.82888
0 0 694 7.04451
0 0 695 14.1484
0 0 696 -2.40549
0 0 697 -16.4985
0 0 698 -7.36018
0 0 699 7.37263
0 0 700 14.2633
0 0 701 5.86326
0 0 702 -1.97893
0 0 703 7.79919
0 0 704 14.6898
0 0 705 11.8843
0 0 706 11.8843
0 0 707 24.7961
0 0 708 32.9664
0 0 709 10.3914
0 0 710 22.2203
0 0 711 34.5742
0 0 712 33.9343
0 0 713 35.9687
0 0 714 36.4117
0 0 715 71.5703
0 0 716 81.7914
0 0 717 99.5265
0 0 718 65.5492
0 0 719 65.3359
0 0 720 82.1031
0 0 721 64.3679
0 0 722 39.2007
0 0 723 44.2539
0 0 724 32.5398
0 0 725 -8.86955
0 0 726 -25.9649
0 0 727 -37.8922
0 0 728 -14.8906
0 0 729 3.82888
0 0 730 -12.0852
0 0 731 -19.6156
0 0 732 -15.1039
0 0 733 4.25544
0 0 734 13.5086
0 0 735 25.8625
0 0 736 17.5937
0 0 737 37.4781
0 0 738 26.0922
0 0 739 18.0203
0 0 740 18.8734
0 0 741 11.2445
0 0 742 12.4258
0 0 743 17.807
0 0 744 21.6789
0 0 745 31.1453
0 0 746 41.0382
0 0 747 53.3921
0 0 748 34.689
0 0 749 45.2218
0 0 750 33.2945
0 0 751 11.1297
0 0 752 31.457
0 0 753 9.42341
0 0 754 24.6812
0 0 755 -4.34143
0 0 756 -6.17893
0 0 757 -7.24533
0 0 758 -8.75471
0 0 759 17.9054
0 0 760 5.22341
0 0 761 33.8195
0 0 762 40.9234
0 0 763 34.1476
0 0 764 56.2961
0 0 765 41.7765
0 0 766 55.7546
0 0 767 39.2007
0 0 768 31.9984
0 0 769 26.732
0 0 770 1.89294
0 0 771 10.8179
0 0 772 -8.00002
0 0 773 8.98044
0 0 774 -23.8156
0 0 775 -14.3492
0 0 776 -8.54143
0 0 777 -2.30705
0 0 778 13.8203
0 0 779 -2.52034
0 0 780 -5.8508
0 0 781 8.98044
0 0 782 14.2633
0 0 783 3.40232
0 0 784 -10.1492
0 0 785 14.2633
0 0 786 -7.45861
0 0 787 -8.00002
0 0 788 -25.3086
0 0 789 -32.4125
0 0 790 -0.256273
0 0 791 5.64997
0 0 792 9.94841
0 0 793 4.58357
0 0 794 28.0117
0 0 795 9.63669
0 0 796 14.0336
0 0 797 17.9054
0 0 798 8.24216
0 0 799 15.9695
0 0 800 8.12732
0 0 801 15.7562
0 0 802 18.2336
0 0 803 13.3937
0 0 804 13.607
0 0 805 28.9797
0 0 806 33.8195
0 0 807 47.4859
0 0 808 51.7843
0 0 809 36.7234
0 0 810 26.4039
0 0 811 35.4437
0 0 812 46.8297
0 0 813 38.8726
0 0 814 30.8172
0 0 815 43.7125
0 0 816 0.170289
0 0 817 7.58591
0 0 818 10.3914
0 0 819 -5.3094
0 0 820 -6.60549
0 0 821 -7.24533
0 0 822 -18.6477
0 0 823 -34.0203
0 0 824 -25.85
0 0 825 -22.6344
0 0 826 -28.4258
0 0 827 9.63669
0 0 828 1.89294
0 0 829 -29.2953
0 0 830 -22.6344
0 0 831 -27.9008
0 0 832 -11.2321
0 0 833 9.94841
0 0 834 25.6492
0 0 835 17.1672
0 0 836 21.7773
0 0 837 22.532
0 0 838 13.7218
0 0 839 -11.0188
0 0 840 1.7781
0 0 841 -1.55237
0 0 842 29.5211
0 0 843 38.0195
0 0 844 18.1351
0 0 845 -2.09377
0 0 846 -0.371117
0 0 847 -3.16018
0 0 848 -14.9891
0 0 849 -11.7735
0 0 850 11.0312
0 0 851 29.9476
0 0 852 22.3187
0 0 853 5.64997
0 0 854 -12.2985
0 0 855 -7.03205
0 0 856 -22.8477
0 0 857 -18.861
0 0 858 1.56482
0 0 859 -2.9469
0 0 860 6.07654
0 0 861 4.68201
0 0 862 7.91404
0 0 863 28.0117
0 0 864 20.8093
0 0 865 13.7218
0 0 866 2.53279
0 0 867 10.8179
0 0 868 11.5726
0 0 869 -32.7406
0 0 870 -28.1141
0 0 871 -47.1453
0 0 872 -11.4453
0 0 873 -36.1695
0 0 874 -50.5906
0 0 875 -51.2305
0 0 876 -50.2625
0 0 877 -37.6789
0 0 878 -31.2313
0 0 879 -30.05
0 0 880 -2.09377
0 0 881 9.52185
0 0 882 13.7218
0 0 883 -14.2344
0 0 884 -4.7844
0 0 885 -13.5946
0 0 886 -18.861
0 0 887 -37.8922
0 0 888 -41.0094
0 0 889 -48.868
0 0 890 -51.8703
0 0 891 -64.0273
0 0 892 -49.5078
0 0 893 -42.1906
0 0 894 -46.2758
0 0 895 -58.0063
0 0 896 -48.4414
0 0 897 -51.0172
0 0 898 -40.4844
0 0 899 -24.1274
0 0 900 -13.3813
0 0 901 -19.1891
0 0 902 -15.8586
0 0 903 -41.2227
0 0 904 -30.5914
0 0 905 -31.6578
0 0 906 -13.4797
0 0 907 -12.7414
0 0 908 17.0523
0 0 909 30.2757
0 0 910 30.0625
0 0 911 22.8601
0 0 912 16.0843
0 0 913 41.7765
0 0 914 53.6054
0 0 915 44.6804
0 0 916 51.1445
0 0 917 27.0601
0 0 918 12.639
0 0 919 6.07654
0 0 920 -9.60783
0 0 921 -16.2852
0 0 922 -7.45861
0 0 923 9.42341
0 0 924 0.38357
0 0 925 -6.93362
0 0 926 -19.1891
0 0 927 -3.37346
0 0 928 -0.797679
0 0 929 18.6601
0 0 930 27.3718
0 0 931 32.1132
0 0 932 20.8093
0 0 933 25.2226
0 0 934 9.63669
0 0 935 -5.42424
0 0 936 -18.5328
0 0 937 -12.4133
0 0 938 -41.4359
0 0 939 -30.1485
0 0 940 -36.0711
0 0 941 -64.0273
0 0 942 -71.2297
0 0 943 -51.0172
0 0 944 -41.7641
0 0 945 -38.8602
0 0 946 -31.7727
0 0 947 -18.3195
0 0 948 -14.2344
0 0 949 -4.55471
0 0 950 0.924976
0 0 951 9.21013
0 0 952 27.1586
0 0 953 40.8086
0 0 954 5.43669
0 0 955 -6.72033
0 0 956 -16.3836
0 0 957 -23.4875
0 0 958 -22.1914
0 0 959 -17.893
0 0 960 -27.1461
0 0 961 -21.4367
0 0 962 -14.136
0 0 963 -46.7188
0 0 964 -32.5274
0 0 965 -6.27737
0 0 966 -9.08283
0 0 967 12.2125
0 0 968 -7.24533
0 0 969 -4.24299
0 0 970 -12.8399
0 0 971 -9.60783
0 0 972 -38.975
0 0 973 -61.3367
0 0 974 -47.0305
0 0 975 -68.2109
0 0 976 -67.1445
0 0 977 -57.2516
0 0 978 -56.0703
0 0 979 -38.007
0 0 980 -40.5828
0 0 981 -29.7219
0 0 982 -20.2555
0 0 983 -14.136
0 0 984 -22.093
0 0 985 -28.5406
0 0 986 -11.0188
0 0 987 -11.3305
0 0 988 -16.7117
0 0 989 -23.061
0 0 990 -16.925
0 0 991 -41.1242
0 0 992 -44.9961
0 0 993 -40.6977
0 0 994 -32.0844
0 0 995 -1.6508
0 0 996 17.0523
0 0 997 32.5398
0 0 998 4.25544
0 0 999 11.2445
0 0 1000 12.2125
0 0 1001 -4.45627
0 0 1002 25.6492
0 0 1003 18.775
0 0 1004 -5.52268
0 0 1005 -2.19221
0 0 1006 -16.0719
0 0 1007 -28.9672
0 0 1008 -64.1258
0 0 1009 -28.5406
0 0 1010 -31.4445
0 0 1011 -35.5297
0 0 1012 -37.1375
0 0 1013 -48.7531
0 0 1014 -43.3719
0 0 1015 -1.22424
0 0 1016 1.7781
0 0 1017 -3.91487
0 0 1018 -5.3094
0 0 1019 -2.40549
0 0 1020 -20.7969
0 0 1021 -31.4445
0 0 1022 -29.3938
0 0 1023 -18.2211
