0 0 0 0.00267047 0.0127135 0.0235092 -0.0068049
0 0 1 0.00595819 -0.0484498 -0.0288904 0.012946
0 0 2 0.0388516 0.0251105 -0.0143137 2.41485e-06
0 0 3 0.00161775 -0.0281607 -0.0121966 0.00377075
0 0 4 0.0143314 0.0132208 -0.0253665 -0.0273095
0 0 5 0.0281625 0.0254863 -0.0137561 -0.00496693
0 0 6 -0.0416409 0.0181157 0.0162633 -0.0294684
0 0 7 -0.0245383 -0.0147207 0.0267331 -0.00557959
0 0 8 -0.0034191 0.00761182 0.00522468 -0.0190873
0 0 9 0.0281787 -0.0148758 0.00292354 0.0120708
0 0 10 0.0147524 0.0129718 0.00986091 -0.0119931
0 0 11 0.0390783 0.0399597 0.0138178 0.00421323
0 0 12 0.0512251 -0.021086 -0.0346588 0.0162816
0 0 13 -0.0265303 0.0122296 0.029071 0.0287536
0 0 14 0.0197407 0.0170447 0.00102433 -0.0268233
0 0 15 0.00328591 0.0044738 -0.0272459 0.0191164
0 0 16 0.002962 0.000245929 -0.037076 0.0232494
0 0 17 0.0184774 0.00273568 -0.0142005 -0.0131989
0 0 18 -0.0162299 0.0161991 0.0465489 0.0318996
0 0 19 0.036568 0.003492 -0.0321284 -0.0046995
0 0 20 -0.0211372 -0.0118223 -0.00217405 -0.028389
0 0 21 -0.0163109 0.00672867 -0.00831324 -0.0166318
0 0 22 -0.0479248 -0.00461613 -0.00404496 -0.0145458
0 0 23 -0.0251375 0.0104586 0.0078966 0.00867688
0 0 24 0.0155298 0.00624011 0.00730504 -0.0113075
0 0 25 0.0188338 -0.0194513 0.0106251 0.00661524
0 0 26 -0.0181734 0.0172561 0.0259236 0.0245574
0 0 27 -0.0141406 -0.0379365 0.0351168 0.0440215
0 0 28 -0.00793769 0.00278265 -0.0227286 0.00139305
0 0 29 -0.0360534 -0.019874 -0.00888782 -0.00739811
0 0 30 -0.0121 -0.0110284 -0.0260543 -0.00701885
0 0 31 -0.000860183 0.00740043 0.0238942 0.00880817
0 0 32 -0.0162299 0.0145314 0.0261047 -0.00685353
0 0 33 -0.0397136 -0.00749108 0.0213439 -0.0360569
0 0 34 0.0300574 0.0118162 -0.0401272 0.00315809
0 0 35 0.0130357 0.0198492 0.0130593 0.00627487
0 0 36 -0.00426127 -0.0267232 0.026767 -0.00415491
0 0 37 -0.0310003 -0.0248441 -0.00207499 -0.000892261
0 0 38 0.00463015 -0.0064623 0.00317545 0.00480157
0 0 39 -0.038175 -0.0052644 0.0437694 -0.0290794
0 0 40 -0.000892574 0.00657365 -0.00930672 0.0304409
0 0 41 0.00291341 -0.00567779 0.000305401 -0.0439048
0 0 42 -0.0131689 -0.0155005 -0.013408 -0.0114387
0 0 43 -0.0156144 -0.00843061 -0.0303736 0.0334507
0 0 44 -0.0225624 -0.00412287 0.00136115 -0.0169186
0 0 45 -0.00545975 0.0115954 0.0184088 0.017152
0 0 46 0.00249232 -0.0233362 -0.0487911 -0.00263299
0 0 47 -0.0249917 0.00127001 -0.000283327 -0.0180321
0 0 48 -0.0452525 0.0139114 0.00650403 -0.00141253
0 0 49 -0.0149018 -0.0134242 -0.00780659 0.0234634
0 0 50 0.012809 -0.0350756 -0.00724051 0.00672221
0 0 51 -0.00560551 -0.0628011 0.00775225 0.016058
0 0 52 0.00994233 0.0164528 0.0105997 0.0140255
0 0 53 -0.0213639 -0.0437709 0.0138829 -0.00368326
0 0 54 -0.0221899 -0.0152563 0.00958353 -0.00452931
0 0 55 0.0172466 -0.0105539 -0.0196717 0.0187371
0 0 56 -0.0221737 0.0272855 0.00023181 0.00886652
0 0 57 -0.00429366 -0.0105351 0.0487509 0.00685349
0 0 58 0.00607156 -0.0185916 0.0137867 -0.0404768
0 0 59 0.0187366 -0.00475705 0.0127083 -0.0247179
0 0 60 0.0379122 0.0125443 0.000429939 0.00844835
0 0 61 -0.0022854 -0.0144859 0.00306506 0.00234608
0 0 62 0.0103148 -0.00647639 0.0134782 0.00431048
0 0 63 -0.00205866 -0.00200894 0.0132886 -0.00384858
0 0 64 -0.00816443 0.0295357 -0.0177952 0.0174535
0 0 65 -0.016327 -0.0298471 -0.00264673 -0.0225104
0 0 66 0.0513223 0.0244059 -0.0328785 0.000498377
0 0 67 -0.00426127 0.0177587 0.00985808 0.0120562
0 0 68 -0.00555693 -0.0365225 0.0198636 0.00445635
0 0 69 0.0181535 -0.0276627 -0.00680745 0.0296775
0 0 70 0.00825798 -0.00885809 -0.00290996 -0.0269497
0 0 71 -0.0148532 0.0193935 0.0178455 0.0104565
0 0 72 -0.0306602 0.000175464 0.00181685 0.00471405
0 0 73 -0.0273563 -0.0132269 0.0301437 0.0053413
0 0 74 0.00608776 -0.0122075 0.0298692 -0.0140936
0 0 75 -0.00418029 -0.00453627 -0.0179848 -0.0465645
0 0 76 -0.0104318 -0.00301423 -0.00313073 -0.00565252
0 0 77 -0.0289921 -0.0117002 0.0121366 -0.0292545
0 0 78 -0.00879606 -0.0044752 -0.00201555 -0.00876444
0 0 79 0.0101205 0.0163212 -0.0336512 -0.00331372
0 0 80 -0.0170235 -0.00583281 0.0211713 -0.0187226
0 0 81 0.0210688 -0.0126538 -0.0379081 0.0281653
0 0 82 0.00187689 -0.00298604 0.0341686 -0.0116381
0 0 83 0.0463988 -0.00750517 0.0102742 -0.0104176
0 0 84 0.0354343 -0.0140443 0.0029292 0.0222526
0 0 85 0.0289237 0.00138745 0.0221138 -0.0187274
0 0 86 -0.00359725 0.0136718 0.0196485 -0.0239156
0 0 87 -0.0323932 -0.000158068 -0.0079651 0.00621166
0 0 88 -0.0107233 0.0160582 -0.00171269 0.00690698
0 0 89 -0.00283605 0.00333697 0.0241121 -0.0209641
0 0 90 -0.00960584 -0.00661732 0.0177068 0.00714037
0 0 91 -0.0241496 -0.010056 -0.000153128 -0.00148061
0 0 92 0.002962 0.00290479 0.00986657 0.00838514
0 0 93 -0.00445562 -0.020621 0.00195837 -0.00788435
0 0 94 0.00735102 -0.00974594 -0.00188818 -0.0130725
0 0 95 0.00829037 0.0147334 -0.0182961 -0.0298185
0 0 96 -0.0097516 0.034487 -0.0271582 0.0217567
0 0 97 -0.0185782 -0.00420743 -0.00870101 0.0195783
0 0 98 0.0107845 0.0133101 -0.0341805 -0.0209641
0 0 99 0.000484058 0.0182285 0.0135206 0.00289553
0 0 100 0.013392 0.0230858 -0.00738769 0.0270469
0 0 101 0.0161453 0.0028954 -0.0364165 -0.00848728
0 0 102 0.0323085 0.0233301 0.0262802 -0.025068
0 0 103 -0.00141084 0.0424542 0.0406672 -0.00136391
0 0 104 0.0267534 -0.00987748 -0.0153384 0.0129315
0 0 105 0.0143799 0.0292022 0.000141236 -0.00440289
0 0 106 0.000127753 0.0188392 -0.0317888 0.00841918
0 0 107 0.0394832 -0.0261689 -0.0341154 0.0241295
0 0 108 -0.0111606 -0.00312697 -0.0414377 -0.0141422
0 0 109 -0.0245544 -0.0159421 -0.00288449 -0.0324345
0 0 110 -0.00409932 -0.00971776 0.0155982 0.00324562
0 0 111 0.0129547 0.000762669 -0.00161363 -0.00856994
0 0 112 0.0543185 0.00879563 -0.0294791 0.0103836
0 0 113 0.0193844 0.0419844 -0.0142939 0.00385827
0 0 114 0.0130843 0.0366573 -0.0138948 0.0118909
0 0 115 0.0330859 0.0105338 0.00732768 -0.0133788
0 0 116 0.0330697 0.0646505 -0.0382874 -0.0069605
0 0 117 0.0532981 0.0155179 -0.0435237 0.0204535
0 0 118 0.0600193 0.0563827 -0.0164281 0.00137847
0 0 119 0.0765065 0.0105009 -0.0664558 -0.00749536
0 0 120 0.0377179 0.0302122 -0.0320265 -0.0650561
0 0 121 0.0603109 0.0513938 -0.0762972 -0.0514123
0 0 122 0.0909531 0.0626165 -0.0441974 -0.00296849
0 0 123 0.0843776 0.0653223 -0.0232862 0.00431048
0 0 124 0.0534601 0.0576839 -0.0335918 0.0120076
0 0 125 0.0369729 0.0248099 -0.0452531 -0.0593282
0 0 126 0.0893011 0.0236824 -0.0718421 0.00685836
0 0 127 -0.00307899 0.031612 -0.0102379 -0.000960335
0 0 128 0.0693966 0.037174 -0.0341097 -0.0148959
0 0 129 0.0121611 0.0193935 -0.00161646 0.0383033
0 0 130 0.0195949 0.0196613 -0.0556691 -0.00354712
0 0 131 0.021004 0.0374559 0.00140644 -0.00579839
0 0 132 0.0172142 0.0285586 0.000526174 0.0144777
0 0 133 0.0404712 -0.0117049 -0.0188594 -0.021217
0 0 134 0.0155298 0.0289532 -0.0256751 -2.44752e-06
0 0 135 0.0637119 -0.00758503 -0.0218936 0.00964936
0 0 136 0.0267696 0.052836 -0.0198076 -0.02429
0 0 137 -0.00128127 0.00158006 -0.00799623 -0.0151098
0 0 138 -0.0245706 -0.0192868 -0.0077981 -0.0262301
0 0 139 -0.0189345 0.0474478 -0.0144185 -0.0109525
0 0 140 0.0176029 0.0220993 0.0111063 0.0211878
0 0 141 0.00696233 0.00886609 -0.012791 -0.0141811
0 0 142 0.00398232 -0.0200948 0.00296883 -0.04319
0 0 143 0.00150439 0.0294464 -0.0144439 0.014925
0 0 144 0.00244373 0.029484 -0.0133089 -0.0195249
0 0 145 0.0338795 0.0154663 -0.0204105 -0.012241
0 0 146 0.0260732 -0.00658913 0.0338714 0.0158732
0 0 147 0.00971559 -0.0204847 -0.0113276 -0.00686811
0 0 148 0.0131815 -0.0236369 -0.000973951 -0.0120903
0 0 149 -0.015906 -0.00339944 -0.00551678 -0.0235947
0 0 150 -0.00835878 -0.0285177 -0.0242598 -0.00258923
0 0 151 0.0228017 0.0204505 -0.00862176 -0.000610244
0 0 152 -0.0152095 0.0140429 0.0178569 0.0470556
0 0 153 0.002962 -0.0138752 0.0178795 0.0023947
0 0 154 -0.00247975 -0.00858563 0.012162 0.0369856
0 0 155 0.011238 -0.011531 0.0103166 0.000493514
0 0 156 0.0103634 0.0209578 -0.00247408 -0.0240615
0 0 157 0.00307536 0.0242462 0.0275199 -0.0299595
0 0 158 0.0200646 0.0240442 -0.0284659 -0.003304
0 0 159 0.0178296 -0.00377525 -0.00830758 0.0114241
0 0 160 -0.00222062 0.0116706 -0.0189273 0.013019
0 0 161 -0.0245383 0.00934995 0.0569422 -0.0183287
0 0 162 -0.0219955 0.022306 -0.000874886 0.0141227
0 0 163 -0.0037754 -0.0126491 -0.012423 0.0076801
0 0 164 0.0407951 0.00382083 -0.015177 0.0271588
0 0 165 -0.00843976 -0.022237 0.0226629 -0.00536564
0 0 166 -0.0270486 -0.0398014 0.0711368 -0.0210322
0 0 167 -0.00413171 -0.0110754 -0.00256182 0.0235898
0 0 168 -0.0281661 -0.0213115 0.0343526 -0.0223013
0 0 169 0.0303975 -0.0129403 -0.0123041 0.027222
0 0 170 0.0321952 -0.00909767 -0.0104672 0.00659579
0 0 171 -0.012181 -0.0182581 -0.0237447 0.00581295
0 0 172 0.0143637 0.030043 0.00223292 0.0169429
0 0 173 -0.00505486 0.000941179 -0.00692916 -0.0125717
0 0 174 0.0174085 -0.00174587 -0.0112654 -0.0082004
0 0 175 -0.01359 0.0277318 -0.023507 0.0527543
0 0 176 -0.0261092 -0.0068475 0.0351281 0.0146527
0 0 177 0.0252958 -0.00810177 -0.0170309 -0.0156787
0 0 178 -0.018562 -0.0563888 -0.0173196 -0.0150223
0 0 179 -0.0156468 0.0060616 0.0405908 0.0282188
0 0 180 0.0254416 0.015673 -0.0102351 -0.00789894
0 0 181 -0.0154687 0.0262426 0.000809216 0.0352789
0 0 182 0.0160643 0.0143952 0.0282077 0.0504252
0 0 183 0.0139103 0.020939 6.48147e-05 0.0112977
0 0 184 0.00582863 -0.00338534 -0.0428642 0.0193935
0 0 185 0.012728 0.0216812 0.0213892 0.000323331
0 0 186 -0.0231616 -0.0357802 0.0219978 -0.0210954
0 0 187 -0.00746802 -0.0056496 -0.0012202 -0.0121681
0 0 188 0.0036746 0.0138315 0.00768432 -0.0265461
0 0 189 0.00590961 0.0207323 0.0591329 0.0174243
0 0 190 -0.0142054 0.0112666 0.00217065 -0.00900756
0 0 191 0.013473 0.0214792 -0.00668008 0.00697505
0 0 192 0.0179916 0.0101626 0.0136027 0.0575826
0 0 193 0.0356449 0.0318047 0.000894129 0.00434451
0 0 194 0.0190767 0.0478471 0.0190088 0.00303653
0 0 195 0.0315959 -0.00152038 -0.0266827 -0.0183482
0 0 196 0.0921677 0.0143905 0.0118054 0.0150417
0 0 197 0.0837784 0.0258058 -0.0206737 -0.0070772
0 0 198 0.125191 0.0188674 -0.0101021 0.019943
0 0 199 0.172401 0.0632177 -0.0339257 -0.0172736
0 0 200 0.203416 0.0804816 -0.0146336 0.0191358
0 0 201 0.283098 0.113492 -0.000656943 -0.00798646
0 0 202 0.376499 0.119575 -0.0159469 0.012275
0 0 203 0.393488 0.130793 -0.00466482 0.024995
0 0 204 0.507457 0.131653 0.0109195 0.0365966
0 0 205 0.639484 0.10125 0.00160173 0.0705506
0 0 206 0.658854 0.0506375 -0.0403451 0.0461366
0 0 207 0.769082 0.0350225 -0.0341324 0.107286
0 0 208 0.829346 -0.0517569 0.00927501 0.105808
0 0 209 0.883553 -0.100443 -0.0072122 0.114458
0 0 210 0.981261 -0.129479 -0.0160148 0.153595
0 0 211 1 -0.124622 -0.0230994 0.176895
0 0 212 0.985391 -0.17119 0.0021565 0.141269
0 0 213 0.930456 -0.162903 -0.00914255 0.170215
0 0 214 0.834043 -0.166431 0.0205118 0.169052
0 0 215 0.657089 -0.122001 0.0456375 0.119977
0 0 216 0.587577 -0.151366 0.0512643 0.155112
0 0 217 0.509012 -0.118468 -0.004328 0.116291
0 0 218 0.430738 -0.102454 -0.0147638 0.105462
0 0 219 0.376434 -0.0682315 -0.00761129 0.089718
0 0 220 0.298857 -0.0207901 0.0156916 0.0727338
0 0 221 0.278434 -0.00306121 -0.00130228 0.0710076
0 0 222 0.256343 -0.00409469 0.0301381 0.0617302
0 0 223 0.235532 0.00802522 -0.00494504 0.0751747
0 0 224 0.221992 0.0152925 0.000712982 0.0803482
0 0 225 0.219077 -0.00115397 0.00845419 0.0401899
0 0 226 0.201812 -0.013396 -0.0195981 0.0226562
0 0 227 0.182669 0.011835 -0.00383834 -0.0176285
0 0 228 0.162651 0.0140476 0.0132206 0.0391834
0 0 229 0.129013 0.00742392 0.0283549 0.016374
0 0 230 0.143378 -0.00945939 0.0118875 0.0373114
0 0 231 0.122097 -0.058249 0.0156152 0.0497542
0 0 232 0.126551 -0.0496477 -0.0152874 -0.0142832
0 0 233 0.108558 -0.0274278 -0.00261843 0.00401387
0 0 234 0.126665 -0.056215 0.0487226 0.0309952
0 0 235 0.105902 0.0201498 -0.0254486 -0.0153384
0 0 236 0.1197 0.0094533 -0.0116956 -0.000182355
0 0 237 0.135653 -0.00259614 -0.00030314 0.0316905
0 0 238 0.0946457 0.00539924 -0.000175771 -0.00374161
0 0 239 0.138601 -0.0452695 0.00453122 0.00802046
0 0 240 0.0971236 0.012037 -0.00531582 -0.0044661
0 0 241 0.0967025 -0.00519863 0.0169596 0.00855532
0 0 242 0.0779479 -0.0105211 0.0160397 0.0435741
0 0 243 0.117967 0.00115257 -0.00369116 0.0441382
0 0 244 0.0884751 -0.0094312 0.00692293 0.0300178
0 0 245 0.0957632 0.00952376 -0.0195727 0.0202736
0 0 246 0.0704494 -0.0519166 0.0109336 0.0235509
0 0 247 0.0906615 -0.0258166 0.000732795 0.00709175
0 0 248 0.083665 -0.00470538 0.0268123 0.00260865
0 0 249 0.056764 -0.0120196 0.0227761 -0.014823
0 0 250 0.110841 -0.00533017 -0.0307642 -0.00565252
0 0 251 0.098565 -0.00555095 0.019456 0.00356653
0 0 252 0.0873414 -0.0320315 0.0175993 0.0266579
0 0 253 0.115036 -0.0279164 -0.00309677 0.0173757
0 0 254 0.135961 -0.00879232 -0.0178716 0.0189802
0 0 255 0.0876006 -0.0171541 -0.0270025 -0.00333803
0 0 256 0.109546 -0.0280338 0.00524449 -0.0169381
0 0 257 0.118259 0.0111444 0.0116328 -0.0281313
0 0 258 0.0838594 -0.0322993 0.0417173 0.0186788
0 0 259 0.0938359 -0.00292967 0.0150123 -0.00134932
0 0 260 0.0988404 -0.0325859 -0.00561018 0.00888597
0 0 261 0.105497 -0.018803 -0.00192497 0.0542422
0 0 262 0.109902 -0.0408208 -0.0130033 0.016515
0 0 263 0.118842 0.00740043 -0.0126155 -0.016374
0 0 264 0.153808 0.006273 0.0239932 -0.0175507
0 0 265 0.128106 -0.00517984 0.013699 -0.0393828
0 0 266 0.0901433 -0.0129122 -0.0139033 -0.0103058
0 0 267 0.100703 -0.0493517 0.0321845 0.00274965
0 0 268 0.122502 -0.0168864 0.00610494 0.0277131
0 0 269 0.132738 0.00632937 -0.016295 -0.00329913
0 0 270 0.129256 0.0224611 -0.0269884 0.0201715
0 0 271 0.129207 0.0046805 -0.0273733 0.0187225
0 0 272 0.13737 0.0126383 -0.024107 0.0170207
0 0 273 0.111295 -0.0140302 -0.00261277 0.0243726
0 0 274 0.140658 0.0225174 -0.0411546 -0.0156982
0 0 275 0.137078 0.00689308 -0.012808 0.0167776
0 0 276 0.114032 0.00927948 -0.0039459 0.00875954
0 0 277 0.128738 -0.0312047 -0.054268 0.0115262
0 0 278 0.162327 0.00220484 -0.00490541 0.0214795
0 0 279 0.119846 0.00329 -0.023923 -0.0192088
0 0 280 0.177924 -0.0101922 -0.0347409 0.022875
0 0 281 0.161874 -0.0239563 -0.038245 0.0154453
0 0 282 0.166635 -0.0132598 -0.023991 0.0320746
0 0 283 0.188467 0.0408241 0.00906273 -0.028457
0 0 284 0.194767 -0.00363902 -0.0267195 0.0265072
0 0 285 0.200079 0.027403 -0.0263572 0.0308542
0 0 286 0.164093 -0.0397826 -0.0245457 0.00638671
0 0 287 0.200744 0.0437413 -0.0455022 0.0222575
0 0 288 0.247419 0.0106653 -0.0464022 0.0432435
0 0 289 0.244472 0.0458976 -0.0336031 0.00911936
0 0 290 0.226543 0.026642 -0.0426887 0.0250582
0 0 291 0.264312 0.034581 -0.0368099 -0.0197972
0 0 292 0.299132 0.0151139 -0.0176565 0.0500362
0 0 293 0.296881 0.00910097 -0.0660143 0.0524188
0 0 294 0.325985 0.0319127 -0.0207897 0.047994
0 0 295 0.325272 0.0276942 0.0151595 0.0509795
0 0 296 0.363721 0.052695 -0.0346786 0.0541644
0 0 297 0.374863 0.0347923 -0.00227312 0.0791424
0 0 298 0.378766 0.0680093 -0.0214775 0.0394606
0 0 299 0.409198 0.0442769 -0.0206171 0.125563
0 0 300 0.40855 0.0684603 -0.00320149 0.0901508
0 0 301 0.439694 0.0650216 -0.0224484 0.114025
0 0 302 0.414121 0.0596569 0.0161303 0.124017
0 0 303 0.444861 0.0992674 0.0066314 0.133883
0 0 304 0.468911 0.0678449 -0.00465067 0.145742
0 0 305 0.47445 0.0449111 -0.00691501 0.123881
0 0 306 0.450707 0.086208 -0.000999425 0.11863
0 0 307 0.467664 0.0530756 -0.0208152 0.146992
0 0 308 0.480054 0.0845403 -0.0311887 0.0872139
0 0 309 0.515004 0.054001 0.0042312 0.104227
0 0 310 0.49165 0.03079 0.00621249 0.0824536
0 0 311 0.489529 0.0362439 -0.00628666 0.100639
0 0 312 0.52375 0.0151609 0.0206448 0.0541887
0 0 313 0.491132 0.0349427 0.0224421 0.0290551
0 0 314 0.517207 -0.0236838 0.0282728 -0.0075294
0 0 315 0.399173 -0.0383217 0.0415277 -0.0820793
0 0 316 0.448764 -0.0530535 0.032626 -0.0408318
0 0 317 0.460959 -0.15898 0.0420853 -0.0648713
0 0 318 0.453914 -0.147344 0.0152246 -0.14176
0 0 319 0.460279 -0.15681 0.0149642 -0.127771
0 0 320 0.4819 -0.176202 0.00572849 -0.0685424
0 0 321 0.458935 -0.108124 -0.0149223 -0.0249026
0 0 322 0.465769 -0.104323 0.00108377 0.00537533
0 0 323 0.465122 -0.0644405 -0.0291225 0.0456309
0 0 324 0.420454 -0.0911748 -0.0470731 0.0302464
0 0 325 0.375025 -0.0697911 0.00424535 0.0461755
0 0 326 0.323248 -0.0302981 -0.00346755 0.0204195
0 0 327 0.241978 -0.0486095 -0.056255 0.0120951
0 0 328 0.168336 -0.0694905 -0.053767 -0.019024
0 0 329 0.150877 -0.0127994 -0.10793 -0.00614848
0 0 330 0.0922811 -0.0284144 -0.052148 0.0379386
0 0 331 0.10378 -0.0156086 -0.050328 0.0142443
0 0 332 0.0710972 0.00253368 -0.0477156 0.025277
0 0 333 0.0979658 0.0139489 -0.0599741 -0.007296
0 0 334 0.0453137 -0.0307679 -0.0262949 0.00178204
0 0 335 0.000322101 0.0388182 0.000407296 0.0105051
0 0 336 0.0515328 0.0130282 -0.0299377 -0.00900756
0 0 337 -0.0119704 -0.00379404 0.000795064 0.0254812
0 0 338 0.00477591 -0.00671597 -0.00712163 0.0152265
0 0 339 0.0227207 0.0249461 -0.0188056 0.000746358
0 0 340 0.032762 0.0234476 -0.0128589 -0.00900756
0 0 341 0.0499294 0.0186513 -0.0154714 -0.000610244
0 0 342 -0.00803486 0.00591598 -0.00973411 -0.000571345
0 0 343 0.0133272 0.0342709 0.0107242 0.00354708
0 0 344 0.014801 0.00342153 -0.0453974 0.0217469
0 0 345 0.0118372 0.00437515 -0.0164309 0.0240663
0 0 346 0.037977 -0.0245153 0.0282304 0.00224397
0 0 347 0.0265105 0.0262802 -0.0303141 0.00397011
0 0 348 0.017943 -0.0276627 0.077559 -0.0111956
0 0 349 -0.000763009 0.0144187 -0.0171979 0.0269594
0 0 350 -0.0305792 -0.00348399 0.00622948 0.0148715
0 0 351 0.00516461 0.00621663 -0.0101926 -0.0122459
0 0 352 0.022575 0.0135872 -0.0148374 0.0190726
0 0 353 0.00709189 -0.0209075 0.0216298 0.012878
0 0 354 -0.00942769 -0.02149 0.00586152 0.0136219
0 0 355 0.0104282 -0.0134195 -0.00954447 -0.0225882
0 0 356 0.00752917 0.0417683 0.0295012 -0.0195929
0 0 357 -0.0288787 -0.00636834 0.0301692 0.0323323
0 0 358 -0.0133147 0.0243918 0.0183097 0.00996055
0 0 359 -0.00209105 -0.0244402 0.00411515 0.00960073
0 0 360 0.0116915 -0.0259622 0.000294079 0.00445635
0 0 361 0.000111557 0.0080534 -0.00862742 0.00418405
0 0 362 0.0119668 -0.00160964 -0.0299886 -0.000474097
0 0 363 0.0114647 -0.00926209 -0.0267563 -0.0161796
0 0 364 -0.044799 0.00953316 -0.0170876 -0.0194811
0 0 365 -0.00960584 -0.000496298 -0.00749808 -0.017648
0 0 366 0.048731 0.0273137 -0.0160714 0.00132012
0 0 367 -0.00545975 0.0188439 -0.019935 -0.011711
0 0 368 0.00433863 -0.0220397 0.010277 -0.00770444
0 0 369 -0.0100755 -0.0142651 0.0396738 0.0154502
0 0 370 -0.00656106 0.0429615 0.0282389 0.00996055
0 0 371 0.0118372 -0.0221712 -0.0283102 -0.0332173
0 0 372 -0.0192747 0.00810507 0.00597757 -0.0218248
0 0 373 -0.00915237 -0.0135698 0.0427108 -0.00037685
0 0 374 0.012566 -0.00396315 -0.0375317 -0.0245088
0 0 375 -0.0184973 -0.0306504 0.00207159 -0.0371023
0 0 376 -0.0226757 0.00145792 0.00955523 -0.00388748
0 0 377 0.0112704 -0.0212645 -0.0110361 -0.0120854
0 0 378 0.00574765 -0.0172293 -0.019434 -0.0349289
0 0 379 0.00981276 -0.0152798 -0.00257314 0.0109865
0 0 380 0.0231742 0.02908 -0.00313356 0.0196464
0 0 381 0.0115619 0.00330409 -0.00510637 0.00572056
0 0 382 0.00650885 -0.0248348 0.000721473 -0.00602206
0 0 383 -0.0203922 -0.0179433 -0.00149758 -0.0415952
0 0 384 0.0070433 -0.00403832 0.0181569 -0.0152265
0 0 385 -0.0133632 0.0101861 0.0235602 -0.012985
0 0 386 -0.046289 0.00397585 0.0323147 -0.0209739
0 0 387 -0.0292188 0.00716555 0.0190371 -0.00367354
0 0 388 0.0109303 -0.00896144 0.00464161 -0.0192817
0 0 389 -0.0196634 -0.0416476 0.0225044 -0.0270226
0 0 390 0.0217814 -0.0297861 0.00508599 -0.000357401
0 0 391 0.0199998 0.0275486 -0.0439568 0.0177014
0 0 392 -0.000730617 -0.00985869 -0.0104955 -0.000974922
0 0 393 0.0444067 0.013902 -0.0225673 -0.00761692
0 0 394 0.0070433 -0.00677234 0.0141207 0.0383762
0 0 395 0.00765874 -0.0284378 -0.0110106 -0.00992168
0 0 396 0.00739961 0.0096506 -0.0172574 0.0280194
0 0 397 -0.0188536 0.015471 -0.00323263 0.0101259
0 0 398 -0.0162461 -0.00175526 0.0197221 0.0144193
0 0 399 -0.0275506 -0.00569658 0.0304296 0.00945973
0 0 400 -0.0249108 -0.0156697 -0.00546866 0.0278541
0 0 401 0.02928 -0.0323463 0.00895801 0.0180321
0 0 402 -0.039082 -0.0340985 0.017871 0.0067368
0 0 403 -0.00178334 0.0280043 -0.0109738 0.0142929
0 0 404 0.0141532 -0.00941241 -0.016997 -0.0338883
0 0 405 -0.00607519 0.0359715 0.0103025 -0.00460225
0 0 406 0.0176677 -0.027193 -0.0253948 0.00723762
0 0 407 -0.00806726 -0.0492108 -0.00414686 0.0280923
0 0 408 0.018526 -0.0101312 -0.0278573 -0.0396356
0 0 409 -0.0107881 -0.00730787 0.0224167 -0.0072571
0 0 410 -0.0290245 -0.0209968 0.0113724 -0.00291987
0 0 411 0.00364221 0.00683202 0.0308174 0.0185183
0 0 412 -0.0141082 0.0218645 0.00958919 -0.00951324
0 0 413 0.00654124 -0.0207572 0.018839 0.0037513
0 0 414 0.0048245 0.0216061 0.0272963 -0.0545631
0 0 415 -0.0161327 -0.0171729 -0.00906047 -0.00561362
0 0 416 -0.0119866 -0.0514751 -0.0156214 -0.0157468
0 0 417 -0.0086665 0.0144845 0.00782018 0.00855532
0 0 418 -0.0197929 -0.0259199 0.0136933 0.020332
0 0 419 0.0180888 0.0164152 -0.0166007 -0.010262
0 0 420 0.00466254 -0.027348 0.00474917 -0.0208474
0 0 421 0.00262189 -0.00115866 0.00195271 0.00134443
0 0 422 -0.0247326 -0.00944999 0.00839758 0.0108358
0 0 423 0.0171332 0.0159266 -0.0189103 0.00827331
0 0 424 -0.0165376 0.00294237 0.0296824 -0.0163108
0 0 425 0.0063145 0.00914795 -0.0386667 -0.0299741
0 0 426 0.00453298 -0.0243415 -0.000846582 -0.00248712
0 0 427 -0.00717649 0.00872047 -0.0229692 0.00136874
0 0 428 -0.0244735 0.0227523 -0.00404779 0.0156252
0 0 429 -0.0097678 0.0151562 0.00751166 0.0140498
0 0 430 0.00686515 -0.0402806 -0.00861326 0.0231765
0 0 431 -0.0613834 0.0153394 0.00306789 0.0229723
0 0 432 -0.00814823 -0.010568 -0.0462692 -0.00546289
0 0 433 0.00343167 0.00585021 -0.00502429 -0.0030706
0 0 434 0.0133272 -0.00870777 -0.0148713 -0.0259529
0 0 435 -0.0370251 0.0268111 0.0178427 0.0511108
0 0 436 0.0333127 -0.00462082 -0.0260685 -0.0117937
0 0 437 0.0466417 0.0202391 -0.0418566 0.0127127
0 0 438 -0.00312758 0.00366581 0.0185588 0.00368809
0 0 439 0.000840363 0.000692205 -0.0182254 0.0361444
0 0 440 0.000257318 0.0281311 0.0173389 0.0112345
0 0 441 -0.0147561 0.0189284 0.00467274 0.0149591
0 0 442 -0.00204247 -0.00733606 0.00233198 0.0303193
0 0 443 0.0224454 -0.0122451 -0.0350579 -0.00045951
0 0 444 0.0181049 -0.0151059 0.0274152 0.035313
0 0 445 0.0266563 0.00511738 -0.0317463 0.0104614
0 0 446 0.0400177 0.0322509 -0.0011183 0.0239107
0 0 447 -0.01657 0.0298363 0.0115365 -0.0037173
0 0 448 0.0221215 0.0107686 -0.0138184 -0.0567269
0 0 449 0.0288589 -0.00932316 -0.00894442 0.0190726
0 0 450 -0.0112254 0.0133195 -0.0165752 0.00812744
0 0 451 0.0378475 0.034642 -0.0338465 0.0284181
0 0 452 0.00432243 0.0007016 0.0154001 -0.0309563
0 0 453 0.00140721 0.0110928 0.00664272 0.000581037
0 0 454 0.0262676 -0.00245521 0.00290939 -0.00807885
0 0 455 -0.0194528 0.0105478 0.00991186 -0.0155961
0 0 456 0.0110598 -0.00301423 0.0112167 -0.0137435
0 0 457 0.0407303 -0.0120102 -0.0121909 -0.0100821
0 0 458 -0.0244897 0.0135308 0.00857307 -0.0106899
0 0 459 0.00717287 -0.00915874 0.00792773 -0.00122776
0 0 460 -0.00568649 -0.00541472 0.0309362 0.0244115
0 0 461 -0.0449448 -0.0213726 0.0210213 0.0160677
0 0 462 -0.000730617 -0.0212411 0.0335487 0.00390204
0 0 463 -0.0133147 0.0134557 -0.0277328 0.00922633
0 0 464 -0.00837497 0.0358117 -0.00454878 -0.0225687
0 0 465 -0.0512935 0.0194687 -0.0204586 0.00831707
0 0 466 -0.00246355 0.00422953 0.0413777 -0.0175216
0 0 467 0.00532656 -0.0182628 0.0390284 0.0125036
0 0 468 -0.0101727 -0.00786689 0.00370474 0.020614
0 0 469 -0.00145942 -0.0110942 0.00755978 -0.0123529
0 0 470 -0.0220765 -0.0004916 0.00635968 -0.00870123
0 0 471 -0.00183192 -0.0138987 0.0261783 0.000328194
0 0 472 -0.00699834 -0.00562142 0.0111997 0.00949376
0 0 473 -0.0254452 0.0202203 -0.0153865 -0.00499124
0 0 474 0.0029458 0.0088426 0.0222978 0.0117596
0 0 475 0.004452 0.010576 -0.00232689 -0.0145166
0 0 476 0.0178782 0.0263836 -0.014993 -0.000911711
0 0 477 -0.0108043 -0.00887218 0.00582756 -0.0171277
0 0 478 -3.42035e-05 0.00680853 -0.00655555 -0.0112345
0 0 479 0.00524558 -0.00651867 -0.0154035 0.00560873
0 0 480 -0.000665835 -0.0135651 -0.0185622 0.00981954
0 0 481 0.0163234 -0.0103097 -0.0251712 0.0301394
0 0 482 -0.0253156 -0.00941241 0.00431045 0.025136
0 0 483 0.015627 -0.00737364 0.00250464 0.0141471
0 0 484 0.021506 -0.0249616 -0.0156497 -0.0166463
0 0 485 -0.0401509 0.0227288 0.0410494 0.0316078
0 0 486 -0.00239877 -0.0251824 -0.0216643 0.00219048
0 0 487 -0.0261254 -0.044546 0.00063656 -0.0106948
0 0 488 0.00689754 -0.00119625 -0.0332125 0.0198798
0 0 489 0.0208096 0.00393827 0.00693142 -0.00715499
0 0 490 0.00723765 -0.0160596 0.00592945 -0.00777252
0 0 491 0.00270286 0.0108955 0.0114884 -0.00670279
0 0 492 -0.021704 -0.00597844 -0.00539507 0.00821982
0 0 493 0.0138293 -0.0180044 -0.0268553 -0.0187226
0 0 494 -0.0235665 -0.00524091 0.0175653 -0.0174
0 0 495 0.0211173 -0.0236322 -0.0478995 -0.0351574
0 0 496 0.0175219 0.00896474 -0.0294593 0.0044758
0 0 497 -0.0249431 -0.0138235 0.0109336 0.00936248
0 0 498 0.0228017 -0.00186331 0.0176644 0.00840945
0 0 499 -0.0544355 0.0346232 -0.00169288 -0.031778
0 0 500 0.00770733 -0.0274513 0.0218534 0.00514194
0 0 501 -0.00479573 -0.00739243 -0.0155308 0.017648
0 0 502 0.0142018 -0.00472417 -0.00595833 -0.00309005
0 0 503 -0.00573508 0.00519724 0.0230931 -0.0204633
0 0 504 -0.0204893 0.022353 0.0358046 -0.0125182
0 0 505 -0.0339317 -0.00197136 0.0157142 -0.0331638
0 0 506 -0.00317616 0.0104398 0.00570868 -0.00718417
0 0 507 -0.014416 0.0256883 0.00364813 -0.0103593
0 0 508 0.0225588 -0.0202405 0.010076 0.0366793
0 0 509 -0.0052978 0.00728769 -0.0123607 0.00967853
0 0 510 -0.00876367 0.0136765 0.0288078 -0.0216692
0 0 511 0.00563428 -0.00805479 -0.00850571 0.0229577
