0 0 0 7.1136 15.7501 9.30161 9.13504
0 0 1 5.48494 2.80128 4.53822 4.87383
0 0 2 -1.46037 0.67083 -10.5427 7.56512
0 0 3 4.98381 -11.4932 -26.0691 9.35931
0 0 4 13.6204 -0.00161475 -24.7251 7.84483
0 0 5 3.01845 11.8262 -4.93699 2.46352
0 0 6 -2.18858 14.3491 -3.59143 2.07167
0 0 7 7.55992 16.1425 5.21022 1.45554
0 0 8 2.23544 10.1443 18.272 3.47275
0 0 9 -9.65068 7.34145 3.97718 -0.338649
0 0 10 -8.52314 -3.81395 -3.98369 -2.9178
0 0 11 -9.0321 -0.28167 -11.7195 -1.90857
0 0 12 -7.18419 5.49184 -2.97413 -2.9178
0 0 13 -5.16402 5.71572 3.8084 -6.95347
0 0 14 3.4726 -2.01973 -0.172037 -6.05638
0 0 15 3.52741 13.732 -8.80491 -1.29244
0 0 16 -9.31398 9.19184 0.893787 4.59412
0 0 17 -0.285857 3.86611 9.13439 0.670584
0 0 18 3.01845 -0.898728 1.11727 -1.40458
0 0 19 -4.09912 -1.62734 -6.95456 -3.30965
0 0 20 7.78699 0.67083 11.8255 -10.5973
0 0 21 17.2066 1.06322 3.1364 -1.34788
0 0 22 1.50724 8.18239 -15.2514 2.35138
0 0 23 -5.32845 -7.96174 -6.00126 -2.07614
0 0 24 -6.62042 -3.02918 6.83553 -2.30042
0 0 25 -3.98167 11.2653 5.48996 9.07834
0 0 26 4.31042 1.00705 8.96561 4.20227
0 0 27 3.08109 -8.80268 -3.47891 6.55589
0 0 28 5.9939 1.39944 -8.91586 9.58359
0 0 29 8.96151 -0.842561 8.85466 2.57565
0 0 30 -5.10921 -9.36357 9.24692 -3.47849
0 0 31 -7.91239 -8.0179 1.06257 -4.93501
0 0 32 -1.79707 -12.8951 -0.844038 -0.226512
0 0 33 0.497155 -13.0066 -3.75865 2.46352
0 0 34 6.22097 -15.0809 -3.70239 -2.0207
0 0 35 6.66729 -7.90557 0.332745 -8.46669
0 0 36 2.7444 9.69579 12.8335 -5.94424
0 0 37 1.89875 15.9186 -2.35838 2.01497
0 0 38 2.0162 11.9386 -8.69238 7.17327
0 0 39 9.80717 -3.53312 3.1364 12.0493
0 0 40 -5.27364 -4.15018 11.8255 5.82763
0 0 41 9.68971 -11.4932 6.83553 3.69702
0 0 42 -5.27364 -0.394004 -14.9701 5.54665
0 0 43 2.0162 0.503109 -9.36439 -5.8888
0 0 44 -10.1518 -3.02918 -6.78578 -9.7002
0 0 45 -9.4236 3.75378 -2.02082 -15.3625
0 0 46 -5.04657 -8.46646 -4.09621 -9.13951
0 0 47 0.669417 -20.2381 -9.25343 -8.46669
0 0 48 -2.25122 -7.00924 1.11727 -6.16851
0 0 49 -15.7034 1.23172 8.18109 -0.787197
0 0 50 -11.2167 -6.95307 10.3674 -1.46002
0 0 51 0.277912 -13.9599 -2.58186 -7.96271
0 0 52 5.09343 -3.25306 -3.70239 -7.96271
0 0 53 -3.59017 1.11939 -4.48847 -9.36379
0 0 54 -4.77251 5.77189 -11.5507 -0.843896
0 0 55 -2.36084 2.0165 -7.34682 6.72472
0 0 56 5.43013 3.97845 1.11727 8.46222
0 0 57 6.3854 -9.75596 1.62205 -2.0207
0 0 58 8.06888 -20.799 -10.5427 -0.619622
0 0 59 2.85402 6.61284 -5.44021 3.58489
0 0 60 -0.113594 18.3291 -3.98369 -15.1937
0 0 61 7.00398 10.5367 7.95761 -4.54316
0 0 62 12.72 -2.52445 3.4724 -2.8611
0 0 63 10.4806 -2.18823 12.61 -3.25421
0 0 64 1.34281 -0.730226 13.8431 6.21948
0 0 65 0.83385 8.91101 3.35987 8.85406
0 0 66 -5.7826 8.07006 -3.81491 2.07167
0 0 67 -8.57795 -13.2313 -1.01282 7.39754
0 0 68 -6.22892 -23.6019 7.90135 5.1548
0 0 69 -7.01193 -4.87879 -1.62856 -2.24498
0 0 70 -18.4439 6.72517 -14.9139 -11.662
0 0 71 -13.0646 9.13567 -4.65569 -9.86903
0 0 72 -3.64498 1.28789 11.9927 -11.3823
0 0 73 -2.36084 -11.4932 4.59292 -18.5011
0 0 74 -5.4459 -16.9867 -5.04795 -12.6158
0 0 75 -1.12368 -10.877 -2.8616 -9.30835
0 0 76 6.3854 2.18422 8.34987 -4.76743
0 0 77 -3.19866 7.28528 6.55579 1.90283
0 0 78 1.95356 0.166106 12.2178 6.66802
0 0 79 -3.53536 0.783164 -6.95456 -5.27142
0 0 80 -2.97942 11.0415 -6.44978 0.782721
0 0 81 9.68971 -6.56068 -3.75865 1.28671
0 0 82 13.6204 -6.50451 -2.24586 3.41731
0 0 83 2.90883 -7.23312 11.488 1.11913
0 0 84 3.52741 -8.63418 4.70544 -0.114375
0 0 85 2.07101 -5.83129 -5.77778 9.63902
0 0 86 0.724228 4.70706 -5.38552 3.0809
0 0 87 4.64712 6.55667 -2.63812 1.51098
0 0 88 10.089 13.9005 -1.96456 -1.40458
0 0 89 5.6572 14.4045 8.18109 2.40808
0 0 90 6.66729 10.369 15.4684 7.39754
0 0 91 13.0019 9.13567 5.32274 0.334173
0 0 92 7.22323 5.32334 -8.63612 -5.38355
0 0 93 7.39549 7.2299 -10.0942 -1.06817
0 0 94 7.67737 0.614663 5.32274 -7.34658
0 0 95 6.44021 -0.0577818 9.13439 -2.07614
0 0 96 5.48494 -8.24179 9.91892 2.68779
0 0 97 14.9046 2.57661 15.4121 -5.66453
0 0 98 10.8721 17.432 15.0199 -2.0207
0 0 99 4.02854 3.58606 2.18309 -8.13028
0 0 100 4.59231 -10.036 -12.2243 -16.6514
0 0 101 2.79921 -10.5407 -26.5723 -8.01814
0 0 102 2.7444 -10.3161 -10.5427 -5.94424
0 0 103 3.08109 -6.11212 4.87422 1.62312
0 0 104 -2.02414 -14.24 2.91135 -2.18828
0 0 105 -1.63264 -5.71973 -7.62656 -3.59062
0 0 106 4.42004 -9.02657 -8.41265 -2.74897
0 0 107 -3.37092 -14.857 -5.55273 -5.8321
0 0 108 -2.41565 -16.4827 -8.07508 -2.97324
0 0 109 4.42004 -7.34546 -10.374 -0.67506
0 0 110 6.61248 2.35272 -5.72152 1.51098
0 0 111 4.36523 12.0501 -3.64769 1.79069
0 0 112 4.87419 10.873 2.12683 1.67856
0 0 113 5.03862 11.1538 -2.1896 3.0242
0 0 114 2.12582 6.5005 2.07057 1.06243
0 0 115 2.23544 1.848 -1.51604 2.96876
0 0 116 3.86411 -18.5562 6.10726 -2.80566
0 0 117 3.4726 -9.19507 7.90135 -7.73843
0 0 118 -2.91678 0.166106 15.4121 2.35138
0 0 119 5.2657 0.783164 28.3614 4.53742
0 0 120 10.1439 -10.877 4.7617 3.75372
0 0 121 14.5679 1.45561 1.56579 -1.85187
0 0 122 7.84181 3.47372 11.4333 -0.843896
0 0 123 -2.64272 -0.450171 -3.36639 -0.00223846
0 0 124 -5.61034 -9.47513 -11.3835 -6.67376
0 0 125 -4.77251 -7.17696 -21.4729 -12.0551
0 0 126 0.0508382 -7.00924 -25.5659 -4.43102
0 0 127 7.84181 -7.28929 -17.269 -1.23575
0 0 128 9.91679 -9.69979 -11.7195 6.83686
0 0 129 -0.285857 -0.898728 -5.32925 2.96876
0 0 130 -3.19866 -10.3161 7.50909 0.109899
0 0 131 0.16046 -21.1353 1.06257 4.14557
0 0 132 2.68959 -19.7334 4.03344 0.782721
0 0 133 3.91892 -3.75779 11.152 -0.395348
0 0 134 8.01407 16.7034 8.85466 2.63235
0 0 135 10.089 10.8176 10.3674 1.62312
0 0 136 0.0508382 -4.71029 1.11727 -2.07614
0 0 137 -8.18645 -11.1009 6.27448 3.9213
0 0 138 -6.44816 11.3777 -2.46934 15.6377
0 0 139 -6.62042 5.49184 -5.04795 7.62056
0 0 140 -7.79494 1.06322 -6.50604 -3.92703
0 0 141 3.1359 -14.7447 4.4257 -0.619622
0 0 142 9.91679 2.18422 15.5809 -0.450786
0 0 143 11.9918 -2.74834 6.21979 0.389611
0 0 144 8.96151 -3.81395 -2.91786 1.73526
0 0 145 -0.340668 14.6853 -11.271 -3.30965
0 0 146 -2.64272 22.253 -13.4573 -1.01147
0 0 147 2.29025 11.21 -16.9314 -1.79643
0 0 148 7.78699 0.67083 1.73457 -4.82287
0 0 149 8.57001 -3.08456 3.64118 -11.2701
0 0 150 7.22323 -3.1969 3.35987 -13.1197
0 0 151 14.4034 -0.394004 10.7034 -7.45872
0 0 152 15.9695 -3.64545 16.0294 4.53742
0 0 153 9.47047 -12.0541 4.98518 -0.507485
0 0 154 -2.18858 -9.69979 6.21979 2.79993
0 0 155 1.39762 -10.0922 19.6176 10.1443
0 0 156 2.79921 -8.91502 17.039 4.36984
0 0 157 -1.35075 7.45378 8.62961 -1.79643
0 0 158 -2.18858 -10.3722 5.4337 -1.29244
0 0 159 -9.97954 -10.2599 2.51909 -7.45872
0 0 160 0.551966 3.75378 4.1444 -10.5419
0 0 161 4.02854 -4.37406 9.24692 0.670584
0 0 162 2.62695 0.895498 8.34987 3.75372
0 0 163 13.1663 8.51862 -1.12378 6.83686
0 0 164 16.4784 8.23856 -17.8285 -2.8611
0 0 165 33.1801 12.611 -2.80691 2.85663
0 0 166 63.4513 -7.40163 6.33074 8.91076
0 0 167 75.3374 -24.0497 11.0394 4.59412
0 0 168 70.5141 -20.6867 13.6743 7.90153
0 0 169 92.0391 -19.2295 27.0159 8.79863
0 0 170 158.36 -17.099 47.3103 -12.8955
0 0 171 282.749 -4.99112 72.5916 -40.0276
0 0 172 445.702 4.14617 75.8438 -60.4315
0 0 173 494.703 7.95851 71.246 -65.8128
0 0 174 307.915 9.4719 49.2153 -44.8482
0 0 175 110.651 7.95851 28.3067 -17.3797
0 0 176 24.4338 5.99656 8.51709 -0.00223846
0 0 177 -2.52527 7.39762 -0.451777 -4.9917
0 0 178 2.23544 -0.226283 14.6276 -15.0815
0 0 179 1.11573 0.950885 9.19066 -6.67376
0 0 180 -0.849625 5.26795 -5.94499 -3.53392
0 0 181 -5.7826 2.74511 -12.7838 -4.20675
0 0 182 -7.06674 -6.95307 -20.1836 -3.42179
0 0 183 -1.51519 1.45561 -13.1776 -6.7859
0 0 184 6.3854 5.66034 -15.1389 -0.283211
0 0 185 5.2657 -2.2444 -14.6904 4.59412
0 0 186 -0.231046 1.34327 1.79083 -6.39279
0 0 187 -7.9672 0.895498 14.1791 1.73526
0 0 188 -4.82733 3.08133 4.25692 1.11913
0 0 189 0.669417 -7.06462 -3.42265 -7.90601
0 0 190 9.01632 -10.8208 -2.41308 -10.2054
0 0 191 17.2066 -13.0628 -4.09621 -2.35712
0 0 192 7.1136 0.614663 0.220224 1.39884
0 0 193 -0.904436 11.3215 17.5422 -1.85187
0 0 194 4.31042 -0.618672 13.5634 3.24847
0 0 195 2.18063 -3.02918 1.17353 2.40808
0 0 196 -2.69753 4.65089 -4.37595 -4.37558
0 0 197 -9.86992 -6.11212 -17.1565 -15.1937
0 0 198 -12.7827 -15.361 3.69588 -6.67376
0 0 199 5.54758 -15.8095 2.68787 -14.1844
0 0 200 9.52528 -12.2219 1.67831 -0.507485
0 0 201 4.75674 -6.61607 -8.69238 3.24847
0 0 202 5.43013 13.2835 -18.3895 -13.7926
0 0 203 4.31042 13.5643 -14.2419 -16.9311
0 0 204 2.23544 5.32334 9.19066 -6.16851
0 0 205 1.39762 1.39944 10.6472 -5.8321
0 0 206 0.16046 -8.63418 19.6176 1.28671
0 0 207 4.75674 8.46245 19.8974 10.5361
0 0 208 11.3184 13.6197 9.19066 6.38831
0 0 209 12.947 8.74329 -5.60899 5.43452
0 0 210 8.35076 4.53856 -14.6341 7.11657
0 0 211 9.2434 0.558496 3.58492 -0.114375
0 0 212 11.8195 3.24983 14.5151 -5.94424
0 0 213 9.41566 -1.57117 3.08013 -12.6158
0 0 214 2.85402 -1.45962 0.220224 -7.79387
0 0 215 0.442344 3.52989 -14.2419 -1.01147
0 0 216 -1.01406 21.5244 -17.9973 -0.226512
0 0 217 -1.17849 10.4806 2.51909 3.75372
0 0 218 -4.43582 -18.8371 9.30161 6.83686
0 0 219 7.1136 -16.6505 9.35787 -0.956033
0 0 220 -2.13376 -10.036 1.79083 2.57565
0 0 221 -3.19866 -11.5494 9.02187 2.91206
0 0 222 -2.41565 -20.9106 -2.8616 -1.96401
0 0 223 -3.19866 -4.65412 8.34987 -1.23575
0 0 224 -0.395479 -8.41029 5.60248 3.64158
0 0 225 0.387533 -20.3505 -1.62856 10.3685
0 0 226 4.64712 -6.8969 -2.02082 7.45298
0 0 227 10.5902 13.1157 -0.339256 -3.19751
0 0 228 -1.91452 7.11756 -4.48847 -1.06817
0 0 229 -10.0422 8.63095 -2.91786 2.1271
0 0 230 -8.41352 27.0733 2.91135 -9.86903
0 0 231 0.83385 13.6197 19.6723 -15.811
0 0 232 9.47047 -2.29978 27.5207 -13.2886
0 0 233 6.88653 -19.5657 18.4393 -10.4852
0 0 234 -11.1619 -16.1457 9.02187 -2.0207
0 0 235 -8.18645 -16.1457 -1.5723 0.950296
0 0 236 -12.2268 -23.2095 -8.97213 -8.97194
0 0 237 -17.2146 -23.6573 -3.53517 -19.4549
0 0 238 -10.9348 -4.76645 1.84709 -7.23445
0 0 239 -15.0848 -0.674059 -1.40508 -4.65529
0 0 240 -6.33854 7.06139 10.816 14.4597
0 0 241 -0.0587835 6.05273 21.9712 6.949
0 0 242 2.23544 3.02517 2.74413 -6.95347
0 0 243 8.96151 -11.4371 -0.731517 -7.12231
0 0 244 5.03862 -11.7733 1.79083 -2.41255
0 0 245 2.96364 0.390775 -3.70239 -1.73973
0 0 246 13.9493 8.07006 19.9536 1.79069
0 0 247 7.84181 -4.54257 10.5362 -0.956033
0 0 248 9.52528 -12.7827 -4.48847 6.78016
0 0 249 13.2837 -0.898728 -3.81491 10.1997
0 0 250 8.9067 8.57478 -3.64769 4.87383
0 0 251 -0.0587835 16.1987 9.13439 4.70626
0 0 252 -0.395479 10.8176 8.85466 5.82763
0 0 253 1.39762 -5.99979 11.713 2.52021
0 0 254 6.15833 -10.7085 17.8235 1.79069
0 0 255 16.4236 0.110719 8.85466 -2.18828
0 0 256 10.0264 15.694 5.99474 -5.8888
0 0 257 2.23544 7.90234 -1.68482 4.14557
0 0 258 -0.450289 -11.6617 -9.98169 5.65879
0 0 259 7.00398 -11.4932 10.5362 3.0242
0 0 260 11.9918 -5.4389 15.6372 2.57565
0 0 261 -7.12155 9.92045 12.7773 3.58489
0 0 262 -4.93695 -5.49507 9.97518 2.07167
0 0 263 2.35289 -0.618672 -0.395517 -4.87957
0 0 264 -1.68745 6.27662 2.40657 -8.69097
0 0 265 -5.04657 1.51178 -9.47691 -9.02738
0 0 266 -5.83741 1.23172 -5.83247 -0.450786
0 0 267 1.89875 -5.55123 1.79083 2.91206
0 0 268 7.50511 -15.8657 4.1444 1.17457
0 0 269 10.2535 -17.94 1.28605 2.40808
0 0 270 4.36523 -12.5581 -2.63812 5.77093
0 0 271 -5.4459 0.503109 -5.72152 10.928
0 0 272 1.6795 -5.04651 0.276484 0.109899
0 0 273 7.05879 -8.24179 -0.226735 1.73526
0 0 274 7.05879 6.33278 -3.75865 12.4979
0 0 275 -3.03423 10.9853 -6.61856 2.40808
0 0 276 -2.69753 11.3777 -0.0595164 -2.9178
0 0 277 2.46251 15.4701 8.01231 -3.14207
0 0 278 -2.18858 16.4226 4.36944 6.78016
0 0 279 -1.17849 17.9367 10.4237 16.7578
0 0 280 -3.08904 11.3215 8.51709 3.80916
0 0 281 -5.71996 1.28789 -3.31013 5.82763
0 0 282 -5.16402 4.81939 -8.63612 7.45298
0 0 283 3.97373 6.78134 -3.08665 1.56642
0 0 284 12.4381 2.91283 -1.46134 3.24847
0 0 285 4.14599 9.86429 0.950048 4.42654
0 0 286 -4.54544 7.84617 0.668745 -0.899334
0 0 287 -0.959247 8.68712 -3.47891 -7.06561
0 0 288 -5.38326 2.68894 -3.42265 -8.57883
0 0 289 -5.7826 -0.674059 -4.99169 -8.35456
0 0 290 -6.67523 5.71572 -8.63612 -2.35712
0 0 291 -9.14172 2.68894 -11.4398 3.64158
0 0 292 -2.97942 11.8824 -1.96456 8.06911
0 0 293 5.9939 19.2255 -0.0032558 3.58489
0 0 294 -3.48055 12.5548 -5.60899 -1.34788
0 0 295 -9.7603 -3.14073 -3.92743 0.334173
0 0 296 -4.7177 -2.01973 -14.0184 7.28541
0 0 297 -4.49063 16.311 -18.5583 5.71549
0 0 298 6.54984 20.515 -6.2263 3.36061
0 0 299 4.929 11.0415 3.1364 9.63902
0 0 300 -6.33854 -7.56935 3.8084 9.69572
0 0 301 -12.2268 -7.06462 -4.31969 -1.23575
0 0 302 -11.4438 7.79001 -15.1389 -1.73973
0 0 303 -10.9348 4.53856 -18.1098 1.45554
0 0 304 -9.19653 4.76322 -9.42065 6.72472
0 0 305 -9.70549 14.4606 -1.8536 8.51765
0 0 306 -4.43582 15.3016 -4.82447 6.21948
0 0 307 -3.98167 2.40889 -13.4573 -0.450786
0 0 308 -9.81511 5.15561 -14.8029 -5.15928
0 0 309 -8.07682 8.3509 -7.45934 -5.10384
0 0 310 -3.48055 3.75378 0.109265 4.42654
0 0 311 -4.09912 -3.92551 0.165526 9.80786
0 0 312 -6.78485 -8.85885 0.276484 6.10734
0 0 313 -7.63051 -10.9885 9.35787 2.79993
0 0 314 -9.92473 -19.7334 13.282 5.9952
0 0 315 -6.95712 -17.8276 5.60248 6.27617
0 0 316 3.4726 -1.90739 7.78883 -2.97324
0 0 317 8.96151 7.17373 10.5909 -7.62629
0 0 318 7.34068 6.78134 3.1364 -3.87034
0 0 319 4.25561 12.3871 -3.81491 -6.89803
0 0 320 -3.14385 10.3128 1.39857 -4.54316
0 0 321 -8.57795 4.76322 6.89179 0.501748
0 0 322 -4.09912 -1.73967 1.34231 -4.20675
0 0 323 -3.19866 -6.8969 -6.281 -2.30042
0 0 324 -10.5981 -11.7733 -5.32925 -4.15131
0 0 325 -13.7928 -9.47513 -0.0032558 0.109899
0 0 326 -2.75234 1.11939 -0.282996 11.2644
0 0 327 1.6795 11.49 -0.900299 12.2736
0 0 328 0.0508382 8.57478 -3.25387 3.978
0 0 329 1.22536 -1.23495 -3.64769 -2.07614
0 0 330 -1.29594 -2.01973 -6.72952 5.65879
0 0 331 -6.22892 4.09 -5.66526 12.7222
0 0 332 -8.24909 3.58606 6.21979 5.88306
0 0 333 1.00611 6.83751 18.383 0.782721
0 0 334 4.929 -2.29978 10.816 -3.47849
0 0 335 1.45243 -11.6056 -6.61856 3.41731
0 0 336 0.551966 -10.4846 -11.4398 1.73526
0 0 337 -5.50072 -2.58062 -8.97213 -2.13284
0 0 338 -6.00184 0.334608 -13.0651 -2.63683
0 0 339 -10.3162 0.839331 -3.75865 -3.19751
0 0 340 -11.9997 5.548 3.92092 -8.29912
0 0 341 -5.66515 10.1443 6.61205 -7.17775
0 0 342 -3.42573 13.0596 10.0877 3.58489
0 0 343 -3.19866 10.4806 -0.339256 15.5256
0 0 344 -9.92473 0.726997 -19.3991 13.7868
0 0 345 -14.4662 -2.35595 -10.2052 3.75372
0 0 346 -6.00184 0.503109 -2.07708 3.75372
0 0 347 -4.54544 1.73566 -7.34682 0.726022
0 0 348 -9.31398 -0.337837 -7.06708 -3.64606
0 0 349 -8.64059 0.503109 -6.44978 -0.787197
0 0 350 -3.31611 6.27662 -7.90786 -6.89803
0 0 351 4.25561 9.41573 -1.40508 -12.7833
