0 0 0 1.93363 1.88749 0.18513 -1.63436
0 0 1 1.76947 1.44436 -0.118096 -0.514764
0 0 2 0.27598 2.23761 1.09481 -0.608013
0 0 3 -2.94276 0.580686 0.604999 -0.234813
0 0 4 -2.7786 -0.142123 -0.678079 -0.49135
0 0 5 -1.8001 -2.28867 -0.304915 -0.724676
0 0 6 -0.609172 -1.84555 0.0917205 -1.7044
0 0 7 -0.164987 1.77055 2.28495 -0.841339
0 0 8 -0.399954 3.1006 -1.02801 -0.0715257
0 0 9 -1.44926 5.80652 -2.8476 -0.328063
0 0 10 -1.54261 2.84417 -1.14465 -1.23795
0 0 11 -2.31188 3.9171 2.58794 -1.54111
0 0 12 -0.84414 3.84666 1.79467 0.628451
0 0 13 -0.235799 0.814556 0.301774 -0.49135
0 0 14 1.95616 0.697621 0.0450157 -0.654638
0 0 15 -1.03083 -1.58843 -0.58467 -2.14764
0 0 16 -2.03185 -0.492245 1.07157 -1.00463
0 0 17 -1.56514 -0.212558 2.68135 0.465164
0 0 18 -0.235799 1.77055 1.11828 -1.98455
0 0 19 1.0002 3.56698 -0.024923 -2.6375
0 0 20 1.46691 4.63991 0.86152 -2.80099
0 0 21 0.604291 4.0101 -0.864662 -1.19133
0 0 22 0.0892935 1.04774 -2.05457 1.58496
0 0 23 1.02273 -3.05866 -1.96116 1.86471
0 0 24 0.675103 -2.07873 -1.65793 1.44489
0 0 25 -0.235799 -2.14848 -1.56452 1.95816
0 0 26 1.35104 -1.44892 -1.21459 1.77146
0 0 27 2.32953 0.767372 0.721643 1.00165
0 0 28 1.84029 -2.73179 0.348478 -0.328063
0 0 29 -0.750796 -3.75822 1.04834 -0.514764
0 0 30 -2.40523 0.441184 0.208364 1.51493
0 0 31 0.324261 0.0678128 -0.351383 1.39826
0 0 32 -0.164987 -0.118873 -1.93792 0.44175
0 0 33 -0.422485 -0.935367 -2.28785 0.628451
0 0 34 -0.026581 -1.42567 -0.9346 1.04828
0 0 35 0.417605 -1.49542 -0.817957 1.2816
0 0 36 -0.866671 -1.33199 -0.771489 0.931613
0 0 37 -2.49857 -1.89205 -2.70749 0.558413
0 0 38 -2.96529 -2.98823 -2.98748 0.0685504
0 0 39 -3.2936 -2.05548 -2.07756 -0.981415
0 0 40 -2.31188 -0.935367 -3.66411 0.791739
0 0 41 -0.911733 -1.0523 -2.38079 3.05455
0 0 42 0.137575 0.861057 0.628233 2.61132
0 0 43 -0.28408 4.84984 0.86152 1.70143
0 0 44 -2.21854 5.64309 0.768348 1.07169
0 0 45 -1.98679 1.84099 1.30486 0.675076
0 0 46 -0.631703 -1.37849 0.791582 0.535
0 0 47 -0.026581 -0.328809 -0.444792 -0.561388
0 0 48 -0.0491121 1.00056 -0.468026 -3.45394
0 0 49 -2.05438 0.651121 -0.118096 -4.38704
0 0 50 -3.40947 1.11749 -0.748018 -3.3839
0 0 51 -2.96529 1.67755 -1.35471 -2.19426
0 0 52 -2.08013 0.720871 -1.54129 -0.771301
0 0 53 -1.72929 -2.12523 -1.05124 -0.11815
0 0 54 -2.17348 -4.59796 -2.4512 1.56155
0 0 55 -1.98679 -3.19816 -2.17121 2.28474
0 0 56 -2.21854 -1.37849 -0.794723 0.0917619
0 0 57 -0.0491121 -2.75504 -1.21459 -1.61115
0 0 58 1.48944 -2.66204 -2.28785 -0.49135
0 0 59 -0.0491121 -3.12841 -2.21792 2.12145
0 0 60 1.30276 -3.66522 -2.35756 -0.0249009
0 0 61 -0.81839 -4.8079 -1.98463 -0.678051
0 0 62 0.649354 -5.29821 -0.188271 -0.141564
0 0 63 0.649354 -2.77829 1.09481 0.745114
0 0 64 0.488417 -2.24217 0.908225 -0.584802
0 0 65 -1.98679 -2.4986 2.4713 -1.93773
0 0 66 -2.31188 0.557436 2.12137 -2.47421
0 0 67 -4.73881 5.15346 2.37789 -2.49743
0 0 68 -1.07589 3.38029 2.07466 -0.631426
0 0 69 -0.422485 3.61348 1.51491 0.605038
0 0 70 0.533479 0.884307 0.161659 0.955026
0 0 71 0.86179 -0.142123 0.86152 -1.42445
0 0 72 -0.53836 0.0910631 0.535061 -0.701464
0 0 73 -0.25833 1.21049 -0.911366 -1.77444
0 0 74 -2.92022 1.81705 -3.57093 -2.80099
0 0 75 -1.26258 3.59023 -1.16789 -0.351476
0 0 76 0.27598 5.73677 1.07157 0.348501
0 0 77 0.884321 0.510935 3.05451 -0.304851
0 0 78 -1.1467 -2.35842 3.07775 -0.234813
0 0 79 -2.24107 -1.70536 3.35774 -0.0481124
0 0 80 -2.26682 0.790622 -0.118096 0.768325
0 0 81 -0.81839 -0.65568 2.49453 0.884988
0 0 82 0.137575 -1.30874 1.58485 2.28474
0 0 83 0.0667624 1.46761 4.12778 0.185213
0 0 84 -0.0040498 3.07735 1.7482 -1.75123
0 0 85 0.346792 2.33061 -0.864662 0.0451371
0 0 86 3.47218 3.26404 -1.33124 -1.16791
0 0 87 3.12456 -0.538745 -2.0311 -0.631426
0 0 88 1.14182 -1.9618 -0.0948617 -0.817925
0 0 89 -0.28408 -2.28867 -1.19136 -0.468139
0 0 90 -1.82264 -3.82797 1.95802 0.768325
0 0 91 -2.05438 -5.27427 -0.421558 -0.398101
0 0 92 -2.00932 -3.01148 0.394946 -0.258025
0 0 93 -2.75607 -1.61168 1.4215 0.44175
0 0 94 -3.15197 -1.12205 1.56138 0.255049
0 0 95 -2.31188 -0.188624 2.35465 -0.817925
0 0 96 -2.36016 -1.07555 2.42459 -1.93773
0 0 97 -1.72929 2.21367 1.09481 -1.19133
0 0 98 -1.56514 0.651121 -0.701313 -0.841339
0 0 99 -0.795859 -1.51867 -0.328149 0.255049
0 0 100 -0.889202 -3.73497 1.28163 1.16494
0 0 101 -1.68101 -2.24217 -0.888132 1.16494
0 0 102 -1.84517 0.0213124 -0.958071 0.838363
0 0 103 -1.63595 1.28093 -1.89122 1.00165
0 0 104 -0.657453 -0.748681 -5.62381 0.908401
0 0 105 -1.12417 -1.49542 -4.92395 2.37799
0 0 106 -3.48028 -1.16855 -4.80707 2.68135
0 0 107 -2.36016 -2.35842 -0.561436 0.884988
0 0 108 -1.05336 -2.84873 2.518 -0.188188
0 0 109 -1.1467 -1.42567 2.70458 1.02506
0 0 110 -2.47604 -1.1453 2.30818 1.18835
0 0 111 -2.56938 -1.23899 1.7482 1.04828
0 0 112 -0.399954 -2.59161 -0.608141 1.32823
0 0 113 0.417605 -5.01784 -1.05124 -0.724676
0 0 114 -0.377423 -3.94491 1.21145 -0.748089
0 0 115 0.346792 0.184064 0.791582 0.348501
0 0 116 1.11607 0.277749 -0.561436 1.18835
0 0 117 2.51622 -3.17491 -1.12142 1.56155
0 0 118 4.00971 -5.99777 -1.93792 1.32823
0 0 119 4.03224 -6.48739 -2.77766 0.931613
0 0 120 1.63107 -5.92802 -3.71057 0.605038
0 0 121 -1.58767 -3.50178 -2.96424 -0.0481124
0 0 122 -1.96104 0.814556 -1.07471 0.138387
0 0 123 -0.84414 2.09742 -0.491497 0.978238
0 0 124 -0.213268 1.37393 -1.23806 0.325087
0 0 125 -0.56411 1.63105 -1.00478 -1.16791
0 0 126 -1.72929 0.37075 1.35157 -2.33434
0 0 127 -1.61342 0.580686 1.49144 -1.65757
0 0 128 -1.84517 2.70398 -0.281444 0.558413
0 0 129 -1.56514 2.09742 -1.14465 1.42148
0 0 130 2.0495 0.417934 -1.82128 0.838363
0 0 131 3.40459 -1.35524 -1.56452 1.0949
0 0 132 1.32851 0.0910631 -0.817957 0.838363
0 0 133 0.462667 1.11749 1.21145 -0.0947371
0 0 134 -0.235799 0.837806 0.884991 -0.258025
0 0 135 1.46691 -3.05866 2.84446 0.0685504
0 0 136 1.84029 -4.15484 2.26124 0.698287
0 0 137 0.115043 -7.37432 0.558295 1.02506
0 0 138 -0.0040498 -8.84387 -2.21792 0.255049
0 0 139 1.63107 -7.0242 -1.72787 -1.63436
0 0 140 3.61381 -3.71172 0.768348 -0.444726
0 0 141 2.09778 -2.70854 2.33142 0.931613
0 0 142 -1.12417 -2.5451 2.21501 0.861575
0 0 143 -1.98679 -1.00512 1.7015 1.74825
0 0 144 -0.445017 2.72723 3.68444 1.4683
0 0 145 -0.445017 0.3475 0.418417 -0.374687
0 0 146 -1.54261 0.0910631 -1.51782 -0.234813
0 0 147 -2.92022 -2.14848 -1.61123 -0.164775
0 0 148 -1.26258 -1.51867 -1.56452 -0.0481124
0 0 149 0.160106 1.67755 -1.70464 -1.00463
0 0 150 0.417605 3.0541 -0.794723 -2.2643
0 0 151 1.37357 0.277749 -1.77458 -0.748089
0 0 152 0.160106 -0.935367 -1.68117 0.208425
0 0 153 1.25769 -1.35524 -0.678079 1.32823
0 0 154 0.182637 -3.33835 -1.40117 1.63159
0 0 155 -3.1745 -3.10516 -2.05457 2.70456
0 0 156 -2.66273 -3.50178 -0.304915 0.605038
0 0 157 -0.164987 -1.84555 -0.25821 -0.2114
0 0 158 -0.213268 2.54054 -0.864662 2.26133
0 0 159 1.02273 0.720871 0.208364 1.2816
0 0 160 1.35104 0.137564 0.394946 1.63159
0 0 161 2.86706 -0.702181 -1.89122 1.30501
0 0 162 1.46691 0.184064 -2.14774 -0.631426
0 0 163 -1.65848 2.79698 0.744877 -0.351476
0 0 164 -2.94276 -0.865616 -2.38079 0.465164
0 0 165 1.60532 -2.47535 -0.678079 -1.77444
0 0 166 1.11607 1.93399 -0.724784 -1.12129
0 0 167 0.649354 1.16399 0.51159 -0.0715257
0 0 168 -1.75182 0.977308 -1.07471 0.488375
0 0 169 1.3961 1.72405 0.488356 1.53814
0 0 170 -0.422485 0.674371 -1.19136 1.60818
0 0 171 -2.49857 -3.03473 -1.49458 0.908401
0 0 172 -2.56938 -2.98823 -1.28453 -0.631426
0 0 173 -4.85468 -3.3616 0.161659 1.4683
0 0 174 -3.48028 -4.41128 -0.00145209 1.44489
0 0 175 -1.77435 -2.75504 -0.678079 1.51493
0 0 176 1.60532 -2.28867 -1.91445 1.49151
0 0 177 0.86179 -0.865616 0.978164 -1.28458
0 0 178 -0.609172 0.324249 0.931696 -0.351476
0 0 179 2.47116 -1.37849 1.93478 -1.54111
0 0 180 2.88959 -0.725431 0.86152 -2.35755
0 0 181 3.9389 -3.94491 -0.398087 -0.561388
0 0 182 3.12456 -2.77829 -1.89122 -0.49135
0 0 183 1.97869 -2.24217 -3.45429 -0.304851
0 0 184 0.533479 -2.4521 -0.958071 -0.0249009
0 0 185 -2.28935 -1.28549 0.51159 -1.49449
0 0 186 -1.84517 -2.35842 -0.561436 -0.678051
0 0 187 -0.142455 -3.29185 0.884991 -0.537975
0 0 188 1.09354 -3.33835 1.3748 -1.28458
0 0 189 1.09354 -1.40174 1.93478 -1.05125
0 0 190 -1.19176 -0.212558 1.53815 -2.2643
0 0 191 -1.52007 -1.79836 1.32809 -3.0109
0 0 192 -0.750796 -0.888866 1.23492 -2.0776
0 0 193 -0.445017 -0.0956227 1.51491 -0.678051
0 0 194 -1.68101 -0.422494 1.28163 0.371712
0 0 195 -2.19601 -1.54192 -0.468026 1.44489
0 0 196 -1.12417 -3.94491 -1.14465 0.861575
0 0 197 -1.24004 -2.75504 -1.44788 -0.304851
0 0 198 -1.72929 -1.35524 -1.79781 -1.1447
0 0 199 -2.21854 -0.142123 -1.65793 -1.35461
0 0 200 -0.657453 1.49086 -1.58799 -0.304851
0 0 201 -0.190736 2.86742 -2.17121 0.908401
0 0 202 -3.08116 2.28411 -0.771489 -0.608013
0 0 203 -3.61869 -0.305559 2.00472 -3.03411
0 0 204 -2.73354 -1.40174 0.86152 -2.10081
0 0 205 -2.64019 -0.67893 -1.54129 -0.701464
0 0 206 -1.30764 0.861057 -1.35471 -1.00463
0 0 207 0.697635 0.674371 -0.654845 -0.864752
0 0 208 1.30276 0.534185 0.348478 -1.12129
0 0 209 1.07101 1.53737 2.518 -1.68099
0 0 210 1.28023 0.114313 3.89473 -1.44786
0 0 211 0.626822 -2.24217 1.25816 -1.28458
0 0 212 0.929384 -4.03791 -1.6347 0.0451371
0 0 213 1.09354 -3.22141 -3.10436 2.0282
0 0 214 2.14285 -0.935367 -4.76037 2.28474
0 0 215 3.543 0.534185 -2.14774 1.79488
0 0 216 4.40562 -2.05548 -1.14465 1.14153
0 0 217 6.9967 -2.4521 1.7015 1.23498
0 0 218 9.56203 -1.54192 1.30486 1.77146
0 0 219 11.0781 -1.98505 0.488356 0.488375
0 0 220 11.2422 -4.36478 -0.608141 1.18835
0 0 221 13.6209 -7.09395 -1.93792 1.16494
0 0 222 18.1464 -8.28381 0.86152 2.07483
0 0 223 24.7255 -12.0866 1.60809 3.12459
0 0 224 30.0461 -15.1891 1.02487 1.11831
0 0 225 32.7756 -14.2331 0.0917205 -0.794714
0 0 226 34.916 -13.4399 0.418417 -3.33728
0 0 227 41.1475 -13.2997 -0.141567 -0.678051
0 0 228 41.8234 -16.5657 -4.78384 1.14153
0 0 229 43.8544 -21.3942 1.65479 3.5212
0 0 230 50.7812 -20.415 2.82123 3.00793
0 0 231 55.8217 -20.112 -2.14774 0.605038
0 0 232 66.8298 -17.8021 -5.25065 -1.75123
0 0 233 71.5195 -14.8629 -2.91778 -1.30799
0 0 234 75.6266 -17.1018 -2.42749 -0.00148762
0 0 235 85.4984 -19.8084 -0.864662 1.4683
0 0 236 90.1624 -25.7338 -0.024923 0.931613
0 0 237 100.031 -28.6736 0.348478 3.56783
0 0 238 109.549 -27.4605 2.518 3.98765
0 0 239 117.361 -18.2924 1.91131 4.12773
0 0 240 130.5 -13.883 3.38121 3.7077
0 0 241 141.485 -8.84387 1.21145 5.87747
0 0 242 153.546 -4.41128 0.488356 7.51034
0 0 243 167.167 -2.5451 1.21145 7.46372
0 0 244 175.916 -10.5234 3.68444 8.60694
0 0 245 185.041 -13.9295 2.4713 8.32698
0 0 246 193.487 -19.0384 3.3345 8.84026
0 0 247 200.72 -25.6408 7.44026 7.0439
0 0 248 202.557 -28.5334 7.37032 5.92409
0 0 249 204.267 -28.9991 8.77005 6.67049
0 0 250 201.766 -26.2706 8.70011 6.43737
0 0 251 198.804 -17.4054 8.84022 3.24125
0 0 252 193.11 -11.597 6.71717 3.42775
0 0 253 187.674 -10.2204 8.6534 5.17749
0 0 254 186.554 -5.81108 6.15718 8.21032
0 0 255 177.854 -3.54828 7.62708 7.58038
0 0 256 169.224 -1.82161 6.78711 2.0282
0 0 257 162.014 -1.33199 5.15433 0.511788
0 0 258 154.878 -1.72861 6.55406 0.115175
0 0 259 148.206 -4.83115 6.62399 -0.817925
0 0 260 143.468 -2.10198 4.24442 -1.7044
0 0 261 135.585 -1.23899 3.80108 -0.2114
0 0 262 127.139 0.417934 4.78093 0.278463
0 0 263 120.467 2.82023 3.75437 0.1618
0 0 264 115.429 3.42679 4.03437 1.18835
0 0 265 109.9 2.84417 5.31744 1.21156
0 0 266 102.104 6.99639 4.01113 1.0949
0 0 267 94.4337 7.76638 2.9611 0.908401
0 0 268 89.5058 5.66634 4.1043 0.745114
0 0 269 85.566 5.55008 1.60809 2.0282
0 0 270 80.3388 4.78009 1.7015 2.61132
0 0 271 74.1814 9.98268 3.40444 3.5212
0 0 272 69.7459 14.3216 3.38121 4.66422
0 0 273 63.3568 15.8151 3.54432 3.00793
0 0 274 58.6413 14.8816 1.00163 1.23498
0 0 275 53.5364 12.8985 -0.538202 0.955026
0 0 276 50.4561 10.2159 -1.51782 0.861575
0 0 277 47.4015 9.28243 -1.82128 1.79488
0 0 278 43.4135 9.28243 -0.911366 1.60818
0 0 279 38.9813 8.933 -1.47135 0.908401
0 0 280 34.916 6.57651 -2.26438 1.16494
0 0 281 31.1887 3.94035 -1.65793 3.28788
0 0 282 26.0741 2.96042 0.18513 3.35792
0 0 283 20.9467 4.73359 -0.0948617 2.07483
0 0 284 17.0939 5.73677 -1.58799 1.2816
0 0 285 14.4352 5.08371 -0.888132 0.745114
0 0 286 13.8784 3.66066 -0.024923 1.39826
0 0 287 13.1091 2.44754 -0.211505 1.91154
0 0 288 11.6606 5.19996 -0.794723 3.5212
0 0 289 11.2647 6.32008 -1.37794 2.93789
0 0 290 9.97725 5.19996 -1.21459 -0.0947371
0 0 291 7.78529 5.69027 0.558295 -0.11815
0 0 292 5.29399 5.22321 1.86484 1.23498
0 0 293 5.87658 2.82023 2.37789 1.00165
0 0 294 5.61908 0.3475 3.35774 0.138387
0 0 295 2.86706 0.720871 1.32809 1.30501
0 0 296 2.58703 2.75048 -1.2613 2.16808
0 0 297 3.9389 3.98685 -1.93792 3.5212
0 0 298 3.543 3.52047 -1.56452 2.89127
0 0 299 4.42815 1.09424 -1.54129 0.768325
0 0 300 4.33481 0.814556 -2.07756 0.955026
0 0 301 4.73393 0.651121 -1.44788 1.07169
0 0 302 1.74694 3.82341 1.09481 0.325087
0 0 303 -1.21751 4.45322 -0.421558 -0.701464
0 0 304 -2.00932 4.59341 -1.19136 -1.84428
0 0 305 -1.49432 3.77691 -1.42465 -1.00463
0 0 306 -2.24107 2.47079 0.838286 -1.19133
0 0 307 -0.25833 1.81705 4.22095 -1.44786
0 0 308 2.07203 3.1936 1.35157 -1.26137
0 0 309 1.02273 3.80016 -1.33124 0.0451371
0 0 310 -1.28511 2.68073 0.628233 1.16494
0 0 311 -1.72929 1.32743 -0.118096 -0.0481124
0 0 312 -2.05438 0.557436 -1.37794 -0.817925
0 0 313 1.02273 -0.352059 -2.98748 0.745114
0 0 314 -0.399954 0.324249 -2.66102 2.44803
0 0 315 -0.190736 2.79698 0.95493 3.03134
0 0 316 -0.422485 2.86742 -2.14774 1.35164
0 0 317 -2.92022 0.814556 -0.1648 -1.3312
0 0 318 -3.36119 1.49086 -0.468026 0.581625
0 0 319 -4.20128 0.62787 -1.86799 -0.0715257
0 0 320 -3.85366 -1.68211 -6.6966 0.0219257
0 0 321 -4.62294 2.84417 -3.89739 0.395126
0 0 322 -1.40098 3.49722 -2.77766 1.86471
0 0 323 0.977665 5.61984 -2.31109 0.605038
0 0 324 2.21366 4.73359 2.37789 0.325087
0 0 325 3.42712 0.767372 1.04834 -0.11815
0 0 326 0.0442312 1.72405 -1.33124 -1.77444
0 0 327 -1.8001 4.05728 -4.0605 -1.30799
0 0 328 -3.01357 1.81705 0.698409 0.115175
0 0 329 -3.33866 -0.235808 -1.07471 -1.8909
0 0 330 -2.42776 2.44754 -2.26438 -2.33434
0 0 331 -2.40523 3.94035 -0.724784 -1.8909
0 0 332 -1.47179 4.17353 -1.33124 -0.281438
0 0 333 -2.49857 3.61348 0.815053 0.301674
0 0 334 -2.14773 0.231248 -0.398087 0.651663
0 0 335 -0.773328 -0.65568 0.0450157 0.208425
0 0 336 -0.586641 0.790622 1.46821 -0.398101
0 0 337 -3.33866 2.91392 0.651704 -1.1447
0 0 338 -2.1252 2.30736 -2.26438 0.0219257
0 0 339 -2.75607 -0.188624 -4.66719 -1.09788
0 0 340 0.208387 -3.96816 -1.75134 -0.841339
0 0 341 -2.33441 -2.0083 1.09481 -1.09788
0 0 342 -2.92022 -0.888866 0.371712 -0.794714
0 0 343 -1.77435 -0.328809 -1.72787 -1.37783
0 0 344 -0.53836 -0.165373 -0.958071 -0.234813
0 0 345 -2.36016 2.86742 1.32809 1.23498
0 0 346 -4.13047 2.35386 1.79467 -0.234813
0 0 347 -6.67327 1.44436 1.16498 -0.537975
0 0 348 -6.27737 1.63105 -2.38079 -1.5179
0 0 349 -5.8364 2.77373 -3.71057 -0.11815
0 0 350 -4.36544 2.09742 -3.26747 0.348501
0 0 351 -4.24956 2.6103 -2.05457 -0.398101
0 0 352 -4.27209 2.26086 0.628233 -1.00463
0 0 353 -3.52535 2.07417 4.40753 -2.10081
0 0 354 -4.43625 0.231248 5.22427 -0.2114
0 0 355 -4.50384 0.441184 2.9611 0.418337
0 0 356 -3.87619 1.21049 1.00163 0.208425
0 0 357 -4.69053 1.21049 0.278303 -1.58794
0 0 358 -4.45878 -0.725431 0.18513 -3.26764
0 0 359 -1.93851 -0.935367 0.441651 -2.98769
0 0 360 0.369324 -0.165373 0.394946 -1.7044
0 0 361 -0.0491121 1.35068 -1.77458 0.558413
0 0 362 -1.96104 2.6103 -1.96116 0.955026
0 0 363 -2.49857 2.98367 -0.468026 0.558413
0 0 364 -2.94276 4.5469 -1.42465 1.37485
0 0 365 -1.77435 5.24646 -1.308 2.37799
0 0 366 -0.53836 4.17353 -0.304915 1.74825
0 0 367 -1.75182 2.14392 -0.024923 0.0917619
0 0 368 -1.30764 0.603936 1.07157 -0.0481124
0 0 369 -0.119924 0.534185 -0.398087 -1.42445
0 0 370 -0.0716432 0.394 -3.73428 -2.84741
0 0 371 -0.515829 0.557436 -3.52423 -2.2643
0 0 372 -0.470766 -0.912117 -1.82128 -2.2643
0 0 373 0.137575 -3.33835 -0.328149 -0.934588
0 0 374 -0.119924 -1.49542 0.231835 0.325087
0 0 375 0.324261 0.207998 -1.44788 0.0917619
0 0 376 -1.30764 -0.865616 -2.96424 -0.304851
0 0 377 -2.31188 -0.422494 -2.56785 1.14153
0 0 378 -2.89447 2.40036 -0.58467 0.535
0 0 379 -0.213268 1.7938 -1.91445 -0.0249009
0 0 380 -0.702515 1.44436 -2.19444 -0.678051
0 0 381 -1.84517 1.44436 -0.118096 -1.26137
0 0 382 -2.47604 0.697621 1.7015 -0.0947371
0 0 383 -2.08013 -0.0019379 1.51491 0.581625
0 0 384 0.137575 0.3475 1.60809 1.16494
0 0 385 0.86179 -0.935367 1.81814 2.44803
0 0 386 -0.657453 1.6543 1.65479 1.32823
0 0 387 -2.33441 1.09424 -1.35471 -0.141564
0 0 388 -3.05863 2.37711 -1.14465 -1.26137
0 0 389 -2.33441 4.36022 1.21145 -1.93773
0 0 390 -2.17348 2.70398 3.03128 -2.6375
0 0 391 -1.28511 1.98049 -0.25821 -1.5179
0 0 392 -3.38694 1.81705 -0.561436 0.651663
0 0 393 -2.47604 -0.702181 -1.44788 0.465164
0 0 394 -1.52007 0.487685 -2.12451 1.70143
0 0 395 -1.54261 1.30418 -0.888132 2.16808
0 0 396 -0.725047 -4.06184 0.115191 0.44175
0 0 397 -0.866671 -1.72861 0.441651 0.791739
0 0 398 -0.889202 -3.01148 0.0450157 -1.35461
0 0 399 -3.71203 -3.05866 -0.0716279 -1.35461
0 0 400 -2.33441 -7.04745 -0.024923 -1.56453
0 0 401 -2.03185 -4.64447 0.558295 -2.03118
0 0 402 -0.911733 -0.235808 -0.58467 -2.0776
0 0 403 0.230918 -3.2686 -0.724784 -1.09788
0 0 404 -2.21854 0.254499 2.05143 -1.65757
0 0 405 -2.24107 1.56062 3.96443 -1.28458
0 0 406 0.604291 4.15028 1.53815 -0.374687
0 0 407 2.81878 0.837806 1.46821 -0.724676
0 0 408 1.23516 -0.981867 1.53815 -0.701464
0 0 409 1.16435 -1.68211 2.23801 -0.771301
0 0 410 0.720166 -3.19816 1.51491 0.581625
0 0 411 -0.609172 -0.935367 0.558295 1.60818
0 0 412 -0.493298 0.930807 -3.82745 -0.188188
0 0 413 -1.05336 1.18724 -0.608141 -1.30799
0 0 414 -2.36016 0.207998 1.49144 -0.537975
0 0 415 -2.70779 0.814556 4.33759 1.51493
0 0 416 -1.98679 -1.61168 4.99075 0.44175
0 0 417 -1.75182 -4.73815 1.14151 -0.234813
0 0 418 -0.493298 -2.56836 0.558295 0.0451371
0 0 419 -1.68101 -0.748681 -3.29094 -0.49135
0 0 420 -2.56938 0.300999 -5.22718 0.908401
0 0 421 -1.56514 3.1006 -1.65793 1.2816
0 0 422 -0.631703 4.5469 -0.468026 0.861575
0 0 423 0.230918 5.4099 0.698409 0.581625
0 0 424 -0.377423 4.17353 1.60809 0.0685504
0 0 425 -0.515829 1.6543 -1.2613 1.30501
0 0 426 0.440136 -0.0956227 0.0450157 0.605038
0 0 427 -1.8001 0.977308 1.35157 -1.56453
0 0 428 -1.89345 1.07099 2.1446 0.0917619
0 0 429 -0.213268 -1.35524 0.0917205 2.19149
0 0 430 0.768447 -2.42817 -0.608141 2.37799
0 0 431 -0.586641 -0.212558 -3.43058 3.03134
0 0 432 -1.75182 2.47079 -3.12759 3.19463
0 0 433 -0.377423 1.77055 -0.141567 1.95816
0 0 434 -1.28511 0.580686 2.28495 1.51493
0 0 435 -2.10267 0.300999 2.1446 1.07169
0 0 436 -2.3827 -1.84555 0.791582 -0.748089
0 0 437 -3.45453 -0.702181 -1.23806 -1.12129
0 0 438 -3.71203 0.651121 0.651704 -0.958001
0 0 439 -4.85468 2.79698 3.26457 -0.304851
0 0 440 -4.24956 1.77055 2.1446 -1.77444
0 0 441 -1.16923 -1.77511 1.58485 -2.70774
0 0 442 0.768447 -2.03223 1.58485 -1.05125
0 0 443 0.675103 0.930807 0.348478 1.63159
0 0 444 0.324261 0.977308 -0.421558 1.56155
0 0 445 -0.026581 -0.0956227 -2.14774 0.208425
0 0 446 -0.56411 -0.305559 -3.15106 0.651663
0 0 447 -0.750796 -0.515495 -2.19444 1.72484
0 0 448 -0.493298 1.60712 -0.771489 1.44489
0 0 449 -1.09842 3.38029 0.51159 -0.631426
0 0 450 -1.61342 1.30418 0.418417 -2.00756
0 0 451 -1.33339 -2.70854 0.535061 -2.0776
0 0 452 -1.8677 -3.94491 1.23492 -1.40124
0 0 453 -0.306611 -4.22459 1.46821 -0.537975
0 0 454 1.28023 -4.10834 0.744877 -0.234813
0 0 455 0.742697 -3.15166 0.325007 -1.21454
0 0 456 0.86179 -2.03223 0.721643 -0.817925
0 0 457 -0.773328 0.674371 0.628233 -0.351476
0 0 458 -1.37845 1.56062 1.44474 -0.2114
0 0 459 -1.40098 0.324249 3.19439 -0.0947371
0 0 460 -1.91598 -0.795182 3.38121 0.535
0 0 461 -1.07589 -2.05548 3.10122 -0.00148762
0 0 462 0.55601 -3.80472 3.56779 -1.58794
0 0 463 -0.026581 -3.52503 3.75437 -0.421514
0 0 464 -0.631703 -3.03473 1.79467 0.325087
0 0 465 -1.82264 -1.47217 5.36415 -0.2114
0 0 466 -4.43625 -2.12523 4.0576 0.348501
0 0 467 -3.80538 -3.52503 0.604999 1.49151
0 0 468 -3.36119 -4.06184 -1.21459 -0.11815
0 0 469 -1.93851 -3.87516 0.0684866 -2.54425
0 0 470 -0.702515 -5.15802 0.628233 -3.40731
0 0 471 -0.142455 -2.63879 3.03128 -2.40418
0 0 472 -1.12417 -1.72861 4.61782 -0.304851
0 0 473 -3.12944 0.954058 5.06116 0.838363
0 0 474 -3.05863 2.14392 1.67802 0.838363
0 0 475 0.720166 0.954058 2.61117 0.955026
0 0 476 1.9111 -0.65568 2.1913 -0.304851
0 0 477 -0.470766 0.184064 2.61117 -2.84741
0 0 478 -0.0973931 -0.0723725 1.16498 -0.701464
0 0 479 -0.493298 3.77691 2.91487 -2.89404
0 0 480 -1.56514 4.5469 3.6612 -1.12129
0 0 481 -1.93851 3.35704 2.77452 -0.0947371
0 0 482 -0.84414 3.98685 1.81814 0.138387
0 0 483 -0.795859 3.1006 -0.421558 -0.0249009
0 0 484 0.417605 2.37711 0.325007 0.581625
0 0 485 0.533479 2.70398 1.51491 1.6548
0 0 486 -0.0716432 1.84099 1.88808 0.628451
0 0 487 0.533479 0.954058 1.35157 0.465164
0 0 488 0.0667624 -0.819116 0.255069 1.53814
0 0 489 0.182637 -1.1918 -0.491497 0.721701
0 0 490 0.533479 -1.1453 -3.33741 -1.28458
0 0 491 0.768447 -1.54192 -1.37794 -1.75123
0 0 492 1.23516 -3.19816 1.95802 -2.0776
0 0 493 0.208387 -1.47217 2.84446 -2.59108
0 0 494 -1.05336 1.88749 3.21786 -2.10081
0 0 495 -1.89345 5.13021 1.30486 -2.28751
0 0 496 -0.609172 5.76002 2.02819 -2.73095
0 0 497 0.253449 2.26086 0.95493 -1.98455
0 0 498 0.395073 1.14074 -0.25821 -1.56453
