0 0 0 -0.00156788 -0.000931384 -0.00179232 0.000108878
0 0 1 0.000636886 -0.00128127 0.00136822 -0.00205147
0 0 2 0.00110934 0.000597902 0.00112936 -0.00249202
0 0 3 0.00114871 -0.00119085 -0.000892224 0.00419801
0 0 4 -0.000426127 0.000727636 -0.0013816 0.00216757
0 0 5 -0.00314272 -0.00176089 0.00129831 0.00176938
0 0 6 0.0029204 -0.00056184 -0.00121265 0.00222969
0 0 7 -0.00349705 0.00132913 0.000558423 0.00125824
0 0 8 -0.00251278 0.00242597 0.00109732 0.00166772
0 0 9 6.9527e-06 0.00228837 0.00211976 -0.00324037
0 0 10 -0.00129229 -0.00158398 0.000928367 -0.00104049
0 0 11 0.000282549 0.00108932 0.0012284 -0.00101225
0 0 12 0.00154242 0.000417061 0.0010478 0.00132884
0 0 13 0.00166053 0.000499619 0.000208869 0.000828996
0 0 14 0.00181801 0.00201711 0.00103906 0.00136838
0 0 15 -0.00148914 -0.00167047 -0.00182145 -0.00198087
0 0 16 -0.00058361 0.000137937 0.000208869 0.00138815
0 0 17 -0.00267027 0.000696185 0.000479774 0.00123847
0 0 18 -0.000780464 -0.00251178 -0.000761142 -0.00090211
0 0 19 -0.00192222 -0.00105326 0.00107984 0.00247821
0 0 20 -0.00192222 0.000818056 -0.000362068 0.00269848
0 0 21 -0.000937948 0.000126143 -0.00198167 0.00350896
0 0 22 -0.00168599 0.000578245 -0.00239239 -0.00110261
0 0 23 -0.000268643 -0.00109257 8.94387e-05 -0.00214184
0 0 24 -0.00117417 0.00194635 -0.00290216 -0.00185097
0 0 25 -0.00298523 -0.00071123 0.000797285 -0.0019724
0 0 26 -0.00353642 -0.00153288 -0.00104078 -0.00125228
0 0 27 0.000125065 -0.000463556 -0.00142238 0.00150958
0 0 28 -0.000898577 0.000578245 0.00168865 -0.00396049
0 0 29 -0.00117417 -0.00106112 0.00137987 -0.00297209
0 0 30 0.00150305 -0.00296388 0.00042734 -0.000560407
0 0 31 0.00126682 -9.40116e-05 0.00119927 -0.00161093
0 0 32 -0.000544239 -0.000353479 -0.00101166 0.000927835
0 0 33 -0.00211907 0.00169867 -0.00107283 0.000888299
0 0 34 -0.00121354 -0.00288132 0.000369082 -0.00345217
0 0 35 -0.000544239 0.0015768 0.00223919 0.00243867
0 0 36 0.00177864 0.0011876 0.000217608 -0.000961413
0 0 37 0.00209361 -0.00241349 -0.000431979 -0.00152056
0 0 38 -0.000386756 0.000476031 -0.00193215 0.00269848
0 0 39 -0.00227656 -0.0016115 -0.00146025 0.000868532
0 0 40 0.00288102 -0.00368331 0.000867195 -0.0018312
0 0 41 -0.000229272 -0.000400655 -0.00184184 -0.000390968
0 0 42 -0.000426127 -0.000400655 -0.0014719 -0.00369221
0 0 43 0.000282549 0.00144707 0.000138959 0.00071886
0 0 44 -0.00278838 -0.00202036 0.000677854 0.000908067
0 0 45 -0.00160725 -0.00059329 -0.0005718 -0.00134265
0 0 46 0.00134556 0.00248887 -0.00308276 -0.000320368
0 0 47 0.00201487 0.000267671 0.000348691 -0.00111108
0 0 48 0.000400661 -0.000263059 0.0015197 -0.000560407
0 0 49 0.00205424 0.000476031 -0.0021914 -0.00109132
0 0 50 0.000558145 -0.000943178 -0.000350416 -0.000650775
0 0 51 -0.000189902 0.00402602 -0.00169037 0.00018795
0 0 52 0.00382593 0.000306984 0.00025839 0.00191906
0 0 53 0.00209361 0.00105787 0.00164787 -0.00108002
0 0 54 -0.000504868 0.000558589 -0.00104078 -0.00108002
0 0 55 0.000558145 -0.00151322 -0.00126217 -0.000450271
0 0 56 0.00154242 -3.59107e-06 0.000698244 -0.0034324
0 0 57 -0.00180411 -0.00112402 0.000849718 -0.00020176
0 0 58 0.000912482 -0.000683711 0.00107984 -0.00252026
0 0 59 -0.0023553 -0.000231608 -0.000810662 0.00195859
0 0 60 0.000873111 -0.000302372 -0.000111555 -0.000772206
0 0 61 -0.00298523 0.00192669 -0.000831052 0.00283968
0 0 62 -0.00133166 -0.000392793 0.00139735 0.000518357
0 0 63 0.000440032 0.000637215 0.000299171 0.00064826
0 0 64 -0.000662352 -0.00212258 0.00027878 -0.00282242
0 0 65 -0.000898577 0.000365954 0.000797285 -0.00213054
0 0 66 -0.0014104 0.000959584 0.00171778 0.000769692
0 0 67 0.000282549 0.000759086 0.000138959 0.00153782
0 0 68 -0.00109543 -0.000101874 -0.000801923 0.00154911
0 0 69 -0.000308014 0.00132913 0.000488512 0.00179762
0 0 70 -0.00247341 0.000267671 -0.00105244 -0.00076091
0 0 71 -0.000937948 -0.000192295 0.00301986 -0.00238188
0 0 72 0.000912482 -0.00208326 -0.00180106 -0.00216161
0 0 73 -0.00160725 -0.000282715 -0.00159133 -0.00174083
0 0 74 0.00122745 -0.00115154 -0.000481499 0.000809228
0 0 75 -0.000741094 0.000365954 -0.00153016 0.00153782
0 0 76 -0.00105606 -0.00169406 0.000418602 3.82788e-05
0 0 77 0.00232983 0.00103821 0.00198868 -0.000430503
0 0 78 0.000636886 -0.00132059 -0.00060093 0.000749924
0 0 79 0.00036129 -0.000243402 0.000299171 -0.0003712
0 0 80 -7.1789e-05 -0.000852758 0.00120801 0.000247254
0 0 81 0.00225109 0.000538932 0.000628334 -0.000100097
0 0 82 -0.000622981 0.000959584 -0.00194089 0.00118764
0 0 83 -0.000347385 0.000967447 6.90481e-05 -0.000560407
0 0 84 0.00173927 0.00126623 0.00117888 -0.000100097
0 0 85 0.00339285 -5.0767e-05 0.000937106 -0.000811742
0 0 86 0.000991224 -0.000671917 0.000418602 -0.000221528
0 0 87 0.00240857 0.000637215 -0.00123013 0.000927835
0 0 88 -0.00152851 -0.000573634 0.0020382 0.000247254
0 0 89 -0.00223719 -0.000121531 -0.0029109 -0.000560407
0 0 90 0.00158179 -0.00211078 0.00100993 0.0008177
0 0 91 -0.000819835 0.00111684 0.00258875 0.00247821
0 0 92 0.00272354 0.00149818 0.000709896 0.00334799
0 0 93 0.00193612 -0.0014228 -0.00116022 -3.2321e-05
0 0 94 0.00158179 0.000928134 -0.000842704 0.000108878
0 0 95 -0.00184348 -0.0010218 -0.00145151 0.00400881
0 0 96 -0.000150531 0.000649009 0.00233823 0.000309382
0 0 97 -0.000977319 0.000208701 -0.00312063 -0.000710078
0 0 98 -0.00133166 -0.00108077 0.00136822 0.000529653
0 0 99 -0.000701723 -0.000160844 -0.000350416 -0.00213054
0 0 100 0.0016999 0.000157593 -0.000251376 -0.00284219
0 0 101 -0.000701723 -6.2561e-05 -0.00196128 0.00198966
0 0 102 -0.00109543 0.00109718 0.00174982 -0.00133136
0 0 103 0.00150305 4.75162e-05 0.00022926 -0.00154033
0 0 104 0.00339285 -0.00159185 0.00161874 0.0022184
0 0 105 -0.000465498 -0.00133238 0.00162747 0.0023483
0 0 106 0.0014243 0.000248014 -0.00050189 0.0023483
0 0 107 0.00162116 -0.00111223 -0.000251376 0.00401728
0 0 108 -0.00318209 -6.2561e-05 0.00118762 0.00332823
0 0 109 -0.00144977 0.000609696 -0.000510628 -0.000441799
0 0 110 -0.00180411 -0.00175303 0.000718635 0.00167902
0 0 111 -0.000622981 0.000279465 -0.00215062 -0.00137089
0 0 112 -3.24182e-05 -0.00277125 -0.00125052 -0.00152056
0 0 113 0.00201487 -0.000270921 -0.00194089 0.00242737
0 0 114 -0.000937948 0.00112863 0.00202946 0.000699092
0 0 115 -0.00188285 0.00184806 0.000759416 -0.000862574
0 0 116 0.0016999 0.000216563 0.000689506 0.00296958
0 0 117 0.00382593 -0.000420312 -7.07734e-05 0.000668028
0 0 118 0.000873111 0.00159646 0.00159834 -0.000972709
0 0 119 -0.00125291 -0.000892071 0.000147698 -0.000560407
0 0 120 -0.00408762 -0.00170192 -0.00100292 -0.000890814
0 0 121 -0.000150531 0.00348743 -0.000481499 -0.00128052
0 0 122 -0.00105606 -0.000333823 -0.000242637 0.000207718
0 0 123 0.000125065 -0.00250392 -8.62669e-07 -0.00136242
0 0 124 0.00158179 -0.000463556 0.00134783 -0.00192157
0 0 125 8.56944e-05 0.00162791 -0.00186224 -0.000890814
0 0 126 -0.00196159 -0.0010218 -0.00175154 0.000569189
0 0 127 0.00114871 -0.00105326 0.000578814 0.000388453
0 0 128 0.00138493 0.00148638 -0.00110196 -0.00073267
0 0 129 -0.00133166 -0.000353479 0.000418602 0.000769692
0 0 130 0.00122745 0.000987103 -0.000880573 0.00218733
0 0 131 -0.00286712 0.000558589 -0.00155055 -0.00117039
0 0 132 -0.00156788 -0.000101874 -0.000592191 -0.00117039
0 0 133 -0.00286712 -0.000522526 -0.000350416 -0.00125228
0 0 134 0.000715628 0.00100676 0.00378888 -0.00216161
0 0 135 -0.000622981 0.00195814 0.000779807 0.00178915
0 0 136 -0.000741094 0.000558589 -0.000350416 0.000809228
0 0 137 0.000164436 0.00194635 0.00115849 0.00137967
0 0 138 -0.000780464 -2.32477e-05 0.00110897 -0.000261064
0 0 139 0.000164436 -0.00125375 -0.0029109 0.000639788
0 0 140 -0.000465498 -0.000821307 0.0013187 0.00259964
0 0 141 -0.00011116 0.00270903 0.000817675 0.000439285
0 0 142 -0.00239467 0.000338434 -2.12533e-05 -0.00113085
0 0 143 -0.00176474 0.0007984 -0.00245065 -0.00198087
0 0 144 0.000951853 0.000818056 0.000217608 -0.000111393
0 0 145 0.00225109 0.00149818 0.00165952 -0.000252592
0 0 146 0.000597515 0.000566451 0.00133909 0.00363886
0 0 147 -0.000347385 0.00218616 -0.000851443 0.000577661
0 0 148 -0.00176474 -0.00217368 -0.000391198 0.00025855
0 0 149 -0.00156788 0.000696185 -0.000752403 -0.000331664
0 0 150 0.00221172 0.000377748 0.000849718 0.00253751
0 0 151 -0.00117417 0.000499619 -0.000580539 0.00329999
0 0 152 -0.0023553 0.00174585 0.000657463 0.00412742
0 0 153 0.000479403 -0.000322029 -0.00243026 0.00205743
0 0 154 -0.00133166 -0.00065226 0.000937106 -0.00130029
0 0 155 -0.000229272 -0.000101874 -0.000702883 -0.000450271
0 0 156 -7.1789e-05 0.000908477 0.000709896 0.000148414
0 0 157 0.00288102 -0.000742681 -0.000230985 -0.00182273
0 0 158 -0.000189902 0.000468168 0.000619595 -0.00194134
0 0 159 8.56944e-05 -0.00208326 -5.03828e-05 -0.0017719
0 0 160 0.00138493 0.000668666 -0.0042625 0.000199246
0 0 161 0.000991224 0.00017725 -0.000271767 -0.000972709
0 0 162 -0.000268643 0.00242597 -0.00164085 -0.000981181
0 0 163 -0.00129229 -9.40116e-05 -0.0012913 -0.000532167
0 0 164 0.00421963 0.000609696 -0.00180106 0.00250927
0 0 165 0.0026448 0.000715842 -0.00101166 0.00184846
0 0 166 -0.00196159 -0.00228376 -0.000950483 0.0022184
0 0 167 -0.00184348 -0.000742681 0.000829327 -0.000602767
0 0 168 0.000164436 0.000837713 -0.00142238 0.000668028
0 0 169 0.00079437 0.00324762 -0.000930093 0.000617197
0 0 170 0.0023692 0.00375869 -0.00115148 0.000628493
0 0 171 -0.00314272 -0.000762337 0.0013187 0.000659556
0 0 172 0.00209361 -0.000781994 -0.000181465 -0.000780678
0 0 173 -0.0020797 -0.00127341 -0.000230985 0.000487293
0 0 174 0.00079437 -0.00129307 0.000479774 0.000227486
0 0 175 0.000125065 0.00107752 -0.000391198 0.00266741
0 0 176 -0.00105606 -5.0767e-05 0.000468122 0.0010888
0 0 177 -0.00322146 -0.00101394 0.00197994 0.000989963
0 0 178 -0.000268643 0.000609696 -0.00102039 -0.00117039
0 0 179 0.00126682 0.00266971 0.000217608 0.00154911
0 0 180 0.00162116 -0.00134417 -0.000120293 0.00113963
0 0 181 0.00122745 -0.00175303 -0.0013816 -0.00111108
0 0 182 -0.000859206 -0.00183166 0.00126918 -0.000950117
0 0 183 -0.00255215 0.00110897 -0.00127091 0.00105774
0 0 184 -0.0011348 -0.000581496 0.000998278 -0.00240165
0 0 185 -0.000937948 -0.000601153 0.00276935 -0.000941646
0 0 186 0.00323536 -0.000412449 5.73963e-05 -0.00186227
0 0 187 -0.000268643 -9.40116e-05 0.000438992 0.000738628
0 0 188 -3.24182e-05 0.000869164 0.000508903 0.00181739
0 0 189 -0.00117417 -0.00115154 0.00027878 -0.0018425
0 0 190 -0.00152851 0.000346297 0.00155756 0.00103797
0 0 191 -0.000386756 -0.0014228 0.000217608 -0.0034324
0 0 192 0.00189675 0.00124657 0.00114975 -0.000540639
0 0 193 0.00079437 0.00263826 -8.62669e-07 -0.00105178
0 0 194 -0.00267027 -0.00264151 -0.000222247 -0.00105178
0 0 195 0.00339285 -0.000361342 -8.62669e-07 -0.00229151
0 0 196 0.00114871 0.000707979 -0.000402849 0.000939131
0 0 197 -7.1789e-05 -0.000101874 0.00231784 -0.00159116
0 0 198 0.00284165 -0.00104146 0.00037782 0.00204896
0 0 199 -0.00152851 0.00130947 -0.000542671 -0.000571703
0 0 200 0.00138493 -0.0014228 0.00142939 -0.00101225
0 0 201 0.0019755 0.00088882 -0.00126217 0.00239913
0 0 202 0.00229046 0.000299121 0.00189838 -0.00251178
0 0 203 -0.00176474 0.00207608 0.00130996 -0.00318107
0 0 204 0.00335348 -0.00257075 -0.000510628 0.000857236
0 0 205 -0.000465498 -0.000270921 -0.000111555 0.00249797
0 0 206 -0.00204033 -0.00155253 -0.000851443 0.0037377
0 0 207 -0.00121354 -0.000581496 -0.00110196 -0.000981181
0 0 208 0.000597515 -0.000943178 0.00269944 0.0021478
0 0 209 0.000833741 0.00100676 -0.000732012 0.00219863
0 0 210 -0.000308014 -0.00244101 0.00199742 -0.000611239
0 0 211 0.00221172 0.000365954 0.00108858 0.00150958
0 0 212 0.000676257 0.000908477 -6.20345e-05 0.000617197
0 0 213 -0.000780464 -0.000951041 -0.00050189 -0.00327144
0 0 214 -0.00188285 0.00144707 -0.00112235 -0.00192157
0 0 215 0.000873111 0.00131733 -0.000991264 -0.00116192
0 0 216 0.00232983 -0.000333823 0.00107984 -0.00293256
0 0 217 0.000125065 -0.000723024 -0.00123013 0.00015971
0 0 218 -0.00152851 -0.00136383 -0.000242637 0.000289614
0 0 219 0.00276291 -0.00252357 0.00134783 -0.00020176
0 0 220 -0.00251278 0.00125837 0.00112936 -0.0019724
0 0 221 0.000991224 -0.000821307 0.000127307 -0.00370068
0 0 222 0.00134556 0.000786606 -0.00128256 -0.00324037
0 0 223 0.000164436 -0.00152108 -0.000481499 -0.000780678
0 0 224 -0.000662352 0.00368793 0.00110897 0.000707564
0 0 225 6.9527e-06 0.00032664 0.00100993 -0.000430503
0 0 226 0.0019755 0.000707979 -0.00047276 -0.000162224
0 0 227 -0.00306397 -0.003243 0.000977887 -0.000410736
0 0 228 -0.00144977 0.00273654 0.00164787 -0.00179167
0 0 229 0.00201487 -0.000263059 -0.00235161 2.98068e-05
0 0 230 -0.00495378 0.0015886 0.000838066 0.000998435
0 0 231 -0.00196159 0.000806262 0.00180808 -0.000501103
0 0 232 4.63235e-05 -0.000553977 7.77869e-05 0.0010182
0 0 233 0.000518774 -0.00265331 -0.00132043 0.00147851
0 0 234 0.00189675 -0.000840964 -0.000370807 7.21487e-06
0 0 235 -0.00164662 0.000558589 0.00135948 0.00035739
0 0 236 0.00126682 -0.00114368 -0.000682492 -0.00122122
0 0 237 0.000440032 0.00032664 0.00213724 -0.00227174
0 0 238 0.00229046 -0.000243402 0.000838066 -0.000402264
0 0 239 -0.00176474 -0.000923522 -0.000630059 -0.000910582
0 0 240 -0.00200096 0.00194635 0.000637073 0.00193882
0 0 241 0.000873111 -0.00347102 -0.00155055 -0.00129182
0 0 242 -0.00192222 -0.00185132 -0.000210595 -0.00370068
0 0 243 0.00272354 0.00104607 -0.000880573 -0.00274053
0 0 244 0.00032192 -0.000892071 -0.00224092 0.000978667
0 0 245 0.000833741 -1.14537e-05 8.94387e-05 0.00216757
0 0 246 8.56944e-05 -0.000730887 -0.00110196 0.000289614
0 0 247 8.56944e-05 0.000637215 -0.0019001 0.00277755
0 0 248 0.00229046 0.000849507 -0.000461108 -0.00364138
0 0 249 -0.000426127 -0.000463556 0.00226832 -0.000492631
0 0 250 0.00166053 0.000546795 -0.00062132 -0.00122122
0 0 251 0.00441649 0.000586108 0.000479774 0.000379981
0 0 252 -0.000386756 0.000456374 -0.000152336 -0.000871046
0 0 253 -0.00278838 -0.000121531 0.000829327 -0.00169
0 0 254 -0.00188285 0.000196907 0.00121966 -0.00253155
0 0 255 -0.00172536 0.00128588 0.000549684 -0.000501103
0 0 256 0.00130619 -0.0010336 -0.000930093 -0.0015008
0 0 257 -0.0023553 0.000196907 0.00172943 0.00313902
0 0 258 -0.00239467 0.000428855 0.000907977 -0.00023
0 0 259 -0.00188285 0.00107752 -0.0011107 0.00332823
0 0 260 4.63235e-05 0.00132913 0.000147698 -0.00090211
0 0 261 0.000440032 -0.000762337 -0.00177193 0.000108878
0 0 262 -0.00223719 0.0011994 -0.00176028 0.00183998
0 0 263 -0.00176474 -0.00129307 0.0021285 0.000427989
0 0 264 0.00437712 -5.0767e-05 -0.000120293 -4.07929e-05
0 0 265 -0.0014104 -0.000172638 -0.00137286 -0.00108002
0 0 266 -0.00058361 0.000688323 -0.0029109 -0.00153186
0 0 267 -0.00204033 -0.000581496 -0.000892224 -0.00110261
0 0 268 -0.00263089 -0.000911728 -0.00136121 -0.000492631
0 0 269 0.000912482 -0.00248033 -7.07734e-05 -0.00128052
0 0 270 0.00185738 0.000578245 -0.00130004 0.000749924
0 0 271 0.00303851 -0.00212258 0.000919628 -0.000150929
0 0 272 -0.00125291 -0.000282715 0.000937106 0.00149828
0 0 273 6.9527e-06 -0.000911728 -0.000440718 -0.000560407
0 0 274 -0.00125291 0.000727636 -0.00159133 -0.000560407
0 0 275 -0.000544239 0.000476031 -0.00186224 0.00111987
0 0 276 0.00205424 -0.000113668 0.000669115 5.80467e-05
0 0 277 0.0035897 0.000126143 0.000718635 -0.00193004
0 0 278 0.000164436 -0.00071123 0.000669115 -0.000642303
0 0 279 -0.00389076 -0.00129307 0.000899238 0.00205743
0 0 280 0.00134556 0.0013881 0.000578814 -0.00083151
0 0 281 -0.000268643 -0.00200071 0.000109829 -0.00318107
0 0 282 -0.000308014 -0.000412449 0.000208869 0.000679324
0 0 283 -0.000937948 0.000837713 0.000339952 -0.000910582
0 0 284 0.00134556 -0.000223745 3.99186e-05 -0.00270099
0 0 285 -0.00105606 0.000216563 0.00116723 -0.000382496
0 0 286 -0.000229272 -0.000943178 0.000829327 -0.000851278
0 0 287 0.000125065 0.000306984 8.94387e-05 -0.000410736
0 0 288 0.000991224 0.000837713 0.0003283 0.00123847
0 0 289 -0.000819835 0.000597902 -0.00163211 -0.00119016
0 0 290 -0.00219782 0.000967447 1.9528e-05 0.000989963
0 0 291 0.00126682 -0.000141188 0.00108858 0.00187952
0 0 292 0.00323536 0.0013763 -0.000411588 0.000569189
0 0 293 6.9527e-06 0.000747292 -0.00302159 0.000848764
0 0 294 -0.00239467 -0.00167047 0.00138861 -0.00149232
0 0 295 -0.000504868 -0.000742681 0.00175856 0.00018795
0 0 296 -0.000150531 -0.000204089 -0.000222247 -1.2571e-06
0 0 297 -3.24182e-05 0.00168688 0.00115849 -0.000772206
0 0 298 -0.00239467 -0.00193387 0.000127307 0.00218733
0 0 299 -0.00117417 -0.000522526 0.00117888 -5.20889e-05
0 0 300 0.00288102 -0.00164295 0.000517642 -1.2571e-06
0 0 301 -0.000662352 -0.000522526 0.000438992 0.00302888
0 0 302 0.00402278 -0.000852758 0.00171778 -0.00360184
0 0 303 0.00256606 0.00299601 0.00129831 0.000538125
0 0 304 -0.000268643 -0.000872414 0.00107984 0.000998435
0 0 305 -0.000268643 0.000538932 -0.00351096 0.00200942
0 0 306 -0.00306397 0.00144707 -0.000102816 0.00162818
0 0 307 0.00036129 0.000365954 0.0038384 0.00304865
0 0 308 -0.000465498 0.000825919 0.00128957 -0.000811742
0 0 309 0.00406215 -0.000990354 -0.000950483 -0.000190464
0 0 310 0.000440032 -0.00127341 -0.00107283 -0.0015601
0 0 311 0.00158179 -0.000432106 0.00116723 -0.000800446
0 0 312 0.00036129 0.00125837 -0.00150103 0.00104927
0 0 313 0.00303851 0.00111684 0.000919628 0.000368685
0 0 314 -0.00164662 0.000959584 -0.0015622 0.00071886
0 0 315 -0.000780464 0.000456374 0.00222754 0.000967371
0 0 316 -0.00243404 0.00162791 0.00205859 -0.000402264
0 0 317 -0.000859206 0.000818056 0.00146726 -0.000871046
0 0 318 -0.00345768 -0.000982492 0.000768155 -0.000111393
0 0 319 0.000282549 0.00212719 0.000709896 -0.000461567
0 0 320 0.000282549 0.00209967 -0.00343231 -0.00174083
0 0 321 0.00138493 -0.00168227 0.00136822 0.000868532
0 0 322 -0.000504868 0.00117581 0.00134783 0.0064092
0 0 323 -0.00298523 0.000597902 -0.00124178 0.00370946
0 0 324 0.00130619 -0.00391133 0.00147891 -0.00178037
0 0 325 0.00248732 0.000468168 0.00142939 0.000749924
0 0 326 0.00319599 -0.00114368 0.00125753 -0.00083151
0 0 327 0.00185738 4.75162e-05 0.00206733 -0.000882342
0 0 328 0.00110934 0.00159646 0.000517642 -0.00120145
0 0 329 0.00173927 0.00032664 0.0018576 0.00257987
0 0 330 -0.000937948 3.96535e-05 0.00199742 0.00161971
0 0 331 -0.00259152 -0.00120265 0.00209937 0.0034073
0 0 332 -0.00168599 -0.000542183 -0.00365078 -0.00125228
0 0 333 0.00110934 0.00124657 0.00017974 0.00205743
0 0 334 0.00232983 -0.001812 -7.07734e-05 -0.000280832
0 0 335 -0.00152851 -0.00059329 0.00025839 0.00150958
0 0 336 0.00327473 -0.000911728 0.00121966 0.00110857
0 0 337 -0.00117417 -0.000833101 0.00025839 0.00035739
0 0 338 0.00217235 0.00104607 -0.000292157 0.00173832
0 0 339 0.00319599 -0.00114368 -0.00283225 -0.000252592
0 0 340 0.000518774 -0.00210292 -0.000772794 -0.00247225
0 0 341 -0.000150531 0.000417061 -0.00334201 -0.00213054
0 0 342 -0.000780464 0.00288593 4.86574e-05 -0.000512399
0 0 343 -0.00172536 0.000196907 -0.00253221 0.00304865
0 0 344 0.000912482 0.00184806 -0.000921354 -0.000181992
0 0 345 0.00256606 0.00161612 0.000709896 -0.00321213
0 0 346 -0.000465498 0.000597902 -0.000752403 -3.2321e-05
0 0 347 -0.000308014 -0.00132059 0.00234989 0.00154911
0 0 348 0.00106997 -0.000813445 0.00193916 0.000247254
0 0 349 -0.000268643 -0.00228376 -0.000481499 0.000388453
0 0 350 -0.00255215 0.00307857 0.00130996 0.000758396
0 0 351 -0.000504868 -8.22176e-05 0.0013187 -0.000842806
0 0 352 0.00205424 -0.000612947 0.00112936 -0.00128052
0 0 353 -0.00058361 -0.00104146 0.00152843 -0.00027236
0 0 354 -0.00164662 0.00100676 -0.000921354 -0.00027236
0 0 355 0.00177864 0.000279465 -0.000542671 0.00281991
0 0 356 0.00232983 0.0030196 0.00349759 -0.00126076
0 0 357 -0.000859206 -0.00108077 0.00174982 0.00112834
0 0 358 0.00138493 0.00375869 0.00100993 0.00035739
0 0 359 0.000440032 0.00141955 -0.000251376 0.000569189
0 0 360 0.00587321 0.00150604 0.000348691 0.000459053
0 0 361 0.0029204 -0.000152982 0.00017974 -0.00146126
0 0 362 -0.000268643 0.0011994 0.00165952 -0.00215031
0 0 363 -0.00267027 0.0025675 7.87617e-06 -0.000972709
0 0 364 0.000164436 0.000818056 -0.0013816 0.0008177
0 0 365 4.63235e-05 0.000196907 -0.000612581 0.00150958
0 0 366 0.00189675 -0.000491076 0.000459383 -0.000210232
0 0 367 0.00118808 1.60656e-05 -0.000300896 0.0023596
0 0 368 -0.000622981 0.00101855 0.00328785 0.00169878
0 0 369 0.00441649 -4.29043e-05 0.000698244 0.000758396
0 0 370 -0.000150531 0.00120726 -0.000781532 0.0011594
0 0 371 -0.000150531 -0.000691573 -0.000831052 0.0023596
0 0 372 -0.00333957 0.00103821 -0.000242637 -0.000142457
0 0 373 6.9527e-06 -8.22176e-05 -0.00133208 -7.18568e-05
0 0 374 -0.000229272 -0.00059329 -8.24252e-05 -0.00187074
0 0 375 -0.00322146 8.20291e-06 -0.00133208 -0.00251178
0 0 376 0.000636886 -0.00056184 0.00107984 0.000809228
0 0 377 0.00276291 0.00106966 -0.000962135 0.000679324
0 0 378 0.000282549 -0.000231608 -0.000102816 -0.000111393
0 0 379 -0.00176474 -0.0011712 -0.00055141 0.000659556
0 0 380 -0.00105606 -0.00148177 0.00035743 -0.000340136
0 0 381 0.00158179 -0.000990354 0.00105945 0.000199246
0 0 382 -0.000268643 0.00145886 -0.0014719 0.00265894
0 0 383 0.0033141 0.00175764 0.00169739 0.00383937
0 0 384 0.00134556 0.000959584 0.0010478 0.00139944
0 0 385 -0.00156788 0.00347957 0.000599204 0.00318985
0 0 386 -0.00211907 0.000196907 -0.000991264 0.00245844
0 0 387 0.00154242 -0.000742681 0.000727374 0.00166772
0 0 388 0.000125065 -0.00184345 -0.000982526 -4.07929e-05
0 0 389 -0.000859206 0.00375869 -0.000312548 0.000309382
0 0 390 0.000715628 0.00264612 -0.000382459 0.00211956
0 0 391 -0.00125291 0.0017773 -0.00160007 0.00175809
0 0 392 0.000597515 0.000998897 0.00231784 0.00426861
0 0 393 -0.000150531 -0.00086062 0.000138959 0.000749924
0 0 394 -0.00270964 -0.000412449 0.00180808 -0.00188203
0 0 395 -0.00219782 -0.00100215 0.000599204 -0.000721374
0 0 396 -0.000386756 0.000306984 0.00170904 0.000419517
0 0 397 0.00103059 -0.00190242 0.000637073 -0.00122122
0 0 398 0.00150305 0.000877026 -0.000950483 0.00307972
0 0 399 0.00225109 -0.00258254 0.000459383 0.00208849
0 0 400 -0.00133166 0.000928134 -0.000300896 0.00103797
0 0 401 4.63235e-05 0.00171833 -8.62669e-07 0.000908067
0 0 402 0.00378655 -0.000730887 0.00385879 0.000309382
0 0 403 6.9527e-06 -0.000483213 -0.0012913 0.00126954
0 0 404 -0.00200096 0.00094779 0.00137987 0.000148414
0 0 405 -0.00156788 0.000747292 0.00260914 -0.000190464
0 0 406 0.00110934 0.000476031 -8.62669e-07 0.00147851
0 0 407 0.00248732 -0.00362041 -0.00163211 0.0021478
0 0 408 -0.00227656 -0.0020125 -0.000481499 0.00177786
0 0 409 -0.00133166 -0.00308182 -0.00124178 -9.16248e-05
0 0 410 0.00150305 -0.000471419 0.000669115 0.000498589
0 0 411 0.00225109 -0.000373136 -0.00218266 0.00137967
0 0 412 0.00378655 -0.00139135 -0.00157094 -0.00216161
0 0 413 0.00374718 0.000448512 0.00108858 -5.20889e-05
0 0 414 0.000125065 -0.00216189 0.000159349 0.00209979
0 0 415 -0.00196159 -0.0010336 -0.000251376 0.000447757
0 0 416 0.000243178 0.000837713 -0.000402849 -0.000890814
0 0 417 -0.00168599 -0.000510732 3.99186e-05 -0.000532167
0 0 418 0.000243178 -0.000774131 0.00025839 -0.000170696
0 0 419 0.00225109 0.000617559 0.00145852 -0.000662071
0 0 420 0.000597515 -0.000872414 -0.0005718 -0.00223221
0 0 421 -0.000859206 -0.00296388 -0.00192049 -0.00107155
0 0 422 4.63235e-05 0.000499619 -0.000860182 0.00153782
0 0 423 -0.00137103 -0.00187097 -0.000740751 -0.00228022
0 0 424 0.000636886 -0.000491076 -0.000420327 -0.00256262
0 0 425 0.00327473 0.000189044 0.00114975 0.000238782
0 0 426 0.00382593 -0.00170192 9.81775e-05 -0.000351432
0 0 427 0.00319599 0.000998897 -0.00206032 -6.05609e-05
0 0 428 0.00307788 0.000409198 0.00217802 0.000727332
0 0 429 0.000833741 -5.0767e-05 -5.03828e-05 -0.000261064
0 0 430 0.0019755 -0.00113188 0.00101867 -0.00076091
0 0 431 0.000833741 -0.000491076 -0.00135247 -0.000131161
0 0 432 -0.00164662 0.00106966 0.00142939 -0.000390968
0 0 433 -0.00255215 0.00239845 0.00181973 0.00100973
0 0 434 0.000164436 0.0021665 -0.00305072 0.00393821
0 0 435 0.0016999 0.00296849 0.000398211 0.00278884
0 0 436 0.000400661 0.000476031 -0.000982526 0.00124977
0 0 437 0.00036129 -0.000192295 0.00387918 0.00224946
0 0 438 -0.000701723 -0.000683711 -0.00062132 0.00298935
0 0 439 0.00150305 -0.0016115 -0.00119226 0.00232853
0 0 440 0.0026448 -0.00121051 -0.000300896 -0.000701606
0 0 441 0.000203807 0.00032664 -0.000630059 0.000269846
0 0 442 -0.00196159 -0.000931384 0.000188479 0.000317854
0 0 443 -0.000977319 -0.00116333 -0.000691231 -0.000210232
0 0 444 0.000558145 -0.00056184 -0.00135247 -0.00178037
0 0 445 0.000991224 0.000877026 0.000709896 0.00123
0 0 446 0.000715628 0.000727636 0.00201781 0.00376877
0 0 447 0.00079437 0.000877026 -0.000860182 0.000289614
0 0 448 0.00232983 -0.00130093 -0.000801923 0.00191906
0 0 449 0.00225109 0.000346297 0.000208869 0.00366993
0 0 450 0.000282549 0.00215864 0.000628334 -0.00105178
0 0 451 0.00221172 -0.00233094 -0.000781532 -0.00160246
0 0 452 0.00217235 -5.0767e-05 -0.000440718 7.78146e-05
0 0 453 0.0033141 -0.00186311 -0.00124178 0.00143898
0 0 454 0.00410152 0.000157593 0.000479774 0.00136838
0 0 455 0.00122745 -0.00216189 0.00130996 -0.000842806
0 0 456 0.00256606 -0.000223745 -0.000781532 -0.000811742
0 0 457 0.00260543 -0.000243402 0.000348691 -0.0017013
0 0 458 0.00303851 -0.00128127 -0.000411588 -0.000150929
0 0 459 0.00232983 -0.00179235 -0.000682492 0.000529653
0 0 460 0.000715628 -0.0010218 0.000479774 0.00105774
0 0 461 0.0016999 0.000806262 -0.00101166 0.00145875
0 0 462 0.00122745 0.00227658 0.00126918 -0.00404239
0 0 463 0.0035897 -0.00230342 -0.00256134 0.000699092
0 0 464 0.000400661 0.00186772 -0.00146025 0.00011735
0 0 465 0.000912482 -5.0767e-05 0.00184886 -0.00260215
0 0 466 0.00138493 -0.000101874 -0.00181272 -0.00341264
0 0 467 0.00240857 -0.00140314 -0.000970874 0.00278884
0 0 468 0.00288102 -9.40116e-05 0.000109829 0.000947603
0 0 469 0.00268417 0.00111684 0.00132744 0.000769692
0 0 470 0.00614881 -0.00195353 0.000409863 -0.00260215
0 0 471 0.00276291 -0.000553977 -0.00281186 0.00209979
0 0 472 0.00685748 -0.0011712 -0.00123013 -0.00195263
0 0 473 0.00654251 -0.000353479 -0.000790271 0.000467525
0 0 474 0.00599132 -0.00147391 -0.000490238 0.00120741
0 0 475 0.00748741 0.000157593 -0.000801923 -0.00140196
0 0 476 0.00949533 -0.00137169 0.000127307 0.00164795
0 0 477 0.00823546 -0.00388381 -0.00286138 0.00274931
0 0 478 0.016464 -0.00231128 -0.00171076 -0.000741142
0 0 479 0.0192199 -0.00432412 -0.00405277 0.000899595
0 0 480 0.0286296 -0.00191028 -0.00796195 0.000168182
0 0 481 0.0357951 -0.00374228 -0.0039013 0.000408221
0 0 482 0.0460709 -0.00512218 -0.0105923 0.00266741
0 0 483 0.0653626 -0.00585341 -0.0167416 0.00243867
0 0 484 0.0900087 -0.0100914 -0.0172513 0.00372923
0 0 485 0.125403 -0.0157132 -0.0298702 0.000927835
0 0 486 0.176743 -0.0219325 -0.0431125 -0.0003006
0 0 487 0.235956 -0.0217438 -0.0617524 -0.00222091
0 0 488 0.309108 -0.0260604 -0.0769318 -0.00458177
0 0 489 0.407732 -0.0302434 -0.0946629 -0.00599094
0 0 490 0.518954 -0.0313205 -0.11228 -0.013531
0 0 491 0.641358 -0.0191727 -0.128791 -0.0111419
0 0 492 0.772227 -0.00877045 -0.128852 -0.0164708
0 0 493 0.909001 -0.00986336 -0.14097 -0.0230704
0 0 494 1.03003 -0.00166261 -0.128782 -0.02335
0 0 495 1.15779 -0.00410397 -0.129021 -0.0123816
0 0 496 1.27306 -0.0012341 -0.12845 -0.00890247
0 0 497 1.36814 0.0130681 -0.108362 0.00145875
0 0 498 1.48803 0.0245672 -0.11429 0.0268097
0 0 499 1.58319 0.0346982 -0.129711 0.0431098
0 0 500 1.66465 0.0315571 -0.127833 0.0728181
0 0 501 1.75984 0.0395967 -0.13092 0.0800786
0 0 502 1.86536 0.078108 -0.119592 0.0870087
0 0 503 1.92713 0.0804864 -0.0974127 0.11454
0 0 504 1.99942 0.0764882 -0.0835209 0.122639
0 0 505 2.12926 0.10229 -0.0950328 0.14178
0 0 506 2.1893 0.0885771 -0.0676104 0.16172
0 0 507 2.2708 0.0684172 -0.059891 0.136109
0 0 508 2.37497 0.0438857 -0.0250406 0.145759
0 0 509 2.44647 0.0264267 -0.0292701 0.152949
0 0 510 2.52962 0.0335385 -0.00459167 0.140368
0 0 511 2.56285 0.00335769 0.0185488 0.136959
0 0 512 2.57494 -0.0235208 0.0278673 0.13657
0 0 513 2.53439 -0.0602708 0.0334194 0.118988
0 0 514 2.4462 -0.0989315 0.04993 0.0933288
0 0 515 2.33777 -0.122122 0.0433875 0.0748683
0 0 516 2.208 -0.15535 0.0327581 0.0809399
0 0 517 2.02564 -0.154564 0.0346894 0.0503674
0 0 518 1.83642 -0.141893 0.0337893 0.0386479
0 0 519 1.62063 -0.135882 0.0276284 0.0263098
0 0 520 1.42566 -0.130362 0.0240979 0.0279788
0 0 521 1.23928 -0.12132 0.0120995 0.0274084
0 0 522 1.02719 -0.148321 0.000969149 0.00422908
0 0 523 0.859276 -0.153082 0.00137987 -0.00648231
0 0 524 0.725139 -0.152413 -0.00951163 -0.0162505
0 0 525 0.631712 -0.131601 -0.0105224 -0.0172106
0 0 526 0.546593 -0.116674 -0.0139801 -0.0200205
0 0 527 0.461237 -0.0992932 -0.0144811 -0.0202803
0 0 528 0.388125 -0.0880103 -0.0215508 -0.0175213
0 0 529 0.33147 -0.0871218 -0.0226315 -0.0141918
0 0 530 0.272493 -0.0789329 -0.0260106 -0.0128109
0 0 531 0.228279 -0.0684716 -0.0211722 -0.011701
0 0 532 0.190365 -0.0639427 -0.0213528 -0.0137315
0 0 533 0.164577 -0.0517202 -0.02054 -0.010611
0 0 534 0.138986 -0.0456306 -0.0204905 -0.00677036
0 0 535 0.118356 -0.0397611 -0.0183029 -0.00633264
0 0 536 0.100836 -0.0334435 -0.0186321 -0.00664046
0 0 537 0.0865441 -0.0297913 -0.0174902 -0.00405086
0 0 538 0.0741816 -0.0254314 -0.0149821 -0.00178037
0 0 539 0.0657169 -0.0219129 -0.0121508 -0.00252026
0 0 540 0.0561104 -0.017671 -0.0106011 -0.00251178
0 0 541 0.0471339 -0.013661 -0.010301 -0.00361032
0 0 542 0.0386298 -0.0152611 -0.0123022 -0.00270099
0 0 543 0.0331572 -0.00720185 -0.00683172 -0.00359055
0 0 544 0.0313462 -0.00942305 -0.00787164 -0.000611239
0 0 545 0.0307162 -0.00468187 -0.00437028 -0.00151209
0 0 546 0.0224877 -0.00524405 -0.00432076 0.000679324
0 0 547 0.0154797 -0.00562146 -0.00366244 -0.00236211
0 0 548 0.0139442 -0.00291277 -0.00319054 -0.00216161
0 0 549 0.010519 -0.00393099 -0.00367118 0.000487293
0 0 550 0.0128025 -0.00296388 -0.00340027 0.00035739
0 0 551 0.0113064 -0.00230342 -0.00125052 0.000707564
0 0 552 0.00996778 -0.00196139 -0.00225257 0.00454819
0 0 553 0.00504642 -0.00214223 -0.000172727 0.00219863
0 0 554 0.00433775 -0.00269262 -0.000440718 0.00118764
0 0 555 0.00343222 -0.000491076 -0.000292157 -4.07929e-05
0 0 556 0.000715628 -0.000931384 -0.00354009 -0.00172107
0 0 557 0.00607006 -0.000420312 0.00310725 0.00155758
0 0 558 0.000164436 -0.00086062 -0.000801923 -0.000122689
0 0 559 -0.000859206 -0.00116333 -0.000630059 -0.00155163
0 0 560 -0.000898577 0.00174585 -0.000210595 -0.00100095
0 0 561 0.000873111 0.000106486 0.000549684 0.000128646
0 0 562 -0.000898577 0.00134879 -0.0005718 -0.000280832
0 0 563 0.000243178 0.00330659 -0.00121265 -0.000311896
0 0 564 0.000636886 8.20291e-06 -0.000860182 -0.00181143
0 0 565 0.00327473 0.00489877 -0.000831052 -0.00241012
0 0 566 0.00288102 -0.00178055 -0.000222247 -0.00432196
0 0 567 0.00106997 0.0011876 -0.00142238 0.000368685
0 0 568 0.0014243 -0.00207147 -0.00101166 0.00191906
0 0 569 -0.00137103 -0.00243315 0.00290917 -0.000501103
0 0 570 -0.000268643 -0.00112402 0.00132744 -0.000772206
0 0 571 -0.00192222 -0.0015604 -6.20345e-05 0.000809228
0 0 572 -0.0011348 0.000456374 -0.000201856 -0.000122689
0 0 573 0.000400661 0.000656872 -0.00261086 -0.000122689
0 0 574 0.0016999 -0.000121531 0.00156922 -0.0019724
0 0 575 0.000243178 0.00073943 0.00108858 0.00251774
0 0 576 -0.000544239 0.000696185 -0.000740751 0.00272954
0 0 577 -0.00239467 0.00023622 -0.00141073 -0.00233105
0 0 578 -0.000662352 -0.000703367 -0.00151268 -0.00198087
0 0 579 0.000479403 0.00160825 -0.0015622 -0.00114215
0 0 580 0.00114871 -0.00167047 0.000657463 0.000899595
0 0 581 0.00185738 7.89668e-05 -0.000391198 0.0010295
0 0 582 0.004259 -0.00366366 0.00027878 -0.00133136
0 0 583 -0.000189902 0.00135665 -0.00130004 -0.00284219
0 0 584 0.000440032 -0.00139135 -0.000201856 0.000727332
0 0 585 -0.000189902 -0.000211951 -0.00205158 0.00142768
0 0 586 -0.000308014 -0.00071123 0.000127307 0.000199246
0 0 587 0.00138493 0.00186772 0.00027878 -0.00178037
0 0 588 0.000715628 -0.000463556 -0.00197293 0.00211956
0 0 589 -0.000819835 -0.000911728 -0.00117187 0.00318985
0 0 590 0.00382593 -0.00179235 -0.00052228 -0.00217008
0 0 591 0.00244795 -0.00065226 0.000138959 7.78146e-05
0 0 592 0.000243178 -5.0767e-05 -0.00113109 0.00107751
0 0 593 -0.000819835 0.00130947 0.0031189 -0.000520871
0 0 594 0.000125065 0.000649009 0.000398211 -0.00027236
0 0 595 0.000754999 -0.000341685 0.000829327 0.00225793
0 0 596 -0.000150531 0.000597902 0.00030791 0.000379981
0 0 597 0.00122745 -0.00050287 -0.00193215 0.000989963
0 0 598 -0.000268643 0.00032664 0.00217802 0.000317854
0 0 599 0.00232983 0.0021783 0.000348691 -0.00557016
0 0 600 0.00130619 0.000629353 -9.1164e-05 -0.00168153
0 0 601 0.000912482 -0.000892071 0.000849718 0.00071886
0 0 602 0.00193612 0.00194635 -0.000280506 -0.00401132
0 0 603 0.000400661 -0.00200071 -0.00126217 -0.00242142
0 0 604 0.000282549 0.000566451 5.73963e-05 -0.00023
0 0 605 -0.000622981 -0.000833101 0.00118762 0.000427989
0 0 606 -0.00227656 -0.000101874 -0.00146025 -0.000752438
0 0 607 -0.00172536 -0.00312113 0.000969149 -0.00128052
0 0 608 -0.000937948 -0.00112402 -0.00220014 -0.000422032
0 0 609 0.00126682 -0.000931384 0.000459383 0.000278318
0 0 610 0.00276291 -0.00184345 -0.00105244 0.00113963
0 0 611 0.000951853 -0.00065226 0.000109829 -0.000311896
0 0 612 0.00347159 0.00194635 -0.000560148 -0.00111108
0 0 613 0.00181801 -0.00232307 -0.000140684 -0.000631007
0 0 614 0.000203807 0.000216563 -0.00167289 -0.00128052
0 0 615 -0.00176474 -8.22176e-05 -0.00161172 -0.00220114
0 0 616 -0.000504868 0.00134879 0.000619595 -0.00141043
0 0 617 -0.00101669 0.000727636 0.00262953 0.000659556
0 0 618 0.00276291 -0.00107291 -0.000280506 0.000857236
0 0 619 0.00106997 -0.000962835 -0.000242637 0.00133731
0 0 620 -0.000701723 0.000287327 0.00102741 -0.00498277
0 0 621 -0.00227656 -0.00147391 3.99186e-05 -0.00140196
0 0 622 -0.00200096 0.000279465 0.00183721 0.000868532
0 0 623 0.00276291 -0.00146211 0.000899238 -0.00207124
0 0 624 0.000125065 -0.0018238 0.000759416 0.00025855
0 0 625 0.00126682 -0.00141101 -0.00113109 -0.00358208
0 0 626 -0.000504868 -0.000113668 -0.000592191 0.00160842
0 0 627 0.00036129 -0.000211951 -1.25145e-05 0.00229747
0 0 628 -0.00341831 0.000967447 0.00120801 0.00106903
0 0 629 0.00217235 0.00231589 0.000558423 0.00144745
0 0 630 -0.00125291 -0.000141188 -0.00167289 0.000577661
0 0 631 0.000558145 0.000578245 0.000299171 0.000148414
0 0 632 0.00158179 0.00313754 0.00164787 0.000707564
0 0 633 0.00162116 -0.00148177 -0.000391198 0.00138815
0 0 634 0.000676257 -0.00150143 0.000948758 0.00120741
0 0 635 -0.00011116 0.000448512 0.00152843 -0.000142457
0 0 636 0.000597515 -0.00196139 0.00108858 0.000128646
0 0 637 0.000243178 -0.00120265 -0.00060093 -0.000701606
0 0 638 4.63235e-05 -0.000133325 -0.000172727 0.00149828
0 0 639 0.00166053 -0.000730887 0.00192751 0.00123
0 0 640 -0.00105606 0.000766949 -0.000490238 0.000368685
0 0 641 0.00158179 -0.000121531 -0.00364205 0.00175809
0 0 642 0.000400661 -0.0012341 0.000217608 -0.00103201
0 0 643 -0.00137103 -0.00127341 0.000299171 0.00129778
0 0 644 -0.00144977 -0.000730887 0.000468122 0.00011735
0 0 645 0.00032192 0.00116794 -0.00234287 -4.07929e-05
0 0 646 -0.000741094 -0.000970698 0.000797285 0.000227486
0 0 647 -0.00109543 -0.000483213 -0.00428289 0.000557893
0 0 648 -0.00231593 0.000169387 0.000989539 0.00318985
0 0 649 -0.00148914 -0.000133325 0.00342768 -0.000340136
0 0 650 -7.1789e-05 -0.000471419 0.000709896 0.00156888
0 0 651 -0.000544239 0.0007984 0.0010478 0.000879828
0 0 652 0.00150305 -0.000263059 0.00168865 0.000199246
0 0 653 0.00126682 0.000546795 -0.000801923 0.00131755
0 0 654 -0.00200096 -0.00118299 -0.00331288 0.00121871
0 0 655 -0.00215844 0.00220581 4.86574e-05 -0.000551935
0 0 656 0.00154242 -0.000282715 -0.00107283 -0.000910582
0 0 657 0.00126682 0.00134879 -0.001201 0.00015971
0 0 658 -0.000544239 -0.00108077 0.00105945 0.00078946
0 0 659 -0.00125291 0.000649009 -0.00133208 1.85108e-05
0 0 660 -0.00196159 -0.00114368 0.00030791 -0.00168153
0 0 661 0.00166053 0.00141955 -0.00179232 -0.00107155
0 0 662 0.00307788 0.00164757 -0.00330123 -0.00114215
0 0 663 0.00225109 -0.00120265 0.000249651 0.000108878
0 0 664 -0.000937948 0.000597902 0.00245766 0.00135991
0 0 665 0.00189675 0.000696185 0.00108858 -0.00154033
0 0 666 0.00284165 0.00229624 -0.000871834 -0.00233105
0 0 667 -0.00251278 -0.00211078 0.000418602 -0.00069031
0 0 668 -0.000662352 -0.000333823 -0.00334201 0.000227486
0 0 669 0.000636886 0.00227658 0.00215763 -0.000862574
0 0 670 -0.00196159 -0.000192295 -0.000431979 0.00112834
0 0 671 0.00193612 0.00178909 0.00162747 -0.00479074
0 0 672 0.000518774 -0.00188277 0.00125753 -0.00232258
0 0 673 0.00193612 0.000255877 0.000447731 -0.00140196
0 0 674 8.56944e-05 -0.000172638 0.00121966 -0.00267275
0 0 675 -0.00152851 0.000137937 0.00156922 -0.00101225
0 0 676 8.56944e-05 -0.00207147 0.000508903 0.000498589
0 0 677 0.00189675 0.0011876 0.00215763 -0.00231128
0 0 678 0.00114871 -0.000400655 -0.00128256 -0.00158269
0 0 679 0.00106997 -8.22176e-05 0.00178769 0.000549421
0 0 680 0.000558145 0.000637215 0.000957497 -0.000261064
0 0 681 -0.00117417 -0.000601153 0.000797285 -1.2571e-06
0 0 682 0.00473146 0.00130947 6.90481e-05 -0.00271229
0 0 683 0.00335348 -0.0024017 -0.000941744 -0.00185097
0 0 684 -0.000741094 0.00182841 -0.0011107 -0.00241012
0 0 685 -0.000426127 -0.00215403 -0.000411588 0.000569189
0 0 686 -0.00408762 0.000617559 -0.00123013 8.91106e-05
0 0 687 0.00032192 -0.00125375 -0.00158259 0.00173832
0 0 688 0.00189675 -0.000231608 0.000217608 0.00119894
0 0 689 0.0029204 -0.000121531 0.00231784 -0.00128052
0 0 690 0.00209361 0.00306678 0.00126918 -0.00173236
0 0 691 8.56944e-05 -0.00112402 -0.000921354 -0.00151209
0 0 692 -0.00105606 0.00011828 0.00227706 -0.00232258
0 0 693 -0.00176474 0.000527138 -0.000871834 0.00128931
0 0 694 0.00213298 0.00190703 0.00213724 0.00134861
0 0 695 0.00146367 -0.000821307 0.00171778 0.00125824
0 0 696 0.0014243 -0.00193387 0.000878847 0.000857236
0 0 697 0.00032192 0.000157593 0.00150804 -0.000122689
0 0 698 0.000833741 0.00104607 -0.00124178 0.00168749
0 0 699 0.00193612 -0.00065226 0.00136822 -0.00153186
0 0 700 0.00079437 -0.000962835 0.000159349 -0.000221528
0 0 701 0.0014243 -0.00208326 -0.000271767 0.000238782
0 0 702 -0.00211907 -0.000180501 0.000887586 0.000298086
0 0 703 -0.00184348 0.00205642 -0.00134082 -0.00101225
0 0 704 0.00134556 -0.0015604 0.000587553 0.00064826
0 0 705 -0.000622981 0.00145886 0.000217608 0.000967371
0 0 706 -0.000544239 -0.000211951 0.00106819 -0.000642303
0 0 707 -0.00109543 -0.000204089 -0.0005718 -0.00328273
0 0 708 -0.000937948 -0.000113668 0.00209937 -0.000551935
0 0 709 0.000518774 -0.00116333 0.00297908 -0.000351432
0 0 710 0.000164436 -0.000990354 -0.000411588 -0.00261062
0 0 711 -0.00117417 -0.00129307 0.00154882 -0.00308223
0 0 712 -0.0011348 5.93102e-05 -0.00301285 -0.000602767
0 0 713 -0.000386756 -0.000840964 -0.000172727 0.000419517
0 0 714 0.000833741 0.000346297 -4.16439e-05 -0.00145279
0 0 715 -0.000977319 0.000208701 0.000267128 -0.00116192
0 0 716 -3.24182e-05 0.00129768 0.000849718 0.00457925
0 0 717 -0.00011116 0.00169867 0.00316842 0.000958899
0 0 718 0.00146367 -0.00132059 0.00162747 -0.000481335
0 0 719 0.00106997 -0.000172638 -0.000801923 -0.00144149
0 0 720 -0.00176474 -0.000251265 -0.00112235 0.000108878
0 0 721 6.9527e-06 0.000507482 0.00130996 0.000577661
0 0 722 -0.00243404 -0.00332163 0.00175856 -0.00138219
0 0 723 -0.00168599 -0.00186311 -0.00139034 0.00110857
0 0 724 0.00311725 0.000825919 -0.00050189 0.000108878
0 0 725 0.00036129 0.000137937 -0.00055141 -0.000551935
0 0 726 -0.00251278 0.000318778 -0.00180106 4.95747e-05
0 0 727 -0.000898577 -0.00113188 0.0003283 0.00276908
0 0 728 -7.1789e-05 -0.000463556 2.82668e-05 0.000888299
0 0 729 -0.000819835 0.000747292 -0.000332939 -0.00133136
0 0 730 0.000440032 -0.000931384 0.000878847 -0.0018425
0 0 731 -0.00219782 0.00148638 -0.00108157 0.00136838
0 0 732 0.00201487 0.00112863 0.00226832 -0.000241296
0 0 733 0.00209361 -0.00350247 -0.000260115 -0.000292128
0 0 734 -0.00255215 -0.000412449 0.000398211 -0.00166176
0 0 735 0.000203807 0.00156894 -0.00122139 0.000337622
0 0 736 0.000125065 0.00156894 0.000118568 9.75825e-05
0 0 737 0.000203807 -0.0016115 0.0003283 0.00311925
0 0 738 0.00205424 -0.000553977 -0.000452369 0.00436745
0 0 739 0.00158179 -0.000801651 0.00102741 0.00312772
0 0 740 -0.000504868 -0.000892071 -0.00187097 0.00015971
0 0 741 -0.00200096 -0.000573634 0.00196829 0.000699092
0 0 742 0.00213298 0.00017725 -0.000382459 -0.00212207
0 0 743 0.000125065 0.000527138 0.00119927 0.00078946
0 0 744 -0.00211907 -0.00282235 0.00174982 -0.000580175
0 0 745 0.000991224 0.000106486 -0.00124178 -0.00361032
0 0 746 -0.00337894 -0.000510732 0.00154882 -0.000331664
0 0 747 -0.00251278 0.00141955 -0.00134082 -0.00294103
0 0 748 -0.00144977 -0.00168227 -0.00060093 0.000597429
0 0 749 -0.00160725 -0.000833101 0.000418602 0.00203766
0 0 750 0.00162116 0.00109718 0.000438992 0.00294981
0 0 751 -0.00011116 0.000228357 -0.00279147 -0.00131159
0 0 752 -0.00101669 -0.00153288 -8.24252e-05 0.00273801
0 0 753 0.00126682 -0.00165082 0.000578814 0.00179762
0 0 754 0.00193612 -0.000553977 0.000197218 -0.00083151
0 0 755 -0.00172536 0.00147852 0.000208869 0.00175809
0 0 756 0.000912482 0.00107752 -0.000222247 -0.00147256
0 0 757 0.00032192 0.000786606 0.000217608 0.00121871
0 0 758 -0.000347385 -0.000931384 -6.20345e-05 0.00358803
0 0 759 -0.00101669 0.000747292 -0.00140199 -0.0019724
0 0 760 -0.00294586 -0.000982492 -0.0017428 6.93426e-05
0 0 761 -0.00274901 -0.00187097 -0.000950483 0.00119894
0 0 762 0.000479403 -0.00118299 -0.00337114 8.91106e-05
0 0 763 -0.00176474 0.00170654 0.00290917 0.00103797
0 0 764 4.63235e-05 -0.00308182 -0.00130004 -0.0017719
0 0 765 0.00351096 -0.000333823 0.00205859 0.000139942
0 0 766 0.000479403 0.00187951 0.00184886 0.000529653
0 0 767 0.000164436 0.00245742 0.00114975 0.00127801
0 0 768 0.00138493 -1.14537e-05 -0.000341677 0.00259964
0 0 769 -0.000741094 0.000318778 0.00167991 0.00286792
0 0 770 -0.000544239 0.00120726 -0.000962135 0.000857236
0 0 771 -0.00278838 -0.00128127 0.00132744 0.000487293
0 0 772 0.000164436 0.000869164 0.00271983 -0.00320084
0 0 773 0.000636886 -0.000612947 -0.000131945 0.00249797
0 0 774 -0.00227656 0.00430908 0.000919628 0.00015971
0 0 775 0.000676257 -0.00261399 0.00163913 0.00125824
0 0 776 0.000597515 -0.00114368 -0.000332939 0.000857236
0 0 777 0.000715628 0.00073943 0.000497251 -0.00093035
0 0 778 -0.00519 -0.00169406 -0.00209236 0.00333952
0 0 779 -0.00365454 0.0011876 1.9528e-05 0.000269846
0 0 780 0.000164436 5.93102e-05 -0.000542671 -0.000410736
0 0 781 0.000873111 -0.00269262 0.000628334 -0.00202041
0 0 782 -0.00278838 0.00246921 0.000727374 -0.00161093
0 0 783 -0.000662352 -0.00118299 0.00192751 -0.000981181
0 0 784 0.000833741 -0.00136383 -0.00106118 -0.00355101
0 0 785 6.9527e-06 -0.000530389 0.00271983 -0.00229151
0 0 786 0.000951853 0.0013881 -0.00163211 -0.00237058
0 0 787 0.00201487 0.00219795 -0.000810662 0.000989963
0 0 788 0.000203807 0.000318778 -0.000210595 0.00246973
0 0 789 0.00036129 0.00179696 -0.00282059 0.000899595
0 0 790 0.0029204 0.00147852 0.0013187 0.00208849
0 0 791 -0.00196159 0.000157593 -0.000822314 0.00229747
0 0 792 -0.00156788 0.00100676 -0.000362068 0.00124977
0 0 793 -0.00152851 0.00167902 -0.000860182 0.00218733
0 0 794 0.00036129 -0.000400655 -0.000822314 0.00255728
0 0 795 0.000912482 7.89668e-05 0.000497251 -0.000131161
0 0 796 0.000518774 0.000979241 -0.000222247 0.000238782
0 0 797 -0.000622981 0.000189044 -0.00115148 0.00157735
0 0 798 -0.000544239 0.000786606 -0.00131169 -0.00288173
0 0 799 -0.000741094 0.000358091 0.00110897 -1.25531e-05
0 0 800 -0.00349705 -0.00148177 -0.00179232 0.00126954
0 0 801 -0.00239467 -0.00205181 0.000797285 0.00256857
0 0 802 -0.0011348 -0.0022012 -0.00050189 -0.00152056
0 0 803 0.00118808 -0.00112402 0.000648724 -0.00275182
0 0 804 0.000125065 -0.00351034 -0.00142238 -0.00104049
0 0 805 0.00130619 0.000747292 -0.00239239 0.00117917
0 0 806 0.00110934 -0.00148177 -0.00145151 -0.00307093
0 0 807 0.0019755 3.96535e-05 0.000928367 0.000538125
0 0 808 0.0033141 -0.00115154 -0.00121265 0.00413871
0 0 809 -0.00211907 -0.000263059 0.000948758 0.00289898
0 0 810 0.00122745 0.000609696 -2.12533e-05 0.000947603
0 0 811 0.00106997 -0.000813445 0.00167991 0.00203766
0 0 812 -0.00219782 -0.00165082 0.000567162 0.00136838
0 0 813 -0.0023553 0.0007984 -0.00234287 0.00119894
0 0 814 0.000873111 -0.00253143 0.00222754 0.00130907
0 0 815 -0.000386756 -0.000483213 -0.00216227 -0.00195263
0 0 816 -0.000308014 0.00288593 -0.00060093 -0.000162224
0 0 817 0.000400661 0.000216563 0.00186925 0.000958899
0 0 818 0.00036129 -3.11104e-05 0.00112936 -0.00172107
0 0 819 0.000676257 0.00248887 0.000689506 0.00179762
0 0 820 0.00032192 -0.00050287 7.87617e-06 -0.00110261
0 0 821 -0.00101669 0.00011828 9.81775e-05 0.00203766
0 0 822 0.00130619 -0.00137169 0.000549684 0.0011594
0 0 823 0.00315662 0.000786606 0.00262953 0.000247254
0 0 824 0.00126682 -0.00223265 -0.00146025 -0.000362728
0 0 825 -0.0011348 -0.000762337 0.00144978 0.000868532
0 0 826 0.00162116 -0.00145032 0.00154882 -0.000710078
0 0 827 0.00146367 0.000727636 0.00272857 -0.000941646
0 0 828 -0.000229272 0.00213898 -0.000131945 -0.00114215
0 0 829 -0.00184348 -0.000813445 -0.000140684 -0.00207124
0 0 830 0.00110934 -0.00157219 -1.25145e-05 0.000408221
0 0 831 -0.00231593 -0.000640466 -0.00146025 0.00123
0 0 832 -0.00117417 1.60656e-05 -0.00136121 0.000597429
0 0 833 -0.000426127 0.00133699 7.77869e-05 0.000487293
0 0 834 0.000715628 0.00227658 0.00214889 0.00141921
0 0 835 0.00103059 -0.000483213 0.00127792 0.00209979
0 0 836 -0.0011348 0.00167902 0.00271983 -0.000921878
0 0 837 0.000440032 0.000676529 0.000468122 -0.000252592
0 0 838 -0.00180411 0.000987103 -0.00222053 -0.000882342
0 0 839 -0.000189902 -0.00138349 -0.000362068 -0.00169
0 0 840 -0.00188285 -0.00169406 0.000957497 0.000408221
0 0 841 6.9527e-06 -0.000970698 0.000267128 -0.000441799
0 0 842 -0.00188285 -0.000813445 -0.00164085 0.000857236
0 0 843 0.00232983 0.00193848 0.00265866 0.00131755
0 0 844 -0.00428447 -0.00191028 -0.000691231 -0.00138219
0 0 845 0.000636886 0.000586108 -0.00103205 -0.00114215
0 0 846 -0.000937948 0.00200925 -0.000321287 8.91106e-05
0 0 847 -0.000622981 0.000208701 0.00211976 -0.00155163
0 0 848 -0.00349705 -0.000522526 0.00102741 0.000348918
0 0 849 -0.00058361 0.0017773 0.000497251 0.00148981
0 0 850 -0.00188285 -0.0016233 -0.000481499 0.000828996
0 0 851 -0.00148914 -0.00143066 0.000558423 0.000899595
0 0 852 0.00201487 0.00131733 -0.000321287 -0.000311896
0 0 853 0.000203807 -0.000302372 0.00216928 -0.000340136
0 0 854 0.000636886 5.93102e-05 -0.000391198 0.0020772
0 0 855 0.000518774 -0.000683711 0.0013187 0.00064826
0 0 856 0.0045346 0.000935996 0.000409863 0.00011735
0 0 857 -0.000504868 0.00113649 0.000538032 -0.00115062
0 0 858 0.00311725 0.000637215 0.000267128 -0.000972709
0 0 859 0.00201487 0.00032664 -0.000490238 -0.00344088
0 0 860 0.00433775 0.000586108 0.000689506 -0.00151209
0 0 861 0.0035897 -0.000742681 0.000808936 -0.000631007
0 0 862 -0.00148914 0.00185593 0.00248971 -0.000181992
0 0 863 -0.00318209 -0.00131272 -0.0020108 -0.000992477
0 0 864 -0.000819835 -0.000723024 -0.000912615 -0.000190464
0 0 865 0.000243178 -0.00157219 0.00110897 -0.0018312
0 0 866 -0.00223719 -0.00105326 -0.00249143 -0.000681838
0 0 867 4.63235e-05 0.00239845 0.000147698 -0.000461567
0 0 868 4.63235e-05 -0.000251265 0.00231784 0.00263917
0 0 869 0.00036129 -0.00197319 0.000529294 -0.0016307
0 0 870 -0.00121354 0.0016397 -0.000152336 -0.00270099
0 0 871 -0.0011348 -0.00086062 -0.000461108 0.000278318
0 0 872 -0.000308014 -0.00216189 -0.00205158 0.00270977
0 0 873 0.00126682 -0.00107291 0.000118568 0.00193882
0 0 874 0.000558145 0.000208701 -0.000420327 0.00250927
0 0 875 0.00189675 0.00134879 0.000657463 -1.25531e-05
0 0 876 0.000833741 -0.000231608 -0.00113109 0.000848764
0 0 877 -0.00101669 -0.000113668 -0.00192049 0.00103797
0 0 878 0.000754999 1.60656e-05 -1.25145e-05 0.000727332
0 0 879 -0.00349705 0.000189044 0.00102741 0.00078946
0 0 880 4.63235e-05 -0.0022641 0.000867195 -0.00020176
0 0 881 0.000951853 0.000397404 0.0021285 -0.00271229
0 0 882 0.000833741 -0.00232307 0.00106819 0.0008177
0 0 883 0.00398341 -0.000813445 0.00153717 -0.000512399
0 0 884 0.000203807 -0.0004439 -0.000391198 0.00289898
0 0 885 -0.00121354 0.00091634 0.000409863 0.0010888
0 0 886 -0.000701723 0.000656872 -0.000900963 -0.000602767
0 0 887 0.000597515 0.000279465 -0.00167289 0.00269
0 0 888 -7.1789e-05 0.0013763 0.000599204 0.000699092
0 0 889 0.000558145 -0.000302372 0.00133909 0.00166772
0 0 890 0.0029204 0.000617559 0.000829327 -0.000111393
0 0 891 0.00146367 -0.00059329 0.00201781 -0.00093035
0 0 892 0.000125065 -0.00219334 -0.00313228 -0.00090211
0 0 893 -0.00125291 -0.000573634 -0.000181465 -0.000780678
0 0 894 0.00193612 0.000208701 -0.000350416 -0.00090211
0 0 895 0.000754999 0.00104607 0.00027878 -0.00198087
0 0 896 -0.000898577 -0.000263059 -0.000341677 0.00145875
0 0 897 -0.0014104 -0.00111223 -0.000461108 0.000529653
0 0 898 0.00158179 -0.00146211 -0.000740751 -0.00258238
0 0 899 0.00032192 0.00364861 0.00222754 0.00182869
0 0 900 0.000164436 -0.00119085 0.0021285 0.000749924
0 0 901 0.00079437 -0.00143066 -0.00062132 0.00305995
0 0 902 -0.000347385 -0.000612947 0.000549684 0.00255728
0 0 903 -0.00412699 -0.00140314 -0.00124178 0.00018795
0 0 904 -0.000741094 0.00380587 0.00103906 -0.00127205
0 0 905 0.00347159 -0.00185132 0.00167991 0.000379981
0 0 906 -0.00109543 0.00159646 -0.000912615 -0.000642303
0 0 907 0.000636886 -0.00188277 -0.00214188 0.0011594
0 0 908 -0.00385139 0.00120726 0.000957497 0.00444935
0 0 909 -0.000268643 0.00180875 0.000829327 -0.000540639
0 0 910 -0.00200096 -0.00086062 0.000838066 0.0024895
0 0 911 0.00079437 -0.00130093 -0.00055141 0.00124977
0 0 912 -0.00180411 0.000747292 -0.000560148 0.00175809
0 0 913 -0.000386756 0.00023622 -0.000440718 0.0022777
0 0 914 -0.00125291 -0.000463556 -0.000761142 0.00485883
0 0 915 -0.000819835 -3.11104e-05 -0.000941744 0.00312772
0 0 916 0.00213298 -0.000990354 -0.000391198 0.000309382
0 0 917 0.000715628 0.000825919 0.000418602 0.00143898
0 0 918 -0.0011348 -0.000742681 -0.000420327 -0.00226045
0 0 919 -0.00160725 0.000987103 0.000578814 0.0026194
0 0 920 0.000991224 0.000436718 -0.000292157 0.000337622
0 0 921 8.56944e-05 0.000849507 -0.000190204 -0.00122122
0 0 922 -0.00144977 -0.00112402 -0.000991264 0.000317854
0 0 923 0.00240857 0.00331838 0.00304899 0.00273801
0 0 924 0.0016999 0.000676529 0.000619595 0.00198966
0 0 925 -0.00188285 -0.000530389 4.86574e-05 0.00110857
0 0 926 -0.00105606 0.000849507 -0.000740751 0.00035739
0 0 927 -0.000504868 -0.000872414 -0.000341677 -0.00213054
0 0 928 0.00106997 0.00202891 -0.000440718 0.00025855
0 0 929 0.000833741 0.00094779 0.00214889 -0.000851278
0 0 930 0.00110934 -0.0020125 0.000838066 -0.00165047
0 0 931 0.00130619 0.000169387 -0.0015622 -0.000981181
0 0 932 -0.00267027 0.00191883 0.00148765 -0.00188203
0 0 933 0.000951853 0.0015886 -0.000461108 -0.00397179
0 0 934 0.00036129 -0.00131272 0.000937106 -0.000390968
0 0 935 0.00079437 -0.000990354 0.000797285 6.93426e-05
0 0 936 -0.000504868 0.000196907 0.000497251 -0.00090211
0 0 937 -0.000662352 -0.00124196 -0.0010903 0.00305995
0 0 938 0.000440032 -0.00050287 0.0003283 -0.000752438
0 0 939 -0.00192222 -0.000801651 0.00171778 -0.000890814
0 0 940 4.63235e-05 -0.000251265 0.00183721 -0.00261062
0 0 941 -0.00267027 -2.32477e-05 0.000348691 -0.00136242
0 0 942 0.00193612 -0.000691573 3.99186e-05 -0.00115062
0 0 943 -0.000544239 -0.00200071 0.00111771 -0.00227174
0 0 944 6.9527e-06 -0.000380999 0.000529294 -0.00206277
0 0 945 -0.000150531 -0.000880277 -0.000461108 -0.00252026
0 0 946 0.000676257 0.000806262 0.00196829 -0.00290149
0 0 947 0.000243178 0.000346297 -0.00242152 0.000727332
0 0 948 0.000636886 0.000279465 -0.000851443 -0.00027236
0 0 949 -0.00133166 0.000609696 -0.00157094 0.00146722
0 0 950 0.000951853 0.000499619 -0.00163211 0.000348918
0 0 951 0.00118808 -0.000160844 0.000558423 0.00124977
0 0 952 -0.00231593 0.000436718 0.0010478 0.00104927
0 0 953 0.000479403 0.000397404 0.00112936 0.0023483
0 0 954 0.000558145 -0.00132059 -0.000772794 0.00109727
0 0 955 4.63235e-05 0.000778743 -0.00065045 0.00434769
0 0 956 0.00351096 0.000617559 -0.000740751 0.000309382
0 0 957 0.00252669 0.0021783 -0.000880573 -0.00185097
0 0 958 0.00146367 0.000157593 -0.0010903 0.00200942
0 0 959 -0.0014104 -0.00100215 -0.000201856 0.00015971
0 0 960 0.000676257 0.000979241 0.00025839 -0.0032319
0 0 961 -0.00148914 0.00114829 -0.00207197 -0.00102072
0 0 962 -0.00211907 -0.000373136 0.00121966 0.000639788
0 0 963 0.00244795 -0.00313293 -0.000481499 -0.000221528
0 0 964 0.000400661 -0.00173338 0.00210811 0.000388453
0 0 965 -0.00412699 0.000998897 0.00116723 -0.00251178
0 0 966 -0.000622981 0.000609696 -0.000420327 -0.00244118
0 0 967 0.000715628 0.00111684 -0.000402849 -0.00233105
0 0 968 0.00260543 0.000656872 0.00337816 0.000399749
0 0 969 -3.24182e-05 0.000267671 -0.000190204 4.95747e-05
0 0 970 -0.000662352 -0.00184345 0.000747765 0.00358803
0 0 971 -0.000465498 -0.00116333 -0.000120293 0.00274931
0 0 972 -0.000701723 0.00198959 0.000948758 0.000699092
0 0 973 -0.00393013 -0.000314166 -0.000682492 -0.00100095
0 0 974 0.000282549 8.20291e-06 0.000998278 -0.00236211
0 0 975 -0.0011348 0.000267671 -0.000300896 -0.00236211
0 0 976 0.00114871 0.000987103 -0.000542671 -0.00104049
0 0 977 0.000282549 -0.000640466 -0.000312548 0.00281991
0 0 978 0.00103059 3.96535e-05 0.00117888 0.000769692
0 0 979 -0.000622981 -0.000380999 -9.1164e-05 -0.00231128
0 0 980 -0.000386756 -6.2561e-05 0.00161874 -0.000210232
0 0 981 0.000912482 -0.00160364 -8.62669e-07 0.000668028
0 0 982 -0.00215844 0.000346297 -0.00135247 0.000128646
0 0 983 0.000873111 -0.00175303 0.00134783 -0.00241012
0 0 984 0.00217235 -8.22176e-05 0.00187799 0.000947603
0 0 985 0.00315662 0.00136844 -0.0012913 -0.00276029
0 0 986 -0.0045207 0.00011828 0.0013187 0.00134861
0 0 987 -0.0014104 -0.00086062 -0.000452369 0.000439285
0 0 988 0.00256606 0.000806262 -3.29051e-05 -0.00186227
0 0 989 -0.00223719 -0.00374228 -0.00118061 -0.000642303
0 0 990 -0.0014104 0.000825919 0.000188479 -0.00258238
0 0 991 0.000282549 0.00111684 0.00139735 -0.00224068
0 0 992 -0.000780464 0.00210753 0.00178769 -1.25531e-05
0 0 993 -0.00180411 0.00085737 -0.00123013 -0.000410736
0 0 994 -0.000504868 -0.00154074 0.00030791 -0.00102072
0 0 995 0.00268417 0.000436718 -0.000461108 -0.000842806
0 0 996 0.00079437 -0.000982492 -0.000781532 0.00149828
0 0 997 0.000636886 0.000696185 0.00035743 0.0022184
0 0 998 0.000203807 -0.00174124 0.00139735 -0.00115062
0 0 999 0.000873111 0.00150604 -0.00050189 -0.00204018
0 0 1000 -0.00101669 -0.0012223 -0.000260115 0.000868532
0 0 1001 0.000400661 0.000759086 -0.000260115 0.00137967
0 0 1002 -0.00160725 -0.0016115 -0.00116022 0.00212803
0 0 1003 -0.00263089 -0.00184345 0.00242853 0.000549421
0 0 1004 -0.000937948 0.000248014 0.000208869 -0.0015714
0 0 1005 -0.00109543 -0.000483213 -0.00113109 -0.000190464
0 0 1006 -0.00294586 -0.000392793 -0.00144277 -0.00196111
0 0 1007 0.000518774 -0.000833101 -0.000630059 -0.00229998
0 0 1008 -0.000544239 -3.11104e-05 3.99186e-05 -0.000512399
0 0 1009 -0.000426127 0.00091634 0.0014993 0.00281991
0 0 1010 -0.000308014 -0.00119085 0.000907977 0.00138815
0 0 1011 0.00217235 5.93102e-05 0.000989539 -0.00151209
0 0 1012 -0.000544239 -0.000880277 -0.00062132 -0.00355101
0 0 1013 -0.00200096 -0.000813445 -0.000510628 -0.00246095
0 0 1014 0.000282549 -0.00228376 0.000867195 0.000179478
0 0 1015 0.000873111 -0.00132059 -0.00195254 -0.00105178
0 0 1016 0.00378655 0.00120726 0.00303734 -0.000910582
0 0 1017 -0.00400887 -0.000742681 -0.000900963 -0.00138219
0 0 1018 -0.00211907 0.000806262 0.000517642 0.00343836
0 0 1019 -0.00125291 -0.00301106 -0.00112235 0.000459053
0 0 1020 -0.000308014 -0.00195353 -0.000161075 0.000518357
0 0 1021 0.00339285 -0.00228376 0.000409863 0.000769692
0 0 1022 -0.000308014 0.000778743 -0.000790271 0.000888299
0 0 1023 0.0033141 -0.000833101 0.000619595 -0.00146126
