0 0 0 0.16861
0 0 1 0.374136
0 0 2 0.45918
0 0 3 0.660352
0 0 4 0.999948
0 0 5 0.925397
0 0 6 0.915245
0 0 7 0.53953
0 0 8 0.45049
0 0 9 0.308258
0 0 10 0.0292858
0 0 11 0.0545897
0 0 12 0.0774448
0 0 13 0.106524
0 0 14 0.0422268
0 0 15 0.0301871
0 0 16 -0.034246
0 0 17 0.0989565
0 0 18 0.102409
0 0 19 -0.102896
0 0 20 0.0553719
0 0 21 0.058943
0 0 22 0.0145762
0 0 23 0.103752
0 0 24 0.0703026
0 0 25 0.0379925
0 0 26 -0.00982639
0 0 27 0.00654971
0 0 28 -0.00771773
0 0 29 0.0390979
0 0 30 0.0156986
0 0 31 -0.000796577
0 0 32 0.113224
0 0 33 -0.0376981
0 0 34 0.0706427
0 0 35 -0.107233
0 0 36 -0.0420344
0 0 37 -0.0674573
0 0 38 -0.0120541
0 0 39 -0.114154
0 0 40 -0.0129554
0 0 41 0.0408834
0 0 42 0.0901478
0 0 43 0.0257317
0 0 44 0.0278403
0 0 45 0.000750905
0 0 46 0.0537054
0 0 47 0.0617319
0 0 48 0.0955044
0 0 49 0.055593
0 0 50 -0.0266616
0 0 51 -0.0145028
0 0 52 -0.0385824
0 0 53 0.0130117
0 0 54 0.0544876
0 0 55 -0.0628829
0 0 56 0.0320747
0 0 57 -0.0907376
0 0 58 0.101286
0 0 59 -0.0846157
0 0 60 -0.00625528
0 0 61 0.0511376
0 0 62 -0.0657738
0 0 63 -0.00214
0 0 64 -0.015064
0 0 65 -0.0159653
0 0 66 -0.0422555
0 0 67 -0.0288893
0 0 68 0.0164808
0 0 69 0.00700885
0 0 70 0.0154775
0 0 71 0.0256127
0 0 72 -0.040708
0 0 73 0.0665104
0 0 74 0.0841279
0 0 75 -0.056863
0 0 76 0.0241672
0 0 77 -0.0572032
0 0 78 0.036309
0 0 79 0.0144742
0 0 80 -0.018074
0 0 81 0.0101208
0 0 82 -0.0286683
0 0 83 0.0111241
0 0 84 0.0322957
0 0 85 0.0155795
0 0 86 -0.00157882
0 0 87 0.000308767
0 0 88 -0.0050309
0 0 89 0.00221336
0 0 90 -0.00392555
0 0 91 0.00175422
0 0 92 0.084349
0 0 93 0.0102399
0 0 94 0.0319726
0 0 95 -0.00169786
0 0 96 -0.0304538
0 0 97 0.0349826
0 0 98 0.087699
0 0 99 -0.00169786
0 0 100 0.128257
0 0 101 0.0786692
0 0 102 -0.0519655
0 0 103 0.0920353
0 0 104 0.0764415
0 0 105 -0.0179719
0 0 106 0.0928176
0 0 107 -0.0229885
0 0 108 0.00365881
0 0 109 0.144531
0 0 110 -0.0606552
0 0 111 -0.114477
0 0 112 -0.0633251
0 0 113 0.026616
0 0 114 -0.0155062
0 0 115 0.0251705
0 0 116 0.0340813
0 0 117 0.0867977
0 0 118 -0.0681206
0 0 119 0.0407644
0 0 120 -0.100992
0 0 121 0.0938209
0 0 122 0.0567153
0 0 123 0.0462401
0 0 124 -0.0565229
0 0 125 0.104517
0 0 126 0.226343
0 0 127 0.183439
