0 0 0 5.71458 -0.886684 5.6353 0.442229
0 0 1 1.20082 -5.74328 5.6743 -1.83426
0 0 2 1.01096 1.54218 -0.0922751 1.69433
0 0 3 1.80714 3.3627 2.75201 0.0627034
0 0 4 3.28621 -3.12565 6.6614 0.745849
0 0 5 4.95514 -0.810497 -1.87745 -2.13788
0 0 6 5.29811 2.90785 -7.11298 -1.91017
0 0 7 1.7704 -3.46679 3.20806 -1.79664
0 0 8 1.20082 5.56414 0.0577399 2.60519
0 0 9 -0.394615 -0.431839 1.08384 -0.73397
0 0 10 -4.11525 -1.8737 -2.74754 -3.46589
0 0 11 -0.70084 -1.07658 -0.473313 -1.03759
0 0 12 -8.62595 3.02157 5.6353 -0.658065
0 0 13 -6.92028 1.35229 1.84292 2.71872
0 0 14 -2.29015 -1.6838 4.91523 -0.809875
0 0 15 -5.1013 8.59909 1.38687 -3.65533
0 0 16 -6.12715 -2.78338 1.57589 -9.04459
0 0 17 0.971149 4.27352 -1.19339 0.594039
0 0 18 -0.847829 5.37425 -0.509317 0.935282
0 0 19 0.0249134 -2.51844 0.741808 -1.91017
0 0 20 -1.00094 0.517648 6.54739 -2.13788
0 0 21 -3.50586 1.88332 6.6224 2.03624
0 0 22 -7.90938 5.18435 -1.87745 0.669944
0 0 23 -0.924385 7.15724 1.19785 -2.66922
0 0 24 2.90649 6.55002 3.20806 0.859377
0 0 25 2.90649 1.9595 8.74661 6.32388
0 0 26 5.56453 1.38981 4.80121 -0.202634
0 0 27 1.8837 1.2761 2.75201 -4.26323
0 0 28 2.49003 -2.25235 -1.3824 0.632322
0 0 29 0.59143 -0.506889 -1.42141 4.23682
0 0 30 -1.19386 2.49053 -3.65963 -3.12465
0 0 31 3.17291 3.05909 -2.82555 -5.66648
0 0 32 3.39952 -1.53143 -2.55852 1.54252
0 0 33 -0.924385 -0.355653 1.80391 1.12537
0 0 34 -6.43032 -5.36349 -0.73734 -0.658065
0 0 35 -6.23739 6.66373 1.6899 -3.42827
0 0 36 -1.65014 3.13528 -2.14148 -1.60655
0 0 37 -3.24251 -0.279467 -8.3641 -4.03485
0 0 38 -4.56847 3.5526 0.780812 -4.75628
0 0 39 -1.38372 0.214039 4.49818 1.61843
0 0 40 -0.964194 -4.37761 1.84292 2.6811
0 0 41 -0.468109 -4.83246 1.15885 5.37474
0 0 42 -0.204756 2.71796 7.19245 0.556416
0 0 43 -1.91043 3.78002 -4.64673 3.70549
0 0 44 -2.21666 -4.22524 -6.92396 0.935282
0 0 45 -1.11731 0.403937 2.07094 2.30157
0 0 46 0.554683 0.214039 5.59929 1.58081
0 0 47 0.0616604 -0.583075 -2.71154 5.1094
0 0 48 1.96026 -2.40473 -9.50422 -7.90601
0 0 49 3.24947 -0.0520446 -3.3566 -5.78133
0 0 50 1.42743 -0.810497 2.60199 -4.56685
0 0 51 -0.431362 -0.735448 -4.60773 -4.52922
0 0 52 -4.90838 8.7128 -7.64403 1.04947
0 0 53 -4.2653 10.0034 -4.60773 -3.42827
0 0 54 1.92045 0.0241418 4.53719 -2.85865
0 0 55 1.08751 -5.40215 -0.509317 -0.58216
0 0 56 1.61728 4.236 -7.53002 2.03624
0 0 57 4.42537 1.84579 -2.93956 -0.0132017
0 0 58 0.821099 -1.22782 2.37397 0.594039
0 0 59 -4.64502 0.668884 -3.88765 4.08501
0 0 60 -2.66987 1.35229 -4.49372 -1.79664
0 0 61 -5.28809 -0.316991 0.894824 2.03624
0 0 62 0.821099 2.30064 -3.3176 -0.695687
0 0 63 0.707796 0.0241418 -2.59753 1.73262
0 0 64 6.88742 -5.43967 2.48798 3.21243
0 0 65 4.46212 0.934967 -1.42141 0.821754
0 0 66 1.80714 6.05651 -5.48081 -5.51467
0 0 67 -2.17991 6.51249 1.27286 -1.26531
0 0 68 -5.78418 5.71538 4.6122 -2.3656
0 0 69 -2.97303 -1.00039 -0.206287 -1.68245
0 0 70 3.58938 0.858781 -3.92666 -2.40322
0 0 71 2.18686 -1.38019 5.90232 1.80852
0 0 72 0.517936 2.98404 -1.49642 1.27718
0 0 73 2.75338 2.52806 -6.88495 -0.202634
0 0 74 1.39068 -4.33895 -2.3695 -3.08637
0 0 75 -4.38167 0.365275 -3.3566 -5.66648
0 0 76 -5.67088 -2.55596 -2.71154 -1.83426
0 0 77 -0.281312 -0.545551 5.10424 0.0627034
0 0 78 0.214773 -3.42926 0.399774 -3.84542
0 0 79 4.23551 -7.98225 -0.434309 0.176891
0 0 80 7.08034 1.19991 -6.3539 -4.26323
0 0 81 0.667986 -1.03792 0.0577399 1.58081
0 0 82 0.44138 0.289089 -2.93956 0.100986
0 0 83 0.328076 3.1728 -1.11838 2.3392
0 0 84 -4.14894 3.28651 0.399774 6.24798
0 0 85 -3.24251 -3.5805 -2.48351 1.5049
0 0 86 1.58054 -2.59462 -3.84865 -4.49028
0 0 87 -0.544666 -0.583075 5.25726 -7.48886
0 0 88 -4.11525 4.31105 9.28066 1.92205
0 0 89 0.288267 -7.14761 4.53719 1.84614
0 0 90 4.0089 0.972492 -1.87745 2.52929
0 0 91 0.404633 -0.20328 0.894824 -0.0508242
0 0 92 -6.95702 -0.696786 -2.63653 -0.771592
0 0 93 -4.56847 5.37425 -4.98876 -3.38999
0 0 94 1.12426 3.09775 -2.44451 -1.22702
0 0 95 1.65403 3.62878 -5.70884 3.74311
0 0 96 -1.99005 -3.80792 1.99293 -2.59331
0 0 97 -1.15405 -0.431839 -0.509317 -0.126729
0 0 98 0.364823 2.03455 -2.44451 1.69433
0 0 99 1.50398 2.26311 -2.44451 4.80578
0 0 100 -0.621222 6.05651 -0.926359 3.55368
0 0 101 2.26342 12.9622 -2.63653 -1.45474
0 0 102 -0.318059 2.30064 -6.61793 1.65671
0 0 103 7.53662 0.365275 0.399774 -2.32732
0 0 104 5.29811 1.31363 3.13305 -1.22702
0 0 105 -5.02474 -2.78338 0.930827 -4.75628
0 0 106 -2.66987 -2.97328 6.31937 -10.7138
0 0 107 -5.28809 3.3627 -2.82555 -4.68103
0 0 108 -1.04075 1.84579 -7.87205 -2.25141
0 0 109 -2.59637 0.592697 -0.815347 -0.354445
0 0 110 -1.46028 -2.89823 2.37397 3.09825
0 0 111 -1.46028 6.24641 3.58909 0.366324
0 0 112 0.0984075 3.13528 -6.20089 1.99795
0 0 113 -1.11731 -6.61658 0.588793 -0.468632
0 0 114 3.20966 2.86919 1.91793 -2.59331
0 0 115 4.72853 5.56414 4.04214 1.39071
0 0 116 1.73059 2.45187 0.0577399 4.72988
0 0 117 0.328076 -5.74328 0.816816 -1.83426
0 0 118 -3.39562 -4.60503 4.6872 -0.619782
0 0 119 -3.39562 -2.13864 0.0577399 3.66787
0 0 120 -2.71274 1.80713 0.894824 1.163
0 0 121 4.15589 5.98146 -0.701336 -2.13788
0 0 122 1.96026 7.49837 -5.78384 -2.32732
0 0 123 -1.0775 0.972492 -4.98876 -0.278539
0 0 124 1.42743 -7.41256 5.78831 -0.73397
0 0 125 -3.88865 3.51507 -0.623328 -1.64483
0 0 126 0.174964 0.74507 6.16635 1.01119
0 0 127 -5.67088 -2.44225 2.75201 -0.695687
0 0 128 -3.05265 -6.04689 -1.42141 -4.90809
0 0 129 -0.544666 0.517648 -3.84865 -0.544537
0 0 130 0.821099 -5.55339 1.84292 1.73262
0 0 131 6.13411 -6.12308 0.85582 -0.126729
0 0 132 6.39746 -6.1606 0.552789 -0.847498
0 0 133 4.76528 1.92084 0.513785 0.594039
0 0 134 -1.65014 6.8161 -1.15438 2.52929
0 0 135 -1.0775 -0.772973 -0.776344 3.06062
0 0 136 -0.657969 -0.583075 4.84022 -2.74512
0 0 137 4.57848 -2.32854 2.07094 0.138608
0 0 138 6.62713 -3.42926 -3.92666 0.973564
0 0 139 5.18175 -0.128231 -0.0172676 -0.0132017
0 0 140 3.13616 3.1728 1.31187 -1.79664
0 0 141 4.15589 1.61723 0.285763 1.20128
0 0 142 5.44816 -5.13607 -2.86155 3.28834
0 0 143 2.26342 -3.84658 -2.86155 3.06062
0 0 144 0.44138 -5.32596 -2.18048 1.35309
0 0 145 -1.11731 2.03455 0.741808 0.404606
0 0 146 1.997 4.236 5.10424 -1.87255
0 0 147 -2.44326 -2.47978 -0.0172676 2.79463
0 0 148 -1.72363 -10.41 -1.07937 5.90608
0 0 149 1.58054 6.09517 -0.662332 0.821754
0 0 150 0.517936 2.11074 -0.701336 4.65397
0 0 151 1.08751 0.706408 -7.94706 4.23682
0 0 152 4.72853 -9.23421 -0.0922751 2.14976
0 0 153 3.24947 -3.80792 3.16905 1.08709
0 0 154 -0.0148959 -1.45638 1.34787 1.42899
0 0 155 -3.84577 2.79414 2.56299 1.04947
0 0 156 0.0984075 1.73094 -3.05357 -3.50352
0 0 157 3.05961 5.03198 -1.04037 -2.66922
0 0 158 -1.76038 -5.6671 3.39707 -4.60447
0 0 159 -0.924385 -4.18772 5.02924 2.757
0 0 160 1.58054 3.02157 -0.0922751 0.973564
0 0 161 3.09329 -1.4939 2.94403 2.94644
0 0 162 1.73059 -0.924208 1.80391 -2.21379
0 0 163 -0.394615 -1.304 4.49818 -0.0891068
0 0 164 4.31207 0.137853 6.28036 1.69433
0 0 165 -0.621222 -0.355653 -2.74754 -1.26531
0 0 166 2.71663 4.50095 4.95423 -0.0132017
0 0 167 0.744543 6.1327 0.0577399 2.30157
0 0 168 1.8837 0.100328 -5.21679 -6.80506
0 0 169 1.39068 -6.27431 -5.40581 -2.93456
0 0 170 3.89254 1.12486 -3.73464 -2.74512
0 0 171 -1.99005 -6.08442 1.72891 0.784132
0 0 172 -0.734525 -0.506889 0.702804 0.973564
0 0 173 -1.0775 0.592697 2.25996 0.859377
0 0 174 -4.30511 4.0461 6.47238 -0.354445
0 0 175 1.16101 0.706408 6.09134 -5.66648
0 0 176 -1.49396 -2.59462 -4.22969 -2.0996
0 0 177 5.22156 -3.2007 -3.73464 1.35309
0 0 178 -0.70084 -2.59462 2.07094 1.08709
0 0 179 -1.00094 -5.24978 4.23116 5.41302
0 0 180 3.0198 0.365275 2.44898 0.214514
0 0 181 7.00685 -0.96287 6.24436 0.366324
0 0 182 2.03375 -1.11411 2.40998 -0.58216
0 0 183 -0.354806 1.12486 1.80391 -2.66922
0 0 184 -3.39562 0.289089 6.16635 -1.53064
0 0 185 -2.21666 1.6559 -2.2945 -6.50144
0 0 186 -3.69879 3.74249 -5.2918 -3.12465
0 0 187 -3.69879 11.103 -1.49642 -4.41504
0 0 188 -0.128199 0.74507 -0.701336 3.47777
0 0 189 -0.887638 -3.35308 -1.95246 2.94644
0 0 190 1.08751 -0.924208 -3.65963 -3.38999
0 0 191 2.41041 -3.84658 -8.82015 -1.41712
0 0 192 -4.49191 -5.78081 -3.20359 4.00911
0 0 193 -4.07851 -6.76782 -1.57142 -0.240917
0 0 194 -1.99005 -12.3453 7.11745 3.06062
0 0 195 3.51588 -8.9306 4.53719 0.404606
0 0 196 3.0198 -4.87112 4.12015 -0.0508242
0 0 197 1.84389 -3.04947 -3.39261 2.56691
0 0 198 1.46417 -3.92163 -3.65963 5.48893
0 0 199 -0.811082 -1.6838 3.36107 1.2389
0 0 200 -1.99005 5.03198 -3.05357 3.55368
0 0 201 4.91839 -4.22524 -2.93956 -0.58216
0 0 202 3.28621 -2.10112 -2.18048 5.0335
0 0 203 1.50398 -10.1064 -2.3305 -2.63094
0 0 204 0.174964 -8.66452 -0.662332 3.28834
0 0 205 1.997 -1.72132 -2.14148 -2.55503
0 0 206 3.51588 -3.65668 -2.21649 -2.51741
0 0 207 2.9463 2.52806 -1.3824 -5.40114
0 0 208 1.54073 6.58868 1.23386 -1.34121
0 0 209 6.85374 2.18693 2.79101 -2.78275
0 0 210 12.7363 -0.316991 3.85312 -2.89693
0 0 211 11.2174 1.01002 2.22096 -0.278539
0 0 212 14.0623 -2.63215 0.816816 0.0627034
0 0 213 15.0881 0.478986 0.210755 -2.0996
0 0 214 15.1647 1.54218 -1.61043 -1.98607
0 0 215 16.5305 -1.91122 -4.26569 2.64282
0 0 216 21.5372 -1.19029 -4.53272 2.18805
0 0 217 22.6764 1.42734 -5.2918 0.784132
0 0 218 25.1813 2.03455 -11.3254 -0.0891068
0 0 219 30.1146 4.34971 -16.7109 1.31481
0 0 220 38.4194 6.73992 -13.9417 -1.1894
0 0 221 41.151 10.1547 -15.6488 -4.41504
0 0 222 43.2425 8.33301 -19.1412 -5.24933
0 0 223 51.1339 5.7529 -24.1487 -3.99723
0 0 224 55.7242 7.76445 -30.1073 -1.75836
0 0 225 56.9001 12.8485 -30.7133 -0.999308
0 0 226 61.8702 13.2283 -38.4541 -3.46589
0 0 227 69.0818 14.86 -52.2255 -5.59058
0 0 228 78.339 19.6791 -64.3287 -7.45058
0 0 229 90.1776 23.2837 -72.6005 -5.8942
0 0 230 102.776 19.3755 -81.7814 -4.26323
0 0 231 113.589 15.7708 -88.4271 -9.08221
0 0 232 119.888 14.2903 -100.377 -13.4458
0 0 233 130.131 12.7734 -119.384 -14.622
0 0 234 142.199 13.8355 -135.895 -17.012
0 0 235 153.165 18.0849 -146.324 -16.7466
0 0 236 164.544 15.0499 -160.932 -21.8316
0 0 237 177.942 3.70497 -170.875 -31.6966
0 0 238 187.576 -2.1773 -179.681 -33.9349
0 0 239 191.753 -3.65668 -185.37 -32.1521
0 0 240 192.059 -12.1941 -187.341 -32.6075
0 0 241 190.653 -20.8452 -186.129 -36.7044
0 0 242 178.018 -30.1786 -172.396 -35.9843
0 0 243 165.004 -31.3556 -159.036 -36.3632
0 0 244 154.568 -36.2122 -150.617 -35.6807
0 0 245 143.715 -37.5778 -134.491 -35.3011
0 0 246 131.157 -40.689 -123.939 -36.5539
0 0 247 122.922 -43.99 -111.421 -33.7071
0 0 248 117.119 -43.8001 -98.2141 -33.783
0 0 249 107.44 -46.6463 -89.6752 -31.9244
0 0 250 96.933 -51.2368 -78.9372 -26.308
0 0 251 86.3039 -45.4705 -66.0779 -24.4876
0 0 252 75.0011 -40.0067 -59.1292 -25.1325
0 0 253 66.5769 -38.9822 -46.4229 -20.2759
0 0 254 59.8246 -36.136 -37.317 -17.5809
0 0 255 50.7174 -31.7729 -24.7187 -16.1777
0 0 256 37.9264 -21.8311 -14.3977 -10.6762
0 0 257 26.7737 -13.636 -11.6284 -6.91858
0 0 258 21.1943 -8.9306 -8.06107 -6.42553
0 0 259 18.3892 -5.78081 -4.26569 -1.56893
0 0 260 16.3406 0.934967 -3.12858 -1.30293
0 0 261 12.1637 1.01002 -2.86155 -0.468632
0 0 262 9.01569 0.289089 -0.395305 4.50216
0 0 263 8.56247 0.0616665 -2.63653 3.32596
0 0 264 6.01774 1.73094 -6.46791 2.22567
0 0 265 9.43215 3.13528 -2.55852 2.90881
0 0 266 7.95309 3.70497 2.48798 -1.30293
0 0 267 9.50871 5.82909 1.38687 1.04947
0 0 268 10.6111 5.4493 -2.40851 4.38863
0 0 269 12.3934 3.89373 -1.99147 -0.619782
0 0 270 12.77 0.631359 2.22096 -3.57942
0 0 271 13.6826 -2.59462 2.75201 -1.56893
0 0 272 10.6479 -2.02493 1.76491 -0.278539
0 0 273 9.09224 -5.17473 2.03194 -1.64483
0 0 274 10.6479 1.04868 1.72891 -3.6177
0 0 275 10.9908 -0.849159 -4.45771 -2.21379
0 0 276 7.80303 -10.2587 -4.64673 -0.809875
0 0 277 4.53561 -7.90607 2.37397 -0.923403
0 0 278 4.91839 3.96992 2.40998 2.3392
0 0 279 2.71663 8.56157 -0.170283 4.23682
0 0 280 2.37672 6.89115 -1.15438 0.821754
0 0 281 2.90649 4.236 -0.395305 0.973564
0 0 282 1.997 1.38981 0.474782 1.61843
0 0 283 2.11031 1.80713 -3.43161 -0.126729
0 0 284 2.26342 2.11074 0.816816 2.3392
0 0 285 5.60128 1.76961 2.677 2.07386
0 0 286 4.23551 2.71796 3.28306 -1.22702
0 0 287 0.364823 2.37682 0.969831 1.5049
0 0 288 -0.241503 5.90528 0.741808 -0.961685
0 0 289 -3.80903 6.85363 1.6539 -4.11142
0 0 290 -1.9533 5.4493 -1.99147 -3.65533
0 0 291 1.69384 -2.10112 -2.48351 -2.28969
0 0 292 1.27737 -4.4538 -3.08957 -2.06198
0 0 293 1.50398 -3.2007 0.36377 -2.0996
0 0 294 1.50398 1.54218 -0.434309 -3.92132
0 0 295 0.0249134 0.175378 -4.22969 -5.70476
0 0 296 0.78129 1.80713 -1.76344 -3.16227
0 0 297 0.0616604 6.77744 -1.57142 0.290419
0 0 298 -2.1401 6.20889 -2.93956 -2.4415
0 0 299 -1.72363 -0.165756 -4.64673 -1.49302
0 0 300 -0.204756 -2.36606 -3.58462 1.65671
0 0 301 1.50398 -1.6838 1.6539 2.56691
0 0 302 0.744543 -3.31555 5.37127 2.4151
0 0 303 -1.57052 1.12486 2.33497 2.45338
0 0 304 -0.734525 3.89373 2.638 1.54252
0 0 305 2.37672 0.100328 -1.15438 2.56691
0 0 306 4.0824 0.668884 -1.53542 2.87053
0 0 307 2.64314 2.64177 -2.90056 5.26121
0 0 308 2.56658 3.43888 -3.39261 3.55368
0 0 309 1.69384 2.14826 -3.28159 1.39071
0 0 310 -1.3041 0.821256 -1.91346 2.18805
0 0 311 -0.0914522 2.07322 -4.60773 -0.73397
0 0 312 2.86975 -0.583075 -1.64943 0.632322
0 0 313 3.85579 -2.1773 4.27016 2.30157
0 0 314 0.214773 -6.46421 1.84292 1.39071
0 0 315 1.08751 0.214039 -4.3437 -0.619782
0 0 316 1.96026 4.31105 -4.49372 0.100986
0 0 317 2.833 -3.23937 0.285763 -2.32732
0 0 318 3.70574 0.100328 -0.509317 0.214514
0 0 319 4.0824 3.93239 -0.359302 1.08709
0 0 320 3.17291 1.2761 -3.20359 0.442229
0 0 321 2.03375 -3.84658 -0.170283 3.13653
0 0 322 2.9463 -4.22524 5.37127 4.38863
0 0 323 1.69384 -2.93576 5.10424 1.08709
0 0 324 0.934402 -1.41771 2.03194 -4.68103
0 0 325 -0.0148959 0.821256 -0.965362 -1.87255
0 0 326 -1.41741 -4.074 1.15885 0.935282
0 0 327 -1.19386 -6.08442 0.474782 0.708227
0 0 328 -2.36977 -4.15019 -0.623328 0.252796
0 0 329 -1.04075 -2.10112 2.33497 1.12537
0 0 330 0.25152 -1.6838 1.95693 4.16092
0 0 331 0.25152 -8.47576 1.08384 2.3392
0 0 332 1.80714 -7.33751 4.38417 1.77024
0 0 333 3.13616 -5.9707 3.92813 1.39071
0 0 334 2.67989 -6.19926 1.46188 -0.619782
0 0 335 1.39068 0.0616665 0.474782 -0.695687
0 0 336 1.96026 3.59012 -0.359302 0.594039
0 0 337 0.404633 2.18693 -1.64943 1.08709
0 0 338 -0.621222 2.83167 2.56299 0.821754
0 0 339 -4.68483 5.14682 -0.0172676 0.556416
0 0 340 -1.19386 6.24641 0.285763 -1.22702
0 0 341 2.64314 5.41177 1.57589 -1.75836
0 0 342 0.517936 2.60425 1.27286 -4.87047
0 0 343 -0.0516429 1.9595 -1.00437 -2.63094
0 0 344 0.971149 -2.44225 1.42588 2.83291
0 0 345 -0.164946 -1.94874 3.7001 2.14976
0 0 346 0.404633 -0.545551 3.55009 0.632322
0 0 347 4.49886 -0.545551 4.91523 2.79463
0 0 348 1.61728 4.53961 -1.57142 1.88443
0 0 349 -3.69879 3.74249 -5.13878 -0.392727
0 0 350 -1.22755 2.64177 0.210755 0.404606
0 0 351 0.0984075 -2.1773 0.780812 -0.202634
0 0 352 2.33691 -4.22524 -1.3464 -1.87255
0 0 353 1.84389 -1.00039 -1.15438 -3.65533
0 0 354 -3.92539 2.03455 -0.24529 -2.47913
0 0 355 -5.51776 1.88332 -2.02747 -1.15112
0 0 356 -4.72158 2.49053 -1.3074 -4.14904
0 0 357 -1.76038 1.2761 -0.548321 -2.32732
0 0 358 -2.17991 4.34971 -3.12858 2.45338
0 0 359 -0.621222 4.50095 1.34787 2.26329
0 0 360 3.17291 2.41435 3.47508 1.12537
0 0 361 1.46417 -2.44225 3.51109 0.290419
0 0 362 0.478127 -1.94874 3.51109 -0.847498
0 0 363 3.93235 -1.75885 2.48798 -2.25141
0 0 364 2.41041 -6.27431 -0.926359 -1.60655
0 0 365 -0.431362 -7.90607 -0.662332 2.49101
0 0 366 0.707796 -9.23421 5.74931 -0.165012
0 0 367 -1.19386 -5.55339 3.05504 -5.17409
0 0 368 -0.354806 -2.32854 5.25726 -1.49302
0 0 369 0.554683 -0.279467 4.42318 2.3392
0 0 370 2.98305 -2.51844 1.15885 0.897659
0 0 371 2.45328 1.35229 0.702804 1.96033
0 0 372 0.971149 4.0461 -3.3176 1.42899
0 0 373 -0.887638 1.80713 -4.53272 -0.43035
0 0 374 -1.68382 6.3226 -6.01187 -1.64483
0 0 375 -1.80019 4.84322 -0.170283 -1.41712
0 0 376 -0.811082 0.403937 1.42588 -1.64483
0 0 377 0.554683 -1.98741 0.513785 -1.56893
0 0 378 0.364823 0.706408 -0.0922751 0.897659
0 0 379 -0.924385 0.631359 -2.02747 0.859377
0 0 380 -0.70084 -3.92163 -3.3566 2.4151
0 0 381 -0.774334 -0.696786 -4.76074 2.87053
0 0 382 0.517936 0.365275 3.55009 3.28834
0 0 383 2.33691 1.0862 6.77541 1.80852
0 0 384 2.26342 1.76961 2.94403 -1.98607
0 0 385 0.0984075 -1.72132 -1.42141 -3.92132
0 0 386 -0.354806 -3.35308 -0.851351 -1.94845
0 0 387 1.8837 -0.696786 -1.57142 -1.56893
0 0 388 2.03375 1.42734 1.08384 0.214514
0 0 389 2.56658 3.1728 4.04214 2.49101
0 0 390 -0.468109 4.61466 0.285763 1.65671
0 0 391 -3.43237 2.83167 -5.86185 -2.02436
0 0 392 -2.48001 4.08363 -4.60773 2.83291
0 0 393 -2.29015 5.07064 0.513785 1.99795
0 0 394 0.0616604 -0.924208 0.702804 0.442229
0 0 395 2.18686 -1.26648 0.36377 1.5049
0 0 396 2.26342 4.27352 1.6539 -0.847498
0 0 397 -0.811082 5.41177 -0.851351 -1.1135
0 0 398 -4.14894 -1.00039 -5.06377 4.23682
0 0 399 -0.734525 -4.49132 -5.74784 2.98472
0 0 400 -2.10029 -0.886684 -1.3464 -0.240917
0 0 401 -1.60727 1.84579 -1.64943 0.973564
0 0 402 -2.89954 5.10816 -2.97556 -0.506255
0 0 403 -2.55963 2.86919 -5.78384 -1.98607
0 0 404 -3.35581 2.64177 -3.39261 -2.13788
0 0 405 -3.92539 1.04868 0.930827 -2.89693
0 0 406 0.554683 -0.165756 0.552789 -4.87047
0 0 407 1.61728 -6.12308 -1.23239 -3.99723
0 0 408 1.73059 -3.5805 1.19785 -3.46589
0 0 409 2.49003 0.100328 2.44898 -2.59331
0 0 410 0.478127 2.60425 -0.851351 3.59196
0 0 411 -2.36977 2.90785 -3.47061 5.75426
0 0 412 -2.2534 -4.33895 3.36107 2.03624
0 0 413 -1.38372 -1.83503 0.552789 0.176891
0 0 414 0.631239 3.8562 -2.74754 0.290419
0 0 415 -2.48001 -0.0145199 1.6149 -2.70684
0 0 416 -3.27926 -0.810497 4.04214 -2.25141
0 0 417 -1.26736 -2.85957 3.32207 -1.1135
0 0 418 -1.0775 -4.33895 -0.473313 -1.79664
0 0 419 -2.93935 -3.12565 -4.60773 -0.0508242
0 0 420 -1.99005 -1.03792 0.0217363 -2.25141
0 0 421 -1.11731 -2.93576 0.588793 -1.75836
0 0 422 -1.3041 -5.9707 -1.42141 2.11214
0 0 423 0.517936 -7.07143 -1.87745 3.59196
0 0 424 2.0705 -2.78338 -3.20359 3.51605
0 0 425 3.05961 5.18435 -3.96266 1.92205
0 0 426 3.81904 2.56558 -1.79945 -1.1135
0 0 427 -0.507919 0.251564 -0.281294 -1.03759
0 0 428 -2.17991 8.18177 1.27286 4.19854
0 0 429 -0.964194 7.38466 0.36377 3.25006
0 0 430 -0.70084 4.46342 -1.87745 3.9332
0 0 431 -3.50586 5.10816 -4.91076 4.99587
0 0 432 -5.82399 4.50095 -3.05357 1.92205
0 0 433 -0.734525 3.13528 -1.64943 2.07386
0 0 434 -0.128199 6.47383 -4.00167 -0.506255
0 0 435 -0.281312 3.89373 -5.3668 0.556416
0 0 436 -1.3041 -0.849159 -0.851351 2.37748
0 0 437 -4.07851 -6.27431 3.73911 5.29883
0 0 438 -5.17785 -8.66452 7.30646 5.98198
0 0 439 -1.0775 -8.66452 7.76251 4.31273
0 0 440 -0.164946 -1.19029 2.677 1.01119
0 0 441 2.11031 1.35229 -1.57142 2.64282
0 0 442 0.364823 -4.83246 0.171751 5.22293
0 0 443 -0.0914522 -6.00937 -1.46041 1.65671
0 0 444 2.03375 -1.8737 -2.25549 -2.89693
0 0 445 -1.3041 0.592697 -3.65963 -3.20056
0 0 446 -3.65591 0.631359 -3.65963 2.4151
0 0 447 -2.66987 0.74507 0.780812 2.6811
0 0 448 1.16101 1.0862 4.27016 -0.0132017
0 0 449 -2.10029 -4.41514 3.73911 -0.506255
0 0 450 -1.9533 -3.50431 1.6899 3.44015
0 0 451 -3.65591 -3.08699 -0.0922751 1.77024
0 0 452 -4.14894 -3.42926 -0.281294 -0.544537
0 0 453 -1.41741 1.04868 0.552789 -1.1894
0 0 454 0.631239 3.02157 -4.3437 -2.32732
0 0 455 0.517936 1.6559 -6.58192 -4.56685
0 0 456 -2.82298 -3.61802 -4.87475 -6.50144
0 0 457 -1.15405 -0.165756 0.0217363 -6.27372
0 0 458 1.46417 3.24899 1.42588 -3.35237
0 0 459 3.24947 -2.93576 -0.890355 -0.88578
0 0 460 2.71663 -0.241942 0.969831 1.5049
0 0 461 -1.76038 -1.57009 0.816816 0.897659
0 0 462 -1.80019 -4.03648 -1.64943 -0.0132017
0 0 463 0.897655 -3.46679 -2.18048 1.39071
0 0 464 1.35087 -1.07658 -0.623328 6.2856
0 0 465 1.92045 -1.57009 4.08114 6.5516
0 0 466 0.404633 -2.10112 3.43608 -0.0132017
0 0 467 0.404633 -4.03648 -0.548321 2.30157
0 0 468 3.96909 -0.506889 -1.19339 5.71664
0 0 469 3.89254 3.47641 0.666801 2.4151
0 0 470 1.12426 0.782595 -0.662332 0.214514
0 0 471 -0.468109 0.175378 1.31187 0.935282
0 0 472 0.897655 1.12486 1.04484 3.70549
0 0 473 3.96909 -0.165756 3.96713 2.79463
0 0 474 -0.544666 -4.22524 1.72891 -3.20056
0 0 475 -0.887638 -2.51844 2.29896 -2.40322
0 0 476 -0.847829 -3.27689 5.02924 -1.94845
0 0 477 -2.10029 -2.21483 1.57589 -4.2256
0 0 478 2.56658 -1.26648 -2.74754 -3.76951
0 0 479 1.08751 -2.10112 -1.68543 2.94644
0 0 480 0.667986 3.51507 -2.78654 -0.847498
0 0 481 1.39068 5.29806 -3.16758 -2.89693
