0 0 0 1.50548 6.08669 -6.85406 -1.79429
0 0 1 -3.79463 -14.2862 11.1427 6.77483
0 0 2 1.95262 -19.0679 18.3704 6.2238
0 0 3 4.11976 -11.8782 4.36358 4.60695
0 0 4 0.232617 10.6279 -13.5987 13.2785
0 0 5 -0.90312 13.2764 3.43475 2.33574
0 0 6 -7.33896 2.19826 -0.763573 1.1657
0 0 7 0.611196 -7.85234 -7.12873 -0.76201
0 0 8 12.207 -6.99033 -2.58674 -8.16019
0 0 9 2.98402 -6.5437 -5.30557 -6.13006
0 0 10 -0.938891 -4.71973 -4.5479 9.25177
0 0 11 0.232617 0.408638 -3.1374 13.4507
0 0 12 -8.54326 0.855261 -10.3982 6.87724
0 0 13 -10.7104 -8.98608 -3.61907 1.06238
0 0 14 -6.68316 -20.8232 7.18591 5.70811
0 0 15 -10.3288 -8.95172 2.67842 4.22811
0 0 16 -12.9819 2.1639 -10.8454 3.71152
0 0 17 -5.51463 8.87263 -10.6397 -1.65653
0 0 18 -2.72745 14.3102 -15.0092 -1.69097
0 0 19 4.80836 -3.89519 -18.6914 3.84928
0 0 20 -3.75886 6.67074 -8.60956 -5.85454
0 0 21 3.94985 8.426 -7.16323 -9.9157
0 0 22 7.59553 10.5592 -11.2594 -4.34011
0 0 23 21.0157 15.8593 -8.50606 8.6672
0 0 24 17.6115 11.315 -10.8454 10.0094
0 0 25 15.2029 -1.24356 1.09542 9.52728
0 0 26 8.62992 5.60259 4.01992 3.19583
0 0 27 1.84828 15.2034 -9.05672 4.95044
0 0 28 8.48981 16.2716 -13.1171 8.28836
0 0 29 13.5485 -1.10614 5.94658 1.20014
0 0 30 9.48843 -0.178532 24.6334 0.13342
0 0 31 12.6214 6.32718 0.510255 -4.65006
0 0 32 4.98125 1.64544 1.23209 0.0301016
0 0 33 3.12413 0.992684 -3.3789 2.12911
0 0 34 5.15414 -3.06753 -13.2895 0.235833
0 0 35 4.80836 -7.1621 -21.8919 9.38952
0 0 36 -1.38603 1.26753 -15.9049 0.339152
0 0 37 -6.7547 10.0438 -5.06407 0.408031
0 0 38 -6.20323 23.2239 9.14707 -1.65653
0 0 39 -3.41605 -1.2092 15.6516 -5.09778
0 0 40 -3.5174 -16.1446 3.64175 5.26039
0 0 41 -3.41605 -2.93011 3.88192 4.26255
0 0 42 1.6426 -5.26942 11.0751 4.50363
0 0 43 8.62992 -6.78419 8.49291 9.28621
0 0 44 2.46832 -6.33757 -5.16757 16.3753
0 0 45 -5.06749 -10.9131 -1.55441 10.4218
0 0 46 -4.24177 -6.06272 6.18808 3.43691
0 0 47 -1.48738 -15.042 0.475755 5.05376
0 0 48 -14.0133 -27.432 2.81509 3.02363
0 0 49 -15.7303 -5.61298 4.53608 2.71367
0 0 50 2.53688 8.70085 4.36358 -4.99446
0 0 51 2.98402 10.25 -1.21074 -2.37886
0 0 52 -4.17321 17.4084 21.535 -8.33239
0 0 53 1.74693 9.35361 6.77324 -5.92342
0 0 54 9.24697 2.02648 1.19892 -4.99446
0 0 55 3.01979 0.717839 5.25924 -1.72541
0 0 56 5.94409 -3.20495 1.57709 -1.62209
0 0 57 5.63407 1.71415 -9.71089 -7.02458
0 0 58 0.0597228 -20.8232 -10.0201 -1.31214
0 0 59 -3.24316 -20.2048 1.47359 4.77824
0 0 60 -0.798787 -1.44969 5.60291 0.752428
0 0 61 6.90693 14.6194 -11.5341 7.46272
0 0 62 21.3943 20.1257 -17.4879 19.1976
0 0 63 27.6274 11.2806 -7.37023 18.1644
0 0 64 1.74693 14.6194 -10.5707 1.30256
0 0 65 -4.68891 -10.0886 -1.27974 -0.486493
0 0 66 3.29404 -11.7064 -1.17624 9.32065
0 0 67 -5.37751 3.64119 -6.3724 -6.09562
0 0 68 -13.5333 -5.9253 -2.34657 -4.65006
0 0 69 -8.85328 4.4345 -6.88856 -1.4499
0 0 70 7.94132 6.32718 -1.7614 -9.46799
0 0 71 1.57404 -0.968713 -15.3542 -9.19247
0 0 72 -2.83179 -4.17004 -3.68807 -0.245415
0 0 73 -5.51463 -21.7195 6.94441 2.54148
0 0 74 -10.9846 -19.5177 5.98108 -1.13994
0 0 75 -0.661664 -10.5009 -1.03824 -3.10209
0 0 76 3.08835 6.77381 -10.9834 -5.16666
0 0 77 3.60406 1.99212 -10.9489 0.442471
0 0 78 -3.96454 1.13011 -3.99857 0.855746
0 0 79 -2.90035 10.7653 -11.4996 3.40247
0 0 80 -5.47588 7.87631 -4.23873 -2.68882
0 0 81 -1.69605 8.52907 2.64392 1.57807
0 0 82 -0.250295 -8.16154 -13.7367 0.0989808
0 0 83 3.84551 -7.54002 20.1245 14.6552
0 0 84 -1.83317 -6.74984 21.9835 6.49931
0 0 85 -3.6903 -3.82648 5.91208 -2.17222
0 0 86 -9.50312 -11.8782 -13.6332 -2.48218
0 0 87 -3.44884 -22.3036 -3.03391 -2.17222
0 0 88 0.816881 5.15597 -18.5202 -0.830889
0 0 89 5.49695 -4.96022 -10.2271 -3.03321
0 0 90 2.26264 -14.1488 2.54042 1.37143
0 0 91 -4.17321 -3.20495 7.11691 6.80927
0 0 92 -7.81889 -4.10133 6.73874 2.37018
0 0 93 3.43116 -5.06328 0.372257 -2.82658
0 0 94 11.587 -0.728223 4.63958 -2.55106
0 0 95 2.02118 7.46092 11.5222 -4.82226
0 0 96 0.128284 6.63638 16.7184 -0.486493
0 0 97 -1.66028 -4.51359 16.0297 -6.06118
0 0 98 0.611196 -1.03742 18.9542 -12.4615
0 0 99 8.66271 7.25479 -4.6859 -5.88898
0 0 100 -4.62035 19.6447 -12.2227 3.02363
0 0 101 -3.79463 19.0575 -14.2184 3.26471
0 0 102 6.25411 9.5941 -12.8756 -6.13006
0 0 103 -0.214523 20.6754 -11.3961 0.47691
0 0 104 -6.0661 9.18183 -5.34007 2.16355
0 0 105 -11.3632 1.64544 -9.09122 10.1816
0 0 106 -6.13466 7.70141 -3.1719 2.06023
0 0 107 -1.04024 -3.20495 2.05875 -2.30998
0 0 108 -3.10603 -7.33388 -0.212908 0.54579
0 0 109 -1.21314 -12.8058 -4.16974 2.98919
0 0 110 1.88406 -4.82279 3.29675 -7.3001
0 0 111 1.19546 15.4471 8.52741 -7.98799
0 0 112 -4.27158 31.9628 -1.93258 -4.92558
0 0 113 -13.739 40.2237 -7.50823 5.01932
0 0 114 -5.99754 29.8639 -10.3637 7.15276
0 0 115 -1.66028 1.3706 -1.93258 0.270273
0 0 116 -5.37751 -6.95597 5.08675 5.70811
0 0 117 2.3312 -16.9347 0.853923 1.09682
0 0 118 9.28274 -4.96022 9.87024 -4.99446
0 0 119 3.74118 -3.37673 10.1794 -5.68235
0 0 120 4.39699 4.46885 -3.55007 0.890186
0 0 121 4.87692 -1.44969 1.33559 -0.830889
0 0 122 3.08835 5.32775 2.54042 -4.37455
0 0 123 -3.07026 -1.96815 3.09108 -7.33454
0 0 124 -4.89459 -9.46706 2.23125 2.88587
0 0 125 -13.8762 -8.12719 -4.9619 9.69948
0 0 126 -11.6047 -3.75465 1.88625 1.06238
0 0 127 -4.51602 -0.934357 5.74091 -6.81795
0 0 128 -6.13466 -9.64196 12.8982 1.26812
0 0 129 -2.00309 -3.13624 27.0762 7.94487
0 0 130 -1.72884 -3.06753 28.281 3.33359
0 0 131 1.33258 -5.78788 11.5567 -4.03106
0 0 132 1.60981 9.35361 11.1772 9.59616
0 0 133 -0.834558 8.97569 9.45757 5.36371
0 0 134 4.63844 -28.4283 12.2096 11.4885
0 0 135 -8.74895 -14.6985 -13.8402 0.0301016
0 0 136 -0.420208 -17.7624 -0.00591093 5.01932
0 0 137 4.36121 -18.3121 16.9241 10.3874
0 0 138 5.35983 -23.0625 3.12558 6.12048
0 0 139 7.32129 -20.5827 -6.51039 -7.23122
0 0 140 10.2128 -8.67688 6.73874 -0.693131
0 0 141 7.18416 2.12954 3.19458 7.87599
0 0 142 -2.59033 6.87687 0.715925 9.38952
0 0 143 -7.06174 0.202503 -3.99857 -0.520933
0 0 144 -2.90035 -3.20495 -2.96491 -7.09346
0 0 145 -6.40891 2.19826 1.54259 -1.69097
0 0 146 -6.82326 14.2071 12.6236 6.08604
0 0 147 -3.62173 14.1041 -2.86274 8.04729
0 0 148 3.29404 5.74001 -5.40906 -10.7069
0 0 149 -2.07463 1.61109 -11.7411 -12.737
0 0 150 3.67262 -0.384666 8.49291 -5.9923
0 0 151 2.19407 3.02279 3.22908 -1.13994
0 0 152 -3.89598 5.39646 25.5622 -0.314295
0 0 153 -4.06589 -0.659512 1.37009 -1.24326
0 0 154 -7.81889 -3.68593 3.09108 4.64048
0 0 155 -9.70881 8.04809 1.37009 5.05376
0 0 156 -12.496 -3.34238 2.29892 6.67151
0 0 157 -7.20184 -15.9384 2.19675 -3.96218
0 0 158 6.66846 -1.14049 16.4769 -8.98583
0 0 159 3.98264 8.1168 8.9069 -4.13438
0 0 160 -0.351646 14.001 -12.3939 -7.6445
0 0 161 -4.03608 8.39165 -10.0201 -4.13438
0 0 162 -10.8833 -22.441 6.77324 3.6082
0 0 163 -0.560312 -16.2476 20.6752 -8.91695
0 0 164 6.66846 9.83771 8.8379 -13.8382
0 0 165 3.46693 29.7265 -6.1309 -9.94923
0 0 166 2.3312 9.83771 -7.40473 -0.210976
0 0 167 8.18278 15.0317 -7.6794 -2.5855
0 0 168 7.8042 19.9195 6.01558 11.3508
0 0 169 2.12551 -18.2434 22.3962 -0.968648
0 0 170 7.38985 -6.06272 13.7581 3.47135
0 0 171 3.32981 5.77437 -9.67639 4.33143
0 0 172 2.70978 1.19882 -9.16022 -1.55322
0 0 173 -6.27179 -2.72398 -14.8725 -0.76201
0 0 174 -1.93452 -4.89151 -6.4069 -13.3216
0 0 175 9.24697 6.05234 -4.51473 -6.5089
0 0 176 1.84828 9.90642 1.95525 1.71583
0 0 177 -3.5174 -5.71917 5.56841 1.50919
0 0 178 -1.04024 -9.02043 -7.57723 -2.34442
0 0 179 5.94409 -0.315955 -11.1904 -2.99877
0 0 180 3.29404 7.77324 -11.4996 -6.23338
0 0 181 -3.5174 5.81185 0.0630881 5.01932
0 0 182 -6.92461 -11.8782 17.8874 -0.830889
0 0 183 -5.75608 -20.8575 12.6581 5.74255
0 0 184 -2.45321 -22.2005 4.60508 -3.96218
0 0 185 -8.37037 -4.34182 14.8939 0.47691
0 0 186 -2.65889 -11.9126 4.43258 9.42396
0 0 187 2.74555 -30.4584 11.2462 4.70936
0 0 188 4.84413 -14.8016 0.132087 -1.24326
0 0 189 -7.06174 -3.68593 -8.84973 -3.7211
0 0 190 -3.24316 8.39165 6.46275 1.81915
0 0 191 -3.17459 14.0697 10.7301 -0.0387777
0 0 192 5.18693 -1.93379 -3.68807 -1.62209
0 0 193 10.6927 -4.5823 -9.19472 4.40031
0 0 194 -1.04024 1.61109 -1.24524 10.3529
0 0 195 3.26125 6.12105 -10.4672 3.33359
0 0 196 9.45862 9.21618 -4.44573 3.02363
0 0 197 2.26264 10.4218 -2.38107 4.02147
0 0 198 -1.9703 26.9749 -6.85406 2.81699
0 0 199 -2.10742 20.8815 -2.75924 3.26471
0 0 200 3.26125 14.6537 -10.9144 3.40247
0 0 201 5.11837 6.05234 1.19892 1.09682
0 0 202 -1.17737 2.64488 -23.5439 7.15276
0 0 203 -2.00309 -0.659512 -16.9372 -1.72541
0 0 204 1.02257 4.57192 9.04357 0.717988
0 0 205 7.52697 -2.51784 5.39592 -1.93205
0 0 206 8.45702 9.01005 -2.07057 0.0301016
0 0 207 5.46416 13.3795 0.510255 -4.16881
0 0 208 9.21418 25.0823 -6.3379 -5.16666
0 0 209 11.7271 13.0016 -7.02656 -0.348734
0 0 210 8.35269 2.98844 2.57492 9.52728
0 0 211 13.2414 6.18976 7.39291 5.15707
0 0 212 27.1087 8.87263 4.50158 2.40372
0 0 213 35.7147 8.56343 -8.29906 5.43259
0 0 214 45.3819 9.66593 -7.12873 2.4726
0 0 215 44.4846 4.77805 -1.10724 0.786867
0 0 216 36.9846 -15.3887 6.08458 -5.95786
0 0 217 36.7789 -24.8178 -13.6332 -4.09994
0 0 218 46.7949 -39.5782 -16.7302 -9.36467
0 0 219 66.8894 -19.8269 -33.627 -12.5648
0 0 220 60.1465 -27.3632 -36.379 -7.54118
0 0 221 71.0537 -26.6386 -39.407 -15.3526
0 0 222 86.951 -57.8867 -47.6311 -11.5326
0 0 223 92.0425 -73.9558 -38.2712 -15.5928
0 0 224 98.3084 -69.3146 -37.9275 -10.3625
0 0 225 107.013 -72.6534 -44.0883 -13.7004
0 0 226 122.397 -86.3488 -58.6763 -19.2407
0 0 227 129 -102.212 -51.2456 -24.7809
0 0 228 138.465 -111.847 -47.8713 -26.502
0 0 229 156.982 -128.294 -50.488 -19.1374
0 0 230 179.622 -140.306 -39.0633 -25.022
0 0 231 174.492 -161.022 -32.9728 -40.1972
0 0 232 145.416 -164.458 -20.5849 -36.4125
0 0 233 133.272 -154.001 -10.6397 -34.7258
0 0 234 130.273 -137.551 -14.8725 -27.3277
0 0 235 120.743 -133.628 -8.09339 -23.1641
0 0 236 104.258 -128.225 13.4489 -32.7646
0 0 237 100.89 -132.151 -1.21074 -37.549
0 0 238 92.5284 -101.593 2.88409 -30.9411
0 0 239 80.0711 -86.5893 -3.2064 -25.641
0 0 240 73.7366 -57.7868 3.64175 -29.22
0 0 241 65.378 -55.4787 18.2324 -31.629
0 0 242 56.7035 -62.4622 20.4695 -23.8864
0 0 243 44.0375 -57.8211 11.4187 -12.3238
0 0 244 26.3158 -35.9303 8.63091 -8.7801
0 0 245 18.8486 -10.1229 11.5567 -10.1559
0 0 246 21.0873 1.61109 2.16225 -7.09346
0 0 247 15.8557 9.01005 4.70858 2.19799
0 0 248 20.1214 1.88593 21.9835 -2.5855
0 0 249 18.7114 -11.1193 14.2742 -4.09994
0 0 250 13.5842 -15.4918 12.0384 -1.75985
0 0 251 13.0328 -0.934357 1.61159 -12.4615
0 0 252 1.43692 -4.47924 4.98325 -0.142097
0 0 253 6.427 -10.9131 -1.72691 5.46703
0 0 254 11.8642 -3.61722 -8.23006 5.91384
0 0 255 0.542635 -5.54426 3.71075 -1.4499
0 0 256 3.74118 -4.75408 7.59858 -4.47786
0 0 257 2.50409 4.60628 11.0751 -2.20666
0 0 258 10.8656 1.88593 -1.72691 1.06238
0 0 259 14.6544 0.0276018 -11.9467 0.924626
0 0 260 10.0071 3.19457 -5.75273 1.37143
0 0 261 7.90555 -3.79212 4.50158 6.18936
0 0 262 8.62992 -13.115 2.74742 2.4726
0 0 263 3.19269 -13.0119 7.11691 -5.85454
0 0 264 9.3513 -12.7714 1.71508 -6.19894
0 0 265 6.39123 -0.384666 -0.867072 -5.40773
0 0 266 6.39123 1.6798 2.40242 5.0882
0 0 267 -2.34887 -3.9639 4.15791 5.36371
0 0 268 -3.21037 3.77862 13.8271 4.22811
0 0 269 12.7227 -2.96447 0.853923 0.580229
0 0 270 15.5457 4.15965 -2.58674 -1.58765
0 0 271 -5.85744 9.52538 -6.81956 6.70595
0 0 272 -12.9819 14.6881 -4.8584 0.339152
0 0 273 0.095494 13.2764 -4.27323 -1.34658
0 0 274 1.60981 -0.384666 -5.75273 4.33143
0 0 275 -3.21037 -11.5003 -6.1654 3.19583
0 0 276 5.94409 -7.19646 -4.27323 3.71152
0 0 277 5.01702 -5.75352 4.01992 3.98703
0 0 278 -3.0017 -5.20071 0.715925 -2.03537
0 0 279 -2.93314 -7.61185 -1.03824 -10.087
0 0 280 0.128284 -0.762579 -0.729074 -10.8447
0 0 281 -6.40891 9.83771 0.544754 -9.46799
0 0 282 -2.07463 -1.96815 1.50809 -4.65006
0 0 283 -1.83317 4.94983 -12.2917 -2.44774
0 0 284 -0.90312 5.08726 -11.4306 2.88587
0 0 285 -2.28031 -13.9083 -7.7829 -1.58765
0 0 286 -6.37612 -2.96447 -18.004 -0.624251
0 0 287 -9.33321 1.81722 -12.9446 11.1795
0 0 288 -4.20302 0.580416 -7.54273 6.01716
0 0 289 -6.34035 -7.64621 1.47359 -4.82226
0 0 290 -0.593102 -3.79212 -1.41641 -12.3238
0 0 291 -0.491751 -2.8614 3.29675 -7.36898
0 0 292 -0.455979 -2.5522 6.91124 0.408031
0 0 293 -0.971681 -6.33757 -0.591076 0.47691
0 0 294 -2.86458 2.09519 1.47359 -2.00093
0 0 295 -4.82603 9.97513 2.78059 -4.20325
0 0 296 -10.2603 5.94927 1.81726 3.88371
0 0 297 -13.8076 -3.1706 -11.5686 8.39168
0 0 298 -6.5818 -5.23506 -20.9285 0.993505
0 0 299 -3.24316 5.19032 -14.7345 0.51135
0 0 300 -2.62312 16.8556 -7.7484 0.993505
0 0 301 -5.24038 -5.40684 -15.7669 -8.57346
0 0 302 -4.48322 18.5422 -3.3789 -5.8201
0 0 303 -1.55595 -3.44544 8.08024 11.2484
0 0 304 -4.03608 -3.1706 9.42307 5.01932
0 0 305 -6.03033 -0.796934 12.0039 -1.13994
0 0 306 -5.75608 25.7694 5.84441 -6.64575
0 0 307 0.301179 12.7611 -2.72474 -1.07106
0 0 308 1.1269 0.649127 -8.78073 -3.23894
0 0 309 4.707 -6.09708 -4.8239 -5.57903
0 0 310 -1.1088 7.46092 -1.62341 -3.85886
0 0 311 1.57404 11.2463 -6.1999 -0.830889
0 0 312 8.28413 14.8255 1.16442 -3.85886
0 0 313 8.73127 2.61052 12.6581 -2.30998
0 0 314 7.52697 5.15597 2.64392 -8.05687
0 0 315 1.33258 16.2716 -11.4996 -7.57562
0 0 316 -2.76024 -5.06328 0.750424 -2.92989
0 0 317 2.8469 -22.1318 13.8616 -0.830889
0 0 318 3.98264 -4.89151 8.8724 -3.96218
0 0 319 -1.21314 -2.68962 3.09108 -1.4499
0 0 320 -4.31033 -2.72398 0.372257 -8.02243
0 0 321 -1.66028 4.84677 -2.89723 -11.3604
0 0 322 2.46832 -4.37617 -1.27974 -3.99662
0 0 323 1.74693 -0.109821 -5.75273 -0.934208
0 0 324 -1.72884 1.3706 -9.67639 -1.34658
0 0 325 -2.62312 -2.00251 -1.00374 -7.26566
0 0 326 2.43553 -6.68112 -1.24524 -6.19894
0 0 327 2.64121 -14.5611 -4.16974 -4.37455
0 0 328 5.42839 -7.36824 5.43042 -11.257
0 0 329 13.2057 -0.212888 -5.16757 -9.94923
0 0 330 12.0341 -14.9046 1.50809 -5.2011
0 0 331 0.128284 -12.05 8.66541 -5.30442
0 0 332 -1.59172 -5.85659 4.57058 -3.3767
0 0 333 -9.40177 -2.93011 9.80124 -2.30998
0 0 334 -7.85466 4.67499 7.46058 1.64695
0 0 335 1.6426 -11.3597 7.49508 -3.68666
0 0 336 2.88267 -5.47555 9.42307 3.91815
0 0 337 3.32981 -7.12775 -2.89723 -5.40773
0 0 338 -3.82742 -2.48349 -1.27974 -2.92989
0 0 339 1.98839 6.60203 -1.93258 -4.65006
0 0 340 1.77972 -4.92586 2.02425 -2.72326
0 0 341 2.08974 -9.29528 -4.48023 1.20014
0 0 342 2.91546 -5.37249 6.25708 4.36587
0 0 343 -0.628874 1.33624 15.5136 1.95691
0 0 344 3.57127 0.0650808 3.40025 0.649109
0 0 345 0.265407 -2.51784 -17.0062 -3.85886
0 0 346 -3.93175 8.46036 -20.5849 -3.48002
0 0 347 -7.99179 7.39221 -5.78723 -3.99662
0 0 348 -9.77737 -7.1621 -5.51256 -0.968648
0 0 349 -12.806 3.98787 -9.05672 2.64479
0 0 350 5.39262 17.8551 -12.4629 3.57376
0 0 351 5.60128 19.1981 -3.79157 4.81268
0 0 352 3.70839 5.15597 -5.09857 9.56172
0 0 353 0.474073 -17.4188 5.60291 -0.79645
0 0 354 4.98125 -10.4665 5.22474 5.53591
0 0 355 -7.09751 -11.7064 2.43692 5.8794
0 0 356 1.33258 -12.05 1.95525 1.47475
0 0 357 0.748319 15.6875 -4.7549 -2.13778
0 0 358 0.989775 -6.61241 -10.6052 -2.17222
0 0 359 2.08974 -22.8189 -9.46939 2.06023
0 0 360 4.53411 -9.88245 -13.6677 0.442471
0 0 361 6.94271 -11.569 -7.40473 2.26687
0 0 362 2.36697 -14.5611 0.579254 -1.48434
0 0 363 2.53688 -9.05479 6.01558 0.235833
0 0 364 -0.661664 -5.37249 4.84658 -1.48434
0 0 365 0.232617 0.614772 -2.24307 -0.210976
0 0 366 2.36697 1.54237 -2.62124 2.12911
0 0 367 -0.420208 -10.9131 12.1751 8.21948
0 0 368 -5.30894 0.374282 10.2829 6.0516
0 0 369 5.11837 1.81722 -5.99423 12.8652
0 0 370 12.4515 12.1083 -8.09339 15.1364
0 0 371 2.36697 15.9967 0.888422 5.63923
0 0 372 -0.181733 -8.91737 -3.65357 -5.92342
0 0 373 -2.03886 0.923973 4.22691 9.08047
0 0 374 -6.7547 -8.77994 -2.79374 0.821307
0 0 375 -3.34749 7.39221 1.33559 -7.02458
0 0 376 13.1371 3.64119 -3.3789 -7.43786
0 0 377 13.0328 3.53813 -5.71823 -9.64018
0 0 378 9.10985 -4.23875 3.16008 0.304712
0 0 379 -0.00883874 -6.5437 1.40459 8.42612
0 0 380 -3.31172 -4.13568 2.33342 6.18936
0 0 381 -2.00309 -10.226 -1.41641 2.16355
0 0 382 -4.62035 -11.4316 -2.10507 3.57376
0 0 383 -1.59172 -0.350311 -4.27323 2.67923
0 0 384 -0.181733 11.593 12.6581 3.43691
0 0 385 -0.798787 8.7352 10.5589 8.70164
0 0 386 -0.870329 16.3403 8.14924 8.1506
0 0 387 9.76565 16.1342 0.268758 4.36587
0 0 388 6.32267 3.16021 -9.57289 2.26687
0 0 389 8.3199 -1.17485 -7.40473 -3.78998
0 0 390 -2.79601 -7.23082 2.23125 -7.98799
0 0 391 -6.47747 -6.74984 5.84441 -5.44217
0 0 392 -9.50312 -4.37617 -8.09339 4.12479
0 0 393 -4.03608 -5.85659 -7.7139 1.50919
0 0 394 3.5355 -1.14049 -11.6376 -6.02674
0 0 395 10.3499 0.0276018 2.50592 -2.10334
0 0 396 5.56551 -11.2567 12.6912 4.916
0 0 397 -1.9703 -3.65158 13.4834 3.91815
0 0 398 -0.283085 3.88481 -6.2689 -0.176536
0 0 399 1.91983 9.5941 -9.22789 -5.75122
0 0 400 -1.38603 1.57673 3.71075 -1.38102
0 0 401 -1.62451 -6.64677 -2.41557 8.63276
0 0 402 -1.17737 -28.6 10.6266 3.43691
0 0 403 -4.65314 -13.977 1.12992 3.84928
0 0 404 6.63269 -24.6773 13.7236 11.5918
0 0 405 0.506863 -11.8095 6.97891 6.15492
0 0 406 -6.54603 -2.34606 -3.4479 -1.03662
0 0 407 -4.62035 -1.8276 2.91859 -9.81238
0 0 408 -0.765997 -19.4146 5.29374 -7.54118
0 0 409 -1.59172 -0.83129 2.19675 -0.00433807
0 0 410 3.84551 14.2071 2.47142 -8.50458
0 0 411 7.21695 -3.34238 5.19025 -5.13222
0 0 412 -0.351646 -8.16154 4.05442 -1.17438
0 0 413 -7.71456 8.59778 -1.07274 1.26812
0 0 414 -4.82603 6.56767 -5.23657 3.40247
0 0 415 -6.13466 11.1089 0.784924 -2.10334
0 0 416 0.679758 14.2415 0.784924 -9.12359
0 0 417 5.73841 14.001 0.648253 -4.99446
0 0 418 5.7712 13.139 4.39808 0.717988
0 0 419 7.18416 11.8335 -3.4479 -4.5123
0 0 420 -1.21314 10.9027 -4.23873 -2.17222
0 0 421 -3.31172 -3.79212 -5.89073 -8.16019
0 0 422 8.11123 -9.98552 -14.631 -3.58334
0 0 423 -1.21314 -12.5997 4.43258 -5.51015
0 0 424 -8.43893 -3.61722 8.9759 1.99135
0 0 425 -6.0661 4.84677 20.0556 1.20014
0 0 426 -5.926 10.9371 17.6472 -1.79429
0 0 427 -3.6903 13.7949 8.66541 -2.5855
0 0 428 -0.250295 7.25479 3.19458 1.88803
0 0 429 4.77557 4.70934 3.43475 1.44031
0 0 430 2.95123 10.25 10.5921 -0.693131
0 0 431 10.4185 10.6966 10.5589 -5.0289
0 0 432 11.0713 9.94078 1.40459 -6.02674
0 0 433 -1.55595 7.97938 7.25491 -6.02674
0 0 434 -9.74458 1.61109 6.46275 3.84928
0 0 435 -7.959 6.49896 12.5546 0.442471
0 0 436 -5.96177 10.6279 -5.37456 -0.279855
0 0 437 -0.765997 0.54606 5.84441 1.37143
0 0 438 -5.75608 6.49896 8.69991 3.23027
0 0 439 -1.52315 9.35361 11.1082 10.0439
0 0 440 0.301179 1.47366 8.42524 11.0073
0 0 441 -6.92461 2.1639 0.957421 1.30256
0 0 442 -5.06749 -1.27791 2.29892 3.05807
0 0 443 0.095494 -1.07178 6.66974 -3.68666
0 0 444 1.84828 1.3706 0.268758 0.786867
0 0 445 0.715529 4.57192 -14.5965 4.19367
0 0 446 -1.41882 2.71359 -8.09339 -0.107657
0 0 447 9.31553 -6.2345 4.43258 -0.865329
0 0 448 6.22132 -6.47499 -3.79157 0.855746
0 0 449 3.98264 -7.19646 -17.6935 -1.38102
0 0 450 2.26264 1.57673 -16.0415 3.12695
0 0 451 1.95262 9.35361 -5.54706 4.81268
0 0 452 -0.113172 -1.00307 5.80991 7.015
0 0 453 -6.68316 -2.34606 9.11257 12.4528
0 0 454 4.49834 8.66649 -1.27974 -1.62209
0 0 455 0.852652 -4.92586 -3.86057 0.0645412
0 0 456 -2.96891 7.04865 -5.82173 -3.8933
0 0 457 -3.86319 10.5935 -7.06106 -6.68019
0 0 458 8.52558 -3.99826 -5.16757 -5.64791
0 0 459 16.6814 -3.13624 0.922922 -11.7736
