0 0 0 -2.58872 0.342583 1.63804 -1.13375
0 0 1 -2.45079 -2.02006 2.365 -3.74564
0 0 2 -0.498144 -1.58854 0.207212 -1.20151
0 0 3 -1.68001 -0.270679 -1.51902 1.024
0 0 4 -0.952499 2.34081 -1.51902 0.842699
0 0 5 -0.930863 1.15996 -0.815147 -0.247469
0 0 6 -1.7936 0.455356 -2.7912 0.387967
0 0 7 -3.06471 0.546693 -1.74634 -1.9059
0 0 8 0.410566 1.88692 0.661265 -1.67883
0 0 9 1.00015 3.06778 2.81905 -0.815735
0 0 10 -1.27163 1.88692 1.66054 -1.86073
0 0 11 -2.13436 1.77322 1.09282 0.365379
0 0 12 -0.703686 1.31933 1.4563 1.91028
0 0 13 0.616107 -2.67899 1.7742 0.297615
0 0 14 -0.83891 -0.384385 -0.156267 -0.611254
0 0 15 -0.565756 2.36411 -1.45094 -0.0661704
0 0 16 0.886557 1.40973 -1.01938 -1.51953
0 0 17 0.772968 0.932545 -5.04015 -2.51934
0 0 18 1.74929 -2.49725 -5.47171 -0.747377
0 0 19 -0.703686 -1.29309 -3.26834 0.115722
0 0 20 -1.17968 -0.952911 -1.40595 1.27425
0 0 21 -1.81523 0.524325 0.320281 -0.0435824
0 0 22 1.11373 0.296915 0.229707 -0.338415
0 0 23 0.751332 1.3417 0.411447 0.115722
0 0 24 -1.3149 1.95496 -2.90486 -0.0204
0 0 25 0.659379 2.22711 -3.45008 -0.860911
0 0 26 2.45516 -0.657463 -0.042606 -0.451949
0 0 27 0.751332 -0.316348 1.18399 -1.29246
0 0 28 -2.26959 1.47777 0.252203 -1.36082
0 0 29 -2.22361 0.706067 -0.86073 -1.38341
0 0 30 0.410566 -0.771169 -0.497251 2.13735
0 0 31 0.0481636 0.0238357 2.0471 3.63648
0 0 32 -0.633369 -2.04243 2.50116 1.45555
0 0 33 0.205024 0.047136 -0.905721 0.342791
0 0 34 0.0238232 1.36407 -1.5646 -0.111346
0 0 35 1.11373 0.592362 -2.4733 1.54649
0 0 36 2.20364 -1.17939 1.59246 0.0699519
0 0 37 2.45516 -1.74792 1.7517 -0.747377
0 0 38 0.864921 -0.907242 0.729343 0.842699
0 0 39 -0.746957 -0.044201 3.06887 1.38778
0 0 40 -1.56642 -1.97439 3.50043 1.25166
0 0 41 -2.72394 -2.72466 2.18326 0.751753
0 0 42 -1.9748 -1.04332 0.615682 -0.611254
0 0 43 0.115776 -0.339648 -0.996887 0.365379
0 0 44 2.59039 -0.180274 0.343369 2.387
0 0 45 4.56737 -0.679832 1.32015 -0.0435824
0 0 46 3.15833 -0.112238 -0.042606 -3.4508
0 0 47 3.04474 -1.5205 -2.01925 -4.10942
0 0 48 3.25028 -1.81595 -2.83678 -3.95012
0 0 49 2.81756 -2.56529 -2.7687 -2.26909
0 0 50 0.797308 -1.86069 -1.76884 -0.179705
0 0 51 -0.657709 1.47777 -1.01938 0.13831
0 0 52 0.0914355 2.31844 1.07033 -0.929269
0 0 53 -0.316943 0.38732 3.70526 -1.92849
0 0 54 -0.292603 -1.08898 2.95521 -1.92849
0 0 55 1.50048 -2.51962 0.365864 -0.588666
0 0 56 3.15833 -1.38443 -0.269929 1.68321
0 0 57 2.27396 -0.339648 -1.31478 1.45555
0 0 58 0.637743 -1.63421 -1.79192 -0.929269
0 0 59 -1.20131 -2.86073 0.27529 -0.224881
0 0 60 -3.61102 -2.7694 0.820509 1.86451
0 0 61 -2.38318 -3.4507 -0.429173 1.25166
0 0 62 -1.74762 -2.54292 -1.47403 -0.860911
0 0 63 -2.36154 0.796472 -1.49652 0.047364
0 0 64 -2.38318 3.81712 -0.269929 2.5689
0 0 65 -0.430532 4.9989 1.38822 3.84096
0 0 66 0.251001 2.47689 1.02474 2.84114
0 0 67 0.251001 -0.7255 0.343369 0.206669
0 0 68 2.00081 -1.97439 0.752431 -2.90512
0 0 69 2.06842 -3.81418 3.31869 -2.24651
0 0 70 1.2733 -2.97444 3.56851 0.184081
0 0 71 2.36321 -0.566127 0.706848 1.72839
0 0 72 3.65866 0.0238357 -0.769564 2.22829
0 0 73 3.52344 2.34081 -0.247433 3.02303
0 0 74 1.13807 3.18149 -1.08746 0.842699
0 0 75 -1.38522 4.31761 0.843005 -0.429361
0 0 76 0.161752 3.79475 1.7517 0.251845
0 0 77 3.4991 0.796472 2.22884 -0.65643
0 0 78 3.27192 1.38737 1.97843 -0.293239
0 0 79 1.9332 1.36407 4.13681 0.433737
0 0 80 2.00081 0.886877 4.4772 0.342791
0 0 81 0.591767 1.88692 2.6604 1.11494
0 0 82 2.50114 3.02211 1.70612 0.820111
0 0 83 3.36387 1.22799 1.32015 2.40959
0 0 84 3.61269 -1.04332 -0.815147 4.13638
0 0 85 0.843285 0.886877 0.207212 2.27347
0 0 86 1.38689 0.0695042 -1.42844 0.524684
0 0 87 0.115776 1.68188 -3.24584 1.31942
0 0 88 0.705356 2.34081 0.343369 0.910463
0 0 89 1.47884 -0.0209008 -0.338007 1.20589
0 0 90 1.72765 -0.679832 -0.497251 -0.315827
0 0 91 1.54645 -1.81595 -3.56374 0.13831
0 0 92 -0.135742 -2.31551 -4.06337 2.68243
0 0 93 -2.58872 -1.99769 -2.06424 2.0464
0 0 94 -2.85917 -0.0665692 -0.610912 -1.15634
0 0 95 -2.06675 -1.61091 -1.99616 -4.33649
0 0 96 1.31928 -1.36113 -1.42844 -4.97252
0 0 97 3.15833 -0.589427 1.54688 -2.24651
0 0 98 2.70398 -0.270679 2.11518 0.047364
0 0 99 1.61407 -2.31551 1.11532 -0.179705
0 0 100 0.275341 -0.997647 0.343369 1.63744
0 0 101 -0.54412 0.0918724 -0.769564 1.56968
0 0 102 -0.498144 -0.0889375 -1.20112 0.705982
0 0 103 0.205024 -0.611795 -1.72385 -1.17893
0 0 104 1.56809 0.682767 -3.29083 -1.70142
0 0 105 0.843285 1.84125 -1.74634 -0.679613
0 0 106 -0.725322 -1.77028 0.933578 -0.747377
0 0 107 -0.362919 -2.36118 1.02474 1.66003
0 0 108 1.25166 -3.63244 -0.042606 3.432
0 0 109 2.40919 -4.79093 0.502021 2.02381
0 0 110 0.456542 -4.33704 -1.51902 0.820111
0 0 111 1.02449 -2.63332 -0.519746 0.13831
0 0 112 1.56809 -0.747868 1.7517 1.50132
0 0 113 0.864921 -1.47484 2.0696 0.978821
0 0 114 -0.860546 -0.703132 0.320281 0.729165
0 0 115 -2.95112 -0.907242 0.933578 0.547272
0 0 116 -1.68001 -2.17944 -1.36037 0.887875
0 0 117 -1.7936 -3.65574 -2.7687 1.22848
0 0 118 -0.906523 -2.04243 -3.47257 0.933645
0 0 119 -2.88351 -1.13465 0.184124 2.15994
0 0 120 1.11373 -0.475722 3.47793 0.524684
0 0 121 5.74924 -0.0889375 2.95521 0.683394
0 0 122 13.3353 3.15912 2.43308 0.978821
0 0 123 25.1918 1.77322 0.547604 0.342791
0 0 124 36.6859 1.84125 -1.45094 -0.202293
0 0 125 41.2971 0.81884 -5.8121 -0.633842
0 0 126 39.3201 -1.77028 -7.40217 -2.13297
0 0 127 33.5271 -5.72294 -8.90108 -0.0887584
0 0 128 32.0748 -8.78925 -8.58318 1.1833
0 0 129 36.594 -12.7866 -7.67508 6.06706
0 0 130 56.2881 -19.3284 -4.10896 15.3115
0 0 131 95.7413 -26.8693 -0.156267 22.0582
0 0 132 143.351 -40.6789 9.45166 17.7647
0 0 133 171.697 -55.4205 24.4656 0.047364
0 0 134 155.684 -53.6721 29.8947 -14.6711
0 0 135 106.078 -37.4318 22.0124 -16.8966
0 0 136 55.6525 -18.5101 10.9056 -8.33337
0 0 137 26.4873 -2.97444 5.3859 -0.815735
0 0 138 13.5625 2.59059 0.797422 1.7058
0 0 139 6.17925 3.43126 -0.701486 2.65984
0 0 140 0.68372 0.592362 -0.224346 1.29684
0 0 141 -2.56438 -0.180274 1.32015 1.45555
0 0 142 -3.7246 -1.65658 1.93344 -0.202293
0 0 143 -2.5184 -0.180274 2.29692 0.13831
0 0 144 -0.54412 1.47777 2.43308 0.820111
0 0 145 0.275341 4.13586 0.820509 -1.20151
0 0 146 -0.476508 3.13582 -0.315511 -1.63306
0 0 147 -0.611733 1.65951 1.27456 -1.61048
0 0 148 1.02449 1.29603 1.18399 -1.02022
0 0 149 -0.111402 1.72755 1.25207 -2.11038
0 0 150 -1.06609 0.682767 -1.04247 -0.361598
0 0 151 -1.36088 0.137541 -0.497251 2.72761
0 0 152 -3.24591 1.50107 0.229707 2.45536
0 0 153 -3.58668 1.27366 0.774926 1.024
0 0 154 -2.24795 0.00146747 0.479525 -1.33823
0 0 155 -3.01873 0.047136 0.525108 -2.33745
0 0 156 -3.61102 -0.044201 1.52438 -2.29228
0 0 157 -1.68001 0.955846 2.40999 -2.04203
0 0 158 -0.203354 2.31844 1.7517 -0.270651
0 0 159 -0.746957 2.79563 1.81978 1.50132
0 0 160 -2.11002 2.77233 2.88713 1.91028
0 0 161 -3.1783 3.29519 2.61482 1.50132
0 0 162 -2.36154 2.77233 0.729343 -0.565484
0 0 163 -2.5184 2.54585 -1.81442 -1.15634
0 0 164 -3.06471 2.38648 -2.38213 0.024776
0 0 165 -2.31556 -0.49809 -1.54211 0.00218798
0 0 166 -0.906523 -2.15614 0.388952 0.0931344
0 0 167 0.205024 -2.04243 2.0696 -0.202293
0 0 168 -1.22565 -2.04243 2.22884 -1.15634
0 0 169 -2.61035 -1.4068 2.365 -0.793147
0 0 170 -3.81385 -0.452421 -0.474164 1.75097
0 0 171 -2.74558 1.15996 -2.4508 3.68165
0 0 172 -1.52044 1.22799 1.09282 3.72742
0 0 173 -1.70164 -0.703132 3.68217 3.47717
0 0 174 -1.68001 -1.83832 3.77333 2.70502
0 0 175 -1.11206 -0.861574 3.40985 1.45555
0 0 176 -0.498144 1.95496 1.13841 2.31924
0 0 177 -0.703686 3.54497 0.843005 4.09061
0 0 178 -1.70164 4.8619 1.54688 3.15916
0 0 179 -1.15804 5.65784 0.933578 -0.315827
0 0 180 -0.0437892 2.95407 -1.51902 -0.633842
0 0 181 -0.135742 0.660398 -4.13145 0.729165
0 0 182 -0.54412 0.592362 -3.83605 1.34201
0 0 183 -1.54208 0.228878 -3.15467 0.502096
0 0 184 -2.04241 0.228878 -3.79047 -1.92849
0 0 185 -0.746957 1.31933 -2.4733 -3.22314
0 0 186 -0.452168 1.84125 -1.45094 -2.24651
0 0 187 -1.49881 1.90929 -1.20112 -0.0435824
0 0 188 -2.58872 1.95496 -0.542834 1.72839
0 0 189 -3.19993 2.06867 0.320281 2.50054
0 0 190 -3.47309 2.7276 0.0704632 1.29684
0 0 191 -2.31556 3.29519 -0.474164 1.00141
0 0 192 0.0481636 1.4321 0.752431 1.29684
0 0 193 2.4768 -2.51962 2.27383 0.502096
0 0 194 0.729696 -3.42833 1.18399 0.0931344
0 0 195 -1.56642 -2.51962 -0.315511 -0.406774
0 0 196 -1.83957 -1.61091 -0.747069 -1.36082
0 0 197 -1.86121 0.38732 -0.338007 -2.04203
0 0 198 -1.11206 1.02388 0.139134 -2.36004
0 0 199 -1.36088 -1.65658 0.161629 -2.31486
0 0 200 -2.45079 -3.61007 -0.724574 -2.11038
0 0 201 -3.1783 -1.08898 -2.35964 0.705982
0 0 202 -3.56504 1.86362 -1.86 3.61389
0 0 203 -2.65633 2.40885 0.00238489 2.63726
0 0 204 -1.92882 0.932545 -0.042606 0.56986
0 0 205 -3.29189 0.955846 1.50188 1.06977
0 0 206 -2.85917 1.79559 0.63877 2.86432
0 0 207 -1.38522 1.15996 -0.724574 4.36345
0 0 208 -1.04445 -0.225943 -1.11055 1.97804
0 0 209 -0.998475 -1.13465 -2.7912 -0.588666
0 0 210 0.251001 -3.54203 -1.49652 -2.20133
0 0 211 -1.38522 -3.65574 0.979161 -2.31486
0 0 212 -2.54274 -2.04243 1.61555 -1.49694
0 0 213 -1.24729 -0.7255 1.41072 0.00218798
0 0 214 -1.45283 -0.997647 0.161629 0.956233
0 0 215 -0.974135 -0.679832 -1.83751 1.31942
0 0 216 -4.36016 0.0918724 -3.01852 1.45555
0 0 217 -5.53932 0.00146747 -3.45008 0.751753
0 0 218 -4.97408 -0.0665692 -0.837643 -1.45177
0 0 219 -2.02077 0.0918724 -1.20112 -3.26891
0 0 220 -2.38318 2.29608 -0.292424 -3.01866
0 0 221 -2.54274 1.11429 0.502021 -0.361598
0 0 222 -3.24591 -0.157906 -0.111276 1.06977
0 0 223 -3.42711 0.774104 1.70612 -1.31505
0 0 224 -2.95112 0.296915 0.593187 -1.51953
0 0 225 -3.47309 -0.7255 0.615682 -0.224881
0 0 226 -4.17896 -1.45247 1.43381 -0.860911
0 0 227 -1.49881 -1.33876 3.54601 0.206669
0 0 228 -0.362919 0.546693 2.72848 2.13735
0 0 229 -1.68001 1.54581 2.20576 0.524684
0 0 230 -2.8159 0.706067 1.54688 -1.70142
0 0 231 -2.17763 -0.0665692 0.184124 -3.01866
0 0 232 -0.930863 -2.0881 0.752431 -2.79159
0 0 233 -0.22499 -1.06568 1.1609 -1.86073
0 0 234 1.2733 0.047136 0.706848 -0.565484
0 0 235 2.658 3.43126 -1.92808 -0.611254
0 0 236 3.27192 3.27189 -0.474164 -0.315827
0 0 237 1.9332 -1.27073 -2.81369 -0.179705
0 0 238 1.6357 -2.81507 -3.63182 -3.20055
0 0 239 -0.860546 0.932545 0.0704632 -3.74564
0 0 240 -1.7936 -1.97439 3.70526 -0.929269
0 0 241 -5.15528 -0.52139 -0.292424 -4.3139
0 0 242 -4.22223 0.774104 -0.451668 -2.90512
0 0 243 -3.76788 0.61473 -3.33641 -0.520308
0 0 244 -2.63199 0.115173 -3.74548 -0.179705
0 0 245 -0.771298 -2.49725 -0.610912 -0.769965
0 0 246 -0.54412 -2.33788 -0.86073 1.95545
0 0 247 -2.13436 -3.4507 -0.0201106 1.41037
0 0 248 0.570131 -0.815905 1.1609 0.047364
0 0 249 1.86288 -1.33876 1.70612 -1.33823
0 0 250 -2.13436 -1.02095 0.388952 -0.838323
0 0 251 -2.47513 -0.316348 -0.519746 -1.79237
0 0 252 -1.06609 -0.589427 0.365864 -0.951857
0 0 253 -0.930863 -1.17939 -1.15613 -0.747377
0 0 254 -2.42915 -0.29398 -2.10982 -0.361598
0 0 255 -3.63265 0.84214 0.00238489 -0.157117
0 0 256 -2.58872 3.02211 0.479525 0.229257
0 0 257 -1.15804 1.65951 1.09282 0.592448
0 0 258 1.11373 -1.81595 2.6829 0.592448
0 0 259 1.50048 -2.47488 0.774926 0.978821
0 0 260 -0.0897656 -1.24743 0.888587 2.40959
0 0 261 0.137412 0.319283 2.75097 1.61485
0 0 262 -1.52044 1.09192 2.61482 0.956233
0 0 263 0.205024 0.432988 1.22898 -1.08798
0 0 264 0.818944 -0.0889375 0.433942 -2.04203
0 0 265 -0.452168 1.11429 -0.837643 0.320203
0 0 266 -0.249331 1.38737 -0.701486 -0.133934
0 0 267 0.68372 0.205578 -1.29229 -0.588666
0 0 268 -0.0654251 -0.202643 -1.06497 -0.0204
