0 0 0 16.4367 6.90438 19.2502 5.63257
0 0 1 25.779 -26.0531 -30.4108 -10.3452
0 0 2 20.0676 -5.17094 -23.4193 -1.81317
0 0 3 15.0718 -36.2223 -9.80494 -3.9921
0 0 4 13.6142 -28.1411 -11.3441 -1.08475
0 0 5 18.8882 -9.07409 26.3338 -3.80841
0 0 6 -2.98994 -10.1636 14.1665 -10.6176
0 0 7 -0.273387 13.1705 5.72259 1.36655
0 0 8 -6.89912 11.899 2.54663 -6.25971
0 0 9 5.35849 -15.8839 -11.4363 11.6246
0 0 10 16.7018 16.8007 3.45172 -13.3412
0 0 11 -7.08464 15.7112 14.9849 -4.98972
0 0 12 22.1481 1.36599 56.7494 -17.0657
0 0 13 7.43897 -11.7988 40.5877 -17.4267
0 0 14 9.43994 -27.1426 33.7805 12.4417
0 0 15 5.80904 21.9773 16.3453 7.45046
0 0 16 19.6171 13.8051 -2.72135 -14.0697
0 0 17 11.1626 48.6708 -19.154 -32.6824
0 0 18 1.09152 50.8497 -21.9668 -13.5249
0 0 19 -8.07851 4.36359 -19.5171 -7.98576
0 0 20 -20.5216 39.8639 15.619 3.90969
0 0 21 -30.5 1.82078 -30.0476 4.27074
0 0 22 -19.3423 -24.5998 -58.1923 -2.71895
0 0 23 -6.35581 -22.3299 -53.8348 -5.71498
0 0 24 -0.273387 5.45308 -14.6122 5.99678
0 0 25 -5.26919 45.4023 13.2614 5.54389
0 0 26 5.80904 15.8022 -11.9837 -4.62551
0 0 27 20.0676 -26.1441 -30.1398 -6.25971
0 0 28 10.9904 -13.9778 -40.8546 -8.0776
0 0 29 -0.458907 16.8917 -26.1454 -15.7039
0 0 30 -6.26305 27.9685 -12.9809 -15.9762
0 0 31 0.269924 19.3435 -13.7993 -5.17025
0 0 32 -3.36098 12.6247 -14.7965 -0.996071
0 0 33 11.0831 4.36359 6.71982 1.45839
0 0 34 21.6976 15.2585 28.4204 0.729972
0 0 35 19.0605 0.185538 0.183623 -2.08554
0 0 36 16.609 -22.8756 -4.99222 3.00075
0 0 37 22.7047 -59.4634 -12.3468 1.63892
0 0 38 3.09249 -31.0458 -14.8886 5.08784
0 0 39 -17.6991 13.8961 -12.7966 3.27312
0 0 40 -15.7114 12.9885 -35.5866 3.00075
0 0 41 -9.25789 8.44866 -25.1482 3.09259
0 0 42 -11.2589 25.7895 0.00477226 6.63336
0 0 43 -15.3403 6.26969 -11.3441 6.36099
0 0 44 -5.26919 -18.6976 -25.0561 3.99837
0 0 45 -5.26919 15.6203 -26.6007 -2.53843
0 0 46 -19.6073 33.325 -8.16818 -18.1552
0 0 47 -7.27016 41.9519 9.08282 -14.7949
0 0 48 11.5337 38.7744 13.6246 4.63495
0 0 49 21.9758 3.00123 -5.53419 7.17809
0 0 50 16.7945 11.2623 -9.34968 4.36258
0 0 51 -5.36195 5.81489 -14.3413 8.17571
0 0 52 -7.62795 -28.3231 -21.3327 0.821817
0 0 53 -16.5197 -12.5245 11.0827 -0.540016
0 0 54 -14.9825 8.26675 25.9707 5.90494
0 0 55 3.6358 14.078 38.68 -2.17421
0 0 56 10.5266 31.7827 34.8699 -3.53605
0 0 57 14.714 30.9661 13.5324 -4.62551
0 0 58 8.07504 10.5367 22.5183 -12.4355
0 0 59 -4.99091 -16.7915 17.4346 -9.07522
0 0 60 -8.9001 -31.3186 15.619 -11.8907
0 0 61 -3.99705 -20.1509 16.1664 -11.346
0 0 62 2.17814 -34.6781 -14.7965 7.45046
0 0 63 5.99456 -30.4111 -17.7936 0.821817
0 0 64 6.44511 -27.0517 -11.6206 -14.8868
0 0 65 6.8029 -37.039 -9.71281 -17.2462
0 0 66 9.08215 -46.4805 7.08294 -1.90185
0 0 67 6.8029 -35.5856 1.002 17.1638
0 0 68 5.9018 1.63886 -17.6094 18.4338
0 0 69 -2.36712 26.788 3.99911 14.893
0 0 70 -14.6115 12.4428 6.99623 4.90731
0 0 71 -15.4331 2.72835 -11.3441 3.00075
0 0 72 -7.08464 4.09071 -25.9612 0.277084
0 0 73 1.18428 -8.16653 -19.7014 8.90097
0 0 74 -0.909457 1.18609 -9.16541 11.3523
0 0 75 -8.44955 13.9871 -7.53407 -6.07919
0 0 76 -14.1609 21.0697 -2.62922 -11.1623
0 0 77 -6.07753 9.81103 5.99358 -14.1583
0 0 78 12.342 2.45547 33.7805 -3.44737
0 0 79 22.0686 5.54404 28.4204 -2.90264
0 0 80 9.98325 11.1734 3.36501 -4.89788
0 0 81 -0.538416 -11.6169 10.6274 -0.0871272
0 0 82 -2.91043 -11.8898 6.54097 0.185239
0 0 83 -1.26725 3.18315 -14.3413 0.54945
0 0 84 -9.08562 -16.2477 -13.9781 -3.44737
0 0 85 -9.89396 -24.4179 -8.71016 -3.08316
0 0 86 -7.1774 -12.4335 -9.71281 7.53914
0 0 87 -2.72491 -25.2365 -20.0645 5.17968
0 0 88 -9.98672 -27.0517 -26.1454 -4.8092
0 0 89 -6.80636 -3.5357 -3.26333 6.9944
0 0 90 -1.17449 15.8932 43.8558 17.9809
0 0 91 -7.53519 11.6262 65.1012 13.8954
0 0 92 -20.7072 9.17432 67.1878 12.6254
0 0 93 -10.6228 4.45455 11.0827 0.913661
0 0 94 -0.366147 12.3518 -28.9583 8.08387
0 0 95 -8.17127 32.0556 -24.422 10.8994
0 0 96 -13.7104 21.5225 -37.1312 5.45205
0 0 97 -14.2537 13.7142 -11.3441 4.45443
0 0 98 -7.62795 4.09071 2.09137 2.9089
0 0 99 -3.90429 12.3518 42.6743 6.81388
0 0 100 1.44931 5.99681 55.2969 8.44808
0 0 101 -1.26725 -13.3411 34.2304 1.91128
0 0 102 -18.9712 -15.8839 -2.99234 -6.80445
0 0 103 -16.1619 -15.2492 -22.5142 -6.53208
0 0 104 0.905995 -38.4903 -13.615 -2.17421
0 0 105 11.2554 -32.59 9.80907 -1.5408
0 0 106 2.36366 -23.3284 34.4146 2.82023
0 0 107 1.09152 -15.8839 20.2475 0.277084
0 0 108 3.09249 -12.0697 17.6189 -5.08157
0 0 109 10.8976 1.45694 -1.361 -0.359494
0 0 110 9.34718 27.7866 -24.6008 2.27549
0 0 111 1.44931 15.7112 -5.98945 -4.44499
0 0 112 -2.91043 -4.53423 8.26444 -4.17263
0 0 113 -5.8125 -5.35286 15.1638 -3.35553
0 0 114 -1.45277 2.81931 4.09125 -12.7965
0 0 115 -2.72491 -1.72056 5.35947 -14.342
0 0 116 -8.35679 -0.81299 8.62756 -13.6136
0 0 117 -9.62893 17.7103 -21.3327 -2.53843
0 0 118 -13.7104 19.9803 -17.2462 10.3546
0 0 119 -7.53519 -8.07557 -8.5313 0.457606
0 0 120 -2.44663 -11.5259 -7.07882 -3.08316
0 0 121 1.35654 -0.722031 -7.80506 2.27549
0 0 122 6.35235 -21.8771 14.3508 2.82023
0 0 123 0.905995 -21.0585 18.9792 -0.720538
0 0 124 -12.6238 10.9915 -14.4334 4.63495
0 0 125 -11.9877 34.3255 -4.6291 3.27312
0 0 126 8.80387 11.7171 6.99623 -3.175
0 0 127 4.5369 2.54643 -2.53708 -2.90264
0 0 128 -1.09498 5.27116 -28.3242 4.63495
0 0 129 9.89049 11.3533 -16.4279 4.63495
0 0 130 7.71725 6.99534 18.795 1.81944
0 0 131 9.08215 -11.344 22.9736 -7.80523
0 0 132 5.99456 -4.35231 30.7834 -4.98972
0 0 133 -1.36001 25.9714 46.7608 2.45602
0 0 134 1.54207 27.0609 34.1437 0.54945
0 0 135 3.45028 8.44866 7.44606 0.457606
0 0 136 3.6358 2.54643 -20.3355 1.36655
0 0 137 4.81518 -21.8771 -31.2291 0.0965618
0 0 138 13.4419 1.45694 -18.9751 9.17333
0 0 139 25.4212 27.5157 0.183623 12.7141
0 0 140 37.6788 -15.4291 6.08571 9.35702
0 0 141 64.0095 -31.2277 -18.4277 0.457606
0 0 142 76.1744 8.72154 -22.4221 0.185239
0 0 143 85.2516 -5.89659 -25.598 7.53914
0 0 144 77.9898 -19.4252 -16.791 -0.904227
0 0 145 61.558 -7.44087 12.3509 -0.812382
0 0 146 53.024 -28.9577 17.982 -0.175805
0 0 147 71.5496 -42.6683 25.4233 5.63257
0 0 148 104.228 -40.2165 41.1351 31.4187
0 0 149 167.424 -48.8414 45.5793 75.9063
0 0 150 300.615 -46.8443 57.1125 118.852
0 0 151 524.79 -13.7959 164.613 137.645
0 0 152 742.326 29.6037 267.295 106.05
0 0 153 837.922 37.3211 296.99 14.4401
0 0 154 760.388 51.5754 277.923 -55.1083
0 0 155 552.022 73.0013 207.553 -69.9048
0 0 156 329.847 55.2077 122.572 -34.1329
0 0 157 181.047 38.6835 61.3778 -16.6096
0 0 158 98.5959 36.8663 32.1438 -22.6935
0 0 159 49.8437 11.99 54.1154 -11.4347
0 0 160 27.2367 2.81931 58.565 3.99837
0 0 161 16.4367 9.72007 22.6105 1.63892
0 0 162 3.90083 15.5313 -0.542621 -5.08157
0 0 163 -1.63829 4.72541 -8.43917 0.729972
0 0 164 -2.63215 1.18609 -11.9837 1.45839
0 0 165 -4.54036 9.17432 0.091488 1.91128
0 0 166 -11.8949 12.6247 -16.249 11.536
0 0 167 -7.1774 -21.4223 -18.2435 13.1702
0 0 168 13.5214 -33.3157 23.792 -1.26844
0 0 169 19.7893 -32.3172 39.2274 1.91128
0 0 170 -3.5465 -8.98314 11.2616 3.00075
0 0 171 -11.7094 19.3435 4.90421 5.3602
0 0 172 -2.44663 9.44719 -5.80518 5.45205
0 0 173 3.90083 -5.71467 6.6331 -0.0871272
0 0 174 -1.99608 4.81637 24.063 0.641295
0 0 175 -4.89815 12.4428 30.0572 -4.89788
0 0 176 -1.09498 11.5352 27.5153 -10.4371
0 0 177 -3.45374 24.1563 23.6998 -6.80445
0 0 178 -10.7155 9.90199 26.1496 -21.2399
0 0 179 -3.81153 4.90732 20.4317 -21.6959
0 0 180 -1.90332 30.4203 7.5382 4.72679
0 0 181 1.63483 45.946 15.1638 15.802
0 0 182 1.63483 28.4233 -9.34968 23.4282
0 0 183 -15.8041 3.72688 -3.98957 13.0783
0 0 184 -8.99286 -17.1553 9.17496 -0.267649
0 0 185 13.2564 -26.8697 -7.3498 -1.90185
0 0 186 11.1626 -0.722031 -4.53696 9.4457
0 0 187 -1.81056 10.5367 17.982 19.9793
0 0 188 -5.53422 10.7186 -4.35269 10.7189
0 0 189 8.89663 11.99 -4.53696 -6.53208
0 0 190 5.26573 4.09071 -4.80795 -18.8804
0 0 191 -1.45277 2.0027 -20.9696 -14.2502
0 0 192 -3.45374 19.5255 -9.25755 -0.359494
0 0 193 -12.2527 41.0423 -13.7993 -1.44896
0 0 194 -4.18257 9.99295 -7.71292 -15.8844
0 0 195 9.43994 -13.7959 -0.813607 -17.9715
0 0 196 10.5266 -6.53128 -13.5229 -4.8092
0 0 197 16.609 1.18609 -4.53696 -4.17263
0 0 198 6.44511 10.6276 -4.80795 -7.44102
0 0 199 2.81421 -18.3358 1.09414 0.729972
0 0 200 -2.36712 -24.4179 -12.8888 0.641295
0 0 201 -7.98574 -16.7915 -14.7965 -9.07522
0 0 202 -9.70844 3.72688 -6.1683 -4.71736
0 0 203 -6.63409 3.99976 -14.3413 -0.448171
0 0 204 -3.90429 -9.25601 -7.3498 9.90176
0 0 205 -10.1722 25.7895 -8.34703 7.17809
0 0 206 -9.89396 45.2204 -9.44182 2.9089
0 0 207 2.99973 33.8707 -16.4279 -4.44499
0 0 208 14.2502 11.6262 -7.3498 -8.98338
0 0 209 8.1678 4.54551 24.5182 -9.25574
0 0 210 -5.99802 18.8908 27.5153 -7.34918
0 0 211 -1.99608 13.8961 13.9877 4.36258
0 0 212 5.62352 4.36359 0.638881 5.17968
0 0 213 4.62966 3.99976 -16.52 11.3523
0 0 214 -0.631176 3.54496 -26.2376 10.627
0 0 215 -1.99608 14.2599 -6.89455 13.3507
0 0 216 -15.5258 11.2623 -7.53407 17.9809
0 0 217 -18.0701 25.1548 -8.16818 -0.720538
0 0 218 -10.9011 23.5196 -7.44194 -3.9921
0 0 219 0.813234 -8.34844 -13.5229 -6.71577
0 0 220 -3.26822 -11.1621 -25.5113 -4.17263
0 0 221 -15.8041 -22.2389 -46.2093 5.72441
0 0 222 -5.26919 -0.722031 -6.26044 7.8115
0 0 223 -3.81153 28.1504 18.3451 2.72838
0 0 224 6.8029 10.2638 38.409 0.54945
0 0 225 -3.90429 23.7015 14.3508 -7.44102
0 0 226 -3.5465 6.90438 -14.2491 -8.80286
0 0 227 9.62547 -11.1621 -7.17095 -7.80523
0 0 228 6.18008 7.81397 -1.81084 -9.43943
0 0 229 -3.5465 16.6208 12.0799 -4.98972
0 0 230 -12.2527 20.3421 -1.53985 -5.80682
0 0 231 -14.3465 28.6052 -0.179499 0.54945
0 0 232 -17.6991 10.9915 -0.997878 2.27549
0 0 233 -11.8949 8.17579 -25.4192 -0.0871272
0 0 234 -3.90429 1.72982 -29.3214 5.72441
0 0 235 4.72242 -7.53183 -3.81072 9.35702
0 0 236 13.9852 3.81784 11.6247 5.17968
0 0 237 13.3491 24.791 20.9791 -0.812382
0 0 238 15.8934 30.7842 25.1523 -1.44896
0 0 239 15.8934 30.4203 18.253 -1.08475
0 0 240 3.54304 18.1631 19.2502 -5.53446
0 0 241 -2.98994 -10.7093 13.8955 -14.0697
0 0 242 10.8048 -26.4149 37.4985 0.368928
0 0 243 10.2615 -8.34844 65.1012 3.00075
0 0 244 8.07504 -10.0726 41.9481 -3.08316
0 0 245 9.17491 -20.8765 11.7168 -1.81317
0 0 246 11.8915 -11.5259 28.8757 -0.0871272
0 0 247 5.99456 -0.81299 -8.5313 -9.07522
0 0 248 -0.273387 -1.90248 -26.6874 -11.5265
0 0 249 -17.1558 -32.772 -13.886 4.81547
0 0 250 -11.6166 -23.0555 -12.6178 6.72204
0 0 251 8.53884 -7.25896 -4.90008 0.641295
0 0 252 7.43897 -20.7876 -9.44182 3.27312
0 0 253 15.5224 -19.6072 -9.16541 2.45602
0 0 254 24.3346 -8.25748 4.63322 -0.812382
0 0 255 15.1646 -19.969 15.619 5.27153
0 0 256 6.25959 -21.2404 7.72247 7.45046
0 0 257 9.98325 -15.9749 -10.981 -2.63027
0 0 258 4.35138 -14.2487 2.09137 -2.81079
0 0 259 7.90277 -4.62519 16.4374 6.9944
0 0 260 11.7059 -19.5162 20.887 6.81388
0 0 261 -6.35581 0.367457 13.3482 -0.267649
0 0 262 -8.44955 1.63886 9.44594 -1.44896
0 0 263 10.3543 -21.1494 11.8957 2.54786
0 0 264 9.81099 -2.08237 6.81195 9.62939
0 0 265 8.1678 0.913211 -2.17396 7.53914
0 0 266 12.4348 -32.9539 -13.5229 2.63654
0 0 267 18.5172 -29.0487 7.80919 -0.904227
0 0 268 14.7935 3.99976 -13.886 2.36417
0 0 269 -1.45277 14.078 -41.4887 3.00075
0 0 270 -16.2547 -7.25896 -50.8431 5.45205
0 0 271 -24.1525 -4.62519 -44.2148 6.44967
0 0 272 -22.6021 -8.80122 -8.80229 5.81626
0 0 273 -7.53519 6.90438 30.4203 0.0965618
0 0 274 11.7987 25.9714 21.5211 -0.720538
0 0 275 14.6213 12.9885 16.5295 6.63336
0 0 276 12.077 7.63205 32.9622 9.53755
0 0 277 7.43897 3.54496 38.409 -1.5408
0 0 278 -2.27436 16.8007 10.351 -9.07522
0 0 279 7.81001 15.8022 -3.81072 10.627
0 0 280 15.9729 -2.08237 7.26721 12.2612
0 0 281 10.7121 3.18315 16.8005 1.18603
0 0 282 8.44608 1.72982 22.5183 0.821817
0 0 283 15.1646 -14.2487 0.275759 7.08625
0 0 284 18.2522 -24.5998 -16.52 20.7046
0 0 285 0.813234 -7.53183 5.63045 16.2549
0 0 286 -10.7155 32.5993 6.71982 0.00471731
0 0 287 0.998755 16.9826 6.90409 -9.89232
0 0 288 2.2709 -19.878 25.9707 -7.16866
0 0 289 -4.99091 -30.0472 35.6829 3.90969
0 0 290 -3.99705 -25.5074 12.1721 3.45364
0 0 291 -14.1609 -17.881 20.6106 5.99678
0 0 292 -14.532 -0.903949 20.4317 6.08863
0 0 293 4.98745 26.879 -22.6931 -9.07522
0 0 294 12.8058 12.5337 -34.4972 -11.4347
0 0 295 1.54207 1.27503 -6.71569 -14.1583
0 0 296 -5.99802 -16.9734 -2.99234 -18.6999
0 0 297 -6.7136 -21.0585 -31.0503 -17.2462
0 0 298 -9.35065 17.8013 -26.8717 -8.98338
0 0 299 -7.34967 20.524 -8.80229 6.90572
0 0 300 -8.80734 -5.07998 -23.6957 7.53914
0 0 301 -8.35679 -28.0502 -28.232 3.99837
0 0 302 -9.8012 -25.6893 -18.0646 -3.62789
0 0 303 -9.53617 -21.966 1.82038 2.0918
0 0 304 -12.4382 -35.9495 10.7142 22.703
0 0 305 -17.8846 -26.1441 -2.81349 15.1654
0 0 306 -9.89396 6.36065 4.36224 -3.53605
0 0 307 -10.3445 20.9788 -13.1598 -5.98735
0 0 308 -22.3371 10.8096 -17.5172 -9.34759
0 0 309 -17.6196 11.6262 -6.35257 -5.26209
