0 0 0 -0.00276068
0 0 1 -0.0359814
0 0 2 0.0271249
0 0 3 -0.0280523
0 0 4 -0.00137104
0 0 5 -0.0327771
0 0 6 -0.0290168
0 0 7 0.0668852
0 0 8 -0.0496
0 0 9 -0.00897323
0 0 10 -0.0104773
0 0 11 0.0183456
0 0 12 0.0347434
0 0 13 0.0554247
0 0 14 0.0300186
0 0 15 0.0100895
0 0 16 0.00184967
0 0 17 -0.0311585
0 0 18 -0.0114419
0 0 19 -0.00468984
0 0 20 0.00516848
0 0 21 0.0437353
0 0 22 -0.0139106
0 0 23 0.0242475
0 0 24 0.00912489
0 0 25 -0.0251585
0 0 26 -0.00426477
0 0 27 0.0523184
0 0 28 0.0195227
0 0 29 -0.00640647
0 0 30 0.0342039
0 0 31 0.00538101
0 0 32 -0.0431585
0 0 33 0.00119572
0 0 34 0.010629
0 0 35 -0.00727295
0 0 36 -0.00351273
0 0 37 -0.00748549
0 0 38 -0.00706042
0 0 39 0.0223184
0 0 40 0.0202748
0 0 41 -0.00416668
0 0 42 -0.0160523
0 0 43 -7.94829e-05
0 0 44 -0.00640647
0 0 45 0.0191957
0 0 46 -0.00245006
0 0 47 -0.0113438
0 0 48 0.0213538
0 0 49 0.00474341
0 0 50 0.0425582
0 0 51 0.0162039
0 0 52 0.0301331
0 0 53 0.0464165
0 0 54 -0.0284773
0 0 55 0.00954996
0 0 56 -0.026025
0 0 57 0.00495595
0 0 58 0.040629
0 0 59 -0.0152021
0 0 60 0.0558497
0 0 61 -0.00223752
0 0 62 -0.00555633
0 0 63 0.00538101
0 0 64 0.052956
0 0 65 0.0396644
0 0 66 -0.00758358
0 0 67 0.0334519
0 0 68 0.0256372
0 0 69 -0.0482103
0 0 70 -0.0005209
0 0 71 0.0543456
0 0 72 -0.00897323
0 0 73 0.00559355
0 0 74 0.0389287
0 0 75 -0.0128315
0 0 76 0.00869982
0 0 77 -0.0303084
0 0 78 -0.000308366
0 0 79 0.0138497
0 0 80 -0.0102648
0 0 81 0.0382748
0 0 82 -0.0626627
0 0 83 -0.0160523
0 0 84 -0.0715564
0 0 85 0.0271249
0 0 86 0.000443678
0 0 87 -0.0471313
0 0 88 -0.0147607
0 0 89 0.011381
0 0 90 -0.0276272
0 0 91 -0.0109024
0 0 92 -0.00341464
0 0 93 0.0191957
0 0 94 0.0191957
0 0 95 0.0334519
0 0 96 0.016956
0 0 97 0.0125581
0 0 98 -0.0139106
0 0 99 -0.0434855
0 0 100 0.0359206
0 0 101 0.0348415
0 0 102 -0.0106898
0 0 103 0.0122312
0 0 104 -0.00416668
0 0 105 0.0266017
0 0 106 -0.0109024
0 0 107 0.0471685
0 0 108 -0.0059814
0 0 109 0.0365582
0 0 110 0.0333538
0 0 111 0.00354995
0 0 112 0.0621767
0 0 113 -0.00405224
0 0 114 0.0654955
0 0 115 0.0170541
0 0 116 -0.000733435
0 0 117 0.0626018
0 0 118 0.0497516
0 0 119 0.0503892
0 0 120 0.0414955
0 0 121 0.0816808
0 0 122 0.125724
0 0 123 0.169981
0 0 124 0.363191
0 0 125 0.525224
0 0 126 0.670973
0 0 127 0.879616
0 0 128 0.999862
0 0 129 0.997197
0 0 130 0.951208
0 0 131 0.81136
0 0 132 0.697442
0 0 133 0.552117
0 0 134 0.408199
0 0 135 0.278864
0 0 136 0.209103
0 0 137 0.172024
0 0 138 0.109866
0 0 139 0.0868307
0 0 140 0.0483456
0 0 141 0.029381
0 0 142 0.059283
0 0 143 0.0434247
0 0 144 -0.012619
0 0 145 0.0158769
0 0 146 0.0175936
0 0 147 -0.018619
0 0 148 0.0667871
0 0 149 0.01846
0 0 150 -0.0135836
0 0 151 0.0272393
0 0 152 0.00345186
0 0 153 -0.0093002
0 0 154 -0.00983971
0 0 155 -0.0217416
0 0 156 0.0345309
0 0 157 -0.00694598
0 0 158 -0.020025
0 0 159 0.0227434
0 0 160 0.0266017
0 0 161 0.0225309
0 0 162 0.0216644
0 0 163 -0.00897323
0 0 164 0.0138497
0 0 165 0.0211249
0 0 166 -0.0329896
0 0 167 0.0359206
0 0 168 0.0364601
0 0 169 0.0470704
0 0 170 0.0108415
0 0 171 0.00902679
0 0 172 0.0539206
0 0 173 0.0159914
0 0 174 -0.0125209
0 0 175 0.016629
0 0 176 0.0266998
0 0 177 0.017708
0 0 178 0.0159914
0 0 179 0.0206017
0 0 180 -0.00652091
0 0 181 0.0295936
0 0 182 -0.0287062
0 0 183 -0.0356708
0 0 184 -0.0304065
0 0 185 -0.00158357
0 0 186 -0.00480428
0 0 187 -0.00586696
0 0 188 0.00601862
0 0 189 -0.0418833
0 0 190 -0.00426477
0 0 191 -0.0253711
0 0 192 -0.0147607
0 0 193 0.0493102
0 0 194 0.00731017
0 0 195 0.00719573
0 0 196 -0.0158397
0 0 197 0.0153374
0 0 198 0.00806222
0 0 199 -0.00586696
0 0 200 0.0180186
0 0 201 -0.00951274
0 0 202 0.0300186
0 0 203 0.0118061
0 0 204 0.0190977
0 0 205 0.0273538
0 0 206 0.0384873
0 0 207 0.0125581
0 0 208 -0.0166899
0 0 209 0.0312121
0 0 210 0.0111685
0 0 211 0.0128851
0 0 212 0.0217789
0 0 213 0.00269981
0 0 214 0.0347434
0 0 215 -0.0291313
0 0 216 0.00547911
0 0 217 0.0313102
0 0 218 -0.00223752
0 0 219 -0.0352294
0 0 220 -0.012946
0 0 221 -0.0176544
0 0 222 0.017708
0 0 223 -0.0158397
0 0 224 0.00773524
0 0 225 -0.00372526
0 0 226 -0.036946
0 0 227 -0.0224773
0 0 228 -0.0344937
0 0 229 -0.0183084
0 0 230 0.00623115
0 0 231 -0.0268752
0 0 232 0.016956
0 0 233 0.0673266
0 0 234 0.00354995
0 0 235 0.0232829
0 0 236 -0.0535564
0 0 237 0.0159914
0 0 238 -0.0344937
0 0 239 0.035283
0 0 240 -0.0217416
0 0 241 0.0576808
0 0 242 -0.0159542
0 0 243 -0.0032021
0 0 244 0.0350704
0 0 245 -0.0039378
0 0 246 -0.00833562
0 0 247 -0.0269896
0 0 248 0.0333538
0 0 249 0.00441644
0 0 250 -0.0150877
0 0 251 0.0228415
0 0 252 -0.00812309
0 0 253 -0.0269896
0 0 254 -0.00351273
0 0 255 0.010302
