0 0 0 -0.0611981
0 0 1 -0.0586486
0 0 2 -0.0455535
0 0 3 -0.00355189
0 0 4 0.0124748
0 0 5 0.045883
0 0 6 0.0140588
0 0 7 -0.0345633
0 0 8 -0.0255739
0 0 9 -0.0312218
0 0 10 -0.0374671
0 0 11 -0.00151641
0 0 12 0.0684121
0 0 13 0.067252
0 0 14 0.0709755
0 0 15 0.0262577
0 0 16 -0.00380892
0 0 17 -0.0284083
0 0 18 -0.0192243
0 0 19 0.00774394
0 0 20 0.0341217
0 0 21 0.0378383
0 0 22 0.053476
0 0 23 -0.0135069
0 0 24 -0.0595933
0 0 25 -0.0390719
0 0 26 -0.0169943
0 0 27 -0.0421772
0 0 28 0.000803884
0 0 29 0.042604
0 0 30 0.0564841
0 0 31 0.076026
0 0 32 0.0693986
0 0 33 0.0826882
0 0 34 0.051642
0 0 35 0.0305579
0 0 36 0.0198248
0 0 37 0.0309678
0 0 38 0.0194566
0 0 39 0.028842
0 0 40 -0.00904002
0 0 41 -0.0176265
0 0 42 -0.025428
0 0 43 -0.0265881
0 0 44 -0.0244276
0 0 45 0.0333923
0 0 46 0.0609441
0 0 47 0.0576304
0 0 48 0.0576373
0 0 49 0.0207348
0 0 50 0.00277683
0 0 51 -0.0347092
0 0 52 -0.000912025
0 0 53 0.060034
0 0 54 0.0670783
0 0 55 0.0668907
0 0 56 0.0567411
0 0 57 0.0245279
0 0 58 -0.0856168
0 0 59 -0.068034
0 0 60 -0.0639213
0 0 61 -0.0102002
0 0 62 0.0183242
0 0 63 0.0906008
0 0 64 0.109754
0 0 65 0.0945259
0 0 66 0.0419996
0 0 67 0.000796937
0 0 68 -0.0331739
0 0 69 -0.0351191
0 0 70 -0.00835226
0 0 71 0.00767447
0 0 72 0.0158858
0 0 73 0.0311345
0 0 74 0.00634064
0 0 75 -0.063574
0 0 76 -0.0795799
0 0 77 -0.0748837
0 0 78 -0.103582
0 0 79 -0.0813097
0 0 80 -0.046144
0 0 81 0.000352329
0 0 82 0.0116898
0 0 83 0.0226383
0 0 84 -0.0168068
0 0 85 -0.0183559
0 0 86 -0.0273315
0 0 87 -0.0378701
0 0 88 -0.0429344
0 0 89 -0.013632
0 0 90 0.0213392
0 0 91 -0.0450533
0 0 92 -0.0930918
0 0 93 -0.0926889
0 0 94 -0.119831
0 0 95 -0.145208
0 0 96 -0.100282
0 0 97 -0.04968
0 0 98 0.029231
0 0 99 0.0419371
0 0 100 -0.0576621
0 0 101 -0.044567
0 0 102 -0.00256541
0 0 103 0.0134613
0 0 104 0.0468694
0 0 105 0.0150452
0 0 106 -0.0335768
0 0 107 -0.0245805
0 0 108 -0.0302353
0 0 109 -0.0364807
0 0 110 -0.00052994
0 0 111 0.0693986
0 0 112 0.0682384
0 0 113 0.071962
0 0 114 0.0272442
0 0 115 -0.00282245
0 0 116 -0.0274218
0 0 117 -0.0182309
0 0 118 0.00873041
0 0 119 0.0351082
0 0 120 0.0388248
0 0 121 0.0544625
0 0 122 -0.0125205
0 0 123 -0.0586069
0 0 124 -0.0380854
0 0 125 -0.0160079
0 0 126 -0.0411907
0 0 127 0.00179036
0 0 128 0.0435974
0 0 129 0.0574706
0 0 130 0.0770125
0 0 131 0.070385
0 0 132 0.0836747
0 0 133 0.0526285
0 0 134 0.0315444
0 0 135 0.0208112
0 0 136 0.0319542
0 0 137 0.0204431
0 0 138 0.0298285
0 0 139 -0.00805354
0 0 140 -0.01664
0 0 141 -0.0244415
0 0 142 -0.0256017
0 0 143 -0.0234412
0 0 144 0.0343787
0 0 145 0.0619305
0 0 146 0.0586168
0 0 147 0.0586307
0 0 148 0.0217213
0 0 149 0.00376331
0 0 150 -0.0337227
0 0 151 7.44487e-05
0 0 152 0.0610205
0 0 153 0.0680647
0 0 154 0.0678772
0 0 155 0.0577346
0 0 156 0.0255144
0 0 157 -0.0846303
0 0 158 -0.0670405
0 0 159 -0.0629349
0 0 160 -0.00921369
0 0 161 0.0193176
0 0 162 0.0915873
0 0 163 0.11074
0 0 164 0.0955193
0 0 165 0.0429861
0 0 166 0.00178341
0 0 167 -0.0321874
0 0 168 -0.0341326
0 0 169 -0.00736579
0 0 170 0.00866094
0 0 171 0.0168723
0 0 172 0.032121
0 0 173 0.00732712
0 0 174 -0.0625875
0 0 175 -0.0785934
0 0 176 -0.0738972
0 0 177 -0.102595
0 0 178 -0.0803232
0 0 179 -0.0451575
0 0 180 0.0013388
0 0 181 0.0126763
0 0 182 0.0236248
0 0 183 -0.0158203
0 0 184 -0.0173695
0 0 185 -0.026345
0 0 186 -0.0368836
0 0 187 -0.041948
0 0 188 -0.0126455
0 0 189 0.0223257
0 0 190 -0.0440668
0 0 191 -0.0921053
0 0 192 -0.0917024
0 0 193 -0.118844
0 0 194 -0.144222
0 0 195 -0.0992885
0 0 196 -0.0486935
0 0 197 0.0302175
0 0 198 0.0429236
0 0 199 0.0153995
0 0 200 -0.00412154
0 0 201 0.00623644
0 0 202 -0.059767
0 0 203 -0.0732373
0 0 204 -0.0652204
0 0 205 -0.00290581
0 0 206 -0.00171788
0 0 207 0.0273901
0 0 208 0.0643134
0 0 209 0.0766304
0 0 210 0.0407005
0 0 211 0.062389
0 0 212 0.0553726
0 0 213 0.0840915
0 0 214 0.096214
0 0 215 0.0934838
0 0 216 0.0602911
0 0 217 0.0323711
0 0 218 -0.026602
0 0 219 -0.0133124
0 0 220 0.00388835
0 0 221 0.0203041
0 0 222 0.0601591
0 0 223 0.0517671
0 0 224 0.0113494
0 0 225 -0.0462551
0 0 226 -0.0896044
0 0 227 -0.121436
0 0 228 -0.102088
0 0 229 -0.0673115
0 0 230 -0.0299991
0 0 231 0.00438854
0 0 232 0.0176782
0 0 233 0.00402035
0 0 234 -0.00417712
0 0 235 0.0177059
0 0 236 0.020457
0 0 237 0.0259312
0 0 238 0.0607079
0 0 239 0.0238054
0 0 240 0.0146354
0 0 241 -0.021489
0 0 242 -0.0759744
0 0 243 -0.124596
0 0 244 -0.130835
0 0 245 -0.131995
0 0 246 -0.0886249
0 0 247 -0.070257
0 0 248 -0.0311871
0 0 249 0.0180463
0 0 250 -0.0399542
0 0 251 -0.0995108
0 0 252 -0.0940366
0 0 253 -0.0858252
0 0 254 -0.0764398
0 0 255 -0.0213501
0 0 256 0.0386234
0 0 257 0.0851196
0 0 258 0.0683287
0 0 259 0.00545143
0 0 260 -0.0689579
0 0 261 -0.0978505
0 0 262 -0.127334
0 0 263 -0.120296
0 0 264 -0.0722369
0 0 265 -0.0413644
0 0 266 -0.0192868
0 0 267 -0.0725981
0 0 268 -0.114384
0 0 269 -0.136247
0 0 270 -0.0694442
0 0 271 -0.0418924
0 0 272 0.0522603
0 0 273 0.0778531
0 0 274 0.111067
0 0 275 0.0733792
0 0 276 0.00561816
0 0 277 -0.0535495
0 0 278 -0.0326459
0 0 279 -0.02267
0 0 280 0.0275359
0 0 281 0.0560603
0 0 282 0.102946
0 0 283 0.0929906
0 0 284 0.0396793
0 0 285 -0.0558142
0 0 286 -0.0520975
0 0 287 -0.0518891
0 0 288 -0.0214126
0 0 289 0.0145381
0 0 290 0.0114189
0 0 291 0.0288142
0 0 292 -0.00301002
0 0 293 -0.0873744
0 0 294 -0.110216
0 0 295 -0.087159
0 0 296 -0.0711323
0 0 297 -0.0148755
0 0 298 0.0347469
0 0 299 0.0456885
0 0 300 0.0652304
0 0 301 0.0238332
0 0 302 -0.017953
0 0 303 0.0117454
0 0 304 0.0752341
0 0 305 0.0982912
0 0 306 0.102987
0 0 307 0.0936228
0 0 308 0.089531
0 0 309 0.0301689
0 0 310 0.013378
0 0 311 0.0165111
0 0 312 0.0499261
0 0 313 0.0331352
0 0 314 0.0392
0 0 315 0.0597214
0 0 316 0.0661752
0 0 317 0.0407908
0 0 318 0.00290883
0 0 319 -0.0359458
0 0 320 -0.0451158
0 0 321 -0.00877603
0 0 322 0.0150591
0 0 323 0.0369491
0 0 324 0.0760191
0 0 325 0.0647024
0 0 326 -0.0274774
0 0 327 -0.0649634
0 0 328 -0.0481586
0 0 329 -0.034869
0 0 330 -0.0184532
0 0 331 0.0717953
0 0 332 0.0987566
0 0 333 0.109115
0 0 334 0.0813891
0 0 335 0.0593324
0 0 336 0.0120789
0 0 337 0.00544448
0 0 338 -0.00294055
0 0 339 0.0404296
0 0 340 0.0584084
0 0 341 0.0662307
0 0 342 0.0455356
0 0 343 0.0252295
0 0 344 0.00610445
0 0 345 -0.0356887
0 0 346 -0.0432957
0 0 347 -0.0346883
0 0 348 0.00945985
0 0 349 0.0190398
0 0 350 0.0462025
0 0 351 0.0786311
0 0 352 0.0702461
0 0 353 0.0341217
0 0 354 -0.0172375
0 0 355 -0.0156675
0 0 356 0.000359276
0 0 357 0.0144339
0 0 358 0.03788
0 0 359 0.0496135
0 0 360 0.0380954
0 0 361 0.000414852
0 0 362 -0.0218433
0 0 363 -0.0487908
0 0 364 -0.0392039
0 0 365 -0.000328477
0 0 366 -0.00969303
0 0 367 -0.0147643
0 0 368 0.00556258
0 0 369 -0.00868572
0 0 370 -0.0450046
0 0 371 -0.0780029
0 0 372 -0.00651131
0 0 373 -0.00025206
0 0 374 0.0304259
0 0 375 0.0515309
0 0 376 0.118722
0 0 377 0.0464665
0 0 378 0.0355389
0 0 379 0.03028
0 0 380 -0.0119022
0 0 381 -0.0345425
0 0 382 0.015073
0 0 383 0.0369561
0 0 384 0.0133363
0 0 385 0.049287
0 0 386 0.0617916
0 0 387 0.0461817
0 0 388 0.0116204
0 0 389 0.0594783
0 0 390 0.104606
0 0 391 0.107545
0 0 392 0.0956443
0 0 393 0.147212
0 0 394 0.103279
0 0 395 0.0441115
0 0 396 0.0126763
0 0 397 -0.000397947
0 0 398 -0.0289084
0 0 399 -0.0236218
0 0 400 -0.0365015
0 0 401 -0.0105197
0 0 402 -0.00992229
0 0 403 -0.00854678
0 0 404 -0.0345077
0 0 405 -0.0612606
0 0 406 -0.0530493
0 0 407 -0.0221768
0 0 408 -0.0522434
0 0 409 -0.00458004
0 0 410 0.0561715
0 0 411 0.0149758
0 0 412 -0.019002
0 0 413 -0.0238719
0 0 414 -0.0324584
0 0 415 -0.0119439
0 0 416 -0.000210378
0 0 417 0.00370773
0 0 418 0.0185604
0 0 419 0.0384914
0 0 420 -0.00564293
0 0 421 0.00901524
0 0 422 -0.0101099
0 0 423 -0.0190854
0 0 424 -0.0317706
0 0 425 0.0338647
0 0 426 0.0664878
0 0 427 0.0944286
0 0 428 0.125107
0 0 429 0.128434
0 0 430 0.0235623
0 0 431 -0.0330697
0 0 432 0.000532951
0 0 433 -0.00589997
0 0 434 -0.0371406
0 0 435 0.0484186
0 0 436 0.0999862
0 0 437 0.079298
0 0 438 0.0587975
0 0 439 0.0763873
0 0 440 0.0885028
0 0 441 0.0621459
0 0 442 0.0912608
0 0 443 0.0897047
0 0 444 0.0721357
0 0 445 0.0399224
0 0 446 -0.000495205
0 0 447 -0.0702153
0 0 448 -0.0842691
0 0 449 -0.0262477
0 0 450 -0.000654986
0 0 451 0.0895935
0 0 452 0.183739
0 0 453 0.273592
0 0 454 0.235522
0 0 455 0.211895
0 0 456 0.129289
0 0 457 0.078909
0 0 458 0.0113425
0 0 459 -0.00173872
0 0 460 -0.0288737
0 0 461 0.0103907
0 0 462 0.027008
0 0 463 0.0139268
0 0 464 -0.00266267
0 0 465 -0.0337088
0 0 466 -0.0307702
0 0 467 -0.0748976
0 0 468 -0.0631711
0 0 469 -0.0328891
0 0 470 0.0151703
0 0 471 0.0245557
0 0 472 0.0288628
0 0 473 -0.00979724
0 0 474 -0.0398708
0 0 475 0.00115818
0 0 476 -0.0113325
0 0 477 -0.0203081
0 0 478 0.0359557
0 0 479 0.0896769
0 0 480 0.015858
0 0 481 -0.0298393
0 0 482 -0.0413505
0 0 483 -0.0442683
0 0 484 -0.0499231
0 0 485 -0.00303781
0 0 486 0.0176712
0 0 487 0.0409298
0 0 488 0.0231663
0 0 489 0.00676441
0 0 490 -0.0299435
0 0 491 -0.0320832
0 0 492 -0.0156675
0 0 493 -0.0187797
0 0 494 -0.050993
0 0 495 -0.00196102
0 0 496 0.0209016
0 0 497 -0.0218642
0 0 498 -0.0277136
0 0 499 0.00237391
0 0 500 0.0101962
0 0 501 0.0201652
0 0 502 0.0322877
0 0 503 0.0461609
0 0 504 0.0532051
0 0 505 0.0227495
0 0 506 -0.0399403
0 0 507 -0.00867877
0 0 508 0.00402729
0 0 509 -0.00846342
0 0 510 0.0352957
0 0 511 0.0683148
0 0 512 0.0747686
0 0 513 0.0527119
0 0 514 0.0308427
0 0 515 -0.0386759
0 0 516 -0.0748003
0 0 517 -0.0753769
0 0 518 -0.0718479
0 0 519 -0.0425454
0 0 520 0.0273901
0 0 521 0.108066
0 0 522 0.0858074
0 0 523 0.0342537
0 0 524 0.0205889
0 0 525 -0.0268591
0 0 526 -0.0334865
0 0 527 0.00128323
0 0 528 0.0692666
0 0 529 0.0817781
0 0 530 0.115186
0 0 531 0.0663627
0 0 532 0.0523159
0 0 533 0.0581792
0 0 534 0.0156149
0 0 535 0.0173794
0 0 536 0.050204
0 0 537 0.0597839
0 0 538 0.10296
0 0 539 0.164885
0 0 540 0.118799
0 0 541 0.0902952
0 0 542 0.0731152
0 0 543 0.0410965
0 0 544 0.0385678
0 0 545 0.0338855
0 0 546 0.08546
0 0 547 0.1175
0 0 548 0.10189
0 0 549 0.040763
0 0 550 0.0147951
0 0 551 -0.0228854
0 0 552 -0.0289362
0 0 553 -0.0357582
0 0 554 0.00526386
0 0 555 0.0636742
0 0 556 0.0648552
0 0 557 0.013503
0 0 558 -0.0204748
0 0 559 -0.0317914
0 0 560 -0.0716256
0 0 561 -0.04076
0 0 562 -0.00637237
0 0 563 0.0315305
0 0 564 0.0127875
0 0 565 0.0319403
0 0 566 -0.00555262
0 0 567 -0.0631572
0 0 568 -0.0811152
0 0 569 -0.0389191
0 0 570 -0.0283596
0 0 571 -0.014681
0 0 572 0.0368936
0 0 573 0.0161984
0 0 574 -0.0228576
0 0 575 -0.0863185
0 0 576 -0.104478
0 0 577 -0.0786837
0 0 578 -0.0341395
0 0 579 -0.0138196
0 0 580 0.0350179
0 0 581 0.067252
0 0 582 -0.000314583
0 0 583 -0.0272551
0 0 584 -0.0219753
0 0 585 -0.00184292
0 0 586 -0.012972
0 0 587 0.0370394
0 0 588 0.0597075
0 0 589 0.0804235
0 0 590 0.0900034
0 0 591 0.0540735
0 0 592 0.0318153
0 0 593 -0.00215554
0 0 594 0.0154343
0 0 595 0.00879988
0 0 596 0.00431907
0 0 597 -0.00270435
0 0 598 0.0539484
0 0 599 0.0145034
0 0 600 -0.00853289
0 0 601 0.0362058
0 0 602 0.0545737
0 0 603 -0.00283634
0 0 604 0.044827
0 0 605 0.0786242
0 0 606 0.0868425
0 0 607 0.0841123
0 0 608 0.0974089
0 0 609 0.0130445
0 0 610 0.0187133
0 0 611 0.0200957
0 0 612 0.0708852
0 0 613 0.133978
0 0 614 0.177737
0 0 615 0.125211
0 0 616 0.117604
0 0 617 0.0334339
0 0 618 -0.0122565
0 0 619 -0.0081508
0 0 620 0.0610066
0 0 621 0.0725386
0 0 622 0.0991109
0 0 623 0.083494
0 0 624 0.0760816
0 0 625 0.026876
0 0 626 -0.0338617
0 0 627 -0.0565019
0 0 628 -0.0529798
0 0 629 -0.0512153
0 0 630 -0.0447545
0 0 631 -0.00158588
0 0 632 0.0249933
0 0 633 0.029884
0 0 634 0.0117315
0 0 635 -0.0607257
0 0 636 -0.0825879
0 0 637 -0.103089
0 0 638 -0.0763148
0 0 639 -0.099747
0 0 640 -0.0399681
0 0 641 -0.0173
0 0 642 0.0145451
0 0 643 -0.0170846
0 0 644 0.00616697
0 0 645 0.0225827
0 0 646 0.0163374
0 0 647 0.0143992
0 0 648 0.00503461
0 0 649 0.0210613
0 0 650 0.0103282
0 0 651 -0.0453312
0 0 652 -0.0855543
0 0 653 -0.0644493
0 0 654 -0.0382661
0 0 655 -0.0198982
0 0 656 0.0705448
0 0 657 0.107072
0 0 658 0.12271
0 0 659 0.0652998
0 0 660 0.00827886
0 0 661 -0.0708128
0 0 662 -0.0620179
0 0 663 -0.0567312
0 0 664 -0.0555502
0 0 665 -0.0141322
0 0 666 0.0554073
0 0 667 0.0165527
0 0 668 -0.00160673
0 0 669 0.014809
0 0 670 0.000762202
0 0 671 0.00408982
0 0 672 0.0388665
0 0 673 0.0435627
0 0 674 0.0724761
0 0 675 0.0756161
0 0 676 0.0414438
0 0 677 0.0340314
0 0 678 -0.001308
0 0 679 -0.0309856
0 0 680 0.0348442
0 0 681 0.0801664
0 0 682 0.073928
0 0 683 0.123939
0 0 684 0.170234
0 0 685 0.135673
0 0 686 0.0819726
0 0 687 0.0735876
0 0 688 0.0579708
0 0 689 0.0779017
0 0 690 0.0734209
0 0 691 0.0691346
0 0 692 0.0654318
0 0 693 0.0714966
0 0 694 0.0293213
0 0 695 -0.0198912
0 0 696 0.00863315
0 0 697 0.0193871
0 0 698 0.0207626
0 0 699 0.0215546
0 0 700 0.090316
0 0 701 0.100681
0 0 702 0.113582
0 0 703 0.0602702
0 0 704 0.0430903
0 0 705 0.0329477
0 0 706 -0.0133333
0 0 707 -0.00160673
0 0 708 0.0234025
0 0 709 0.0175531
0 0 710 0.0154134
0 0 711 0.0292935
0 0 712 0.0296965
0 0 713 0.0355667
0 0 714 0.0988539
0 0 715 0.0871482
0 0 716 0.0728999
0 0 717 0.0940049
0 0 718 0.111588
0 0 719 0.0768319
0 0 720 0.0200054
0 0 721 0.0414994
0 0 722 0.0200262
0 0 723 0.00265873
0 0 724 0.00716039
0 0 725 0.0796315
0 0 726 0.116749
0 0 727 0.11363
0 0 728 0.100945
0 0 729 0.0452925
0 0 730 0.0482311
0 0 731 0.0562479
0 0 732 0.0412215
0 0 733 0.0398669
0 0 734 0.0955401
0 0 735 0.0535594
0 0 736 -0.0183073
0 0 737 -0.0350982
0 0 738 -0.0428997
0 0 739 -0.0792186
0 0 740 -0.0682701
0 0 741 -0.0547791
0 0 742 -0.0243026
0 0 743 -0.0231216
0 0 744 -0.00104402
0 0 745 -0.029353
0 0 746 -0.00649047
0 0 747 -0.0166331
0 0 748 0.000171707
0 0 749 -0.00430911
0 0 750 0.0128847
0 0 751 0.0515656
0 0 752 0.0341981
0 0 753 -0.00446889
0 0 754 -0.0558211
0 0 755 -0.0472207
0 0 756 -0.0952592
0 0 757 -0.0692705
0 0 758 0.00613223
0 0 759 0.0411034
0 0 760 0.0637646
0 0 761 0.0413188
0 0 762 0.0278486
0 0 763 -0.000654986
0 0 764 0.0370464
0 0 765 0.0597145
0 0 766 0.107968
0 0 767 0.117743
0 0 768 0.142168
0 0 769 0.119132
0 0 770 0.0867174
0 0 771 0.0765748
0 0 772 0.0441601
0 0 773 0.0568662
0 0 774 0.105315
0 0 775 0.115867
0 0 776 0.0881485
0 0 777 0.134638
0 0 778 0.0977354
0 0 779 0.00907082
0 0 780 -0.0295892
0 0 781 -0.0274287
0 0 782 -0.0153132
0 0 783 0.00383972
0 0 784 0.0550252
0 0 785 0.0937061
0 0 786 0.114026
0 0 787 0.0706768
0 0 788 0.017171
0 0 789 -0.00273909
0 0 790 -0.0167929
0 0 791 -0.00155115
0 0 792 0.0133015
0 0 793 0.0668282
0 0 794 0.0699682
0 0 795 0.0356014
0 0 796 -0.000717509
0 0 797 -0.0329377
0 0 798 -0.0745294
0 0 799 -0.0704168
0 0 800 0.00674357
0 0 801 0.0370255
0 0 802 0.0511002
0 0 803 0.0628267
0 0 804 0.0929142
0 0 805 -4.36503e-05
0 0 806 -0.0394818
0 0 807 -0.0281443
0 0 808 0.0550669
0 0 809 0.0400336
0 0 810 0.0525451
0 0 811 0.0888849
0 0 812 0.113894
0 0 813 0.0373451
0 0 814 0.0125513
0 0 815 0.0336493
0 0 816 0.0371784
0 0 817 0.030544
0 0 818 0.0403254
0 0 819 0.0307594
0 0 820 0.0729624
0 0 821 0.0481616
0 0 822 0.0245418
0 0 823 0.0143922
0 0 824 0.0130376
0 0 825 -0.0182031
0 0 826 -0.0219059
0 0 827 -0.00333653
0 0 828 0.0154204
0 0 829 0.0562548
0 0 830 0.0416106
0 0 831 0.000609368
0 0 832 -0.0689162
0 0 833 -0.0700764
0 0 834 -0.0768983
0 0 835 -0.0749393
0 0 836 -0.0122356
0 0 837 0.0233261
0 0 838 0.0401309
0 0 839 -0.0157161
0 0 840 -0.0446156
0 0 841 -0.0643312
0 0 842 -0.0344383
0 0 843 -0.0803301
0 0 844 -0.0264075
0 0 845 0.0442991
0 0 846 0.0702878
0 0 847 0.0742059
0 0 848 0.0542958
0 0 849 0.029106
0 0 850 -0.0318192
0 0 851 -0.0400097
0 0 852 -0.0413714
0 0 853 0.00688251
0 0 854 0.0301341
0 0 855 0.0795551
0 0 856 0.0272233
0 0 857 -0.000502152
0 0 858 -0.0198287
0 0 859 -0.0219614
0 0 860 -0.0284013
0 0 861 0.0345038
0 0 862 0.07943
0 0 863 0.0919416
0 0 864 0.0470292
0 0 865 0.0372756
0 0 866 0.00174173
0 0 867 -0.0585999
0 0 868 -0.0265604
0 0 869 0.0269663
0 0 870 0.042208
0 0 871 0.0623335
0 0 872 0.124259
0 0 873 0.0836469
0 0 874 0.0432223
0 0 875 0.00358268
0 0 876 -0.00538589
0 0 877 -0.0393637
0 0 878 -0.0668946
0 0 879 -0.0561407
0 0 880 -0.0330836
0 0 881 -0.0444003
0 0 882 -0.0756409
0 0 883 -0.0717228
0 0 884 -0.0422258
0 0 885 -0.0722925
0 0 886 -0.0632961
0 0 887 -0.058989
0 0 888 -0.0230452
0 0 889 -0.0562379
0 0 890 -0.00817859
0 0 891 -0.0132499
0 0 892 0.0424303
0 0 893 0.0471265
0 0 894 0.0959639
0 0 895 0.0520311
0 0 896 0.0795759
0 0 897 0.0881833
0 0 898 0.0385817
0 0 899 0.0106617
0 0 900 0.0141838
0 0 901 0.0116551
0 0 902 -0.0139168
0 0 903 0.0542541
0 0 904 0.0306343
0 0 905 0.0495857
0 0 906 -0.00392008
0 0 907 -0.0521462
0 0 908 -0.123235
0 0 909 -0.117559
0 0 910 -0.120477
0 0 911 -0.0827755
0 0 912 -0.0472138
0 0 913 -0.0358763
0 0 914 -0.047978
0 0 915 -0.0620317
0 0 916 -0.0940505
0 0 917 -0.126854
0 0 918 -0.118254
0 0 919 -0.060816
0 0 920 -0.00924843
0 0 921 0.0366643
0 0 922 0.0780754
0 0 923 0.124183
0 0 924 0.0753661
0 0 925 -0.021892
0 0 926 -0.0519586
0 0 927 -0.0218711
0 0 928 0.0144686
0 0 929 0.0273692
0 0 930 0.0769847
0 0 931 0.0969156
0 0 932 0.0580611
0 0 933 -0.0255253
0 0 934 -0.0430942
0 0 935 0.00457611
0 0 936 0.0211864
0 0 937 0.0186577
0 0 938 0.0430833
0 0 939 0.0442643
0 0 940 0.0321626
0 0 941 0.0364698
0 0 942 0.0214434
0 0 943 0.00797319
0 0 944 0.0505653
0 0 945 0.0781101
0 0 946 0.0615207
0 0 947 0.04903
0 0 948 0.0851752
0 0 949 0.0742476
0 0 950 0.0144895
0 0 951 -0.00932484
0 0 952 0.0191995
0 0 953 0.0321001
0 0 954 0.0155037
0 0 955 0.0510654
0 0 956 0.0832995
0 0 957 0.0999098
0 0 958 0.0350804
0 0 959 0.00188762
0 0 960 -0.0561129
0 0 961 -0.0738764
0 0 962 -0.0767941
0 0 963 -0.0609689
0 0 964 -0.0406419
0 0 965 -0.00684476
0 0 966 -0.00742137
0 0 967 -0.0429553
0 0 968 -0.0798647
0 0 969 -0.0279011
0 0 970 -0.00542758
0 0 971 0.00903608
0 0 972 0.0234997
0 0 973 0.109448
0 0 974 0.0774224
0 0 975 0.0305579
0 0 976 0.0127944
0 0 977 0.0114397
0 0 978 -0.0428441
0 0 979 -0.0500621
0 0 980 0.00561121
0 0 981 0.0294464
0 0 982 0.0587558
0 0 983 0.0689192
0 0 984 0.0349484
0 0 985 -0.059767
0 0 986 -0.0865199
0 0 987 -0.0927583
0 0 988 -0.0587667
0 0 989 -0.0575787
0 0 990 -0.00190545
0 0 991 -0.012444
0 0 992 -0.0325487
0 0 993 -0.102463
0 0 994 -0.0635879
0 0 995 -0.0760786
0 0 996 -0.0170846
0 0 997 -0.0184393
0 0 998 0.00695893
0 0 999 0.0286544
0 0 1000 0.07026
0 0 1001 0.0210544
0 0 1002 -0.0131179
0 0 1003 -0.00216943
0 0 1004 -0.0252057
0 0 1005 -0.0517571
0 0 1006 -0.0292836
0 0 1007 0.0302939
0 0 1008 0.0484673
0 0 1009 0.0721079
0 0 1010 0.0506347
0 0 1011 0.00670189
0 0 1012 0.0133502
0 0 1013 -0.00578187
0 0 1014 0.0088763
0 0 1015 0.00889019
0 0 1016 0.0594852
0 0 1017 0.0450424
0 0 1018 0.057158
0 0 1019 -0.018613
0 0 1020 -0.0227048
0 0 1021 -0.181673
0 0 1022 -0.181673
0 0 1023 -0.181673
