0 0 0 -3.80492e-07 -1.33628e-06 -3.57549e-07 -1.33204e-06
0 0 1 -3.80492e-07 -1.33628e-06 -3.57549e-07 -1.33204e-06
0 0 2 -3.80492e-07 -1.33628e-06 -3.57549e-07 -1.33204e-06
0 0 3 -3.80492e-07 -1.33628e-06 -3.57549e-07 -1.33204e-06
0 0 4 -3.80492e-07 -1.33628e-06 -3.57549e-07 -1.33204e-06
0 0 5 -3.80492e-07 -1.33628e-06 -3.57549e-07 -1.33204e-06
0 0 6 -3.80492e-07 -1.33628e-06 -3.57549e-07 -1.33204e-06
0 0 7 -3.80492e-07 -1.33628e-06 -3.57549e-07 -1.33204e-06
0 0 8 -3.80492e-07 -1.33628e-06 -3.57549e-07 -1.33204e-06
0 0 9 -3.80492e-07 -1.33628e-06 -3.57549e-07 -1.33204e-06
0 0 10 -3.80492e-07 -1.33628e-06 -3.57549e-07 -1.33204e-06
0 0 11 -3.80492e-07 -1.33628e-06 -3.57549e-07 -1.33204e-06
0 0 12 -3.80492e-07 -1.33628e-06 -3.57549e-07 -1.33204e-06
0 0 13 -3.80492e-07 -1.33628e-06 -3.57549e-07 -1.33204e-06
0 0 14 -3.80492e-07 -1.33628e-06 -3.57549e-07 -1.33204e-06
0 0 15 -3.80492e-07 -1.33628e-06 -3.57549e-07 -1.33204e-06
0 0 16 -3.80492e-07 -1.33628e-06 -3.57549e-07 -1.33204e-06
0 0 17 -3.80492e-07 -1.33628e-06 -3.57549e-07 -1.33204e-06
0 0 18 -3.80492e-07 -1.33628e-06 -3.57549e-07 -1.33204e-06
0 0 19 -3.80492e-07 -1.33628e-06 -3.57549e-07 -1.33204e-06
0 0 20 -3.80492e-07 -1.33628e-06 -3.57549e-07 -1.33204e-06
0 0 21 -3.80492e-07 -1.33628e-06 -3.57549e-07 -1.33204e-06
0 0 22 -3.80492e-07 -1.33628e-06 -3.57549e-07 -1.33204e-06
0 0 23 -3.80492e-07 -1.33628e-06 -3.57549e-07 -1.33204e-06
0 0 24 -3.80492e-07 -1.33628e-06 -3.57549e-07 -1.33204e-06
0 0 25 -3.80492e-07 -1.33628e-06 -3.57549e-07 -1.33204e-06
0 0 26 -3.80492e-07 -1.33628e-06 -3.57549e-07 -1.33204e-06
0 0 27 -3.80492e-07 -1.33628e-06 -3.57549e-07 -1.33204e-06
0 0 28 -3.80492e-07 -1.33628e-06 -3.57549e-07 -1.33204e-06
0 0 29 -3.80492e-07 -1.33628e-06 -3.57549e-07 -1.33204e-06
0 0 30 -3.80492e-07 -1.33628e-06 -3.57549e-07 -1.33204e-06
0 0 31 -3.80492e-07 -1.33628e-06 -3.57549e-07 -1.33204e-06
0 0 32 -3.80492e-07 -1.33628e-06 -3.57549e-07 -1.33204e-06
0 0 33 -3.80492e-07 -1.33628e-06 -3.57549e-07 -1.33204e-06
0 0 34 -3.80492e-07 -1.33628e-06 -3.57549e-07 -1.33204e-06
0 0 35 -3.80492e-07 -1.33628e-06 -3.57549e-07 -1.33204e-06
0 0 36 -3.80492e-07 -1.33628e-06 -3.57549e-07 -1.33204e-06
0 0 37 -3.80492e-07 -1.33628e-06 -3.57549e-07 -1.33204e-06
0 0 38 -3.80492e-07 -1.33628e-06 -3.57549e-07 -1.33204e-06
0 0 39 -3.80492e-07 -1.33628e-06 -3.57549e-07 -1.33204e-06
0 0 40 -3.80492e-07 -1.33628e-06 -3.57549e-07 -1.33204e-06
0 0 41 -3.80492e-07 -1.33628e-06 -3.57549e-07 -1.33204e-06
0 0 42 -3.80492e-07 -1.33628e-06 -3.57549e-07 -1.33204e-06
0 0 43 -3.80492e-07 -1.33628e-06 -3.57549e-07 -1.33204e-06
0 0 44 -3.80492e-07 -1.33628e-06 -3.57549e-07 -1.33204e-06
0 0 45 -3.80492e-07 -1.33628e-06 -3.57549e-07 -1.33204e-06
0 0 46 -3.80492e-07 -1.33628e-06 -3.57549e-07 -1.33204e-06
0 0 47 -3.80492e-07 -1.33628e-06 -3.57549e-07 -1.33204e-06
0 0 48 -3.80492e-07 -1.33628e-06 -3.57549e-07 -1.33204e-06
0 0 49 -3.80492e-07 -1.33628e-06 -3.57549e-07 -1.33204e-06
0 0 50 -3.80492e-07 -1.33628e-06 -3.57549e-07 -1.33204e-06
0 0 51 -3.80492e-07 -1.33628e-06 -3.57549e-07 -1.33204e-06
0 0 52 -3.80492e-07 -1.33628e-06 -3.57549e-07 -1.33204e-06
0 0 53 -3.80492e-07 -1.33628e-06 -3.57549e-07 -1.33204e-06
0 0 54 -3.80492e-07 -1.33628e-06 -3.57549e-07 -1.33204e-06
0 0 55 -3.80492e-07 -1.33628e-06 -3.57549e-07 -1.33204e-06
0 0 56 -3.80492e-07 -1.33628e-06 -3.57549e-07 -1.33204e-06
0 0 57 -3.80492e-07 -1.33628e-06 -3.57549e-07 -1.33204e-06
0 0 58 -3.80492e-07 -1.33628e-06 -3.57549e-07 -1.33204e-06
0 0 59 -3.80492e-07 -1.33628e-06 -3.57549e-07 -1.33204e-06
0 0 60 -3.80492e-07 -1.33628e-06 -3.57549e-07 -1.33204e-06
0 0 61 -3.80492e-07 -1.33628e-06 -3.57549e-07 -1.33204e-06
0 0 62 -0.0405459 0.00176542 -0.000924369 0.00937585
0 0 63 -0.000242781 0.0143022 -0.00320113 0.0152093
0 0 64 0.00445979 0.0182424 0.0154984 0.0245626
0 0 65 0.0173878 0.00978784 0.00230351 -0.0130912
0 0 66 0.0211854 0.00471213 -0.0167804 0.00523535
0 0 67 0.0291685 -0.0521185 0.0124947 -0.0182893
0 0 68 0.0462335 -0.0368998 0.0491497 0.0139882
0 0 69 -0.046606 -0.0465873 -0.00914191 0.028009
0 0 70 0.00399115 -0.0312945 -0.0315868 0.00536388
0 0 71 0.0181312 0.00923917 0.0159321 -0.0439237
0 0 72 0.0297018 0.0333234 0.0032497 0.00761682
0 0 73 -0.0309146 -0.0036789 -0.00410051 0.0226971
0 0 74 0.017 -0.0439372 -0.00367916 0.00769945
0 0 75 -3.27006e-05 -0.00979263 0.00745334 -0.00933995
0 0 76 -0.00468679 -0.0110722 0.00993215 -0.0310266
0 0 77 -0.0437618 0.0144949 0.00991983 -0.0221269
0 0 78 0.0355356 -0.01386 0.0191279 0.0177725
0 0 79 0.0078534 -0.025704 0.00491046 -0.0110549
0 0 80 -0.0136071 0.010847 0.0119157 0.0537499
0 0 81 0.0189715 -0.0175587 0.010967 0.014036
0 0 82 -0.00300615 0.0293556 -0.00880681 -0.0117967
0 0 83 0.00214891 0.012493 0.0218507 -0.00391966
0 0 84 -0.0180996 0.0228923 0.0139066 0.0320467
0 0 85 -0.0174209 -0.010729 0.0544744 0.00989915
0 0 86 0.0215571 0.017037 0.00482422 0.0166837
0 0 87 -0.0207499 0.000780357 -0.00119295 -0.0052325
0 0 88 -0.0116679 -0.0106569 0.0148898 -0.0410171
0 0 89 0.00914621 -0.0153513 0.0406118 -0.00225428
0 0 90 -0.0143667 0.0122134 0.00711823 0.0123229
0 0 91 -0.00247287 -0.00576765 0.00134008 0.0209234
0 0 92 -0.0408368 0.0200304 0.00983113 -0.00465779
0 0 93 -0.00352327 0.0285421 0.0136676 -0.0207295
0 0 94 -0.022075 0.0296882 -0.011293 0.00825213
0 0 95 -0.00358791 -0.0610455 0.0125095 0.00567051
0 0 96 0.0117157 0.00404059 0.0213948 -0.0116755
0 0 97 -0.0362151 0.0452331 -0.0436655 0.0401055
0 0 98 -0.0189238 0.00329491 -0.0221421 0.0242431
0 0 99 0.00626972 -0.00104783 -0.00365205 0.00911512
0 0 100 -0.0284097 0.0227059 -0.0050393 0.00554749
0 0 101 0.0060758 0.0280613 0.00628046 0.00670977
0 0 102 0.00155098 0.042638 0.0285233 -0.0172868
0 0 103 0.0110208 -0.00907449 0.00775888 0.0333944
0 0 104 -0.0255656 -0.00363441 -0.0106105 0.00464778
0 0 105 0.021848 -0.0146798 0.0249332 -0.0122135
0 0 106 -0.0079996 -0.00283153 -0.030239 0.0108631
0 0 107 -0.00672296 -0.00471056 -0.00666803 -0.00307503
0 0 108 -0.0151585 -0.0098583 0.000142556 0.000968151
0 0 109 0.0211693 0.0070445 0.00105671 0.0220838
0 0 110 0.00795036 -0.0314237 -0.0276369 0.00710821
0 0 111 -0.0120073 0.00236705 -0.0268928 0.0369455
0 0 112 -0.0322882 -0.0423208 0.0129013 -0.000594406
0 0 113 0.00677068 -0.0336968 -0.00983923 -0.0173529
0 0 114 -0.0168553 0.0203651 -0.0571659 -0.00600735
0 0 115 -0.0273109 -0.00816993 -0.0042927 0.0446941
0 0 116 0.00974413 -0.0376307 0.0155058 -0.0404993
0 0 117 -0.007434 -0.00018352 0.0025992 0.00682361
0 0 118 0.00843517 0.0171366 -0.0374733 0.0193369
0 0 119 0.000920742 -0.0160208 0.019155 -0.0198005
0 0 120 0.0149477 -0.0563595 0.00237497 0.0166617
0 0 121 0.0101643 0.0651356 -0.00345739 0.0148237
0 0 122 -0.0331285 0.0148932 0.00986562 0.0125322
0 0 123 0.0286029 -0.0187344 0.0425707 -0.0265262
0 0 124 -0.0137203 -0.0106887 -0.0322693 0.0164946
0 0 125 0.00719084 -0.0235115 0.0383523 -0.0280135
0 0 126 0.0238357 0.0257013 -0.00491364 0.0353169
0 0 127 0.0229307 0.00787915 -0.0173545 0.0124349
0 0 128 -0.00412119 0.0255234 -0.0169504 -0.0121694
0 0 129 -0.0110215 -0.0225349 -0.0230391 -0.026686
0 0 130 -0.0241435 0.0139209 0.0341215 0.0186704
0 0 131 -0.029444 -0.0282609 -0.0546378 0.00741301
0 0 132 0.000629861 0.000551569 0.0127978 -0.052851
0 0 133 -0.00114774 -0.0500022 0.0414767 -0.00915083
0 0 134 -0.0362312 0.0257946 -0.0365025 -4.53995e-05
0 0 135 -0.0223497 0.025839 -0.0244485 0.0107034
0 0 136 -0.0107953 -0.00880121 -0.0029843 -0.0357694
0 0 137 0.0237872 -0.0230666 0.0317856 -0.0043181
0 0 138 -0.00588264 -0.00317895 0.0347252 0.0227466
0 0 139 0.00468603 0.0226699 0.00838228 -0.0447096
0 0 140 -0.00374951 -0.0400711 -0.0128897 -0.0183848
0 0 141 -0.0234648 -0.00599008 0.00462217 0.0130628
0 0 142 0.0148184 0.00967768 0.0151929 -0.0139046
0 0 143 0.0191654 -0.0485468 -0.0213389 0.00276023
0 0 144 0.00458907 0.0356219 0.0159419 0.0292447
0 0 145 0.0248699 0.0129252 -0.0229306 0.0508323
0 0 146 0.00271451 0.010811 0.0116496 0.009475
0 0 147 0.0528915 0.0183505 -0.0375054 0.0433059
0 0 148 0.0126853 -0.00691159 0.0165407 -0.0134841
0 0 149 -0.0310762 0.0320545 -0.0694885 0.038666
0 0 150 0.00489611 -0.00460252 0.0488836 0.0255651
0 0 151 -0.0125567 -0.0243885 -0.00123484 0.031461
0 0 152 -0.0165483 0.000318544 0.00524064 0.000316321
0 0 153 -0.0365059 0.0371895 0.021417 0.0182352
0 0 154 -0.000695263 -0.0337942 0.0363885 -0.0252777
0 0 155 -0.0190531 0.0144568 0.00965372 -0.00910493
0 0 156 -0.00425047 -0.0141989 -0.0361206 -0.0193543
0 0 157 0.00934013 -0.0221408 0.0189185 -0.0151881
0 0 158 0.00350635 -0.00344164 0.0113169 -0.0203421
0 0 159 -0.00298999 0.0226847 -0.0452893 0.0477769
0 0 160 0.0267283 0.00458079 -0.00795425 0.0185602
0 0 161 0.0295563 -0.0131736 0.0319088 0.0232534
0 0 162 -0.0186006 0.0139696 -0.00952384 -0.0253585
0 0 163 0.0103259 0.0458093 0.0270005 -0.0139101
0 0 164 -0.0129769 -0.0165525 0.0466068 0.0121319
0 0 165 -0.00530088 0.0119571 0.00918555 -0.00064031
0 0 166 0.0132832 -0.0153238 -0.0159057 0.0220379
0 0 167 0.0277303 0.0116753 -0.00947702 -0.0434647
0 0 168 0.00934013 0.00194336 -0.00257527 -0.00786186
0 0 169 0.039818 0.0146941 -0.0150457 -0.000269409
0 0 170 0.0398988 -0.000715241 -0.0198235 -0.0284065
0 0 171 0.0424682 -0.00824407 0.0313618 -0.0340783
0 0 172 -0.0158372 0.0203524 0.000435776 -0.0191284
0 0 173 -0.00437975 0.00197938 -0.0159968 -0.00137109
0 0 174 0.00980877 0.0200579 -0.00169315 0.0347936
0 0 175 0.0149477 -0.0567917 0.033471 -0.021038
0 0 176 -0.0253878 0.0314083 -0.00570213 0.0291842
0 0 177 0.00365179 0.0151156 0.00170229 -0.0174722
0 0 178 0.00208427 -0.0101167 0.00803978 0.00310726
0 0 179 -0.000711423 0.00856552 -0.0319514 -0.0241025
0 0 180 -0.00953481 0.0592379 -0.0343539 0.0331741
0 0 181 -0.000469022 -0.00755983 0.0128348 -0.0199914
0 0 182 0.00617276 -0.00164522 0.0213677 -0.0110898
0 0 183 -0.0440527 0.0160774 0.0164766 0.0175669
0 0 184 -0.00235975 -0.0125487 -0.0134441 -0.0245487
0 0 185 0.00904925 -0.0130952 -0.0232608 -0.00888092
0 0 186 0.0116025 -0.00416825 -0.000778991 -0.00155654
0 0 187 -0.018746 0.0391935 -0.0227705 -0.0283312
0 0 188 -0.00349095 0.00199844 -0.0021761 -0.012847
0 0 189 0.00463755 -0.0421281 -0.0150433 -0.0195379
0 0 190 -0.00934089 0.0134061 -0.0243524 0.015134
0 0 191 0.0238842 -0.0142794 0.00143124 -0.0161465
0 0 192 0.0139134 -0.0317669 0.063754 -0.00817033
0 0 193 -0.0170331 0.00588149 -0.0151813 -0.0366709
0 0 194 -0.00281223 -0.0152899 0.0303048 0.00446784
0 0 195 -0.0224144 -0.0090406 0.00409486 -0.0108823
0 0 196 -0.0124275 -0.0228209 0.00911902 -0.00311176
0 0 197 -0.0190046 0.000199913 -0.0210358 -0.00696399
0 0 198 -0.00832281 -0.00417672 0.0333749 0.0348376
0 0 199 0.0420157 0.0252925 0.029297 0.0221995
0 0 200 -0.0154494 0.00376096 -0.0295244 -0.0303216
0 0 201 0.00452443 -0.0272123 0.00769481 -0.00421161
0 0 202 -0.0295571 -0.01064 0.0150228 0.0239915
0 0 203 0.0112632 0.02557 -0.000963794 -0.0550489
0 0 204 -0.00712696 0.0172849 -0.0412877 -0.0116094
0 0 205 0.0117318 -0.0245834 0.0227796 -0.0500931
0 0 206 0.00247211 -0.0260027 -0.00507626 -0.034429
0 0 207 0.000791462 0.00454901 0.0358267 -0.00567134
0 0 208 -0.0206852 -0.0106019 0.015289 -0.014606
0 0 209 0.00919469 0.00068291 0.031347 0.00675384
0 0 210 0.0460234 -0.0080174 -0.0413123 -8.02862e-05
0 0 211 -0.0315771 0.0422461 0.00906235 0.00505173
0 0 212 0.0512755 -0.0408951 0.0437387 0.00926568
0 0 213 0.019521 0.000644779 0.0134631 0.000784537
0 0 214 0.0131539 -0.00632691 -0.0193184 0.0356547
0 0 215 0.00264987 0.0205642 0.00880855 0.00407123
0 0 216 0.0386383 -7.33622e-05 0.0493394 -0.0553353
0 0 217 0.0108753 -0.0232403 0.00511251 0.0157711
0 0 218 0.00966333 -0.013699 -0.0149102 -0.029846
0 0 219 0.0216218 0.00922858 0.0275894 0.0390112
0 0 220 -0.0190046 -0.0106485 -0.0329518 0.00735426
0 0 221 0.00803116 0.0328065 -0.0454691 0.00888743
0 0 222 0.00255291 0.0172701 0.0123814 0.0195977
0 0 223 -0.00618968 -0.0175248 0.00242425 0.00256376
0 0 224 -0.0457495 0.015838 -0.043934 0.00530696
0 0 225 0.00208427 0.0563929 -0.0294874 0.022249
0 0 226 0.00311851 -0.0578339 0.0288707 -0.0241833
0 0 227 -0.0213963 0.042047 0.0428344 0.023931
0 0 228 0.0150285 0.0470295 0.00745087 0.0144087
0 0 229 -0.0296864 -0.0407998 0.007271 0.0052941
0 0 230 -0.0152716 -0.0163195 0.0179772 -0.0190072
0 0 231 -0.031157 -0.0156712 0.00799542 0.00365626
0 0 232 -0.00880761 0.00877312 -0.0451266 -0.00534083
0 0 233 0.0103097 0.0029602 0.0262884 0.00549057
0 0 234 -0.00139014 -0.0255239 0.0120685 0.0146364
0 0 235 -0.00853289 -0.0181604 -0.00413007 -0.0173896
0 0 236 0.0536348 -0.011695 0.0181522 0.0287086
0 0 237 0.0259688 -0.00269384 0.000100668 0.0164927
0 0 238 0.0117641 -0.00735434 -0.00033793 -0.0232689
0 0 239 0.0265829 -0.0132096 -0.000613901 -0.0295137
0 0 240 0.0196502 -0.0451383 0.0160011 -0.0240658
0 0 241 0.030429 -0.00123637 -0.0128404 0.0046588
0 0 242 0.00668988 0.0118236 -0.0357904 -0.0304905
0 0 243 0.0118773 0.0166388 -0.00880927 -0.0143471
0 0 244 0.0215733 0.0105992 0.0032768 -0.0324276
0 0 245 -0.00434743 0.019649 -0.017357 -0.014393
0 0 246 -0.0183744 -0.0141354 0.0122533 0.0236004
0 0 247 0.0272293 -0.00117282 -0.0192198 0.0257083
0 0 248 0.00538092 0.0471884 0.00566691 -0.00641681
0 0 249 0.000694502 0.0286523 -0.0354085 -0.0266181
0 0 250 0.0361012 0.0386766 0.0194482 -0.01687
0 0 251 -0.0360858 -0.0214333 0.0308813 0.011963
0 0 252 -0.0450061 0.0253116 -0.0116355 0.0274637
0 0 253 -0.0056564 0.0525628 -0.0288221 0.0137147
0 0 254 -0.00211735 0.00953575 0.0581754 0.0143536
0 0 255 0.0220581 0.00674368 -0.0128601 0.00315683
0 0 256 0.0172262 -0.0575903 -0.0202227 0.0131399
0 0 257 -0.0205075 -0.037709 0.020801 -0.00244891
0 0 258 -0.0242728 -0.000213177 0.073753 -0.00217165
0 0 259 0.000775302 0.0355117 -0.0034229 0.0199814
0 0 260 -0.0432932 -0.025221 -0.00626885 0.00151165
0 0 261 -0.0198449 -0.00399666 -0.00541137 -0.0196168
0 0 262 -0.02096 -0.0143557 -0.0167188 -0.0272625
0 0 263 0.00426587 -0.046581 0.0163362 -0.0387715
0 0 264 0.00875837 0.0456568 0.00438808 0.00626175
0 0 265 0.0519219 -0.0171372 0.0462791 0.0284222
0 0 266 -0.0113771 0.0372424 -0.00461302 0.00770679
0 0 267 0.00953405 -0.031286 -0.0197964 -0.0345814
0 0 268 0.0307684 -0.0196178 0.0361889 0.00283734
0 0 269 -0.0113124 0.0152427 -0.00129644 -0.00227998
0 0 270 0.00822508 0.0331603 -0.0302045 -0.00221205
0 0 271 0.0313986 -0.0142095 0.00779337 0.0201063
0 0 272 0.0399957 0.00450029 0.0295976 0.0179102
0 0 273 -0.0120073 0.016732 -0.0130228 0.0272966
0 0 274 -0.00426663 -0.00274044 -0.0295737 -0.0225437
0 0 275 0.00420123 -0.0408168 0.0570099 -0.0321283
0 0 276 0.00190651 -0.0266509 0.0185932 -0.00734223
0 0 277 0.0130085 0.0408586 0.0146754 -0.0116792
0 0 278 0.0420319 -0.00594136 0.0294177 0.00700906
0 0 279 -0.0121851 -0.0158725 -0.0071559 -0.021666
0 0 280 -0.018746 -0.00751958 -0.0240321 0.0500299
0 0 281 -0.0144475 0.0058709 0.00528499 0.0135567
0 0 282 0.0112955 0.00569295 0.0118147 -0.039124
0 0 283 -0.0106822 0.0439981 -0.0203188 0.00789225
0 0 284 -0.0180673 0.0107602 0.00542051 0.00925099
0 0 285 0.03699 0.00831131 -0.016194 -0.00797386
0 0 286 -0.00761176 -0.00255614 -0.0233643 -0.0362192
0 0 287 -0.00782184 0.00915443 -0.0228173 0.0200089
0 0 288 0.0233994 0.00180779 -0.0201734 -0.0189044
0 0 289 -0.0241273 0.0151707 -0.0203951 -0.0184435
0 0 290 0.00668988 -0.00168124 -0.0199615 0.00414651
0 0 291 0.0257426 -0.0118623 0.00814573 -0.0236582
0 0 292 0.028005 0.014281 0.0201135 0.0162614
0 0 293 -0.00798345 0.00757834 -0.00389599 -0.0192827
0 0 294 -0.0415802 0.0117135 -0.0140897 0.00646923
0 0 295 -0.0306722 -0.031625 -0.0114827 -0.00425567
0 0 296 -0.0170654 -0.000564834 -0.00114367 -0.0265354
0 0 297 -0.0226406 0.00048378 0.00643816 0.0317658
0 0 298 -0.0307206 -0.00540117 0.00887755 -0.0117545
0 0 299 0.0312693 -0.0625178 -0.00693661 -0.01046
0 0 300 -0.0205398 0.0225682 -0.0128823 0.0142214
0 0 301 -0.0312054 0.00414863 0.00457535 0.00240952
0 0 302 0.0460881 -0.045509 0.00060333 0.0169628
0 0 303 -0.0144313 -0.00981593 0.0268354 0.0126607
0 0 304 0.00778876 0.0106013 -0.00648322 -0.00185951
0 0 305 -0.00971257 0.017304 0.00871739 0.0192543
0 0 306 -0.0122982 -0.0181646 -0.025678 0.0231414
0 0 307 -0.0331446 0.0455148 0.00237497 0.00388211
0 0 308 0.00323163 0.0508871 -0.00866882 -0.00119482
0 0 309 0.00510619 -0.0260853 0.0148578 0.0170436
0 0 310 0.00433051 0.020901 0.0141826 -0.00786737
0 0 311 -0.0336779 0.0348338 -0.0317913 0.00454679
0 0 312 0.0343236 0.00897437 0.0110902 0.0431903
0 0 313 0.0289423 -0.0141354 0.0445099 -0.00813177
0 0 314 -0.0132355 0.044051 -0.00135311 0.0274215
0 0 315 -0.0143343 -0.00448813 -0.0148314 -0.00297037
0 0 316 0.0239973 -0.000253427 -0.0301872 0.00334228
0 0 317 -0.0115063 -0.038156 0.0234375 -0.0312562
0 0 318 -0.010763 0.0354376 -0.0401419 0.0263804
0 0 319 0.00476683 -0.0199313 0.0299968 -0.0109484
0 0 320 0.0486737 -0.0242084 -0.0126433 0.0110357
0 0 321 -0.0451516 0.00905911 0.0136528 0.0193626
0 0 322 -0.00496152 0.0195961 0.00474044 0.0340628
0 0 323 -0.0150777 -0.00360263 -0.0318948 0.0225796
0 0 324 0.00331243 0.0351177 -0.018005 -0.00299057
0 0 325 -0.0408691 0.040867 -0.0419776 0.00825947
0 0 326 0.0370869 -0.0130296 0.00654411 -0.00969433
0 0 327 -0.00226279 -0.0058651 -0.0208732 -0.0420674
0 0 328 -0.0229477 0.0222907 -0.00999693 -0.0119271
0 0 329 -0.0226891 -0.0437041 0.0263746 -0.0185904
0 0 330 0.0119257 0.0278409 0.00468377 0.00665468
0 0 331 0.00111466 -0.00619981 0.0138672 -0.0292639
0 0 332 0.0545398 0.0133319 0.0161785 0.0331355
0 0 333 -0.0575302 0.011133 0.00713301 0.0107346
0 0 334 -0.0322558 -0.0426216 0.0126722 -0.0449097
0 0 335 -0.0234325 -0.000427137 -0.0294874 0.0148457
0 0 336 -0.0234486 -0.00630785 0.0218778 0.0170436
0 0 337 0.036085 -0.0221769 0.0274613 0.0219039
0 0 338 -0.0292985 0.0132281 -0.063767 -0.00424099
0 0 339 -0.00502616 -0.00656841 0.0112085 -0.026831
0 0 340 -0.0102943 0.00830283 -0.0416721 -0.0131793
0 0 341 0.011651 0.0134018 -0.0145948 0.0289161
0 0 342 -0.0318842 0.030991 -0.0282776 0.0178698
0 0 343 0.0110208 -0.0375502 0.0141383 -0.00509663
0 0 344 -0.00501 -0.0616068 0.0201776 0.011122
0 0 345 0.0138326 -0.00479106 -0.0238694 -0.0253419
0 0 346 0.0219773 -0.0484303 0.00100743 0.00768109
0 0 347 0.0275525 0.00678817 -0.00568488 0.00433747
0 0 348 0.00455675 -0.00927574 0.00141646 0.00956864
0 0 349 -0.0076764 -0.00926726 0.0132068 -0.0161245
0 0 350 0.0373617 -0.019228 0.0204141 0.00454679
0 0 351 0.00719084 -0.0311865 -0.0161496 -0.0108621
0 0 352 -0.0130739 0.0096798 0.0054353 0.0159456
0 0 353 -0.000953823 -0.040124 -0.0181677 -0.0194057
0 0 354 -0.0136233 -0.00799198 0.0302432 -0.0153184
0 0 355 -0.0244829 -0.0143451 0.00388049 0.0108943
0 0 356 -0.0369423 -0.00818264 -0.015132 0.00354977
0 0 357 -0.000549822 0.0314189 0.0237061 0.026777
0 0 358 -0.00753096 0.0434663 -0.00655714 -0.0194553
0 0 359 -0.00305463 0.0245235 0.0276411 -0.017408
0 0 360 -0.0414186 -0.00295652 0.00894654 -0.0084788
0 0 361 0.00523548 0.0109381 0.0262687 -0.0429028
0 0 362 0.00635052 -0.0190946 0.0155156 0.0350396
0 0 363 -0.00297383 -0.016758 -0.00378018 -0.0254044
0 0 364 0.0457326 -0.0235157 0.030492 2.62101e-05
0 0 365 0.0156587 -0.0187662 0.0413559 0.00408409
0 0 366 -0.0205236 -0.0108751 -0.0150309 0.00418875
0 0 367 0.000646021 -0.0466085 0.0229817 -0.0338121
0 0 368 -0.000275101 -0.0106802 -0.01167 0.00898475
0 0 369 0.0146729 -0.00925032 -0.0091567 0.00849634
0 0 370 -0.0298157 0.0406552 -0.0229725 0.0247572
0 0 371 0.00887149 -0.00692218 0.0418857 0.00586698
0 0 372 0.0400119 0.0238054 -0.0137299 0.0116802
0 0 373 -0.037928 0.0115355 0.0149366 0.0180204
0 0 374 -0.00664216 -0.0223866 -0.00435676 -0.0174796
0 0 375 0.00410427 -0.034292 0.0102993 0.0325094
0 0 376 -0.0123305 -0.00924396 -0.0286743 -0.0311735
0 0 377 -0.0472847 -0.00837118 -0.0243228 0.0075801
0 0 378 0.0321581 -0.0242402 -0.0275482 -0.0230302
0 0 379 -0.017728 0.012832 -0.0412137 0.0340022
0 0 380 0.0141558 0.0188504 -0.0299852 -0.025935
0 0 381 0.0605998 -0.0328219 0.0121301 -0.0258781
0 0 382 0.0236579 0.00233103 -0.00953862 0.00776739
0 0 383 -0.022382 0.0237863 -0.00505409 0.0287288
0 0 384 -0.0058988 0.0128998 0.00133022 -0.00208719
0 0 385 0.0441004 -0.0384399 0.0233414 0.00225712
0 0 386 -0.00234359 -0.037226 -0.0177537 -0.00875055
0 0 387 -0.0139142 -0.014271 0.0269093 0.0408382
0 0 388 0.016192 0.00690045 0.0176101 -0.00168875
0 0 389 -0.0154009 -0.0201601 0.0166121 -0.0361733
0 0 390 0.0254517 0.0359248 -0.0160856 -0.0129865
0 0 391 0.00462139 -0.0321991 -0.0146564 0.00741852
0 0 392 0.0102613 0.00854433 -0.00375801 0.0106024
0 0 393 0.015287 0.0218903 -0.0363695 0.0156334
0 0 394 -0.0336456 0.0399434 -0.0114901 0.0112836
0 0 395 0.0266799 -0.0126419 0.0269561 -0.00494239
0 0 396 -0.0054948 0.00655938 0.0131871 -0.000596242
0 0 397 0.0209754 -0.00123425 -0.0587848 -0.00842555
0 0 398 0.0444074 -0.040141 -0.0231795 -0.000223505
0 0 399 0.0139296 -0.00953418 0.0181226 -0.00378195
0 0 400 -0.0394147 0.00698518 0.0201751 0.0325406
0 0 401 -0.00355559 -0.0152687 -0.0155065 -0.0225639
0 0 402 0.0264859 -0.0415963 -0.0014295 0.00702191
0 0 403 -0.00675528 -0.0178341 -0.0184042 0.0143114
0 0 404 -0.00612504 -0.0210944 0.00400123 0.00579904
0 0 405 -0.0182612 0.0221318 0.0191624 0.0257579
0 0 406 -0.0233517 0.030078 0.0364944 0.0412807
0 0 407 -0.0166937 0.0173823 -0.00538673 -0.0175365
0 0 408 -0.0110862 0.0193821 0.0149341 0.00152634
0 0 409 0.0107784 0.0109996 -0.0202251 -0.027661
0 0 410 -0.00235975 0.00127607 0.0209636 -0.00155104
0 0 411 0.00806348 -0.0202809 0.0137834 0.00102324
0 0 412 0.012055 -0.00790725 0.0142393 0.0112634
0 0 413 0.01902 -0.00533973 -0.00143196 -0.00414367
0 0 414 -0.0106175 -0.00334843 0.00710344 0.00592023
0 0 415 -0.0161281 0.00252593 -0.00617768 -0.0394674
0 0 416 0.000532901 -0.0490849 0.0216979 -0.00911594
0 0 417 0.0131539 0.0267817 0.0224494 0.0106667
0 0 418 -0.01309 0.014603 0.00678805 -0.0375541
0 0 419 -0.0147707 -0.0185374 0.0273652 -0.0443515
0 0 420 0.0246114 -0.0309958 0.0106566 -0.0372255
0 0 421 -0.043277 0.0121816 -0.0126655 -0.00249849
0 0 422 0.00463755 0.0102963 -0.0106425 -0.00251134
0 0 423 0.00384571 0.00433293 0.0195936 0.0204368
0 0 424 0.00391035 -0.0145718 -0.005574 0.0124936
0 0 425 -0.00392727 0.0126646 -0.0150359 -0.014819
0 0 426 0.0129438 0.0024878 0.0121227 -0.00243238
0 0 427 -0.0248222 0.000708331 -0.0202917 -0.019369
0 0 428 -0.0392693 0.00997426 -0.0149349 0.0150165
0 0 429 -0.00166487 -0.0211431 -0.0159131 0.0249243
0 0 430 0.0216702 -0.0645663 0.0437633 -0.0243725
0 0 431 0.0104552 0.0125333 0.00748044 0.0166562
0 0 432 0.0113763 0.0116732 -0.0495915 -0.00730184
0 0 433 -0.00993881 -0.00207102 -0.00811688 -0.00397474
0 0 434 0.00520316 0.0359756 -0.0147377 0.00628746
0 0 435 -0.0446829 0.00246026 0.00995926 -0.0164458
0 0 436 -0.0258403 -0.00854701 0.0360115 -0.0285589
0 0 437 0.00424971 0.00322077 0.0320789 0.00669141
0 0 438 0.0180827 0.0133955 0.00980156 -0.0196187
0 0 439 -0.0150615 0.0300335 0.00587143 0.00601204
0 0 440 -0.0453455 0.0175158 0.0219689 0.0133823
0 0 441 0.0141558 -0.000766083 -0.0348615 0.00586882
0 0 442 0.00449211 0.011955 -0.00843227 0.0298176
0 0 443 0.0122005 0.00421006 0.0265225 0.0157913
0 0 444 -0.00901769 -0.0290299 -0.0426059 -0.00577784
0 0 445 0.00197115 0.0154398 -0.0301921 -0.0496929
0 0 446 -0.0403197 -0.00634598 -0.0331416 0.0173172
0 0 447 0.00027434 -0.0115403 0.0221956 0.0169187
0 0 448 -0.00843593 -0.0252401 -0.0152108 -0.0365938
0 0 449 -0.0216548 0.00175271 -0.0205726 0.00606528
0 0 450 0.00764332 0.00236281 0.0239303 -0.012847
0 0 451 0.00601116 0.0171218 -0.0199886 0.00908941
0 0 452 -0.0139303 0.0242841 -0.0376483 0.0153158
0 0 453 -0.0191177 -0.0117988 0.00664513 0.0334771
0 0 454 -0.0261312 0.0108492 0.00703692 0.0208885
0 0 455 -0.0166937 -0.00527194 0.00493017 0.0132978
0 0 456 -0.0069492 0.0226148 -0.0193923 0.00554933
0 0 457 0.0311562 -0.0102947 0.0321873 0.0100479
0 0 458 -0.000194301 0.00113837 -0.0279425 -0.0246644
0 0 459 -0.0136556 0.0515502 -0.00875999 -0.0183536
0 0 460 -0.0124275 -0.0108116 0.0108463 0.0241495
0 0 461 0.0236256 -0.0390225 0.0171887 0.0191551
0 0 462 0.00788572 0.0493619 -0.00208739 0.0244708
0 0 463 0.00541324 0.00594928 -0.00882159 -0.0100193
0 0 464 0.00407195 -0.00306879 0.013027 -0.0103939
0 0 465 0.0137033 0.0170667 0.00210885 0.0250069
0 0 466 -0.007434 0.000307952 -0.0104799 0.0119299
0 0 467 0.00780492 -0.0166732 0.0300879 -0.0192184
0 0 468 -0.0144636 0.00205564 -0.0389099 -0.0332025
0 0 469 0.00767564 0.0335204 -0.0393337 -0.00248747
0 0 470 -0.00825817 -0.00936683 -0.0266242 -0.026249
0 0 471 -0.016322 0.0173845 -0.00145906 -0.0242623
0 0 472 -0.0219619 -0.0144298 0.0238145 -0.0153184
0 0 473 -0.0143828 0.0084257 -0.00265658 -0.0166974
0 0 474 -0.00757944 0.00819056 0.00347393 -0.0273378
0 0 475 0.029928 -0.00240573 0.0178146 -0.0292382
0 0 476 0.00746556 0.00351099 -0.0420934 0.0177505
0 0 477 0.0371677 0.0212845 -0.0368278 0.00599551
0 0 478 0.00122778 0.0199689 0.00157169 0.0173594
0 0 479 0.0175818 0.00632212 0.00169982 -0.00302729
0 0 480 -0.00374951 0.0291226 -0.0300517 -0.0353067
0 0 481 0.0407068 -0.0230052 0.00778845 0.0113552
0 0 482 0.0242235 0.0182043 0.0201135 -0.00916185
0 0 483 -0.0383805 -0.0145781 -0.00855547 -0.0125899
0 0 484 -0.0267453 -0.00140584 0.00940978 -0.0535322
0 0 485 -0.0226729 -0.0110277 0.0307976 0.0278126
0 0 486 -0.00244055 0.000653253 0.00668456 0.00682912
0 0 487 0.0248053 -0.0128156 0.000280542 -0.00557035
0 0 488 -0.00869449 0.0146411 0.0520474 -0.0238565
0 0 489 0.0286029 -0.00868258 0.0184109 0.0332016
0 0 490 0.010035 0.000818489 -0.0194958 0.0155508
0 0 491 0.0175979 0.0337386 0.00820487 -0.0124981
0 0 492 0.0066414 -0.011392 -0.0363719 -0.0259424
0 0 493 -0.0231901 -0.0225052 -0.0257544 -0.0217045
0 0 494 0.00673836 0.0144822 -0.0234185 -0.0322568
0 0 495 0.0210723 -0.039891 -0.0106105 0.0154572
0 0 496 -0.00223047 0.00125912 -0.0202325 -0.0392379
0 0 497 -0.0155787 0.0290378 -0.0414232 -0.0236968
0 0 498 -0.00560792 -0.0216197 -0.0428178 -0.00969617
0 0 499 0.00302155 -0.0123983 0.000359391 0.0227925
0 0 500 0.00252059 -0.0182281 -0.0378651 0.0148531
0 0 501 -0.0195702 0.0200791 -0.0113177 0.00128397
0 0 502 0.0122651 0.0198778 0.0370932 0.0172143
0 0 503 -0.00260215 -0.0165715 0.00147806 -0.0043585
0 0 504 -0.0497249 0.0248667 -0.0138778 -0.0198427
0 0 505 0.00481531 -0.0132012 0.0336731 -0.00829886
0 0 506 -0.0127345 0.0224348 0.00570387 0.00794549
0 0 507 0.0217187 -0.0112098 0.0109005 -0.0322128
0 0 508 0.00644748 0.0057671 -0.00134079 0.00225712
0 0 509 0.0222035 -0.0362558 0.0264288 -0.0116884
0 0 510 0.0120065 0.0121244 -0.00330462 -0.028423
0 0 511 -0.0267776 0.0559205 -0.0475833 -0.0013307
0 0 512 0.0167414 -0.0264243 0.00948123 0.00657757
0 0 513 0.0373617 -0.00592018 0.014912 -0.00709252
0 0 514 -0.0384775 0.0638221 0.0251845 0.0033735
0 0 515 0.00355483 -0.0355885 -0.0107977 0.00599551
0 0 516 -0.00817737 0.0239833 0.0208035 0.00120685
0 0 517 -0.0117487 0.00525656 0.00279632 -0.0245193
0 0 518 0.0286029 0.0029835 -0.00190505 0.00816216
0 0 519 0.0329338 -0.0311483 0.00173432 -0.014303
0 0 520 0.0102613 -0.0169296 0.0233463 0.0078188
0 0 521 0.00271451 0.0187021 -0.0310496 -0.0125018
0 0 522 0.00786956 -0.0174231 0.00118977 -0.0467422
0 0 523 0.0296856 -0.0364783 0.020902 0.00976327
0 0 524 -0.000824543 0.0138086 -0.0028611 0.0178717
0 0 525 -0.00883993 0.0516286 -0.00917641 0.00962006
0 0 526 -0.0335648 -0.0231005 0.0354497 -0.0139689
0 0 527 0.0422258 0.0122918 0.0291984 0.0246287
0 0 528 -0.0121204 0.0297454 0.00672398 -0.00194397
0 0 529 -0.0358272 0.0244239 0.0151855 -0.00970718
0 0 530 0.032142 -0.0243991 0.0192314 0.0112505
0 0 531 0.0232539 0.00121675 -0.01955 -0.00592473
0 0 532 0.00285995 -0.00198629 -0.0466174 -0.0182599
0 0 533 8.04198e-05 -0.0143218 0.0392492 0.00445682
0 0 534 0.0016641 -0.0400499 0.0136726 0.0431205
0 0 535 -0.0134617 0.014012 -0.0199639 -0.0018081
0 0 536 0.0205552 -0.0109768 0.0233365 0.043383
0 0 537 0.00630204 -0.0225603 0.0012218 -0.0118683
0 0 538 -0.00444439 0.0173124 -0.0342455 -0.0174447
0 0 539 -0.0171624 0.00990223 -0.0340336 0.0073212
0 0 540 0.00596268 0.00732413 0.00698024 0.00376092
0 0 541 -0.0256625 0.0142683 -0.0357214 -0.00521965
0 0 542 0.00751404 0.0153593 -0.0337034 0.0142747
0 0 543 -0.00449287 -0.0271382 0.0219147 0.0164046
0 0 544 0.00137322 -0.030123 -0.026055 0.0178533
0 0 545 -0.0130092 0.0141094 -0.0388162 0.00164385
0 0 546 0.00951789 0.00393891 0.00989026 -0.0139285
0 0 547 -0.00761176 -0.0107205 0.0251993 -0.0400219
0 0 548 0.00875837 -0.0357453 0.00860404 -0.0225308
0 0 549 -0.0207984 0.0263326 -0.0384737 0.0143004
0 0 550 0.0264536 -0.0297523 0.0167181 -0.0148227
0 0 551 0.02306 0.0102645 -0.0118573 -0.0231588
0 0 552 0.0229307 -0.056637 -0.0446141 -0.00221572
0 0 553 -0.00683608 -0.00531855 0.00263123 0.010158
0 0 554 0.0432601 0.00820115 0.019192 -0.00807118
0 0 555 -0.0154494 -0.0166923 -0.0336073 -0.0132216
0 0 556 0.0229307 0.00882184 0.00216553 -0.00959334
0 0 557 0.0152385 -0.0141756 -0.0095608 0.0347293
0 0 558 -0.000695263 -0.022251 -0.022943 0.0019817
0 0 559 -0.0073532 0.0127473 -0.0212797 0.0384163
0 0 560 -0.0332093 0.00586454 -0.0113842 -0.00963924
0 0 561 0.00790188 0.00514005 0.0127042 0.0409079
0 0 562 0.0273101 0.0208142 -0.0284944 0.000455867
0 0 563 -0.0274886 0.0113533 -0.00496045 -0.0218055
0 0 564 -0.00856521 -0.00753864 0.016898 -0.00378379
0 0 565 0.0250639 -0.00300524 0.0203378 0.00632418
0 0 566 -0.00851673 -0.00732892 -0.0109136 0.00545385
0 0 567 -0.00543016 -0.0708537 0.0198302 -0.0173988
0 0 568 0.0184544 -0.0495573 0.00753219 -0.0116406
0 0 569 -0.0123628 -0.0103328 -0.0267622 0.0171739
0 0 570 -0.0194248 -0.0131673 -0.00129644 -0.00493321
0 0 571 0.00151866 0.0126731 -0.0169332 0.0301426
0 0 572 -0.0235133 0.0226932 -0.0198112 0.00959619
0 0 573 -0.0117972 -0.0304196 -0.00961501 -0.0129259
0 0 574 -0.00576952 0.0295632 -0.00829182 -0.00689788
0 0 575 0.000322821 -0.0353385 -0.00703763 -0.00751299
0 0 576 0.0176464 0.00785797 -0.057602 0.0165166
0 0 577 -0.00381415 0.0181068 -0.0109086 0.000230022
0 0 578 0.0217995 -0.0281169 -0.00275268 0.0269716
0 0 579 -0.0115548 0.0315503 -0.0213068 -0.00904433
0 0 580 0.0218157 0.0129464 0.00850794 -0.00146474
0 0 581 0.0256295 0.00148579 0.0117186 -0.0222939
0 0 582 -0.0177441 0.0140819 0.02258 -0.00489832
0 0 583 -0.0253393 0.0343889 0.00703199 0.0141957
0 0 584 -0.0278926 -0.013932 -0.0087797 0.0114158
0 0 585 0.00027434 -0.021052 0.0619996 -0.0220314
0 0 586 -0.0310277 -0.00357721 -0.00140486 -0.00518843
0 0 587 -0.0242889 -0.064579 -0.0443283 -0.0205973
0 0 588 -0.0182128 -0.0420348 0.035494 -0.00525821
0 0 589 -0.020863 0.00726905 -0.0207943 0.0270175
0 0 590 0.00914621 -0.0175439 -0.00163894 -0.02765
0 0 591 -0.00627048 0.0169121 0.0391285 -0.00881298
0 0 592 0.0344528 -0.0061871 0.0335154 -0.0283422
0 0 593 -0.00404039 0.0492496 0.00199304 0.0163587
0 0 594 0.0216702 0.016857 -0.0023338 0.0219057
0 0 595 0.0154163 -0.00840084 -0.0127985 -0.0298405
0 0 596 0.0230277 -0.00232311 -0.00211942 -0.00342574
0 0 597 -0.0517933 -0.0121695 5.63152e-05 -0.0213428
0 0 598 0.0308815 0.0200473 0.00115527 -0.00983204
0 0 599 0.0279565 0.0279702 -0.0217602 0.0112138
0 0 600 -0.0175017 0.0260403 -0.00441837 0.00470103
0 0 601 -0.000743743 0.00554678 -0.0576883 0.00602122
0 0 602 0.0402866 -0.0374972 -0.0118893 0.014563
0 0 603 -0.0126537 0.000867212 -0.0357658 0.0156977
0 0 604 -0.0159988 -0.0133685 -0.0262053 -0.0338157
0 0 605 -0.000307421 -0.0345102 0.0214441 0.00809606
0 0 606 0.007611 -0.0142413 0.0153851 0.00637559
0 0 607 0.0406421 -0.0400118 0.00024851 -0.00249849
0 0 608 0.0360365 -0.0136672 -0.036192 0.0247425
0 0 609 -0.00150327 0.0281629 0.00897611 0.00247379
0 0 610 -0.0223336 0.0344694 0.0105432 0.0342868
0 0 611 -0.0327083 0.0427016 -0.036537 0.0243606
0 0 612 -0.021978 0.0341856 -0.00324056 -0.0115158
0 0 613 0.0314956 -0.0202152 0.0435884 0.0133327
0 0 614 -0.0120558 0.00323983 -0.00885116 0.0296248
0 0 615 0.00610812 0.00611663 -0.0173816 0.0150789
0 0 616 0.0220904 -0.0481549 -0.00580808 -0.0186712
0 0 617 0.0127176 -0.0120996 -0.0121505 -0.0265061
0 0 618 -0.0181804 -0.000124204 -0.0116404 -0.00380766
0 0 619 0.0209915 -0.0259921 0.0194507 -0.0130196
0 0 620 -0.0207499 -0.0304302 0.0431054 -0.035505
0 0 621 -0.0137526 -0.00474446 -0.0489483 0.0187953
0 0 622 -0.005414 0.0064344 0.00642584 -0.0264106
0 0 623 0.0223166 -0.0497056 -0.0248378 -0.013844
0 0 624 -0.0101812 0.0283218 -0.00161676 0.00873503
0 0 625 0.0463466 0.0352427 -0.0112462 0.00858998
0 0 626 0.124642 -0.0128092 -0.0280435 0.0109182
0 0 627 0.138168 0.00316145 -0.0495003 0.0105748
0 0 628 0.149739 -0.0118369 -0.065992 0.0107328
0 0 629 0.340427 0.00910147 -0.0877248 0.0248876
0 0 630 0.719574 -0.0478393 -0.059248 0.0526556
0 0 631 0.999983 -0.0253418 -0.00910003 0.0317125
0 0 632 0.87303 0.0243371 -0.00499495 -0.0268843
0 0 633 0.365411 -0.0370756 0.00485625 -0.00635071
0 0 634 0.111552 -0.010265 -0.0155213 -0.000241867
0 0 635 0.0853247 0.00748301 -0.0221791 -0.014617
0 0 636 0.0710392 -0.00592018 -0.0261511 0.0127837
0 0 637 0.0358749 -0.0555651 -0.0104725 -0.0118702
0 0 638 0.0116187 0.0131879 -0.0405854 -0.028232
0 0 639 0.02508 0.00410838 -0.0172387 0.00203495
0 0 640 0.0326106 -0.0273055 0.0529714 0.0089315
0 0 641 0.0193109 -0.0191094 -0.0129439 6.47691e-05
0 0 642 0.0198442 -0.000213177 -0.00349435 -0.00450723
0 0 643 0.119891 -0.00980958 0.0112504 -0.00616159
0 0 644 0.141222 -0.0425348 0.0416615 0.0530448
0 0 645 0.177906 -0.034506 -0.0567569 0.0276693
0 0 646 0.0832724 -0.0213952 -0.0236033 0.0233158
0 0 647 0.0764205 -0.0475173 0.0594271 0.00323028
0 0 648 0.0617795 0.0315058 -0.00598549 -0.0117545
0 0 649 -0.0219296 -0.0211706 -0.0141488 0.0015245
0 0 650 0.00528396 -0.0350229 0.0128397 -0.0108988
0 0 651 0.0361335 0.0113851 0.0011331 0.00359934
0 0 652 0.0194563 -0.000482216 -0.0621408 0.0173557
0 0 653 0.00413659 -0.035811 -0.0300123 -0.0106803
0 0 654 0.0143982 -0.0157178 0.0418832 0.0130426
0 0 655 0.0232216 -0.0153577 -0.00343275 -0.0065839
0 0 656 -0.030155 0.0223543 -0.0203064 -0.0305988
0 0 657 0.0356487 -0.00879274 0.0264239 -0.0161337
0 0 658 -0.000582142 0.00908876 -0.00275022 -0.0097182
0 0 659 0.0240296 0.0283303 -0.0172018 0.00392801
0 0 660 -0.00118006 -0.00801528 0.00368337 -0.0517732
0 0 661 0.00799884 -0.0471678 -0.0152946 -0.00425567
0 0 662 -0.00652904 0.0043181 -0.00398716 0.0197758
0 0 663 0.00326395 -0.0342603 0.00270515 -0.0125073
0 0 664 -0.0149161 0.00871592 0.0141062 0.0329005
0 0 665 0.0309784 -0.00892832 -0.00879449 -0.00882216
0 0 666 -0.0143828 0.0104636 0.0130516 -0.00824745
0 0 667 0.030736 0.00751055 -0.0151344 0.00843024
0 0 668 -0.00496152 -0.0257167 0.0263254 0.00259314
0 0 669 0.00830588 0.0356875 -0.0226941 -0.00339269
0 0 670 0.000839942 0.0525586 0.0131921 0.00369115
0 0 671 0.050322 0.00081637 0.0264486 0.00744973
0 0 672 0.00466987 0.012438 0.0077638 0.0183124
0 0 673 -0.022576 0.00233315 -0.0232288 0.0157564
0 0 674 0.0002905 -0.0325952 0.0215846 0.025622
0 0 675 0.0136387 -0.0276911 0.00911656 -0.00696949
0 0 676 0.00641516 -0.0174189 -0.0134466 0.0165295
0 0 677 0.0343397 -0.022948 0.0394956 0.047351
0 0 678 0.0221712 -0.044221 0.00503366 0.000720272
0 0 679 0.00360331 0.0241846 -0.000229512 0.00320825
0 0 680 -0.0455232 -0.0228272 -0.0212378 -0.00423548
0 0 681 -0.00269911 0.0166811 -0.0143706 0.0367711
0 0 682 0.0698434 0.0229665 0.0144389 -0.0457011
0 0 683 0.00827356 -0.0162792 -0.0325798 0.0140176
0 0 684 -0.00753096 0.0229072 0.0286785 -0.0417148
0 0 685 -0.0196348 0.0191682 0.00751001 0.00603958
0 0 686 -0.030349 0.0154758 0.0336361 -0.000638474
0 0 687 -0.0465898 -0.00418943 0.00884551 -0.00836496
0 0 688 0.00384571 -0.019425 -0.000567085 -0.0172629
0 0 689 0.00625356 -0.0321482 -0.00842734 -0.0103829
0 0 690 -0.0357464 0.0679742 -0.00249396 -0.0252869
0 0 691 0.0347114 -0.0156352 0.0131403 -0.0207112
0 0 692 0.00602732 -0.022429 -0.00760436 -0.00747627
0 0 693 0.0143013 0.00462315 -0.00470666 -0.000910223
0 0 694 -0.0251293 0.0115694 -0.00241511 0.0055989
0 0 695 -0.00163255 -0.0306886 -0.0086294 -0.00162448
0 0 696 0.0217026 0.0440807 0.0145005 0.0271093
0 0 697 -0.0115387 0.0308872 -0.0485911 0.0191845
0 0 698 0.013768 0.0113279 -0.0217627 0.0187732
0 0 699 0.00276299 -0.0186984 0.00665253 -0.00791143
0 0 700 -0.00916313 0.0126795 -0.0276419 -0.0126799
0 0 701 -0.0102297 0.0232313 0.0466585 0.00192478
0 0 702 0.00413659 -0.00436526 -0.0217602 -0.00363506
0 0 703 -0.0195864 0.0451526 0.00269529 0.00335514
0 0 704 -0.0244021 0.0148297 -0.0296993 -0.019795
0 0 705 0.0132024 -0.0228081 -0.0122959 -0.0142241
0 0 706 0.0268091 -0.0326058 0.0195542 -0.0562093
0 0 707 -0.00181031 0.0133785 -0.0450847 -0.0182728
0 0 708 -0.0138819 -0.0383912 -0.020304 -0.0188677
0 0 709 0.0318026 -0.0171647 0.00698024 0.00954845
0 0 710 -0.000194301 -0.00645402 0.0247434 -0.0199437
0 0 711 0.0174202 0.0152173 -0.0180987 0.0010214
0 0 712 0.0171454 0.00921375 -0.000870161 0.0027841
0 0 713 0.00722316 -0.0484007 0.066733 0.006315
0 0 714 -0.0125567 0.031974 -0.00456128 0.0508855
0 0 715 -0.00223047 0.0105272 0.0066747 -0.00130867
0 0 716 -0.00593112 0.00353005 0.00791411 -0.00348633
0 0 717 -0.0128315 -0.00529313 -0.0216296 -0.0204284
0 0 718 -0.00134166 -0.012411 -0.0281002 0.000312648
0 0 719 0.0253547 -0.0369994 0.0366965 0.0102003
0 0 720 -0.0391562 -0.0089495 0.0233266 0.00571274
0 0 721 -0.0184875 -0.00713614 -0.0388581 -0.00382785
0 0 722 -0.0165644 -0.0235411 -0.00880681 0.0120089
0 0 723 -0.00161639 -0.0191115 0.0466881 -0.0173988
0 0 724 0.016095 0.00129513 -0.0473443 0.012411
0 0 725 -0.00859753 -0.0144807 -0.0410955 -0.0420912
0 0 726 0.0200704 -0.0123962 0.00428952 -0.0338066
0 0 727 0.00816044 0.00455325 -0.0423743 -0.0030732
0 0 728 0.0151093 0.0219475 -0.00954355 -0.0073202
0 0 729 -0.017938 -9.80992e-06 -0.0117907 0.0208003
0 0 730 0.0328368 -0.00967824 -0.00638713 0.00791244
0 0 731 -0.00473527 0.0222356 0.00817037 0.00152267
0 0 732 -0.0181804 -0.00167064 -0.0316188 0.0237345
0 0 733 -0.00971257 0.0109148 0.0182754 0.0127213
0 0 734 -0.00633512 -0.0246406 -0.0226128 -0.0105922
0 0 735 -0.000145821 0.00402576 0.0115042 -0.0133629
0 0 736 0.0168384 -0.0136354 -0.00272311 0.0376818
0 0 737 0.0168546 -0.00728231 0.0236396 -0.0043842
0 0 738 -0.0590492 0.0075741 -0.016635 0.0086928
0 0 739 -0.02117 0.0201214 -0.0579445 0.00154837
0 0 740 0.014172 -0.0418442 0.0349273 -0.0032458
0 0 741 -0.00953481 -0.0123898 0.0121473 0.01426
0 0 742 0.043551 -0.0330104 -0.0244362 0.011425
0 0 743 0.0185675 -0.0129448 0.0179181 0.0124422
0 0 744 0.0294755 0.00931332 0.00277661 0.0432729
0 0 745 -0.0181643 -0.012697 -0.0145086 -0.00100203
0 0 746 0.0204259 -0.00237607 0.0239081 -0.00699153
0 0 747 -0.0296702 -0.0045771 -0.0115641 0.00702742
0 0 748 -0.00237591 0.00233739 0.0120093 -0.0147456
0 0 749 0.0139296 0.012654 0.00150024 0.00382519
0 0 750 0.0435186 -0.0252231 0.0308641 -0.0217266
0 0 751 0.0255971 0.00827953 0.0275845 -0.00983571
0 0 752 0.0176141 -0.0127415 -0.0216838 -0.0179882
0 0 753 -0.0210892 0.00949762 0.0129136 0.0250749
0 0 754 0.0182282 -0.04406 0.0120586 0.00369666
0 0 755 -0.0434224 -0.0284029 0.0342866 -0.0342105
0 0 756 0.0153678 0.0301564 -0.0460506 0.0279264
0 0 757 -0.00297383 0.0385177 -0.033521 0.0089517
0 0 758 0.0112632 -0.0320995 -0.00220074 -0.00951071
0 0 759 0.0171616 0.0445912 -0.0307022 0.00740199
0 0 760 -0.0318842 -0.0115213 0.0311376 0.000665188
0 0 761 0.038509 -0.0253566 0.0445715 -0.0291097
0 0 762 -0.00769256 0.00888963 -0.0687222 -0.00688319
0 0 763 -0.0152555 -0.0113031 -0.0210703 0.00684748
0 0 764 0.0249346 0.00389866 -0.00799367 -0.0159464
0 0 765 -0.00395959 -0.0139129 0.0412254 0.00177789
0 0 766 -0.0336133 0.0166282 -0.0108396 0.00796202
0 0 767 0.0411916 0.0445721 -0.0396442 0.0149577
0 0 768 0.0233024 -0.0394927 0.00302301 0.00849266
0 0 769 0.0079342 0.0485081 -0.0385624 -0.0348789
0 0 770 -0.0186006 0.0293895 0.00121687 0.0263804
0 0 771 0.00636668 -0.0308115 0.0207961 0.0213585
0 0 772 -0.00724008 0.00838757 0.010765 0.02235
0 0 773 0.00875837 0.00471848 -0.0138014 -0.000656835
0 0 774 0.0288291 -0.0375523 -0.0122885 -0.0379342
0 0 775 0.045474 -0.038173 -0.00894972 0.0105675
0 0 776 0.0358264 0.0200261 -0.043971 0.0434473
0 0 777 0.0218803 -0.0339849 -0.0041079 -0.0363129
0 0 778 -0.0315125 -0.00358781 0.051318 -0.0163981
0 0 779 -0.0178249 0.0463092 0.00714287 -0.018214
0 0 780 -0.0243051 0.0166345 0.0420138 -0.0192955
0 0 781 0.00454059 -0.0301696 0.0127116 -0.00970167
0 0 782 -0.0330962 0.0126731 0.0104422 0.000865327
0 0 783 0.00305387 -0.00359628 -0.0377222 0.0199814
0 0 784 0.00570412 0.00163196 0.00397412 -0.0176797
0 0 785 0.0188261 0.0277964 0.0151263 -0.0108621
0 0 786 0.0290392 0.0142768 -0.0288098 0.00855142
0 0 787 -0.0101812 0.0290844 -0.025439 0.0213952
0 0 788 -0.000129661 -0.0306463 -0.000505484 -0.0012646
0 0 789 -0.0230446 -0.0144849 0.0146064 0.0112083
0 0 790 -0.0243859 0.012582 -0.0312862 -0.0134162
0 0 791 -0.00947017 0.00696823 0.00147313 0.00417038
0 0 792 0.0152224 -0.00582697 0.0292649 -0.0170316
0 0 793 -0.0145929 0.0356642 0.0103781 -0.011009
0 0 794 -0.0190208 0.0341263 -0.0300665 -0.00754971
0 0 795 0.0196502 -0.0205859 0.0184331 -0.00249665
0 0 796 0.0233671 -0.0133706 0.0246178 -0.040446
0 0 797 -0.0188268 0.0114889 -0.0558008 -0.0366434
0 0 798 -0.000921503 0.000210505 0.00837242 0.0211235
0 0 799 0.0129277 0.0309169 0.0396311 -0.0280062
0 0 800 -0.00332935 -0.00982864 0.00230844 -0.018708
0 0 801 -0.0270846 0.0123426 -0.00563806 -0.0220773
0 0 802 -0.0156756 0.00180143 -0.0143459 0.00216715
0 0 803 -0.0112801 0.0108809 -0.0142449 -0.00128663
0 0 804 -0.0316579 0.0109127 -0.00815137 -0.0250096
0 0 805 0.0228499 -0.0142455 0.00264848 -0.0114974
0 0 806 0.00612428 -0.0367494 0.0179575 0.0284515
0 0 807 0.0175494 -0.00526135 -0.00184838 0.0119336
0 0 808 -0.0179219 -0.0189696 0.0398923 0.00469185
0 0 809 -0.0345667 0.011097 0.0156758 -0.0187171
0 0 810 -0.00698152 0.0208523 0.0167649 -0.0168571
0 0 811 0.0416279 -0.00299677 -0.0177463 0.0274967
0 0 812 0.00349019 0.00545569 0.000327359 0.018764
0 0 813 0.0198442 0.0157808 -0.012079 -0.0265354
0 0 814 0.00436283 -0.0350759 -0.0110047 -0.0108566
0 0 815 -0.0263736 -0.0131545 0.00466405 0.016904
0 0 816 0.0145275 -0.0137202 0.0357774 0.00493789
0 0 817 -0.0194409 0.0265762 -0.0240074 0.00798589
0 0 818 -0.0054948 0.00189676 -0.0645038 -0.00855959
0 0 819 0.0108915 -0.0385373 0.028506 -0.0293576
0 0 820 -0.0184713 -0.00491393 -0.0306283 0.0170252
0 0 821 -0.00862985 -0.0370142 -0.000572013 0.016311
0 0 822 0.00732012 -0.0134066 0.0194729 -0.0134015
0 0 823 -0.00418583 0.0109678 0.0196232 0.00338084
0 0 824 -0.0100358 -0.0355419 -0.00362248 -0.0260452
0 0 825 0.0106653 0.00878371 -0.0069095 -0.00084963
0 0 826 0.000387461 -0.00897704 -0.0199023 -0.0158417
0 0 827 -0.000986143 0.0128913 0.0169177 0.0283285
0 0 828 -0.0130254 -0.00303914 -0.012185 -0.0200006
0 0 829 0.0334994 -0.00217483 0.00775395 -0.0232175
0 0 830 0.00426587 0.00616536 -0.00139746 -0.00788573
0 0 831 -0.000275101 0.00120828 0.00972517 0.0162595
0 0 832 -0.0300258 0.0105272 -0.0431998 -0.0255311
0 0 833 -0.0164836 -0.00730138 -0.00386889 -0.020287
0 0 834 0.0248861 0.0161325 0.0168758 -0.0102488
0 0 835 0.00245595 0.00768638 -0.0344032 -0.00446132
0 0 836 -0.000178141 -0.00155413 0.0317906 0.0204368
0 0 837 -0.011474 0.0307538 0.0335548 -0.00374339
0 0 838 -0.042469 -0.0283753 0.0139535 0.0178919
0 0 839 0.0205067 -0.0325761 0.00802992 -0.00809688
0 0 840 0.0175171 -0.0195627 0.00040128 -0.0348256
0 0 841 0.0112793 -0.00664891 -0.0011141 0.0181049
0 0 842 -0.0164675 0.0132112 -0.0140256 0.0103398
0 0 843 0.00828972 0.00559339 0.00817037 0.0303795
0 0 844 -0.00423431 -0.0253629 0.0503989 0.0216633
0 0 845 -0.0103751 -0.0217341 -0.0289774 0.0424466
0 0 846 0.0106006 -0.0207999 -0.00267876 -0.00944461
0 0 847 0.00484763 -0.00926938 -0.0180987 -0.0121823
0 0 848 0.00799884 -0.0139786 -0.00226727 0.0167002
0 0 849 -0.00919545 0.0102221 -0.047359 0.0261949
0 0 850 -0.0136233 -0.03125 0.0215353 0.0031348
0 0 851 0.00386187 -0.0143578 -0.0294579 0.0273792
0 0 852 -0.0163867 -0.0190077 -0.00536702 -0.00962823
0 0 853 -0.0158534 0.0173294 0.0118319 -0.0140221
0 0 854 0.041838 -0.000806332 0.0205743 -0.0269192
0 0 855 -0.0190046 0.00924764 -0.0319096 -0.0377983
0 0 856 0.0180827 -0.00524228 -0.0339695 0.0215017
0 0 857 0.0374909 -0.0497522 -0.00463766 -0.0175218
0 0 858 0.0284251 -0.0296824 0.018199 0.00453027
0 0 859 -0.00172951 0.0236804 -0.0204888 -0.0258616
0 0 860 0.0108592 0.0123236 -0.00577112 -0.0220038
0 0 861 0.0477687 0.00229926 0.0528063 -0.00548956
0 0 862 -0.0269069 -0.0102396 -0.0397846 -0.0117324
0 0 863 0.0212501 -0.0048525 -0.0272476 -0.0155994
0 0 864 0.0196987 -0.0595605 0.0066131 -0.00255357
0 0 865 0.0010177 0.0412484 0.0253274 0.0399182
0 0 866 -0.0398026 -0.0304493 -0.0567741 0.0331667
0 0 867 0.0160465 0.00438377 0.0121325 -0.00256642
0 0 868 0.0232539 -0.00292686 0.0287278 -0.00814462
0 0 869 0.0131701 -0.0280597 0.0201431 -0.0372456
0 0 870 0.0130569 0.0333848 -0.0295564 0.020681
0 0 871 0.0124752 0.0224665 0.0117974 -0.0166533
0 0 872 -0.0100035 0.0149059 -0.0203606 0.00749197
0 0 873 -0.0106822 0.00907605 9.82037e-05 0.000107
0 0 874 0.00633436 -0.0086042 0.0179945 0.0112781
0 0 875 0.00509004 -0.0171117 -0.0239261 0.0391746
0 0 876 0.0251123 -0.019908 -0.0304509 -0.0145105
0 0 877 -0.0265029 -0.0284558 -0.0169356 0.00563563
0 0 878 0.0270839 0.00419524 -0.010746 0.0233489
0 0 879 -0.00714312 -0.0099727 -0.0222037 0.0160337
0 0 880 0.00284379 0.0249408 -0.031912 -0.0297964
0 0 881 0.00458907 0.00332033 0.0445345 -0.0384979
0 0 882 0.0284736 -0.0390394 0.0121769 0.0270634
0 0 883 -0.0209923 -0.0109069 -0.0074368 0.00224611
0 0 884 -0.00741784 -0.0231534 -0.0245815 -0.0166607
0 0 885 0.0154001 0.0136031 -0.0082524 -0.00952173
0 0 886 -0.0365221 -0.0283351 0.0181497 -0.00828601
0 0 887 0.00972797 0.0138976 -0.0198136 -0.0332998
0 0 888 -0.0519873 0.0391321 0.037411 -0.00360752
0 0 889 -0.0101974 -0.034076 0.00403573 -0.00371952
0 0 890 0.00568796 0.0120715 0.0227229 0.00746259
0 0 891 -0.0159019 0.0028331 -0.0117784 -0.00715127
0 0 892 -0.0344698 0.0155203 0.00462709 0.00881399
0 0 893 0.0159011 0.0424622 0.00279632 0.0155196
0 0 894 -0.0199904 0.00175483 -0.039139 0.0118693
0 0 895 -0.024499 -0.0186073 0.039572 -0.00518476
0 0 896 0.0164182 -0.0464602 -0.0170194 0.00888193
0 0 897 -0.016322 0.0245913 -0.02075 -0.00682811
0 0 898 0.040125 -0.0382895 -0.0176083 0.00641048
0 0 899 0.00517084 -0.0414692 0.0268773 0.0124422
0 0 900 -0.0200227 0.00654243 -0.0328902 0.0204221
0 0 901 -0.0235456 0.0217717 -0.035268 -0.00660961
0 0 902 0.00500923 0.00165526 0.0393428 -0.00111954
0 0 903 0.0207491 0.0159439 0.00768496 -0.0106987
0 0 904 0.000371301 0.0300356 -0.0351917 0.00657206
0 0 905 0.00387803 0.0285188 0.0467399 0.0226291
0 0 906 0.0130085 -0.0284897 -0.00839285 -0.0439421
0 0 907 -0.0311246 0.00499176 -0.0382323 -0.0152119
0 0 908 0.00450827 -0.0122627 0.0179575 -0.0169985
0 0 909 -0.0339688 -0.00656629 -0.029857 -0.0120391
0 0 910 -0.0148191 0.0189415 0.0117432 0.00353691
0 0 911 0.00019354 0.0286947 -0.0272821 0.0002594
0 0 912 0.0245467 0.0204943 -0.0151689 0.0154112
0 0 913 0.0380565 0.00162137 0.0107527 0.0204037
0 0 914 0.0268253 0.0139081 -0.0265922 0.0176844
0 0 915 -0.00825817 -0.0153513 0.0406118 0.0220177
0 0 916 0.035584 -0.0110001 0.0153456 -0.014494
0 0 917 -0.0109246 0.00739615 -0.0286718 -0.0258524
0 0 918 0.00929165 0.00790669 0.00337783 0.000207988
0 0 919 -0.0125406 0.0142577 0.0033113 -0.00373788
0 0 920 0.00649596 -0.000759727 -0.00450461 0.0379609
0 0 921 0.000646021 -0.0114132 -0.0629317 -0.0193892
0 0 922 -0.0124113 0.00487101 0.0224987 -0.0136035
0 0 923 0.0176626 -0.00949393 0.0223188 -0.00839618
0 0 924 0.0170485 -0.0225666 -0.0154449 -0.0665817
0 0 925 -0.0152878 0.0070212 0.0341289 0.00953192
0 0 926 0.00349019 -0.0155844 0.00567923 0.030811
0 0 927 -0.0338395 0.0409793 0.0126253 0.0125028
0 0 928 -0.0207176 -0.0277059 -0.00565531 -0.00526188
0 0 929 0.02306 -0.0470279 0.00528499 -0.043707
0 0 930 -0.0109407 0.0179119 0.0131058 -0.00826397
0 0 931 -0.0108761 0.00108753 -0.0156026 -0.0314214
0 0 932 0.00593036 -0.011176 -0.00157241 0.0167296
0 0 933 0.0113278 -0.0126673 -0.0123427 -0.0117141
0 0 934 0.00565564 -0.0254689 0.0124676 0.0225263
0 0 935 0.0158849 0.0141666 0.0114549 0.0148072
0 0 936 -0.0471716 0.0135268 -0.0488991 0.0304658
0 0 937 0.0143982 -0.0145463 0.0200371 -0.0215944
0 0 938 -0.0413863 0.00332669 -0.0346151 0.00780227
0 0 939 -0.0220104 0.00623315 -0.0361009 -0.0265979
0 0 940 -0.00395959 -0.0528769 0.0539348 -0.0146354
0 0 941 -0.0244344 0.01709 -0.0309609 0.0050958
0 0 942 0.0410946 -0.0133812 0.00889726 0.00429708
0 0 943 0.00294075 -0.0387047 0.0184996 0.00511233
0 0 944 -0.0301712 0.0333213 0.026695 -0.0289114
0 0 945 -0.0217518 0.00995943 0.00648004 0.0279484
0 0 946 0.0169192 0.0240892 -0.0273215 0.011078
0 0 947 0.00759484 -0.00773777 0.0281734 -0.00250399
0 0 948 0.00799884 -0.039425 -0.0131139 -0.00545468
0 0 949 0.00295691 -0.0341035 -0.00788772 0.0072294
0 0 950 0.00848365 -0.0221959 0.00483161 -0.0153056
0 0 951 0.00694844 -0.00891137 -0.00866143 0.00542263
0 0 952 -0.0246929 -0.0255261 -0.0192371 -0.0217321
0 0 953 0.0119742 -0.0193445 0.00294662 -0.028344
0 0 954 -0.00450903 -0.0377726 0.0447982 0.0129857
0 0 955 -0.00585032 0.0123659 -0.0113349 0.00319172
0 0 956 -0.000501342 -0.00304126 -0.0434905 0.0235821
0 0 957 0.00869373 -0.0259222 0.00724389 0.00121236
0 0 958 0.007207 -0.00220448 -0.00809963 0.0120327
0 0 959 -0.0162412 0.0119317 -0.00273543 0.0275463
0 0 960 0.00384571 0.0214836 0.0066476 -0.00478081
0 0 961 0.0365213 0.00602554 0.0181374 0.000802898
0 0 962 0.01296 0.0304974 0.00824676 0.0193902
0 0 963 -0.00908233 -0.000990634 -0.0218194 -0.0207791
0 0 964 0.020636 -0.00019623 0.0377018 0.0208095
0 0 965 0.00394267 0.034766 0.00291459 -0.0180873
0 0 966 -0.0161119 0.0174883 0.0149267 -0.00286755
0 0 967 -0.00709464 0.0042715 0.016213 -0.00237363
0 0 968 0.0138649 0.0140649 0.0175682 0.0185841
0 0 969 0.0131862 -0.0180608 -0.014171 0.053289
0 0 970 0.0166768 -0.00602186 0.0347129 -0.0471975
0 0 971 -0.00827433 0.000426583 0.00210885 -0.00689972
0 0 972 0.0233186 0.0376216 -0.018488 0.0361597
0 0 973 -0.0194409 0.0582528 -0.00236829 0.0344025
0 0 974 0.0291039 -0.036116 0.0157029 -0.00626074
0 0 975 0.0155941 -0.0261531 -0.00519207 0.023718
0 0 976 -0.0101489 0.0369099 0.0066821 0.00722573
0 0 977 -0.00242439 0.0185178 -0.0548768 0.00728815
0 0 978 0.00250443 -0.0320825 0.0213776 -0.0267246
0 0 979 -0.0182936 -0.0446913 -0.0365074 -0.00920592
0 0 980 -0.00239207 0.0269872 -0.0181011 -0.0264601
0 0 981 0.0333701 -0.009513 0.0221858 0.00510131
0 0 982 -0.00924393 -0.010104 0.0140003 -0.020713
0 0 983 0.00528396 0.0363548 -0.0237339 0.0482176
0 0 984 0.0315602 -0.0327393 0.0244502 0.0299168
0 0 985 0.0146891 0.0211256 -0.0164773 -0.0414063
0 0 986 0.0120389 0.0165456 0.0042156 0.0176183
0 0 987 0.00347403 -0.0305827 -0.0430692 0.032166
0 0 988 -0.0238203 0.00241365 -0.0245939 0.0272911
0 0 989 -0.0311246 0.0215874 0.0406512 0.0146015
0 0 990 -0.0495148 0.006803 -0.0134096 0.0203909
0 0 991 -0.00331319 0.00717372 0.00198812 0.0220801
0 0 992 0.00505771 -0.00444576 0.0343606 -0.0249141
0 0 993 0.00651212 0.0230787 -0.0258283 -0.025061
0 0 994 0.0114894 -0.00566385 0.00796586 -0.017116
0 0 995 -0.02096 0.0153084 -0.0125546 -0.0197601
0 0 996 0.0153032 -0.0466975 0.0125588 -0.00116361
0 0 997 -0.0314802 0.0352363 -0.0416031 0.000444851
0 0 998 -0.0146091 0.000695621 0.0284986 -0.0331125
0 0 999 0.0101966 -0.0131164 0.0499258 -0.0374311
0 0 1000 0.00946941 -0.0014588 -0.0183672 -0.00835945
0 0 1001 0.0110854 -0.0170185 0.0178023 -0.0326957
0 0 1002 -0.036005 0.0120672 0.0236716 0.0246415
0 0 1003 0.0137033 -0.0169317 0.0106098 -0.0119014
0 0 1004 -0.0209761 0.00383511 -0.0153045 -0.0205753
0 0 1005 0.0269546 -0.0282376 0.021794 0.0103196
0 0 1006 0.0565275 -0.0553533 0.0203969 0.00230486
0 0 1007 -0.0124436 0.0115016 -0.0312738 -0.0108952
0 0 1008 0.00193883 0.0338996 -0.0258333 0.00125826
0 0 1009 0.010843 0.00339659 0.030428 -0.00124991
0 0 1010 -0.00467063 0.0434176 -0.0127838 0.0107823
0 0 1011 -0.031157 -0.0254286 -0.0244017 0.0175155
0 0 1012 0.0212339 0.0223309 0.0166959 0.00290712
0 0 1013 -0.00415351 0.0374797 -0.0068134 -0.0177807
0 0 1014 0.00221355 0.017662 -0.0405287 -0.0329234
0 0 1015 -0.00336167 0.00149214 0.023509 -0.00216431
0 0 1016 0.04103 -0.00899823 -0.00146646 -0.00593207
0 0 1017 -0.0184713 0.0216954 0.0101441 0.0266741
0 0 1018 -0.025307 -0.0155886 -0.0207475 -0.00456782
0 0 1019 0.0408361 0.0177149 0.0331901 0.00171913
0 0 1020 -0.00300615 -0.0210414 -0.0269051 -0.018102
0 0 1021 -0.021978 -0.025721 -0.00891029 -5.45802e-05
0 0 1022 -0.00732088 -0.0101443 -0.0175714 0.0203927
0 0 1023 -3.80492e-07 -1.33628e-06 -3.57549e-07 -1.33204e-06
