0 0 0 -0.0015186
0 0 1 -0.00559814
0 0 2 -0.0106704
0 0 3 -0.0142381
0 0 4 -0.00711827
0 0 5 -0.0165648
0 0 6 -0.0129196
0 0 7 -0.0103757
0 0 8 -0.00274401
0 0 9 -0.0149516
0 0 10 -0.0011153
0 0 11 -0.000510348
0 0 12 -0.00772322
0 0 13 0.00100978
0 0 14 -0.00345754
0 0 15 0.0060045
0 0 16 -0.00508625
0 0 17 -0.00417107
0 0 18 -0.0052879
0 0 19 -0.00213906
0 0 20 -0.00814203
0 0 21 -0.00243378
0 0 22 -0.00334896
0 0 23 0.00203355
0 0 24 -0.00345754
0 0 25 -0.00468295
0 0 26 -0.00234071
0 0 27 -0.00579979
0 0 28 -0.00162718
0 0 29 -0.0086384
0 0 30 -0.00763015
0 0 31 0.0060045
0 0 32 -0.00468295
0 0 33 -0.00356612
0 0 34 0.00406556
0 0 35 0.00437579
0 0 36 0.00366226
0 0 37 -0.00173576
0 0 38 0.0112784
0 0 39 0.000715064
0 0 40 0.00212661
0 0 41 0.00477909
0 0 42 0.0110768
0 0 43 0.00355368
0 0 44 0.000808133
0 0 45 0.00589592
0 0 46 0.0188015
0 0 47 0.0257197
0 0 48 0.0337547
0 0 49 0.0605896
0 0 50 0.120371
0 0 51 0.200783
0 0 52 0.247038
0 0 53 0.22996
0 0 54 0.150665
0 0 55 0.101974
0 0 56 0.075124
0 0 57 0.0813286
0 0 58 0.0763494
0 0 59 0.0990273
0 0 60 0.139388
0 0 61 0.202722
0 0 62 0.332755
0 0 63 0.546241
0 0 64 0.830909
0 0 65 0.999969
0 0 66 0.859977
0 0 67 0.540036
0 0 68 0.312823
0 0 69 0.188482
0 0 70 0.127181
0 0 71 0.0908837
0 0 72 0.0691365
0 0 73 0.0637385
0 0 74 0.0789863
0 0 75 0.0969797
0 0 76 0.0921091
0 0 77 0.0627302
0 0 78 0.0455434
0 0 79 0.0238893
0 0 80 0.00752463
0 0 81 0.0089517
0 0 82 0.00995995
0 0 83 0.0187085
0 0 84 0.0064078
0 0 85 0.0104718
0 0 86 0.00417414
0 0 87 0.0137293
0 0 88 0.0072144
0 0 89 -0.000711998
0 0 90 0.00132001
0 0 91 0.00589592
0 0 92 0.00955665
0 0 93 0.0115887
0 0 94 0.00508932
0 0 95 0.00406556
0 0 96 0.0117903
0 0 97 0.00294873
0 0 98 0.00823816
0 0 99 0.009355
0 0 100 0.00812958
0 0 101 -0.000603418
0 0 102 0.00192496
0 0 103 0.00437579
0 0 104 -0.000308698
0 0 105 0.00366226
0 0 106 0.00701275
0 0 107 -0.00142553
0 0 108 0.00538404
0 0 109 0.00395698
0 0 110 0.0102702
0 0 111 0.00529097
0 0 112 0.00620615
0 0 113 0.00274708
0 0 114 0.00712133
0 0 115 0.0157613
0 0 116 0.0089517
0 0 117 0.00732298
0 0 118 0.00578734
0 0 119 0.0158543
0 0 120 0.00192496
0 0 121 0.00346061
0 0 122 0.0101616
0 0 123 0.0102702
0 0 124 0.00346061
0 0 125 -0.00142553
0 0 126 0.00315038
0 0 127 -0.00203048
