0 0 0 0.0344701
0 0 1 0.0720989
0 0 2 0.115984
0 0 3 0.131655
0 0 4 0.122255
0 0 5 0.17554
0 0 6 0.0501564
0 0 7 0.0438849
0 0 8 0.00939956
0 0 9 0.0689555
0 0 10 0.103441
0 0 11 0.162997
0 0 12 0.210025
0 0 13 0.250767
0 0 14 0.191211
0 0 15 0.090898
0 0 16 0.115984
0 0 17 0.11284
0 0 18 0.0250706
0 0 19 0.169268
0 0 20 0.166125
0 0 21 0.266453
0 0 22 0.442008
0 0 23 0.699046
0 0 24 0.742947
0 0 25 0.912215
0 0 26 0.996857
0 0 27 1
0 0 28 0.924758
0 0 29 0.959243
0 0 30 0.943557
0 0 31 0.877729
0 0 32 0.802502
0 0 33 0.695918
0 0 34 0.586206
0 0 35 0.48275
0 0 36 0.407507
0 0 37 0.373037
0 0 38 0.366766
0 0 39 0.347951
0 0 40 0.354223
0 0 41 0.326009
0 0 42 0.222568
0 0 43 0.156725
0 0 44 0.103441
0 0 45 0.0846265
0 0 46 0.0438849
0 0 47 0.0814984
0 0 48 0.115984
0 0 49 0.0720989
0 0 50 0.0658274
0 0 51 0.0344701
0 0 52 0.0814984
0 0 53 0
0 0 54 0.0532845
0 0 55 0.0376135
0 0 56 0.106569
0 0 57 0.00939956
0 0 58 0.059556
0 0 59 0.0219425
0 0 60 0.047013
0 0 61 0.128527
0 0 62 0.134798
0 0 63 0.137926
