0 0 0 -0.0832914
0 0 1 0.00109281
0 0 2 -0.0528602
0 0 3 0.0126801
0 0 4 0.015077
0 0 5 0.0136554
0 0 6 0.02678
0 0 7 -0.0393224
0 0 8 -0.00702328
0 0 9 0.0272098
0 0 10 0.0258047
0 0 11 -0.0205777
0 0 12 0.00401857
0 0 13 0.00715922
0 0 14 -0.034661
0 0 15 -0.0524304
0 0 16 0.0118206
0 0 17 0.0461694
0 0 18 0.0519052
0 0 19 0.0689142
0 0 20 0.0779064
0 0 21 0.0814768
0 0 22 -0.00604803
0 0 23 -0.0274044
0 0 24 -0.021867
0 0 25 -0.0224124
0 0 26 0.0202673
0 0 27 -0.0308591
0 0 28 -0.0191561
0 0 29 0.00337391
0 0 30 -0.024363
0 0 31 -0.0107094
0 0 32 -0.0299996
0 0 33 0.015391
0 0 34 -0.0141806
0 0 35 0.0459545
0 0 36 -0.00302309
0 0 37 0.0274247
0 0 38 -0.00193213
0 0 39 -0.0543809
0 0 40 -0.0111392
0 0 41 0.0421526
0 0 42 0.0589468
0 0 43 0.0141017
0 0 44 0.00608478
0 0 45 0.00249784
0 0 46 -0.00723817
0 0 47 -0.021338
0 0 48 -0.0283797
0 0 49 -0.022743
0 0 50 -0.0259829
0 0 51 0.0190771
0 0 52 -0.0137509
0 0 53 0.0432436
0 0 54 -0.0186271
0 0 55 -0.0277185
0 0 56 0.0149612
0 0 57 0.0397724
0 0 58 -0.00897379
0 0 59 0.073245
0 0 60 0.0283999
0 0 61 0.0677241
0 0 62 0.0625172
0 0 63 0.0424832
0 0 64 -0.00117176
0 0 65 -0.0285946
0 0 66 -0.0318344
0 0 67 0.0127959
0 0 68 0.00825018
0 0 69 0.0428138
0 0 70 -0.0272887
0 0 71 -0.0381157
0 0 72 0.0099858
0 0 73 0.0373921
0 0 74 0.0473595
0 0 75 -0.0026925
0 0 76 0.0455082
0 0 77 -0.0226273
0 0 78 -0.00290738
0 0 79 0.0391277
0 0 80 0.0868986
0 0 81 0.11766
0 0 82 0.112569
0 0 83 0.0991471
0 0 84 0.09437
0 0 85 0.0459545
0 0 86 0.086568
0 0 87 0.0503844
0 0 88 0.100767
0 0 89 0.111065
0 0 90 0.0900392
0 0 91 0.0731459
0 0 92 0.0992463
0 0 93 0.161547
0 0 94 0.15429
0 0 95 0.0681539
0 0 96 0.121892
0 0 97 0.121347
0 0 98 0.0711953
0 0 99 0.076832
0 0 100 0.0229782
0 0 101 0.085163
0 0 102 0.0737905
0 0 103 -0.00161806
0 0 104 0.107379
0 0 105 0.0340365
0 0 106 -0.0197016
0 0 107 -0.0422316
0 0 108 -0.046364
0 0 109 -0.0486286
0 0 110 0.00206806
0 0 111 -0.0339998
0 0 112 0.0367474
0 0 113 0.11452
0 0 114 0.0277552
0 0 115 0.0750964
0 0 116 0.00109281
0 0 117 -0.0528602
0 0 118 -0.0235034
0 0 119 0.0254741
0 0 120 0.0554756
0 0 121 0.215384
0 0 122 0.999984
0 0 123 0.524688
0 0 124 -0.0161312
0 0 125 -0.0345453
0 0 126 -0.00854402
0 0 127 -0.0638029
