0 0 0 -21.422 -22.5359 -0.108137 13.7205
0 0 1 -7.60144 -26.0282 -22.2847 -16.2549
0 0 2 -25.5764 19.088 -10.792 -17.115
0 0 3 -15.3449 -7.19299 10.3232 -12.1027
0 0 4 11.5912 20.4544 10.4769 -4.91289
0 0 5 3.18934 11.3413 -18.588 -2.83679
0 0 6 9.81996 7.64434 10.627 12.556
0 0 7 1.8201 6.02397 2.88217 2.02575
0 0 8 9.76752 18.1755 -3.80119 -2.78522
0 0 9 22.6326 -13.926 14.2248 -13.2173
0 0 10 8.70709 -0.102344 6.88267 -4.50699
0 0 11 2.57756 2.581 7.69155 5.61901
0 0 12 2.02403 -2.53413 6.4764 9.01098
0 0 13 -5.16594 11.7951 -4.00615 -5.62156
0 0 14 -13.3231 14.8854 13.6648 -3.64693
0 0 15 5.922 9.06246 21.2632 5.8203
0 0 16 4.85574 1.9225 0.653166 -0.304872
0 0 17 19.7426 2.12473 14.2761 11.0388
0 0 18 8.20018 13.8718 18.4779 28.3031
0 0 19 0.351811 7.39031 1.10702 -2.2795
0 0 20 4.75669 -0.154137 -1.67466 11.6444
0 0 21 10.5308 -16.9645 7.23404 -1.31631
0 0 22 -2.58477 -3.09151 -10.4882 4.04862
0 0 23 5.41509 -13.7756 5.61627 16.6583
0 0 24 26.7811 12.3525 38.2754 17.2655
0 0 25 5.51414 -7.69858 19.7443 19.3915
0 0 26 12.1972 -26.9407 21.3621 10.074
0 0 27 3.9468 -0.558612 23.7924 -1.57083
0 0 28 34.3265 5.72061 26.7314 -5.67147
0 0 29 17.6683 12.8606 48.3004 2.32852
0 0 30 17.2139 2.07541 -3.34733 12.2516
0 0 31 19.999 -16.1556 10.0194 -12.66
0 0 32 21.4672 -12.4068 50.8845 4.35472
0 0 33 29.8691 -8.71223 47.9491 1.66809
0 0 34 44.5579 -5.9771 47.1878 14.0249
0 0 35 57.5686 5.31614 68.4567 -3.44398
0 0 36 19.0376 21.0117 11.0332 4.80886
0 0 37 32.1998 6.7318 23.8436 9.11246
0 0 38 21.2633 10.1254 23.441 9.41855
0 0 39 25.3128 -5.01523 35.1863 10.4283
0 0 40 54.4281 -12.2563 42.5797 10.4799
0 0 41 36.558 -5.01523 27.0865 -6.68457
0 0 42 68.9129 -6.23112 49.6693 -4.9628
0 0 43 63.3427 10.7322 51.6934 0.809703
0 0 44 46.3292 -3.75002 39.3917 5.92178
0 0 45 35.4918 2.32697 37.3128 17.9742
0 0 46 53.0122 17.3147 31.9983 14.1247
0 0 47 33.4641 16.9621 28.9092 21.1632
0 0 48 26.379 5.92285 34.6812 18.5814
0 0 49 37.0125 3.08659 62.7323 14.835
0 0 50 19.4396 6.9365 60.3019 33.0126
0 0 51 13.0129 2.98548 44.4024 11.1387
0 0 52 20.704 12.3032 32.6059 10.3285
0 0 53 40.555 -5.16568 25.9189 17.6697
0 0 54 14.1724 18.1755 35.2375 23.7966
0 0 55 12.5526 5.46658 16.3001 31.6452
0 0 56 14.9823 -0.154137 32.6059 23.7467
0 0 57 27.5443 -12.7126 50.3281 18.6313
0 0 58 24.1008 -16.5082 46.529 7.94797
0 0 59 47.4945 4.35181 37.1627 13.0617
0 0 60 39.6461 0.0481007 24.3011 15.1378
0 0 61 44.9133 18.3284 34.3262 9.06255
0 0 62 35.7947 6.17688 36.4014 25.6697
0 0 63 11.4397 12.5548 21.6183 4.70739
0 0 64 27.084 -4.71188 17.0578 17.164
0 0 65 36.2026 9.2647 47.2903 33.2172
0 0 66 50.5825 7.03762 46.3277 9.9226
0 0 67 34.0759 -13.9778 34.1249 8.2524
0 0 68 53.9212 -2.38121 46.5802 11.3915
0 0 69 32.8057 -21.32 32.6571 21.7205
0 0 70 31.2908 7.03762 37.4153 8.40545
0 0 71 22.2247 8.65799 29.568 15.8981
0 0 72 37.8224 -0.0530181 10.0706 8.15093
0 0 73 39.7452 2.68212 13.1085 30.7335
0 0 74 39.6461 0.0998932 17.9691 16.2008
0 0 75 37.566 2.93615 41.2621 23.3923
0 0 76 34.0759 -6.58381 18.983 27.1386
0 0 77 24.0484 -4.50717 -10.8396 9.01098
0 0 78 13.8228 -8.40641 -4.76379 11.7458
0 0 79 -1.16892 5.76994 11.2345 12.9602
0 0 80 -2.94019 3.13839 16.0988 5.8203
0 0 81 30.0265 -9.52118 14.7299 16.6067
0 0 82 4.09829 -8.10306 29.0593 18.1272
0 0 83 22.1256 -3.95225 -7.09528 14.5805
0 0 84 14.0733 -16.1556 5.21 19.0887
0 0 85 19.7426 -9.06492 -0.108137 26.8858
0 0 86 -4.20456 9.97253 31.9983 -8.00043
0 0 87 -9.37271 12.4043 -7.95541 16.7581
0 0 88 15.8971 9.72097 12.0471 16.5069
0 0 89 14.6327 -7.19299 22.881 16.5069
0 0 90 22.9355 24.0502 -6.58653 22.9864
0 0 91 23.996 0.859517 4.04609 13.9733
0 0 92 -5.16594 -11.1415 13.4123 -3.03808
0 0 93 0.753843 -11.2945 13.6648 2.27695
0 0 94 4.19734 -4.71188 8.85547 25.0126
0 0 95 7.99625 12.8606 -4.00615 0.758133
0 0 96 5.77051 -6.78605 -10.8396 3.33995
0 0 97 20.6049 4.30249 -6.68901 1.11247
0 0 98 0.602353 1.06175 1.61577 27.6959
0 0 99 5.97444 -2.38121 10.3232 4.85877
0 0 100 -22.8903 22.8343 3.18596 12.4545
0 0 101 -10.2817 0.302131 0.601924 5.56744
0 0 102 5.97444 -13.7756 -30.8933 15.5936
0 0 103 2.53094 -13.3686 6.52764 23.6452
0 0 104 13.4674 -0.610404 -1.42212 -9.0651
0 0 105 12.5526 -6.88716 12.7535 -15.849
0 0 106 10.3269 -2.83748 9.66801 15.0363
0 0 107 2.4785 -1.116 -13.4749 3.79577
0 0 108 -17.3201 6.12509 1.9708 2.32852
0 0 109 -20.3616 3.49107 -2.84224 -6.68457
0 0 110 -19.1438 4.50472 23.6423 1.87271
0 0 111 -16.9181 -4.1027 7.08397 -4.45708
0 0 112 -0.359029 5.51838 3.9436 -4.9628
0 0 113 -36.4079 -3.44419 14.6275 11.493
0 0 114 -12.9153 -22.1808 8.55168 -6.93742
0 0 115 -16.8132 5.97218 -24.2612 -5.67147
0 0 116 -18.8875 -10.8875 -7.29659 -5.0127
0 0 117 7.48934 -10.636 -5.17007 -36.3073
0 0 118 110.637 13.8718 20.0481 9.77122
0 0 119 259.808 7.84657 28.4517 9.01098
0 0 120 341.689 38.5324 75.2425 -1.11502
0 0 121 244.112 66.382 50.2257 50.3817
0 0 122 174.135 91.8022 -58.4905 70.434
0 0 123 245.883 -0.4057 -144.928 54.3309
0 0 124 307.405 -69.8274 -164.619 49.8743
0 0 125 266.188 -69.4229 -89.5319 24.1509
0 0 126 192.616 -47.9537 -45.1238 18.3784
0 0 127 90.5352 -6.68493 -31.3984 10.6828
0 0 128 21.5197 4.10025 -15.7514 -31.5462
0 0 129 14.6327 -3.34308 -22.0834 -4.15265
0 0 130 12.6575 0.605487 15.7438 -2.17802
0 0 131 3.53894 -3.59711 3.7423 -19.3957
0 0 132 24.4563 -3.29375 -2.73975 -14.2803
0 0 133 17.9713 -2.23077 11.4395 -20.863
0 0 134 -8.8658 3.38995 -9.17056 5.31458
0 0 135 -11.6975 20.2521 -10.9933 10.6313
0 0 136 -5.82434 21.9243 6.42516 -36.3073
0 0 137 -23.0418 4.55652 8.19665 -14.786
0 0 138 -0.714448 1.51802 2.62962 -8.60929
0 0 139 10.0239 30.7339 -10.9421 -28.2058
0 0 140 0.707231 6.52956 20.9594 -12.4072
0 0 141 -17.3726 -7.59746 13.7673 -27.6486
0 0 142 -10.1302 4.65763 15.44 -12.3556
0 0 143 8.04869 -1.16532 -6.63777 -8.76067
0 0 144 -18.433 0.0998932 -17.8304 -13.2672
0 0 145 11.1892 -2.73636 -5.27255 -5.06427
0 0 146 -5.01445 5.21255 -14.1849 -21.4702
0 0 147 -8.41133 -12.4586 -0.309443 -14.8376
0 0 148 -24.5101 -5.16568 -2.33348 3.33995
0 0 149 -18.6369 -3.29375 -12.7648 -5.3687
0 0 150 -12.1578 1.00996 -4.76379 -15.4947
0 0 151 -0.562958 5.72061 5.36372 5.31458
0 0 152 -13.9815 10.2266 5.15876 4.55434
0 0 153 -9.47176 -8.9638 0.80323 -20.0012
0 0 154 -6.08071 16.9103 -16.0076 18.0241
0 0 155 -2.22935 -4.7612 12.7535 -6.73447
0 0 156 -26.1299 -5.16568 -11.5496 -9.77377
0 0 157 -34.6367 -0.255255 -6.74025 -13.9759
0 0 158 -5.42231 5.6195 5.15876 -7.14038
0 0 159 5.36265 8.75911 9.15926 -16.8621
0 0 160 -11.1964 6.12509 -15.5501 -16.5078
0 0 161 -23.7002 -5.11635 -19.9569 7.2393
0 0 162 -14.2321 -10.2808 -28.5655 -1.82369
0 0 163 -13.4746 -9.06492 -35.7027 -1.16492
0 0 164 -5.36987 5.6195 3.48975 -2.98817
0 0 165 -11.0915 -26.0282 1.2095 -8.71076
0 0 166 -21.119 -17.5712 -2.33348 7.08626
0 0 167 -31.1932 0.504368 23.3385 2.63128
0 0 168 12.5526 -12.9148 -13.1711 6.53063
0 0 169 6.27742 -8.05373 -3.29609 -3.44398
0 0 170 2.53094 3.28883 -11.7546 2.42833
0 0 171 4.80913 7.99948 -18.438 3.0871
0 0 172 -30.1327 15.2406 -9.22181 7.08626
0 0 173 -9.47176 6.278 1.56453 6.37759
0 0 174 -13.3697 -4.71188 -14.2837 -3.74841
0 0 175 13.0129 18.3802 -11.6009 -2.93826
0 0 176 22.784 -17.0656 -15.8027 4.80886
0 0 177 -13.4222 -20.9155 -9.67566 -22.3319
0 0 178 -23.4963 -5.52083 -0.664473 -12.4072
0 0 179 -28.21 9.11179 -7.70286 -13.723
0 0 180 5.97444 -3.64643 17.3616 -16.8139
0 0 181 -4.35605 8.45329 24.3524 -27.0913
0 0 182 -28.711 11.3907 -0.309443 -12.3556
0 0 183 -16.6617 19.897 8.95795 -25.4194
0 0 184 -18.1825 10.9862 -0.00565378 4.91034
0 0 185 -4.71147 -8.35708 -7.80168 4.96025
0 0 186 -12.0529 11.5436 -3.70236 -9.7222
0 0 187 7.28541 4.70696 -15.1951 -4.75984
0 0 188 -7.85198 8.86023 4.70491 -0.304872
0 0 189 -0.10266 8.45329 0.148071 -12.4571
0 0 190 -1.16892 13.3662 -19.4994 -13.0643
0 0 191 -17.4716 3.18771 -16.0076 10.7327
0 0 192 -2.22935 -21.0167 -10.6895 11.5928
0 0 193 19.393 -3.90046 -5.42261 0.150939
0 0 194 -9.26783 -12.2045 -10.6895 -6.68457
0 0 195 -2.7887 -18.1286 -4.36118 8.80803
0 0 196 -16.8657 -24.763 -13.7274 16.7581
0 0 197 13.6655 18.6317 -6.03019 0.0494632
0 0 198 -9.47176 1.61914 -10.9933 -1.51926
0 0 199 -35.0445 5.6195 -3.29609 9.77122
0 0 200 -4.25699 23.4928 3.33602 4.1501
0 0 201 -5.92922 0.0481007 -28.5142 10.7827
0 0 202 -20.6646 -16.0026 -4.51125 8.80803
0 0 203 0.450863 17.5194 5.41131 -5.11418
0 0 204 -0.96499 -3.64643 4.90621 4.04862
0 0 205 -21.626 -7.34343 -24.2099 11.8972
0 0 206 19.999 7.99948 -16.2602 -5.46851
0 0 207 -3.90157 -17.4701 -2.58603 -4.40551
0 0 208 -4.61241 -10.1797 0.0455877 1.16237
0 0 209 19.9465 5.31614 -1.32329 -6.33023
0 0 210 2.62999 -14.3823 11.2345 12.8588
0 0 211 23.7454 -11.546 -19.8544 31.6452
0 0 212 16.3515 4.96099 -25.5276 22.4291
0 0 213 2.57756 -2.53413 -8.86677 5.41606
0 0 214 -5.72529 7.89837 -9.27305 -19.1412
0 0 215 -15.7003 4.65763 -5.02 5.72049
0 0 216 3.74287 -0.102344 1.9708 -0.659207
0 0 217 4.65764 -12.7126 -24.92 2.68285
0 0 218 12.7041 -12.9642 -25.0188 1.51671
0 0 219 -0.865939 5.6195 -19.7044 -10.0765
0 0 220 6.67945 13.8224 -10.3345 4.1501
0 0 221 -11.5985 -5.62195 -6.13267 2.47824
0 0 222 -13.0667 -14.0789 -16.564 6.88497
0 0 223 -1.67583 -9.42006 3.2372 7.69512
0 0 224 -9.01729 2.42809 -4.40876 18.3784
0 0 225 -15.0419 5.06211 -16.4103 2.68285
0 0 226 -21.0142 2.27765 -23.9574 13.0118
0 0 227 13.6189 -35.7504 1.91956 14.2262
0 0 228 0.654792 8.70732 -15.4001 6.93488
0 0 229 -5.92922 -10.7371 -23.7049 -6.17885
0 0 230 -31.0417 -18.7378 -19.2468 16.4038
0 0 231 -18.433 -11.1415 -5.11882 1.97252
0 0 232 -3.03924 0.504368 5.71509 -7.34333
0 0 233 -14.7914 -7.44455 -7.14652 1.01099
0 0 234 11.1892 -3.54531 9.71559 9.36698
0 0 235 7.33785 0.706605 2.57838 8.20083
0 0 236 8.50316 2.22585 0.195652 11.3915
0 0 237 -7.19358 -13.0653 -2.13218 -9.57082
0 0 238 15.6931 8.75911 10.8832 4.50444
0 0 239 2.32701 6.48024 -15.7039 13.7205
0 0 240 -6.83816 -3.19263 -18.0317 8.40545
0 0 241 -12.9677 3.44174 -20.462 12.1501
0 0 242 7.33785 11.1391 -23.4011 19.2401
0 0 243 3.18934 -8.71223 15.6925 15.745
0 0 244 -4.20456 -10.3819 4.65366 -4.30403
0 0 245 15.1862 0.859517 16.7064 -2.43088
0 0 246 26.379 11.7951 1.26074 13.7704
0 0 247 17.3654 -3.39487 0.0968292 26.43
0 0 248 22.7316 -3.95225 13.8186 -20.4071
0 0 249 36.6046 9.11179 28.858 -1.01354
0 0 250 -7.549 -8.30529 8.60292 5.8203
0 0 251 -0.45808 3.84622 -8.00665 18.6313
0 0 252 -9.26783 13.9729 -22.5373 -15.7492
0 0 253 -13.5212 -7.85149 9.76683 13.7205
0 0 254 6.73189 -6.28045 -1.42212 4.80886
0 0 255 1.56373 -20.257 -5.02 3.99872
0 0 256 -18.031 3.7451 -3.34733 15.6951
0 0 257 -20.0062 9.92321 2.72845 -1.67231
0 0 258 -17.4716 -21.3693 -25.8314 15.6452
0 0 259 -0.0560477 -1.41935 -25.1726 -1.31631
0 0 260 -40.1544 -6.02642 -22.5885 5.8203
0 0 261 -6.73911 -0.304582 -6.13267 5.66892
0 0 262 25.5167 -4.15449 2.67721 2.78267
0 0 263 8.20018 -5.67374 -0.459507 -4.05117
0 0 264 8.29923 -2.68457 -20.7658 21.2147
0 0 265 -25.3724 9.66918 -13.5773 -1.01354
0 0 266 -3.4471 -8.66044 -1.62708 -1.57083
0 0 267 4.70425 -5.16568 -9.7269 10.3285
0 0 268 -13.3697 13.9729 -18.6905 7.44059
0 0 269 -1.72244 6.02397 -16.0552 11.9488
0 0 270 -4.61241 10.3795 -15.7039 10.8841
0 0 271 -1.22136 -4.20382 -15.5501 -10.9382
0 0 272 10.2744 -6.28045 -12.5122 11.6943
0 0 273 30.376 -12.0023 5.15876 11.3915
0 0 274 -3.19073 20.2521 -20.7658 -0.000443122
0 0 275 -10.2292 11.5436 -32.4122 24.4054
0 0 276 -8.56282 18.4295 -40.362 -1.62074
0 0 277 -14.436 3.59219 -4.15622 10.2287
0 0 278 9.76752 10.1772 -7.90417 -4.40551
0 0 279 -0.155099 -7.14119 -21.7796 13.0118
0 0 280 -2.03125 -18.0793 -22.3872 4.1501
0 0 281 -4.81634 -4.96344 -11.9559 -3.89979
0 0 282 -18.6369 -7.39522 -20.9195 -10.6854
0 0 283 -15.4964 -4.35673 -0.258201 13.7205
0 0 284 -20.1052 4.70696 -24.7663 -5.82451
0 0 285 -2.38084 13.9236 -6.94156 4.35472
0 0 286 -27.2428 5.31614 -12.106 -2.58226
0 0 287 -30.3367 -2.38121 -30.8421 -3.2926
0 0 288 -18.031 12.1503 -4.36118 8.8596
0 0 289 -0.761061 -8.76156 -13.1711 -5.0127
0 0 290 27.7424 -20.4075 -6.43646 -4.40551
0 0 291 7.64083 -17.4701 -10.9933 -7.95052
0 0 292 -24.7665 4.04846 -14.6388 -6.0258
0 0 293 12.7565 -9.16603 3.9436 -3.59536
0 0 294 -20.3616 0.556161 -10.3345 -9.62072
0 0 295 -8.10252 -10.6853 -12.2085 7.44059
0 0 296 -8.66187 -9.26715 -15.8539 23.7467
0 0 297 -25.6754 -3.85114 1.15826 -4.25413
0 0 298 4.96062 13.011 -23.6536 -11.1412
0 0 299 8.04869 -9.01559 21.2632 -3.24103
0 0 300 -13.9815 -0.711523 -15.0963 17.011
0 0 301 -16.4578 -6.48269 2.17211 -0.912066
0 0 302 -17.0171 -2.78569 -9.01684 5.77039
0 0 303 -11.6509 20.4544 -11.9559 -9.67396
0 0 304 -7.90442 6.52956 -17.3216 0.252416
0 0 305 2.4785 11.948 6.32267 3.49134
0 0 306 -7.04209 8.40396 -16.8678 19.5944
0 0 307 8.40411 7.49143 -7.7541 10.5298
0 0 308 -9.22122 21.6702 1.81708 -10.4309
0 0 309 19.2357 7.74545 14.8837 5.36449
0 0 310 -4.30943 -7.64679 0.195652 -6.22875
0 0 311 -13.9291 0.859517 -2.28224 -2.88669
0 0 312 -14.436 2.27765 -5.32379 3.49134
0 0 313 -21.2705 -11.8001 -39.0956 16.7581
0 0 314 -28.6644 9.31403 -30.6408 2.42833
0 0 315 -22.3834 -3.39487 14.1224 -6.07737
0 0 316 -6.94304 -9.01559 14.0199 -26.2296
0 0 317 -5.11932 -5.52083 -8.40926 -4.05117
0 0 318 3.53894 -19.0411 3.48975 -0.607637
0 0 319 3.03203 0.201012 -2.53845 -2.93826
0 0 320 10.7813 4.25069 13.7673 2.57971
0 0 321 -4.61241 23.9984 14.3237 8.75812
0 0 322 -13.2182 -0.457493 -6.4877 2.38009
0 0 323 -15.0419 12.4536 13.1085 3.64438
0 0 324 -5.47474 9.41761 0.195652 2.47824
0 0 325 -15.1934 9.87141 -20.2607 0.959422
0 0 326 -3.09168 12.6583 -0.0568953 -29.2689
0 0 327 -11.1964 0.657279 -2.28224 2.22704
0 0 328 -15.141 -14.2812 3.2372 6.42916
0 0 329 4.70425 -2.88681 0.349377 7.34078
0 0 330 8.04869 15.8473 2.62962 -28.2058
0 0 331 -15.4498 11.694 -11.1946 -5.56999
0 0 332 -5.47474 -14.6856 7.28528 -2.07655
0 0 333 0.957773 -2.02607 -5.02 -3.59536
0 0 334 -15.2925 -4.30494 -2.18342 -22.2304
0 0 335 -2.73626 -1.82383 -2.13218 -26.9898
0 0 336 22.7316 -0.00122554 16.6552 -3.08965
0 0 337 5.36265 5.46658 12.3509 -16.1551
0 0 338 15.0347 2.83503 9.86932 -13.0643
0 0 339 26.682 15.645 31.2883 17.5183
0 0 340 37.0125 12.7077 34.1761 -8.66086
0 0 341 21.9742 -23.9022 33.111 -0.607637
0 0 342 10.7289 0.455042 40.7057 11.4414
0 0 343 16.101 3.84622 6.52764 -4.10274
0 0 344 2.93298 -11.5978 19.4405 -13.6731
0 0 345 1.72105 -11.0922 6.17261 -38.5847
0 0 346 3.99923 -18.0793 -4.05739 -21.2672
0 0 347 -20.2043 -22.9897 -9.01684 -12.8114
0 0 348 7.33785 -5.67374 -2.48721 -6.22875
0 0 349 -3.34805 7.03762 25.465 -4.81141
0 0 350 6.88338 20.8095 6.27509 5.26634
0 0 351 -18.6894 -25.6237 -8.36168 1.87271
0 0 352 -7.19358 -25.9789 27.3903 -6.22875
0 0 353 -23.9566 7.49143 -10.437 -2.22793
0 0 354 -12.0529 -15.4453 -12.461 -3.74841
0 0 355 -2.22935 -7.14119 4.60242 -13.8245
0 0 356 -5.52136 -13.1664 -10.437 -7.0389
0 0 357 -26.1823 -8.50753 9.26174 -18.5856
0 0 358 3.49232 1.61914 -29.3231 3.79577
0 0 359 4.65764 5.21255 5.76634 2.88414
0 0 360 11.2358 9.06246 -15.6014 -7.59619
0 0 361 9.76752 8.50508 -21.6772 0.911179
0 0 362 0.147882 20.8613 -14.335 -4.45708
0 0 363 -22.2844 21.5691 -22.7898 -17.1666
0 0 364 -1.67583 -15.9015 27.1853 7.69512
0 0 365 8.80614 0.351457 0.704407 -12.0013
0 0 366 -2.99263 1.46623 15.0337 -13.4702
0 0 367 14.6793 2.12473 -15.3488 -10.8867
0 0 368 5.71807 -9.26715 -5.02 8.80803
0 0 369 37.8748 -9.31895 6.72894 -0.0503495
0 0 370 -1.72244 -1.41935 -7.90417 -7.39324
0 0 371 4.90818 9.61985 -14.2325 8.2524
0 0 372 10.6299 5.11144 13.4123 -9.67396
0 0 373 34.0235 15.4921 28.0967 2.02575
0 0 374 -3.54615 0.250338 6.32267 -3.3425
0 0 375 3.84774 1.66847 -1.0195 -16.5078
0 0 376 -3.39466 3.84622 -13.3211 -0.456254
0 0 377 -4.61241 -0.203463 -3.39857 -6.78604
0 0 378 1.97159 -14.2294 6.78019 3.23848
0 0 379 9.61603 -1.47115 14.1224 -0.101919
0 0 380 -6.83816 4.4554 -35.3477 18.4799
0 0 381 -20.8627 -16.0026 -8.10547 -11.8998
0 0 382 -10.3341 -4.55897 -11.3996 4.25158
0 0 383 -27.9536 8.80843 -26.7903 -4.30403
0 0 384 -23.7002 11.7951 -9.47435 1.06256
0 0 385 -13.5737 6.9365 -4.00615 -12.66
0 0 386 -13.5737 6.63068 5.66751 -23.2934
0 0 387 -9.26783 -25.4708 -7.09528 -5.16575
0 0 388 -0.405641 15.1395 -20.4108 -3.39241
0 0 389 -20.8627 25.0639 -3.7536 27.0371
0 0 390 4.55276 1.76959 26.0726 -12.9628
0 0 391 -14.8905 12.7595 -33.9312 1.97252
0 0 392 -4.7639 -3.59711 -4.05739 -14.3818
0 0 393 -7.09453 3.03727 3.63981 -14.7361
0 0 394 9.01007 -16.8634 -15.0963 -9.36786
0 0 395 14.0733 -22.0278 -17.3729 5.31458
0 0 396 0.503302 -16.9645 -8.91802 5.87187
0 0 397 -1.11648 18.5306 -8.61423 3.13867
0 0 398 1.51712 -0.861968 -29.9307 4.96025
0 0 399 1.06265 10.2784 -16.8678 -27.9014
0 0 400 -35.0911 9.41761 -21.4246 -11.1412
0 0 401 -19.1963 9.11179 -21.8309 -0.961972
0 0 402 -23.7526 3.18771 -35.9589 -9.41943
0 0 403 7.48934 5.82173 -20.5645 -6.58309
0 0 404 12.8556 8.1006 9.71559 -31.2934
0 0 405 15.7922 13.5191 -3.90367 -21.5217
0 0 406 -13.7251 -6.17933 -10.0307 -16.6592
0 0 407 -5.06688 6.32733 9.66801 4.30315
0 0 408 -1.57095 6.58136 -15.9564 -11.4955
0 0 409 -8.76092 -4.86232 -18.3867 2.93405
0 0 410 -8.10252 8.04881 -13.8299 8.35388
0 0 411 -15.2459 -1.97674 -11.3996 -13.926
0 0 412 6.07349 5.82173 -5.47385 -18.8368
0 0 413 2.07064 -5.01523 6.27509 6.53063
0 0 414 -4.40848 5.41726 -21.9809 13.9234
0 0 415 -5.92922 -3.29375 -22.2335 -2.58226
0 0 416 13.514 2.78324 -22.5885 -0.0503495
0 0 417 -3.49954 -3.24196 -32.361 21.4177
0 0 418 -5.87678 7.84657 -4.46 -6.22875
0 0 419 10.5308 6.17688 0.246894 6.27611
0 0 420 -16.9181 22.0747 -8.56299 -2.32941
0 0 421 2.17552 -2.33189 1.10702 -7.79914
0 0 422 -12.1578 -0.91376 12.9584 7.54207
0 0 423 2.98541 -5.01523 -4.00615 -1.72221
0 0 424 1.56373 6.88471 -4.81504 6.27611
0 0 425 8.70709 8.14993 -13.1198 3.33995
0 0 426 13.8228 -9.57298 -4.36118 -0.253302
0 0 427 5.46753 9.72097 3.7423 8.04945
0 0 428 10.7289 23.5446 -10.1332 2.1239
0 0 429 7.48934 5.66882 -3.54864 -16.3564
0 0 430 2.88054 3.49107 1.71826 -2.17802
0 0 431 -1.92637 28.3046 -3.19361 -3.59536
0 0 432 3.64381 4.65763 -3.09478 3.79577
0 0 433 6.47552 -8.05373 19.7919 7.39069
0 0 434 15.9961 -0.91376 5.26124 6.42916
0 0 435 22.2771 -1.92495 9.36422 -8.25495
0 0 436 37.8224 16.454 30.3769 -2.53236
0 0 437 37.467 -19.9512 31.7421 -2.88669
0 0 438 24.7593 1.72026 34.5275 1.56828
0 0 439 31.4423 -3.90046 52.4547 -12.3556
0 0 440 8.04869 -13.2675 28.0491 -10.178
0 0 441 12.4011 -3.90046 27.694 -5.92433
0 0 442 -20.1052 18.025 18.9317 -8.96362
0 0 443 -7.29263 1.97182 3.9436 -1.62074
0 0 444 -20.8161 -5.87598 -18.4892 6.27611
0 0 445 -11.6509 6.0733 -13.6762 -8.00043
0 0 446 -10.6371 2.32697 8.40161 0.505274
0 0 447 -32.6614 -20.5604 -2.53845 -24.0021
0 0 448 -12.9677 -5.01523 -12.0584 12.1002
0 0 449 -5.21838 -13.1664 0.905713 -12.3556
0 0 450 -15.0419 -13.2675 -14.7925 -10.2795
0 0 451 -0.207538 -15.2948 -20.0557 -0.862159
0 0 452 -38.7385 6.58136 -21.1208 -13.3687
0 0 453 -5.11932 16.6562 9.71559 -8.30486
0 0 454 14.6793 -10.1797 -0.715715 -6.68457
0 0 455 -7.64805 -11.1415 -7.54914 1.36699
0 0 456 -2.63721 13.1121 -11.7034 -12.8114
0 0 457 -32.1545 7.84657 -20.7658 -0.000443122
0 0 458 -25.5764 8.96135 0.298135 -14.1788
0 0 459 -20.0062 -8.00194 -6.58653 -24.8122
0 0 460 -17.6231 0.807724 -15.045 -13.8744
0 0 461 -4.1055 -13.3193 -9.27305 -2.78522
0 0 462 -25.7278 11.6447 -21.2233 -6.58309
0 0 463 -24.1547 -1.82383 -8.81553 12.9103
0 0 464 -16.8657 -1.67338 3.28478 -3.2926
0 0 465 0.905334 -6.33224 -10.3345 -12.3556
0 0 466 -1.37285 5.82173 7.84528 6.02492
0 0 467 -25.6754 -11.3438 18.7304 -19.5454
0 0 468 -4.65903 -8.81335 -22.0322 -8.60929
0 0 469 -16.3587 -6.6356 -0.664473 -19.8499
0 0 470 -6.68667 -13.9778 -6.28274 10.4283
0 0 471 -14.8905 -7.7997 -17.3729 4.96025
0 0 472 -7.44412 -9.06492 -5.42261 -3.9497
0 0 473 2.4785 3.64398 -6.23516 -0.912066
0 0 474 5.36265 -6.88716 5.46255 2.02575
0 0 475 -14.1796 -11.2945 13.8186 -18.1797
0 0 476 -37.7247 -1.47115 -5.06758 7.54207
0 0 477 -34.1297 -0.861968 -42.8436 22.1264
0 0 478 -5.52136 -5.77486 -6.28274 -4.7116
0 0 479 -4.35605 -6.78605 -1.67466 2.73276
0 0 480 -31.9564 4.4554 -22.3872 -8.45624
0 0 481 5.00723 -17.1174 -17.1716 -21.5217
0 0 482 -10.9401 13.6695 -5.97895 -1.36788
0 0 483 -17.728 -2.38121 -0.715715 -9.36786
0 0 484 -3.09168 -5.2668 2.67721 -30.3818
0 0 485 -6.12732 -7.2941 -1.87963 -2.12645
0 0 486 -23.4497 5.6195 -18.793 1.71966
0 0 487 -15.9509 1.11108 -10.5358 -11.5454
0 0 488 -13.6261 -2.02607 -5.47385 -9.0651
0 0 489 -4.35605 9.31403 -9.92821 -12.9628
0 0 490 -2.18274 -10.483 -1.42212 -12.7099
0 0 491 -3.34805 8.80843 -22.0834 -4.65837
0 0 492 -19.3944 -11.0922 -1.87963 10.9357
0 0 493 -17.3726 -1.97674 4.14857 -7.19028
0 0 494 -16.6617 9.66918 14.5799 -2.88669
0 0 495 -17.0696 13.7707 -0.411926 -1.92516
0 0 496 -25.0694 8.04881 -30.7432 -26.0782
0 0 497 -1.22136 5.11144 -11.5496 4.60591
0 0 498 -15.8518 -4.71188 -21.2233 3.49134
0 0 499 -21.0142 -15.5464 -0.0568953 -12.9628
0 0 500 -33.4713 -1.47115 -4.30994 -2.12645
0 0 501 -22.5349 -2.2801 0.956955 -5.92433
0 0 502 6.73189 -19.8008 -6.03019 -4.86132
0 0 503 -5.11932 -5.9771 11.5896 -10.3311
0 0 504 5.31604 4.50472 2.4759 -5.46851
0 0 505 -10.4856 -9.82454 7.9441 -6.88752
0 0 506 -20.0062 -7.90082 8.7054 -21.7746
0 0 507 -8.41133 5.16323 -1.57584 -19.2926
0 0 508 0.957773 -13.6227 -24.4625 -11.2926
0 0 509 -0.562958 5.01032 7.53783 -11.0896
0 0 510 -18.2815 2.78324 14.0711 2.17547
0 0 511 -15.0419 11.6447 14.7812 -6.93742
